2013-12-01T11:00:00Z 286.900000 1025.000000 53.000000 3.600000 297.000000 -1.000000 0.000000
2013-12-01T12:00:00Z 287.590000 1026.000000 37.000000 4.810000 314.500000 -1.000000 0.000000
2013-12-01T13:00:00Z 287.590000 1026.000000 37.000000 4.810000 314.500000 -1.000000 0.000000
2013-12-01T14:00:00Z 287.590000 1026.000000 38.000000 4.810000 314.500000 -1.000000 0.000000
2013-12-01T15:00:00Z 287.380000 1026.000000 38.000000 4.810000 314.500000 -1.000000 0.000000
2013-12-01T16:00:00Z 286.350000 1024.000000 50.000000 4.110000 314.000000 -1.000000 0.000000
2013-12-01T17:00:00Z 284.870000 1027.000000 39.000000 3.280000 318.000000 -1.000000 0.000000
2013-12-01T18:00:00Z 284.870000 1027.000000 39.000000 3.280000 318.000000 -1.000000 0.000000
2013-12-01T19:00:00Z 284.340000 1027.000000 39.000000 2.680000 318.001000 -1.000000 0.000000
2013-12-01T20:00:00Z 284.020000 1027.000000 40.000000 2.680000 318.001000 -1.000000 0.000000
2013-12-01T21:00:00Z 283.340000 1027.000000 40.000000 2.410000 332.000000 -1.000000 0.000000
2013-12-01T22:00:00Z 282.850000 1027.000000 78.000000 2.060000 0.000000 -1.000000 0.000000
2013-12-01T23:00:00Z 282.240000 1027.000000 40.000000 1.300000 356.500000 -1.000000 0.000000
2013-12-02T00:00:00Z 282.240000 1027.000000 40.000000 1.300000 356.500000 -1.000000 0.000000
2013-12-02T01:00:00Z 281.250000 1027.000000 80.000000 1.030000 0.000000 -1.000000 0.000000
2013-12-02T02:00:00Z 281.000000 1026.000000 41.000000 1.300000 253.500000 -1.000000 0.000000
2013-12-02T03:00:00Z 280.190000 1026.000000 41.000000 1.300000 253.500000 -1.000000 0.000000
2013-12-02T04:00:00Z 279.910000 1026.000000 41.000000 1.600000 245.001000 -1.000000 0.000000
2013-12-02T05:00:00Z 279.910000 1026.000000 41.000000 1.600000 245.001000 -1.000000 0.000000
2013-12-02T06:00:00Z 279.640000 1026.000000 80.000000 1.540000 292.000000 -1.000000 0.000000
2013-12-02T07:00:00Z 279.290000 1026.000000 81.000000 1.030000 248.000000 -1.000000 0.000000
2013-12-02T08:00:00Z 281.600000 1027.000000 81.000000 0.510000 225.000000 -1.000000 0.000000
2013-12-02T09:00:00Z 281.600000 1027.000000 81.000000 0.510000 225.000000 -1.000000 0.000000
2013-12-02T10:00:00Z 284.200000 1027.000000 47.000000 1.030000 202.000000 -1.000000 0.000000
2013-12-02T11:00:00Z 286.860000 1026.000000 37.000000 2.100000 233.000000 -1.000000 0.000000
2013-12-02T12:00:00Z 288.710000 1025.000000 36.000000 2.100000 233.000000 -1.000000 0.000000
2013-12-02T13:00:00Z 288.890000 1024.000000 36.000000 1.540000 315.000000 -1.000000 0.000000
2013-12-02T14:00:00Z 288.890000 1024.000000 36.000000 1.540000 315.000000 -1.000000 0.000000
2013-12-02T15:00:00Z 289.420000 1024.000000 36.000000 2.400000 262.000000 -1.000000 0.000000
2013-12-02T16:00:00Z 288.140000 1022.000000 51.000000 0.510000 225.000000 -1.000000 0.000000
2013-12-02T17:00:00Z 285.830000 1024.000000 51.000000 3.080000 202.000000 -1.000000 0.000000
2013-12-02T18:00:00Z 285.830000 1024.000000 51.000000 3.080000 202.000000 -1.000000 0.000000
2013-12-02T19:00:00Z 284.890000 1024.000000 39.000000 1.810000 172.000000 -1.000000 0.000000
2013-12-02T20:00:00Z 283.570000 1023.000000 40.000000 1.810000 172.000000 -1.000000 0.000000
2013-12-02T21:00:00Z 282.950000 1024.000000 39.000000 1.760000 100.500000 -1.000000 0.000000
2013-12-02T22:00:00Z 283.170000 1022.000000 65.000000 4.100000 142.000000 -1.000000 0.000000
2013-12-02T23:00:00Z 282.560000 1022.000000 82.000000 2.060000 135.000000 -1.000000 0.000000
2013-12-03T00:00:00Z 282.560000 1022.000000 82.000000 2.060000 135.000000 -1.000000 0.000000
2013-12-03T01:00:00Z 282.810000 1023.000000 39.000000 3.710000 139.502000 -1.000000 0.000000
2013-12-03T02:00:00Z 282.410000 1023.000000 40.000000 3.710000 139.502000 -1.000000 0.000000
2013-12-03T03:00:00Z 282.520000 1020.000000 71.000000 0.510000 55.000000 -1.000000 0.000000
2013-12-03T04:00:00Z 282.130000 1022.000000 40.000000 3.710000 143.500000 -1.000000 0.000000
2013-12-03T05:00:00Z 282.130000 1022.000000 40.000000 3.710000 143.500000 -1.000000 0.000000
2013-12-06T09:00:00Z 283.490000 1024.000000 40.000000 4.000000 278.000000 -1.000000 0.000000
2013-12-06T10:00:00Z 284.560000 1021.000000 80.000000 4.110000 303.000000 -1.000000 0.000000
2013-12-06T11:00:00Z 285.690000 1023.000000 39.000000 3.810000 291.000000 -1.000000 0.000000
2013-12-06T12:00:00Z 286.790000 1022.000000 59.000000 1.540000 45.000000 -1.000000 0.000000
2013-12-06T13:00:00Z 285.720000 1021.000000 51.000000 1.540000 135.000000 -1.000000 0.000000
2013-12-06T14:00:00Z 285.390000 1021.000000 51.000000 4.110000 315.000000 -1.000000 0.000000
2013-12-06T15:00:00Z 285.300000 1021.000000 61.000000 1.540000 45.000000 -1.000000 0.000000
2013-12-06T16:00:00Z 285.300000 1021.000000 61.000000 1.540000 45.000000 -1.000000 0.000000
2013-12-06T17:00:00Z 285.130000 1022.000000 61.000000 2.060000 22.000000 -1.000000 0.000000
2013-12-06T18:00:00Z 285.010000 1021.000000 81.000000 0.510000 186.000000 -1.000000 0.000000
2013-12-06T19:00:00Z 284.470000 1024.000000 85.000000 2.200000 301.000000 -1.000000 0.000000
2013-12-06T20:00:00Z 284.410000 1024.000000 92.000000 1.540000 315.000000 -1.000000 8.000000
2013-12-06T21:00:00Z 284.410000 1024.000000 92.000000 1.540000 315.000000 -1.000000 8.000000
2013-12-06T22:00:00Z 282.640000 1024.000000 90.000000 1.540000 270.000000 -1.000000 0.000000
2013-12-06T23:00:00Z 282.340000 1022.000000 88.000000 2.310000 43.000100 -1.000000 0.000000
2013-12-07T00:00:00Z 281.740000 1024.000000 90.000000 0.510000 315.000000 -1.000000 0.000000
2013-12-07T01:00:00Z 281.750000 1024.000000 87.000000 2.060000 292.000000 -1.000000 0.000000
2013-12-07T02:00:00Z 281.440000 1024.000000 87.000000 1.030000 292.000000 -1.000000 0.000000
2013-12-09T08:00:00Z 283.150000 1019.000000 98.000000 4.630000 22.000000 -1.000000 8.000000
2013-12-09T09:00:00Z 283.540000 1020.000000 98.000000 3.080000 0.000000 -1.000000 8.000000
2013-12-29T13:00:00Z 278.310000 1027.000000 27.000000 5.000000 280.000000 -1.000000 0.000000
2013-12-29T14:00:00Z 278.930000 1024.000000 28.000000 2.570000 354.000000 -1.000000 0.000000
2013-12-29T15:00:00Z 279.010000 1028.000000 26.000000 1.540000 285.000000 -1.000000 0.000000
2013-12-29T16:00:00Z 278.940000 1028.000000 30.000000 1.540000 281.000000 -1.000000 0.000000
2013-12-29T17:00:00Z 278.940000 1028.000000 30.000000 1.540000 281.000000 -1.000000 0.000000
2013-12-29T18:00:00Z 277.750000 1028.000000 32.000000 3.500000 292.000000 -1.000000 0.000000
2013-12-29T19:00:00Z 276.990000 1026.000000 27.000000 2.000000 290.000000 -1.000000 0.000000
2013-12-29T20:00:00Z 275.180000 1024.000000 42.000000 0.510000 275.000000 -1.000000 20.000000
2013-12-29T21:00:00Z 275.240000 1024.000000 43.000000 3.410000 277.000000 -1.000000 20.000000
2014-01-30T02:00:00Z 283.490000 1018.000000 92.000000 0.510000 270.000000 0.000000 92.000000
2014-01-30T03:00:00Z 282.350000 1016.000000 89.000000 1.510000 252.000000 0.000000 92.000000
2014-01-30T04:00:00Z 281.300000 1018.000000 93.000000 3.000000 340.000000 0.250000 92.000000
2014-01-30T05:00:00Z 280.910000 1019.000000 95.000000 1.400000 280.500000 0.250000 92.000000
2014-01-30T06:00:00Z 280.910000 1019.000000 95.000000 1.400000 280.500000 0.250000 92.000000
2014-01-30T07:00:00Z 280.770000 1019.000000 95.000000 0.510000 135.000000 0.000000 0.000000
2014-01-30T08:00:00Z 281.350000 1020.000000 95.000000 2.060000 225.000000 0.000000 0.000000
2014-01-30T09:00:00Z 281.440000 1021.000000 95.000000 1.030000 0.000000 0.000000 0.000000
