2014-07-07T20:00:00Z 302.150000 1000.000000 70.000000 4.000000 120.000000 8.000000 44.000000
2014-07-17T20:00:00Z 299.150000 1006.000000 83.000000 2.000000 60.000000 0.000000 8.000000
2014-07-28T03:00:00Z 299.150000 1005.000000 74.000000 3.000000 130.000000 -1.000000 0.000000
2014-07-30T20:00:00Z 299.150000 1005.000000 78.000000 1.000000 130.000000 -1.000000 0.000000
2014-08-01T08:00:00Z 298.398000 1015.470000 89.000000 2.000000 67.001300 -1.000000 68.000000
2014-08-21T08:00:00Z 298.880000 1007.000000 83.000000 1.000000 0.000000 -1.000000 32.000000
2014-08-30T08:00:00Z 299.630000 1016.000000 88.000000 2.000000 30.000000 -1.000000 92.000000
2014-09-05T20:00:00Z 302.860000 1009.000000 69.000000 3.000000 120.000000 -1.000000 0.000000
2014-09-07T08:00:00Z 298.690000 1009.000000 94.000000 1.000000 0.000000 -1.000000 0.000000
2014-09-20T19:00:00Z 297.650000 1011.000000 83.000000 2.000000 0.000000 -1.000000 44.000000
