2014-07-18T19:00:00Z 305.150000 1006.000000 59.000000 2.000000 170.000000 0.000000 0.000000
2014-07-29T08:00:00Z 300.150000 1005.000000 69.000000 3.000000 140.000000 -1.000000 12.000000
2014-08-09T08:00:00Z 299.730000 1008.000000 88.000000 2.000000 100.000000 -1.000000 0.000000
2014-08-21T20:00:00Z 301.350000 1006.000000 62.000000 1.000000 0.000000 -1.000000 24.000000
2014-08-23T20:00:00Z 301.010000 1004.000000 65.000000 2.000000 160.000000 5.000000 56.000000
2014-08-30T20:00:00Z 300.190000 1013.000000 94.000000 1.000000 0.000000 -1.000000 92.000000
2014-09-01T10:00:00Z 299.520000 1014.000000 83.000000 1.000000 0.000000 -1.000000 44.000000
2014-09-07T20:00:00Z 302.640000 1007.000000 73.000000 1.000000 0.000000 -1.000000 0.000000
2014-09-21T05:00:00Z 297.490000 1019.000000 77.000000 2.000000 150.000000 -1.000000 92.000000
2014-09-25T20:00:00Z 292.150000 1014.000000 88.000000 1.000000 70.000000 -1.000000 80.000000
