2014-07-09T20:00:00Z 303.150000 1002.000000 37.000000 4.000000 230.000000 -1.000000 0.000000
2014-07-10T08:00:00Z 300.150000 1002.000000 54.000000 3.000000 360.000000 -1.000000 0.000000
2014-07-11T08:00:00Z 302.150000 1001.000000 39.000000 4.000000 20.000000 -1.000000 0.000000
2014-07-13T08:00:00Z 301.150000 1004.000000 42.000000 3.000000 30.000000 -1.000000 0.000000
2014-07-19T08:00:00Z 303.150000 1009.000000 70.000000 2.000000 140.000000 0.000000 0.000000
2014-07-21T08:00:00Z 300.150000 1002.000000 65.000000 6.000000 350.000000 2.500000 0.000000
2014-07-26T20:00:00Z 304.150000 1008.000000 40.000000 4.000000 180.000000 -1.000000 0.000000
2014-08-03T20:00:00Z 300.150000 1001.000000 83.000000 2.000000 80.000000 -1.000000 0.000000
2014-08-05T08:00:00Z 295.150000 1008.000000 78.000000 3.000000 350.000000 -1.000000 0.000000
2014-08-07T08:00:00Z 298.150000 1010.000000 61.000000 3.000000 350.000000 -1.000000 0.000000
2014-08-09T20:00:00Z 303.090000 1003.000000 45.000000 3.000000 150.000000 -1.000000 0.000000
2014-08-12T20:00:00Z 299.150000 1006.000000 61.000000 1.000000 100.000000 -1.000000 0.000000
2014-08-14T08:00:00Z 295.150000 1009.000000 73.000000 3.000000 350.000000 -1.000000 0.000000
2014-08-16T08:00:00Z 297.150000 1009.000000 73.000000 1.000000 0.000000 -1.000000 0.000000
