2013-12-26T10:00:00Z 29.890000 -9.550000 0.170000 -1.000000 -1.000000 18.040000 321.000000
2013-12-26T09:00:00Z 26.930000 -8.720000 0.200000 -1.000000 -1.000000 13.280000 321.000000
2013-12-26T08:00:00Z 23.670000 -8.600000 0.230000 -1.000000 1036.470000 15.330000 338.000000
2013-12-26T07:00:00Z 21.000000 -9.240000 0.250000 -1.000000 -1.000000 13.180000 340.000000
2013-12-26T06:00:00Z 22.930000 -9.270000 0.230000 -1.000000 -1.000000 18.070000 330.000000
2013-12-26T05:00:00Z 22.020000 -8.160000 0.250000 -1.000000 1034.440000 19.050000 328.000000
2014-01-03T01:00:00Z 31.860000 16.290000 0.520000 0.000000 -1.000000 2.000000 0.000000
2014-01-03T00:00:00Z 31.930000 18.320000 0.570000 0.000000 -1.000000 3.910000 339.000000
2014-01-02T23:00:00Z 33.930000 18.120000 0.520000 0.000000 1018.100000 10.670000 350.000000
2014-01-02T22:00:00Z 32.070000 19.070000 0.580000 0.000000 -1.000000 2.050000 358.000000
2014-01-02T21:00:00Z 32.070000 18.360000 0.560000 0.000000 -1.000000 1.930000 38.000000
2014-01-02T20:00:00Z 31.900000 17.850000 0.560000 0.010000 1017.200000 1.990000 296.000000
2014-01-11T05:00:00Z 9.690000 -2.850000 0.560000 0.000000 1032.400000 6.090000 2.000000
2014-01-11T04:00:00Z 14.180000 -2.950000 0.460000 0.000000 -1.000000 2.000000 180.000000
2014-01-11T03:00:00Z 14.470000 -1.240000 0.490000 0.000000 -1.000000 3.700000 7.000000
2014-01-11T02:00:00Z 14.340000 -1.250000 0.490000 0.000000 1032.490000 1.600000 1.000000
2014-01-11T01:00:00Z 16.320000 -1.220000 0.450000 0.000000 -1.000000 1.920000 358.000000
2014-01-11T00:00:00Z 18.360000 9.920000 0.690000 0.000000 -1.000000 1.680000 60.000000
2014-01-15T07:00:00Z 17.930000 17.930000 1.000000 0.000000 -1.000000 3.860000 340.000000
2014-01-15T06:00:00Z 14.140000 1.490000 0.560000 0.000000 -1.000000 2.000000 170.000000
2014-01-15T05:00:00Z 15.490000 7.340000 0.700000 0.000000 1033.220000 1.530000 74.000000
2014-01-15T04:00:00Z 16.070000 14.170000 0.920000 0.000000 -1.000000 3.810000 329.000000
2014-01-15T03:00:00Z 14.180000 1.580000 0.560000 0.000000 -1.000000 3.720000 339.000000
2014-01-15T02:00:00Z 14.160000 1.540000 0.560000 0.000000 1034.110000 3.400000 12.000000
2014-01-24T15:00:00Z 49.680000 -6.800000 0.090000 0.000000 -1.000000 8.820000 20.000000
2014-01-24T14:00:00Z 48.510000 -1.240000 0.120000 0.960000 1017.160000 8.330000 13.000000
2014-01-24T13:00:00Z 47.680000 25.730000 0.420000 0.000000 -1.000000 9.070000 0.000000
2014-01-24T12:00:00Z 42.780000 5.520000 0.210000 0.000000 -1.000000 10.990000 350.000000
2014-01-24T11:00:00Z 40.410000 4.470000 0.220000 0.100000 1018.910000 6.400000 354.000000
2014-01-24T10:00:00Z 36.890000 6.080000 0.270000 0.000000 -1.000000 2.000000 320.000000
2014-01-27T14:00:00Z 44.920000 10.810000 0.250000 0.010000 1016.560000 5.680000 49.000000
2014-01-27T13:00:00Z 43.000000 10.030000 0.250000 0.000000 -1.000000 7.000000 270.000000
2014-01-27T12:00:00Z 41.000000 12.270000 0.300000 0.000000 -1.000000 -1.000000 -1.000000
2014-01-27T11:00:00Z 36.360000 12.330000 0.370000 0.000000 1018.080000 6.340000 332.000000
2014-01-27T10:00:00Z 34.110000 14.040000 0.430000 0.000000 -1.000000 9.000000 220.000000
2014-01-27T09:00:00Z 28.220000 18.190000 0.660000 0.000000 -1.000000 6.660000 359.000000
2014-01-30T03:00:00Z 27.000000 7.800000 0.440000 0.000000 -1.000000 2.000000 350.000000
2014-01-30T02:00:00Z 23.800000 12.010000 0.600000 0.000000 1015.480000 1.220000 32.000000
2014-01-30T01:00:00Z 25.110000 14.290000 0.630000 0.000000 -1.000000 4.000000 310.000000
2014-01-30T00:00:00Z 27.110000 14.360000 0.580000 0.000000 -1.000000 4.000000 320.000000
2014-01-29T23:00:00Z 28.070000 16.380000 0.610000 0.000000 1014.100000 3.810000 88.000000
2014-01-29T22:00:00Z 28.070000 16.380000 0.610000 0.000000 -1.000000 2.150000 357.000000
2014-01-31T07:00:00Z 25.000000 18.020000 0.740000 0.000000 -1.000000 4.090000 1.000000
2014-01-31T06:00:00Z 25.000000 16.150000 0.690000 0.000000 -1.000000 4.110000 20.000000
2014-01-31T05:00:00Z 24.270000 17.450000 0.750000 0.000000 1020.080000 2.120000 0.000000
2014-01-31T04:00:00Z 26.780000 16.280000 0.640000 0.000000 -1.000000 9.000000 350.000000
2014-01-31T03:00:00Z 27.890000 18.360000 0.670000 0.000000 -1.000000 7.000000 40.000000
2014-01-31T02:00:00Z 27.750000 18.690000 0.680000 0.000000 1020.970000 6.410000 119.000000
2014-02-02T09:00:00Z 42.750000 20.090000 0.400000 0.000000 -1.000000 17.460000 10.000000
2014-02-02T08:00:00Z 36.490000 27.710000 0.700000 0.100000 1013.560000 10.130000 3.000000
2014-02-02T07:00:00Z 30.140000 27.070000 0.880000 0.000000 -1.000000 7.010000 8.000000
2014-02-02T06:00:00Z 32.140000 27.310000 0.820000 -1.000000 -1.000000 8.770000 8.000000
2014-02-02T05:00:00Z 33.510000 27.550000 0.780000 -1.000000 1011.570000 3.200000 2.000000
2014-02-02T04:00:00Z 36.000000 28.110000 0.730000 -1.000000 -1.000000 3.950000 182.000000
2014-02-08T09:00:00Z 25.070000 19.200000 0.780000 0.000000 -1.000000 3.900000 19.000000
2014-02-08T08:00:00Z 24.070000 19.410000 0.820000 0.050000 1026.730000 6.730000 344.000000
2014-02-08T07:00:00Z 23.140000 18.880000 0.830000 -1.000000 -1.000000 1.860000 70.000000
2014-02-08T06:00:00Z 25.000000 19.130000 0.780000 -1.000000 -1.000000 3.820000 71.000000
2014-02-08T05:00:00Z 24.210000 18.150000 0.770000 -1.000000 1024.830000 2.000000 223.000000
2014-02-08T04:00:00Z 25.000000 19.190000 0.780000 -1.000000 -1.000000 1.920000 32.000000
2014-02-17T02:00:00Z 29.620000 17.580000 0.600000 0.000000 1033.950000 1.370000 133.000000
2014-02-17T01:00:00Z 31.860000 18.120000 0.560000 0.000000 -1.000000 4.050000 88.000000
2014-02-17T00:00:00Z 31.930000 18.880000 0.580000 0.000000 -1.000000 3.880000 128.000000
2014-02-16T23:00:00Z 33.860000 19.080000 0.540000 0.000000 1033.500000 3.780000 156.000000
2014-02-16T22:00:00Z 35.780000 20.930000 0.540000 0.000000 -1.000000 3.780000 156.000000
2014-02-16T21:00:00Z 33.860000 21.120000 0.590000 0.000000 -1.000000 3.830000 169.000000
2014-03-04T05:00:00Z 28.440000 21.040000 0.730000 0.000000 1025.070000 6.210000 354.000000
2014-03-04T04:00:00Z 30.220000 21.490000 0.700000 0.000000 -1.000000 4.080000 8.000000
2014-03-04T03:00:00Z 32.140000 19.350000 0.590000 0.000000 -1.000000 7.070000 0.000000
2014-03-04T02:00:00Z 32.150000 18.970000 0.580000 0.000000 1024.180000 7.060000 341.000000
2014-03-04T01:00:00Z 36.040000 18.650000 0.490000 0.000000 -1.000000 7.070000 0.000000
2014-03-04T00:00:00Z 37.000000 16.730000 0.430000 0.000000 -1.000000 8.790000 341.000000
2014-03-09T15:00:00Z 49.820000 10.820000 0.200000 0.000000 -1.000000 16.000000 160.000000
2014-03-09T14:00:00Z 49.530000 8.870000 0.190000 0.000000 1025.540000 6.840000 180.000000
2014-03-09T13:00:00Z 47.930000 13.660000 0.250000 0.000000 -1.000000 13.000000 150.000000
2014-03-09T12:00:00Z 46.070000 16.140000 0.300000 0.000000 -1.000000 -1.000000 -1.000000
2014-03-09T11:00:00Z 44.650000 13.020000 0.270000 0.000000 1028.050000 1.840000 230.000000
2014-03-09T10:00:00Z 39.220000 11.940000 0.320000 0.000000 -1.000000 -1.000000 -1.000000
2014-03-11T20:00:00Z 50.860000 12.810000 0.210000 0.730000 1019.900000 16.610000 29.000000
2014-03-11T19:00:00Z 53.860000 10.370000 0.170000 0.000000 -1.000000 15.670000 40.000000
2014-03-11T18:00:00Z 54.820000 11.340000 0.170000 0.000000 -1.000000 12.670000 40.000000
2014-03-11T17:00:00Z 54.460000 21.440000 0.270000 0.080000 1015.520000 6.670000 64.000000
2014-03-11T16:00:00Z 55.140000 21.010000 0.260000 0.000000 -1.000000 -1.000000 -1.000000
2014-03-11T15:00:00Z 55.220000 23.500000 0.290000 0.000000 -1.000000 2.000000 330.000000
2014-03-16T06:00:00Z 43.070000 13.120000 0.290000 0.000000 -1.000000 13.000000 100.000000
2014-03-16T05:00:00Z 42.380000 14.780000 0.320000 0.000000 1015.790000 1.510000 23.000000
2014-03-16T04:00:00Z 41.140000 16.790000 0.370000 0.000000 -1.000000 13.000000 100.000000
2014-03-16T03:00:00Z 43.070000 13.120000 0.290000 0.000000 -1.000000 1.560000 255.000000
2014-03-16T02:00:00Z 44.630000 14.840000 0.300000 0.000000 1014.910000 1.910000 70.000000
2014-03-16T01:00:00Z 47.890000 13.170000 0.240000 0.000000 -1.000000 3.980000 156.000000
2014-03-17T17:00:00Z 65.190000 13.980000 0.130000 0.750000 1012.100000 23.790000 320.000000
2014-03-17T16:00:00Z 67.930000 11.860000 0.110000 -1.000000 -1.000000 21.650000 291.000000
2014-03-17T15:00:00Z 69.930000 13.330000 0.110000 -1.000000 -1.000000 24.710000 291.000000
2014-03-17T14:00:00Z 68.800000 15.140000 0.130000 0.730000 1011.110000 19.230000 286.000000
2014-03-17T13:00:00Z 67.860000 12.450000 0.120000 0.000000 -1.000000 17.680000 290.000000
2014-03-17T12:00:00Z 65.820000 12.870000 0.130000 0.000000 -1.000000 17.730000 270.000000
2014-03-29T01:00:00Z 50.070000 43.430000 0.780000 0.000000 -1.000000 6.670000 332.000000
2014-03-29T00:00:00Z 54.000000 46.140000 0.750000 0.000000 -1.000000 2.000000 140.000000
2014-03-28T23:00:00Z 53.930000 45.480000 0.730000 0.000000 1011.500000 1.930000 136.000000
2014-03-28T22:00:00Z 54.890000 46.400000 0.730000 0.000000 -1.000000 3.770000 158.000000
2014-03-28T21:00:00Z 56.820000 45.200000 0.650000 0.000000 -1.000000 2.000000 140.000000
2014-03-28T20:00:00Z 60.400000 45.520000 0.580000 0.020000 1008.460000 4.940000 139.000000
2014-03-31T15:00:00Z 72.820000 34.840000 0.250000 0.000000 -1.000000 13.000000 180.000000
2014-03-31T14:00:00Z 70.870000 38.090000 0.300000 0.100000 1014.440000 7.240000 145.000000
2014-03-31T13:00:00Z 70.180000 41.030000 0.350000 0.000000 -1.000000 -1.000000 -1.000000
2014-03-31T12:00:00Z 66.250000 40.900000 0.400000 0.000000 -1.000000 9.000000 120.000000
2014-03-31T11:00:00Z 63.950000 40.640000 0.420000 0.090000 1016.920000 3.040000 50.000000
2014-03-31T10:00:00Z 64.220000 41.140000 0.430000 0.000000 -1.000000 11.000000 200.000000
2014-04-01T13:00:00Z 74.930000 32.810000 0.210000 0.000000 -1.000000 -1.000000 -1.000000
2014-04-01T12:00:00Z 72.960000 34.560000 0.250000 0.000000 -1.000000 -1.000000 -1.000000
2014-04-01T11:00:00Z 67.510000 36.490000 0.320000 0.010000 1014.050000 1.530000 95.000000
2014-04-01T10:00:00Z 64.140000 42.990000 0.460000 0.000000 -1.000000 -1.000000 -1.000000
2014-04-01T09:00:00Z 63.110000 45.190000 0.520000 0.000000 -1.000000 -1.000000 -1.000000
2014-04-01T08:00:00Z 54.210000 46.650000 0.760000 0.000000 1015.150000 3.200000 355.000000
2014-04-15T08:00:00Z 65.690000 47.900000 0.530000 0.080000 1020.290000 7.380000 143.000000
2014-04-15T07:00:00Z 63.040000 48.270000 0.590000 0.000000 -1.000000 7.000000 150.000000
2014-04-15T06:00:00Z 59.000000 46.320000 0.630000 0.000000 -1.000000 3.830000 62.000000
2014-04-15T05:00:00Z 60.340000 46.760000 0.610000 0.000000 1017.160000 3.410000 150.000000
2014-04-15T04:00:00Z 60.930000 46.370000 0.590000 0.000000 -1.000000 6.870000 141.000000
2014-04-15T03:00:00Z 59.000000 45.420000 0.610000 0.000000 -1.000000 3.880000 82.000000
2014-04-18T20:00:00Z 56.960000 39.510000 0.520000 0.740000 1020.780000 8.470000 140.000000
2014-04-18T19:00:00Z 58.860000 40.770000 0.510000 0.000000 -1.000000 7.140000 159.000000
2014-04-18T18:00:00Z 62.710000 45.670000 0.540000 0.000000 -1.000000 10.990000 150.000000
2014-04-18T17:00:00Z 65.370000 50.330000 0.580000 0.070000 1018.330000 8.940000 158.000000
2014-04-18T16:00:00Z 67.680000 51.530000 0.560000 0.000000 -1.000000 13.000000 170.000000
2014-04-18T15:00:00Z 67.750000 51.600000 0.560000 0.000000 -1.000000 7.220000 140.000000
2014-04-23T19:00:00Z 72.960000 52.000000 0.480000 0.000000 -1.000000 12.770000 268.000000
2014-04-23T18:00:00Z 74.930000 52.120000 0.450000 0.000000 -1.000000 11.170000 201.000000
2014-04-23T17:00:00Z 74.510000 49.680000 0.420000 0.080000 1006.960000 14.780000 190.000000
2014-04-23T16:00:00Z 77.000000 51.990000 0.420000 0.000000 -1.000000 13.000000 210.000000
2014-04-23T15:00:00Z 77.000000 52.060000 0.420000 0.000000 -1.000000 12.970000 201.000000
2014-04-23T14:00:00Z 76.950000 52.780000 0.430000 0.040000 1008.500000 8.800000 193.000000
2014-05-01T17:00:00Z 72.600000 39.830000 0.310000 0.760000 1005.380000 20.290000 297.000000
2014-05-01T16:00:00Z 81.040000 54.750000 0.400000 0.000000 -1.000000 13.000000 210.000000
2014-05-01T15:00:00Z 81.110000 56.650000 0.430000 0.000000 -1.000000 11.040000 181.000000
2014-05-01T14:00:00Z 80.890000 55.780000 0.420000 0.090000 1004.990000 10.720000 178.000000
2014-05-01T13:00:00Z 79.180000 58.350000 0.490000 0.000000 -1.000000 11.000000 180.000000
2014-05-01T12:00:00Z 79.110000 58.400000 0.490000 0.000000 -1.000000 10.920000 190.000000
2014-05-07T08:00:00Z 63.060000 44.200000 0.500000 0.000000 1005.580000 8.900000 340.000000
2014-05-07T07:00:00Z 60.930000 46.280000 0.590000 0.000000 -1.000000 11.000000 60.000000
2014-05-07T06:00:00Z 55.140000 46.280000 0.720000 0.000000 -1.000000 2.110000 28.000000
2014-05-07T05:00:00Z 53.770000 45.080000 0.720000 0.000000 1003.180000 4.040000 338.000000
2014-05-07T04:00:00Z 52.250000 46.170000 0.800000 0.000000 -1.000000 1.970000 32.000000
2014-05-07T03:00:00Z 54.180000 46.130000 0.740000 0.000000 -1.000000 1.700000 0.000000
2014-05-20T07:00:00Z 72.960000 46.710000 0.390000 0.000000 -1.000000 2.000000 200.000000
2014-05-20T06:00:00Z 69.930000 52.570000 0.540000 0.000000 -1.000000 10.620000 30.000000
2014-05-20T05:00:00Z 66.790000 54.590000 0.650000 0.000000 1003.980000 7.590000 20.000000
2014-05-20T04:00:00Z 66.000000 59.090000 0.780000 0.000000 -1.000000 6.690000 30.000000
2014-05-20T03:00:00Z 66.140000 61.130000 0.840000 0.000000 -1.000000 -1.000000 -1.000000
2014-05-20T02:00:00Z 65.750000 60.070000 0.820000 0.000000 1003.410000 1.310000 20.000000
2014-05-22T13:00:00Z 95.000000 49.880000 0.220000 0.000000 -1.000000 15.720000 182.000000
2014-05-22T12:00:00Z 90.110000 56.660000 0.320000 0.000000 -1.000000 9.000000 200.000000
2014-05-22T11:00:00Z 86.110000 62.920000 0.460000 0.010000 1006.950000 6.620000 175.000000
2014-05-22T10:00:00Z 82.220000 64.000000 0.540000 0.000000 -1.000000 11.000000 250.000000
2014-05-22T09:00:00Z 79.180000 63.780000 0.590000 0.000000 -1.000000 -1.000000 -1.000000
2014-05-22T08:00:00Z 74.920000 63.260000 0.670000 0.010000 1007.170000 3.500000 70.000000
2014-05-25T11:00:00Z 79.770000 36.910000 0.210000 0.700000 1006.900000 28.820000 301.000000
2014-05-25T10:00:00Z 78.860000 36.990000 0.220000 0.000000 -1.000000 26.280000 290.000000
2014-05-25T09:00:00Z 75.000000 38.100000 0.260000 0.000000 -1.000000 11.000000 300.000000
2014-05-25T08:00:00Z 74.040000 48.240000 0.400000 0.080000 1007.720000 11.660000 228.000000
2014-05-25T07:00:00Z 68.000000 65.900000 0.930000 0.000000 -1.000000 1.890000 8.000000
2014-05-25T06:00:00Z 66.000000 63.990000 0.930000 -1.000000 -1.000000 2.000000 180.000000
2014-07-08T10:00:00Z 89.930000 68.380000 0.490000 0.000000 -1.000000 9.000000 0.000000
2014-07-08T09:00:00Z 84.070000 71.780000 0.670000 0.000000 -1.000000 7.000000 260.000000
2014-07-08T08:00:00Z 80.530000 70.560000 0.720000 0.060000 1001.880000 5.760000 0.000000
2014-07-08T07:00:00Z 79.180000 71.870000 0.780000 0.000000 -1.000000 3.660000 16.000000
2014-07-08T06:00:00Z 77.180000 72.080000 0.840000 0.000000 -1.000000 4.000000 20.000000
2014-07-08T05:00:00Z 76.680000 71.650000 0.850000 0.000000 1000.640000 1.730000 11.000000
2014-07-18T19:00:00Z 90.000000 73.160000 0.580000 0.000000 -1.000000 7.000000 190.000000
2014-07-18T18:00:00Z 91.000000 72.010000 0.540000 0.000000 -1.000000 7.000000 210.000000
2014-07-18T17:00:00Z 92.680000 72.260000 0.520000 0.070000 1005.550000 10.270000 186.000000
2014-07-18T16:00:00Z 93.000000 72.150000 0.510000 0.000000 -1.000000 -1.000000 -1.000000
2014-07-18T15:00:00Z 93.070000 72.710000 0.520000 0.000000 -1.000000 -1.000000 -1.000000
2014-07-18T14:00:00Z 91.070000 74.760000 0.590000 0.050000 1006.040000 4.220000 177.000000
2014-07-28T12:00:00Z 92.930000 64.400000 0.390000 0.000000 -1.000000 -1.000000 -1.000000
2014-07-28T11:00:00Z 90.420000 66.390000 0.450000 0.020000 1004.740000 6.540000 197.000000
2014-07-28T10:00:00Z 88.070000 69.720000 0.550000 0.000000 -1.000000 9.000000 260.000000
2014-07-28T09:00:00Z 84.070000 71.780000 0.670000 0.000000 -1.000000 11.000000 250.000000
2014-07-28T08:00:00Z 81.260000 71.360000 0.720000 0.020000 1005.710000 4.010000 175.000000
2014-07-28T07:00:00Z 79.070000 69.980000 0.740000 0.000000 -1.000000 3.910000 144.000000
2014-07-29T12:00:00Z 91.000000 66.020000 0.440000 0.000000 -1.000000 13.000000 190.000000
2014-07-29T11:00:00Z 89.390000 67.890000 0.490000 0.080000 1004.120000 10.500000 198.000000
2014-07-29T10:00:00Z 90.000000 69.910000 0.520000 0.000000 -1.000000 -1.000000 -1.000000
2014-07-29T09:00:00Z 88.000000 71.720000 0.590000 0.000000 -1.000000 -1.000000 -1.000000
2014-07-29T08:00:00Z 83.380000 71.120000 0.670000 0.060000 1004.640000 6.470000 159.000000
2014-07-29T07:00:00Z 81.040000 69.730000 0.690000 0.000000 -1.000000 6.800000 141.000000
2014-08-03T14:00:00Z 92.510000 74.380000 0.560000 0.100000 999.440000 8.170000 162.000000
2014-08-03T13:00:00Z 93.000000 74.860000 0.560000 0.000000 -1.000000 9.000000 120.000000
2014-08-03T12:00:00Z 95.000000 75.040000 0.530000 0.000000 -1.000000 -1.000000 -1.000000
2014-08-03T11:00:00Z 92.310000 74.330000 0.560000 0.070000 1001.100000 4.130000 1.000000
2014-08-03T10:00:00Z 91.070000 75.070000 0.600000 0.000000 -1.000000 2.000000 30.000000
2014-08-03T09:00:00Z 88.110000 75.120000 0.660000 0.000000 -1.000000 -1.000000 -1.000000
2014-08-21T21:00:00Z 77.250000 61.250000 0.580000 0.000000 -1.000000 4.000000 190.000000
2014-08-21T20:00:00Z 77.590000 61.580000 0.580000 0.050000 1006.770000 16.710000 42.000000
2014-08-21T19:00:00Z 84.070000 69.890000 0.630000 0.000000 -1.000000 1.980000 124.000000
2014-08-21T18:00:00Z 86.140000 69.780000 0.580000 0.000000 -1.000000 7.000000 220.000000
2014-08-21T17:00:00Z 90.030000 67.370000 0.480000 0.020000 1004.950000 6.560000 200.000000
2014-08-21T16:00:00Z 90.040000 68.010000 0.490000 0.000000 -1.000000 -1.000000 -1.000000
2014-08-30T23:00:00Z 70.110000 67.950000 0.930000 0.000000 1013.900000 2.040000 3.000000
2014-08-30T22:00:00Z 72.000000 69.790000 0.930000 0.000000 -1.000000 2.000000 80.000000
2014-08-30T21:00:00Z 72.000000 69.790000 0.930000 0.000000 -1.000000 2.000000 70.000000
2014-08-30T20:00:00Z 71.490000 67.320000 0.870000 0.110000 1013.120000 3.340000 90.000000
2014-08-30T19:00:00Z 72.000000 67.840000 0.870000 0.000000 -1.000000 2.000000 120.000000
2014-08-30T18:00:00Z 72.000000 69.720000 0.930000 0.000000 -1.000000 4.000000 170.000000
2014-09-21T06:00:00Z 63.960000 57.080000 0.780000 0.000000 -1.000000 2.050000 78.000000
2014-09-21T05:00:00Z 62.780000 56.170000 0.790000 0.000000 1016.130000 2.200000 22.000000
2014-09-21T04:00:00Z 65.890000 57.180000 0.740000 0.000000 -1.000000 4.000000 60.000000
2014-09-21T03:00:00Z 65.930000 55.290000 0.690000 0.000000 -1.000000 4.000000 80.000000
2014-09-21T02:00:00Z 64.940000 56.380000 0.740000 0.000000 1014.740000 4.160000 109.000000
2014-09-21T01:00:00Z 68.000000 57.270000 0.690000 0.000000 -1.000000 8.900000 119.000000
2014-09-25T22:00:00Z 62.960000 57.870000 0.830000 0.250000 1014.390000 5.410000 164.000000
2014-09-25T21:00:00Z 64.200000 59.260000 0.840000 0.170000 1014.560000 4.620000 146.000000
2014-09-25T20:00:00Z 65.280000 59.640000 0.820000 0.140000 1014.540000 4.000000 150.000000
2014-09-25T19:00:00Z 66.120000 60.090000 0.810000 0.070000 1014.670000 4.020000 151.000000
2014-09-25T18:00:00Z 68.050000 60.700000 0.770000 0.050000 1014.480000 4.170000 154.000000
2014-09-25T17:00:00Z 69.840000 60.980000 0.740000 0.080000 1014.420000 4.920000 152.000000
2014-09-26T23:00:00Z 61.150000 55.780000 0.830000 0.340000 1013.610000 6.620000 343.000000
2014-09-26T22:00:00Z 61.530000 56.870000 0.850000 0.250000 1013.610000 4.240000 344.000000
2014-09-26T21:00:00Z 61.970000 58.520000 0.880000 0.140000 1013.060000 4.670000 340.000000
2014-09-26T20:00:00Z 62.720000 58.760000 0.870000 0.080000 1012.150000 2.480000 357.000000
2014-09-26T19:00:00Z 65.710000 61.030000 0.850000 0.060000 1011.510000 3.780000 344.000000
2014-09-26T18:00:00Z 67.220000 61.020000 0.810000 0.090000 1010.470000 3.300000 329.000000
2014-10-11T18:00:00Z 66.100000 48.860000 0.540000 0.000000 1023.900000 8.310000 329.000000
2014-10-11T17:00:00Z 66.820000 51.280000 0.570000 0.490000 1022.380000 4.750000 317.000000
2014-10-11T16:00:00Z 68.200000 54.830000 0.620000 0.010000 1021.660000 2.130000 79.000000
2014-10-11T15:00:00Z 68.790000 54.700000 0.610000 0.010000 1020.980000 2.490000 104.000000
2014-10-11T14:00:00Z 68.890000 54.520000 0.600000 0.380000 1020.320000 0.870000 149.000000
2014-10-11T13:00:00Z 68.850000 55.450000 0.620000 0.010000 1020.460000 2.660000 172.000000
