2013-06-12T01:00:00Z 91 207 72 58 113
2013-06-12T02:00:00Z 81 175 70 58 113
2013-06-12T03:00:00Z 85 160 67 63 114
2013-06-12T04:00:00Z 85 157 67 63 102
2013-06-12T05:00:00Z 103 147 68 68 99
2013-06-12T06:00:00Z 98 153 70 64 97
2013-06-12T07:00:00Z 98 163 72 69 97
2013-06-12T08:00:00Z 103 161 73 76 107
2013-06-12T09:00:00Z 101 155 72 82 102
2013-11-07T08:00:00Z 170 210 148 215 239
2013-11-07T09:00:00Z 168 233 140 218 160
2013-11-07T10:00:00Z 161 221 126 211 148
2013-11-07T11:00:00Z 145 199 119 181 160
2013-11-08T03:00:00Z 179 259 209 236 30
2013-11-08T04:00:00Z 187 249 211 240 40
2013-11-08T05:00:00Z 181 248 211 222 67
2013-12-01T11:00:00Z 143 -1 109 155 154
2013-12-01T12:00:00Z 159 267 107 154 118
2013-12-01T13:00:00Z 173 255 118 146 107
2013-12-01T14:00:00Z 174 206 145 166 113
2013-12-01T15:00:00Z 203 170 154 175 117
2013-12-01T16:00:00Z 216 168 158 168 126
2013-12-01T17:00:00Z 219 164 168 187 146
2013-12-01T18:00:00Z 220 169 180 204 173
2013-12-01T19:00:00Z 228 186 187 228 214
2013-12-01T20:00:00Z 232 217 191 240 289
2013-12-01T21:00:00Z -1 -1 -1 -1 -1
2013-12-01T22:00:00Z 189 272 189 208 215
2013-12-01T23:00:00Z 190 296 185 212 237
2013-12-02T00:00:00Z 195 292 185 256 233
2013-12-02T01:00:00Z 192 303 176 255 244
2013-12-02T02:00:00Z 188 293 174 297 378
2013-12-02T03:00:00Z 215 282 173 286 269
2013-12-02T04:00:00Z 223 295 168 277 275
2013-12-02T05:00:00Z 220 287 164 271 290
2013-12-02T06:00:00Z 212 282 156 278 328
2013-12-02T07:00:00Z 210 287 160 287 379
2013-12-02T08:00:00Z 219 303 165 294 394
2013-12-02T09:00:00Z 237 315 168 316 411
2013-12-02T10:00:00Z 253 332 167 311 436
2013-12-02T11:00:00Z 250 300 148 252 364
2013-12-02T12:00:00Z 229 252 127 198 331
2013-12-02T13:00:00Z 198 202 99 156 353
2013-12-02T14:00:00Z 178 194 73 125 299
2013-12-02T15:00:00Z 147 178 72 109 238
2013-12-02T16:00:00Z 119 173 74 101 278
2013-12-02T17:00:00Z 109 172 83 111 372
2013-12-02T18:00:00Z 108 190 114 126 462
2013-12-02T19:00:00Z 121 210 170 141 628
2013-12-02T20:00:00Z 157 211 277 126 707
2013-12-02T21:00:00Z 214 218 238 136 621
2013-12-02T22:00:00Z 252 245 200 149 520
2013-12-02T23:00:00Z 250 258 182 172 432
2013-12-03T00:00:00Z 225 256 210 196 428
2013-12-03T01:00:00Z 197 269 226 207 389
2013-12-03T02:00:00Z 181 281 253 229 288
2013-12-03T03:00:00Z 177 263 274 220 315
2013-12-03T04:00:00Z 173 213 274 255 339
2013-12-03T05:00:00Z 165 195 241 271 345
2013-12-03T06:00:00Z 170 183 201 290 344
2013-12-03T07:00:00Z 172 185 204 308 337
2013-12-03T08:00:00Z 177 200 189 301 304
2013-12-03T09:00:00Z 208 198 193 309 320
2013-12-03T10:00:00Z 219 199 209 336 348
2013-12-03T11:00:00Z 221 193 190 290 321
2013-12-03T12:00:00Z 216 191 141 243 296
2013-12-03T13:00:00Z 191 135 100 179 288
2013-12-03T14:00:00Z 194 168 -1 154 -1
2013-12-03T15:00:00Z 176 166 252 168 188
2013-12-03T16:00:00Z 175 169 268 212 167
2013-12-03T17:00:00Z 183 174 315 233 165
2013-12-05T17:00:00Z 262 203 226 251 357
2013-12-06T09:00:00Z 343 435 313 375 100
2013-12-06T10:00:00Z 401 408 357 370 99
2013-12-06T11:00:00Z 441 417 381 356 93
2013-12-06T12:00:00Z 458 394 415 337 73
2013-12-06T13:00:00Z 466 389 449 305 73
2013-12-06T14:00:00Z 449 301 444 269 83
2013-12-06T15:00:00Z 432 227 393 252 85
2013-12-06T16:00:00Z 418 109 372 211 87
2013-12-06T17:00:00Z 399 85 322 209 87
2013-12-06T18:00:00Z 397 83 301 266 83
2013-12-06T19:00:00Z 400 104 297 293 72
2013-12-06T20:00:00Z 375 101 332 333 63
2013-12-06T21:00:00Z 385 102 367 336 68
2013-12-06T22:00:00Z 382 104 346 346 68
2013-12-06T23:00:00Z 380 104 332 361 72
2013-12-07T00:00:00Z 379 97 336 377 77
2013-12-07T01:00:00Z 368 99 370 362 84
2013-12-07T02:00:00Z 365 103 374 360 80
2013-12-07T03:00:00Z 318 107 346 357 78
2013-12-07T04:00:00Z 290 98 314 366 80
2013-12-07T05:00:00Z 279 106 278 368 96
2013-12-07T06:00:00Z 273 108 264 365 104
2013-12-07T07:00:00Z 273 106 263 353 106
2013-12-07T08:00:00Z 284 107 276 353 112
2013-12-07T09:00:00Z 313 112 312 420 117
2013-12-07T10:00:00Z 310 118 355 462 112
2013-12-07T11:00:00Z 280 119 357 376 106
2013-12-07T12:00:00Z 266 109 391 284 99
2013-12-07T13:00:00Z 242 114 396 269 126
2013-12-07T14:00:00Z 205 122 395 256 138
2013-12-09T08:00:00Z 236 189 174 230 285
2013-12-09T09:00:00Z 226 212 166 258 220
2013-12-09T10:00:00Z 234 260 180 289 150
2013-12-09T11:00:00Z 256 332 224 255 80
2013-12-09T12:00:00Z 277 326 248 151 94
2013-12-09T13:00:00Z 277 276 251 766 134
2013-12-09T14:00:00Z 144 162 227 91 131
2013-12-09T15:00:00Z 80 117 210 109 100
2013-12-09T16:00:00Z 81 140 193 94 83
2013-12-09T17:00:00Z 102 154 170 82 73
2013-12-09T18:00:00Z 103 150 168 68 59
2013-12-09T19:00:00Z 99 154 154 75 56
2013-12-09T20:00:00Z 87 141 155 82 58
2013-12-09T21:00:00Z 92 117 151 83 67
2013-12-26T09:00:00Z 319 322 238 298 342
2013-12-26T10:00:00Z 325 329 268 264 285
2013-12-26T11:00:00Z 292 346 277 296 173
2013-12-26T12:00:00Z 284 370 279 319 95
2013-12-26T13:00:00Z 289 386 293 334 102
2013-12-26T14:00:00Z -1 -1 -1 -1 -1
2013-12-26T15:00:00Z 336 220 338 286 65
2013-12-26T16:00:00Z 352 160 369 221 43
2013-12-26T17:00:00Z 320 126 361 182 28
2013-12-29T13:00:00Z 101 88 75 137 74
2013-12-29T14:00:00Z 90 79 68 110 66
2013-12-29T15:00:00Z -1 -1 -1 -1 -1
2013-12-29T16:00:00Z 113 71 91 104 76
2013-12-29T17:00:00Z 85 76 95 96 82
2013-12-29T18:00:00Z 79 97 95 94 85
2013-12-29T19:00:00Z 92 117 114 101 102
2013-12-29T20:00:00Z 112 125 143 104 143
2013-12-29T21:00:00Z 128 121 126 120 158
2013-12-29T22:00:00Z 129 127 139 130 133
2013-12-29T23:00:00Z 146 123 132 139 122
2013-12-30T00:00:00Z 157 131 136 132 131
2013-12-30T01:00:00Z 152 -1 -1 -1 -1
2013-12-30T02:00:00Z 141 117 139 110 122
2013-12-30T03:00:00Z 140 116 140 123 118
2013-12-30T04:00:00Z 147 123 137 123 112
2013-12-30T05:00:00Z 155 127 135 127 110
2013-12-30T06:00:00Z 167 125 132 115 106
2013-12-30T07:00:00Z 178 133 122 135 108
2013-12-30T08:00:00Z 175 131 120 139 119
2013-12-30T09:00:00Z 179 136 122 148 125
2014-01-18T08:00:00Z 198 180 259 198 142
2014-01-18T09:00:00Z 216 188 270 202 180
2014-01-18T10:00:00Z 228 200 271 210 207
2014-01-18T11:00:00Z 225 194 279 213 216
2014-01-18T12:00:00Z 224 173 275 205 202
2014-01-20T02:00:00Z 211 222 247 201 248
2014-01-20T03:00:00Z 221 227 243 200 268
2014-01-20T04:00:00Z 219 223 238 201 279
2014-01-20T05:00:00Z 219 230 236 204 292
2014-01-20T06:00:00Z 215 243 205 203 298
2014-01-20T07:00:00Z 217 251 183 207 298
2014-01-30T02:00:00Z 120 160 101 123 120
2014-01-30T03:00:00Z 121 165 90 123 134
2014-01-30T04:00:00Z 121 170 70 129 148
2014-01-30T05:00:00Z 122 190 65 122 148
2014-01-30T06:00:00Z 131 196 64 121 147
2014-01-30T07:00:00Z 136 184 58 124 145
2014-01-30T08:00:00Z 118 179 48 121 150
2014-01-30T09:00:00Z 107 184 52 116 158
2014-01-30T10:00:00Z 110 198 71 126 168
2014-01-30T11:00:00Z 125 206 115 143 175
2014-01-30T12:00:00Z 164 228 132 158 173
2014-01-30T13:00:00Z 204 252 147 155 170
2014-01-30T14:00:00Z 214 234 158 155 174
2014-01-30T15:00:00Z 197 243 158 149 178
2014-01-30T16:00:00Z 196 249 128 161 191
2014-01-30T17:00:00Z 191 257 103 160 207
2014-01-30T18:00:00Z 217 278 127 162 217
2014-01-30T19:00:00Z 239 300 157 199 240
2014-01-30T20:00:00Z 284 334 169 311 302
2014-01-30T21:00:00Z 365 415 198 420 372
2014-02-02T00:00:00Z 172 238 238 205 104
2014-02-02T01:00:00Z 202 238 245 207 112
2014-02-02T02:00:00Z 217 228 249 206 127
2014-02-02T03:00:00Z 220 222 249 201 137
2014-03-10T01:00:00Z 121 142 78 123 152
2014-03-10T02:00:00Z 115 138 75 122 142
2014-03-10T03:00:00Z 115 134 74 123 163
2014-03-10T04:00:00Z 110 133 74 127 169
2014-03-10T05:00:00Z 115 137 74 130 165
2014-03-10T06:00:00Z 123 144 75 131 162
2014-03-10T07:00:00Z 129 151 78 138 169
2014-03-10T08:00:00Z 141 156 90 160 169
2014-03-10T09:00:00Z 173 172 106 196 176
2014-03-18T09:00:00Z 165 174 100 129 121
2014-03-18T10:00:00Z 170 172 101 135 129
2014-03-18T11:00:00Z 150 149 94 154 136
2014-03-18T12:00:00Z 165 142 86 132 151
2014-03-18T13:00:00Z 176 121 68 107 138
2014-04-17T11:00:00Z 141 78 127 66 69
2014-04-17T12:00:00Z 135 83 116 72 67
2014-04-17T13:00:00Z 140 84 108 67 66
2014-04-17T14:00:00Z 143 80 98 64 70
2014-05-26T18:00:00Z 108 73 81 73 95
2014-05-26T19:00:00Z 104 77 85 81 73
2014-05-26T20:00:00Z 113 88 86 102 77
2014-05-26T21:00:00Z 113 106 87 105 81
2014-05-26T22:00:00Z 117 117 84 133 86
2014-05-29T17:00:00Z 201 142 93 105 167
2014-11-06T05:00:00Z 132 143 98 104 117
2014-11-06T06:00:00Z 134 123 92 96 125
2014-11-06T07:00:00Z 132 128 91 82 137
2014-11-06T08:00:00Z 129 119 89 85 153
2014-11-06T09:00:00Z 117 126 72 83 175
2014-11-06T10:00:00Z -1 -1 70 -1 190
2014-11-06T11:00:00Z 116 149 67 104 162
2014-11-12T00:00:00Z 142 177 125 107 153
2014-11-12T01:00:00Z 162 180 127 160 155
2014-12-28T23:00:00Z 131 176 99 125 192
