2013-06-01T11:00:00Z 92 154 161 23 39
2013-06-01T10:00:00Z 124 151 194 36 74
2013-06-01T09:00:00Z 125 149 219 64 109
2013-06-01T08:00:00Z 123 131 186 73 104
2013-06-01T07:00:00Z 123 157 178 76 108
2013-06-01T06:00:00Z 115 149 171 79 83
2013-06-05T04:00:00Z 61 123 106 53 44
2013-06-05T03:00:00Z 58 116 94 48 41
2013-06-05T02:00:00Z 61 113 107 46 36
2013-06-05T01:00:00Z 64 109 111 43 38
2013-06-05T00:00:00Z 57 102 88 41 34
2013-06-04T23:00:00Z 56 105 101 50 39
2013-06-09T13:00:00Z 10 94 22 12 45
2013-06-09T12:00:00Z 14 16 119 18 49
2013-06-09T11:00:00Z 24 18 172 16 52
2013-06-09T10:00:00Z 107 148 160 16 61
2013-06-09T09:00:00Z 110 155 140 19 68
2013-06-09T08:00:00Z 99 159 132 26 65
2013-06-13T22:00:00Z 86 60 65 75 68
2013-06-13T21:00:00Z 68 54 58 57 86
2013-06-13T20:00:00Z 70 44 52 52 88
2013-06-13T19:00:00Z 88 30 44 251 96
2013-06-14T23:00:00Z 86 115 94 102 36
2013-06-14T22:00:00Z 89 123 98 109 35
2013-06-14T21:00:00Z 89 105 97 123 30
2013-06-14T20:00:00Z 102 97 97 108 33
2013-06-14T19:00:00Z 91 94 94 98 33
2013-06-14T18:00:00Z 99 86 92 99 36
2013-06-17T10:00:00Z 55 68 239 15 21
2013-06-17T09:00:00Z 33 70 242 22 22
2013-06-17T08:00:00Z 40 104 269 26 25
2013-06-17T07:00:00Z 51 132 271 14 32
2013-06-17T06:00:00Z 62 157 265 12 32
2013-06-17T05:00:00Z 98 205 274 11 43
2013-06-27T13:00:00Z 189 102 31 23 105
2013-06-27T12:00:00Z 208 83 25 34 70
2013-06-27T11:00:00Z 229 124 33 39 55
2013-06-27T10:00:00Z 260 118 39 28 102
2013-06-27T09:00:00Z 307 142 51 28 83
2013-06-27T08:00:00Z 304 161 37 29 113
2013-06-29T19:00:00Z 127 93 42 87 70
2013-06-29T18:00:00Z 119 82 41 85 62
2013-06-29T17:00:00Z 111 78 68 75 63
2013-06-29T16:00:00Z 106 76 103 64 55
2013-06-29T15:00:00Z 93 75 103 60 64
2013-06-29T14:00:00Z 86 65 68 56 54
2013-07-20T09:00:00Z 179 170 154 14 17
2013-07-20T08:00:00Z 176 196 171 14 19
2013-07-20T07:00:00Z 161 187 165 14 18
2013-07-20T06:00:00Z 152 183 168 16 13
2013-07-20T05:00:00Z 150 165 160 18 31
2013-07-20T04:00:00Z 153 155 170 18 38
2013-07-28T07:00:00Z 125 152 154 31 82
2013-07-28T06:00:00Z 126 144 150 35 70
2013-07-28T05:00:00Z 117 175 146 35 69
2013-07-28T04:00:00Z 134 183 158 35 70
2013-07-28T03:00:00Z 139 188 159 34 68
2013-07-30T22:00:00Z 105 106 54 114 14
2013-07-30T21:00:00Z 88 73 50 100 16
2013-07-30T20:00:00Z 78 56 47 81 18
2013-07-30T19:00:00Z 85 43 44 47 15
2013-07-30T18:00:00Z 84 49 39 38 18
2013-08-17T09:00:00Z 42 61 38 35 100
2013-08-17T08:00:00Z 68 73 40 48 108
2013-08-17T07:00:00Z 111 67 35 47 95
2013-08-17T06:00:00Z 109 71 41 34 89
2013-08-17T05:00:00Z 93 58 56 40 78
2013-08-17T04:00:00Z 73 58 67 39 88
2013-09-13T09:00:00Z 36 91 236 17 56
2013-09-13T08:00:00Z 33 81 255 15 52
2013-09-13T07:00:00Z 30 53 235 17 48
2013-09-13T06:00:00Z 26 47 206 19 54
2013-09-13T05:00:00Z 26 41 174 23 155
2013-09-13T04:00:00Z 28 37 186 18 119
2013-09-20T05:00:00Z 101 154 182 44 138
2013-09-20T04:00:00Z 103 165 197 43 158
2013-09-20T03:00:00Z 104 173 207 51 165
2013-09-20T02:00:00Z 111 178 235 50 180
2013-09-20T01:00:00Z 111 210 231 46 175
2013-09-20T00:00:00Z 112 198 219 49 175
2013-10-07T17:00:00Z 11 49 257 13 27
2013-10-07T16:00:00Z 14 70 224 13 37
2013-10-07T15:00:00Z 19 87 253 13 45
2013-10-07T14:00:00Z 32 101 241 16 53
2013-10-07T13:00:00Z 46 131 234 18 63
2013-10-07T12:00:00Z 76 167 272 25 73
2013-10-10T17:00:00Z 138 202 259 98 170
2013-10-10T16:00:00Z 144 212 270 102 167
2013-10-10T15:00:00Z 149 224 283 105 161
2013-10-10T14:00:00Z 153 235 296 108 155
2013-10-10T13:00:00Z 157 246 308 111 148
2013-10-10T12:00:00Z 151 258 318 114 142
2013-10-19T18:00:00Z 11 41 19 12 165
2013-10-19T17:00:00Z 9 37 19 8 209
2013-10-19T16:00:00Z 10 42 18 9 230
2013-10-19T15:00:00Z 9 55 14 8 205
2013-10-19T14:00:00Z 9 81 22 8 208
2013-10-19T13:00:00Z 11 117 24 12 212
2013-10-22T19:00:00Z 102 153 291 101 118
2013-10-22T18:00:00Z 83 139 292 87 111
2013-10-22T17:00:00Z 79 124 282 52 108
2013-10-22T16:00:00Z 79 123 298 42 123
2013-10-29T17:00:00Z 8 36 119 13 32
2013-10-29T16:00:00Z 8 38 130 10 34
2013-10-29T15:00:00Z 10 23 153 8 30
2013-10-29T14:00:00Z 10 16 158 8 26
2013-10-29T13:00:00Z 14 21 171 95 20
2013-10-29T12:00:00Z 12 39 210 122 17
2013-11-09T19:00:00Z 64 216 120 18 31
2013-11-09T18:00:00Z 69 208 116 19 32
2013-11-09T17:00:00Z 65 205 115 22 35
2013-11-09T16:00:00Z -1 192 114 44 38
2013-11-09T15:00:00Z -1 186 109 72 39
2013-11-09T14:00:00Z -1 204 132 105 54
2013-11-14T16:00:00Z 35 38 44 4 20
2013-11-14T15:00:00Z -1 16 49 4 24
2013-11-14T14:00:00Z 14 15 48 4 27
2013-11-14T13:00:00Z 14 16 36 4 44
2013-11-14T12:00:00Z 22 26 42 8 65
2013-11-14T11:00:00Z 20 81 73 71 117
2013-11-24T17:00:00Z 53 182 43 40 20
2013-11-24T16:00:00Z 49 115 53 48 13
2013-11-24T15:00:00Z 35 99 315 50 102
2013-11-24T14:00:00Z 37 117 53 63 128
2013-11-24T13:00:00Z 44 173 41 61 139
2013-11-24T12:00:00Z 41 354 34 55 146
2013-12-09T06:00:00Z 8 23 18 15 18
2013-12-09T05:00:00Z 7 24 18 13 18
2013-12-09T04:00:00Z 10 24 21 16 20
2013-12-09T03:00:00Z 12 22 24 16 25
2013-12-09T02:00:00Z 10 16 31 20 40
2013-12-09T01:00:00Z 13 29 42 15 54
2013-12-26T04:00:00Z 11 19 24 11 24
2013-12-26T03:00:00Z 13 26 25 10 18
2013-12-26T02:00:00Z 9 20 28 11 17
2013-12-26T01:00:00Z 11 22 46 14 41
2013-12-26T00:00:00Z 18 28 92 15 80
2013-12-25T23:00:00Z 19 51 372 20 137
2014-01-03T01:00:00Z 240 411 254 98 141
2014-01-03T00:00:00Z 252 384 304 108 126
2014-01-02T23:00:00Z 242 375 281 115 122
2014-01-02T22:00:00Z 258 307 265 116 108
2014-01-02T21:00:00Z 259 297 259 129 97
2014-01-02T20:00:00Z 203 253 252 128 83
2014-01-05T05:00:00Z 212 190 229 106 46
2014-01-05T04:00:00Z 185 200 225 96 49
2014-01-05T03:00:00Z 187 196 223 96 42
2014-01-05T02:00:00Z 196 220 242 108 43
2014-01-05T01:00:00Z 219 208 255 90 50
2014-01-05T00:00:00Z 199 200 276 113 61
2014-01-11T22:00:00Z 464 520 472 74 295
2014-01-11T21:00:00Z 460 448 430 100 302
2014-01-11T20:00:00Z 419 402 480 88 307
2014-01-11T19:00:00Z 378 393 463 77 297
2014-01-11T18:00:00Z 330 344 383 71 259
2014-01-11T17:00:00Z 314 308 351 50 266
2014-01-14T01:00:00Z 292 342 365 61 52
2014-01-14T00:00:00Z 324 363 364 68 52
2014-01-13T23:00:00Z 332 359 310 70 64
2014-01-13T22:00:00Z 278 338 264 79 70
2014-01-13T21:00:00Z 254 288 231 59 66
2014-01-13T20:00:00Z 233 250 192 61 74
2014-01-17T05:00:00Z 64 292 555 69 59
2014-01-17T04:00:00Z 71 329 578 72 63
2014-01-17T03:00:00Z 111 432 606 79 72
2014-01-17T02:00:00Z 187 544 547 87 62
2014-01-17T01:00:00Z 225 487 481 78 79
2014-01-17T00:00:00Z 221 529 450 79 73
2014-01-18T00:00:00Z 286 375 536 30 130
2014-01-17T23:00:00Z 283 349 537 26 128
2014-01-17T22:00:00Z 281 325 526 24 148
2014-01-17T21:00:00Z 279 323 491 22 149
2014-01-17T20:00:00Z 282 325 450 21 112
2014-01-17T19:00:00Z 238 316 468 18 73
2014-01-19T21:00:00Z 269 225 26 17 209
2014-01-19T20:00:00Z 275 328 88 22 194
2014-01-19T19:00:00Z 282 306 308 47 163
2014-01-19T18:00:00Z 255 265 367 73 138
2014-01-19T17:00:00Z 188 247 299 63 119
2014-01-19T16:00:00Z 252 227 412 93 102
2014-01-24T13:00:00Z 253 225 280 170 174
2014-01-24T12:00:00Z 256 217 300 175 177
2014-01-24T11:00:00Z 252 234 329 164 186
2014-01-24T10:00:00Z 280 245 345 163 167
2014-01-24T09:00:00Z 283 225 329 158 168
2014-01-24T08:00:00Z 314 237 328 160 169
2014-01-30T02:00:00Z 273 242 195 151 159
2014-01-30T01:00:00Z 292 224 196 158 154
2014-01-30T00:00:00Z 289 194 192 146 154
2014-01-29T23:00:00Z 297 204 210 145 157
2014-01-29T22:00:00Z 297 206 243 143 155
2014-01-29T21:00:00Z 285 193 262 143 143
2014-01-31T07:00:00Z 122 241 211 174 48
2014-01-31T06:00:00Z 218 169 221 195 52
2014-01-31T05:00:00Z 258 213 230 243 57
2014-01-31T04:00:00Z 204 282 232 300 71
2014-01-31T03:00:00Z 175 320 244 448 134
2014-01-31T02:00:00Z 298 348 299 428 238
2014-02-02T09:00:00Z 173 212 192 122 106
2014-02-02T08:00:00Z 173 197 189 114 107
2014-02-02T07:00:00Z -1 -1 -1 -1 -1
2014-02-02T06:00:00Z 130 193 169 116 104
2014-02-02T05:00:00Z 96 189 170 141 97
2014-02-02T04:00:00Z 82 189 182 125 107
2014-02-06T13:00:00Z 83 109 105 56 60
2014-02-06T12:00:00Z 78 150 139 70 55
2014-02-06T11:00:00Z 91 159 131 88 49
2014-02-06T10:00:00Z 94 195 120 94 46
2014-02-06T09:00:00Z 80 210 110 95 47
2014-02-06T08:00:00Z -1 -1 -1 -1 -1
2014-02-12T07:00:00Z 190 267 263 64 116
2014-02-12T06:00:00Z 217 261 267 56 128
2014-02-12T05:00:00Z 222 220 276 74 135
2014-02-12T04:00:00Z 223 226 284 66 150
2014-02-12T03:00:00Z 206 247 270 84 143
2014-02-12T02:00:00Z 203 250 256 87 136
2014-02-17T04:00:00Z 92 241 277 53 53
2014-02-17T03:00:00Z 109 242 295 58 51
2014-02-17T02:00:00Z 127 244 286 56 52
2014-02-17T01:00:00Z 146 244 285 62 57
2014-02-17T00:00:00Z 132 253 308 76 54
2014-02-16T23:00:00Z 140 250 309 70 53
2014-03-04T04:00:00Z 192 218 259 115 131
2014-03-04T03:00:00Z 207 237 298 145 133
2014-03-04T02:00:00Z 214 240 331 158 130
2014-03-04T01:00:00Z 209 225 325 167 122
2014-03-04T00:00:00Z 215 227 343 172 136
2014-03-03T23:00:00Z 211 246 368 195 121
2014-03-11T19:00:00Z 323 284 224 27 145
2014-03-11T18:00:00Z 304 256 156 39 189
2014-03-11T17:00:00Z -1 -1 -1 -1 -1
2014-03-11T16:00:00Z 327 240 262 126 154
2014-03-11T15:00:00Z 310 224 304 140 154
2014-03-11T14:00:00Z 311 228 315 161 140
2014-03-16T06:00:00Z 120 151 152 55 29
2014-03-16T05:00:00Z 129 176 149 47 32
2014-03-16T04:00:00Z 142 195 155 58 31
2014-03-16T03:00:00Z 147 196 154 65 41
2014-03-16T02:00:00Z 154 180 138 74 42
2014-03-16T01:00:00Z 166 192 113 77 40
2014-03-28T11:00:00Z 147 187 172 93 71
2014-03-28T10:00:00Z 208 170 231 129 63
2014-03-28T09:00:00Z 210 162 235 151 126
2014-03-28T08:00:00Z 215 170 226 146 104
2014-03-28T07:00:00Z 218 162 232 150 122
2014-03-28T06:00:00Z 213 183 242 146 144
2014-03-29T01:00:00Z 187 143 191 44 94
2014-03-29T00:00:00Z 192 140 181 39 92
2014-03-28T23:00:00Z 188 125 177 40 86
2014-03-28T22:00:00Z 200 115 160 49 68
2014-03-28T21:00:00Z 206 108 136 64 64
2014-03-28T20:00:00Z 180 90 126 56 75
2014-04-01T14:00:00Z 106 62 72 37 133
2014-04-01T13:00:00Z 141 91 92 56 173
2014-04-01T12:00:00Z 211 97 83 71 168
2014-04-01T11:00:00Z 217 104 94 72 140
2014-04-01T10:00:00Z 205 113 106 78 138
2014-04-01T09:00:00Z 179 96 117 84 123
2014-04-15T08:00:00Z 89 111 114 19 17
2014-04-15T07:00:00Z 81 82 108 29 19
2014-04-15T06:00:00Z 65 82 103 26 60
2014-04-15T05:00:00Z 59 74 91 31 99
2014-04-15T04:00:00Z 51 73 94 98 122
2014-04-15T03:00:00Z 44 70 93 141 117
2014-04-23T19:00:00Z 62 65 67 111 96
2014-04-23T18:00:00Z 70 64 65 101 108
2014-04-23T17:00:00Z 92 71 64 65 141
2014-04-23T16:00:00Z 105 97 72 40 120
2014-04-23T15:00:00Z 138 118 102 39 112
2014-04-23T14:00:00Z 138 122 153 38 74
2014-04-25T22:00:00Z 87 100 65 95 50
2014-04-25T21:00:00Z 90 112 63 92 51
2014-04-25T20:00:00Z 96 86 65 82 48
2014-04-25T19:00:00Z 114 63 82 68 44
2014-04-25T18:00:00Z 102 59 72 55 55
2014-04-25T17:00:00Z 103 66 58 61 49
2014-05-07T07:00:00Z 134 152 125 86 42
2014-05-07T06:00:00Z 130 122 127 80 41
2014-05-07T05:00:00Z 134 120 119 69 39
2014-05-07T04:00:00Z 122 117 116 72 34
2014-05-07T03:00:00Z 125 104 112 67 33
2014-05-07T02:00:00Z 124 106 110 75 32
2014-05-16T00:00:00Z 95 62 54 35 74
2014-05-15T23:00:00Z 98 64 57 40 76
2014-05-15T22:00:00Z 87 62 50 32 90
2014-05-15T21:00:00Z 79 52 60 20 68
2014-05-15T20:00:00Z 72 55 57 13 56
2014-05-15T19:00:00Z 79 52 44 12 36
2014-05-19T00:00:00Z 98 103 114 27 33
2014-05-18T23:00:00Z 92 97 105 45 40
2014-05-18T22:00:00Z 97 93 111 69 50
2014-05-18T21:00:00Z 102 98 107 78 52
2014-05-18T20:00:00Z 118 96 113 73 53
2014-05-18T19:00:00Z 136 103 97 43 52
2014-05-20T06:00:00Z 242 116 104 75 56
2014-05-20T05:00:00Z 208 119 96 90 57
2014-05-20T04:00:00Z 234 127 101 95 57
2014-05-20T03:00:00Z 215 119 104 104 50
2014-05-20T02:00:00Z 209 132 89 121 45
2014-05-20T01:00:00Z 199 120 79 104 48
2014-05-22T14:00:00Z 55 75 104 79 38
2014-05-22T13:00:00Z 69 85 98 80 38
2014-05-22T12:00:00Z -1 -1 -1 -1 -1
2014-05-22T11:00:00Z 166 130 137 100 34
2014-05-22T10:00:00Z 207 137 138 81 38
2014-05-22T09:00:00Z 225 117 122 89 34
2014-05-25T11:00:00Z 143 72 66 110 53
2014-05-25T10:00:00Z 151 60 68 64 42
2014-05-25T09:00:00Z 134 68 72 55 21
2014-05-25T08:00:00Z 122 68 71 44 27
2014-05-25T07:00:00Z 116 146 74 40 30
2014-05-25T06:00:00Z 101 161 63 39 25
2014-05-30T18:00:00Z 81 93 100 48 32
2014-05-30T17:00:00Z 85 99 130 38 35
2014-05-30T16:00:00Z 88 111 151 33 39
2014-05-30T15:00:00Z 99 105 149 25 41
2014-05-31T23:00:00Z 89 96 86 75 31
2014-05-31T22:00:00Z -1 89 101 70 28
2014-05-31T21:00:00Z 155 86 84 65 26
2014-05-31T20:00:00Z 131 98 88 50 24
2014-05-31T19:00:00Z 117 146 90 60 25
2014-05-31T18:00:00Z 120 130 109 61 27
2014-06-17T03:00:00Z 116 157 158 158 125
2014-06-17T02:00:00Z 126 150 157 146 122
2014-06-17T01:00:00Z 143 183 152 122 109
2014-06-17T00:00:00Z 202 172 147 128 116
2014-06-16T23:00:00Z 188 159 176 122 138
2014-06-16T22:00:00Z 126 141 167 144 143
2014-06-17T17:00:00Z 148 87 188 28 49
2014-06-17T16:00:00Z 133 68 204 18 52
2014-06-17T15:00:00Z 130 106 216 22 62
2014-06-17T14:00:00Z 112 142 221 33 95
2014-07-05T11:00:00Z 89 53 75 170 33
2014-07-05T10:00:00Z 83 61 84 186 38
2014-07-05T09:00:00Z 87 74 108 174 41
2014-07-05T08:00:00Z 84 99 103 139 54
2014-07-05T07:00:00Z 74 133 123 145 61
2014-07-05T06:00:00Z 68 113 97 141 58
2014-07-19T00:00:00Z 65 38 57 114 80
2014-07-18T23:00:00Z 64 37 52 112 92
2014-07-18T22:00:00Z 62 53 56 97 117
2014-07-18T21:00:00Z 62 68 53 102 141
2014-07-18T20:00:00Z 62 59 49 111 118
2014-07-29T12:00:00Z 103 123 145 102 41
2014-07-29T11:00:00Z 116 147 152 115 36
2014-07-29T10:00:00Z -1 -1 -1 -1 -1
2014-07-29T09:00:00Z 191 167 132 109 67
2014-07-29T07:00:00Z 193 170 122 125 77
2014-08-09T11:00:00Z 64 118 81 77 36
2014-08-09T10:00:00Z 86 124 91 55 39
2014-08-09T09:00:00Z 109 157 95 58 33
2014-08-21T21:00:00Z 119 190 58 28 66
2014-08-21T19:00:00Z 107 192 92 35 85
2014-08-21T18:00:00Z 96 183 156 40 63
2014-08-21T17:00:00Z 86 186 176 46 55
2014-08-21T16:00:00Z 91 169 149 45 73
2014-08-23T22:00:00Z 143 150 114 36 68
2014-08-23T21:00:00Z 147 142 114 26 69
2014-08-23T19:00:00Z 127 129 89 28 68
2014-08-30T23:00:00Z 79 161 84 76 34
2014-08-30T22:00:00Z 61 155 85 76 27
2014-08-30T21:00:00Z 60 165 82 78 38
2014-08-30T19:00:00Z 82 142 77 77 19
2014-08-30T18:00:00Z 75 125 94 98 17
2014-09-01T15:00:00Z 93 86 112 48 18
2014-09-01T14:00:00Z 85 87 126 53 21
2014-09-01T13:00:00Z 86 99 140 54 24
2014-09-01T12:00:00Z -1 -1 -1 -1 -1
2014-09-01T11:00:00Z 104 112 118 67 20
2014-09-07T22:00:00Z 112 250 113 99 81
2014-09-07T21:00:00Z 110 243 92 93 65
2014-09-07T19:00:00Z 83 176 82 64 59
2014-09-07T18:00:00Z 92 140 94 62 68
2014-09-07T17:00:00Z 96 122 93 54 84
2014-09-21T04:00:00Z 112 156 148 20 13
2014-09-21T03:00:00Z 130 160 147 20 16
2014-09-21T02:00:00Z 151 158 143 24 15
2014-09-21T01:00:00Z -1 -1 -1 -1 -1
2014-09-21T00:00:00Z 168 166 126 19 14
2014-09-25T23:00:00Z 55 104 60 59 46
2014-09-25T22:00:00Z 58 99 56 61 32
2014-09-25T21:00:00Z 61 98 59 46 20
2014-09-25T19:00:00Z 85 56 53 34 12
2014-09-25T18:00:00Z 87 51 57 24 12
2014-09-26T23:00:00Z 162 165 141 113 48
2014-09-26T22:00:00Z 176 179 147 98 45
2014-09-26T21:00:00Z 199 202 143 103 66
2014-09-26T20:00:00Z 194 204 133 112 81
2014-09-26T19:00:00Z 177 192 127 117 74
2014-09-26T18:00:00Z 167 181 128 96 44
2014-10-04T00:00:00Z 85 152 119 45 34
2014-10-03T23:00:00Z 114 162 151 51 41
2014-10-03T22:00:00Z 127 178 147 43 41
2014-10-03T21:00:00Z 146 169 155 46 36
2014-10-03T20:00:00Z 149 170 150 52 33
2014-10-03T19:00:00Z 148 156 107 39 27
2014-10-11T18:00:00Z 177 211 242 73 107
2014-10-11T17:00:00Z 159 212 212 124 121
2014-10-11T16:00:00Z -1 -1 -1 -1 -1
2014-10-11T15:00:00Z 136 205 238 180 135
2014-10-11T14:00:00Z 135 207 237 213 106
2014-10-11T13:00:00Z 142 212 242 199 125
2014-10-18T04:00:00Z 253 189 58 66 127
2014-10-18T03:00:00Z 257 175 55 62 131
2014-10-18T02:00:00Z 250 165 59 68 141
2014-10-18T01:00:00Z 250 165 61 50 144
2014-10-18T00:00:00Z 248 178 79 77 141
2014-10-17T23:00:00Z 233 180 87 59 142
2014-10-20T23:00:00Z 55 243 231 26 14
2014-10-20T22:00:00Z 71 236 228 31 14
2014-10-20T21:00:00Z 136 245 78 30 16
2014-10-20T20:00:00Z 224 264 206 29 18
2014-10-26T04:00:00Z 153 144 170 115 196
2014-10-26T03:00:00Z 112 199 182 153 217
2014-10-26T02:00:00Z 111 185 193 172 212
2014-10-26T01:00:00Z 138 185 212 188 217
2014-10-26T00:00:00Z 173 204 225 181 210
2014-10-25T23:00:00Z 225 245 228 200 213
