2014-01-02T13:00:00Z 114 -1 106 62 45
2014-01-02T12:00:00Z 105 -1 108 71 61
2014-01-02T11:00:00Z -1 -1 -1 -1 -1
2014-01-02T10:00:00Z -1 -1 -1 -1 -1
2014-01-02T09:00:00Z -1 -1 -1 -1 -1
2014-01-02T08:00:00Z -1 -1 -1 -1 -1
2014-01-04T11:00:00Z 137 242 152 68 -1
2014-01-04T10:00:00Z 117 189 176 64 -1
2014-01-04T09:00:00Z 101 153 111 51 -1
2014-01-04T08:00:00Z 90 133 120 43 -1
2014-01-04T07:00:00Z 71 122 118 42 -1
2014-01-04T06:00:00Z 70 112 100 42 66
2014-01-06T11:00:00Z 197 121 292 80 112
2014-01-06T10:00:00Z 173 102 263 81 154
2014-01-06T09:00:00Z 167 104 255 71 122
2014-01-06T08:00:00Z 149 117 255 68 123
2014-01-06T07:00:00Z 134 100 296 66 112
2014-01-06T06:00:00Z 129 92 309 65 112
2014-01-13T16:00:00Z 193 142 120 35 132
2014-01-13T15:00:00Z -1 -1 -1 -1 -1
2014-01-13T14:00:00Z 203 158 202 28 126
2014-01-13T13:00:00Z -1 -1 -1 -1 -1
2014-01-13T12:00:00Z 210 212 269 49 160
2014-01-13T11:00:00Z 187 234 234 66 138
2014-01-14T21:00:00Z 142 249 257 44 141
2014-01-14T20:00:00Z 155 210 255 36 112
2014-01-14T19:00:00Z 122 172 251 16 72
2014-01-14T18:00:00Z 123 129 223 6 69
2014-01-14T17:00:00Z 136 100 197 5 68
2014-01-14T16:00:00Z -1 -1 -1 -1 -1
2014-01-15T17:00:00Z 400 441 577 38 75
2014-01-15T16:00:00Z 367 411 614 41 84
2014-01-15T15:00:00Z 353 397 428 42 70
2014-01-15T14:00:00Z 342 379 588 47 82
2014-01-15T13:00:00Z 301 343 451 48 105
2014-01-15T12:00:00Z 325 334 191 50 118
2014-01-22T16:00:00Z 162 179 213 60 119
2014-01-22T15:00:00Z 211 194 221 52 98
2014-01-22T14:00:00Z 196 168 205 48 109
2014-01-22T13:00:00Z 155 185 223 49 102
2014-01-22T12:00:00Z 175 170 243 46 100
2014-01-22T11:00:00Z 203 167 300 72 91
2014-01-29T11:00:00Z 114 163 255 92 99
2014-01-29T10:00:00Z 95 225 300 87 76
2014-01-29T09:00:00Z 69 249 273 82 65
2014-01-29T08:00:00Z 82 271 310 79 67
2014-01-29T07:00:00Z 78 264 302 78 76
2014-01-29T06:00:00Z 55 220 348 78 47
2014-01-30T18:00:00Z 20 95 107 9 30
2014-01-30T17:00:00Z 7 84 103 9 32
2014-01-30T16:00:00Z 13 96 85 9 33
2014-01-30T15:00:00Z 15 57 99 3 30
2014-01-30T14:00:00Z 18 60 97 2 34
2014-01-30T13:00:00Z 15 110 121 1 37
2014-01-31T16:00:00Z 116 85 112 62 66
2014-01-31T15:00:00Z 112 59 127 69 90
2014-01-31T14:00:00Z 124 67 148 84 115
2014-01-31T13:00:00Z 147 129 155 142 89
2014-01-31T12:00:00Z 161 184 173 194 87
2014-01-31T11:00:00Z 149 182 158 228 124
2014-02-05T22:00:00Z 154 89 111 80 35
2014-02-05T21:00:00Z 98 92 81 79 27
2014-02-05T20:00:00Z 77 81 106 58 29
2014-02-05T19:00:00Z 58 73 84 42 24
2014-02-05T18:00:00Z 81 98 76 41 27
2014-02-05T17:00:00Z 61 80 98 36 26
2014-02-11T14:00:00Z 127 116 172 49 108
2014-02-11T13:00:00Z 280 143 209 47 108
2014-02-11T12:00:00Z 361 168 175 42 126
2014-02-11T11:00:00Z 210 209 173 38 -1
2014-02-11T10:00:00Z 209 138 51 54 119
2014-02-11T09:00:00Z 170 -1 53 43 88
2014-02-19T22:00:00Z 125 112 163 36 114
2014-02-19T21:00:00Z 133 94 131 27 95
2014-02-19T20:00:00Z 130 72 117 19 93
2014-02-19T19:00:00Z 133 63 105 9 94
2014-02-19T18:00:00Z 100 53 90 10 91
2014-02-19T17:00:00Z 91 46 103 15 97
2014-03-01T22:00:00Z 56 136 109 40 68
2014-03-01T21:00:00Z 47 124 99 28 68
2014-03-01T20:00:00Z 38 100 91 17 76
2014-03-01T19:00:00Z 20 60 84 9 59
2014-03-01T18:00:00Z 17 49 75 9 51
2014-03-01T17:00:00Z 18 36 52 12 49
2014-03-16T16:00:00Z 139 161 184 54 76
2014-03-16T15:00:00Z 118 134 169 41 61
2014-03-16T14:00:00Z 107 110 135 32 56
2014-03-16T13:00:00Z 99 136 139 28 52
2014-03-16T12:00:00Z 89 126 139 46 41
2014-03-16T11:00:00Z 90 126 123 53 42
2014-03-23T08:00:00Z 152 112 104 37 96
2014-03-23T07:00:00Z 134 102 114 30 113
2014-03-23T06:00:00Z 143 111 99 34 99
2014-03-23T05:00:00Z 120 112 128 38 90
2014-03-23T04:00:00Z 111 110 143 39 105
2014-03-23T03:00:00Z 106 127 98 35 116
2014-03-31T02:00:00Z 128 114 158 28 73
2014-03-31T01:00:00Z 131 127 168 18 91
2014-03-31T00:00:00Z 133 103 129 16 138
2014-03-30T23:00:00Z 129 93 148 14 130
2014-03-30T22:00:00Z 84 89 109 19 62
2014-03-30T21:00:00Z 25 62 101 25 101
2014-03-31T23:00:00Z 136 31 47 89 135
2014-03-31T22:00:00Z 150 32 33 89 123
2014-03-31T21:00:00Z -1 -1 -1 -1 -1
2014-03-31T20:00:00Z 154 65 31 56 101
2014-03-31T19:00:00Z 154 45 22 44 76
2014-03-31T18:00:00Z 187 43 38 47 33
2014-04-17T21:00:00Z 115 113 91 56 92
2014-04-17T20:00:00Z 99 129 92 48 69
2014-04-17T19:00:00Z 98 121 106 42 63
2014-04-17T18:00:00Z 117 89 103 42 57
2014-04-17T17:00:00Z 98 87 97 48 59
2014-04-17T16:00:00Z 100 90 74 46 67
2014-04-23T07:00:00Z 152 128 156 53 -1
2014-04-23T06:00:00Z 145 124 164 48 120
2014-04-23T05:00:00Z 141 102 139 49 96
2014-04-23T04:00:00Z 86 108 161 45 98
2014-04-23T03:00:00Z 81 106 129 38 100
2014-04-23T02:00:00Z 67 79 128 40 96
2014-04-24T07:00:00Z 146 97 141 52 107
2014-04-24T06:00:00Z 106 97 124 52 96
2014-04-24T05:00:00Z 118 124 110 49 70
2014-04-24T04:00:00Z 116 107 134 51 60
2014-04-24T03:00:00Z 101 82 120 51 53
2014-04-24T02:00:00Z 98 81 108 51 65
2014-05-01T02:00:00Z 113 111 138 69 95
2014-05-01T01:00:00Z 81 110 112 88 87
2014-05-01T00:00:00Z -1 -1 -1 -1 -1
2014-04-30T23:00:00Z 99 102 136 93 77
2014-04-30T22:00:00Z 99 89 130 79 82
2014-04-30T21:00:00Z 69 77 105 70 69
2014-05-15T13:00:00Z 54 80 30 7 -1
2014-05-15T12:00:00Z 54 61 20 10 -1
2014-05-15T11:00:00Z 63 36 16 20 -1
2014-05-15T10:00:00Z 70 21 28 19 -1
2014-05-15T09:00:00Z 68 35 29 21 -1
2014-05-15T08:00:00Z 77 57 24 24 57
2014-05-21T14:00:00Z 119 138 120 35 54
2014-05-21T13:00:00Z 149 114 93 49 56
2014-05-21T12:00:00Z -1 -1 -1 -1 -1
2014-05-21T11:00:00Z 158 137 99 43 80
2014-05-21T10:00:00Z 129 177 131 37 73
2014-05-21T09:00:00Z 128 168 141 26 90
2014-06-16T05:00:00Z 112 93 168 64 54
2014-06-16T04:00:00Z 103 83 190 68 53
2014-06-16T03:00:00Z 118 90 172 76 57
2014-06-16T02:00:00Z 112 59 138 63 56
2014-06-16T01:00:00Z 107 79 148 66 57
2014-06-16T00:00:00Z 114 83 136 74 60
2014-07-01T09:00:00Z 136 141 158 63 59
2014-07-01T08:00:00Z 123 133 190 61 61
2014-07-01T07:00:00Z 126 146 184 75 60
2014-07-01T06:00:00Z 115 127 134 67 55
2014-07-01T05:00:00Z 97 133 94 65 57
2014-07-01T04:00:00Z 105 115 114 60 55
2014-07-02T21:00:00Z 88 114 170 33 46
2014-07-02T20:00:00Z 99 106 162 46 36
2014-07-02T19:00:00Z 135 100 175 71 30
2014-07-02T18:00:00Z 151 99 146 67 27
2014-07-02T17:00:00Z 138 104 128 54 29
2014-07-02T16:00:00Z 115 75 107 55 27
2014-07-05T18:00:00Z 55 83 103 123 46
2014-07-05T17:00:00Z 56 61 88 122 51
2014-07-05T16:00:00Z 62 75 86 124 46
2014-07-05T15:00:00Z 90 62 69 128 36
2014-07-05T14:00:00Z 116 48 78 -1 30
2014-07-05T13:00:00Z 113 72 81 -1 27
2014-07-30T08:00:00Z 142 56 112 40 22
2014-07-30T07:00:00Z 146 60 114 19 20
2014-07-30T06:00:00Z 112 49 146 20 21
2014-07-30T05:00:00Z 95 61 101 42 18
2014-07-30T04:00:00Z 55 33 121 144 17
2014-07-30T03:00:00Z 47 44 127 132 19
2014-08-20T02:00:00Z 61 47 88 69 62
2014-08-20T01:00:00Z 51 55 88 70 62
2014-08-20T00:00:00Z 62 49 65 63 80
2014-08-19T23:00:00Z 53 50 51 65 92
2014-08-19T22:00:00Z 55 49 52 80 89
2014-08-19T21:00:00Z 57 39 50 59 83
2014-08-21T01:00:00Z 114 93 115 18 103
2014-08-21T00:00:00Z 105 82 113 24 92
2014-08-20T23:00:00Z 116 56 84 29 56
2014-08-20T22:00:00Z 92 65 65 40 34
2014-08-20T21:00:00Z 81 60 53 89 28
2014-08-20T20:00:00Z 59 70 54 87 33
2014-08-30T02:00:00Z 83 73 65 52 29
2014-08-30T01:00:00Z 95 67 63 57 32
2014-08-30T00:00:00Z 94 58 71 58 33
2014-08-29T23:00:00Z 90 70 79 55 30
2014-08-29T22:00:00Z 86 80 69 46 25
2014-08-29T21:00:00Z 83 64 77 45 23
2014-09-22T09:00:00Z -1 85 87 95 56
2014-09-22T08:00:00Z -1 90 108 91 56
2014-09-22T07:00:00Z -1 77 110 102 60
2014-09-22T06:00:00Z 52 81 107 101 56
2014-09-22T05:00:00Z 51 85 117 88 58
2014-09-22T04:00:00Z 42 65 114 78 60
2014-09-25T08:00:00Z 64 86 167 11 26
2014-09-25T07:00:00Z 57 89 151 7 27
2014-09-25T06:00:00Z -1 -1 -1 -1 -1
2014-09-25T05:00:00Z 44 76 135 21 29
2014-09-25T04:00:00Z 51 70 132 12 34
2014-09-25T03:00:00Z 45 96 110 12 40
2014-09-26T08:00:00Z 100 115 138 57 42
2014-09-26T07:00:00Z -1 -1 -1 -1 -1
2014-09-26T06:00:00Z 69 114 134 48 35
2014-09-26T05:00:00Z 80 102 122 61 29
2014-09-26T04:00:00Z 83 124 113 78 26
2014-09-26T03:00:00Z 78 114 101 74 31
2014-10-07T13:00:00Z 135 223 212 36 92
2014-10-07T12:00:00Z 139 189 164 30 82
2014-10-07T11:00:00Z 152 197 185 19 51
2014-10-07T10:00:00Z 143 194 221 31 51
2014-10-07T09:00:00Z 122 176 241 27 52
2014-10-07T08:00:00Z 118 155 179 22 57
