2013-05-28T00:00:00Z 80 108 49 5 1.274833 20
2013-05-28T01:00:00Z 79 92 45 5 1.366417 20
2013-05-28T02:00:00Z 74 77 39 6 1.236091 15
2013-05-28T03:00:00Z 75 75 36 5 0.950000 22
2013-05-28T04:00:00Z 84 92 40 4 0.841667 13
2013-05-28T05:00:00Z 82 86 50 5 0.975000 7
2013-05-28T06:00:00Z 81 91 49 5 1.058333 5
2013-05-28T07:00:00Z 84 92 48 5 1.108333 3
2013-05-28T08:00:00Z 88 87 50 5 1.191500 4
2013-05-28T09:00:00Z 98 109 55 5 1.308167 4
2013-05-28T10:00:00Z 99 108 57 5 1.291500 6
2013-05-28T11:00:00Z 76 101 62 5 1.227091 9
2013-05-28T12:00:00Z 57 69 62 6 1.091583 16
2013-05-28T13:00:00Z 52 69 60 8 0.991667 22
2013-05-28T14:00:00Z 67 81 69 6 0.991667 19
2013-05-28T15:00:00Z 70 92 69 6 0.958333 24
2013-05-28T16:00:00Z 66 80 51 7 0.775000 31
2013-05-28T17:00:00Z 62 88 48 8 0.758333 39
2013-05-28T18:00:00Z 56 85 47 7 0.683333 54
2013-05-28T19:00:00Z 49 70 51 6 0.666667 48
2013-05-28T20:00:00Z 62 92 60 5 0.758333 29
2013-05-28T21:00:00Z 77 115 63 5 0.841667 16
2013-05-28T22:00:00Z 77 96 62 4 0.891667 10
2013-05-28T23:00:00Z 71 133 54 4 0.716667 21
2013-05-29T00:00:00Z 58 192 39 5 0.416667 35
2013-05-29T01:00:00Z 34 110 16 4 0.225000 52
2013-05-29T02:00:00Z 12 76 14 3 0.200000 56
2013-05-29T03:00:00Z 7 46 14 4 0.222222 55
2013-05-29T04:00:00Z 6 27 13 5 0.209091 49
2013-05-29T05:00:00Z 5 19 15 5 0.233333 47
2013-05-29T06:00:00Z 5 22 16 5 0.241667 46
2013-05-29T07:00:00Z 8 32 24 5 0.275000 37
2013-05-29T08:00:00Z 7 23 21 5 0.316667 43
2013-05-29T09:00:00Z 8 16 15 5 0.291667 55
2013-05-29T10:00:00Z 6 15 14 5 0.300000 64
2013-05-29T11:00:00Z 10 14 13 5 0.254545 72
2013-05-29T12:00:00Z 10 10 12 4 0.216667 83
2013-05-29T13:00:00Z 11 19 11 4 0.183333 93
2013-05-29T14:00:00Z 9 23 13 4 0.208333 99
2013-05-29T15:00:00Z 10 31 14 4 0.218182 101
2013-05-29T16:00:00Z 11 29 16 4 0.220000 100
2013-05-29T17:00:00Z 10 37 20 4 0.220000 103
2013-05-29T18:00:00Z 14 42 24 4 0.272727 107
2013-05-29T19:00:00Z 15 82 34 4 0.318182 102
2013-05-29T20:00:00Z 21 95 36 5 0.354545 92
2013-05-29T21:00:00Z 31 105 44 12 0.427273 80
2013-05-29T22:00:00Z 35 104 54 14 0.500000 60
2013-05-29T23:00:00Z 35 82 56 13 0.475000 46
2013-05-30T00:00:00Z 31 88 64 11 0.516667 30
2013-05-30T01:00:00Z 37 99 72 11 0.525000 21
2013-05-30T02:00:00Z 39 84 74 10 0.525000 15
2013-05-30T03:00:00Z 37 93 70 8 0.636364 10
2013-05-30T04:00:00Z 40 96 67 8 0.641667 11
2013-05-30T05:00:00Z 40 76 63 9 0.658333 10
2013-05-30T06:00:00Z 38 77 61 10 0.633333 12
2013-05-30T07:00:00Z 37 88 59 13 0.625000 16
2013-05-30T08:00:00Z 40 103 59 17 0.650000 26
2013-05-30T09:00:00Z 46 119 74 19 0.710000 34
2013-05-30T10:00:00Z 53 112 80 19 0.781818 51
2013-05-30T11:00:00Z 61 119 89 18 0.863636 70
2013-05-30T12:00:00Z 79 148 102 19 0.872727 102
2013-05-30T13:00:00Z 86 140 81 19 0.772727 151
2013-05-30T14:00:00Z 61 98 44 14 0.580000 191
2013-05-30T15:00:00Z -1 -1 -1 -1 -1.000000 -1
2013-05-30T16:00:00Z 53 99 31 12 0.500000 194
2013-05-30T17:00:00Z 48 124 33 13 0.580000 191
2013-05-30T18:00:00Z 51 155 40 18 0.609091 189
2013-05-30T19:00:00Z 64 188 44 25 0.672727 189
2013-05-30T20:00:00Z 68 200 46 29 0.945455 179
2013-05-30T21:00:00Z 67 153 47 29 1.027273 150
2013-05-30T22:00:00Z 68 142 48 30 0.954455 129
2013-05-30T23:00:00Z 63 130 47 26 0.836364 117
2013-06-10T00:00:00Z 12 20 46 3 0.655556 6
2013-06-10T01:00:00Z 22 21 49 4 0.800000 3
2013-06-10T02:00:00Z 16 20 44 4 0.787375 3
2013-06-10T03:00:00Z 14 20 42 4 0.750000 3
2013-06-10T04:00:00Z 16 17 43 3 0.733333 3
2013-06-10T05:00:00Z 15 16 40 4 0.775000 3
2013-06-10T06:00:00Z 11 17 34 4 0.733333 3
2013-06-10T07:00:00Z 14 20 33 4 0.788778 2
2013-06-10T08:00:00Z 23 31 41 4 0.887500 4
2013-06-10T09:00:00Z 24 29 48 4 0.811111 9
2013-06-10T10:00:00Z 24 23 57 5 0.655556 28
2013-06-10T11:00:00Z 22 24 45 7 0.500000 61
2013-06-10T12:00:00Z 23 25 38 8 0.444444 84
2013-06-10T13:00:00Z 22 23 29 7 0.425000 97
2013-06-10T14:00:00Z 21 18 27 5 0.371429 105
2013-06-10T15:00:00Z 15 14 23 4 0.314286 104
2013-06-10T16:00:00Z 10 13 23 4 0.314286 101
2013-06-10T17:00:00Z 12 18 28 3 0.312500 98
2013-06-10T18:00:00Z 18 68 36 4 0.357143 100
2013-06-10T19:00:00Z 24 58 41 4 0.400000 90
2013-06-10T20:00:00Z 28 59 45 4 0.400000 74
2013-06-10T21:00:00Z 36 62 55 4 0.462500 54
2013-06-10T22:00:00Z 33 60 61 4 0.500000 39
2013-06-10T23:00:00Z 31 50 56 4 0.544444 28
2013-06-11T00:00:00Z 30 59 49 4 0.511111 22
2013-06-11T01:00:00Z 30 59 53 4 0.488889 17
2013-06-11T02:00:00Z 32 61 54 4 0.533333 14
2013-06-11T03:00:00Z 38 55 52 4 0.550000 10
2013-06-11T04:00:00Z 40 63 66 5 0.587500 6
2013-06-11T05:00:00Z 42 74 59 4 0.644444 7
2013-06-11T06:00:00Z 52 78 59 5 0.675000 5
2013-06-11T07:00:00Z 53 82 52 5 0.633333 9
2013-06-11T08:00:00Z 58 97 60 6 0.700000 13
2013-06-11T09:00:00Z 62 92 57 8 0.655556 33
2013-06-11T10:00:00Z 63 87 49 10 0.588889 65
2013-06-11T11:00:00Z 74 95 51 11 0.587500 96
2013-06-11T12:00:00Z 60 89 45 8 0.590909 122
2013-06-11T13:00:00Z 83 110 47 8 0.654545 146
2013-06-11T14:00:00Z 69 111 34 7 0.600000 170
2013-06-11T15:00:00Z 81 104 25 6 0.536364 173
2013-06-11T16:00:00Z 79 97 27 4 0.540000 134
2013-06-11T17:00:00Z 63 77 34 3 0.540000 124
2013-06-11T18:00:00Z 40 86 30 3 0.500000 110
2013-06-11T19:00:00Z 26 25 37 4 0.480000 86
2013-06-11T20:00:00Z 20 38 38 3 0.490000 82
2013-06-11T21:00:00Z 40 54 41 3 0.611111 68
2013-06-11T22:00:00Z 43 65 45 3 0.663636 73
2013-06-11T23:00:00Z 28 51 28 3 0.536364 70
2013-06-18T00:00:00Z 50 75 74 7 0.933222 45
2013-06-18T01:00:00Z 52 66 85 9 0.933222 35
2013-06-18T02:00:00Z 49 67 85 11 0.887375 25
2013-06-18T03:00:00Z 44 75 63 7 0.766667 21
2013-06-18T04:00:00Z 38 75 93 6 0.722222 18
2013-06-18T05:00:00Z 42 78 70 6 0.788889 15
2013-06-18T06:00:00Z 44 73 61 5 0.820000 20
2013-06-18T07:00:00Z 49 77 68 8 0.855556 21
2013-06-18T08:00:00Z 48 70 56 9 0.727273 45
2013-06-18T09:00:00Z 41 73 65 10 0.745455 69
2013-06-18T10:00:00Z 48 72 57 10 0.755556 99
2013-06-18T11:00:00Z 42 64 48 8 0.740000 127
2013-06-18T12:00:00Z 31 47 34 7 0.622222 135
2013-06-18T13:00:00Z 34 49 36 7 0.637500 155
2013-06-18T14:00:00Z 31 50 35 7 0.600000 159
2013-06-18T15:00:00Z 35 61 34 7 0.644444 163
2013-06-18T16:00:00Z 32 63 37 8 0.633333 165
2013-06-18T17:00:00Z 34 77 41 8 0.633333 169
2013-06-18T18:00:00Z 36 76 49 8 0.666667 166
2013-06-18T19:00:00Z 34 75 53 8 0.620000 145
2013-06-18T20:00:00Z 36 93 60 7 0.700000 125
2013-06-18T21:00:00Z 44 101 70 8 0.772545 103
2013-06-18T22:00:00Z 50 107 54 9 0.799900 88
2013-06-18T23:00:00Z 51 147 74 9 0.849900 71
2013-06-19T00:00:00Z 62 116 48 18 1.209091 75
2013-06-19T01:00:00Z 69 107 38 15 1.259800 77
2013-06-19T02:00:00Z 57 95 31 10 1.199900 83
2013-06-19T03:00:00Z 53 72 31 9 1.244333 72
2013-06-19T04:00:00Z 57 68 33 7 1.155556 53
2013-06-19T05:00:00Z 64 83 40 7 1.254455 41
2013-06-19T06:00:00Z 69 100 46 8 1.419800 34
2013-06-19T07:00:00Z 81 113 48 16 1.479700 39
2013-06-19T08:00:00Z 93 131 49 17 1.549900 57
2013-06-19T09:00:00Z 77 97 47 15 1.299800 77
2013-06-19T10:00:00Z 39 63 38 11 0.881818 94
2013-06-20T01:00:00Z 49 112 69 7 0.911111 59
2013-06-20T02:00:00Z 55 98 74 6 0.962500 43
2013-06-20T03:00:00Z 49 99 55 7 0.937375 39
2013-06-20T04:00:00Z 47 98 71 8 0.911000 41
2013-06-20T05:00:00Z 69 113 64 11 1.124875 32
2013-06-20T06:00:00Z 72 140 68 13 1.274875 29
2013-06-20T07:00:00Z 66 116 62 13 1.310889 29
2013-06-20T08:00:00Z 49 87 55 12 1.062500 31
2013-06-20T09:00:00Z 34 67 48 9 0.837375 38
2013-06-20T10:00:00Z 35 84 59 21 0.911111 36
2013-06-20T11:00:00Z 31 65 36 9 0.890727 59
2013-06-20T12:00:00Z 35 69 55 10 0.739900 81
2013-06-20T13:00:00Z 32 59 45 21 0.859900 95
2013-06-20T14:00:00Z 32 52 38 8 0.759900 93
2013-06-20T15:00:00Z 32 61 36 10 0.822111 104
2013-06-20T16:00:00Z 45 84 40 12 0.944444 120
2013-06-20T17:00:00Z 54 112 40 18 1.242857 129
2013-06-20T18:00:00Z 46 126 50 20 1.469700 110
2013-06-20T19:00:00Z 44 86 56 22 1.744444 89
2013-06-20T20:00:00Z 74 112 57 27 1.939800 68
2013-06-20T21:00:00Z 98 192 72 32 2.055444 58
2013-06-20T22:00:00Z 120 213 67 29 2.221778 44
2013-06-20T23:00:00Z 97 124 67 22 1.866556 35
2013-06-21T00:00:00Z 60 107 56 15 1.455333 29
2013-06-21T01:00:00Z 51 89 53 12 1.388667 20
2013-06-21T02:00:00Z 50 95 58 13 1.411000 12
2013-06-21T03:00:00Z 57 102 59 10 1.499714 10
2013-06-21T04:00:00Z 71 113 54 9 1.355444 9
2013-06-21T05:00:00Z 57 89 55 8 1.089600 9
2013-06-21T06:00:00Z 42 81 48 7 0.950000 10
2013-06-21T07:00:00Z 44 86 46 8 0.980000 14
2013-06-21T08:00:00Z 41 94 54 10 1.055444 21
2013-06-21T09:00:00Z 50 108 58 14 1.109800 43
2013-06-21T10:00:00Z 53 92 54 16 1.050000 70
2013-06-21T11:00:00Z 43 73 44 17 0.939900 93
2013-06-21T12:00:00Z 36 72 35 14 0.744444 118
2013-06-21T13:00:00Z 31 53 23 11 0.622222 151
2013-06-21T14:00:00Z 29 59 22 8 0.600000 142
2013-06-21T15:00:00Z 36 87 22 8 0.630000 150
2013-06-21T16:00:00Z 49 93 25 7 0.660000 148
2013-06-21T17:00:00Z 53 114 30 6 0.680000 129
2013-06-21T18:00:00Z 58 93 35 6 0.755556 116
2013-06-21T19:00:00Z 54 76 42 6 0.800000 91
2013-06-21T20:00:00Z 44 63 40 5 0.744444 77
2013-06-21T21:00:00Z 29 76 37 5 0.650000 78
2013-06-21T22:00:00Z 24 58 35 5 0.620000 75
2013-06-21T23:00:00Z 26 59 34 5 0.580000 73
2013-06-22T00:00:00Z 34 62 31 5 0.577778 76
2013-06-22T01:00:00Z 35 58 29 5 0.577778 79
2013-06-22T02:00:00Z 34 56 27 5 0.560000 70
2013-06-22T03:00:00Z 35 50 28 5 0.525000 70
2013-06-22T04:00:00Z 42 60 32 5 0.577778 52
2013-06-22T05:00:00Z 48 81 31 5 0.590000 51
2013-06-22T06:00:00Z 72 107 34 5 0.688889 44
2013-06-22T07:00:00Z 85 97 38 4 0.760000 28
2013-06-22T08:00:00Z 84 85 47 4 0.840000 17
2013-06-22T09:00:00Z 68 77 50 3 0.833333 14
2013-06-22T10:00:00Z 59 66 47 3 0.822222 19
2013-06-22T11:00:00Z 50 56 43 3 0.822222 24
2013-06-22T12:00:00Z 44 71 35 3 0.740000 36
2013-06-22T13:00:00Z 39 45 27 3 0.700000 44
2013-06-22T14:00:00Z 35 54 26 3 0.666667 45
2013-06-22T15:00:00Z 32 -1 27 3 0.666667 45
2013-06-22T16:00:00Z 34 50 30 3 0.666667 41
2013-06-22T17:00:00Z 40 44 35 3 0.677778 40
2013-06-22T18:00:00Z 41 49 40 3 0.690000 35
2013-06-22T19:00:00Z 39 56 48 3 0.730000 27
2013-06-22T20:00:00Z 40 68 44 3 0.755556 29
2013-06-22T21:00:00Z 40 69 39 3 0.744444 32
2013-06-22T22:00:00Z 42 40 39 3 0.811111 24
2013-06-22T23:00:00Z 39 35 40 4 0.970000 18
2013-06-23T00:00:00Z 47 65 50 4 1.188778 10
2013-06-23T01:00:00Z 48 36 48 7 1.339800 16
2013-06-23T02:00:00Z 49 45 37 7 1.388889 24
2013-06-23T03:00:00Z 56 24 33 6 1.337375 20
2013-06-23T04:00:00Z 60 31 33 6 1.288667 19
2013-06-23T05:00:00Z 61 58 43 5 1.266444 10
2013-06-23T06:00:00Z 59 43 37 5 1.229800 14
2013-06-23T07:00:00Z 60 50 39 7 1.255444 16
2013-06-23T08:00:00Z 64 35 43 9 1.199875 31
2013-06-23T09:00:00Z 49 49 36 7 0.855333 48
2013-06-23T10:00:00Z 41 33 33 7 0.733333 67
2013-06-23T11:00:00Z 38 47 28 8 0.711111 91
2013-06-23T12:00:00Z 32 38 21 8 0.630000 117
2013-06-23T13:00:00Z 30 25 16 7 0.600000 143
2013-06-23T14:00:00Z 33 28 15 6 0.611111 172
2013-06-23T15:00:00Z 34 49 16 6 0.611111 193
2013-06-23T16:00:00Z 38 68 16 5 0.610000 212
2013-06-23T17:00:00Z 47 69 19 6 0.677778 227
2013-06-23T18:00:00Z 41 62 20 5 0.680000 222
2013-06-23T19:00:00Z 43 77 24 5 0.710000 201
2013-06-23T20:00:00Z 44 59 32 4 0.800000 161
2013-06-23T21:00:00Z 52 86 36 4 0.833222 139
2013-06-23T22:00:00Z 54 92 39 4 0.829900 117
2013-06-23T23:00:00Z 64 98 39 4 0.855444 109
2013-06-24T00:00:00Z 66 93 35 4 0.809900 103
2013-06-24T01:00:00Z 58 75 33 4 0.799900 88
2013-06-24T02:00:00Z 37 158 34 4 0.870000 74
2013-06-24T03:00:00Z 36 51 36 4 0.966667 69
2013-06-24T04:00:00Z 40 56 32 4 1.070000 59
2013-06-24T05:00:00Z 49 69 36 3 1.090000 50
2013-06-24T06:00:00Z 57 97 40 4 1.188778 39
2013-06-24T07:00:00Z 77 125 45 5 1.260000 41
2013-06-24T08:00:00Z 154 208 43 7 1.669800 53
2013-06-24T09:00:00Z 191 224 50 7 1.733000 62
2013-06-24T10:00:00Z 171 198 42 8 1.622000 89
2013-06-24T11:00:00Z 166 157 32 8 1.589700 123
2013-07-23T00:00:00Z 92 117 47 11 1.388889 72
2013-07-23T01:00:00Z 92 108 41 10 1.333333 66
2013-07-23T02:00:00Z 96 113 40 11 1.244444 77
2013-07-23T03:00:00Z 96 95 30 10 1.085714 76
2013-07-23T04:00:00Z 76 -1 24 8 0.811111 64
2013-07-23T05:00:00Z 67 60 27 6 0.788889 54
2013-07-23T06:00:00Z 69 88 29 5 0.833333 43
2013-07-23T07:00:00Z 73 109 33 5 0.877778 33
2013-07-23T08:00:00Z -1 -1 -1 -1 -1.000000 -1
2013-07-23T09:00:00Z 53 68 35 6 0.788889 73
2013-07-23T10:00:00Z 43 58 28 5 0.644444 101
2013-07-23T11:00:00Z 36 70 23 5 0.811111 122
2013-07-23T12:00:00Z 33 62 20 4 0.666667 143
2013-07-23T13:00:00Z 37 53 17 4 0.550000 170
2013-07-23T14:00:00Z 36 62 16 4 0.530000 182
2013-07-23T15:00:00Z 32 56 15 4 0.470000 182
2013-07-23T16:00:00Z 31 60 18 4 0.460000 178
2013-07-23T17:00:00Z 32 67 17 4 0.470000 175
2013-07-23T18:00:00Z 32 71 21 5 0.490000 166
2013-07-23T19:00:00Z 34 74 24 6 0.490000 156
2013-07-23T20:00:00Z 34 69 28 5 0.560000 134
2013-07-23T21:00:00Z 38 81 30 5 0.580000 116
2013-07-23T22:00:00Z 42 79 35 5 0.610000 96
2013-07-23T23:00:00Z 46 83 36 5 0.630000 81
2013-07-24T00:00:00Z 51 92 43 4 0.640000 62
2013-07-24T01:00:00Z 59 98 42 4 0.660000 45
2013-07-24T02:00:00Z 61 99 48 4 0.630000 33
2013-07-24T03:00:00Z 59 95 53 4 0.733333 17
2013-07-24T04:00:00Z 59 100 67 4 0.670000 15
2013-07-24T05:00:00Z 61 91 59 4 0.670000 14
2013-07-24T06:00:00Z 62 92 48 5 0.610000 19
2013-07-24T07:00:00Z 61 85 46 6 0.660000 28
2013-07-24T08:00:00Z 49 83 47 11 0.700000 37
2013-07-24T09:00:00Z 42 75 52 14 0.722222 44
2013-07-24T10:00:00Z 30 51 42 13 0.633333 60
2013-07-24T11:00:00Z 21 33 30 10 0.511111 90
2013-07-24T12:00:00Z 14 22 17 8 0.400000 110
2013-07-24T13:00:00Z 13 22 12 5 0.320000 118
2013-07-24T14:00:00Z 13 20 18 5 0.330000 121
2013-07-24T15:00:00Z 14 33 14 5 0.288889 127
2013-07-24T16:00:00Z 14 44 15 6 0.288889 133
2013-07-24T17:00:00Z 15 37 18 7 0.277778 134
2013-07-24T18:00:00Z 14 44 20 6 0.277778 124
2013-07-24T19:00:00Z 15 49 26 6 0.388889 105
2013-07-24T20:00:00Z 18 70 34 5 0.455556 75
2013-07-24T21:00:00Z 25 59 46 4 0.744444 45
2013-07-24T22:00:00Z 29 82 39 5 0.700000 55
2013-07-24T23:00:00Z 29 91 45 6 0.611111 50
2013-07-25T00:00:00Z 25 52 41 5 0.611111 33
2013-07-25T01:00:00Z 22 57 52 5 0.544444 23
2013-07-25T02:00:00Z 19 62 54 3 0.477778 14
2013-07-25T03:00:00Z 19 55 44 4 0.450000 20
2013-07-25T04:00:00Z 16 41 40 4 0.377778 21
2013-07-25T05:00:00Z 15 30 44 4 0.388889 16
2013-07-25T06:00:00Z 17 45 45 4 0.433333 13
2013-07-25T07:00:00Z 15 46 36 4 0.444444 18
2013-07-25T08:00:00Z 15 66 37 5 0.511111 20
2013-07-25T09:00:00Z 16 62 34 5 0.550000 29
2013-07-25T10:00:00Z 17 59 35 5 0.588889 43
2013-07-25T11:00:00Z 15 43 32 4 0.462500 72
2013-07-25T12:00:00Z 15 37 26 4 0.475000 105
2013-07-25T13:00:00Z 22 35 21 5 0.455556 144
2013-07-25T14:00:00Z 20 35 16 4 0.422222 164
2013-07-25T15:00:00Z 24 45 15 5 0.444444 187
2013-07-25T16:00:00Z 32 65 17 7 0.511111 216
2013-07-25T17:00:00Z 37 74 19 8 0.600000 231
2013-07-25T18:00:00Z 37 105 22 14 0.900000 240
2013-07-25T19:00:00Z 54 130 32 24 1.466667 250
2013-07-25T20:00:00Z 58 152 39 22 1.700000 202
2013-07-25T21:00:00Z 60 138 39 21 1.844444 156
2013-07-25T22:00:00Z 53 123 41 18 1.600000 108
2013-07-25T23:00:00Z 43 98 49 15 1.333333 68
2013-08-01T00:00:00Z 32 -1 22 3 0.540000 84
2013-08-01T01:00:00Z 30 -1 20 3 0.490000 87
2013-08-01T02:00:00Z 26 -1 20 4 0.450000 84
2013-08-01T03:00:00Z 24 -1 15 3 0.400000 84
2013-08-01T04:00:00Z 29 -1 21 3 0.420000 63
2013-08-01T05:00:00Z 29 -1 17 3 0.450000 57
2013-08-01T06:00:00Z 28 19 20 3 0.450000 51
2013-08-01T07:00:00Z 28 45 22 3 0.490000 58
2013-08-01T08:00:00Z 28 28 27 4 0.520000 64
2013-08-01T09:00:00Z 33 41 31 4 0.560000 64
2013-08-01T10:00:00Z 32 44 31 4 0.570000 71
2013-08-01T11:00:00Z 34 52 38 4 0.644444 60
2013-08-01T12:00:00Z 36 52 46 3 0.750000 49
2013-08-01T13:00:00Z 38 51 47 3 0.740000 51
2013-08-01T14:00:00Z 38 -1 49 4 0.710000 62
2013-08-01T15:00:00Z 40 37 49 4 0.770000 55
2013-08-01T16:00:00Z 43 55 54 4 0.780000 59
2013-08-01T17:00:00Z 42 54 42 4 0.700000 83
2013-08-01T18:00:00Z 44 51 47 4 0.730000 93
2013-08-01T19:00:00Z 46 64 45 4 0.790000 78
2013-08-01T20:00:00Z 52 73 54 4 0.860000 58
2013-08-01T21:00:00Z 56 73 60 4 0.880000 41
2013-08-01T22:00:00Z 56 74 44 4 0.910000 21
2013-08-01T23:00:00Z 53 75 62 4 0.930000 15
2013-08-02T00:00:00Z 54 78 61 4 0.960000 15
2013-08-02T01:00:00Z 57 73 54 4 0.960000 13
2013-08-02T02:00:00Z 60 63 52 4 1.000000 11
2013-08-02T03:00:00Z 60 95 50 4 1.050000 11
2013-08-02T04:00:00Z 58 91 44 4 0.940000 12
2013-08-02T05:00:00Z 54 54 42 4 0.800000 7
2013-08-02T06:00:00Z 51 50 36 4 0.760000 8
2013-08-02T07:00:00Z 53 70 35 4 0.790000 11
2013-08-02T08:00:00Z 58 62 36 4 0.800000 20
2013-08-02T09:00:00Z 69 73 28 6 0.940000 44
2013-08-02T10:00:00Z 79 85 23 9 1.150000 76
2013-08-02T11:00:00Z 83 94 25 11 1.160000 100
2013-08-02T12:00:00Z 86 95 26 10 1.120000 132
2013-08-02T13:00:00Z 92 103 26 9 1.120000 165
2013-08-02T14:00:00Z 93 88 23 8 1.090000 198
2013-08-02T15:00:00Z 93 100 20 8 1.080000 232
2013-08-02T16:00:00Z 103 112 20 8 1.120000 247
2013-08-02T17:00:00Z 108 110 21 6 1.380000 223
2013-08-02T18:00:00Z 102 136 23 4 1.070000 187
2013-08-02T19:00:00Z 48 -1 25 4 0.690000 148
2013-08-02T20:00:00Z 31 32 37 4 0.580000 97
2013-08-02T21:00:00Z 29 50 49 4 0.650000 73
2013-08-02T22:00:00Z 33 83 50 4 0.720000 66
2013-08-02T23:00:00Z 47 59 50 4 0.680000 69
2013-08-18T18:00:00Z 14 53 20 4 0.463636 146
2013-08-18T19:00:00Z 18 57 24 3 0.490909 146
2013-08-18T20:00:00Z 19 46 30 4 0.554545 131
2013-08-18T21:00:00Z 21 51 32 4 0.572727 111
2013-08-18T22:00:00Z 24 58 42 4 0.609091 85
2013-08-18T23:00:00Z 26 57 48 4 0.663636 64
2013-08-19T14:00:00Z 13 12 16 3 0.481818 140
2013-08-19T15:00:00Z 11 12 14 3 0.463636 146
2013-08-19T16:00:00Z 15 26 14 2 0.445455 154
2013-08-19T17:00:00Z 14 30 19 3 0.481818 157
2013-08-19T18:00:00Z 18 53 27 4 0.527273 172
2013-08-20T09:00:00Z 87 173 65 16 1.775000 50
2013-08-20T10:00:00Z 122 161 67 17 1.845455 82
2013-08-20T11:00:00Z 125 152 56 19 1.758333 125
2013-08-20T12:00:00Z 108 132 45 17 1.600000 162
2013-08-20T13:00:00Z 93 128 30 15 1.450000 176
2013-08-20T14:00:00Z 67 87 20 11 1.109091 179
2013-08-20T15:00:00Z 68 89 23 9 1.116667 168
2013-08-20T16:00:00Z 75 95 26 10 1.075000 166
2013-08-20T17:00:00Z 81 97 32 9 1.175000 144
2013-08-20T18:00:00Z 87 151 46 7 1.358333 111
2013-08-20T19:00:00Z 101 129 53 6 1.483333 91
2013-08-21T10:00:00Z 123 137 50 4 1.325000 53
2013-08-21T11:00:00Z 118 114 47 5 1.263636 77
2013-08-21T12:00:00Z 116 105 53 5 1.300000 88
2013-08-21T13:00:00Z -1 -1 -1 -1 -1.000000 -1
2013-08-21T14:00:00Z 103 99 44 9 1.100000 153
2013-08-21T15:00:00Z 89 74 29 9 1.000000 190
2013-08-21T16:00:00Z 81 121 25 11 0.916667 200
2013-08-21T17:00:00Z 64 79 26 14 0.900000 202
2013-08-21T18:00:00Z 71 81 28 16 0.883333 189
2013-08-21T19:00:00Z 69 98 35 15 0.900000 157
2013-08-21T20:00:00Z 77 114 44 13 0.925000 121
2013-08-21T21:00:00Z 89 139 49 11 1.000000 92
2013-08-21T22:00:00Z 96 134 47 9 1.033333 72
2013-08-21T23:00:00Z 99 136 54 6 1.100000 50
2013-08-22T00:00:00Z -1 -1 -1 -1 -1.000000 -1
2013-08-22T01:00:00Z 102 131 54 4 1.136364 30
2013-08-22T02:00:00Z 103 119 53 4 1.116667 23
2013-08-22T03:00:00Z 102 117 48 3 1.091667 22
2013-08-22T04:00:00Z 108 120 70 3 1.108333 16
2013-08-22T05:00:00Z 114 136 56 4 1.125000 17
2013-08-22T06:00:00Z 118 154 55 4 1.108333 18
2013-08-22T07:00:00Z 120 135 55 5 1.141667 21
2013-08-22T08:00:00Z 115 120 51 6 1.133333 36
2013-08-22T09:00:00Z 115 132 57 7 1.141667 41
2013-08-22T10:00:00Z -1 -1 -1 -1 -1.000000 -1
2013-08-22T11:00:00Z -1 -1 -1 -1 -1.000000 -1
2013-08-22T12:00:00Z -1 -1 -1 -1 -1.000000 -1
2013-08-22T13:00:00Z 114 144 66 5 1.233333 40
2013-08-22T14:00:00Z 113 130 58 5 1.200000 49
2013-08-22T15:00:00Z 104 114 54 5 1.175000 55
2013-08-22T16:00:00Z 103 125 59 5 1.216667 49
2013-08-22T17:00:00Z 102 126 63 6 1.308333 49
2013-08-22T18:00:00Z 109 129 81 5 1.316667 58
2013-08-22T19:00:00Z 105 123 79 5 1.291667 60
2013-08-22T20:00:00Z 112 127 83 4 1.366667 40
2013-08-22T21:00:00Z 118 138 88 4 1.508333 15
2013-08-22T22:00:00Z 118 149 81 4 1.541667 4
2013-08-22T23:00:00Z 108 132 82 4 1.450000 3
2013-08-23T00:00:00Z 91 111 68 4 1.283333 5
2013-08-23T01:00:00Z 86 111 56 4 1.166667 7
2013-08-23T16:00:00Z 11 20 13 4 0.450000 133
2013-08-23T17:00:00Z 12 25 18 4 0.466667 133
2013-08-23T18:00:00Z 14 45 22 3 0.525000 130
2013-08-23T19:00:00Z 18 60 33 3 0.575000 116
2013-08-23T20:00:00Z 25 65 47 3 0.675000 89
2013-08-23T21:00:00Z 31 79 54 3 0.800000 62
2013-08-23T22:00:00Z 34 93 51 4 0.800000 48
2013-08-23T23:00:00Z 36 88 54 5 0.850000 36
2013-08-24T00:00:00Z 33 82 43 5 0.841667 38
2013-08-24T01:00:00Z 34 73 74 5 0.850000 28
2013-08-24T02:00:00Z 36 70 61 3 0.908333 20
2013-08-24T03:00:00Z 37 95 54 5 0.833333 24
2013-08-24T04:00:00Z 40 77 52 6 0.833333 10
2013-08-24T05:00:00Z 35 76 54 6 0.800000 14
2013-08-24T06:00:00Z 31 46 49 5 0.775000 14
2013-08-24T07:00:00Z 24 40 49 5 0.683333 16
2013-08-24T08:00:00Z 27 71 56 5 0.733333 16
2013-08-24T09:00:00Z 29 61 57 6 0.783333 26
2013-08-24T10:00:00Z 27 56 49 8 0.758333 44
2013-08-24T11:00:00Z 23 37 38 8 0.691667 74
2013-08-24T12:00:00Z 19 34 24 5 0.566667 105
2013-08-24T13:00:00Z 20 56 19 4 0.533333 124
2013-08-24T14:00:00Z 12 12 13 3 0.425000 122
2013-08-24T15:00:00Z 10 19 11 2 0.366667 118
2013-08-24T16:00:00Z 9 25 11 2 0.383333 129
2013-08-24T17:00:00Z 13 36 13 3 0.400000 136
2013-08-24T18:00:00Z 14 46 25 3 0.466667 138
2013-08-24T19:00:00Z 27 102 38 5 0.658333 160
2013-08-24T20:00:00Z 40 100 46 6 0.775000 128
2013-08-24T21:00:00Z 41 80 58 6 0.833333 85
2013-08-24T22:00:00Z -1 -1 -1 -1 -1.000000 -1
2013-08-24T23:00:00Z 42 100 68 5 0.925000 34
2013-08-28T15:00:00Z 84 48 44 7 2.108333 68
2013-08-28T16:00:00Z 78 72 47 7 2.133333 66
2013-08-28T17:00:00Z 80 83 58 7 2.300000 56
2013-08-28T18:00:00Z 85 95 47 6 2.258333 53
2013-08-28T19:00:00Z 79 86 50 6 2.258333 40
2013-08-28T20:00:00Z 86 96 60 5 2.491667 19
2013-08-28T21:00:00Z 98 111 60 4 2.525000 10
2013-08-28T22:00:00Z 105 118 60 4 2.533333 7
2013-08-28T23:00:00Z 106 120 57 4 2.583333 3
2013-08-29T00:00:00Z 102 101 57 4 2.516667 3
2013-08-29T01:00:00Z 95 110 61 4 2.445455 3
2013-08-29T02:00:00Z 89 113 59 4 2.416667 3
2013-08-29T03:00:00Z 83 120 59 5 2.255556 4
2013-08-29T04:00:00Z 64 -1 46 5 1.541667 14
2013-08-29T05:00:00Z 27 -1 29 4 0.775000 27
2013-08-29T06:00:00Z 14 27 21 3 0.450000 36
2013-08-29T07:00:00Z 12 38 26 4 0.391667 35
2013-08-29T08:00:00Z 11 50 24 4 0.341667 39
2013-08-29T09:00:00Z 8 31 17 3 0.341667 46
2013-08-29T10:00:00Z 8 34 17 4 0.325000 53
2013-08-29T11:00:00Z 8 31 12 2 0.300000 65
2013-08-29T12:00:00Z 5 19 10 1 0.300000 71
2013-08-29T13:00:00Z 5 17 10 1 0.300000 71
2013-08-29T14:00:00Z 4 14 10 2 0.300000 72
2013-08-29T15:00:00Z 5 16 11 2 0.300000 71
2013-08-29T16:00:00Z 5 19 12 2 0.290909 67
2013-08-29T17:00:00Z 4 16 11 2 0.291667 61
2013-08-29T18:00:00Z 6 15 15 2 0.325000 51
2013-08-29T19:00:00Z 6 19 21 3 0.336364 41
2013-08-29T20:00:00Z 7 22 26 2 0.383333 33
2013-08-29T21:00:00Z 10 27 31 4 0.425000 24
2013-08-29T22:00:00Z 10 36 36 5 0.450000 17
2013-08-29T23:00:00Z 9 31 33 4 0.425000 20
2013-08-30T00:00:00Z 5 30 21 2 0.341667 35
2013-08-30T01:00:00Z 4 24 12 2 0.300000 46
2013-08-30T02:00:00Z 3 10 11 2 0.308333 48
2013-08-30T03:00:00Z 3 11 11 1 0.291667 47
2013-08-30T04:00:00Z 4 11 12 2 0.300000 42
2013-08-30T05:00:00Z 4 14 11 1 0.316667 44
2013-08-30T06:00:00Z 3 12 18 1 0.341667 35
2013-08-30T07:00:00Z 7 25 27 1 0.383333 25
2013-08-30T08:00:00Z 7 21 25 1 0.416667 27
2013-08-30T09:00:00Z 5 10 20 1 0.391667 36
2013-08-30T10:00:00Z 5 7 12 1 0.341667 47
2013-08-30T11:00:00Z 4 10 10 1 0.341667 55
2013-08-30T12:00:00Z 5 6 9 2 0.308333 63
2013-08-30T13:00:00Z -1 -1 -1 -1 -1.000000 -1
2013-08-30T14:00:00Z 6 8 10 1 0.341667 72
2013-08-30T15:00:00Z 7 26 11 2 0.336364 77
2013-08-30T16:00:00Z 5 13 12 3 0.333333 79
2013-08-30T17:00:00Z 9 13 14 4 0.333333 80
2013-08-30T18:00:00Z 10 26 19 4 0.366667 75
2013-08-30T19:00:00Z 12 42 28 3 0.625000 57
2013-08-30T20:00:00Z 19 56 45 3 0.583333 39
2013-08-30T21:00:00Z 21 59 51 2 0.566667 29
2013-08-30T22:00:00Z 20 60 54 3 0.566667 22
2013-08-30T23:00:00Z 23 58 56 3 0.575000 16
2013-08-31T00:00:00Z 22 62 57 3 0.583333 13
2013-08-31T01:00:00Z 21 55 53 3 0.641667 11
2013-08-31T02:00:00Z 22 47 50 4 0.618182 10
2013-08-31T03:00:00Z 23 45 48 4 0.600000 11
2013-08-31T04:00:00Z 19 48 46 5 0.509091 11
2013-08-31T05:00:00Z 18 38 44 5 0.508333 9
2013-08-31T06:00:00Z 15 34 43 9 0.466667 8
2013-08-31T07:00:00Z 17 36 43 11 0.541667 7
2013-08-31T08:00:00Z 15 34 39 18 0.533333 14
2013-08-31T09:00:00Z -1 -1 -1 -1 -1.000000 -1
2013-08-31T10:00:00Z 14 34 32 17 0.541667 31
2013-08-31T11:00:00Z -1 -1 -1 -1 -1.000000 -1
2013-08-31T12:00:00Z 7 14 16 7 0.391667 64
2013-08-31T13:00:00Z 9 17 14 5 0.358333 76
2013-08-31T14:00:00Z 9 18 13 3 0.350000 86
2013-08-31T15:00:00Z 11 27 15 3 0.358333 98
2013-08-31T16:00:00Z 12 38 16 2 0.341667 109
2013-08-31T17:00:00Z -1 -1 -1 -1 -1.000000 -1
2013-08-31T18:00:00Z 11 35 17 2 0.350000 104
2013-08-31T19:00:00Z 12 43 23 2 0.366667 81
2013-08-31T20:00:00Z 14 54 35 2 0.466667 56
2013-08-31T21:00:00Z 18 58 41 2 0.491667 40
2013-08-31T22:00:00Z 19 52 51 3 0.550000 24
2013-08-31T23:00:00Z 21 59 58 3 0.650000 16
2013-09-01T00:00:00Z 32 97 64 5 0.775000 15
2013-09-01T01:00:00Z 42 97 51 7 0.941667 21
2013-09-01T02:00:00Z 52 94 44 7 1.200000 22
2013-09-01T03:00:00Z 46 70 45 7 1.233333 14
2013-09-01T04:00:00Z 36 57 44 7 1.183333 11
2013-09-01T05:00:00Z 30 53 44 8 1.133333 10
2013-09-01T06:00:00Z 32 65 45 7 1.083333 7
2013-09-01T07:00:00Z 33 65 42 7 1.058333 9
2013-09-01T08:00:00Z 36 66 38 9 0.983333 19
2013-09-01T09:00:00Z 33 68 34 11 0.916667 31
2013-09-01T10:00:00Z 33 64 31 15 0.872727 47
2013-09-01T11:00:00Z 30 51 26 15 0.791667 69
2013-09-01T12:00:00Z -1 -1 -1 -1 -1.000000 -1
2013-09-01T13:00:00Z 29 50 22 12 0.716667 115
2013-09-01T14:00:00Z 32 49 24 12 0.716667 132
2013-09-01T15:00:00Z 36 58 26 12 0.716667 152
2013-09-01T16:00:00Z 39 72 26 11 0.725000 178
2013-09-01T17:00:00Z 35 61 24 10 0.675000 180
2013-09-01T18:00:00Z 38 93 27 10 0.758333 174
2013-09-01T19:00:00Z -1 -1 -1 -1 -1.000000 -1
2013-09-01T20:00:00Z 46 97 39 9 0.975000 132
2013-09-01T21:00:00Z 43 99 38 5 0.808333 100
2013-09-01T22:00:00Z 43 56 32 3 0.758333 88
2013-09-01T23:00:00Z 38 48 34 3 0.725000 69
2013-09-02T00:00:00Z 37 48 35 3 0.758333 48
2013-09-02T01:00:00Z 36 49 48 2 0.800000 35
2013-09-02T02:00:00Z 44 58 39 3 0.766667 30
2013-09-02T03:00:00Z 32 41 45 3 0.500000 25
2013-09-02T04:00:00Z 24 42 36 3 0.466667 24
2013-09-02T05:00:00Z 26 40 40 2 0.508333 25
2013-09-02T06:00:00Z 29 39 39 3 0.625000 26
2013-09-02T07:00:00Z 28 38 41 4 0.675000 29
2013-09-02T08:00:00Z 29 46 44 6 0.758333 37
2013-09-02T09:00:00Z 29 42 38 10 0.883333 52
2013-09-02T10:00:00Z 29 43 38 16 1.018182 66
2013-09-02T11:00:00Z 33 49 30 15 0.916667 85
2013-09-02T12:00:00Z 42 63 26 17 0.966667 110
2013-09-02T13:00:00Z 47 67 23 18 0.958333 136
2013-09-02T14:00:00Z 50 67 20 17 0.916667 160
2013-09-02T15:00:00Z 51 64 19 16 0.916667 179
2013-09-02T16:00:00Z 55 72 21 18 1.066667 190
2013-09-02T17:00:00Z 62 83 23 22 1.241667 195
2013-09-02T18:00:00Z 66 97 28 20 1.366667 190
2013-09-02T19:00:00Z 67 111 33 16 1.358333 166
2013-09-02T20:00:00Z 71 114 33 12 1.225000 140
2013-09-02T21:00:00Z 82 124 44 11 1.236364 108
2013-09-02T22:00:00Z 76 118 37 8 1.241667 87
2013-09-02T23:00:00Z 73 98 36 8 1.258333 73
2013-09-03T00:00:00Z 76 90 43 7 1.341667 60
2013-09-03T01:00:00Z 80 96 46 8 1.533333 45
2013-09-03T02:00:00Z 82 102 46 8 1.600000 35
2013-09-03T03:00:00Z 85 91 48 7 1.516667 28
2013-09-03T04:00:00Z 91 107 56 5 1.458333 17
2013-09-03T05:00:00Z 98 144 39 5 1.325000 18
2013-09-03T06:00:00Z 96 119 52 5 1.225000 16
2013-09-03T07:00:00Z 88 109 47 6 1.175000 21
2013-09-03T08:00:00Z 77 86 43 6 1.083333 38
2013-09-03T09:00:00Z 68 80 42 7 1.050000 53
2013-09-03T10:00:00Z 69 89 44 8 1.100000 67
2013-09-03T11:00:00Z 77 119 45 11 1.150000 89
2013-09-03T12:00:00Z 85 110 39 14 1.183333 126
2013-09-03T13:00:00Z 85 107 31 16 1.183333 167
2013-09-03T14:00:00Z 86 110 26 16 1.125000 189
2013-09-03T15:00:00Z 85 114 27 16 1.116667 198
2013-09-03T16:00:00Z 91 113 27 17 1.108333 207
2013-09-03T17:00:00Z 92 119 26 16 1.041667 207
2013-09-03T18:00:00Z 96 148 30 15 1.041667 195
2013-09-03T19:00:00Z 100 137 35 15 1.075000 166
2013-09-03T20:00:00Z 105 148 41 14 1.150000 138
2013-09-03T21:00:00Z 100 131 44 14 1.108333 115
2013-09-03T22:00:00Z 103 137 44 17 1.033333 101
2013-09-03T23:00:00Z 117 143 46 21 1.141667 90
2013-09-04T00:00:00Z 120 145 46 20 1.183333 80
2013-09-04T01:00:00Z 121 140 41 18 1.175000 73
2013-09-04T02:00:00Z 125 141 39 13 1.258333 64
2013-09-04T03:00:00Z 128 139 34 11 1.325000 66
2013-09-04T04:00:00Z 97 109 26 8 1.150000 72
2013-09-04T05:00:00Z 42 50 19 3 0.866667 85
2013-09-04T06:00:00Z 34 22 24 2 0.875000 71
2013-09-04T07:00:00Z 34 31 33 2 0.933333 58
2013-09-04T08:00:00Z 42 27 40 3 0.975000 52
2013-09-04T09:00:00Z 39 45 51 2 1.058333 33
2013-09-04T10:00:00Z 50 55 52 3 1.108333 38
2013-09-04T11:00:00Z 51 43 48 5 1.108333 49
2013-09-04T12:00:00Z 49 52 53 8 1.241667 50
2013-09-04T13:00:00Z 53 64 54 4 1.133333 54
2013-09-04T14:00:00Z 53 51 44 4 1.058333 76
2013-09-04T15:00:00Z 50 53 37 6 0.983333 93
2013-09-04T16:00:00Z 47 42 38 6 1.041667 98
2013-09-04T17:00:00Z 47 45 43 7 1.050000 95
2013-09-04T18:00:00Z 55 55 46 7 1.125000 86
2013-09-04T19:00:00Z 55 58 43 7 1.191667 78
2013-09-04T20:00:00Z 63 75 46 6 1.308333 60
2013-09-04T21:00:00Z 71 81 47 5 1.275000 51
2013-09-04T22:00:00Z 66 74 39 4 1.141667 56
2013-09-04T23:00:00Z 51 6 34 3 0.941667 62
2013-09-05T00:00:00Z 30 6 24 2 0.641667 67
2013-09-05T01:00:00Z 26 6 24 2 0.583333 62
2013-09-05T02:00:00Z 18 7 25 1 0.500000 53
2013-09-05T03:00:00Z 13 -1 18 1 0.425000 58
2013-09-05T04:00:00Z 11 8 16 1 0.375000 49
2013-09-05T05:00:00Z 9 7 20 1 0.416667 48
2013-09-05T06:00:00Z 9 8 21 1 0.408333 43
2013-09-05T07:00:00Z 9 13 32 1 0.558333 27
2013-09-05T08:00:00Z 12 13 35 1 0.633333 31
2013-09-05T09:00:00Z 10 6 28 1 0.516667 44
2013-09-05T10:00:00Z 9 10 23 2 0.466667 52
2013-09-05T11:00:00Z 7 9 18 3 0.400000 62
2013-09-05T12:00:00Z 7 11 16 4 0.400000 73
2013-09-05T13:00:00Z 11 16 16 5 0.400000 84
2013-09-05T14:00:00Z 12 18 15 5 0.400000 97
2013-09-05T15:00:00Z 14 21 17 4 0.400000 104
2013-09-05T16:00:00Z 15 30 20 3 0.458333 106
2013-09-05T17:00:00Z 15 41 24 3 0.441667 109
2013-09-05T18:00:00Z 23 64 29 5 0.641667 105
2013-09-05T19:00:00Z 34 69 34 6 1.016667 90
2013-09-05T20:00:00Z 41 55 36 7 1.391667 71
2013-09-05T21:00:00Z 42 46 38 7 1.491667 49
2013-09-05T22:00:00Z 43 45 36 7 1.416667 43
2013-09-05T23:00:00Z 42 45 35 7 1.433333 37
2013-09-06T00:00:00Z 44 45 37 7 1.425000 31
2013-09-06T01:00:00Z 44 50 37 8 1.425000 27
2013-09-06T02:00:00Z 47 42 35 10 1.420000 24
2013-09-06T03:00:00Z 49 51 40 8 1.500000 21
2013-09-06T04:00:00Z 52 55 49 8 1.466667 14
2013-09-06T05:00:00Z 49 50 44 9 1.500000 12
2013-09-06T06:00:00Z 50 59 44 7 1.450000 9
2013-09-06T07:00:00Z 51 56 48 5 1.483333 5
2013-09-06T08:00:00Z 51 58 48 5 1.500000 7
2013-09-06T09:00:00Z 54 55 43 7 1.458333 18
2013-09-06T10:00:00Z 59 63 42 9 1.400000 31
2013-09-06T11:00:00Z 56 48 41 11 1.309091 48
2013-09-06T12:00:00Z 55 52 44 10 1.258333 64
2013-09-06T13:00:00Z 63 50 44 10 1.209091 82
2013-09-06T14:00:00Z 60 55 42 10 1.175000 103
2013-09-06T15:00:00Z 60 63 35 11 1.175000 128
2013-09-06T16:00:00Z 60 66 30 16 1.150000 150
2013-09-06T17:00:00Z 66 75 28 17 1.216667 156
2013-09-06T18:00:00Z 73 84 34 16 1.391667 147
2013-09-06T19:00:00Z 85 100 41 13 1.583333 125
2013-09-06T20:00:00Z 99 114 48 11 1.741667 96
2013-09-06T21:00:00Z -1 -1 -1 -1 -1.000000 -1
2013-09-06T22:00:00Z 99 111 48 10 1.936364 59
2013-09-06T23:00:00Z 100 113 51 8 2.072727 41
2013-09-07T00:00:00Z 106 123 52 9 2.181818 34
2013-09-07T01:00:00Z 104 115 58 7 2.166667 19
2013-09-07T02:00:00Z 105 117 61 6 2.000000 11
2013-09-07T03:00:00Z 101 117 56 5 1.908333 11
2013-09-07T04:00:00Z 95 109 54 4 1.791667 9
2013-09-07T05:00:00Z 97 115 54 5 1.783333 9
2013-09-07T06:00:00Z 95 116 54 5 1.750000 10
2013-09-07T07:00:00Z 84 99 48 5 1.663636 11
2013-09-07T08:00:00Z 85 95 44 6 1.525000 23
2013-09-07T09:00:00Z 84 81 42 8 1.433333 40
2013-09-07T10:00:00Z 81 65 36 11 1.366667 68
2013-09-07T11:00:00Z 68 -1 26 10 1.083333 94
2013-09-07T12:00:00Z -1 -1 -1 -1 -1.000000 -1
2013-09-07T13:00:00Z 37 42 14 7 0.675000 131
2013-09-07T14:00:00Z 29 36 13 5 0.616667 141
2013-09-07T15:00:00Z 23 27 14 4 0.554545 144
2013-09-07T16:00:00Z 25 36 16 4 0.509091 147
2013-09-07T17:00:00Z 20 30 20 4 0.490909 147
2013-09-07T18:00:00Z -1 -1 -1 -1 -1.000000 -1
2013-09-07T19:00:00Z 30 75 39 3 0.675000 113
2013-09-07T20:00:00Z 45 107 48 4 0.850000 96
2013-09-07T21:00:00Z 58 100 54 4 0.963636 78
2013-09-07T22:00:00Z 66 103 66 4 1.072727 52
2013-09-07T23:00:00Z 70 94 61 3 1.136364 35
2013-09-08T00:00:00Z 71 101 77 3 1.181818 27
2013-09-08T01:00:00Z 59 86 66 3 1.218182 25
2013-09-08T02:00:00Z 65 108 67 5 1.227273 19
2013-09-08T03:00:00Z 54 103 68 5 1.045455 17
2013-09-08T04:00:00Z 56 71 51 5 0.909091 16
2013-09-08T05:00:00Z 52 61 58 4 0.820000 18
2013-09-08T06:00:00Z 37 44 48 4 0.672727 20
2013-09-08T07:00:00Z 33 49 46 4 0.691667 19
2013-09-08T08:00:00Z 42 65 51 4 0.766667 16
2013-09-08T09:00:00Z 49 77 53 5 0.933333 21
2013-09-08T10:00:00Z 59 106 57 9 1.191667 27
2013-09-08T11:00:00Z -1 -1 -1 -1 -1.000000 -1
2013-09-08T12:00:00Z 86 123 56 17 1.550000 56
2013-09-08T13:00:00Z -1 -1 -1 -1 -1.000000 -1
2013-09-08T14:00:00Z 106 129 43 41 1.675000 100
2013-09-08T15:00:00Z 111 130 39 43 1.791667 118
2013-09-08T16:00:00Z -1 -1 -1 -1 -1.000000 -1
2013-09-08T17:00:00Z 131 164 44 36 2.158333 117
2013-09-08T18:00:00Z 143 195 40 30 2.758333 104
2013-09-08T19:00:00Z 156 195 42 23 2.972727 89
2013-09-08T20:00:00Z 160 211 49 19 2.718182 67
2013-09-08T21:00:00Z 110 153 48 13 2.072727 64
2013-09-08T22:00:00Z -1 -1 -1 -1 -1.000000 -1
2013-09-08T23:00:00Z 62 -1 30 6 0.963636 84
2013-09-09T00:00:00Z 42 47 27 4 0.836364 76
2013-09-09T01:00:00Z 34 40 34 3 0.854545 56
2013-09-09T02:00:00Z 47 73 50 4 0.920000 35
2013-09-09T03:00:00Z 53 67 55 2 0.850000 21
2013-09-09T04:00:00Z 55 52 59 2 0.854545 21
2013-09-09T05:00:00Z 55 46 47 2 0.854545 23
2013-09-09T06:00:00Z 60 69 40 3 0.945455 23
2013-09-09T07:00:00Z 67 77 44 4 1.109091 25
2013-09-09T08:00:00Z 76 84 48 5 1.300000 14
2013-09-09T09:00:00Z 86 91 50 6 1.454545 13
2013-09-09T10:00:00Z 108 96 50 8 1.454545 17
2013-09-09T11:00:00Z 115 97 41 11 1.318182 42
2013-09-09T12:00:00Z 101 93 34 23 1.127273 78
2013-09-09T13:00:00Z 84 59 25 15 0.916667 117
2013-09-09T14:00:00Z 63 64 24 13 0.808333 130
2013-09-09T15:00:00Z 54 67 22 12 0.783333 135
2013-09-09T16:00:00Z 54 66 20 12 0.683333 139
2013-09-09T17:00:00Z 65 76 22 12 0.675000 138
2013-09-09T18:00:00Z 73 91 27 11 0.733333 124
2013-09-09T19:00:00Z 79 105 33 11 0.816667 103
2013-09-09T20:00:00Z 88 122 38 10 0.933333 83
2013-09-09T21:00:00Z 97 120 40 10 1.033333 70
2013-09-09T22:00:00Z 97 115 44 9 1.025000 58
2013-09-09T23:00:00Z 89 100 40 9 0.925000 57
2013-09-10T00:00:00Z 90 102 40 8 0.866667 50
2013-09-10T01:00:00Z 88 108 38 7 0.850000 41
2013-09-10T02:00:00Z 91 112 43 8 0.883333 30
2013-09-10T03:00:00Z 93 105 46 7 0.840000 22
2013-09-10T04:00:00Z 94 108 47 6 0.858333 11
2013-09-10T05:00:00Z 95 108 50 5 0.916667 5
2013-09-10T06:00:00Z 94 110 52 4 0.975000 3
2013-09-10T07:00:00Z 101 139 51 4 1.083333 4
2013-09-10T08:00:00Z 105 137 57 8 1.175000 8
2013-09-10T09:00:00Z 85 136 49 12 0.972727 23
2013-09-10T10:00:00Z 38 -1 27 13 0.636364 46
2013-09-10T11:00:00Z 17 18 17 8 0.433333 58
2013-09-10T12:00:00Z 11 16 15 8 0.363636 64
2013-09-10T13:00:00Z 8 14 14 8 0.336364 70
2013-09-10T14:00:00Z 8 15 16 7 0.300000 73
2013-09-10T15:00:00Z 8 18 16 6 0.300000 78
2013-09-10T16:00:00Z 9 19 18 5 0.272727 83
2013-09-10T17:00:00Z -1 -1 -1 -1 -1.000000 -1
2013-09-10T18:00:00Z 11 28 30 5 0.363636 71
2013-09-10T19:00:00Z 14 58 51 4 0.518182 38
2013-09-10T20:00:00Z 21 75 57 3 0.736364 14
2013-09-10T21:00:00Z 29 67 56 5 0.990909 10
2013-09-10T22:00:00Z 34 84 50 5 1.200000 11
2013-09-10T23:00:00Z -1 -1 -1 -1 -1.000000 -1
2013-09-11T00:00:00Z 36 47 45 5 1.100000 11
2013-09-11T01:00:00Z 36 52 44 5 0.972727 11
2013-09-11T02:00:00Z 35 58 46 5 0.927273 5
2013-09-11T03:00:00Z 25 54 49 5 0.618182 6
2013-09-11T04:00:00Z 19 35 41 4 0.509091 5
2013-09-11T05:00:00Z 18 36 41 3 0.472727 5
2013-09-11T06:00:00Z 16 34 40 3 0.454545 6
2013-09-11T07:00:00Z 16 44 40 3 0.490909 6
2013-09-11T08:00:00Z 21 55 43 5 0.618182 7
2013-09-11T09:00:00Z 30 69 48 9 0.763636 11
2013-09-11T10:00:00Z 50 133 52 20 1.236364 29
2013-09-21T00:00:00Z 42 69 54 4 0.958333 13
2013-09-21T01:00:00Z 35 69 54 4 0.891667 11
2013-09-21T02:00:00Z 34 71 58 5 0.809091 8
2013-09-21T03:00:00Z 40 76 55 4 0.763636 7
2013-09-21T04:00:00Z 34 49 66 4 0.591667 7
2013-09-21T05:00:00Z 29 59 47 3 0.525000 10
2013-09-21T06:00:00Z 23 47 45 3 0.516667 7
2013-09-21T07:00:00Z 25 60 44 3 0.558333 5
2013-09-21T08:00:00Z 29 54 44 3 0.591667 8
2013-09-21T09:00:00Z 34 66 43 6 0.583333 19
2013-09-21T10:00:00Z 37 75 45 8 0.608333 38
2013-09-21T11:00:00Z 45 76 48 9 0.683333 61
2013-09-21T12:00:00Z 50 72 52 10 0.708333 92
2013-09-21T13:00:00Z 50 66 41 9 0.625000 132
2013-09-21T14:00:00Z 45 79 31 8 0.550000 163
2013-09-21T15:00:00Z -1 -1 -1 -1 -1.000000 -1
2013-09-21T16:00:00Z 37 62 21 6 0.491667 181
2013-09-21T17:00:00Z 35 57 21 7 0.600000 177
2013-09-21T18:00:00Z 46 93 30 10 0.916667 171
2013-09-21T19:00:00Z 64 117 39 15 1.158333 135
2013-09-21T20:00:00Z 47 75 41 12 0.966667 91
2013-09-21T21:00:00Z 39 47 45 8 0.850000 66
2013-09-21T22:00:00Z 39 69 50 6 0.775000 52
2013-09-21T23:00:00Z 38 58 54 4 0.791667 39
2013-09-22T00:00:00Z 37 65 56 4 0.791667 31
2013-09-22T01:00:00Z 45 79 54 4 0.750000 27
2013-09-22T02:00:00Z 46 77 50 4 0.708333 25
2013-09-22T03:00:00Z 45 66 52 3 0.700000 19
2013-09-22T04:00:00Z 49 58 46 3 0.783333 15
2013-09-22T05:00:00Z 57 97 62 3 0.958333 6
2013-09-22T06:00:00Z 61 104 63 3 0.983333 5
2013-09-22T07:00:00Z 63 109 62 3 1.083333 7
2013-09-22T08:00:00Z 66 92 64 3 1.166667 5
2013-09-22T09:00:00Z 68 106 67 4 1.283333 3
2013-09-22T10:00:00Z 76 117 74 5 1.336364 6
2013-09-22T11:00:00Z 80 110 75 7 1.363636 8
2013-09-22T12:00:00Z 83 104 75 7 1.318182 9
2013-09-22T13:00:00Z 85 120 79 7 1.308333 12
2013-09-22T14:00:00Z 89 136 74 9 1.366667 16
2013-09-22T15:00:00Z 90 122 71 12 1.483333 25
2013-09-22T16:00:00Z 87 120 67 13 1.508333 28
2013-09-22T17:00:00Z 83 110 67 12 1.491667 29
2013-09-22T18:00:00Z 74 101 65 13 1.541667 25
2013-09-22T19:00:00Z 68 88 64 13 1.675000 22
2013-09-22T20:00:00Z 70 91 71 11 1.825000 13
2013-09-22T21:00:00Z 62 78 70 10 1.758333 10
2013-09-22T22:00:00Z 62 95 73 9 1.691667 10
2013-09-22T23:00:00Z 74 85 71 9 1.866667 9
2013-09-23T00:00:00Z 72 107 71 9 2.083333 7
2013-09-23T01:00:00Z 78 97 70 9 2.125000 5
2013-09-23T02:00:00Z 80 103 66 10 2.008333 5
2013-09-23T03:00:00Z 74 112 64 7 1.683333 5
2013-09-23T04:00:00Z 76 88 48 4 1.558333 12
2013-09-23T05:00:00Z 66 68 35 4 1.300000 20
2013-09-23T06:00:00Z 17 -1 16 3 0.416667 40
2013-09-23T07:00:00Z 9 9 19 2 0.300000 37
2013-09-23T08:00:00Z 6 6 24 2 0.308333 33
2013-09-23T09:00:00Z 6 19 30 2 0.350000 25
2013-09-23T10:00:00Z 7 12 29 3 0.341667 22
2013-09-23T11:00:00Z 5 18 27 4 0.325000 20
2013-09-23T12:00:00Z 6 20 24 4 0.327273 19
2013-09-23T13:00:00Z 6 15 23 4 0.333333 19
2013-09-23T14:00:00Z 6 14 21 5 0.316667 20
2013-09-23T15:00:00Z 6 20 22 6 0.308333 19
2013-09-23T16:00:00Z 6 18 24 5 0.300000 18
2013-09-23T17:00:00Z 7 20 28 5 0.333333 15
2013-09-23T18:00:00Z 7 27 32 5 0.400000 10
2013-09-23T19:00:00Z 12 33 40 3 0.458333 5
2013-09-23T20:00:00Z 17 52 41 2 0.591667 2
2013-09-23T21:00:00Z 18 51 36 2 0.700000 3
2013-09-23T22:00:00Z 18 47 33 2 0.691667 3
2013-09-23T23:00:00Z 16 39 32 2 0.658333 4
2013-09-24T00:00:00Z 16 42 32 2 0.700000 6
2013-09-24T01:00:00Z 12 29 31 3 0.500000 8
2013-09-24T02:00:00Z 9 14 30 4 0.363636 9
2013-09-24T03:00:00Z 8 12 31 3 0.281818 8
2013-09-24T04:00:00Z 5 12 40 4 0.241667 9
2013-09-24T05:00:00Z 5 10 33 5 0.258333 13
2013-09-24T06:00:00Z 6 15 33 6 0.308333 12
2013-09-24T07:00:00Z 7 16 38 7 0.383333 7
2013-09-24T08:00:00Z 9 27 37 9 0.433333 9
2013-09-24T09:00:00Z 10 27 33 10 0.420000 14
2013-09-24T10:00:00Z 10 21 26 9 0.381818 23
2013-09-24T11:00:00Z 4 10 20 6 0.300000 35
2013-09-24T12:00:00Z 5 11 16 5 0.281818 47
2013-09-24T13:00:00Z 4 7 14 4 0.245455 53
2013-09-24T14:00:00Z 5 7 14 4 0.291667 58
2013-09-24T15:00:00Z 4 31 17 5 0.291667 61
2013-09-24T16:00:00Z 5 17 19 5 0.291667 65
2013-09-24T17:00:00Z 5 17 23 4 0.316667 62
2013-09-24T18:00:00Z 7 30 34 3 0.391667 51
2013-09-24T19:00:00Z 14 54 56 3 0.508333 28
2013-09-24T20:00:00Z 21 75 62 4 0.550000 18
2013-09-24T21:00:00Z 24 59 59 3 0.675000 12
2013-09-24T22:00:00Z 20 40 56 3 0.650000 15
2013-09-24T23:00:00Z 14 37 51 2 0.475000 15
2013-09-25T00:00:00Z 13 32 48 2 0.391667 14
2013-09-25T01:00:00Z 11 36 45 2 0.358333 15
2013-09-25T02:00:00Z 8 23 45 2 0.316667 15
2013-09-25T03:00:00Z 7 26 46 2 0.325000 12
2013-09-25T04:00:00Z 8 33 45 2 0.350000 10
2013-09-25T05:00:00Z 9 30 44 4 0.408333 11
2013-09-25T06:00:00Z 11 36 49 5 0.466667 7
2013-09-25T07:00:00Z 13 48 50 6 0.550000 6
2013-09-25T08:00:00Z 15 43 49 9 0.675000 10
2013-09-25T09:00:00Z 13 28 43 11 0.575000 19
2013-09-25T10:00:00Z 11 33 40 12 0.550000 27
2013-09-25T11:00:00Z 11 27 37 9 0.483333 36
2013-09-25T12:00:00Z 9 27 26 6 0.358333 51
2013-09-25T13:00:00Z 6 22 20 5 0.316667 65
2013-09-25T14:00:00Z 9 27 18 4 0.308333 78
2013-09-25T15:00:00Z 10 28 18 4 0.316667 75
2013-09-25T16:00:00Z 7 33 20 3 0.308333 74
2013-09-25T17:00:00Z 9 42 25 3 0.333333 70
2013-09-25T18:00:00Z 12 59 33 3 0.375000 59
2013-09-25T19:00:00Z 16 69 49 4 0.441667 40
2013-09-25T20:00:00Z 22 66 54 6 0.491667 33
2013-09-25T21:00:00Z 19 63 51 5 0.525000 28
2013-09-25T22:00:00Z 21 59 58 4 0.558333 15
2013-09-25T23:00:00Z 22 64 62 3 0.625000 7
2013-10-13T00:00:00Z 62 95 88 46 1.488889 15
2013-10-13T01:00:00Z 58 95 84 50 1.688889 15
2013-10-13T02:00:00Z 51 80 76 30 1.230000 11
2013-10-13T03:00:00Z 33 51 58 20 0.777778 20
2013-10-13T04:00:00Z 33 55 33 17 0.744444 49
2013-10-13T05:00:00Z 25 35 23 13 0.570000 66
2013-10-13T06:00:00Z 26 40 26 13 0.590000 60
2013-10-13T07:00:00Z 27 38 29 11 0.611111 56
2013-10-13T08:00:00Z 31 49 34 12 0.644444 48
2013-10-13T09:00:00Z 35 48 45 13 0.700000 35
2013-10-13T10:00:00Z 36 51 53 12 0.740000 23
2013-10-13T11:00:00Z 37 54 52 12 0.750000 22
2013-10-13T12:00:00Z 40 55 44 11 0.677778 34
2013-10-13T13:00:00Z 46 54 44 11 0.660000 39
2013-10-13T14:00:00Z 47 57 44 10 0.660000 40
2013-10-13T15:00:00Z 50 69 47 9 0.690000 36
2013-10-13T16:00:00Z 50 66 56 8 0.733333 27
2013-10-13T17:00:00Z 57 79 68 7 0.790000 17
2013-10-13T18:00:00Z 60 82 71 6 0.860000 13
2013-10-13T19:00:00Z 62 84 68 6 0.888889 13
2013-10-13T20:00:00Z 66 99 69 5 0.955556 10
2013-10-13T21:00:00Z 71 93 73 5 1.070000 6
2013-10-13T22:00:00Z 67 82 71 4 1.066667 5
2013-10-13T23:00:00Z 69 84 72 4 1.133333 3
2013-10-14T00:00:00Z 73 103 69 4 1.166667 2
2013-10-14T01:00:00Z 64 78 63 4 1.110000 3
2013-10-14T02:00:00Z 66 83 58 4 1.100000 2
2013-10-14T03:00:00Z 65 81 57 4 1.000000 2
2013-10-14T04:00:00Z 59 82 50 4 1.000000 3
2013-10-14T05:00:00Z 63 73 49 4 1.000000 4
2013-10-14T06:00:00Z 59 72 47 4 1.020000 6
2013-10-14T07:00:00Z 53 74 46 4 0.960000 9
2013-10-14T08:00:00Z 28 82 39 4 0.677778 16
2013-10-14T09:00:00Z 19 24 36 4 0.480000 18
2013-10-14T10:00:00Z -1 -1 -1 -1 -1.000000 -1
2013-10-14T11:00:00Z 9 25 22 3 0.280000 36
2013-10-14T12:00:00Z 8 27 19 2 0.250000 42
2013-10-14T13:00:00Z 6 17 15 2 0.244444 46
2013-10-14T14:00:00Z 5 24 17 2 0.250000 45
2013-10-14T15:00:00Z 5 21 20 2 0.233333 47
2013-10-14T16:00:00Z 5 16 19 2 0.266667 46
2013-10-14T17:00:00Z 6 19 24 2 0.270000 43
2013-10-14T18:00:00Z 9 24 34 3 0.377778 32
2013-10-14T19:00:00Z 13 30 46 3 0.444444 20
2013-10-14T20:00:00Z 15 33 49 4 0.511111 16
2013-10-14T21:00:00Z 20 47 53 4 0.666667 8
2013-10-14T22:00:00Z 19 37 51 3 0.644444 8
2013-10-14T23:00:00Z 16 29 47 3 0.480000 11
2013-11-11T00:00:00Z 15 28 40 11 0.570000 -1
2013-11-11T01:00:00Z 12 25 38 12 0.527273 -1
2013-11-11T02:00:00Z 14 27 43 15 0.563636 -1
2013-11-11T03:00:00Z 15 30 46 14 0.600000 -1
2013-11-11T04:00:00Z 15 31 49 14 0.627273 -1
2013-11-11T05:00:00Z 13 21 51 17 0.700000 -1
2013-11-11T06:00:00Z 12 23 44 19 0.636364 -1
2013-11-11T07:00:00Z 12 28 45 18 0.654545 -1
2013-11-11T08:00:00Z 15 43 52 19 0.872727 -1
2013-11-11T09:00:00Z 18 42 45 22 0.790909 -1
2013-11-11T10:00:00Z 17 34 38 18 0.636364 -1
2013-11-11T11:00:00Z 18 34 32 18 0.590909 -1
2013-11-11T12:00:00Z 15 25 29 13 0.518182 -1
2013-11-11T13:00:00Z 22 40 33 16 0.618182 -1
2013-11-11T14:00:00Z 27 48 33 14 0.545455 -1
2013-11-11T15:00:00Z 31 59 35 16 0.540000 -1
2013-11-11T16:00:00Z 37 65 42 16 0.545455 -1
2013-11-11T17:00:00Z 44 78 52 17 0.600000 -1
2013-11-11T18:00:00Z -1 -1 -1 -1 -1.000000 -1
2013-11-11T19:00:00Z 67 107 80 24 1.036364 -1
2013-11-11T20:00:00Z 77 116 78 24 1.154545 -1
2013-11-11T21:00:00Z 82 123 77 22 1.245455 -1
2013-11-11T22:00:00Z 87 125 74 19 1.363636 -1
2013-11-11T23:00:00Z 91 129 72 19 1.490909 -1
2013-11-18T00:00:00Z 12 22 25 7 0.510000 -1
2013-11-18T01:00:00Z 11 21 26 7 0.480000 -1
2013-11-18T02:00:00Z 10 18 27 7 0.480000 -1
2013-11-18T03:00:00Z 10 13 25 7 0.500000 -1
2013-11-18T04:00:00Z 8 12 22 5 0.418182 -1
2013-11-18T05:00:00Z 8 13 23 7 0.463636 -1
2013-11-18T06:00:00Z 8 13 27 9 0.627273 -1
2013-11-18T07:00:00Z 8 13 24 6 0.581818 -1
2013-11-18T08:00:00Z 10 20 27 8 0.618182 -1
2013-11-18T09:00:00Z 13 24 22 9 0.540000 -1
2013-11-18T10:00:00Z 9 19 14 8 0.410000 -1
2013-11-18T11:00:00Z 8 16 8 6 0.310000 -1
2013-11-18T12:00:00Z 6 12 8 5 0.300000 -1
2013-11-18T13:00:00Z 6 10 8 5 0.300000 -1
2013-11-18T14:00:00Z 6 14 8 6 0.281818 -1
2013-11-18T15:00:00Z 7 20 8 6 0.290000 -1
2013-11-18T16:00:00Z 6 17 11 5 0.263636 -1
2013-11-18T17:00:00Z 7 19 14 5 0.320000 -1
2013-11-18T18:00:00Z 8 20 22 6 0.390909 -1
2013-11-18T19:00:00Z 12 22 26 7 0.463636 -1
2013-11-28T00:00:00Z 6 16 7 4 0.390000 50
2013-11-28T01:00:00Z 5 15 9 5 0.400000 46
2013-11-28T02:00:00Z 4 13 9 6 0.400000 46
2013-11-28T03:00:00Z 5 13 10 6 0.411111 43
2013-11-28T04:00:00Z 5 14 11 7 0.444444 38
2013-11-28T05:00:00Z 7 16 17 8 0.511111 40
2013-11-28T06:00:00Z 6 18 20 10 0.540000 37
2013-11-28T07:00:00Z 7 18 21 12 0.580000 38
2013-11-28T08:00:00Z 9 21 24 11 0.644444 34
2013-11-28T09:00:00Z 11 26 24 14 0.860000 34
2013-11-28T10:00:00Z 11 25 16 10 0.566667 42
2013-11-28T11:00:00Z 10 27 15 11 0.544444 50
2013-11-28T12:00:00Z 8 29 11 9 0.500000 57
2013-11-28T13:00:00Z 8 24 11 10 0.477778 57
2013-11-28T14:00:00Z 9 26 13 9 0.460000 55
2013-11-28T15:00:00Z 11 33 16 10 0.440000 54
2013-11-28T16:00:00Z 10 32 18 9 0.466667 52
2013-11-28T17:00:00Z 16 43 33 11 0.600000 30
2013-11-28T18:00:00Z 32 58 49 16 0.880000 17
2013-11-28T19:00:00Z 44 69 53 20 1.040000 13
2013-11-28T20:00:00Z 52 76 51 21 1.188889 15
2013-11-28T21:00:00Z -1 -1 -1 -1 -1.000000 -1
2013-11-28T22:00:00Z 54 75 52 26 1.460000 17
2013-11-28T23:00:00Z 46 57 51 29 1.590000 15
2013-11-29T00:00:00Z 55 73 56 34 1.811111 14
2013-11-29T01:00:00Z 63 77 56 34 1.855556 10
2013-11-29T02:00:00Z 58 69 54 32 2.080000 10
2013-11-29T03:00:00Z 53 66 51 30 1.960000 11
2013-11-29T04:00:00Z 46 62 51 30 1.933333 13
2013-11-29T05:00:00Z 47 64 56 39 1.966667 10
2013-11-29T06:00:00Z 44 55 55 28 2.000000 9
2013-11-29T07:00:00Z 41 56 55 28 2.066667 11
2013-11-29T08:00:00Z 44 68 59 31 2.466667 11
2013-11-29T09:00:00Z 53 78 63 36 2.810000 11
2013-11-29T10:00:00Z 48 63 62 38 1.870000 13
2013-11-29T11:00:00Z 37 56 54 37 1.311111 20
2013-11-29T12:00:00Z 32 42 45 30 0.977778 32
2013-11-29T13:00:00Z 22 28 32 21 0.666667 42
2013-11-29T14:00:00Z 26 34 38 18 0.744444 49
2013-11-29T15:00:00Z 49 66 47 25 0.888889 43
2013-11-29T16:00:00Z 44 57 44 25 0.855556 42
2013-11-29T17:00:00Z 62 83 62 27 1.010000 24
2013-11-29T18:00:00Z 96 117 77 32 1.520000 10
2013-11-29T19:00:00Z 98 117 84 32 1.680000 7
2013-11-29T20:00:00Z -1 -1 -1 -1 -1.000000 -1
2013-11-29T21:00:00Z 97 107 81 41 2.111111 6
2013-11-29T22:00:00Z 89 101 69 40 2.166667 8
2013-11-29T23:00:00Z 84 95 71 35 1.990000 5
2013-12-28T00:00:00Z -1 -1 -1 -1 -1.000000 -1
2013-12-28T01:00:00Z -1 -1 -1 -1 -1.000000 -1
2013-12-28T02:00:00Z -1 -1 -1 -1 -1.000000 -1
2013-12-28T03:00:00Z -1 -1 -1 -1 -1.000000 -1
2013-12-28T04:00:00Z -1 -1 -1 -1 -1.000000 -1
2013-12-28T05:00:00Z -1 -1 -1 -1 -1.000000 -1
2013-12-28T06:00:00Z -1 -1 -1 -1 -1.000000 -1
2013-12-28T07:00:00Z -1 -1 -1 -1 -1.000000 -1
2013-12-28T08:00:00Z -1 -1 -1 -1 -1.000000 -1
2013-12-28T09:00:00Z -1 -1 -1 -1 -1.000000 -1
2013-12-28T10:00:00Z -1 -1 -1 -1 -1.000000 -1
2013-12-28T11:00:00Z -1 -1 -1 -1 -1.000000 -1
2013-12-28T12:00:00Z 12 17 17 13 0.416667 58
2013-12-28T13:00:00Z 12 18 16 11 0.400000 61
2013-12-28T14:00:00Z 13 21 16 9 0.366667 63
2013-12-28T15:00:00Z 11 20 18 14 0.358333 61
2013-12-28T16:00:00Z 12 26 22 11 0.350000 57
2013-12-28T17:00:00Z 14 26 31 14 0.450000 48
2013-12-28T18:00:00Z 21 45 47 22 0.608333 32
2013-12-28T19:00:00Z 27 48 58 26 0.775000 23
2013-12-28T20:00:00Z 31 50 64 26 0.875000 17
2013-12-28T21:00:00Z 36 48 67 33 1.066667 15
2013-12-28T22:00:00Z 35 58 74 38 1.275000 11
2013-12-28T23:00:00Z 43 65 77 42 1.400000 9
2013-12-29T00:00:00Z 57 77 79 53 1.691667 8
2013-12-29T01:00:00Z 56 82 76 51 1.750000 11
2013-12-29T02:00:00Z 56 88 71 41 1.816667 13
2013-12-29T03:00:00Z 47 77 67 37 1.658333 11
2013-12-29T04:00:00Z 32 53 61 27 1.241667 15
2013-12-29T05:00:00Z 28 42 57 26 1.066667 20
2013-12-29T06:00:00Z 35 55 64 36 1.450000 11
2013-12-29T07:00:00Z 45 67 69 53 1.991667 10
2013-12-29T08:00:00Z 51 84 71 64 2.100000 10
2013-12-29T09:00:00Z 60 98 73 67 2.400000 10
2013-12-29T10:00:00Z 65 91 77 72 2.175000 13
2013-12-29T11:00:00Z 58 77 75 58 1.825000 18
2013-12-29T12:00:00Z 50 68 68 43 1.527273 26
2013-12-29T13:00:00Z 44 62 65 41 1.200000 35
2013-12-29T14:00:00Z 43 62 57 37 0.966667 43
2013-12-29T15:00:00Z -1 -1 -1 -1 -1.000000 -1
2013-12-29T16:00:00Z 42 65 58 33 0.808333 37
2013-12-29T17:00:00Z 41 71 66 30 0.891667 30
2013-12-29T18:00:00Z 63 105 88 45 1.341667 17
2013-12-29T19:00:00Z 88 130 104 61 1.883333 9
2013-12-29T20:00:00Z 94 143 106 59 2.200000 7
2013-12-29T21:00:00Z 97 147 103 57 2.483333 7
2013-12-29T22:00:00Z 93 136 100 59 2.625000 8
2013-12-29T23:00:00Z 93 130 98 58 2.600000 9
2013-12-30T00:00:00Z 82 103 89 53 2.375000 9
2013-12-30T01:00:00Z 50 66 70 39 1.633333 12
2013-12-30T02:00:00Z 36 53 53 27 1.125000 21
2013-12-30T03:00:00Z 32 56 53 25 1.050000 18
2013-12-30T04:00:00Z 33 65 55 29 0.950000 23
2013-12-30T05:00:00Z 33 60 46 30 0.972727 26
2013-12-30T06:00:00Z 31 65 47 28 1.016667 26
2013-12-30T07:00:00Z 33 78 46 27 0.916667 28
2013-12-30T08:00:00Z 31 79 52 27 0.866667 23
2013-12-30T09:00:00Z 34 96 54 29 1.058333 23
2013-12-30T10:00:00Z 36 112 41 29 0.883333 36
2013-12-30T11:00:00Z 32 100 27 17 0.514286 55
2013-12-30T12:00:00Z 28 93 21 14 0.437500 62
2013-12-30T13:00:00Z -1 -1 -1 -1 -1.000000 -1
2013-12-30T14:00:00Z 26 89 20 13 0.412500 66
2013-12-30T15:00:00Z 18 88 21 13 0.411111 63
2013-12-30T16:00:00Z 17 65 24 12 0.425000 60
2013-12-30T17:00:00Z 24 69 38 13 0.587500 47
2013-12-30T18:00:00Z -1 -1 -1 -1 -1.000000 -1
2013-12-30T19:00:00Z 51 101 78 28 1.191667 14
2013-12-30T20:00:00Z 80 132 99 39 1.680000 5
2013-12-30T21:00:00Z 82 123 86 43 1.925000 9
2013-12-30T22:00:00Z 81 110 83 48 1.791667 10
2013-12-30T23:00:00Z 95 131 85 60 2.100000 9
2013-12-31T00:00:00Z 92 126 83 55 2.350000 12
2013-12-31T01:00:00Z 107 143 82 52 2.575000 9
2013-12-31T02:00:00Z 106 166 75 55 2.566667 11
2013-12-31T03:00:00Z 117 176 76 54 2.450000 11
2013-12-31T04:00:00Z 117 170 67 50 2.758333 11
2013-12-31T05:00:00Z 87 176 81 49 3.016667 9
2013-12-31T06:00:00Z 85 174 77 42 2.941667 12
2013-12-31T07:00:00Z 63 191 64 32 1.891667 18
2013-12-31T08:00:00Z 48 208 59 22 1.058333 21
2013-12-31T09:00:00Z 49 227 53 21 0.958333 25
2013-12-31T10:00:00Z 43 270 32 14 0.481818 49
2013-12-31T11:00:00Z 38 233 25 10 0.483333 60
2013-12-31T12:00:00Z 31 192 18 8 0.350000 69
2013-12-31T13:00:00Z 24 131 18 8 0.318182 69
2013-12-31T14:00:00Z 23 115 17 7 0.300000 71
2013-12-31T15:00:00Z 20 110 19 6 0.300000 69
2013-12-31T16:00:00Z 19 106 21 6 0.333333 65
2013-12-31T17:00:00Z 19 100 30 8 0.383333 55
2013-12-31T18:00:00Z 20 95 38 8 0.458333 44
2013-12-31T19:00:00Z 21 92 46 9 0.625000 35
2013-12-31T20:00:00Z 20 88 47 9 0.641667 34
2013-12-31T21:00:00Z 22 87 53 11 0.725000 27
2013-12-31T22:00:00Z 24 83 54 12 0.733333 23
2013-12-31T23:00:00Z 27 101 57 15 0.883333 20
2014-01-08T00:00:00Z 13 18 19 10 0.391667 54
2014-01-08T01:00:00Z 12 18 17 10 0.366667 54
2014-01-08T02:00:00Z 10 13 16 10 0.366667 52
2014-01-08T03:00:00Z 11 15 17 11 0.363636 49
2014-01-08T04:00:00Z 12 15 16 12 0.366667 48
2014-01-08T05:00:00Z 11 15 15 11 0.400000 49
2014-01-08T06:00:00Z 13 22 15 13 0.400000 47
2014-01-08T07:00:00Z 13 25 21 13 0.458333 40
2014-01-08T08:00:00Z 14 31 29 14 0.550000 32
2014-01-08T09:00:00Z 16 30 28 16 0.575000 33
2014-01-08T10:00:00Z 17 26 22 15 0.566667 39
2014-01-08T11:00:00Z 18 32 17 17 0.533333 45
2014-01-08T12:00:00Z 17 -1 13 16 0.490909 50
2014-01-08T13:00:00Z 17 16 12 16 0.441667 56
2014-01-08T14:00:00Z 15 23 11 11 0.400000 59
2014-01-08T15:00:00Z 15 20 13 10 0.391667 59
2014-01-08T16:00:00Z 13 25 14 10 0.409091 58
2014-01-08T17:00:00Z 15 38 19 9 0.416667 53
2014-01-08T18:00:00Z 17 39 26 11 0.516667 44
2014-01-08T19:00:00Z 21 36 35 17 0.650000 34
2014-01-08T20:00:00Z 26 43 42 21 0.816667 24
2014-01-09T19:00:00Z 51 90 63 27 1.058333 18
2014-01-09T20:00:00Z 53 91 67 33 1.158333 13
2014-01-09T21:00:00Z 60 92 66 33 1.441667 11
2014-01-09T22:00:00Z 58 84 64 40 1.383333 10
2014-01-09T23:00:00Z 56 82 62 42 1.466667 8
2014-02-09T18:00:00Z 10 17 21 11 0.400000 59
2014-02-09T19:00:00Z 14 22 30 16 0.508333 48
2014-02-09T20:00:00Z 15 24 35 21 0.600000 42
2014-02-09T21:00:00Z 15 22 30 28 0.591667 45
2014-02-09T22:00:00Z 15 22 26 26 0.558333 48
2014-02-09T23:00:00Z 14 18 29 23 0.558333 45
2014-03-20T00:00:00Z 10 41 7 2 0.233333 82
2014-03-20T01:00:00Z 7 17 8 2 0.300000 78
2014-03-20T02:00:00Z 7 12 9 3 0.218182 75
2014-03-20T03:00:00Z 6 13 16 3 0.272727 68
2014-03-20T04:00:00Z 6 14 20 4 0.291667 55
2014-03-20T05:00:00Z 7 19 20 6 0.308333 57
2014-03-20T06:00:00Z 7 17 19 7 0.325000 58
2014-03-20T07:00:00Z 7 22 32 9 0.441667 45
2014-03-20T08:00:00Z 10 30 37 12 0.541667 42
2014-03-20T09:00:00Z 13 28 22 10 0.433333 61
2014-03-20T10:00:00Z 9 25 13 8 0.358333 73
2014-03-20T11:00:00Z 10 24 11 7 0.333333 80
2014-03-20T12:00:00Z 9 23 10 6 0.325000 84
2014-03-20T13:00:00Z 11 27 9 6 0.308333 88
2014-03-20T14:00:00Z 11 30 9 5 0.300000 92
2014-03-20T15:00:00Z 10 24 12 4 0.300000 91
2014-03-20T16:00:00Z 10 24 14 4 0.300000 90
2014-03-20T17:00:00Z 10 26 13 4 0.308333 90
2014-03-20T18:00:00Z 9 23 17 4 0.341667 84
2014-03-20T19:00:00Z 11 35 32 4 0.425000 66
2014-03-20T20:00:00Z 15 43 54 5 0.608333 40
2014-03-20T21:00:00Z 21 59 60 6 0.675000 36
2014-03-20T22:00:00Z 23 52 61 6 0.650000 33
2014-03-20T23:00:00Z 20 27 46 5 0.566667 42
2014-04-28T00:00:00Z 64 99 49 11 0.830000 52
2014-04-28T01:00:00Z 45 87 50 10 0.770000 43
2014-04-28T02:00:00Z 46 73 52 8 0.670000 33
2014-04-28T03:00:00Z 44 70 57 7 0.666667 29
2014-04-28T04:00:00Z 44 80 60 6 0.680000 19
2014-04-28T05:00:00Z 51 88 73 6 0.750000 10
2014-04-28T06:00:00Z 60 106 69 6 0.900000 8
2014-04-28T07:00:00Z 69 122 72 8 1.070000 8
2014-04-28T08:00:00Z 76 124 64 14 1.050000 20
2014-04-28T09:00:00Z 86 139 62 17 1.030000 37
2014-04-28T10:00:00Z 100 151 58 19 1.077778 61
2014-04-28T11:00:00Z 101 108 50 17 0.980000 95
2014-04-28T12:00:00Z 62 47 32 11 0.640000 116
2014-04-28T13:00:00Z 40 48 19 6 0.430000 121
2014-04-28T14:00:00Z 42 57 20 4 0.422222 129
2014-04-28T15:00:00Z 46 57 23 4 0.420000 138
2014-04-28T16:00:00Z 43 75 25 4 0.430000 147
2014-04-28T17:00:00Z 52 85 30 5 0.460000 153
2014-04-28T18:00:00Z 60 113 35 6 0.500000 160
2014-04-28T19:00:00Z 63 121 43 6 0.577778 149
2014-04-28T20:00:00Z 71 144 53 7 0.670000 128
2014-04-28T21:00:00Z 73 135 62 7 0.730000 104
2014-04-28T22:00:00Z 75 123 66 7 0.710000 83
2014-04-28T23:00:00Z 74 110 66 7 0.700000 74
2014-05-04T00:00:00Z 28 86 11 2 0.241667 78
2014-05-04T01:00:00Z 30 66 11 3 0.291667 77
2014-05-04T02:00:00Z 29 37 11 2 0.241667 77
2014-05-04T03:00:00Z 28 32 12 2 0.254545 76
2014-05-04T04:00:00Z 29 36 12 3 0.266667 74
2014-05-04T05:00:00Z 33 40 14 5 0.291667 73
2014-05-04T06:00:00Z 36 44 14 5 0.308333 72
2014-05-04T07:00:00Z 36 44 18 4 0.333333 69
2014-05-04T08:00:00Z 35 47 18 4 0.333333 70
2014-05-04T09:00:00Z 28 45 14 20 0.291667 77
2014-05-04T10:00:00Z 28 84 10 7 0.270000 85
2014-05-04T11:00:00Z 28 100 10 2 0.354545 88
2014-05-04T12:00:00Z 31 90 9 2 0.341667 90
2014-05-04T13:00:00Z 27 118 8 2 0.325000 91
2014-05-04T14:00:00Z 21 99 8 2 0.325000 89
2014-05-04T15:00:00Z 19 59 8 2 0.218182 88
2014-05-04T16:00:00Z 19 50 10 2 0.381818 84
2014-05-04T17:00:00Z 18 45 12 2 0.325000 83
2014-05-04T18:00:00Z 18 41 14 2 0.341667 81
2014-05-04T19:00:00Z 18 42 18 2 0.358333 76
2014-05-04T20:00:00Z 19 46 25 2 0.375000 65
2014-05-04T21:00:00Z 20 60 39 2 0.450000 46
2014-05-04T22:00:00Z 24 63 55 3 0.618182 27
2014-05-04T23:00:00Z 26 64 63 3 0.683333 17
2014-05-05T00:00:00Z 30 86 64 4 0.733333 14
2014-05-05T01:00:00Z 30 75 61 5 0.783333 17
2014-05-05T02:00:00Z 31 63 55 5 0.708333 22
2014-05-05T03:00:00Z 28 63 59 5 0.616667 18
2014-05-05T04:00:00Z 29 72 60 5 0.581818 13
2014-05-05T05:00:00Z 24 56 59 4 0.433333 19
2014-05-05T06:00:00Z 19 60 49 3 0.375000 24
2014-05-05T07:00:00Z 20 47 45 3 0.391667 32
2014-05-05T08:00:00Z 24 47 34 3 0.358333 51
2014-05-05T09:00:00Z 16 28 19 2 0.316667 71
2014-05-05T10:00:00Z 17 22 14 2 0.283333 80
2014-05-05T11:00:00Z 15 20 12 2 0.283333 87
2014-05-05T12:00:00Z 15 19 11 2 0.283333 92
2014-05-05T13:00:00Z 14 21 10 4 0.275000 97
2014-05-05T14:00:00Z -1 -1 -1 -1 -1.000000 -1
2014-05-05T15:00:00Z 17 30 16 4 0.327273 96
2014-05-05T16:00:00Z 19 39 19 3 0.330000 96
2014-05-05T17:00:00Z 22 50 21 4 0.336364 103
2014-05-05T18:00:00Z 21 74 27 4 0.354545 106
2014-05-05T19:00:00Z 26 74 29 4 0.354545 102
2014-05-05T20:00:00Z 29 70 40 5 0.400000 86
2014-05-05T21:00:00Z 32 78 51 6 0.463636 67
2014-05-05T22:00:00Z 34 80 65 6 0.540000 47
2014-05-05T23:00:00Z 41 81 68 9 0.590909 43
2014-05-09T00:00:00Z 65 113 58 30 0.941667 78
2014-05-09T01:00:00Z 66 101 52 28 0.950000 82
2014-05-09T02:00:00Z 63 95 47 23 0.875000 79
2014-05-09T17:00:00Z 56 95 47 27 1.041667 110
2014-05-09T18:00:00Z 47 88 41 21 0.850000 121
2014-05-09T19:00:00Z 42 100 41 19 0.745455 116
2014-05-09T20:00:00Z 41 121 37 16 0.700000 117
2014-05-09T21:00:00Z 44 121 39 19 0.875000 109
2014-05-09T22:00:00Z 48 110 41 23 1.025000 102
2014-05-09T23:00:00Z 49 95 39 22 1.008333 99
2014-05-10T00:00:00Z 51 90 41 21 1.025000 89
2014-05-10T01:00:00Z 50 84 48 21 1.108333 72
2014-05-10T02:00:00Z 45 79 43 23 1.081818 73
2014-05-10T03:00:00Z 44 73 39 23 1.036364 71
2014-05-10T04:00:00Z 39 71 37 24 0.991667 69
2014-05-10T05:00:00Z 40 72 45 23 1.016667 62
2014-05-10T06:00:00Z 41 73 44 23 1.083333 58
2014-05-10T07:00:00Z 41 76 48 26 1.133333 55
2014-05-10T08:00:00Z 45 83 52 30 1.191667 54
2014-05-10T09:00:00Z 47 88 49 33 1.200000 65
2014-05-10T10:00:00Z 50 83 45 35 1.183333 74
2014-05-10T11:00:00Z 52 87 43 37 1.158333 81
2014-05-10T12:00:00Z 52 86 45 37 1.225000 83
2014-05-10T13:00:00Z 54 88 46 38 1.241667 88
2014-05-10T14:00:00Z 56 83 44 37 1.208333 97
2014-05-10T15:00:00Z 58 85 43 35 1.191667 107
2014-05-10T16:00:00Z 60 90 46 31 1.158333 109
2014-05-10T17:00:00Z 57 97 51 29 1.175000 107
2014-05-10T18:00:00Z 60 98 57 28 1.266667 102
2014-05-10T19:00:00Z 63 108 67 25 1.308333 86
2014-05-10T20:00:00Z 62 105 72 23 1.250000 71
2014-05-10T21:00:00Z 61 112 83 22 1.366667 50
2014-05-10T22:00:00Z 52 96 75 26 1.375000 49
2014-05-10T23:00:00Z 41 97 50 18 1.175000 63
2014-05-11T00:00:00Z 34 57 42 8 1.083333 54
2014-05-11T01:00:00Z 36 45 48 5 1.225000 39
2014-05-11T02:00:00Z 44 37 38 4 1.308333 43
2014-05-11T03:00:00Z 46 39 29 4 1.266667 50
2014-05-11T04:00:00Z 46 -1 24 4 1.150000 55
2014-05-11T05:00:00Z 42 40 22 3 1.033333 61
2014-05-11T06:00:00Z 37 25 18 3 0.883333 71
2014-05-11T07:00:00Z 32 -1 19 3 0.816667 73
2014-05-11T08:00:00Z 26 21 22 3 0.791667 72
2014-05-11T09:00:00Z 22 14 27 3 0.791667 68
2014-05-11T10:00:00Z 23 -1 28 3 0.825000 67
2014-05-11T11:00:00Z 17 5 24 3 0.758333 80
2014-05-11T12:00:00Z 13 10 24 3 0.708333 86
2014-05-11T13:00:00Z 9 6 23 3 0.641667 92
2014-05-11T14:00:00Z 8 6 22 3 0.625000 95
2014-05-11T15:00:00Z -1 -1 -1 -1 -1.000000 -1
2014-05-11T16:00:00Z 7 7 19 4 0.541667 102
2014-05-11T17:00:00Z 7 5 22 4 0.558333 99
2014-05-11T18:00:00Z 9 16 28 4 0.600000 88
2014-05-11T19:00:00Z 16 24 38 3 0.675000 73
2014-05-11T20:00:00Z 18 26 38 3 0.650000 68
2014-05-11T21:00:00Z 23 29 41 3 0.633333 57
2014-05-11T22:00:00Z 24 28 45 3 0.708333 48
2014-05-11T23:00:00Z 25 30 43 3 0.700000 38
2014-05-12T00:00:00Z 29 31 50 3 0.750000 21
2014-05-12T01:00:00Z 27 31 55 3 0.766667 11
2014-05-12T02:00:00Z 30 31 57 3 0.766667 7
2014-05-12T03:00:00Z 34 29 57 3 0.690909 5
2014-05-12T04:00:00Z 35 36 52 4 0.733333 7
2014-05-12T05:00:00Z 31 34 41 4 0.783333 8
2014-05-12T06:00:00Z 35 42 44 4 0.872727 11
2014-05-12T07:00:00Z 45 62 50 4 1.033333 13
2014-05-12T08:00:00Z 48 64 64 6 1.133333 18
2014-05-12T09:00:00Z 37 62 61 8 0.908333 37
2014-05-12T10:00:00Z 28 52 42 7 0.566667 65
2014-05-12T11:00:00Z 17 40 26 6 0.400000 92
2014-05-12T12:00:00Z 14 49 21 5 0.320000 108
2014-05-12T13:00:00Z -1 -1 -1 -1 -1.000000 -1
2014-05-12T14:00:00Z 20 43 19 5 0.290909 129
2014-05-12T15:00:00Z 19 47 21 5 0.272727 137
2014-05-12T16:00:00Z 25 68 24 6 0.327273 134
2014-05-12T17:00:00Z 27 71 27 7 0.363636 146
2014-05-12T18:00:00Z 35 110 41 9 0.510000 140
2014-05-12T19:00:00Z 43 128 53 11 0.610000 127
2014-05-12T20:00:00Z 53 162 54 13 0.650000 121
2014-05-12T21:00:00Z 56 138 51 15 0.663636 103
2014-05-12T22:00:00Z 59 138 56 15 0.727273 77
2014-05-12T23:00:00Z 54 117 53 18 0.709091 72
2014-06-02T14:00:00Z 24 38 17 3 0.462500 142
2014-06-02T15:00:00Z 26 41 15 3 0.425000 150
2014-06-02T16:00:00Z 24 42 14 3 0.412500 158
2014-06-02T17:00:00Z -1 -1 -1 -1 -1.000000 -1
2014-06-02T18:00:00Z 27 41 16 3 0.400000 163
2014-06-02T19:00:00Z 29 47 19 3 0.425000 156
2014-06-02T20:00:00Z 32 55 26 3 0.488889 149
2014-06-02T21:00:00Z 38 67 43 2 0.600000 102
2014-06-02T22:00:00Z 38 70 48 2 0.633333 86
2014-06-02T23:00:00Z -1 -1 -1 -1 -1.000000 -1
2014-06-03T00:00:00Z 41 79 63 2 0.666667 59
2014-06-03T01:00:00Z 36 69 55 3 0.611111 62
2014-06-03T02:00:00Z -1 -1 -1 -1 -1.000000 -1
2014-06-03T03:00:00Z 36 57 70 2 0.650000 44
2014-06-03T04:00:00Z 34 56 60 2 0.655556 43
2014-06-03T05:00:00Z 30 54 56 2 0.500000 45
2014-06-03T06:00:00Z 29 54 58 2 0.500000 47
2014-06-03T07:00:00Z -1 -1 -1 -1 -1.000000 -1
2014-06-03T08:00:00Z 29 56 44 7 0.500000 72
2014-06-03T09:00:00Z 28 56 41 17 0.575000 84
2014-06-03T10:00:00Z -1 -1 -1 -1 -1.000000 -1
2014-06-03T11:00:00Z 27 45 25 18 0.475000 119
2014-06-03T12:00:00Z -1 -1 -1 -1 -1.000000 -1
2014-06-03T13:00:00Z 23 43 18 7 0.377778 141
2014-06-03T14:00:00Z -1 -1 -1 -1 -1.000000 -1
2014-06-03T15:00:00Z 30 53 17 34 0.425000 195
2014-06-03T16:00:00Z -1 -1 -1 -1 -1.000000 -1
2014-06-03T17:00:00Z 30 53 17 34 0.425000 195
2014-06-03T18:00:00Z -1 -1 -1 -1 -1.000000 -1
2014-06-03T19:00:00Z 30 53 17 34 0.425000 195
2014-06-03T20:00:00Z 30 53 17 34 0.425000 195
2014-06-03T21:00:00Z 50 102 47 8 0.922222 134
2014-06-03T22:00:00Z 53 100 65 7 0.966667 101
2014-06-03T23:00:00Z -1 -1 -1 -1 -1.000000 -1
2014-06-08T08:00:00Z 17 66 44 4 0.600000 27
2014-06-08T09:00:00Z 23 54 48 8 0.600000 21
2014-06-08T10:00:00Z 38 74 45 24 1.166667 55
2014-06-08T11:00:00Z 41 66 42 24 1.125000 83
2014-06-08T12:00:00Z 40 70 38 20 1.000000 112
2014-06-08T13:00:00Z 39 56 37 18 0.950000 137
2014-06-08T14:00:00Z -1 -1 -1 -1 -1.000000 -1
2014-06-08T15:00:00Z 37 87 26 9 0.633333 163
2014-06-08T16:00:00Z -1 -1 -1 -1 -1.000000 -1
2014-06-08T17:00:00Z 16 47 57 2 0.433333 66
2014-06-08T18:00:00Z 13 45 46 3 0.500000 66
2014-06-08T19:00:00Z 18 48 56 3 0.550000 58
2014-06-08T20:00:00Z -1 -1 -1 -1 -1.000000 -1
2014-06-08T21:00:00Z 28 68 75 2 0.700000 28
2014-06-08T22:00:00Z -1 -1 -1 -1 -1.000000 -1
2014-06-08T23:00:00Z 28 59 74 3 0.758333 16
2014-06-09T00:00:00Z 26 66 67 2 0.725000 19
2014-06-09T01:00:00Z 27 54 55 3 0.657143 18
2014-06-09T02:00:00Z 25 44 57 3 0.580000 15
2014-06-09T03:00:00Z 21 34 48 2 0.470000 19
2014-06-09T04:00:00Z 17 40 56 2 0.409091 16
2014-06-09T05:00:00Z 22 46 63 2 0.436364 7
2014-06-09T06:00:00Z 21 38 52 2 0.481818 11
2014-06-09T07:00:00Z 24 40 46 3 0.490909 21
2014-06-09T08:00:00Z 29 61 48 7 0.663636 27
2014-06-09T09:00:00Z -1 -1 -1 -1 -1.000000 -1
2014-06-09T10:00:00Z 41 59 47 14 0.900000 62
2014-06-09T11:00:00Z 43 73 50 15 0.909091 80
2014-06-09T12:00:00Z -1 -1 -1 -1 -1.000000 -1
2014-06-09T13:00:00Z 37 46 36 16 0.800000 122
2014-06-09T14:00:00Z 35 58 31 13 0.683333 138
2014-06-09T15:00:00Z -1 -1 -1 -1 -1.000000 -1
2014-06-09T16:00:00Z 33 70 28 10 0.608333 159
2014-06-09T17:00:00Z 26 47 23 7 0.433333 161
2014-06-09T18:00:00Z 20 27 25 5 0.425000 140
2014-06-09T19:00:00Z 18 51 36 5 0.472727 114
2014-06-09T20:00:00Z 22 98 44 5 0.525000 100
2014-06-09T21:00:00Z -1 -1 -1 -1 -1.000000 -1
2014-06-09T22:00:00Z 25 63 35 4 0.516667 94
2014-07-11T00:00:00Z -1 -1 -1 -1 -1.000000 -1
2014-07-11T01:00:00Z 46 103 41 8 0.654545 70
2014-07-11T02:00:00Z 48 100 40 7 0.618182 59
2014-07-11T03:00:00Z 48 99 40 6 0.580000 52
2014-07-11T04:00:00Z 47 103 64 5 0.600000 25
2014-07-11T05:00:00Z 50 102 74 5 0.690909 18
2014-07-11T06:00:00Z 50 102 66 7 0.672727 28
2014-07-11T07:00:00Z 41 88 57 8 0.572727 40
2014-07-11T08:00:00Z -1 -1 -1 -1 -1.000000 -1
2014-07-11T09:00:00Z 20 32 38 8 0.445455 63
2014-07-11T10:00:00Z 14 30 26 6 0.336364 78
2014-07-11T11:00:00Z 12 37 20 4 0.300000 98
2014-07-11T12:00:00Z 12 25 16 4 0.281818 110
2014-07-11T13:00:00Z -1 -1 -1 -1 -1.000000 -1
2014-07-11T14:00:00Z 10 24 14 4 0.222222 103
2014-07-11T15:00:00Z 9 37 15 6 0.225000 110
2014-07-11T16:00:00Z 11 52 18 5 0.250000 122
2014-07-11T17:00:00Z 11 57 22 4 0.275000 135
2014-07-11T18:00:00Z 16 59 29 3 0.333333 137
2014-07-11T19:00:00Z 17 49 35 4 0.350000 137
2014-07-11T20:00:00Z 17 52 44 4 0.400000 122
2014-07-11T21:00:00Z 19 72 48 4 0.425000 91
2014-07-11T22:00:00Z 22 69 61 3 0.508333 65
2014-07-11T23:00:00Z -1 -1 -1 -1 -1.000000 -1
2014-07-12T00:00:00Z 29 69 83 4 0.716667 30
2014-07-12T01:00:00Z 22 59 64 4 0.481818 31
2014-07-12T17:00:00Z 10 28 17 3 0.241667 138
2014-07-12T18:00:00Z 12 31 21 3 0.258333 143
2014-07-12T19:00:00Z 14 42 25 3 0.291667 145
2014-07-12T20:00:00Z 14 47 30 3 0.325000 139
2014-07-12T21:00:00Z 19 69 41 3 0.350000 118
2014-07-12T22:00:00Z 23 81 52 3 0.441667 94
2014-07-12T23:00:00Z 27 79 61 3 0.458333 76
2014-07-13T00:00:00Z 25 75 63 4 0.466667 66
2014-07-13T01:00:00Z 26 88 68 4 0.491667 44
2014-07-13T02:00:00Z 25 68 65 5 0.433333 35
2014-07-13T03:00:00Z 17 32 45 3 0.354545 46
2014-07-13T04:00:00Z 14 26 42 3 0.291667 45
2014-07-13T05:00:00Z -1 -1 -1 -1 -1.000000 -1
2014-07-13T06:00:00Z 8 25 32 3 0.258333 47
2014-07-13T07:00:00Z 8 31 31 3 0.291667 48
2014-07-13T08:00:00Z -1 -1 -1 -1 -1.000000 -1
2014-07-13T09:00:00Z 7 27 19 4 0.275000 68
2014-07-13T10:00:00Z 7 24 16 5 0.283333 79
2014-07-13T11:00:00Z 9 31 15 4 0.275000 93
2014-07-13T12:00:00Z 11 18 12 3 0.266667 108
2014-07-13T13:00:00Z -1 -1 -1 -1 -1.000000 -1
2014-07-13T14:00:00Z 11 23 11 3 0.241667 130
2014-07-13T15:00:00Z 13 19 12 3 0.266667 138
2014-07-13T16:00:00Z 15 86 16 3 0.263636 132
2014-07-13T17:00:00Z 13 145 21 3 0.336364 96
2014-07-13T18:00:00Z 15 66 32 3 0.425000 75
2014-07-13T19:00:00Z -1 -1 -1 -1 -1.000000 -1
2014-07-13T20:00:00Z 25 50 60 3 0.633333 54
2014-07-13T21:00:00Z 27 64 67 3 0.658333 44
2014-07-13T22:00:00Z 31 73 75 3 0.741667 31
2014-07-13T23:00:00Z -1 -1 -1 -1 -1.000000 -1
2014-07-21T00:00:00Z 57 101 32 4 0.650000 78
2014-07-21T01:00:00Z 59 103 31 4 0.658333 65
2014-07-21T02:00:00Z 59 98 29 5 0.654545 57
2014-07-21T03:00:00Z 60 95 29 3 0.645455 51
2014-07-21T04:00:00Z 62 95 27 4 0.625000 56
2014-07-21T05:00:00Z 65 97 27 3 0.650000 49
2014-07-21T06:00:00Z 57 68 26 3 0.633333 49
2014-07-21T07:00:00Z 26 -1 16 3 0.466667 56
2014-07-21T08:00:00Z 14 28 22 3 0.458333 55
2014-07-21T09:00:00Z 14 35 25 3 0.491667 45
2014-07-21T10:00:00Z 14 20 24 4 0.508333 46
2014-07-21T11:00:00Z 14 26 23 9 0.533333 59
2014-07-21T12:00:00Z 14 23 20 11 0.491667 76
2014-07-21T13:00:00Z 16 28 16 10 0.466667 89
2014-07-21T14:00:00Z 14 11 14 8 0.383333 91
2014-07-21T15:00:00Z 11 12 15 7 0.383333 108
2014-07-21T16:00:00Z 12 22 16 6 0.372727 117
2014-07-21T17:00:00Z 11 22 19 5 0.325000 108
2014-07-21T18:00:00Z 9 20 21 5 0.333333 103
2014-07-21T19:00:00Z 10 30 28 5 0.400000 91
2014-07-21T20:00:00Z 12 32 29 6 0.383333 88
2014-07-21T21:00:00Z 9 30 29 7 0.366667 67
2014-07-21T22:00:00Z 9 22 30 5 0.325000 66
2014-07-21T23:00:00Z 7 12 31 4 0.316667 53
2014-07-22T00:00:00Z 7 15 30 3 0.283333 50
2014-07-22T01:00:00Z 8 21 31 4 0.300000 46
2014-07-22T02:00:00Z 9 22 35 6 0.308333 40
2014-07-22T03:00:00Z 7 19 33 6 0.300000 40
2014-07-22T04:00:00Z 7 27 38 6 0.316667 32
2014-07-22T05:00:00Z 8 25 38 6 0.333333 31
2014-07-22T06:00:00Z 9 30 39 6 0.383333 28
2014-07-22T07:00:00Z 9 31 41 6 0.383333 26
2014-07-22T08:00:00Z 10 55 48 7 0.466667 17
2014-07-22T09:00:00Z 12 39 47 8 0.516667 21
2014-07-22T10:00:00Z 13 50 49 8 0.533333 25
2014-07-22T11:00:00Z 14 41 46 8 0.733333 31
2014-07-22T12:00:00Z 12 45 42 9 0.533333 38
2014-07-22T13:00:00Z 14 38 38 8 0.483333 45
2014-07-22T14:00:00Z 14 31 36 8 0.466667 49
2014-07-22T15:00:00Z 16 37 35 13 0.590909 53
2014-07-22T16:00:00Z 14 48 36 13 0.609091 47
2014-07-22T17:00:00Z 15 29 32 11 0.563636 55
2014-07-22T18:00:00Z 13 31 32 7 0.483333 58
2014-07-22T19:00:00Z 14 31 38 7 0.525000 50
2014-07-22T20:00:00Z 15 42 41 7 0.550000 51
2014-07-22T21:00:00Z 18 49 50 7 0.600000 32
2014-07-22T22:00:00Z 21 68 54 8 0.533333 25
2014-07-22T23:00:00Z 21 68 54 8 0.533333 25
2014-07-23T00:00:00Z 21 41 54 9 0.572727 19
2014-07-23T01:00:00Z 17 51 53 10 0.554545 16
2014-07-23T02:00:00Z 19 45 52 9 0.563636 16
2014-07-23T03:00:00Z 20 62 53 7 0.545455 13
2014-07-23T04:00:00Z 20 74 53 6 0.525000 14
2014-07-23T05:00:00Z 20 56 51 6 0.566667 21
2014-07-23T06:00:00Z 19 47 51 7 0.591667 13
2014-07-23T07:00:00Z 21 56 52 7 0.691667 11
2014-07-23T08:00:00Z 24 72 54 7 0.808333 11
2014-07-23T09:00:00Z 24 78 59 8 0.891667 13
2014-07-23T10:00:00Z 23 55 58 8 0.850000 18
2014-07-23T11:00:00Z 21 67 58 7 0.775000 26
2014-07-23T12:00:00Z 24 72 64 7 0.833333 40
2014-07-23T13:00:00Z 31 108 79 6 0.854545 43
2014-07-23T14:00:00Z 23 53 47 5 0.558333 83
2014-07-23T15:00:00Z 23 64 43 4 0.608333 100
2014-08-05T01:00:00Z 15 25 37 2 0.516667 17
2014-08-05T02:00:00Z 13 27 35 2 0.472727 16
2014-08-05T03:00:00Z 13 30 34 2 0.481818 15
2014-08-05T04:00:00Z 14 23 37 2 0.466667 10
2014-08-05T05:00:00Z 14 18 34 2 0.466667 10
2014-08-05T06:00:00Z 14 30 33 2 0.481818 9
2014-08-05T07:00:00Z 17 24 35 2 0.525000 10
2014-08-05T08:00:00Z 16 35 38 2 0.566667 11
2014-08-05T09:00:00Z 20 39 40 4 0.609091 16
2014-08-05T10:00:00Z 27 44 39 11 0.691667 28
2014-08-05T11:00:00Z 28 48 41 14 0.725000 42
2014-08-05T12:00:00Z -1 -1 -1 -1 -1.000000 -1
2014-08-05T13:00:00Z 28 68 33 16 0.658333 100
2014-08-05T14:00:00Z -1 -1 -1 -1 -1.000000 -1
2014-08-05T15:00:00Z 25 50 28 9 0.558333 145
2014-08-05T16:00:00Z 33 102 32 7 0.600000 170
2014-08-05T17:00:00Z 42 73 33 5 0.616667 177
2014-08-05T18:00:00Z 33 68 30 4 0.550000 150
2014-08-05T19:00:00Z 35 77 35 3 0.566667 129
2014-08-05T20:00:00Z 33 72 40 4 0.600000 98
2014-08-05T21:00:00Z 34 80 47 4 0.625000 75
2014-08-05T22:00:00Z 39 77 49 4 0.633333 60
2014-08-05T23:00:00Z -1 -1 -1 -1 -1.000000 -1
2014-08-06T00:00:00Z 41 78 56 3 0.666667 42
2014-08-06T01:00:00Z 43 83 59 3 0.675000 35
2014-08-06T02:00:00Z 46 83 60 3 0.718182 27
2014-08-06T03:00:00Z 48 85 64 3 0.754545 26
2014-08-06T04:00:00Z -1 -1 -1 -1 -1.000000 -1
2014-08-06T05:00:00Z 49 86 77 3 0.791667 16
2014-08-06T06:00:00Z 50 82 74 3 0.800000 16
2014-08-06T07:00:00Z 51 83 69 3 0.816667 21
2014-08-06T08:00:00Z 50 64 64 5 0.758333 36
2014-08-06T09:00:00Z 36 26 53 5 0.641667 51
2014-08-06T10:00:00Z 23 20 32 5 0.466667 68
2014-08-06T11:00:00Z -1 -1 -1 -1 -1.000000 -1
2014-08-06T12:00:00Z 15 23 19 3 0.333333 107
2014-08-06T13:00:00Z -1 -1 -1 -1 -1.000000 -1
2014-08-06T14:00:00Z 10 6 13 4 0.300000 103
2014-08-06T15:00:00Z 10 10 15 5 0.300000 99
2014-08-06T16:00:00Z -1 -1 -1 -1 -1.000000 -1
2014-08-06T17:00:00Z 9 37 21 2 0.283333 99
2014-08-06T18:00:00Z 10 68 23 2 0.291667 105
2014-08-06T19:00:00Z 15 69 31 3 0.400000 123
2014-08-06T20:00:00Z 22 89 41 3 0.475000 119
2014-08-06T21:00:00Z 31 106 55 3 0.625000 103
2014-08-06T22:00:00Z 43 129 69 4 0.850000 76
2014-08-06T23:00:00Z 51 122 78 4 0.983333 59
2014-08-12T08:00:00Z 17 46 49 3 0.450000 34
2014-08-12T09:00:00Z 18 45 44 3 0.441667 47
2014-08-12T10:00:00Z 16 49 41 3 0.433333 62
2014-08-12T11:00:00Z 17 37 33 5 0.436364 86
2014-08-12T12:00:00Z 15 34 24 13 1.016667 119
2014-08-12T13:00:00Z -1 -1 -1 -1 -1.000000 -1
2014-08-12T14:00:00Z 22 45 20 9 0.583333 182
2014-08-12T15:00:00Z 28 61 22 9 0.691667 200
2014-08-12T16:00:00Z -1 -1 -1 -1 -1.000000 -1
2014-08-12T17:00:00Z 27 72 25 8 0.766667 194
2014-08-12T18:00:00Z 33 89 32 9 0.891667 189
2014-08-12T19:00:00Z 36 83 41 8 0.800000 168
2014-08-12T20:00:00Z 33 88 46 6 0.733333 135
2014-08-12T21:00:00Z 32 79 48 6 0.741667 112
2014-08-12T22:00:00Z 31 66 49 5 0.716667 94
2014-08-12T23:00:00Z 17 73 27 3 0.450000 99
2014-09-03T13:00:00Z 11 17 22 10 0.409091 87
2014-09-03T14:00:00Z 12 24 20 7 0.400000 103
2014-09-03T15:00:00Z 14 35 23 7 0.391667 120
2014-09-03T16:00:00Z 20 54 27 6 0.400000 130
2014-09-03T17:00:00Z -1 -1 -1 -1 -1.000000 -1
2014-09-03T18:00:00Z 15 59 32 3 0.450000 126
2014-09-03T19:00:00Z 18 58 39 3 0.475000 102
2014-09-03T20:00:00Z 18 60 48 3 0.525000 76
2014-09-03T21:00:00Z 22 71 54 3 0.583333 61
2014-09-03T22:00:00Z -1 -1 -1 -1 -1.000000 -1
2014-09-16T00:00:00Z 27 91 61 5 0.475000 19
2014-09-16T01:00:00Z 30 90 62 4 0.508333 14
2014-09-16T02:00:00Z 29 77 60 4 0.525000 13
2014-09-16T03:00:00Z 31 82 64 4 0.545455 9
2014-09-16T04:00:00Z 30 72 62 5 0.491667 11
2014-09-16T05:00:00Z -1 -1 -1 -1 -1.000000 -1
2014-09-16T06:00:00Z 18 40 47 3 0.383333 18
2014-09-16T07:00:00Z 17 52 52 4 0.436364 16
2014-09-16T08:00:00Z 18 59 51 3 0.472727 17
2014-09-16T09:00:00Z 20 57 49 4 0.483333 20
2014-09-16T10:00:00Z 21 52 49 4 0.491667 23
2014-09-16T11:00:00Z 21 63 49 5 0.475000 27
2014-09-16T12:00:00Z 23 71 50 4 0.440000 35
2014-09-16T13:00:00Z 30 80 54 5 0.490000 45
2014-09-16T14:00:00Z 36 85 61 7 0.609091 47
2014-09-16T15:00:00Z 43 109 77 7 0.710000 39
2014-09-16T16:00:00Z -1 -1 -1 -1 -1.000000 -1
2014-09-16T17:00:00Z 63 140 99 8 0.780000 34
2014-09-16T18:00:00Z 68 138 94 8 0.772727 35
2014-09-16T19:00:00Z 70 148 98 8 0.836364 24
2014-09-16T20:00:00Z -1 -1 -1 -1 -1.000000 -1
2014-09-16T21:00:00Z 69 138 88 8 0.827273 9
2014-09-16T22:00:00Z 65 131 84 7 0.809091 8
2014-09-16T23:00:00Z -1 -1 -1 -1 -1.000000 -1
2014-10-01T16:00:00Z 68 72 57 3 1.066667 6
2014-10-01T17:00:00Z 74 64 57 2 1.181818 5
2014-10-01T18:00:00Z 76 -1 58 3 1.200000 4
2014-10-01T19:00:00Z 83 -1 60 2 1.227273 4
2014-10-01T20:00:00Z 85 78 63 3 1.183333 3
2014-10-01T21:00:00Z 82 -1 61 3 1.166667 3
2014-10-01T22:00:00Z 77 -1 58 3 1.108333 4
2014-10-01T23:00:00Z 73 -1 55 3 1.050000 4
2014-10-02T00:00:00Z 67 -1 50 2 0.977778 4
2014-10-02T01:00:00Z 66 -1 47 2 0.963636 3
2014-10-02T02:00:00Z 63 -1 41 2 0.900000 5
2014-10-02T03:00:00Z 60 -1 40 2 0.900000 3
2014-10-02T04:00:00Z -1 -1 -1 -1 -1.000000 -1
2014-10-02T05:00:00Z 60 -1 40 2 0.972727 2
2014-10-02T06:00:00Z 58 -1 40 2 1.018182 2
2014-10-02T07:00:00Z 55 62 39 2 1.063636 2
2014-10-02T08:00:00Z 54 75 38 2 1.118182 3
2014-10-02T09:00:00Z 60 77 43 2 1.109091 5
2014-10-02T10:00:00Z 58 -1 43 4 1.045455 11
2014-10-02T11:00:00Z -1 -1 -1 -1 -1.000000 -1
2014-10-02T12:00:00Z 60 63 48 13 1.036364 23
2014-10-02T13:00:00Z 51 72 42 12 0.850000 37
2014-10-02T14:00:00Z 48 47 37 9 0.763636 50
2014-10-02T15:00:00Z 47 53 36 7 0.710000 56
2014-10-02T16:00:00Z 40 50 39 7 0.658333 53
2014-10-02T17:00:00Z 38 61 40 5 0.645455 51
2014-10-02T18:00:00Z -1 -1 -1 -1 -1.000000 -1
2014-10-02T19:00:00Z 41 73 64 3 0.845455 16
2014-10-02T20:00:00Z 56 94 68 3 1.063636 10
2014-10-02T21:00:00Z 63 101 65 3 1.200000 10
2014-10-02T22:00:00Z 59 82 59 3 1.172727 11
2014-10-02T23:00:00Z 59 82 59 3 1.172727 11
2014-10-14T00:00:00Z -1 -1 -1 -1 -1.000000 -1
2014-10-14T01:00:00Z 40 81 61 5 0.700000 9
2014-10-14T02:00:00Z 36 76 58 4 0.658333 6
2014-10-14T03:00:00Z 34 70 55 4 0.666667 6
2014-10-14T04:00:00Z 30 62 52 4 0.583333 5
2014-10-14T05:00:00Z 26 52 46 4 0.533333 6
2014-10-14T06:00:00Z -1 -1 -1 -1 -1.000000 -1
2014-10-14T07:00:00Z 23 50 48 3 0.550000 3
2014-10-14T08:00:00Z -1 -1 -1 -1 -1.000000 -1
2014-10-14T09:00:00Z 28 66 51 6 0.733333 9
2014-10-14T10:00:00Z 27 66 54 7 0.727273 14
2014-10-14T11:00:00Z 33 73 60 9 0.733333 18
2014-10-14T12:00:00Z 37 75 68 10 0.708333 25
2014-10-14T13:00:00Z 42 90 71 10 0.633333 39
2014-10-14T14:00:00Z 45 81 57 10 0.558333 57
2014-10-14T15:00:00Z 40 81 48 10 0.525000 76
2014-10-14T16:00:00Z 38 79 42 10 0.458333 82
2014-10-14T17:00:00Z 39 87 40 10 0.716667 84
2014-10-14T18:00:00Z 47 111 61 10 0.608333 62
2014-10-14T19:00:00Z 56 124 89 10 0.800000 34
2014-10-14T20:00:00Z 64 132 89 10 0.808333 28
2014-10-14T21:00:00Z -1 -1 -1 -1 -1.000000 -1
2014-10-14T22:00:00Z 84 155 86 14 0.941667 17
2014-10-14T23:00:00Z 91 156 82 14 0.941667 16
2014-10-27T00:00:00Z 12 35 45 3 0.318182 31
2014-10-27T01:00:00Z 11 27 37 2 0.327273 35
2014-10-27T16:00:00Z 33 81 42 16 0.700000 55
2014-10-27T17:00:00Z -1 -1 -1 -1 -1.000000 -1
2014-10-27T18:00:00Z 35 81 60 12 0.709091 32
2014-10-27T19:00:00Z 43 98 79 11 0.918182 12
2014-10-27T20:00:00Z 55 114 85 15 1.081818 7
2014-10-27T21:00:00Z -1 -1 -1 -1 -1.000000 -1
2014-10-27T22:00:00Z 50 112 73 12 1.100000 5
2014-10-27T23:00:00Z 49 98 69 10 1.145455 5
2014-11-03T00:00:00Z 17 42 57 4 0.900000 7
2014-11-03T01:00:00Z 20 48 57 4 0.900000 7
2014-11-03T02:00:00Z -1 -1 -1 -1 -1.000000 -1
2014-11-03T03:00:00Z 23 51 51 5 0.890909 9
2014-11-03T04:00:00Z -1 -1 -1 -1 -1.000000 -1
2014-11-03T05:00:00Z 22 47 44 5 0.875000 10
2014-11-03T06:00:00Z 23 42 44 6 0.941667 9
2014-11-03T07:00:00Z 23 53 46 6 0.991667 9
2014-11-03T08:00:00Z -1 -1 -1 -1 -1.000000 -1
2014-11-03T09:00:00Z 35 90 58 9 1.483333 9
2014-11-03T10:00:00Z 28 47 59 10 0.988889 14
2014-11-03T11:00:00Z 20 39 41 7 0.616667 34
2014-11-03T12:00:00Z 16 31 29 6 0.433333 53
2014-11-03T13:00:00Z 15 26 22 6 0.358333 69
2014-11-03T14:00:00Z 15 22 20 5 0.318182 75
2014-11-03T15:00:00Z 11 25 18 5 0.300000 76
2014-11-03T16:00:00Z -1 -1 -1 -1 -1.000000 -1
2014-11-03T17:00:00Z 14 45 26 4 0.333333 70
2014-11-03T18:00:00Z 18 57 32 4 0.375000 52
2014-11-03T19:00:00Z 26 71 50 4 0.575000 27
2014-11-03T20:00:00Z 26 71 50 4 0.575000 27
2014-11-03T21:00:00Z 43 86 66 7 0.770000 17
2014-11-03T22:00:00Z 43 86 61 6 0.725000 17
2014-11-03T23:00:00Z 44 82 52 9 0.730000 21
