2013-06-13T01:00:00 0 0 0 0 0
2013-06-13T00:00:00 0 0 0 0 0
2013-06-12T23:00:00 0 0 0 0 0
2013-06-12T22:00:00 0 0 0 0 0
2013-06-12T21:00:00 0 0 0 0 0
2013-06-12T20:00:00 0 0 0 0 0
2013-06-12T19:00:00 0 0 0 0 0
2013-06-12T18:00:00 0 0 0 0 0
2013-06-12T17:00:00 0 0 0 0 0
2013-06-12T16:00:00 0 0 0 0 0
2013-06-12T15:00:00 0 0 0 0 0
2013-06-12T14:00:00 0 0 0 0 0
2013-06-12T13:00:00 0 0 0 0 0
2013-06-12T12:00:00 0 0 0 0 0
2013-06-12T11:00:00 0 0 0 0 0
2013-06-12T10:00:00 0 0 0 0 0
2013-06-12T09:00:00 0 0 0 0 0
2013-06-12T08:00:00 0 0 0 0 0
2013-06-12T07:00:00 0 0 0 0 0
2013-06-12T06:00:00 0 0 0 0 0
2013-06-12T05:00:00 0 0 0 0 0
2013-06-12T04:00:00 0 0 0 0 0
2013-06-12T03:00:00 0 0 0 0 0
2013-06-12T02:00:00 0 0 0 0 0
2013-11-08T21:00:00 0.63497089213 0.36502910787 2 0 2
2013-11-08T20:00:00 0.621979360968 0.378020639032 1 0 1
2013-11-08T19:00:00 0 0 0 0 0
2013-11-08T18:00:00 0 0 0 0 0
2013-11-08T17:00:00 0 0 0 0 0
2013-11-08T16:00:00 0 0 0 0 0
2013-11-08T15:00:00 0.719880768628 0.280119231372 1 0 1
2013-11-08T14:00:00 0.801890836459 0.198109163541 3 0 3
2013-11-08T13:00:00 0.801890836459 0.198109163541 3 0 3
2013-11-08T12:00:00 0.801890836459 0.198109163541 3 0 3
2013-11-08T11:00:00 0.801890836459 0.198109163541 3 0 3
2013-11-08T10:00:00 0.801890836459 0.198109163541 3 0 3
2013-11-08T09:00:00 0.842895870374 0.157104129626 2 0 2
2013-11-08T08:00:00 0 0 0 0 0
2013-11-08T07:00:00 0 0 0 0 0
2013-11-08T06:00:00 0 0 0 0 0
2013-11-08T05:00:00 0 0 0 0 0
2013-11-08T04:00:00 0 0 0 0 0
2013-11-08T03:00:00 0 0 0 0 0
2013-11-08T00:00:00 0 0 0 0 0
2013-11-07T23:00:00 0 0 0 0 0
2013-11-07T22:00:00 0 0 0 0 0
2013-11-17T11:00:00 0.769206265469 0.230793734531 1 0 1
2013-11-17T10:00:00 0 0 0 0 0
2013-11-17T09:00:00 0 0 0 0 0
2013-11-17T08:00:00 0 0 0 0 0
2013-11-17T07:00:00 0 0 0 0 0
2013-11-17T06:00:00 0 0 0 0 0
2013-11-17T05:00:00 0 0 0 0 0
2013-11-17T04:00:00 0 0 0 0 0
2013-11-17T03:00:00 0 0 0 0 0
2013-11-17T02:00:00 0 0 0 0 0
2013-11-17T01:00:00 0 0 0 0 0
2013-11-17T00:00:00 0 0 0 0 0
2013-11-16T23:00:00 0 0 0 0 0
2013-11-16T22:00:00 0 0 0 0 0
2013-11-16T21:00:00 0.746569863838 0.253430136162 1 0 1
2013-11-16T20:00:00 0.746569863838 0.253430136162 1 0 1
2013-11-16T19:00:00 0.746569863838 0.253430136162 1 0 1
2013-11-16T18:00:00 0.746569863838 0.253430136162 1 0 1
2013-11-16T17:00:00 0.746569863838 0.253430136162 1 0 1
2013-11-16T16:00:00 0.64286262638 0.35713737362 2 1 3
2013-11-16T15:00:00 0.591009007651 0.408990992349 1 1 2
2013-11-16T14:00:00 0.591009007651 0.408990992349 1 1 2
2013-11-16T13:00:00 0.591009007651 0.408990992349 1 1 2
2013-11-21T13:00:00 0.828116507899 0.171883492101 1 0 1
2013-11-21T12:00:00 0.828116507899 0.171883492101 1 0 1
2013-11-21T11:00:00 0.828116507899 0.171883492101 1 0 1
2013-11-21T10:00:00 0.828116507899 0.171883492101 1 0 1
2013-11-21T09:00:00 0 0 0 0 0
2013-11-21T08:00:00 0 0 0 0 0
2013-11-21T07:00:00 0 0 0 0 0
2013-11-21T06:00:00 0 0 0 0 0
2013-11-21T05:00:00 0 0 0 0 0
2013-11-21T04:00:00 0.710858537568 0.289141462432 1 0 1
2013-11-21T03:00:00 0.710858537568 0.289141462432 1 0 1
2013-11-21T02:00:00 0.710858537568 0.289141462432 1 0 1
2013-11-21T01:00:00 0.710858537568 0.289141462432 1 0 1
2013-11-21T00:00:00 0.710858537568 0.289141462432 1 0 1
2013-11-20T23:00:00 0.710858537568 0.289141462432 1 0 1
2013-11-20T22:00:00 0.533725781094 0.466274218906 1 1 2
2013-12-04T13:00:00 0.798568632366 0.201431367634 7 0 7
2013-12-04T12:00:00 0.775515114157 0.224484885843 6 0 6
2013-12-04T11:00:00 0.775515114157 0.224484885843 6 0 6
2013-12-04T10:00:00 0.782684096857 0.217315903143 4 0 4
2013-12-04T09:00:00 0.782684096857 0.217315903143 4 0 4
2013-12-04T08:00:00 0.653220065603 0.346779934397 1 0 1
2013-12-04T07:00:00 0 0 0 0 0
2013-12-04T06:00:00 0 0 0 0 0
2013-12-04T05:00:00 0 0 0 0 0
2013-12-04T04:00:00 0 0 0 0 0
2013-12-04T03:00:00 0 0 0 0 0
2013-12-04T02:00:00 0 0 0 0 0
2013-12-04T01:00:00 0 0 0 0 0
2013-12-04T00:00:00 0.665278638684 0.334721361316 2 0 2
2013-12-03T23:00:00 0.75763213073 0.242367869269 4 0 4
2013-12-03T22:00:00 0.75763213073 0.242367869269 4 0 4
2013-12-03T21:00:00 0.793483652909 0.206516347091 5 0 5
2013-12-03T20:00:00 0.793483652909 0.206516347091 5 0 5
2013-12-03T19:00:00 0.793483652909 0.206516347091 5 0 5
2013-12-03T18:00:00 0.878953662392 0.121046337608 3 0 3
2013-12-03T17:00:00 0.825390667791 0.174609332209 2 0 2
2013-12-03T16:00:00 0.8411684329 0.1588315671 3 0 3
2013-12-03T15:00:00 0.793307778539 0.206692221461 2 0 2
2013-12-03T14:00:00 0.793307778539 0.206692221461 2 0 2
2013-12-08T07:00:00 0 0 0 0 0
2013-12-08T06:00:00 0 0 0 0 0
2013-12-08T05:00:00 0 0 0 0 0
2013-12-08T04:00:00 0 0 0 0 0
2013-12-08T03:00:00 0 0 0 0 0
2013-12-08T02:00:00 0 0 0 0 0
2013-12-08T01:00:00 0 0 0 0 0
2013-12-08T00:00:00 0 0 0 0 0
2013-12-07T23:00:00 0 0 0 0 0
2013-12-07T22:00:00 0 0 0 0 0
2013-12-07T21:00:00 0 0 0 0 0
2013-12-07T20:00:00 0.867932074747 0.132067925254 2 0 2
2013-12-07T19:00:00 0.887971358335 0.112028641665 3 0 3
2013-12-07T18:00:00 0.890746971558 0.109253028442 5 0 5
2013-12-07T17:00:00 0.849209427122 0.150790572878 11 0 11
2013-12-07T16:00:00 0.82001008934 0.17998991066 17 0 17
2013-12-07T15:00:00 0.817618897927 0.182381102073 18 0 18
2013-12-07T14:00:00 0.83081894018 0.16918105982 22 0 22
2013-12-07T13:00:00 0.826188893259 0.173811106741 21 0 21
2013-12-07T12:00:00 0.809622461926 0.190377538074 20 0 20
2013-12-07T11:00:00 0.809311056101 0.190688943899 15 0 15
2013-12-07T10:00:00 0.837866446786 0.162133553214 9 0 9
2013-12-07T09:00:00 0.845478672146 0.154521327854 8 0 8
2013-12-07T08:00:00 0.733544353205 0.266455646795 2 0 2
2013-12-10T11:00:00 0.758116461953 0.241883538047 10 0 10
2013-12-10T10:00:00 0.784503024827 0.215496975173 7 0 7
2013-12-10T09:00:00 0.712089451983 0.287910548017 4 0 4
2013-12-10T08:00:00 0.793324267309 0.206675732691 1 0 1
2013-12-10T07:00:00 0 0 0 0 0
2013-12-10T06:00:00 0 0 0 0 0
2013-12-10T05:00:00 0.936889741622 0.0631102583782 1 0 1
2013-12-10T04:00:00 0.936889741622 0.0631102583782 1 0 1
2013-12-10T03:00:00 0.936889741622 0.0631102583782 1 0 1
2013-12-10T02:00:00 0.936889741622 0.0631102583782 1 0 1
2013-12-10T01:00:00 0.936889741622 0.0631102583782 1 0 1
2013-12-10T00:00:00 0.797349396435 0.202650603565 3 1 4
2013-12-09T23:00:00 0.772527218314 0.227472781686 4 1 5
2013-12-09T22:00:00 0.772527218314 0.227472781686 4 1 5
2013-12-09T21:00:00 0.772527218314 0.227472781686 4 1 5
2013-12-09T20:00:00 0.772527218314 0.227472781686 4 1 5
2013-12-09T19:00:00 0.772527218314 0.227472781686 4 1 5
2013-12-09T18:00:00 0.805064123727 0.194935876274 2 0 2
2013-12-09T17:00:00 0.0 0.0 0 0 0
2013-12-09T16:00:00 0.0 0.0 0 0 0
2013-12-09T15:00:00 0.644474567866 0.355525432134 1 0 1
2013-12-09T14:00:00 0.742605196368 0.257394803631 4 0 4
2013-12-09T13:00:00 0.742605196368 0.257394803631 4 0 4
2013-12-09T12:00:00 0.742605196368 0.257394803631 4 0 4
2013-12-25T17:00:00 0.733807081564 0.266192918436 1 0 1
2013-12-25T16:00:00 0.733807081564 0.266192918436 1 0 1
2013-12-25T15:00:00 0.0 0.0 0 0 0
2013-12-25T14:00:00 0.711156866646 0.288843133354 1 0 1
2013-12-25T13:00:00 0.711156866646 0.288843133354 1 0 1
2013-12-25T12:00:00 0.711156866646 0.288843133354 1 0 1
2013-12-25T11:00:00 0.711156866646 0.288843133354 1 0 1
2013-12-25T10:00:00 0.711156866646 0.288843133354 1 0 1
2013-12-25T09:00:00 0.711156866646 0.288843133354 1 0 1
2013-12-25T08:00:00 0 0 0 0 0
2013-12-25T07:00:00 0 0 0 0 0
2013-12-25T06:00:00 0 0 0 0 0
2013-12-25T05:00:00 0.757918759778 0.242081240222 2 0 2
2013-12-25T04:00:00 0.757918759778 0.242081240222 2 0 2
2013-12-25T03:00:00 0.757918759778 0.242081240222 2 0 2
2013-12-25T02:00:00 0.757918759778 0.242081240222 2 0 2
2013-12-25T01:00:00 0.77101411217 0.22898588783 3 0 3
2013-12-25T00:00:00 0.780177595336 0.219822404664 5 0 5
2013-12-24T23:00:00 0.823197963426 0.176802036574 8 0 8
2013-12-24T22:00:00 0.76407254538 0.23592745462 12 1 13
2013-12-24T21:00:00 0.768543204738 0.231456795263 14 1 15
2013-12-24T20:00:00 0.768543204738 0.231456795263 14 1 15
2013-12-31T11:00:00 0.707636365888 0.292363634112 3 0 3
2013-12-31T10:00:00 0.707636365888 0.292363634112 3 0 3
2013-12-31T09:00:00 0.699491442645 0.300508557355 2 0 2
2013-12-31T08:00:00 0.781256802687 0.218743197313 1 0 1
2013-12-31T07:00:00 0 0 0 0 0
2013-12-31T06:00:00 0 0 0 0 0
2013-12-31T05:00:00 0 0 0 0 0
2013-12-31T04:00:00 0.671898789709 0.328101210291 1 0 1
2013-12-31T03:00:00 0.671898789709 0.328101210291 1 0 1
2013-12-31T02:00:00 0.671898789709 0.328101210291 1 0 1
2013-12-31T01:00:00 0.671898789709 0.328101210291 1 0 1
2013-12-31T00:00:00 0.671898789709 0.328101210291 1 0 1
2013-12-30T23:00:00 0.671898789709 0.328101210291 1 0 1
2013-12-30T22:00:00 0 0 0 0 0
2013-12-30T21:00:00 0 0 0 0 0
2013-12-30T20:00:00 0 0 0 0 0
2013-12-30T19:00:00 0 0 0 0 0
2013-12-30T18:00:00 0 0 0 0 0
2013-12-30T17:00:00 0.728501111262 0.271498888738 1 0 1
2013-12-30T16:00:00 0.728501111262 0.271498888738 1 0 1
2013-12-30T15:00:00 0.728501111262 0.271498888738 1 0 1
2013-12-30T14:00:00 0.792646898685 0.207353101314 2 0 2
2013-12-30T13:00:00 0.792646898685 0.207353101314 2 0 2
2013-12-30T12:00:00 0.792646898685 0.207353101314 2 0 2
2014-01-04T07:00:00 0.0 0.0 0 0 0
2014-01-04T06:00:00 0.0 0.0 0 0 0
2014-01-04T05:00:00 0.0 0.0 0 0 0
2014-01-04T04:00:00 0.0 0.0 0 0 0
2014-01-04T03:00:00 0.0 0.0 0 0 0
2014-01-04T02:00:00 0 0 0 0 0
2014-01-04T01:00:00 0.71624795717 0.28375204283 1 0 1
2014-01-04T00:00:00 0.540843856342 0.459156143658 2 1 3
2014-01-03T23:00:00 0.583403750968 0.416596249032 3 1 4
2014-01-03T22:00:00 0.654100949099 0.345899050901 4 1 5
2014-01-03T21:00:00 0.654100949099 0.345899050901 4 1 5
2014-01-03T20:00:00 0.654100949099 0.345899050901 4 1 5
2014-01-03T19:00:00 0.638564197081 0.361435802919 3 1 4
2014-01-03T18:00:00 0.608992232263 0.391007767737 2 1 3
2014-01-03T15:00:00 0.17900352032 0.82099647968 0 1 1
2014-01-03T14:00:00 0.17900352032 0.82099647968 0 1 1
2014-01-03T13:00:00 0.17900352032 0.82099647968 0 1 1
2014-01-03T12:00:00 0 0 0 0 0
2014-01-03T11:00:00 0 0 0 0 0
2014-01-03T10:00:00 0 0 0 0 0
2014-01-03T09:00:00 0 0 0 0 0
2014-01-03T08:00:00 0 0 0 0 0
2014-01-13T02:00:00 0 0 0 0 0
2014-01-13T01:00:00 0 0 0 0 0
2014-01-13T00:00:00 0 0 0 0 0
2014-01-12T23:00:00 0.76930641649 0.23069358351 1 0 1
2014-01-12T22:00:00 0.76930641649 0.23069358351 1 0 1
2014-01-12T21:00:00 0.76930641649 0.23069358351 1 0 1
2014-01-12T20:00:00 0.76930641649 0.23069358351 1 0 1
2014-01-12T19:00:00 0.76930641649 0.23069358351 1 0 1
2014-01-20T20:00:00 0.75363010025 0.24636989975 2 0 2
2014-01-20T19:00:00 0.789914678924 0.210085321076 1 0 1
2014-01-20T18:00:00 0.789914678924 0.210085321076 1 0 1
2014-01-20T17:00:00 0.789914678924 0.210085321076 1 0 1
2014-01-20T16:00:00 0.789914678924 0.210085321076 1 0 1
2014-01-20T15:00:00 0.789914678924 0.210085321076 1 0 1
2014-01-20T14:00:00 0.712948096068 0.287051903932 1 0 1
2014-01-20T13:00:00 0.712948096068 0.287051903932 1 0 1
2014-01-20T12:00:00 0.712948096068 0.287051903932 1 0 1
2014-01-20T11:00:00 0.712948096068 0.287051903932 1 0 1
2014-01-20T10:00:00 0.712948096068 0.287051903932 1 0 1
2014-01-20T09:00:00 0.712948096068 0.287051903932 1 0 1
2014-01-20T08:00:00 0.0 0.0 0 0 0
2014-01-20T07:00:00 0 0 0 0 0
2014-01-20T06:00:00 0 0 0 0 0
2014-01-20T05:00:00 0 0 0 0 0
2014-01-20T04:00:00 0 0 0 0 0
2014-01-20T03:00:00 0 0 0 0 0
2014-01-20T02:00:00 0 0 0 0 0
2014-01-20T01:00:00 0.818198261826 0.181801738174 1 0 1
2014-01-20T00:00:00 0.818198261826 0.181801738174 1 0 1
2014-01-19T23:00:00 0.822535097018 0.177464902982 2 0 2
2014-01-19T22:00:00 0.82688284894 0.17311715106 3 0 3
2014-01-19T21:00:00 0.854384572111 0.145615427889 4 0 4
2014-01-31T11:00:00 0.80747856945 0.19252143055 2 0 2
2014-01-31T10:00:00 0.755724877571 0.244275122429 1 0 1
2014-01-31T09:00:00 0 0 0 0 0
2014-01-31T08:00:00 0 0 0 0 0
2014-01-31T07:00:00 0 0 0 0 0
2014-01-31T06:00:00 0 0 0 0 0
2014-01-31T05:00:00 0.695319578289 0.304680421711 1 0 1
2014-01-31T04:00:00 0.695319578289 0.304680421711 1 0 1
2014-01-31T03:00:00 0.695319578289 0.304680421711 1 0 1
2014-01-31T02:00:00 0.695319578289 0.304680421711 1 0 1
2014-01-31T01:00:00 0.695319578289 0.304680421711 1 0 1
2014-01-31T00:00:00 0.695319578289 0.304680421711 1 0 1
2014-01-30T23:00:00 0.864104058329 0.135895941671 1 0 1
2014-01-30T22:00:00 0.864104058329 0.135895941671 1 0 1
2014-01-30T21:00:00 0.864104058329 0.135895941671 1 0 1
2014-01-30T20:00:00 0.860448372219 0.139551627781 2 0 2
2014-01-30T19:00:00 0.879670465283 0.120329534717 3 0 3
2014-01-30T18:00:00 0.879670465283 0.120329534717 3 0 3
2014-01-30T17:00:00 0.711312385937 0.288687614063 2 1 3
2014-01-30T16:00:00 0.758505990176 0.241494009824 7 1 8
2014-01-30T15:00:00 0.738945941916 0.261054058084 11 2 13
2014-01-30T14:00:00 0.75121280907 0.24878719093 17 2 19
2014-01-30T13:00:00 0.754308405145 0.245691594855 19 2 21
2014-01-30T12:00:00 0.755302357477 0.244697642523 20 2 22
2014-02-02T17:00:00 0.814598741553 0.185401258447 10 0 10
2014-02-02T16:00:00 0.825845213632 0.174154786368 7 0 7
2014-02-02T15:00:00 0.780554308957 0.219445691043 10 1 11
2014-02-02T14:00:00 0.805905880859 0.194094119141 12 1 13
2014-02-02T13:00:00 0.806297588837 0.193702411163 12 1 13
2014-02-02T12:00:00 0.794006611989 0.205993388011 11 1 12
2014-02-02T11:00:00 0.783888635916 0.216111364084 6 1 7
2014-02-02T10:00:00 0.774967128463 0.225032871537 7 1 8
2014-02-02T09:00:00 0.848639031151 0.151360968849 4 0 4
2014-02-02T08:00:00 0.751938535981 0.248061464019 2 0 2
2014-02-02T07:00:00 0.712516576288 0.287483423712 1 0 1
2014-02-02T06:00:00 0.712516576288 0.287483423712 1 0 1
2014-02-02T05:00:00 0.712516576288 0.287483423712 1 0 1
2014-02-02T04:00:00 0.0 0.0 0 0 0
2014-02-02T03:00:00 0.0 0.0 0 0 0
2014-02-02T02:00:00 0.660166849106 0.339833150894 1 0 1
2014-02-02T01:00:00 0.660166849106 0.339833150894 1 0 1
2014-02-02T00:00:00 0.660166849106 0.339833150894 1 0 1
2014-02-01T23:00:00 0.660166849106 0.339833150894 1 0 1
2014-02-01T22:00:00 0.655245507441 0.344754492559 2 0 2
2014-03-10T23:00:00 0.760454908734 0.239545091266 3 1 4
2014-03-10T22:00:00 0.760454908734 0.239545091266 3 1 4
2014-03-10T21:00:00 0.760454908734 0.239545091266 3 1 4
2014-03-10T20:00:00 0.624382993331 0.375617006669 1 1 2
2014-03-10T19:00:00 0.624382993331 0.375617006669 1 1 2
2014-03-10T18:00:00 0.861070702372 0.138929297628 1 0 1
2014-03-10T17:00:00 0 0 0 0 0
2014-03-10T16:00:00 0 0 0 0 0
2014-03-10T15:00:00 0 0 0 0 0
2014-03-10T14:00:00 0.883021552524 0.116978447476 1 0 1
2014-03-10T13:00:00 0.883021552524 0.116978447476 1 0 1
2014-03-10T12:00:00 0.883021552524 0.116978447476 1 0 1
2014-03-10T11:00:00 0.883021552524 0.116978447476 1 0 1
2014-03-10T10:00:00 0.883021552524 0.116978447476 1 0 1
2014-03-10T09:00:00 0.883021552524 0.116978447476 1 0 1
2014-03-10T08:00:00 0 0 0 0 0
2014-03-10T07:00:00 0 0 0 0 0
2014-03-10T06:00:00 0 0 0 0 0
2014-03-10T05:00:00 0 0 0 0 0
2014-03-10T04:00:00 0 0 0 0 0
2014-03-10T03:00:00 0 0 0 0 0
2014-03-10T02:00:00 0.777233372521 0.222766627479 1 0 1
2014-03-10T01:00:00 0.777233372521 0.222766627479 1 0 1
2014-03-10T00:00:00 0.777233372521 0.222766627479 1 0 1
2014-03-19T06:00:00 0 0 0 0 0
2014-03-19T05:00:00 0 0 0 0 0
2014-03-19T04:00:00 0 0 0 0 0
2014-03-19T03:00:00 0 0 0 0 0
2014-03-19T02:00:00 0.0 0.0 0 0 0
2014-03-19T01:00:00 0.703299421424 0.296700578576 1 0 1
2014-03-19T00:00:00 0.703299421424 0.296700578576 1 0 1
2014-03-18T23:00:00 0.703299421424 0.296700578576 1 0 1
2014-03-18T22:00:00 0.703299421424 0.296700578576 1 0 1
2014-03-18T21:00:00 0.703299421424 0.296700578576 1 0 1
2014-03-18T20:00:00 0.703299421424 0.296700578576 1 0 1
2014-03-18T19:00:00 0 0 0 0 0
2014-03-18T18:00:00 0.0 0.0 0 0 0
2014-03-18T17:00:00 0.671334400406 0.328665599594 1 0 1
2014-03-18T16:00:00 0.797834056793 0.202165943207 3 0 3
2014-03-18T15:00:00 0.759328329244 0.240671670756 4 0 4
2014-03-18T14:00:00 0.760925081783 0.239074918217 5 0 5
2014-03-18T13:00:00 0.841586076464 0.158413923536 15 0 15
2014-03-18T12:00:00 0.841586076464 0.158413923536 15 0 15
2014-03-18T11:00:00 0.853746910468 0.146253089532 14 0 14
2014-03-18T10:00:00 0.852524081381 0.147475918619 12 0 12
2014-03-18T09:00:00 0.871497984543 0.128502015457 11 0 11
2014-03-18T08:00:00 0.881916573804 0.118083426196 10 0 10
2014-04-18T04:00:00 0.394726175128 0.605273824872 1 2 3
2014-04-18T03:00:00 0.512672548598 0.487327451402 2 2 4
2014-04-18T02:00:00 0.512672548598 0.487327451402 2 2 4
2014-04-18T01:00:00 0.512672548598 0.487327451402 2 2 4
2014-04-18T00:00:00 0.512672548598 0.487327451402 2 2 4
2014-04-17T23:00:00 0.799556148949 0.200443851051 3 0 3
2014-04-17T22:00:00 0.886125067279 0.113874932722 4 0 4
2014-04-17T21:00:00 0.850472189001 0.149527810999 4 0 4
2014-04-17T20:00:00 0.867755699525 0.132244300475 5 0 5
2014-04-17T19:00:00 0.867755699525 0.132244300475 5 0 5
2014-04-17T18:00:00 0.867755699525 0.132244300475 5 0 5
2014-04-17T17:00:00 0.851434862876 0.148565137124 5 0 5
2014-04-17T16:00:00 0.828216617673 0.171783382327 3 0 3
2014-04-17T15:00:00 0.895254157739 0.104745842261 3 0 3
2014-04-17T14:00:00 0.874436365798 0.125563634202 2 0 2
2014-04-17T13:00:00 0.66028638602 0.33971361398 2 1 3
2014-04-17T12:00:00 0.66028638602 0.33971361398 2 1 3
2014-04-17T11:00:00 0.633491885191 0.366508114809 2 1 3
2014-04-17T10:00:00 0.65886809795 0.34113190205 3 1 4
2014-04-17T09:00:00 0.570153205234 0.429846794766 2 1 3
2014-05-22T04:00:00 0 0 0 0 0
2014-05-22T03:00:00 0.717575921146 0.282424078854 1 0 1
2014-05-22T02:00:00 0.717575921146 0.282424078854 1 0 1
2014-05-22T01:00:00 0.717575921146 0.282424078854 1 0 1
2014-05-22T00:00:00 0.746255129571 0.253744870429 2 0 2
2014-05-21T23:00:00 0.746255129571 0.253744870429 2 0 2
2014-05-21T22:00:00 0.730879133963 0.269120866037 3 0 3
2014-05-21T21:00:00 0.737530740372 0.262469259628 2 0 2
2014-05-21T20:00:00 0.737530740372 0.262469259628 2 0 2
2014-05-21T19:00:00 0.737530740372 0.262469259628 2 0 2
2014-05-21T18:00:00 0.700127142748 0.299872857252 1 0 1
2014-05-21T17:00:00 0.700127142748 0.299872857252 1 0 1
2014-05-21T16:00:00 0.0 0.0 0 0 0
2014-05-21T15:00:00 0.854036646703 0.145963353298 2 0 2
2014-05-21T14:00:00 0.697685132293 0.302314867707 2 1 3
2014-05-21T13:00:00 0.697685132293 0.302314867707 2 1 3
2014-05-21T12:00:00 0.697685132293 0.302314867707 2 1 3
2014-05-21T11:00:00 0.697685132293 0.302314867707 2 1 3
2014-06-28T20:00:00 0.936889741622 0.0631102583782 1 0 1
2014-06-28T19:00:00 0.0 0.0 0 0 0
2014-06-28T18:00:00 0.0 0.0 0 0 0
2014-06-28T17:00:00 0.663737408762 0.336262591238 2 0 2
2014-06-28T16:00:00 0.663737408762 0.336262591238 2 0 2
2014-06-28T15:00:00 0.663737408762 0.336262591238 2 0 2
2014-06-28T14:00:00 0.663737408762 0.336262591238 2 0 2
2014-06-28T13:00:00 0.663737408762 0.336262591238 2 0 2
2014-06-28T12:00:00 0.663737408762 0.336262591238 2 0 2
2014-11-07T01:00:00 0 0 0 0 0
2014-11-07T00:00:00 0 0 0 0 0
2014-11-06T23:00:00 0 0 0 0 0
2014-11-06T22:00:00 0 0 0 0 0
2014-11-06T21:00:00 0 0 0 0 0
2014-11-06T20:00:00 0.257234340159 0.742765659841 0 1 1
2014-11-06T19:00:00 0.535427957168 0.464572042832 1 1 2
2014-11-06T18:00:00 0.615635391129 0.384364608871 2 1 3
2014-11-06T17:00:00 0.615635391129 0.384364608871 2 1 3
2014-11-06T16:00:00 0.615635391129 0.384364608871 2 1 3
2014-11-06T15:00:00 0.615635391129 0.384364608871 2 1 3
2014-11-06T14:00:00 0.794835916613 0.205164083386 2 0 2
2014-11-06T13:00:00 0.776050259051 0.223949740949 1 0 1
2014-11-06T12:00:00 0 0 0 0 0
2014-11-06T11:00:00 0 0 0 0 0
2014-11-06T10:00:00 0 0 0 0 0
2014-11-06T09:00:00 0 0 0 0 0
2014-11-06T08:00:00 0 0 0 0 0
2014-11-06T07:00:00 0 0 0 0 0
2014-11-06T06:00:00 0 0 0 0 0
2014-11-06T05:00:00 0 0 0 0 0
2014-11-12T15:00:00 0 0 0 0 0
2014-11-12T14:00:00 0 0 0 0 0
2014-11-12T13:00:00 0 0 0 0 0
2014-11-12T12:00:00 0 0 0 0 0
2014-11-12T11:00:00 0 0 0 0 0
2014-11-12T10:00:00 0 0 0 0 0
2014-11-12T09:00:00 0 0 0 0 0
2014-11-12T08:00:00 0 0 0 0 0
2014-11-12T07:00:00 0 0 0 0 0
2014-11-12T06:00:00 0.738527110321 0.261472889679 1 0 1
2014-11-12T05:00:00 0.738527110321 0.261472889679 1 0 1
2014-11-12T04:00:00 0.738527110321 0.261472889679 1 0 1
2014-11-12T03:00:00 0.738527110321 0.261472889679 1 0 1
2014-11-12T02:00:00 0.738527110321 0.261472889679 1 0 1
2014-11-12T01:00:00 0.738527110321 0.261472889679 1 0 1
2014-11-12T00:00:00 0.880374848561 0.11962515144 2 0 2
2014-11-11T23:00:00 0.880374848561 0.11962515144 2 0 2
2014-11-17T13:00:00 0 0 0 0 0
2014-11-17T12:00:00 0 0 0 0 0
2014-11-17T11:00:00 0 0 0 0 0
2014-11-17T10:00:00 0 0 0 0 0
2014-11-17T09:00:00 0 0 0 0 0
2014-11-17T08:00:00 0 0 0 0 0
2014-11-17T07:00:00 0 0 0 0 0
2014-11-17T06:00:00 0 0 0 0 0
2014-11-17T05:00:00 0 0 0 0 0
2014-11-17T04:00:00 0 0 0 0 0
2014-11-17T01:00:00 0 0 0 0 0
2014-11-17T00:00:00 0 0 0 0 0
2014-11-16T23:00:00 0 0 0 0 0
