2013-12-01T11:00:00 0 0 0 0 0
2013-12-01T12:00:00 0 0 0 0 0
2013-12-01T13:00:00 0 0 0 0 0
2013-12-01T14:00:00 0.651657504505 0.348342495495 3 0 3
2013-12-01T15:00:00 0.651657504505 0.348342495495 3 0 3
2013-12-01T16:00:00 0.689420197824 0.310579802176 4 0 4
2013-12-01T17:00:00 0.689420197824 0.310579802176 4 0 4
2013-12-01T18:00:00 0.743431285937 0.256568714063 6 0 6
2013-12-01T19:00:00 0.743431285937 0.256568714063 6 0 6
2013-12-01T20:00:00 0.83520506737 0.16479493263 3 0 3
2013-12-01T21:00:00 0.83520506737 0.16479493263 3 0 3
2013-12-01T22:00:00 0.825317511121 0.174682488879 3 0 3
2013-12-01T23:00:00 0.825317511121 0.174682488879 3 0 3
2013-12-02T00:00:00 0.773045609034 0.226954390966 1 0 1
2013-12-02T01:00:00 0.773045609034 0.226954390966 1 0 1
2013-12-02T02:00:00 0.773045609034 0.226954390966 1 0 1
2013-12-02T03:00:00 0.773045609034 0.226954390966 1 0 1
2013-12-02T04:00:00 0 0 0 0 0
2013-12-02T05:00:00 0 0 0 0 0
2013-12-02T06:00:00 0 0 0 0 0
2013-12-02T07:00:00 0 0 0 0 0
2013-12-02T08:00:00 0.657671658053 0.342328341947 3 1 4
2013-12-02T09:00:00 0.732901119091 0.267098880909 8 1 9
2013-12-02T10:00:00 0.738233119123 0.261766880877 9 1 10
2013-12-02T11:00:00 0.738233119123 0.261766880877 9 1 10
2013-12-02T12:00:00 0.738233119123 0.261766880877 9 1 10
2013-12-02T13:00:00 0.738233119123 0.261766880877 9 1 10
2013-12-02T14:00:00 0.791940759836 0.208059240164 6 0 6
2013-12-02T15:00:00 0.786221119409 0.213778880591 1 0 1
2013-12-02T16:00:00 0 0 0 0 0
2013-12-02T17:00:00 0 0 0 0 0
2013-12-02T18:00:00 0.610295432255 0.389704567745 1 0 1
2013-12-02T19:00:00 0.610295432255 0.389704567745 1 0 1
2013-12-02T20:00:00 0.753411128196 0.246588871805 2 0 2
2013-12-02T21:00:00 0.753411128196 0.246588871805 2 0 2
2013-12-02T22:00:00 0.753411128196 0.246588871805 2 0 2
2013-12-02T23:00:00 0.753411128196 0.246588871805 2 0 2
2013-12-03T00:00:00 0.896526824136 0.103473175864 1 0 1
2013-12-03T01:00:00 0.896526824136 0.103473175864 1 0 1
2013-12-03T02:00:00 0.0 0.0 0 0 0
2013-12-03T03:00:00 0.0 0.0 0 0 0
2013-12-03T04:00:00 0 0 0 0 0
2013-12-03T05:00:00 0 0 0 0 0
2013-12-06T09:00:00 0.67760659854 0.32239340146 6 2 8
2013-12-06T10:00:00 0.623738897741 0.376261102259 6 3 9
2013-12-06T11:00:00 0.623738897741 0.376261102259 6 3 9
2013-12-06T12:00:00 0.637236360252 0.362763639748 8 3 11
2013-12-06T13:00:00 0.637236360252 0.362763639748 8 3 11
2013-12-06T14:00:00 0.596780645705 0.403219354295 6 2 8
2013-12-06T15:00:00 0.649714812609 0.350285187391 4 1 5
2013-12-06T16:00:00 0.763944192924 0.236055807076 4 0 4
2013-12-06T17:00:00 0.763944192924 0.236055807076 4 0 4
2013-12-06T18:00:00 0.861597090837 0.138402909163 8 0 8
2013-12-06T19:00:00 0.789654461674 0.210345538326 12 1 13
2013-12-06T20:00:00 0.795214237899 0.204785762101 11 1 12
2013-12-06T21:00:00 0.782334646651 0.217665353349 10 1 11
2013-12-06T22:00:00 0.782334646651 0.217665353349 10 1 11
2013-12-06T23:00:00 0.780157300957 0.219842699043 11 1 12
2013-12-07T00:00:00 0.688156295565 0.311843704435 5 1 6
2013-12-07T01:00:00 0.756206498327 0.243793501673 1 0 1
2013-12-07T02:00:00 0.756206498327 0.243793501673 1 0 1
2013-12-09T08:00:00 0 0 0 0 0
2013-12-09T09:00:00 0.775315405869 0.224684594131 3 0 3
2013-12-29T13:00:00 0.661154676962 0.338845323038 1 0 1
2013-12-29T14:00:00 0.778840750549 0.221159249451 2 0 2
2013-12-29T15:00:00 0.778840750549 0.221159249451 2 0 2
2013-12-29T16:00:00 0.778840750549 0.221159249451 2 0 2
2013-12-29T17:00:00 0.779720254409 0.220279745591 3 0 3
2013-12-29T18:00:00 0.839003043132 0.160996956867 2 0 2
2013-12-29T19:00:00 0.871631942629 0.128368057371 3 0 3
2013-12-29T20:00:00 0.859184501875 0.140815498125 2 0 2
2013-12-29T21:00:00 0.859184501875 0.140815498125 2 0 2
2014-01-30T02:00:00 0.173401157446 0.826598842554 0 1 1
2014-01-30T03:00:00 0.173401157446 0.826598842554 0 1 1
2014-01-30T04:00:00 0 0 0 0 0
2014-01-30T05:00:00 0 0 0 0 0
2014-01-30T06:00:00 0 0 0 0 0
2014-01-30T07:00:00 0.776175356459 0.223824643541 1 0 1
2014-01-30T08:00:00 0.815430785897 0.184569214103 4 0 4
2014-01-30T09:00:00 0.798660177919 0.201339822081 11 0 11
