2014-01-02T13:00:00Z -1 -1 -1 -1 -1
2014-01-02T12:00:00Z -1 -1 -1 -1 -1
2014-01-02T11:00:00Z -1 -1 -1 -1 -1
2014-01-02T10:00:00Z -1 -1 -1 -1 -1
2014-01-02T09:00:00Z -1 -1 -1 -1 -1
2014-01-02T08:00:00Z -1 -1 -1 -1 -1
2014-01-04T11:00:00Z 49 106 58 8 -1
2014-01-04T10:00:00Z 33 62 76 22 -1
2014-01-04T09:00:00Z 35 3 13 6 -1
2014-01-04T08:00:00Z 32 3 52 -6 -1
2014-01-04T07:00:00Z 12 24 56 -6 -1
2014-01-04T06:00:00Z 19 41 37 11 12
2014-01-06T11:00:00Z 53 -7 77 13 1
2014-01-06T10:00:00Z 42 -50 73 20 24
2014-01-06T09:00:00Z 43 -81 45 5 -9
2014-01-06T08:00:00Z 19 -77 31 6 -14
2014-01-06T07:00:00Z 13 -90 137 4 -21
2014-01-06T06:00:00Z 85 -74 145 7 -28
2014-01-13T16:00:00Z 75 -11 -2 -11 78
2014-01-13T15:00:00Z -1 -1 -1 -1 -1
2014-01-13T14:00:00Z 107 17 49 -15 85
2014-01-13T13:00:00Z -1 -1 -1 -1 -1
2014-01-13T12:00:00Z 141 74 128 2 111
2014-01-13T11:00:00Z 108 108 99 16 82
2014-01-14T21:00:00Z -8 116 57 -26 78
2014-01-14T20:00:00Z 30 74 65 -33 55
2014-01-14T19:00:00Z -16 41 49 -40 22
2014-01-14T18:00:00Z -42 -2 38 -44 19
2014-01-14T17:00:00Z -62 -33 -45 -46 24
2014-01-14T16:00:00Z -1 -1 -1 -1 -1
2014-01-15T17:00:00Z 191 177 309 -11 -54
2014-01-15T16:00:00Z 155 135 305 -9 -38
2014-01-15T15:00:00Z 131 115 145 -10 -53
2014-01-15T14:00:00Z 131 129 324 -5 -57
2014-01-15T13:00:00Z 113 69 150 -3 -24
2014-01-15T12:00:00Z 165 22 -114 -5 -14
2014-01-22T16:00:00Z 22 20 -11 14 48
2014-01-22T15:00:00Z 73 64 57 2 18
2014-01-22T14:00:00Z 100 37 59 0 27
2014-01-22T13:00:00Z 32 30 89 5 23
2014-01-22T12:00:00Z 69 -6 80 9 31
2014-01-22T11:00:00Z 107 -16 154 39 22
2014-01-29T11:00:00Z 55 27 32 20 62
2014-01-29T10:00:00Z 35 76 52 16 44
2014-01-29T09:00:00Z 13 94 85 11 37
2014-01-29T08:00:00Z 21 117 131 16 35
2014-01-29T07:00:00Z -1 -1 -1 -1 -1
2014-01-29T06:00:00Z 0 88 223 26 20
2014-01-30T18:00:00Z -57 -70 -76 -18 -147
2014-01-30T17:00:00Z -121 -56 -69 -85 -151
2014-01-30T16:00:00Z -153 -83 -65 -101 -144
2014-01-30T15:00:00Z -168 -130 -58 -96 -155
2014-01-30T14:00:00Z -210 -98 -57 -119 -167
2014-01-30T13:00:00Z -246 -52 -46 -130 -158
2014-01-31T16:00:00Z -96 -45 -126 -219 10
2014-01-31T15:00:00Z -187 -102 -92 -276 29
2014-01-31T14:00:00Z -97 -164 -56 -345 51
2014-01-31T13:00:00Z -22 -161 -61 -692 1
2014-01-31T12:00:00Z -227 -78 -120 -527 -227
2014-01-31T11:00:00Z 13 -63 -74 -105 -46
2014-02-05T22:00:00Z 102 40 28 47 -41
2014-02-05T21:00:00Z 21 28 18 44 -67
2014-02-05T20:00:00Z -2 11 19 8 -60
2014-02-05T19:00:00Z -20 12 26 3 -57
2014-02-05T18:00:00Z 11 42 18 4 -26
2014-02-05T17:00:00Z -1 -1 -1 -1 -1
2014-02-11T14:00:00Z 38 -1 135 13 58
2014-02-11T13:00:00Z 190 -1 171 15 53
2014-02-11T12:00:00Z 270 -1 135 -1 68
2014-02-11T11:00:00Z 108 -1 130 -13 -1
2014-02-11T10:00:00Z 131 -1 14 11 53
2014-02-11T09:00:00Z 112 -1 17 7 13
2014-02-19T22:00:00Z 14 17 42 -59 27
2014-02-19T21:00:00Z 7 -10 29 -99 -6
2014-02-19T20:00:00Z 11 -1 -21 -113 13
2014-02-19T19:00:00Z 2 -18 -53 -94 10
2014-02-19T18:00:00Z -3 -24 -62 -86 13
2014-02-19T17:00:00Z 12 -39 -33 -85 5
2014-03-01T22:00:00Z 24 -67 -62 -43 19
2014-03-01T21:00:00Z -55 -152 -55 -66 19
2014-03-01T20:00:00Z -118 -148 -69 -76 -1
2014-03-01T19:00:00Z -136 -154 -60 -73 -1
2014-03-01T18:00:00Z -1 -1 -1 -1 -1
2014-03-01T17:00:00Z -1 -1 -1 -1 -1
2014-03-16T16:00:00Z 10 14 15 12 37
2014-03-16T15:00:00Z -1 -67 -8 -5 22
2014-03-16T14:00:00Z -34 -101 -16 -14 14
2014-03-16T13:00:00Z -50 -49 -18 -17 4
2014-03-16T12:00:00Z -70 -53 7 -16 4
2014-03-16T11:00:00Z -87 -70 14 -18 -2
2014-03-23T08:00:00Z -7 57 16 3 -97
2014-03-23T07:00:00Z 86 19 30 -5 -62
2014-03-23T06:00:00Z -1 -1 -1 -1 -1
2014-03-23T05:00:00Z -1 -1 -1 -1 -1
2014-03-23T04:00:00Z 94 78 105 26 -31
2014-03-23T03:00:00Z 84 99 77 25 -24
2014-03-31T02:00:00Z 109 99 129 15 25
2014-03-31T01:00:00Z 108 121 53 4 48
2014-03-31T00:00:00Z 113 93 7 2 91
2014-03-30T23:00:00Z -1 -1 -1 -1 -1
2014-03-30T22:00:00Z 48 26 2 -4 -6
2014-03-30T21:00:00Z -23 -54 -29 6 -21
2014-03-31T23:00:00Z -133 -154 4 -7 108
2014-03-31T22:00:00Z -116 -152 -27 12 92
2014-03-31T21:00:00Z -1 -1 -1 -1 -1
2014-03-31T20:00:00Z -66 -125 -18 26 49
2014-03-31T19:00:00Z -71 -127 -35 15 11
2014-03-31T18:00:00Z -12 -132 -20 19 -40
2014-04-17T21:00:00Z 7 27 26 10 17
2014-04-17T20:00:00Z 11 60 31 -5 -14
2014-04-17T19:00:00Z 5 69 44 -5 -25
2014-04-17T18:00:00Z 27 29 45 -12 -45
2014-04-17T17:00:00Z -5 12 41 -18 -41
2014-04-17T16:00:00Z -15 32 26 -12 -32
2014-04-23T07:00:00Z 95 84 73 25 -1
2014-04-23T06:00:00Z 103 53 107 35 23
2014-04-23T05:00:00Z 108 18 83 40 -10
2014-04-23T04:00:00Z 52 28 105 34 -13
2014-04-23T03:00:00Z 43 35 53 23 -1
2014-04-23T02:00:00Z 32 1 74 30 -17
2014-04-24T07:00:00Z 53 30 112 -47 -56
2014-04-24T06:00:00Z 43 12 -1 -60 -43
2014-04-24T05:00:00Z 50 53 -1 -51 -53
2014-04-24T04:00:00Z 38 39 130 -40 -91
2014-04-24T03:00:00Z 3 12 60 -21 -127
2014-04-24T02:00:00Z -11 -11 44 16 -118
2014-05-01T02:00:00Z -1 -1 -1 -1 -1
2014-05-01T01:00:00Z -1 -1 -1 -1 -1
2014-05-01T00:00:00Z -1 -1 -1 -1 -1
2014-04-30T23:00:00Z -1 -1 -1 -1 -1
2014-04-30T22:00:00Z -1 -1 -1 -1 -1
2014-04-30T21:00:00Z -28 -27 -8 13 -16
2014-05-15T13:00:00Z 24 25 -17 -11 -1
2014-05-15T12:00:00Z 27 3 -35 -6 -1
2014-05-15T11:00:00Z 35 -39 -36 6 -1
2014-05-15T10:00:00Z 41 -38 -25 4 -1
2014-05-15T09:00:00Z 39 -6 -25 -1 -1
2014-05-15T08:00:00Z 57 23 -17 2 13
2014-05-21T14:00:00Z 12 43 -77 -1 -15
2014-05-21T13:00:00Z 16 16 -105 9 -12
2014-05-21T12:00:00Z -1 -1 -1 -1 -1
2014-05-21T11:00:00Z 14 43 -85 6 -22
2014-05-21T10:00:00Z 10 88 -68 6 -34
2014-05-21T09:00:00Z 16 80 -21 1 -7
2014-06-16T05:00:00Z 27 5 41 -16 23
2014-06-16T04:00:00Z -19 -14 60 2 29
2014-06-16T03:00:00Z -1 -1 -1 -1 -1
2014-06-16T02:00:00Z -38 -22 33 -2 28
2014-06-16T01:00:00Z -47 -38 92 -7 20
2014-06-16T00:00:00Z -76 -125 63 -2 14
2014-07-01T09:00:00Z 76 52 54 -1 -5
2014-07-01T08:00:00Z 64 68 100 -9 -5
2014-07-01T07:00:00Z 81 75 94 23 -5
2014-07-01T06:00:00Z 79 62 41 22 -8
2014-07-01T05:00:00Z 49 57 36 22 3
2014-07-01T04:00:00Z 60 28 73 15 16
2014-07-02T21:00:00Z -6 26 60 -50 -23
2014-07-02T20:00:00Z 42 19 68 -38 -39
2014-07-02T19:00:00Z 83 22 78 -29 -32
2014-07-02T18:00:00Z 90 39 29 -5 -32
2014-07-02T17:00:00Z 87 60 4 2 -25
2014-07-02T16:00:00Z 73 20 -3 6 -18
2014-07-05T18:00:00Z -27 -28 -15 -1 -7
2014-07-05T17:00:00Z -16 -99 -30 -1 -4
2014-07-05T16:00:00Z -6 -53 -37 -1 -12
2014-07-05T15:00:00Z 21 -19 -59 -1 -22
2014-07-05T14:00:00Z 50 -12 -19 -1 -29
2014-07-05T13:00:00Z 45 -1 0 -1 -26
2014-07-30T08:00:00Z 16 11 56 -127 -17
2014-07-30T07:00:00Z 55 -51 71 -116 -23
2014-07-30T06:00:00Z 31 -51 96 -102 -25
2014-07-30T05:00:00Z 22 -37 50 -81 -28
2014-07-30T04:00:00Z -20 -53 45 13 -28
2014-07-30T03:00:00Z -44 -40 31 1 -22
2014-08-20T02:00:00Z 8 -17 54 25 33
2014-08-20T01:00:00Z 7 12 52 18 31
2014-08-20T00:00:00Z 3 5 23 13 46
2014-08-19T23:00:00Z -2 2 7 4 54
2014-08-19T22:00:00Z -4 -18 -4 24 47
2014-08-19T21:00:00Z -10 -43 -13 16 36
2014-08-21T01:00:00Z 29 -3 8 -48 76
2014-08-21T00:00:00Z 27 -1 18 -36 61
2014-08-20T23:00:00Z 44 -50 -9 -32 20
2014-08-20T22:00:00Z 13 -33 -23 -24 -3
2014-08-20T21:00:00Z 1 -54 -70 25 -15
2014-08-20T20:00:00Z -30 -48 -26 31 -18
2014-08-30T02:00:00Z 9 16 -30 -24 14
2014-08-30T01:00:00Z -1 -1 -1 -1 -1
2014-08-30T00:00:00Z 21 -7 34 -5 17
2014-08-29T23:00:00Z 28 -2 44 -5 14
2014-08-29T22:00:00Z 47 17 37 -6 5
2014-08-29T21:00:00Z -1 -1 -1 -1 -1
2014-09-22T09:00:00Z -1 -21 -21 15 0
2014-09-22T08:00:00Z -1 -61 -8 12 5
2014-09-22T07:00:00Z -1 -77 13 47 17
2014-09-22T06:00:00Z -10 -56 -14 49 18
2014-09-22T05:00:00Z -17 -32 -9 54 21
2014-09-22T04:00:00Z -27 -48 13 28 29
2014-09-25T08:00:00Z -21 -5 67 -5 -12
2014-09-25T07:00:00Z -1 16 77 -18 -3
2014-09-25T06:00:00Z -1 -1 -1 -1 -1
2014-09-25T05:00:00Z 4 23 27 10 9
2014-09-25T04:00:00Z 11 11 47 4 16
2014-09-25T03:00:00Z 15 47 12 4 23
2014-09-26T08:00:00Z 49 27 73 -9 4
2014-09-26T07:00:00Z -1 -1 -1 -1 -1
2014-09-26T06:00:00Z -51 48 75 -4 16
2014-09-26T05:00:00Z -11 55 62 25 15
2014-09-26T04:00:00Z -12 66 50 54 11
2014-09-26T03:00:00Z -13 55 34 51 21
2014-10-07T13:00:00Z 49 101 73 15 49
2014-10-07T12:00:00Z 37 57 21 7 39
2014-10-07T11:00:00Z 73 69 38 -14 6
2014-10-07T10:00:00Z 65 88 86 5 9
2014-10-07T09:00:00Z 47 86 136 -1 10
2014-10-07T08:00:00Z 51 39 110 -3 13
