2013-12-24T22:00:00Z -1 -1 -1 -1 -1
2013-12-24T23:00:00Z -1 -1 -1 -1 -1
2013-12-25T00:00:00Z -1 -1 -1 -1 -1
2013-12-25T01:00:00Z -1 -1 -1 -1 -1
2013-12-25T02:00:00Z -1 -1 -1 -1 -1
2013-12-25T03:00:00Z -1 -1 -1 -1 -1
2013-12-25T04:00:00Z -1 -1 -1 -1 -1
2013-12-25T05:00:00Z -1 -1 -1 -1 -1
2013-12-25T06:00:00Z -1 -1 -1 -1 -1
2013-12-25T07:00:00Z -1 -1 -1 -1 -1
2013-12-25T08:00:00Z -23 -2 77 -23 99
2013-12-25T09:00:00Z -46 -135 105 -2 96
2013-12-25T10:00:00Z 24 -102 83 24 98
2013-12-25T11:00:00Z 95 -91 -1 42 119
2013-12-25T12:00:00Z -3 -168 2 27 111
2013-12-25T13:00:00Z -2 -165 7 9 111
2013-12-25T14:00:00Z -132 -195 144 19 126
2013-12-25T15:00:00Z -188 -136 85 33 156
2013-12-25T16:00:00Z -179 -173 40 42 134
2013-12-25T17:00:00Z -164 -179 125 63 138
2013-12-25T18:00:00Z -1 -1 -1 -1 -1
2013-12-25T19:00:00Z -150 94 56 -104 70
2013-12-25T20:00:00Z -470 168 116 -132 92
2013-12-25T21:00:00Z -605 239 147 -148 65
2013-12-25T22:00:00Z -563 44 -23 -140 -80
2013-12-25T23:00:00Z -481 -203 -126 -138 -227
2013-12-26T00:00:00Z -359 -305 -381 -140 -244
2013-12-26T01:00:00Z -339 -1 -384 -155 -280
2013-12-26T02:00:00Z -340 -443 -353 -165 -261
2013-12-26T03:00:00Z -345 -456 -422 -178 -278
2013-12-26T04:00:00Z -1 -1 -1 -1 -1
2014-01-02T14:00:00Z -1 -1 -1 -1 -1
2014-01-02T15:00:00Z -1 -1 -1 -1 -1
2014-01-02T16:00:00Z -1 -1 -1 -1 -1
2014-01-02T17:00:00Z -1 -1 -1 -1 -1
2014-01-02T18:00:00Z -1 -1 -1 -1 -1
2014-01-02T19:00:00Z -1 -1 -1 -1 -1
2014-01-04T12:00:00Z 52 135 19 -13 -1
2014-01-04T13:00:00Z 30 94 41 -11 -1
2014-01-04T14:00:00Z 40 113 86 -9 15
2014-01-04T15:00:00Z -1 -1 -1 -1 -1
2014-01-04T16:00:00Z 47 114 135 10 -15
2014-01-04T17:00:00Z 45 73 120 15 -1
2014-01-04T18:00:00Z 19 58 93 18 -1
2014-01-04T19:00:00Z 20 32 91 24 -1
2014-01-04T20:00:00Z 43 -1 118 34 -1
2014-01-04T21:00:00Z 8 -54 164 40 -1
2014-01-04T22:00:00Z 11 -57 197 55 -1
2014-01-04T23:00:00Z 74 -34 154 54 -1
2014-01-05T00:00:00Z 88 -38 73 61 4
2014-01-06T12:00:00Z 21 47 61 10 27
2014-01-06T13:00:00Z -1 -1 -1 -1 -1
2014-01-06T14:00:00Z -66 44 -44 29 -32
2014-01-06T15:00:00Z -43 60 38 38 -16
2014-01-06T16:00:00Z -44 95 135 45 -30
2014-01-06T17:00:00Z -33 90 124 30 -15
2014-01-10T23:00:00Z 12 -48 161 39 63
2014-01-13T19:00:00Z 49 -28 -71 -27 -24
2014-01-14T22:00:00Z -96 157 118 4 93
2014-01-14T23:00:00Z -48 219 190 10 86
2014-01-15T00:00:00Z -50 255 220 4 60
2014-01-15T01:00:00Z -1 -1 -1 -1 -1
2014-01-15T23:00:00Z 128 98 119 21 107
2014-01-16T00:00:00Z 60 93 -24 43 208
2014-01-16T01:00:00Z 75 112 208 53 294
2014-01-16T02:00:00Z 67 75 81 53 275
2014-01-16T03:00:00Z 53 54 70 50 254
2014-01-16T04:00:00Z -1 -1 -1 -1 -1
2014-01-16T05:00:00Z -54 89 3 34 224
2014-01-16T06:00:00Z -17 87 91 27 215
2014-01-16T07:00:00Z -47 44 82 9 207
2014-01-16T08:00:00Z -80 32 90 17 136
2014-01-16T18:00:00Z 2 -67 -299 48 -160
2014-01-16T19:00:00Z -1 -3 -172 49 -89
2014-01-16T20:00:00Z -16 56 112 48 -91
2014-01-16T21:00:00Z -120 44 219 22 -108
2014-01-16T22:00:00Z -157 29 116 -8 -81
2014-01-16T23:00:00Z -174 49 -71 -8 -85
2014-01-17T00:00:00Z -1 -1 -1 -1 -1
2014-01-17T01:00:00Z -133 25 -31 -10 -110
2014-01-17T02:00:00Z -162 27 44 -36 -94
2014-01-17T03:00:00Z -252 -17 261 -50 -80
2014-01-17T04:00:00Z -303 -151 269 -63 -69
2014-01-17T05:00:00Z -332 -251 124 -72 -37
2014-01-17T06:00:00Z -326 -321 -60 -77 -15
2014-01-17T07:00:00Z -278 -296 -98 -48 22
2014-01-17T16:00:00Z -1 -1 -1 -1 -1
2014-01-17T17:00:00Z 114 31 -40 -58 -42
2014-01-17T18:00:00Z 114 37 -69 -63 -21
2014-01-18T20:00:00Z -106 -1 337 -25 17
2014-01-18T21:00:00Z -1 -1 413 -21 27
2014-01-18T22:00:00Z -181 -1 405 17 -24
2014-01-18T23:00:00Z -158 -1 418 46 4
2014-01-19T00:00:00Z -49 -1 323 52 -3
2014-01-19T01:00:00Z -10 -1 311 59 1
2014-01-19T10:00:00Z 30 -1 -183 16 8
2014-01-19T11:00:00Z 8 -1 -186 -1 -1
2014-01-19T12:00:00Z 18 -1 -78 19 -1
2014-01-22T17:00:00Z 15 40 -57 16 79
2014-01-22T18:00:00Z 14 51 -32 17 49
2014-01-22T19:00:00Z -9 56 54 9 41
2014-01-22T20:00:00Z -21 86 34 7 40
2014-01-22T21:00:00Z 128 91 -81 5 35
2014-01-22T22:00:00Z 189 131 14 29 27
2014-01-22T23:00:00Z 226 172 69 29 -1
2014-01-23T00:00:00Z 109 206 135 38 -1
2014-01-23T01:00:00Z 69 177 79 41 57
2014-01-23T02:00:00Z 84 186 44 32 31
2014-01-23T03:00:00Z 110 151 82 33 -23
2014-01-23T04:00:00Z 89 99 111 32 -9
2014-01-23T05:00:00Z 68 30 1 30 3
2014-01-23T06:00:00Z 79 0 13 15 13
2014-01-23T07:00:00Z -92 -22 37 10 18
2014-01-23T08:00:00Z -115 -88 15 10 8
2014-01-23T09:00:00Z -150 -152 -19 10 -1
2014-01-23T10:00:00Z -24 -183 -90 7 -1
2014-01-23T11:00:00Z 26 -147 -73 7 -25
2014-01-23T12:00:00Z 64 -131 -22 -2 -11
2014-01-23T13:00:00Z 72 -147 -72 -8 13
2014-01-23T14:00:00Z 47 -102 -75 0 37
2014-01-23T15:00:00Z 44 -36 46 12 35
2014-01-23T16:00:00Z 11 -27 14 15 27
2014-01-23T17:00:00Z -23 2 45 22 -27
2014-01-23T18:00:00Z 5 69 80 32 -36
2014-01-23T19:00:00Z 81 47 133 35 -15
2014-01-23T20:00:00Z 45 55 151 47 -8
2014-01-23T21:00:00Z 47 17 198 50 10
2014-01-23T22:00:00Z 92 -4 186 68 5
2014-01-23T23:00:00Z 4 51 235 107 -8
2014-01-24T00:00:00Z 45 46 215 89 -31
2014-01-24T01:00:00Z 100 27 105 70 13
2014-01-24T02:00:00Z 145 19 96 72 -7
2014-01-24T03:00:00Z 172 12 40 61 49
2014-01-24T04:00:00Z 75 -19 -28 51 56
2014-01-24T05:00:00Z 34 8 -87 45 41
2014-01-24T06:00:00Z 13 -7 -103 28 32
2014-01-24T07:00:00Z -17 -8 -122 16 20
2014-01-24T08:00:00Z -96 -10 -150 8 26
2014-01-24T09:00:00Z -58 -45 -124 -24 41
2014-01-27T06:00:00Z 29 114 -6 24 49
2014-01-27T07:00:00Z -17 119 3 14 54
2014-01-27T08:00:00Z 4 44 32 3 42
2014-01-29T12:00:00Z 63 -6 19 9 -1
2014-01-29T13:00:00Z -1 -1 -1 -1 -1
2014-01-29T14:00:00Z 109 -11 112 17 -1
2014-01-29T15:00:00Z 139 -10 91 13 -1
2014-01-29T16:00:00Z 204 -51 23 18 -1
2014-01-29T17:00:00Z 163 -82 -33 27 54
2014-01-29T18:00:00Z 151 -98 -56 33 95
2014-01-29T19:00:00Z 193 -88 -4 30 91
2014-01-29T20:00:00Z 162 -81 -52 31 95
2014-01-29T21:00:00Z 206 5 25 48 77
2014-01-30T19:00:00Z 74 -47 -74 7 -34
2014-01-30T20:00:00Z 95 91 -37 58 -20
2014-01-30T21:00:00Z 138 204 30 82 52
2014-01-30T22:00:00Z 111 141 33 62 70
2014-01-30T23:00:00Z 133 103 126 108 267
2014-01-31T00:00:00Z 165 132 241 159 221
2014-01-31T01:00:00Z 121 188 133 330 140
2014-01-31T17:00:00Z 25 -153 -116 -153 28
2014-02-01T04:00:00Z 0 28 11 64 -37
2014-02-01T05:00:00Z 17 7 34 63 -45
2014-02-01T06:00:00Z -9 8 35 41 -48
2014-02-01T07:00:00Z -1 -1 -1 -1 -1
2014-02-01T08:00:00Z -2 -18 38 19 -15
2014-02-01T09:00:00Z 7 -41 68 3 -11
2014-02-01T19:00:00Z -67 41 -58 24 46
2014-02-01T20:00:00Z -69 12 -23 11 26
2014-02-01T21:00:00Z -64 -33 -46 8 29
2014-02-01T22:00:00Z -115 -33 -48 31 18
2014-02-01T23:00:00Z -50 -20 20 34 23
2014-02-02T00:00:00Z -40 -11 59 31 27
2014-02-02T01:00:00Z -14 -8 3 38 69
2014-02-02T02:00:00Z 4 10 49 23 94
2014-02-02T03:00:00Z 3 55 86 18 111
2014-02-05T23:00:00Z 20 58 17 50 7
2014-02-06T00:00:00Z 27 42 -32 62 11
2014-02-06T01:00:00Z 35 37 -56 65 13
2014-02-06T02:00:00Z 25 101 -55 56 14
2014-02-06T03:00:00Z 40 82 -9 52 15
2014-02-06T04:00:00Z 18 44 -8 46 14
2014-02-06T05:00:00Z 45 54 -4 42 18
2014-02-06T06:00:00Z 9 25 -27 23 13
2014-02-06T07:00:00Z -2 60 -5 -1 18
2014-02-06T08:00:00Z -1 -1 -1 -1 -1
2014-02-06T09:00:00Z 13 76 -19 0 12
2014-02-08T03:00:00Z -17 1 -31 -31 7
2014-02-11T15:00:00Z -30 -1 141 21 42
2014-02-11T16:00:00Z -13 -1 160 11 60
2014-02-11T17:00:00Z -50 -1 166 6 52
2014-02-11T18:00:00Z -48 -1 154 12 59
2014-02-11T19:00:00Z -64 -1 149 4 35
2014-02-11T20:00:00Z -86 29 120 7 -9
2014-02-11T21:00:00Z -107 -18 67 27 -1
2014-02-11T22:00:00Z -252 62 162 32 27
2014-02-11T23:00:00Z -154 81 73 31 29
2014-02-12T00:00:00Z 21 100 98 30 21
2014-02-12T01:00:00Z 58 163 86 22 48
2014-02-12T02:00:00Z 87 126 32 39 34
2014-02-12T03:00:00Z 90 78 74 41 41
2014-02-13T00:00:00Z 26 108 76 25 -5
2014-02-13T01:00:00Z 8 148 59 23 -16
2014-02-13T02:00:00Z 55 176 57 29 4
2014-02-13T03:00:00Z -2 164 68 31 23
2014-02-13T04:00:00Z 20 122 23 33 17
2014-02-13T05:00:00Z 21 87 118 35 -18
2014-02-13T06:00:00Z 1 163 58 33 -24
2014-02-13T07:00:00Z -44 152 67 22 -15
2014-02-13T08:00:00Z -79 81 106 17 -2
2014-02-13T09:00:00Z -85 36 56 12 16
2014-02-13T10:00:00Z -69 -38 135 16 -5
2014-02-13T11:00:00Z -24 -16 127 13 -42
2014-02-13T12:00:00Z -62 -28 46 4 -51
2014-02-13T13:00:00Z -9 -39 -49 17 -40
2014-02-13T14:00:00Z 23 -9 -165 -1 -20
2014-02-13T15:00:00Z 28 -12 -235 72 -18
2014-02-13T16:00:00Z 49 -94 -247 79 -16
2014-02-13T17:00:00Z 45 -72 -254 87 -29
2014-02-13T18:00:00Z 31 -31 -332 100 -21
2014-02-13T19:00:00Z 30 -26 -292 97 -26
2014-02-13T20:00:00Z 104 -26 -349 92 -7
2014-02-13T21:00:00Z 92 -80 -311 104 14
2014-02-13T22:00:00Z 74 -82 -296 113 28
2014-02-13T23:00:00Z -48 -61 -164 111 44
2014-02-14T00:00:00Z -87 -61 -22 -1 42
2014-02-14T01:00:00Z -69 -88 72 54 27
2014-02-14T02:00:00Z -86 -40 220 37 27
2014-02-14T03:00:00Z -75 -44 242 23 49
2014-02-14T04:00:00Z -50 -37 260 11 42
2014-02-14T05:00:00Z -57 -13 264 10 30
2014-02-14T06:00:00Z -129 39 188 13 19
2014-02-14T07:00:00Z -137 87 195 13 31
2014-02-14T08:00:00Z -95 113 250 13 10
2014-02-14T09:00:00Z 79 78 204 38 -15
2014-02-14T10:00:00Z 153 87 190 42 -15
2014-02-14T11:00:00Z 186 125 200 48 -8
2014-02-14T12:00:00Z 175 93 74 60 -3
2014-02-14T13:00:00Z 185 95 -10 48 5
2014-02-14T14:00:00Z 169 90 -50 38 33
2014-02-14T15:00:00Z 170 75 -129 41 5
2014-02-14T16:00:00Z 161 30 -73 31 33
2014-02-14T17:00:00Z 168 -11 -153 18 27
2014-02-14T18:00:00Z 197 -40 -231 10 57
2014-02-14T19:00:00Z 161 4 -166 -31 102
2014-02-14T20:00:00Z 275 22 -129 22 170
2014-02-14T21:00:00Z 317 25 -148 66 194
2014-02-14T22:00:00Z 284 31 -123 81 218
2014-02-14T23:00:00Z 427 19 -66 167 192
2014-02-15T00:00:00Z 269 3 -57 147 132
2014-02-15T01:00:00Z 307 -7 47 97 148
2014-02-15T02:00:00Z 319 -31 -1 131 111
2014-02-15T03:00:00Z 221 -8 118 140 104
2014-02-15T04:00:00Z 232 117 183 152 77
2014-02-15T05:00:00Z 194 156 195 131 58
2014-02-15T06:00:00Z -13 54 187 43 -35
2014-02-15T07:00:00Z -62 -49 85 -23 -40
2014-02-15T08:00:00Z 11 -65 41 -44 -60
2014-02-15T09:00:00Z -144 -65 69 -101 -37
2014-02-15T10:00:00Z 31 -53 72 -43 51
2014-02-15T11:00:00Z 67 -18 133 -11 65
2014-02-15T12:00:00Z 43 98 159 -71 69
2014-02-15T13:00:00Z 165 105 170 -87 54
2014-02-15T14:00:00Z 49 50 143 -99 25
2014-02-15T15:00:00Z -2 -25 150 -66 -30
2014-02-15T16:00:00Z -65 45 20 -19 -42
2014-02-15T17:00:00Z -161 116 46 -1 -75
2014-02-15T18:00:00Z -223 143 97 5 -77
2014-02-15T19:00:00Z -172 146 221 12 -90
2014-02-15T20:00:00Z -123 130 155 -12 -125
2014-02-15T21:00:00Z -190 121 63 9 -115
2014-02-15T22:00:00Z -182 22 5 42 -127
2014-02-15T23:00:00Z -212 -10 32 53 -81
2014-02-16T00:00:00Z -124 -68 69 54 -28
2014-02-16T01:00:00Z -48 -17 74 60 27
2014-02-16T02:00:00Z 76 3 196 30 61
2014-02-16T03:00:00Z 128 13 260 14 48
2014-02-16T04:00:00Z 155 -5 232 10 31
2014-02-16T05:00:00Z 64 -24 54 -17 14
2014-02-16T06:00:00Z -13 -26 66 -19 14
2014-02-16T07:00:00Z -51 -40 28 -28 -4
2014-02-16T15:00:00Z -197 -189 -214 -204 -153
2014-02-16T16:00:00Z -210 -207 -272 -222 -173
2014-02-16T17:00:00Z -252 -244 -229 -231 -174
2014-02-16T18:00:00Z -265 -255 -183 -220 -125
2014-02-16T19:00:00Z -258 -227 -176 -231 -92
2014-02-16T20:00:00Z -244 -177 -177 -275 -46
2014-02-19T23:00:00Z -1 -1 -1 -1 -1
2014-02-20T00:00:00Z 49 136 39 13 7
2014-02-20T01:00:00Z 67 154 67 36 19
2014-02-20T02:00:00Z 71 151 36 42 14
2014-02-20T03:00:00Z 39 162 60 42 25
2014-02-20T04:00:00Z 24 176 92 47 20
2014-02-20T05:00:00Z 6 176 62 40 30
2014-02-20T06:00:00Z 22 -1 56 25 38
2014-02-20T07:00:00Z 37 183 59 15 28
2014-02-20T08:00:00Z 21 189 23 4 15
2014-02-20T09:00:00Z 41 130 62 0 19
2014-02-20T10:00:00Z 60 81 111 -3 65
2014-02-21T13:00:00Z -1 -1 -1 -1 -1
2014-02-21T14:00:00Z -1 -1 -1 -1 -1
2014-02-21T15:00:00Z -1 -1 -1 -1 -1
2014-02-21T16:00:00Z -1 -1 -1 -1 -1
2014-02-21T17:00:00Z -1 -1 -1 -1 -1
2014-02-21T18:00:00Z -1 -1 -1 -1 -1
2014-02-21T19:00:00Z -3 -21 33 18 -57
2014-02-21T20:00:00Z -1 -1 -1 -1 -1
2014-02-21T21:00:00Z -1 -1 -1 -1 -1
2014-02-21T22:00:00Z -1 -1 -1 -1 -1
2014-02-21T23:00:00Z -1 -1 -23 -1 -1
2014-02-22T00:00:00Z 129 -62 -1 13 101
2014-02-22T01:00:00Z 154 -59 -24 15 52
2014-02-22T02:00:00Z 173 18 5 17 5
2014-02-22T03:00:00Z 122 53 -3 13 6
2014-02-22T04:00:00Z 92 50 -42 7 -3
2014-02-22T05:00:00Z 152 28 9 14 32
2014-02-22T06:00:00Z 121 -1 -1 17 -1
2014-02-22T07:00:00Z -1 34 -7 -1 -17
2014-02-22T08:00:00Z 13 24 -13 11 -30
2014-02-22T09:00:00Z 43 14 -37 17 -123
2014-02-22T19:00:00Z -93 44 50 -41 63
2014-02-22T20:00:00Z -110 32 56 -31 -14
2014-02-22T21:00:00Z -155 19 -17 -49 -23
2014-02-22T22:00:00Z -149 69 40 -1 11
2014-02-22T23:00:00Z -155 78 21 -1 1
2014-02-23T00:00:00Z -127 63 34 -34 11
2014-02-23T01:00:00Z -105 47 56 -39 -38
2014-02-23T02:00:00Z -1 -1 -1 -1 -1
2014-02-23T03:00:00Z -1 -1 -1 -1 -1
2014-02-23T04:00:00Z -1 -1 -1 -1 -1
2014-02-23T05:00:00Z -82 -47 -8 -21 -54
2014-02-23T06:00:00Z -67 -67 13 -24 -44
2014-02-23T07:00:00Z -41 -88 40 -20 -12
2014-02-23T08:00:00Z -75 -126 51 -1 -21
2014-02-23T09:00:00Z -39 -141 31 -3 -35
2014-02-23T10:00:00Z -36 -131 -26 1 -44
2014-02-23T11:00:00Z -25 -152 -95 20 -36
2014-02-23T12:00:00Z -22 -159 -72 20 -29
2014-02-23T13:00:00Z -16 -120 -55 23 -5
2014-02-23T14:00:00Z -5 -113 -35 23 -5
2014-02-23T15:00:00Z -12 -70 -33 35 -32
2014-02-23T16:00:00Z -2 -44 -7 43 7
2014-02-23T17:00:00Z -3 -33 -33 46 -12
2014-02-23T18:00:00Z 3 -10 -74 45 -10
2014-02-23T19:00:00Z -9 3 -89 51 -8
2014-02-23T20:00:00Z 0 2 -44 43 -11
2014-02-23T21:00:00Z 11 23 -30 -1 -9
2014-02-23T22:00:00Z 61 18 7 42 -16
2014-02-23T23:00:00Z 87 19 -11 44 -22
2014-02-24T00:00:00Z 85 41 -11 44 -19
2014-02-24T01:00:00Z 147 -8 -46 43 20
2014-02-24T02:00:00Z 169 -16 -111 40 -9
2014-02-24T03:00:00Z 166 -27 -80 37 24
2014-02-24T04:00:00Z 181 -50 -72 26 31
2014-02-24T05:00:00Z 175 -32 -72 12 24
2014-02-24T06:00:00Z 172 -34 -84 14 32
2014-02-24T07:00:00Z 162 -46 -41 -1 30
2014-02-24T08:00:00Z 42 -35 -90 5 31
2014-02-24T09:00:00Z 4 -35 -24 -1 35
2014-02-24T10:00:00Z -29 -25 -78 38 29
2014-02-24T11:00:00Z -75 29 -41 42 33
2014-02-24T12:00:00Z -68 32 -16 5 68
2014-02-24T13:00:00Z -93 24 -37 21 62
2014-02-24T14:00:00Z -92 18 -16 16 54
2014-02-24T23:00:00Z 70 106 94 -35 82
2014-02-25T00:00:00Z 72 153 133 -21 162
2014-02-25T01:00:00Z 83 165 96 -19 89
2014-03-01T23:00:00Z 63 87 -22 -7 57
2014-03-02T00:00:00Z 50 73 69 18 27
2014-03-02T01:00:00Z 76 71 74 37 25
2014-03-02T02:00:00Z 92 80 122 31 23
2014-03-02T03:00:00Z 163 109 148 27 12
2014-03-02T04:00:00Z 84 115 138 24 12
2014-03-02T05:00:00Z 70 122 110 31 23
2014-03-03T07:00:00Z -1 -1 -1 -1 -1
2014-03-03T08:00:00Z -1 -1 -1 -1 -1
2014-03-03T09:00:00Z -1 -1 -1 -1 -1
2014-03-03T10:00:00Z -1 -1 -1 -1 -1
2014-03-03T11:00:00Z -1 -1 -1 -1 -1
2014-03-03T12:00:00Z -1 -1 -1 -1 -1
2014-03-03T13:00:00Z -1 -1 -1 -1 -1
2014-03-03T14:00:00Z -1 -1 -1 -1 -1
2014-03-03T15:00:00Z -1 -1 -1 -1 -1
2014-03-03T16:00:00Z -1 -1 -1 -1 -1
2014-03-03T17:00:00Z 51 -1 88 124 18
2014-03-03T18:00:00Z 44 -1 147 140 21
2014-03-03T19:00:00Z 26 -1 174 134 26
2014-03-03T20:00:00Z -1 -1 -1 -1 -1
2014-03-03T21:00:00Z 45 104 121 129 51
2014-03-03T22:00:00Z 58 52 102 136 -1
2014-03-03T23:00:00Z 55 57 47 142 44
2014-03-09T09:00:00Z -1 -1 -1 -1 -1
2014-03-10T19:00:00Z 40 84 42 5 -73
2014-03-10T20:00:00Z 57 64 48 7 -1
2014-03-10T21:00:00Z 102 78 105 26 25
2014-03-10T22:00:00Z 109 89 121 18 35
2014-03-10T23:00:00Z 119 70 162 20 66
2014-03-11T00:00:00Z 116 60 76 17 76
2014-03-11T01:00:00Z 113 56 56 33 59
2014-03-11T02:00:00Z 83 69 78 39 50
2014-03-11T03:00:00Z 80 41 42 33 72
2014-03-11T04:00:00Z 80 28 21 28 76
2014-03-11T05:00:00Z 115 21 81 30 97
2014-03-11T06:00:00Z 72 65 73 27 -1
2014-03-11T07:00:00Z 64 34 40 17 117
2014-03-11T08:00:00Z 63 73 24 26 131
2014-03-11T09:00:00Z 72 108 -4 40 101
2014-03-11T10:00:00Z 97 113 73 60 78
2014-03-11T11:00:00Z 90 11 95 50 113
2014-03-11T12:00:00Z 108 -1 82 48 114
2014-03-11T13:00:00Z 110 -120 92 62 76
2014-03-11T14:00:00Z 112 86 104 69 36
2014-03-11T15:00:00Z 77 4 25 60 39
2014-03-15T21:00:00Z 93 59 17 -2 -2
2014-03-15T22:00:00Z 122 54 57 6 -6
2014-03-15T23:00:00Z -1 -1 -1 -1 -1
2014-03-16T00:00:00Z 62 105 51 26 -59
2014-03-16T17:00:00Z 28 -10 -16 14 27
2014-03-16T18:00:00Z 68 31 -18 14 19
2014-03-16T19:00:00Z 52 55 52 3 24
2014-03-16T20:00:00Z 75 50 60 8 36
2014-03-16T21:00:00Z 58 26 95 24 33
2014-03-16T22:00:00Z 55 61 84 41 53
2014-03-16T23:00:00Z 49 48 88 68 35
2014-03-17T00:00:00Z 16 81 87 60 47
2014-03-17T01:00:00Z -25 46 73 48 66
2014-03-17T02:00:00Z -30 9 50 31 63
2014-03-17T03:00:00Z -32 46 38 25 61
2014-03-17T04:00:00Z -64 26 52 22 81
2014-03-17T05:00:00Z -34 4 28 25 47
2014-03-17T06:00:00Z -15 -7 38 20 44
2014-03-17T07:00:00Z -5 25 -1 20 74
2014-03-17T08:00:00Z 3 -23 16 24 33
2014-03-17T09:00:00Z 0 -2 -26 20 53
2014-03-17T10:00:00Z 55 -18 11 21 59
2014-03-17T11:00:00Z 77 -25 -20 28 22
2014-03-23T15:00:00Z 19 4 -31 7 1
2014-03-23T16:00:00Z 28 9 8 13 12
2014-03-23T17:00:00Z 49 -24 16 31 -7
2014-03-23T18:00:00Z 12 -32 5 56 24
2014-03-23T19:00:00Z -30 0 4 41 38
2014-03-23T20:00:00Z 28 1 -11 60 57
2014-03-23T21:00:00Z 40 -8 -3 86 62
2014-03-23T22:00:00Z -1 -1 -1 -1 -1
2014-03-23T23:00:00Z -1 -1 -1 -1 -1
2014-03-24T00:00:00Z -1 -1 -1 -1 -1
2014-03-24T01:00:00Z 96 48 -9 86 65
2014-03-24T02:00:00Z 74 38 -15 89 49
2014-03-24T03:00:00Z 62 73 -35 79 65
2014-03-24T04:00:00Z 62 56 3 46 57
2014-03-24T05:00:00Z 100 39 26 41 17
2014-03-24T06:00:00Z -3 21 60 33 -3
2014-03-24T07:00:00Z -3 33 74 21 -2
2014-03-24T08:00:00Z 47 8 78 11 27
2014-03-24T09:00:00Z 20 20 -1 18 16
2014-03-24T10:00:00Z 69 19 -1 22 46
2014-03-24T11:00:00Z -35 11 83 23 29
2014-03-24T12:00:00Z -58 21 47 16 22
2014-03-24T13:00:00Z -50 37 54 -13 -8
2014-03-24T23:00:00Z 20 -6 -78 16 26
2014-03-25T00:00:00Z 107 -2 -71 34 33
2014-03-25T01:00:00Z 82 13 -21 51 51
2014-03-25T02:00:00Z 43 -15 -17 78 6
2014-03-25T03:00:00Z -12 7 -5 90 22
2014-03-25T04:00:00Z -5 -19 -8 75 16
2014-03-25T05:00:00Z -18 -56 36 72 13
2014-03-25T06:00:00Z -1 -1 -1 -1 -1
2014-03-25T07:00:00Z -1 -1 -1 -1 -1
2014-03-25T08:00:00Z -1 -1 -1 -1 -1
2014-03-25T09:00:00Z 38 85 75 -8 16
2014-03-25T10:00:00Z 45 103 64 -25 46
2014-03-25T11:00:00Z 72 82 66 -31 76
2014-03-25T12:00:00Z 130 115 68 -26 87
2014-03-25T13:00:00Z -1 -1 -1 -1 -1
2014-03-25T14:00:00Z 40 124 49 -12 77
2014-03-25T15:00:00Z -1 -1 -1 -1 -1
2014-03-25T16:00:00Z -33 -17 48 -106 -6
2014-03-25T17:00:00Z -102 -38 14 -108 -50
2014-03-25T18:00:00Z -143 -78 19 -73 -5
2014-03-25T19:00:00Z -121 -107 1 -58 2
2014-03-25T20:00:00Z -153 -112 4 -40 -37
2014-03-25T21:00:00Z -153 -91 -4 -21 -80
2014-03-25T22:00:00Z -152 -91 1 -1 -136
2014-03-25T23:00:00Z -1 -1 -1 -1 -1
2014-03-26T00:00:00Z 1 -65 0 -1 -178
2014-03-26T01:00:00Z -1 -1 -1 -1 -1
2014-03-26T02:00:00Z 102 119 18 107 -81
2014-03-26T03:00:00Z 107 106 10 109 -62
2014-03-26T04:00:00Z 150 71 28 95 -119
2014-03-26T05:00:00Z 134 56 61 88 -115
2014-03-26T06:00:00Z 132 83 73 82 -112
2014-03-26T07:00:00Z 108 68 49 72 -98
2014-03-26T08:00:00Z 104 70 68 48 -56
2014-03-26T09:00:00Z 102 77 66 23 4
2014-03-26T10:00:00Z 70 79 62 10 26
2014-03-26T11:00:00Z 99 95 50 -5 -6
2014-03-26T12:00:00Z 90 27 43 -4 -35
2014-03-26T13:00:00Z 51 48 79 8 -8
2014-03-26T14:00:00Z -1 -1 -1 -1 -1
2014-03-26T15:00:00Z -50 51 40 -33 -22
2014-03-26T16:00:00Z -67 10 53 -36 57
2014-03-26T17:00:00Z -57 -35 42 -56 99
2014-03-26T18:00:00Z -24 -26 -2 -42 111
2014-03-26T19:00:00Z -33 18 -78 20 87
2014-03-26T20:00:00Z 37 11 -84 64 125
2014-03-26T21:00:00Z -24 29 -82 81 173
2014-03-26T22:00:00Z -50 -15 -64 81 204
2014-03-26T23:00:00Z -9 -92 -81 59 251
2014-03-27T00:00:00Z -1 -1 -1 -1 -1
2014-03-27T01:00:00Z -12 -54 -66 102 264
2014-03-27T02:00:00Z -18 -53 -96 111 169
2014-03-27T03:00:00Z -24 -12 -41 110 95
2014-03-27T04:00:00Z -75 -40 -32 34 53
2014-03-27T05:00:00Z -81 -102 55 -43 15
2014-03-27T06:00:00Z -99 -96 81 -102 -41
2014-03-27T07:00:00Z -68 -129 60 -132 -70
2014-03-27T08:00:00Z -18 -77 54 -141 -110
2014-03-27T21:00:00Z -1 -1 -1 -1 -1
2014-03-27T22:00:00Z -156 -49 32 86 99
2014-03-27T23:00:00Z -124 -114 29 47 110
2014-03-28T00:00:00Z -21 -61 -3 17 147
2014-03-28T01:00:00Z -1 -1 -1 -1 -1
2014-03-28T02:00:00Z -1 -1 -1 -1 -1
2014-03-28T03:00:00Z 111 -84 -96 -9 168
2014-03-28T04:00:00Z 145 -121 -161 -12 145
2014-03-28T05:00:00Z 80 -130 -89 -7 124
2014-03-28T06:00:00Z 94 -130 -60 5 63
2014-03-28T19:00:00Z -55 -70 -74 -112 -74
2014-03-31T03:00:00Z 150 100 100 17 10
2014-03-31T04:00:00Z 165 83 72 17 -35
2014-03-31T05:00:00Z 170 113 -92 13 -25
2014-03-31T06:00:00Z 149 97 -30 -3 -33
2014-03-31T07:00:00Z 145 101 -39 2 -21
2014-03-31T08:00:00Z 115 86 -51 9 11
2014-03-31T09:00:00Z 96 79 -91 15 -65
2014-04-01T05:00:00Z 28 68 92 47 62
2014-04-01T06:00:00Z 4 56 78 33 23
2014-04-01T07:00:00Z -1 -1 -1 -1 -1
2014-04-01T08:00:00Z 35 70 91 10 25
2014-04-13T18:00:00Z -1 -1 -1 -1 -1
2014-04-13T19:00:00Z -1 -1 -1 -1 -1
2014-04-13T20:00:00Z -1 -1 -1 -1 -1
2014-04-13T21:00:00Z -1 -1 -1 -1 -1
2014-04-13T22:00:00Z -25 48 -115 14 -1
2014-04-13T23:00:00Z 71 59 -94 31 -42
2014-04-14T00:00:00Z 90 44 -53 31 -47
2014-04-14T01:00:00Z 114 30 -41 40 -2
2014-04-14T02:00:00Z 101 2 -81 50 29
2014-04-14T03:00:00Z 108 -66 -70 55 34
2014-04-14T04:00:00Z 132 -95 -41 46 61
2014-04-14T05:00:00Z 167 -55 -22 29 96
2014-04-14T06:00:00Z 123 -63 -50 30 110
2014-04-14T07:00:00Z 119 -73 -3 22 119
2014-04-14T08:00:00Z 71 -61 85 19 -1
2014-04-14T09:00:00Z 23 -38 94 7 127
2014-04-14T10:00:00Z 25 -22 120 2 141
2014-04-14T11:00:00Z -20 -7 109 9 132
2014-04-14T12:00:00Z -3 3 96 41 97
2014-04-14T13:00:00Z -23 41 78 43 67
2014-04-14T14:00:00Z -46 69 103 31 6
2014-04-14T15:00:00Z -82 69 80 25 26
2014-04-14T16:00:00Z -43 52 6 24 -14
2014-04-15T01:00:00Z -147 -146 -91 -8 -53
2014-04-15T02:00:00Z -143 -123 -15 -12 -31
2014-04-17T22:00:00Z 20 38 48 12 28
2014-04-17T23:00:00Z 5 53 48 14 52
2014-04-18T00:00:00Z 41 66 44 15 -1
2014-04-18T01:00:00Z 31 87 20 27 42
2014-04-18T02:00:00Z 31 51 36 43 50
2014-04-18T03:00:00Z 34 45 38 42 61
2014-04-18T04:00:00Z -7 73 23 52 73
2014-04-18T05:00:00Z 7 70 29 50 59
2014-04-18T06:00:00Z 22 64 28 42 3
2014-04-18T07:00:00Z 24 68 36 37 -30
2014-04-18T08:00:00Z 19 70 16 35 -51
2014-04-18T09:00:00Z 45 126 25 4 -44
2014-04-23T08:00:00Z 104 61 32 22 61
2014-04-23T09:00:00Z 99 78 74 15 81
2014-04-23T10:00:00Z 98 75 105 15 97
2014-04-23T11:00:00Z 53 71 56 18 43
2014-04-23T12:00:00Z -1 -1 -1 -1 -1
2014-04-23T13:00:00Z 65 38 57 7 -1
2014-05-01T03:00:00Z 57 48 35 30 15
2014-05-01T04:00:00Z 31 38 30 35 41
2014-05-01T05:00:00Z 65 51 81 16 25
2014-05-01T06:00:00Z 75 59 69 13 39
2014-05-01T07:00:00Z 68 89 63 14 62
2014-05-01T08:00:00Z 56 78 38 11 57
2014-05-01T09:00:00Z 48 47 68 10 56
2014-05-01T10:00:00Z -1 -1 -1 -1 -1
2014-05-01T11:00:00Z 33 52 99 9 74
2014-05-07T02:00:00Z -1 -1 -1 -1 -1
2014-05-15T14:00:00Z 20 12 -37 -14 -1
2014-05-15T15:00:00Z 7 -17 -32 -9 -1
2014-05-15T16:00:00Z -1 -1 -1 -1 -1
2014-05-15T17:00:00Z 2 -12 4 -6 -50
2014-05-15T18:00:00Z 21 -8 12 -15 -40
2014-05-15T19:00:00Z 19 14 15 -12 -1
2014-05-20T00:00:00Z 11 -11 26 81 -1
2014-05-20T01:00:00Z 61 -7 34 76 0
2014-05-21T15:00:00Z -6 34 -54 -5 -14
2014-05-21T16:00:00Z -1 -1 -1 -1 -1
2014-05-21T17:00:00Z 28 0 5 21 -15
2014-05-21T18:00:00Z -4 -37 -46 34 -23
2014-05-21T19:00:00Z -5 -26 -56 22 0
2014-05-21T20:00:00Z -3 -14 -106 15 18
2014-05-21T21:00:00Z -49 49 -63 22 23
2014-05-21T22:00:00Z -1 -1 -1 -1 -1
2014-05-21T23:00:00Z -48 93 -51 29 38
2014-05-22T00:00:00Z 24 82 -63 58 40
2014-05-22T01:00:00Z 58 76 7 62 41
2014-05-22T02:00:00Z -1 -1 -1 -1 -1
2014-05-22T03:00:00Z 62 -42 -74 59 31
2014-05-22T04:00:00Z 56 -30 -24 51 22
2014-05-22T05:00:00Z 72 -28 29 48 13
2014-05-22T06:00:00Z 58 -14 131 42 20
2014-05-22T07:00:00Z 80 -44 124 34 -23
2014-05-25T05:00:00Z 1 -1 -70 7 -6
2014-06-16T22:00:00Z -1 -1 -1 -1 -1
2014-07-03T00:00:00Z -24 46 91 -1 11
2014-07-03T01:00:00Z -9 11 139 -1 15
2014-07-03T02:00:00Z -3 22 102 -4 26
2014-07-03T03:00:00Z -18 12 65 1 25
2014-07-03T04:00:00Z -15 18 39 -5 28
2014-07-04T09:00:00Z -1 -1 -1 -1 -1
2014-07-04T10:00:00Z -1 -1 -1 -1 -1
2014-07-04T11:00:00Z -1 -1 -1 -1 -1
2014-07-04T12:00:00Z -1 -1 -1 -1 -1
2014-07-04T13:00:00Z -1 -1 -1 -1 -1
2014-07-04T14:00:00Z -1 -1 -1 -1 -1
2014-07-04T15:00:00Z -1 -1 -1 -1 -1
2014-07-04T16:00:00Z -1 -1 -1 -1 -1
2014-07-04T17:00:00Z -1 -1 -1 -1 -1
2014-07-06T00:00:00Z 44 79 92 -1 4
2014-07-06T01:00:00Z 58 92 136 43 -8
2014-07-06T02:00:00Z 80 92 148 48 -21
2014-07-06T03:00:00Z 96 84 173 57 -22
2014-07-06T04:00:00Z 104 52 120 62 -17
2014-07-06T05:00:00Z 106 45 139 48 -18
2014-07-07T09:00:00Z -25 86 112 29 -1
2014-07-07T10:00:00Z -4 38 129 14 -1
2014-07-07T11:00:00Z -1 32 103 15 -1
2014-07-07T12:00:00Z -1 12 83 -13 -1
2014-07-07T13:00:00Z -1 -39 54 -23 -1
2014-07-07T14:00:00Z -1 -57 -33 -37 -1
2014-07-07T15:00:00Z -1 -51 -52 -18 -1
2014-07-07T16:00:00Z -1 -77 -140 -14 -1
2014-07-07T17:00:00Z -1 -105 -176 -15 -1
2014-07-07T18:00:00Z -1 -73 -154 -15 -1
2014-07-07T19:00:00Z -1 -55 -168 -13 10
2014-07-07T20:00:00Z -1 -46 -161 1 9
2014-07-07T21:00:00Z -1 -56 -164 14 1
2014-07-07T22:00:00Z -1 -11 -155 24 -9
2014-07-07T23:00:00Z -1 21 -115 17 -8
2014-07-08T00:00:00Z -1 51 -14 26 -2
2014-07-08T01:00:00Z -1 5 21 7 -1
2014-07-08T02:00:00Z -1 13 98 -26 -4
2014-07-08T03:00:00Z -1 23 120 -52 -7
2014-07-08T04:00:00Z -1 12 117 -57 -1
2014-07-17T09:00:00Z -1 -1 -1 -1 -1
2014-07-17T10:00:00Z -1 -1 -1 -1 -1
2014-07-17T11:00:00Z -1 -1 -1 -1 -1
2014-07-17T12:00:00Z -1 -1 -1 -1 -1
2014-07-17T13:00:00Z -1 -1 -1 -1 -1
2014-07-17T14:00:00Z -1 -1 -1 -1 -1
2014-07-17T15:00:00Z -1 -1 -1 -1 -1
2014-07-17T16:00:00Z -1 -1 -1 -1 -1
2014-07-17T17:00:00Z -1 -1 -1 -1 -1
2014-07-17T18:00:00Z -1 -1 -1 -1 -1
2014-07-17T19:00:00Z -3 48 78 62 34
2014-07-17T20:00:00Z -6 38 47 72 20
2014-07-17T21:00:00Z -24 42 -53 59 14
2014-07-17T22:00:00Z -22 57 -47 55 -38
2014-07-17T23:00:00Z -38 80 -102 55 21
2014-07-18T00:00:00Z -45 22 -92 62 11
2014-07-18T01:00:00Z -45 63 -85 56 14
2014-07-18T02:00:00Z -41 68 -57 46 17
2014-07-18T03:00:00Z -38 37 -59 47 17
2014-07-18T04:00:00Z -30 46 5 38 -9
2014-07-18T05:00:00Z -2 56 -5 19 -45
2014-07-18T06:00:00Z 15 61 71 6 -25
2014-07-18T07:00:00Z 19 51 119 17 -15
2014-07-18T08:00:00Z 1 40 156 15 3
2014-07-18T09:00:00Z 6 1 204 20 35
2014-07-18T10:00:00Z 18 13 200 14 6
2014-07-18T11:00:00Z 54 -47 150 -11 16
2014-07-18T12:00:00Z 59 -54 113 6 6
2014-07-18T13:00:00Z 43 -28 89 4 0
2014-07-28T02:00:00Z -6 10 31 19 -8
2014-07-28T03:00:00Z -6 5 64 31 -2
2014-07-28T04:00:00Z -1 7 78 35 1
2014-07-28T05:00:00Z 1 20 73 44 2
2014-07-28T06:00:00Z 26 16 55 35 4
2014-07-28T07:00:00Z 43 29 49 30 12
2014-07-29T03:00:00Z 88 67 26 28 -28
2014-07-29T04:00:00Z 102 54 45 42 -18
2014-07-29T05:00:00Z 112 74 59 39 -19
2014-07-29T06:00:00Z 100 65 65 7 -20
2014-07-30T09:00:00Z 15 15 42 -132 -9
2014-07-30T10:00:00Z 11 29 21 -106 -4
2014-07-30T11:00:00Z -21 34 -8 -77 1
2014-07-30T12:00:00Z 4 62 -76 -62 0
2014-07-30T13:00:00Z -18 85 -52 -16 2
2014-07-30T14:00:00Z -25 103 -83 -34 4
2014-07-30T15:00:00Z -17 60 -46 64 2
2014-07-30T16:00:00Z -2 60 -80 72 -2
2014-07-30T17:00:00Z -35 20 -33 78 -3
2014-07-30T18:00:00Z -40 21 -27 42 -4
2014-07-30T19:00:00Z -20 -3 -21 51 -3
2014-07-30T20:00:00Z 23 16 14 48 -2
2014-07-30T21:00:00Z 67 7 46 43 -1
2014-07-30T22:00:00Z 108 0 39 -8 1
2014-07-30T23:00:00Z 112 -26 7 -18 3
2014-07-31T00:00:00Z 106 -38 65 -14 5
2014-07-31T01:00:00Z 43 -10 56 -8 6
2014-07-31T02:00:00Z 4 5 47 6 5
2014-07-31T03:00:00Z -6 49 38 2 7
2014-07-31T04:00:00Z 1 59 30 8 6
2014-07-31T05:00:00Z 9 76 23 21 4
2014-07-31T06:00:00Z -27 72 28 21 1
2014-07-31T07:00:00Z -41 80 23 5 2
2014-07-31T08:00:00Z -38 64 83 3 7
2014-07-31T17:00:00Z -1 -1 -1 -1 -1
2014-07-31T18:00:00Z -2 -120 -86 -5 -13
2014-07-31T19:00:00Z -24 -160 -71 -14 9
2014-07-31T20:00:00Z -10 -92 -39 -11 14
2014-07-31T21:00:00Z -7 -57 -8 2 -2
2014-07-31T22:00:00Z -33 12 37 -14 -1
2014-07-31T23:00:00Z -31 34 48 -13 -6
2014-08-01T00:00:00Z -31 -1 40 -10 -6
2014-08-01T01:00:00Z -1 -1 -1 -1 -1
2014-08-01T02:00:00Z -1 -1 -1 -1 -1
2014-08-01T03:00:00Z -1 -1 -1 -1 -1
2014-08-01T04:00:00Z -28 84 68 26 3
2014-08-01T05:00:00Z -28 133 84 44 3
2014-08-01T06:00:00Z -1 77 62 37 0
2014-08-01T07:00:00Z -1 65 101 14 -1
2014-08-01T08:00:00Z 1 49 68 22 2
2014-08-01T09:00:00Z 26 37 40 38 11
2014-08-01T10:00:00Z 43 -1 55 27 14
2014-08-01T11:00:00Z 58 6 37 5 16
2014-08-01T12:00:00Z 67 -15 -5 5 12
2014-08-01T13:00:00Z 51 -33 -22 -7 5
2014-08-01T14:00:00Z 19 -32 -59 -16 6
2014-08-01T15:00:00Z 29 -55 -83 -35 7
2014-08-01T16:00:00Z -1 -1 -1 -1 -1
2014-08-01T17:00:00Z -1 -76 -122 -27 10
2014-08-01T18:00:00Z -10 -98 -90 -42 5
2014-08-01T19:00:00Z -22 -94 -89 -35 0
2014-08-01T20:00:00Z -48 -48 -87 -37 -1
2014-08-01T21:00:00Z -60 -37 -19 -28 -1
2014-08-01T22:00:00Z -62 -6 11 -11 1
2014-08-01T23:00:00Z -68 33 17 -5 3
2014-08-02T00:00:00Z -59 35 32 -11 3
2014-08-02T01:00:00Z -58 35 59 14 -2
2014-08-02T02:00:00Z -1 -1 -1 -1 -1
2014-08-02T03:00:00Z -56 52 86 5 -4
2014-08-02T04:00:00Z -42 57 48 17 0
2014-08-02T05:00:00Z -56 86 56 4 2
2014-08-02T06:00:00Z -55 60 47 11 1
2014-08-02T07:00:00Z -48 47 19 15 4
2014-08-02T08:00:00Z -30 20 21 0 4
2014-08-02T09:00:00Z 4 -14 2 25 2
2014-08-02T10:00:00Z 1 -10 4 -6 -2
2014-08-02T18:00:00Z 53 -27 -6 -31 3
2014-08-02T19:00:00Z 38 10 -4 -38 1
2014-08-02T20:00:00Z 45 -10 -36 6 6
2014-08-02T21:00:00Z 51 -14 10 -18 11
2014-08-02T22:00:00Z 56 12 -53 -18 14
2014-08-02T23:00:00Z 42 1 22 0 13
2014-08-03T00:00:00Z 22 40 4 14 24
2014-08-03T01:00:00Z 39 57 28 13 24
2014-08-03T02:00:00Z 57 60 52 23 24
2014-08-03T03:00:00Z 64 29 60 37 17
2014-08-03T04:00:00Z 62 33 26 40 14
2014-08-03T05:00:00Z 9 21 41 19 22
2014-08-03T06:00:00Z -8 49 49 12 28
2014-08-03T07:00:00Z -36 37 29 20 34
2014-08-03T08:00:00Z -28 58 34 21 26
2014-08-03T09:00:00Z 6 42 23 -10 9
2014-08-20T04:00:00Z -6 23 66 18 31
2014-08-20T05:00:00Z 17 26 71 17 21
2014-08-20T06:00:00Z 9 54 43 0 6
2014-08-21T02:00:00Z 47 26 39 -49 63
2014-08-21T03:00:00Z 32 45 52 -70 65
2014-08-21T04:00:00Z 48 57 77 -49 53
2014-08-21T05:00:00Z -1 -1 -1 -1 -1
2014-08-21T06:00:00Z 69 57 74 -68 65
2014-08-21T07:00:00Z 60 49 75 -59 74
2014-08-30T03:00:00Z 5 20 -4 -7 15
2014-08-30T04:00:00Z 30 15 -28 11 12
2014-08-30T05:00:00Z 36 18 -41 10 9
2014-08-30T06:00:00Z 25 13 9 10 11
2014-08-30T07:00:00Z 40 4 -2 19 11
2014-08-30T08:00:00Z 24 -15 24 27 7
2014-08-30T09:00:00Z 21 12 15 28 2
2014-08-30T10:00:00Z 5 39 15 11 0
2014-08-30T11:00:00Z 16 31 32 23 0
2014-08-30T12:00:00Z 31 29 40 27 3
2014-08-30T13:00:00Z 19 17 21 20 4
2014-08-30T14:00:00Z -6 25 24 22 -1
2014-08-30T15:00:00Z -1 -1 -1 -1 -1
2014-08-30T16:00:00Z -32 24 9 43 -10
2014-08-30T17:00:00Z -57 27 -2 29 -11
2014-09-01T10:00:00Z -1 -1 -1 -1 -1
2014-09-05T21:00:00Z 22 -53 -1 -1 7
2014-09-05T22:00:00Z -1 -1 -1 -1 -1
2014-09-05T23:00:00Z 22 -16 10 35 8
2014-09-06T00:00:00Z 45 -5 21 44 10
2014-09-06T01:00:00Z 50 0 -22 14 12
2014-09-06T02:00:00Z 33 25 -31 31 10
2014-09-06T03:00:00Z 36 61 -44 30 9
2014-09-06T04:00:00Z 20 87 13 15 -1
2014-09-06T05:00:00Z -18 57 46 29 8
2014-09-06T06:00:00Z -22 56 59 -1 3
2014-09-06T07:00:00Z -26 72 58 -58 6
2014-09-06T08:00:00Z -14 33 60 -11 7
2014-09-06T09:00:00Z 0 62 67 31 4
2014-09-06T10:00:00Z 10 48 52 28 -1
2014-09-06T20:00:00Z -22 -57 -49 -1 18
2014-09-06T21:00:00Z -39 -31 -48 -1 33
2014-09-06T22:00:00Z -1 -49 -51 -1 7
2014-09-06T23:00:00Z 2 -11 -59 -1 13
2014-09-07T00:00:00Z 10 13 3 -1 16
2014-09-07T01:00:00Z 19 29 18 -1 19
2014-09-07T02:00:00Z 33 10 52 -1 20
2014-09-07T03:00:00Z 33 38 36 -1 19
2014-09-07T04:00:00Z 24 42 47 -1 16
2014-09-07T05:00:00Z 36 43 27 -1 13
2014-09-07T06:00:00Z 32 29 19 -1 13
2014-09-07T07:00:00Z 28 3 24 -1 13
2014-09-07T08:00:00Z -4 90 57 -1 12
2014-09-20T18:00:00Z 5 24 -47 -53 -115
2014-09-20T19:00:00Z 23 -13 -28 -51 -109
2014-09-20T20:00:00Z -3 -23 7 -44 -107
2014-09-20T21:00:00Z -9 -4 43 -52 -74
2014-09-20T22:00:00Z 1 -11 17 -57 -74
2014-09-20T23:00:00Z 5 26 18 -60 -79
2014-09-21T00:00:00Z 26 39 30 -73 -74
2014-09-25T09:00:00Z -8 31 47 -9 -29
2014-09-25T10:00:00Z -6 38 52 -5 -34
2014-09-25T11:00:00Z -1 45 47 -1 -30
2014-09-25T12:00:00Z 15 37 35 28 -33
2014-09-25T13:00:00Z 29 -3 38 26 -32
2014-09-25T14:00:00Z 21 20 -43 18 -27
2014-09-25T15:00:00Z 37 4 -51 7 -19
2014-09-25T16:00:00Z -1 -1 -1 -1 -1
2014-09-25T17:00:00Z 34 -30 -84 16 -17
2014-09-26T13:00:00Z 83 23 35 2 -13
2014-09-26T14:00:00Z 86 25 17 -11 -6
2014-09-26T15:00:00Z 82 18 -1 19 -1
2014-09-26T16:00:00Z -1 -1 -18 -1 -12
2014-09-26T17:00:00Z -1 -1 -1 -1 -1
2014-10-07T14:00:00Z -1 -1 -1 -1 -1
2014-10-07T15:00:00Z 54 56 109 27 67
2014-10-07T16:00:00Z 63 65 187 23 75
2014-10-07T17:00:00Z 54 67 201 34 62
2014-10-07T18:00:00Z 78 68 105 34 49
2014-10-07T19:00:00Z 93 37 44 32 66
2014-10-07T20:00:00Z 150 35 67 46 79
2014-10-07T21:00:00Z 173 45 145 86 70
2014-10-07T22:00:00Z 139 119 199 80 59
2014-10-07T23:00:00Z 158 72 87 66 52
2014-10-08T00:00:00Z -1 -1 -1 -1 -1
2014-10-08T01:00:00Z 165 126 99 54 23
2014-10-08T02:00:00Z 131 205 -4 46 10
2014-10-08T03:00:00Z 124 168 -54 40 30
2014-10-08T04:00:00Z 110 120 -61 47 53
2014-10-08T05:00:00Z 111 123 -80 36 12
2014-10-08T06:00:00Z 45 98 -85 12 -16
2014-10-08T07:00:00Z -4 160 -97 -19 0
2014-10-08T08:00:00Z 39 18 -119 -19 -13
2014-10-08T09:00:00Z 40 13 -82 -12 -9
2014-10-08T10:00:00Z -32 -7 -56 -2 -34
2014-10-08T11:00:00Z -1 -1 -1 -1 -1
2014-10-08T12:00:00Z 16 -88 -1 4 4
2014-10-08T13:00:00Z 12 -48 13 26 -3
2014-10-08T14:00:00Z -7 -6 29 40 -21
2014-10-08T15:00:00Z -46 31 85 76 -2
2014-10-08T16:00:00Z -114 -29 147 79 -27
2014-10-08T17:00:00Z -130 -113 127 104 -4
2014-10-08T18:00:00Z -124 -38 123 100 5
2014-10-08T19:00:00Z -139 -10 120 101 -6
2014-10-08T20:00:00Z -31 34 97 95 17
2014-10-08T21:00:00Z -1 -1 -1 -1 -1
2014-10-08T22:00:00Z -12 85 102 122 7
2014-10-08T23:00:00Z -9 110 121 87 10
2014-10-09T00:00:00Z 7 78 124 78 41
2014-10-09T01:00:00Z 14 71 88 47 49
2014-10-09T02:00:00Z 61 100 76 41 81
2014-10-09T03:00:00Z 76 122 93 14 34
2014-10-09T04:00:00Z 73 131 68 9 14
2014-10-09T05:00:00Z 20 133 48 7 2
2014-10-09T06:00:00Z 1 110 49 14 -4
2014-10-09T07:00:00Z -61 59 49 -4 -1
2014-10-09T08:00:00Z -58 -37 37 -26 -19
2014-10-09T09:00:00Z -90 -36 0 -2 -23
2014-10-09T10:00:00Z -66 -72 -1 19 -22
2014-10-09T11:00:00Z -26 -61 -29 28 -3
2014-10-09T12:00:00Z 18 41 -57 43 14
2014-10-09T13:00:00Z 49 24 -95 31 11
2014-10-09T14:00:00Z 26 -67 -97 43 -3
2014-10-09T15:00:00Z 35 -124 -38 53 -5
2014-10-09T16:00:00Z -1 -1 -1 -1 -1
2014-10-09T17:00:00Z -18 -144 -21 44 8
2014-10-09T18:00:00Z -45 -67 -6 39 8
2014-10-09T19:00:00Z 52 -94 39 34 23
2014-10-09T20:00:00Z 71 -35 58 -6 6
2014-10-09T21:00:00Z 38 -29 96 -6 11
2014-10-09T22:00:00Z 23 -85 47 -6 17
2014-10-09T23:00:00Z 16 -47 21 -4 53
2014-10-10T08:00:00Z -38 15 -115 -6 -125
2014-10-10T09:00:00Z -33 -28 -78 14 -139
2014-10-10T10:00:00Z -7 -17 -50 18 -139
2014-10-10T11:00:00Z -13 5 -23 32 -115
2014-10-10T12:00:00Z 15 -37 -29 8 -95
2014-10-10T13:00:00Z -20 -31 -18 -10 -86
2014-10-10T14:00:00Z -1 -1 -1 -1 -1
2014-10-10T15:00:00Z -72 -97 -32 -25 -10
2014-10-10T16:00:00Z -90 -140 -121 -44 4
2014-10-10T17:00:00Z -80 -147 -147 -42 -1
2014-10-10T18:00:00Z -51 -186 -147 -34 23
2014-10-10T19:00:00Z -54 -143 -156 -59 35
2014-10-10T20:00:00Z -47 -103 -139 -42 29
2014-10-10T21:00:00Z -53 -114 -158 -32 29
2014-10-10T22:00:00Z -44 -83 -125 -5 22
2014-10-10T23:00:00Z 3 -40 -104 27 39
2014-10-11T00:00:00Z -1 -1 -1 -1 -1
2014-10-11T01:00:00Z 61 -68 -57 12 28
2014-10-11T02:00:00Z 8 -47 51 -10 12
2014-10-11T03:00:00Z 38 8 73 -14 28
2014-10-11T04:00:00Z 20 88 91 -23 5
2014-10-11T05:00:00Z -25 53 109 -14 -5
2014-10-11T06:00:00Z -89 39 92 -62 0
2014-10-11T07:00:00Z -100 79 103 -88 1
2014-10-11T08:00:00Z -106 -2 60 -106 15
2014-10-11T09:00:00Z -120 -83 30 -104 -3
2014-10-11T10:00:00Z -127 -80 30 -64 15
2014-10-11T11:00:00Z -113 9 16 -9 39
2014-10-11T12:00:00Z -55 16 -21 11 81
2014-10-11T13:00:00Z -111 9 2 18 37
2014-10-17T15:00:00Z -1 -1 -1 -1 -1
2014-10-17T16:00:00Z 14 -40 -22 10 18
2014-10-17T17:00:00Z -1 -19 -37 -4 50
2014-10-17T18:00:00Z 3 -23 -32 4 42
2014-10-17T19:00:00Z 22 -21 5 -11 46
2014-10-17T20:00:00Z 5 45 -30 5 40
2014-10-17T21:00:00Z 19 22 5 0 47
2014-10-17T22:00:00Z 57 61 27 15 72
2014-10-18T09:00:00Z -36 -24 4 4 -52
2014-10-18T10:00:00Z -45 -17 12 -4 -32
2014-10-18T11:00:00Z -19 -19 27 -6 -11
2014-10-18T12:00:00Z -2 -8 72 -6 16
2014-10-18T13:00:00Z -1 -1 -1 -1 -1
2014-10-18T14:00:00Z -6 5 85 12 76
2014-10-18T15:00:00Z 10 11 111 13 85
2014-10-18T16:00:00Z -1 -1 -1 -1 88
2014-10-18T17:00:00Z 67 99 69 10 90
2014-10-18T18:00:00Z 127 94 50 16 90
2014-10-18T19:00:00Z 152 116 8 6 85
2014-10-18T20:00:00Z 108 129 36 14 74
2014-10-18T21:00:00Z -5 188 23 21 73
2014-10-18T22:00:00Z -24 182 -27 56 69
2014-10-18T23:00:00Z -1 -1 -1 -1 -1
2014-10-19T00:00:00Z -31 162 65 -1 21
2014-10-19T01:00:00Z -29 131 99 23 3
2014-10-19T02:00:00Z 16 147 106 34 4
2014-10-19T03:00:00Z 7 102 123 29 -3
2014-10-19T04:00:00Z -73 134 91 14 -3
2014-10-19T05:00:00Z -132 116 82 29 -29
2014-10-19T06:00:00Z -87 84 31 64 -45
2014-10-19T07:00:00Z 17 -34 22 39 -74
2014-10-19T08:00:00Z 30 11 45 9 -87
2014-10-19T09:00:00Z 25 -17 60 -11 -110
2014-10-19T10:00:00Z 10 -106 71 -1 -121
2014-10-19T11:00:00Z -18 -147 27 26 -115
2014-10-19T12:00:00Z -99 -151 68 43 -131
2014-10-19T13:00:00Z -97 -145 53 67 -133
2014-10-23T13:00:00Z 15 -1 112 39 40
2014-10-23T14:00:00Z -1 2 -1 -1 -1
2014-10-23T15:00:00Z 31 31 104 30 97
2014-10-23T16:00:00Z 47 40 80 30 94
2014-10-23T17:00:00Z 89 55 132 24 121
2014-10-24T02:00:00Z 131 144 54 8 7
2014-10-24T03:00:00Z 90 140 25 12 -10
2014-10-24T04:00:00Z 44 57 -9 0 -1
2014-10-24T05:00:00Z 11 -29 -56 16 18
2014-10-24T06:00:00Z -37 -61 -74 26 16
2014-10-24T07:00:00Z -36 -103 -1 21 -1
2014-10-24T08:00:00Z -67 -145 -89 30 21
2014-10-24T09:00:00Z -1 -1 -1 -1 -1
2014-10-24T10:00:00Z -74 -119 41 33 25
2014-10-24T11:00:00Z -68 -123 67 30 -6
2014-10-24T12:00:00Z -44 -61 152 52 -6
2014-10-24T13:00:00Z -10 -23 178 45 -25
2014-10-24T14:00:00Z 23 -5 141 41 -8
2014-10-24T15:00:00Z 25 30 152 37 -2
2014-10-24T16:00:00Z 43 74 170 39 -40
2014-10-24T17:00:00Z 48 130 -1 32 -1
2014-10-24T18:00:00Z 84 195 65 34 -58
2014-10-24T19:00:00Z 122 162 -29 34 -66
2014-10-24T20:00:00Z 159 134 -93 39 -1
2014-10-24T21:00:00Z 112 174 -89 44 -14
2014-10-24T22:00:00Z -1 -1 -134 -1 7
2014-10-24T23:00:00Z 29 123 -1 16 -1
2014-10-25T00:00:00Z -1 118 -106 3 -8
2014-10-25T01:00:00Z 10 78 -97 0 -20
2014-10-25T02:00:00Z 7 71 -110 -14 5
2014-10-25T03:00:00Z -14 11 -100 -26 35
2014-10-25T04:00:00Z -30 -71 -30 -23 24
2014-10-25T05:00:00Z -44 -58 -38 -22 24
2014-10-25T06:00:00Z -84 -53 -87 -27 -1
2014-10-25T07:00:00Z -81 -129 -105 -33 9
2014-10-25T08:00:00Z -1 -1 -84 -1 -6
2014-10-25T09:00:00Z -72 -144 -1 -9 -1
2014-10-25T10:00:00Z -29 -99 -21 12 1
2014-10-25T11:00:00Z 11 -48 -1 9 -1
2014-10-25T12:00:00Z 65 -1 61 43 -27
2014-10-25T13:00:00Z -1 5 -1 -1 -1
2014-10-25T14:00:00Z 121 31 59 77 -3
2014-10-25T15:00:00Z -1 -1 -1 -1 -1
2014-10-25T16:00:00Z -1 -1 -1 -1 -1
2014-10-25T17:00:00Z 147 133 25 38 8
2014-10-25T18:00:00Z 103 95 -5 22 10
2014-10-29T16:00:00Z -1 -1 -1 -1 -1
2014-10-29T17:00:00Z 22 -1 26 -3 -20
2014-10-29T18:00:00Z 1 4 29 33 -23
2014-10-29T19:00:00Z 23 36 -24 5 -8
2014-10-29T20:00:00Z -11 61 -73 -1 -1
2014-10-29T21:00:00Z -96 70 44 12 36
2014-10-29T22:00:00Z -1 -1 -1 -1 -1
2014-10-29T23:00:00Z 70 78 3 16 104
2014-10-30T00:00:00Z -1 -1 -1 -1 -1
2014-10-30T01:00:00Z 91 51 23 14 47
2014-10-30T02:00:00Z 87 -1 34 19 52
2014-10-30T03:00:00Z 74 -1 15 3 91
2014-10-30T04:00:00Z 73 19 9 -25 95
2014-10-30T05:00:00Z 39 32 25 2 84
2014-10-30T06:00:00Z 7 -4 5 18 -1
