2013-06-11T22:00:00Z 98 188 46 50 82
2013-06-11T21:00:00Z 97 175 49 58 78
2013-06-11T20:00:00Z 90 170 56 56 77
2013-06-11T19:00:00Z 89 171 59 70 71
2013-06-11T18:00:00Z 96 140 63 74 75
2013-06-11T17:00:00Z 114 101 61 65 78
2013-11-20T21:00:00Z 186 174 225 191 105
2013-11-20T20:00:00Z 169 191 180 176 130
2013-11-20T19:00:00Z 143 182 209 154 122
2013-11-20T18:00:00Z 113 131 181 123 111
2013-11-20T17:00:00Z 111 106 84 108 114
2013-11-20T16:00:00Z 126 96 39 112 119
2013-11-26T05:00:00Z 77 107 65 101 115
2013-11-26T04:00:00Z 80 98 66 109 113
2013-11-26T03:00:00Z 83 92 68 117 105
2013-11-26T02:00:00Z 73 91 73 120 100
2013-11-26T01:00:00Z 75 90 78 108 94
2013-11-26T00:00:00Z 77 93 78 105 78
2013-12-01T05:00:00Z 136 195 127 121 260
2013-12-01T04:00:00Z 138 184 119 132 255
2013-12-01T03:00:00Z 133 184 110 135 272
2013-12-01T02:00:00Z 154 147 103 132 261
2013-12-01T01:00:00Z 164 115 89 125 325
2013-12-01T00:00:00Z 162 108 93 124 389
2013-12-04T23:00:00Z 330 264 285 332 422
2013-12-04T22:00:00Z 357 259 287 333 -1
2013-12-04T21:00:00Z 334 246 271 310 -1
2013-12-04T20:00:00Z 246 208 258 286 -1
2013-12-04T19:00:00Z 155 183 270 254 339
2013-12-04T18:00:00Z 95 143 261 182 225
2013-12-08T17:00:00Z 278 181 420 377 257
2013-12-08T16:00:00Z 268 175 430 350 254
2013-12-08T15:00:00Z 258 188 442 322 233
2013-12-08T14:00:00Z 254 218 494 304 208
2013-12-08T13:00:00Z 259 241 513 299 193
2013-12-08T12:00:00Z 275 227 531 286 176
2013-12-26T06:00:00Z 339 318 257 285 318
2013-12-26T05:00:00Z 301 327 249 310 307
2013-12-26T04:00:00Z 279 336 234 319 313
2013-12-26T03:00:00Z 270 338 239 322 312
2013-12-26T02:00:00Z 271 344 237 293 311
2013-12-26T01:00:00Z 260 340 238 305 355
2013-12-29T07:00:00Z 145 165 124 158 163
2013-12-29T06:00:00Z 140 162 123 159 180
2013-12-29T05:00:00Z 131 150 121 155 168
2013-12-29T04:00:00Z 121 144 126 149 163
2013-12-29T03:00:00Z 100 134 120 145 166
2013-12-29T02:00:00Z 94 126 112 130 161
2013-12-31T21:00:00Z 86 146 73 119 166
2013-12-31T20:00:00Z 88 136 75 107 152
2013-12-31T19:00:00Z 68 115 63 109 124
2013-12-31T18:00:00Z 47 100 51 99 103
2013-12-31T17:00:00Z 47 92 33 87 97
2013-12-31T16:00:00Z 57 89 30 75 90
2014-01-03T07:00:00Z 133 152 203 195 107
2014-01-03T06:00:00Z 120 152 195 165 91
2014-01-03T05:00:00Z 117 156 205 175 106
2014-01-03T04:00:00Z 106 155 230 161 107
2014-01-03T03:00:00Z 102 159 258 157 106
2014-01-03T02:00:00Z 94 157 237 141 110
2014-01-12T18:00:00Z 142 163 71 151 241
2014-01-12T17:00:00Z 122 156 92 126 221
2014-01-12T16:00:00Z 98 145 94 107 205
2014-01-12T15:00:00Z 105 129 73 96 187
2014-01-12T14:00:00Z 134 120 56 107 179
2014-01-12T13:00:00Z -1 -1 -1 -1 -1
2014-01-17T18:00:00Z 135 158 162 151 123
2014-01-17T17:00:00Z 131 163 152 134 115
2014-01-17T16:00:00Z -1 -1 -1 -1 -1
2014-01-17T15:00:00Z 119 208 122 125 115
2014-01-17T14:00:00Z -1 -1 -1 -1 -1
2014-01-17T13:00:00Z 133 169 119 152 109
2014-01-18T06:00:00Z 157 159 262 181 147
2014-01-18T05:00:00Z 159 140 258 163 156
2014-01-18T04:00:00Z 167 108 263 155 173
2014-01-18T03:00:00Z 194 85 255 161 183
2014-01-19T18:00:00Z 137 146 174 204 211
2014-01-19T17:00:00Z 146 128 181 197 176
2014-01-19T16:00:00Z 151 127 237 184 171
2014-01-19T15:00:00Z -1 -1 -1 -1 -1
2014-01-19T14:00:00Z 178 105 293 203 181
2014-01-19T13:00:00Z 187 101 285 217 192
2014-01-29T23:00:00Z 123 137 117 125 115
2014-01-29T22:00:00Z 124 131 110 127 116
2014-01-29T21:00:00Z 117 125 107 123 120
2014-01-29T20:00:00Z 114 112 107 118 129
2014-01-29T19:00:00Z 107 95 101 107 123
2014-01-29T18:00:00Z 99 79 93 101 86
2014-02-01T21:00:00Z 133 194 107 177 121
2014-02-01T20:00:00Z 125 174 102 160 155
2014-02-01T19:00:00Z 102 146 85 148 188
2014-02-01T18:00:00Z 89 117 73 140 181
2014-02-01T17:00:00Z 79 106 64 123 187
2014-02-01T16:00:00Z 69 91 57 94 191
2014-02-19T21:00:00Z 97 89 69 93 96
2014-02-19T20:00:00Z 99 80 72 88 111
2014-02-19T19:00:00Z 94 76 69 84 94
2014-02-19T18:00:00Z 95 74 70 82 77
2014-02-19T17:00:00Z 100 70 67 90 72
2014-02-19T16:00:00Z 114 62 67 87 75
2014-03-18T07:00:00Z 129 143 80 115 120
2014-03-18T06:00:00Z 125 141 77 114 126
2014-03-18T05:00:00Z 114 139 82 100 115
2014-03-18T04:00:00Z -1 -1 -1 -1 -1
2014-03-18T03:00:00Z 117 151 99 84 130
2014-03-18T02:00:00Z 114 148 86 87 111
2014-04-17T08:00:00Z 115 110 116 101 79
2014-04-17T07:00:00Z 111 117 106 121 72
2014-04-17T06:00:00Z 116 117 95 123 73
2014-04-17T05:00:00Z 112 118 88 124 64
2014-04-17T04:00:00Z 117 115 82 121 63
2014-04-17T03:00:00Z 115 111 81 113 64
2014-05-14T12:00:00Z 96 90 66 107 75
2014-05-14T11:00:00Z 89 116 64 114 80
2014-05-14T10:00:00Z 74 146 62 115 69
2014-05-14T09:00:00Z 75 156 61 113 66
2014-05-14T08:00:00Z 83 136 71 103 67
2014-05-14T07:00:00Z 78 116 78 96 59
2014-05-21T10:00:00Z 145 140 163 152 118
2014-05-21T09:00:00Z 115 125 187 163 124
2014-05-21T08:00:00Z 93 103 170 180 117
2014-05-21T07:00:00Z 89 93 130 172 110
2014-05-21T06:00:00Z 87 88 125 161 99
2014-05-21T05:00:00Z 89 69 117 140 92
2014-05-25T12:00:00Z 162 123 60 68 44
2014-05-25T11:00:00Z 119 154 59 83 36
2014-05-25T10:00:00Z 87 142 70 113 32
2014-05-25T09:00:00Z 82 93 72 128 39
2014-05-25T08:00:00Z 64 53 78 139 50
2014-05-25T07:00:00Z 50 48 84 114 64
2014-05-26T05:00:00Z 104 135 73 106 110
2014-05-26T04:00:00Z 98 125 77 111 108
2014-05-26T03:00:00Z 94 99 76 110 109
2014-05-26T02:00:00Z 90 102 72 112 107
2014-05-26T01:00:00Z 93 102 65 103 100
2014-05-26T00:00:00Z 86 102 61 91 100
2014-06-28T11:00:00Z -1 128 61 -1 62
2014-06-28T10:00:00Z 100 132 60 95 98
2014-06-28T09:00:00Z 95 131 63 94 113
2014-06-28T08:00:00Z 83 125 61 94 126
2014-06-28T07:00:00Z 75 123 57 86 103
2014-06-28T06:00:00Z 73 118 50 82 89
2014-06-29T12:00:00Z -1 232 56 -1 63
2014-06-29T11:00:00Z 115 252 50 148 81
2014-06-29T10:00:00Z 117 -1 -1 144 -1
2014-06-29T09:00:00Z -1 197 46 -1 161
2014-06-29T08:00:00Z 114 140 46 107 146
2014-06-29T07:00:00Z 114 139 44 100 119
2014-07-10T17:00:00Z 96 56 75 69 31
2014-07-10T16:00:00Z 78 55 75 57 34
2014-07-10T15:00:00Z 78 55 68 66 35
2014-07-10T14:00:00Z 76 62 67 66 37
2014-07-10T13:00:00Z 76 59 68 65 44
2014-07-10T12:00:00Z 74 54 82 66 56
2014-10-16T04:00:00Z 150 148 107 146 135
2014-10-16T03:00:00Z 158 149 112 140 134
2014-10-16T02:00:00Z -1 148 117 -1 128
2014-10-16T01:00:00Z 160 161 114 143 120
2014-10-16T00:00:00Z 166 161 112 147 110
2014-10-15T23:00:00Z 165 162 116 147 113
2014-10-21T08:00:00Z 137 156 147 164 9
2014-10-21T07:00:00Z 124 94 105 167 17
2014-10-21T06:00:00Z 103 87 100 123 40
2014-10-21T05:00:00Z 89 100 97 105 49
2014-10-21T04:00:00Z 80 110 102 111 47
2014-10-21T03:00:00Z 76 122 104 129 47
2014-11-06T04:00:00Z -1 -1 100 -1 112
2014-11-06T03:00:00Z 126 183 99 115 107
2014-11-06T02:00:00Z 143 200 90 120 100
2014-11-06T01:00:00Z 180 171 94 117 95
2014-11-06T00:00:00Z 143 84 111 105 78
2014-11-05T23:00:00Z -1 66 111 -1 63
2014-11-11T22:00:00Z 111 197 117 149 159
2014-11-11T21:00:00Z 109 188 109 143 166
2014-11-11T20:00:00Z 100 173 99 139 163
2014-11-11T19:00:00Z 93 164 97 131 144
2014-11-11T18:00:00Z 87 146 93 113 125
2014-11-11T17:00:00Z 89 138 90 101 105
