2013-06-13T01:00:00Z 96 145 78 138 63
2013-06-13T00:00:00Z 84 132 77 129 62
2013-06-12T23:00:00Z 80 122 76 122 39
2013-06-12T22:00:00Z 110 121 81 113 32
2013-06-12T21:00:00Z 130 129 86 91 31
2013-06-12T20:00:00Z 110 161 82 76 29
2013-11-08T21:00:00Z 75 103 127 113 53
2013-11-08T20:00:00Z 69 80 127 125 59
2013-11-08T19:00:00Z 73 65 136 110 47
2013-11-08T18:00:00Z 63 51 111 93 56
2013-11-08T17:00:00Z 64 50 83 88 75
2013-11-08T16:00:00Z 64 57 98 88 -1
2013-11-17T11:00:00Z 77 67 54 62 47
2013-11-17T10:00:00Z 93 91 71 82 76
2013-11-17T09:00:00Z 104 99 96 86 94
2013-11-17T08:00:00Z 98 109 96 81 109
2013-11-17T07:00:00Z 92 112 93 78 103
2013-11-17T06:00:00Z 94 111 94 75 108
2013-11-21T13:00:00Z -1 -1 -1 -1 -1
2013-11-21T12:00:00Z 98 125 216 119 90
2013-11-21T11:00:00Z 110 138 331 146 97
2013-11-21T10:00:00Z 142 151 353 165 95
2013-11-21T09:00:00Z 171 162 374 171 92
2013-11-21T08:00:00Z 204 163 322 189 85
2013-12-04T13:00:00Z 153 161 350 195 345
2013-12-04T12:00:00Z 204 185 360 202 343
2013-12-04T11:00:00Z 229 180 350 206 334
2013-12-04T10:00:00Z 228 157 338 236 275
2013-12-04T09:00:00Z 211 145 318 227 176
2013-12-04T08:00:00Z 211 147 302 234 136
2013-12-08T07:00:00Z 192 134 351 208 115
2013-12-08T06:00:00Z 182 143 355 195 107
2013-12-08T05:00:00Z 166 150 352 187 100
2013-12-08T04:00:00Z 156 145 330 193 101
2013-12-08T03:00:00Z 146 145 273 211 95
2013-12-08T02:00:00Z 147 152 243 223 83
2013-12-10T11:00:00Z 100 68 61 89 72
2013-12-10T10:00:00Z 110 95 84 109 95
2013-12-10T09:00:00Z 111 93 90 100 98
2013-12-10T08:00:00Z 104 87 96 88 96
2013-12-10T07:00:00Z -1 -1 -1 -1 -1
2013-12-10T06:00:00Z 87 86 94 68 91
2013-12-25T17:00:00Z 151 191 179 262 233
2013-12-25T16:00:00Z 136 168 163 244 220
2013-12-25T15:00:00Z 139 153 161 287 211
2013-12-25T14:00:00Z 141 164 163 302 210
2013-12-25T13:00:00Z 169 171 148 296 199
2013-12-25T12:00:00Z 174 152 182 227 184
2013-12-31T11:00:00Z 91 151 87 98 124
2013-12-31T10:00:00Z 105 154 82 105 123
2013-12-31T09:00:00Z 95 170 87 110 121
2013-12-31T08:00:00Z 90 178 85 113 116
2013-12-31T07:00:00Z 95 188 72 121 115
2013-12-31T06:00:00Z 90 185 74 124 110
2014-01-04T07:00:00Z 196 81 162 97 22
2014-01-04T06:00:00Z 170 77 149 110 32
2014-01-04T05:00:00Z 157 75 135 150 58
2014-01-04T04:00:00Z 153 92 116 165 81
2014-01-04T03:00:00Z 148 142 110 156 98
2014-01-04T02:00:00Z 154 163 103 154 100
2014-01-13T02:00:00Z 220 102 236 190 27
2014-01-13T01:00:00Z 223 183 218 220 33
2014-01-13T00:00:00Z 213 220 190 220 36
2014-01-12T23:00:00Z 204 229 124 221 42
2014-01-12T22:00:00Z 203 227 88 211 57
2014-01-12T21:00:00Z 216 220 83 198 144
2014-01-19T09:00:00Z 211 154 232 277 241
2014-01-19T08:00:00Z 225 156 194 306 230
2014-01-19T07:00:00Z 199 148 224 317 212
2014-01-19T06:00:00Z 205 153 221 295 201
2014-01-20T20:00:00Z 105 86 70 86 80
2014-01-20T19:00:00Z 88 94 58 83 79
2014-01-20T18:00:00Z 100 95 90 79 61
2014-01-20T17:00:00Z 118 144 108 79 51
2014-01-20T16:00:00Z 141 219 117 90 38
2014-01-20T15:00:00Z 218 221 124 96 56
2014-01-31T11:00:00Z 167 182 128 119 199
2014-01-31T10:00:00Z 163 195 98 131 222
2014-01-31T09:00:00Z -1 -1 -1 -1 -1
2014-01-31T08:00:00Z 129 176 89 122 225
2014-01-31T07:00:00Z 122 164 93 163 199
2014-01-31T06:00:00Z 143 161 104 214 190
2014-02-02T17:00:00Z 264 214 295 224 235
2014-02-02T16:00:00Z 264 227 288 228 246
2014-02-02T15:00:00Z 247 232 291 235 259
2014-02-02T14:00:00Z 251 239 278 236 283
2014-02-02T13:00:00Z 230 211 268 222 300
2014-02-02T12:00:00Z 228 192 253 196 314
2014-03-10T23:00:00Z 152 149 163 168 46
2014-03-10T22:00:00Z 135 167 158 161 46
2014-03-10T21:00:00Z 125 173 142 158 56
2014-03-10T20:00:00Z 122 176 136 140 78
2014-03-10T19:00:00Z 118 170 122 131 99
2014-03-10T18:00:00Z 126 171 111 113 286
2014-03-18T00:00:00Z 122 124 74 95 128
2014-03-17T23:00:00Z 126 121 69 98 122
2014-03-17T22:00:00Z 119 119 65 94 114
2014-03-17T21:00:00Z 98 103 59 81 117
2014-03-19T06:00:00Z 69 63 117 71 55
2014-03-19T05:00:00Z 75 64 127 68 56
2014-03-19T04:00:00Z 86 64 137 62 56
2014-03-19T03:00:00Z 88 63 145 57 55
2014-03-19T02:00:00Z 88 63 165 56 54
2014-03-19T01:00:00Z 102 69 167 77 55
2014-04-18T04:00:00Z 106 58 82 81 16
2014-04-18T03:00:00Z 109 65 77 84 20
2014-04-18T02:00:00Z 112 70 72 84 16
2014-04-18T01:00:00Z 115 88 67 86 25
2014-04-18T00:00:00Z 114 105 64 91 30
2014-04-17T23:00:00Z 119 103 61 94 47
2014-05-14T18:00:00Z 123 62 59 65 74
2014-05-14T17:00:00Z 131 74 54 75 66
2014-05-14T16:00:00Z 134 74 65 81 61
2014-05-14T15:00:00Z 137 74 71 91 63
2014-05-14T14:00:00Z 141 89 65 102 61
2014-05-14T13:00:00Z 125 86 63 102 69
2014-05-22T04:00:00Z 115 150 117 130 178
2014-05-22T03:00:00Z 118 149 119 120 163
2014-05-22T02:00:00Z 115 143 124 122 155
2014-05-22T01:00:00Z 114 149 125 131 142
2014-05-22T00:00:00Z 115 162 129 133 135
2014-05-21T23:00:00Z 120 168 120 126 127
2014-05-25T19:00:00Z 68 56 69 48 72
2014-05-25T18:00:00Z 68 65 67 48 66
2014-05-25T17:00:00Z 76 64 71 42 63
2014-05-25T16:00:00Z 114 80 81 42 69
2014-05-25T15:00:00Z 151 80 84 52 68
2014-05-25T14:00:00Z 151 83 78 57 71
2014-05-27T11:00:00Z 93 114 75 102 95
2014-05-27T10:00:00Z 104 162 85 111 100
2014-05-27T09:00:00Z 119 207 90 117 107
2014-05-27T08:00:00Z 148 196 95 131 105
2014-05-27T07:00:00Z 169 178 94 143 106
2014-05-27T06:00:00Z 180 167 92 156 100
2014-06-28T20:00:00Z -1 143 44 -1 19
2014-06-28T19:00:00Z 129 136 50 114 17
2014-06-28T18:00:00Z -1 106 70 -1 14
2014-06-28T17:00:00Z 120 112 60 114 12
2014-06-28T16:00:00Z 114 -1 -1 112 -1
2014-06-28T15:00:00Z -1 119 81 -1 11
2014-06-29T18:00:00Z -1 115 81 -1 37
2014-06-29T17:00:00Z 133 98 79 109 29
2014-06-29T16:00:00Z 129 111 79 120 23
2014-06-29T15:00:00Z 126 109 74 128 28
2014-06-29T14:00:00Z -1 144 69 -1 33
2014-06-29T13:00:00Z 121 159 68 135 53
2014-07-11T13:00:00Z -1 64 96 -1 55
2014-07-11T12:00:00Z 141 92 91 124 47
2014-07-11T11:00:00Z 139 132 106 115 44
2014-07-11T10:00:00Z 150 157 115 117 34
2014-07-11T09:00:00Z 175 162 121 96 40
2014-07-11T08:00:00Z -1 163 117 -1 37
2014-08-26T05:00:00Z 123 65 89 95 68
2014-08-26T04:00:00Z 127 62 83 93 69
2014-08-26T03:00:00Z 134 65 76 95 72
2014-08-26T02:00:00Z 140 68 71 96 67
2014-10-15T22:00:00Z 160 162 113 146 122
2014-10-15T21:00:00Z 154 167 106 135 130
2014-10-15T20:00:00Z 140 158 103 127 128
2014-10-15T19:00:00Z -1 118 99 -1 119
2014-10-15T18:00:00Z 103 107 87 99 109
2014-11-07T01:00:00Z 122 105 100 84 64
2014-11-07T00:00:00Z -1 121 112 -1 67
2014-11-06T23:00:00Z 139 124 97 75 72
2014-11-06T22:00:00Z 164 -1 84 58 83
2014-11-06T21:00:00Z 212 116 -1 93 -1
2014-11-06T20:00:00Z 194 122 84 183 77
2014-11-12T15:00:00Z 179 55 198 86 27
2014-11-12T14:00:00Z 213 51 171 108 27
2014-11-12T13:00:00Z -1 -1 -1 -1 -1
2014-11-12T12:00:00Z 229 87 132 142 33
2014-11-12T11:00:00Z 208 134 121 165 51
2014-11-12T10:00:00Z 182 199 115 177 81
2014-11-17T13:00:00Z 120 75 109 67 71
2014-11-17T12:00:00Z 146 90 106 77 96
2014-11-17T11:00:00Z 168 110 127 103 113
2014-11-17T10:00:00Z 182 135 142 118 124
2014-11-17T09:00:00Z 194 151 149 129 138
2014-11-17T08:00:00Z 183 170 149 131 140
