2013-06-13T01:00:00Z 293.810000 1012.000000 77.000000 2.000000 130.000000 -1.000000 0.000000
2013-06-13T00:00:00Z 293.920000 1012.000000 77.000000 2.000000 140.000000 -1.000000 0.000000
2013-06-12T23:00:00Z 293.920000 1013.000000 77.000000 2.000000 150.000000 -1.000000 0.000000
2013-06-12T22:00:00Z 294.030000 1012.000000 77.000000 2.000000 150.000000 -1.000000 92.000000
2013-06-12T21:00:00Z 294.560000 1012.000000 73.000000 4.000000 110.000000 -1.000000 40.000000
2013-06-12T20:00:00Z 294.560000 1012.000000 73.000000 4.000000 110.000000 -1.000000 40.000000
2013-11-08T21:00:00Z 293.570000 1021.000000 35.000000 5.810000 146.000000 -1.000000 0.000000
2013-11-08T20:00:00Z 292.091000 1033.870000 87.000000 6.360000 156.000000 -1.000000 0.000000
2013-11-08T19:00:00Z 291.516000 1032.730000 80.000000 5.810000 146.000000 -1.000000 0.000000
2013-11-08T18:00:00Z 293.003000 1033.300000 81.000000 7.290000 150.002000 -1.000000 0.000000
2013-11-08T17:00:00Z 293.903000 1032.090000 66.000000 6.490000 147.002000 -1.000000 0.000000
2013-11-08T16:00:00Z 293.903000 1032.090000 66.000000 6.490000 147.002000 -1.000000 0.000000
2013-11-17T11:00:00Z 288.490000 1024.000000 33.000000 7.710000 316.000000 -1.000000 0.000000
2013-11-17T10:00:00Z 287.060000 1026.000000 37.000000 7.100000 315.500000 -1.000000 0.000000
2013-11-17T09:00:00Z 285.900000 1026.000000 37.000000 6.300000 313.500000 -1.000000 0.000000
2013-11-17T08:00:00Z 285.900000 1026.000000 37.000000 6.300000 313.500000 -1.000000 0.000000
2013-11-17T07:00:00Z 284.760000 1025.000000 38.000000 6.300000 313.500000 -1.000000 0.000000
2013-11-17T06:00:00Z 284.560000 1025.000000 37.000000 6.300000 313.500000 -1.000000 0.000000
2013-11-21T13:00:00Z 291.150000 1022.000000 39.000000 4.000000 150.000000 -1.000000 0.000000
2013-11-21T12:00:00Z 290.690000 1023.000000 42.000000 5.000000 140.000000 -1.000000 0.000000
2013-11-21T11:00:00Z 290.690000 1023.000000 42.000000 5.000000 140.000000 -1.000000 0.000000
2013-11-21T10:00:00Z 290.150000 1024.000000 36.000000 5.000000 120.000000 -1.000000 0.000000
2013-11-21T09:00:00Z 287.610000 1024.000000 51.000000 5.000000 120.000000 -1.000000 0.000000
2013-11-21T08:00:00Z 284.540000 1023.000000 54.000000 2.000000 80.000000 -1.000000 0.000000
2013-12-04T13:00:00Z 290.990000 1023.000000 35.000000 2.760000 100.500000 -1.000000 0.000000
2013-12-04T12:00:00Z 292.120000 1024.000000 35.000000 2.630000 85.500000 -1.000000 0.000000
2013-12-04T11:00:00Z 292.120000 1024.000000 35.000000 2.630000 85.500000 -1.000000 0.000000
2013-12-04T10:00:00Z 288.900000 1025.000000 38.000000 2.630000 85.500000 -1.000000 0.000000
2013-12-04T09:00:00Z 286.790000 1022.000000 82.000000 0.510000 115.000000 -1.000000 0.000000
2013-12-04T08:00:00Z 284.960000 1022.000000 85.000000 2.260000 80.000200 -1.000000 0.000000
2013-12-08T07:00:00Z 282.630000 1020.000000 93.000000 2.000000 140.000000 -1.000000 90.000000
2013-12-08T06:00:00Z 281.670000 1021.000000 85.000000 2.060000 135.000000 -1.000000 0.000000
2013-12-08T05:00:00Z 281.410000 1021.000000 85.000000 1.540000 135.000000 -1.000000 0.000000
2013-12-08T04:00:00Z 282.540000 1020.000000 85.000000 1.540000 135.000000 -1.000000 0.000000
2013-12-08T03:00:00Z 283.640000 1021.000000 86.000000 3.080000 45.000000 -1.000000 0.000000
2013-12-08T02:00:00Z 284.160000 1021.000000 86.000000 2.570000 135.000000 -1.000000 0.000000
2013-12-10T11:00:00Z 282.660000 1025.000000 64.000000 1.540000 0.000000 -1.000000 0.000000
2013-12-10T10:00:00Z 282.660000 1025.000000 64.000000 1.540000 0.000000 -1.000000 0.000000
2013-12-10T09:00:00Z 280.720000 1025.000000 89.000000 3.080000 135.000000 -1.000000 0.000000
2013-12-10T08:00:00Z 277.040000 1025.000000 89.000000 2.570000 315.000000 -1.000000 0.000000
2013-12-10T07:00:00Z 275.570000 1024.000000 89.000000 2.060000 45.000000 -1.000000 0.000000
2013-12-10T06:00:00Z 275.570000 1024.000000 89.000000 2.060000 45.000000 -1.000000 0.000000
2013-12-25T17:00:00Z 279.080000 1028.000000 84.000000 0.510000 45.000000 -1.000000 88.000000
2013-12-25T16:00:00Z 279.080000 1028.000000 84.000000 0.510000 45.000000 -1.000000 88.000000
2013-12-25T15:00:00Z 279.080000 1028.000000 84.000000 0.510000 45.000000 -1.000000 88.000000
2013-12-25T14:00:00Z 279.080000 1028.000000 84.000000 0.510000 45.000000 -1.000000 88.000000
2013-12-25T13:00:00Z 279.080000 1028.000000 84.000000 0.510000 45.000000 -1.000000 88.000000
2013-12-25T12:00:00Z 279.080000 1028.000000 84.000000 0.510000 45.000000 -1.000000 88.000000
2013-12-31T11:00:00Z 284.969000 1034.900000 44.000000 5.160000 259.500000 -1.000000 0.000000
2013-12-31T10:00:00Z 284.969000 1034.900000 44.000000 5.160000 259.500000 -1.000000 0.000000
2013-12-31T09:00:00Z 273.962000 1035.400000 87.000000 4.280000 257.501000 -1.000000 0.000000
2013-12-31T08:00:00Z 273.962000 1035.400000 87.000000 4.280000 257.501000 -1.000000 0.000000
2013-12-31T07:00:00Z 279.260000 1021.000000 35.000000 1.030000 218.000000 -1.000000 0.000000
2013-12-31T06:00:00Z 276.260000 1021.000000 35.000000 0.510000 286.000000 -1.000000 0.000000
2014-01-04T07:00:00Z 278.920000 1024.000000 90.000000 2.060000 338.000000 -1.000000 80.000000
2014-01-04T06:00:00Z 278.690000 1022.000000 89.000000 1.540000 45.000000 -1.000000 8.000000
2014-01-04T05:00:00Z 279.310000 1021.000000 89.000000 2.060000 315.000000 -1.000000 8.000000
2014-01-04T04:00:00Z 279.310000 1021.000000 89.000000 2.060000 315.000000 -1.000000 8.000000
2014-01-04T03:00:00Z 279.990000 1021.000000 81.000000 1.540000 45.000000 -1.000000 20.000000
2014-01-04T02:00:00Z 280.350000 1021.000000 81.000000 1.540000 135.000000 -1.000000 20.000000
2014-01-13T02:00:00Z 278.580000 1031.000000 77.000000 0.510000 353.000000 -1.000000 0.000000
2014-01-13T01:00:00Z 278.580000 1031.000000 77.000000 0.510000 353.000000 -1.000000 0.000000
2014-01-13T00:00:00Z 278.410000 1030.000000 77.000000 3.080000 58.000000 -1.000000 0.000000
2014-01-12T23:00:00Z 278.430000 1033.000000 75.000000 4.000000 350.000000 -1.000000 0.000000
2014-01-12T22:00:00Z 278.430000 1033.000000 75.000000 4.000000 350.000000 -1.000000 0.000000
2014-01-12T21:00:00Z 278.310000 1034.000000 92.000000 2.060000 180.000000 -1.000000 0.000000
2014-01-19T09:00:00Z 269.700000 1045.190000 81.000000 0.710000 181.500000 -1.000000 0.000000
2014-01-19T08:00:00Z 269.700000 1045.190000 81.000000 0.710000 181.500000 -1.000000 0.000000
2014-01-19T07:00:00Z 269.700000 1045.190000 81.000000 0.710000 181.500000 -1.000000 0.000000
2014-01-19T06:00:00Z 267.499000 1045.290000 83.000000 1.200000 41.000500 -1.000000 0.000000
2014-01-20T20:00:00Z 278.250000 1029.000000 60.000000 2.060000 139.000000 -1.000000 0.000000
2014-01-20T19:00:00Z 278.830000 1032.000000 47.000000 1.030000 90.000000 -1.000000 0.000000
2014-01-20T18:00:00Z 280.150000 1030.000000 36.000000 2.060000 338.000000 -1.000000 0.000000
2014-01-20T17:00:00Z 281.620000 1029.000000 36.000000 1.540000 315.000000 -1.000000 0.000000
2014-01-20T16:00:00Z 281.620000 1029.000000 36.000000 1.540000 315.000000 -1.000000 0.000000
2014-01-20T15:00:00Z 283.300000 1029.000000 39.000000 3.080000 315.000000 -1.000000 0.000000
2014-01-31T11:00:00Z 287.530000 1024.000000 64.000000 5.650000 315.000000 -1.000000 0.000000
2014-01-31T10:00:00Z 287.530000 1024.000000 64.000000 5.650000 315.000000 -1.000000 0.000000
2014-01-31T09:00:00Z 285.810000 1022.000000 95.000000 2.060000 22.000000 -1.000000 0.000000
2014-01-31T08:00:00Z 284.790000 1024.000000 95.000000 4.110000 90.000000 -1.000000 0.000000
2014-01-31T07:00:00Z 284.440000 1021.000000 95.000000 3.600000 135.000000 -1.000000 0.000000
2014-01-31T06:00:00Z 284.440000 1021.000000 95.000000 3.600000 135.000000 -1.000000 0.000000
2014-02-02T17:00:00Z 283.830000 1010.000000 61.000000 2.060000 90.000000 -1.000000 48.000000
2014-02-02T16:00:00Z 287.590000 1010.000000 61.000000 2.060000 135.000000 -1.000000 48.000000
2014-02-02T15:00:00Z 286.510000 1012.000000 91.000000 2.500000 127.500000 -1.000000 0.000000
2014-02-02T14:00:00Z 285.600000 1011.000000 60.000000 2.060000 202.000000 -1.000000 0.000000
2014-02-02T13:00:00Z 289.820000 1011.000000 60.000000 2.060000 135.000000 -1.000000 0.000000
2014-02-02T12:00:00Z 285.800000 1013.000000 71.000000 1.030000 45.000000 -1.000000 0.000000
2014-03-10T23:00:00Z 280.610000 1028.000000 75.000000 4.000000 130.000000 -1.000000 0.000000
2014-03-10T22:00:00Z 281.070000 1028.000000 70.000000 5.000000 130.000000 -1.000000 0.000000
2014-03-10T21:00:00Z 281.610000 1028.000000 66.000000 4.000000 120.000000 -1.000000 0.000000
2014-03-10T20:00:00Z 281.610000 1028.000000 66.000000 4.000000 120.000000 -1.000000 0.000000
2014-03-10T19:00:00Z 282.540000 1027.000000 53.000000 4.000000 130.000000 -1.000000 0.000000
2014-03-10T18:00:00Z 283.540000 1026.000000 50.000000 4.000000 140.000000 -1.000000 24.000000
2014-03-18T00:00:00Z 289.220000 1016.000000 83.000000 1.210000 184.502000 -1.000000 8.000000
2014-03-17T23:00:00Z 290.100000 1014.000000 77.000000 1.540000 206.000000 -1.000000 8.000000
2014-03-17T22:00:00Z 290.100000 1014.000000 77.000000 1.540000 206.000000 -1.000000 8.000000
2014-03-17T21:00:00Z 291.600000 1016.000000 83.000000 1.210000 184.502000 -1.000000 8.000000
2014-03-19T06:00:00Z 284.090000 1012.000000 88.000000 2.060000 256.000000 1.500000 92.000000
2014-03-19T05:00:00Z 284.130000 1013.000000 89.000000 1.030000 251.000000 1.500000 92.000000
2014-03-19T04:00:00Z 284.130000 1013.000000 89.000000 1.030000 251.000000 1.500000 92.000000
2014-03-19T03:00:00Z 284.170000 1015.000000 89.000000 5.220000 73.503500 -1.000000 48.000000
2014-03-19T02:00:00Z 284.170000 1015.000000 89.000000 5.220000 73.503500 -1.000000 48.000000
2014-03-19T01:00:00Z 284.470000 1016.000000 66.000000 5.000000 70.000000 -1.000000 0.000000
2014-04-18T04:00:00Z 289.710000 1015.000000 97.000000 3.820000 9.001340 0.000000 8.000000
2014-04-18T03:00:00Z 289.840000 1014.000000 91.000000 2.060000 315.000000 0.000000 0.000000
2014-04-18T02:00:00Z 289.840000 1014.000000 91.000000 2.060000 315.000000 0.000000 0.000000
2014-04-18T01:00:00Z 290.380000 1015.000000 98.000000 2.060000 270.000000 0.000000 92.000000
2014-04-18T00:00:00Z 290.710000 1014.000000 98.000000 1.520000 67.000200 0.000000 8.000000
2014-04-17T23:00:00Z 290.710000 1014.000000 98.000000 1.520000 67.000200 0.000000 8.000000
2014-05-14T18:00:00Z 300.718000 1010.370000 57.000000 2.970000 178.001000 0.000000 92.000000
2014-05-14T17:00:00Z 300.718000 1010.370000 57.000000 2.970000 178.001000 0.000000 92.000000
2014-05-14T16:00:00Z 300.718000 1010.370000 57.000000 2.970000 178.001000 0.000000 92.000000
2014-05-14T15:00:00Z 302.037000 1011.730000 58.000000 3.470000 176.010000 0.000000 64.000000
2014-05-14T14:00:00Z 302.037000 1011.730000 58.000000 3.470000 176.010000 0.000000 64.000000
2014-05-14T13:00:00Z 299.435000 1014.810000 61.000000 3.510000 172.500000 0.000000 24.000000
2014-05-22T04:00:00Z 292.712000 1021.490000 82.000000 5.110000 156.500000 -1.000000 92.000000
2014-05-22T03:00:00Z 293.084000 1021.820000 78.000000 4.400000 132.508000 -1.000000 92.000000
2014-05-22T02:00:00Z 294.090000 1008.000000 68.000000 3.000000 120.000000 -1.000000 92.000000
2014-05-22T01:00:00Z 293.084000 1021.820000 78.000000 4.400000 132.508000 -1.000000 92.000000
2014-05-22T00:00:00Z 294.090000 1008.000000 68.000000 4.000000 150.000000 -1.000000 92.000000
2014-05-21T23:00:00Z 294.020000 1009.000000 60.000000 5.000000 140.000000 -1.000000 92.000000
2014-05-25T19:00:00Z 296.999000 1017.870000 96.000000 3.350000 233.000000 1.000000 92.000000
2014-05-25T18:00:00Z 299.178000 1016.910000 90.000000 5.210000 233.001000 0.000000 92.000000
2014-05-25T17:00:00Z 299.178000 1016.910000 90.000000 5.210000 233.001000 0.000000 92.000000
2014-05-25T16:00:00Z 299.730000 1004.000000 87.000000 1.540000 319.000000 0.500000 44.000000
2014-05-25T15:00:00Z 302.231000 1017.640000 68.000000 3.860000 221.001000 -1.000000 92.000000
2014-05-25T14:00:00Z 302.231000 1017.640000 68.000000 3.860000 221.001000 -1.000000 92.000000
2014-05-27T11:00:00Z 303.530000 1007.000000 44.000000 6.680000 270.000000 -1.000000 0.000000
2014-05-27T10:00:00Z 301.660000 1006.000000 58.000000 5.140000 270.000000 0.000000 0.000000
2014-05-27T09:00:00Z 299.090000 1004.000000 63.000000 1.540000 264.000000 0.000000 80.000000
2014-05-27T08:00:00Z 297.070000 1004.000000 75.000000 1.540000 177.000000 0.000000 80.000000
2014-05-27T07:00:00Z 294.960000 1007.000000 63.000000 3.970000 249.502000 0.000000 100.000000
2014-05-27T06:00:00Z 294.730000 1006.000000 83.000000 2.000000 180.000000 0.000000 100.000000
2014-06-28T20:00:00Z 296.610000 1007.000000 83.000000 4.000000 190.000000 0.000000 92.000000
2014-06-28T19:00:00Z 298.060000 1006.000000 69.000000 4.000000 190.000000 0.500000 92.000000
2014-06-28T18:00:00Z 298.610000 1005.000000 74.000000 3.000000 190.000000 0.000000 92.000000
2014-06-28T17:00:00Z 299.090000 1005.000000 69.000000 4.000000 190.000000 0.000000 92.000000
2014-06-28T16:00:00Z 300.070000 1005.000000 65.000000 6.000000 190.000000 0.000000 92.000000
2014-06-28T15:00:00Z 300.560000 1006.000000 62.000000 5.000000 190.000000 0.000000 88.000000
2014-06-29T18:00:00Z 299.560000 1006.000000 58.000000 4.000000 190.000000 0.000000 64.000000
2014-06-29T17:00:00Z 299.560000 1006.000000 58.000000 4.000000 190.000000 0.000000 64.000000
2014-06-29T16:00:00Z 302.050000 1006.000000 48.000000 3.000000 240.000000 0.000000 64.000000
2014-06-29T15:00:00Z 301.970000 1006.000000 48.000000 4.000000 210.000000 0.000000 64.000000
2014-06-29T14:00:00Z 301.530000 1007.000000 48.000000 2.000000 0.000000 0.000000 64.000000
2014-06-29T13:00:00Z 301.530000 1007.000000 48.000000 2.000000 0.000000 0.000000 64.000000
2014-07-11T13:00:00Z 299.700000 1003.000000 94.000000 7.000000 20.000000 7.000000 40.000000
2014-07-11T12:00:00Z 305.540000 1002.000000 59.000000 2.000000 240.000000 1.000000 44.000000
2014-07-11T11:00:00Z 305.540000 1002.000000 59.000000 2.000000 240.000000 1.000000 44.000000
2014-07-11T10:00:00Z 306.610000 1003.000000 59.000000 3.000000 270.000000 -1.000000 48.000000
2014-07-11T09:00:00Z 305.080000 1003.000000 63.000000 2.000000 240.000000 -1.000000 48.000000
2014-07-11T08:00:00Z 303.100000 1003.000000 66.000000 2.000000 230.000000 -1.000000 76.000000
2014-08-26T05:00:00Z 299.120000 1013.000000 94.000000 2.000000 350.000000 -1.000000 48.000000
2014-08-26T04:00:00Z 299.270000 1013.000000 88.000000 2.220000 38.001000 -1.000000 48.000000
2014-08-26T03:00:00Z 299.270000 1013.000000 88.000000 1.000000 0.000000 -1.000000 8.000000
2014-08-26T02:00:00Z 299.950000 1013.000000 78.000000 2.000000 40.000000 -1.000000 8.000000
2014-10-15T22:00:00Z 290.100000 1021.000000 55.000000 3.000000 130.000000 -1.000000 44.000000
2014-10-15T21:00:00Z 290.050000 1020.000000 42.000000 1.000000 0.000000 -1.000000 12.000000
2014-10-15T20:00:00Z 290.050000 1020.000000 42.000000 1.000000 0.000000 -1.000000 12.000000
2014-10-15T19:00:00Z 290.040000 1019.000000 45.000000 2.000000 220.000000 -1.000000 12.000000
2014-10-15T18:00:00Z 292.100000 1019.000000 42.000000 3.000000 250.000000 -1.000000 12.000000
2014-11-07T01:00:00Z 288.150000 1025.000000 87.000000 4.000000 360.000000 -1.000000 0.000000
2014-11-07T00:00:00Z 288.150000 1025.000000 87.000000 4.000000 360.000000 -1.000000 0.000000
2014-11-06T23:00:00Z 288.150000 1025.000000 87.000000 3.000000 360.000000 -1.000000 0.000000
2014-11-06T22:00:00Z 288.150000 1025.000000 87.000000 3.000000 360.000000 -1.000000 0.000000
2014-11-06T21:00:00Z 289.620000 1024.000000 77.000000 4.000000 20.000000 -1.000000 8.000000
2014-11-06T20:00:00Z 289.620000 1024.000000 77.000000 4.000000 20.000000 -1.000000 8.000000
2014-11-12T15:00:00Z 290.620000 1021.000000 45.000000 5.000000 330.000000 -1.000000 32.000000
2014-11-12T14:00:00Z 290.620000 1021.000000 45.000000 5.000000 330.000000 -1.000000 32.000000
2014-11-12T13:00:00Z 290.620000 1021.000000 55.000000 5.000000 10.000000 -1.000000 32.000000
2014-11-12T12:00:00Z 290.630000 1022.000000 55.000000 5.000000 360.000000 -1.000000 32.000000
2014-11-12T11:00:00Z 290.150000 1022.000000 63.000000 5.000000 330.000000 -1.000000 0.000000
2014-11-12T10:00:00Z 290.150000 1022.000000 63.000000 5.000000 330.000000 -1.000000 0.000000
2014-11-17T13:00:00Z 287.620000 1028.000000 47.000000 6.000000 10.000000 -1.000000 20.000000
2014-11-17T12:00:00Z 287.620000 1028.000000 47.000000 6.000000 10.000000 -1.000000 20.000000
2014-11-17T11:00:00Z 287.150000 1029.000000 58.000000 6.000000 350.000000 -1.000000 36.000000
2014-11-17T10:00:00Z 286.150000 1029.000000 66.000000 5.000000 350.000000 -1.000000 36.000000
2014-11-17T09:00:00Z 286.150000 1029.000000 66.000000 5.000000 350.000000 -1.000000 36.000000
2014-11-17T08:00:00Z 284.150000 1028.000000 62.000000 5.000000 350.000000 -1.000000 0.000000
