2013-06-13T01:00:00 0 0 0 0 0
2013-06-13T00:00:00 0 0 0 0 0
2013-06-12T23:00:00 0 0 0 0 0
2013-06-12T22:00:00 0 0 0 0 0
2013-06-12T21:00:00 0 0 0 0 0
2013-06-12T20:00:00 0 0 0 0 0
2013-11-08T21:00:00 0.63497089213 0.36502910787 2 0 2
2013-11-08T20:00:00 0.621979360968 0.378020639032 1 0 1
2013-11-08T19:00:00 0 0 0 0 0
2013-11-08T18:00:00 0 0 0 0 0
2013-11-08T17:00:00 0 0 0 0 0
2013-11-08T16:00:00 0 0 0 0 0
2013-11-17T11:00:00 0.769206265469 0.230793734531 1 0 1
2013-11-17T10:00:00 0 0 0 0 0
2013-11-17T09:00:00 0 0 0 0 0
2013-11-17T08:00:00 0 0 0 0 0
2013-11-17T07:00:00 0 0 0 0 0
2013-11-17T06:00:00 0 0 0 0 0
2013-11-21T13:00:00 0.828116507899 0.171883492101 1 0 1
2013-11-21T12:00:00 0.828116507899 0.171883492101 1 0 1
2013-11-21T11:00:00 0.828116507899 0.171883492101 1 0 1
2013-11-21T10:00:00 0.828116507899 0.171883492101 1 0 1
2013-11-21T09:00:00 0 0 0 0 0
2013-11-21T08:00:00 0 0 0 0 0
2013-12-04T13:00:00 0.798568632366 0.201431367634 7 0 7
2013-12-04T12:00:00 0.775515114157 0.224484885843 6 0 6
2013-12-04T11:00:00 0.775515114157 0.224484885843 6 0 6
2013-12-04T10:00:00 0.782684096857 0.217315903143 4 0 4
2013-12-04T09:00:00 0.782684096857 0.217315903143 4 0 4
2013-12-04T08:00:00 0.653220065603 0.346779934397 1 0 1
2013-12-08T07:00:00 0 0 0 0 0
2013-12-08T06:00:00 0 0 0 0 0
2013-12-08T05:00:00 0 0 0 0 0
2013-12-08T04:00:00 0 0 0 0 0
2013-12-08T03:00:00 0 0 0 0 0
2013-12-08T02:00:00 0 0 0 0 0
2013-12-10T11:00:00 0.758116461953 0.241883538047 10 0 10
2013-12-10T10:00:00 0.784503024827 0.215496975173 7 0 7
2013-12-10T09:00:00 0.712089451983 0.287910548017 4 0 4
2013-12-10T08:00:00 0.793324267309 0.206675732691 1 0 1
2013-12-10T07:00:00 0 0 0 0 0
2013-12-10T06:00:00 0 0 0 0 0
2013-12-25T17:00:00 0.733807081564 0.266192918436 1 0 1
2013-12-25T16:00:00 0.733807081564 0.266192918436 1 0 1
2013-12-25T15:00:00 0.0 0.0 0 0 0
2013-12-25T14:00:00 0.711156866646 0.288843133354 1 0 1
2013-12-25T13:00:00 0.711156866646 0.288843133354 1 0 1
2013-12-25T12:00:00 0.711156866646 0.288843133354 1 0 1
2013-12-31T11:00:00 0.707636365888 0.292363634112 3 0 3
2013-12-31T10:00:00 0.707636365888 0.292363634112 3 0 3
2013-12-31T09:00:00 0.699491442645 0.300508557355 2 0 2
2013-12-31T08:00:00 0.781256802687 0.218743197313 1 0 1
2013-12-31T07:00:00 0 0 0 0 0
2013-12-31T06:00:00 0 0 0 0 0
2014-01-04T07:00:00 0.0 0.0 0 0 0
2014-01-04T06:00:00 0.0 0.0 0 0 0
2014-01-04T05:00:00 0.0 0.0 0 0 0
2014-01-04T04:00:00 0.0 0.0 0 0 0
2014-01-04T03:00:00 0.0 0.0 0 0 0
2014-01-04T02:00:00 0 0 0 0 0
2014-01-13T02:00:00 0 0 0 0 0
2014-01-13T01:00:00 0 0 0 0 0
2014-01-13T00:00:00 0 0 0 0 0
2014-01-12T23:00:00 0.76930641649 0.23069358351 1 0 1
2014-01-12T22:00:00 0.76930641649 0.23069358351 1 0 1
2014-01-12T21:00:00 0.76930641649 0.23069358351 1 0 1
2014-01-19T09:00:00 0 0 0 0 0
2014-01-19T08:00:00 0 0 0 0 0
2014-01-19T07:00:00 0 0 0 0 0
2014-01-19T06:00:00 0.0 0.0 0 0 0
2014-01-20T20:00:00 0.75363010025 0.24636989975 2 0 2
2014-01-20T19:00:00 0.789914678924 0.210085321076 1 0 1
2014-01-20T18:00:00 0.789914678924 0.210085321076 1 0 1
2014-01-20T17:00:00 0.789914678924 0.210085321076 1 0 1
2014-01-20T16:00:00 0.789914678924 0.210085321076 1 0 1
2014-01-20T15:00:00 0.789914678924 0.210085321076 1 0 1
2014-01-31T11:00:00 0.80747856945 0.19252143055 2 0 2
2014-01-31T10:00:00 0.755724877571 0.244275122429 1 0 1
2014-01-31T09:00:00 0 0 0 0 0
2014-01-31T08:00:00 0 0 0 0 0
2014-01-31T07:00:00 0 0 0 0 0
2014-01-31T06:00:00 0 0 0 0 0
2014-02-02T17:00:00 0.814598741553 0.185401258447 10 0 10
2014-02-02T16:00:00 0.825845213632 0.174154786368 7 0 7
2014-02-02T15:00:00 0.780554308957 0.219445691043 10 1 11
2014-02-02T14:00:00 0.805905880859 0.194094119141 12 1 13
2014-02-02T13:00:00 0.806297588837 0.193702411163 12 1 13
2014-02-02T12:00:00 0.794006611989 0.205993388011 11 1 12
2014-03-10T23:00:00 0.760454908734 0.239545091266 3 1 4
2014-03-10T22:00:00 0.760454908734 0.239545091266 3 1 4
2014-03-10T21:00:00 0.760454908734 0.239545091266 3 1 4
2014-03-10T20:00:00 0.624382993331 0.375617006669 1 1 2
2014-03-10T19:00:00 0.624382993331 0.375617006669 1 1 2
2014-03-10T18:00:00 0.861070702372 0.138929297628 1 0 1
2014-03-18T00:00:00 0.898980221997 0.101019778003 2 0 2
2014-03-17T23:00:00 0.874523303717 0.125476696283 5 0 5
2014-03-17T22:00:00 0.858354938552 0.141645061448 6 0 6
2014-03-17T21:00:00 0.858354938552 0.141645061448 6 0 6
2014-03-19T06:00:00 0 0 0 0 0
2014-03-19T05:00:00 0 0 0 0 0
2014-03-19T04:00:00 0 0 0 0 0
2014-03-19T03:00:00 0 0 0 0 0
2014-03-19T02:00:00 0.0 0.0 0 0 0
2014-03-19T01:00:00 0.703299421424 0.296700578576 1 0 1
2014-04-18T04:00:00 0.394726175128 0.605273824872 1 2 3
2014-04-18T03:00:00 0.512672548598 0.487327451402 2 2 4
2014-04-18T02:00:00 0.512672548598 0.487327451402 2 2 4
2014-04-18T01:00:00 0.512672548598 0.487327451402 2 2 4
2014-04-18T00:00:00 0.512672548598 0.487327451402 2 2 4
2014-04-17T23:00:00 0.799556148949 0.200443851051 3 0 3
2014-05-14T18:00:00 0 0 0 0 0
2014-05-14T17:00:00 0 0 0 0 0
2014-05-14T16:00:00 0 0 0 0 0
2014-05-14T15:00:00 0 0 0 0 0
2014-05-14T14:00:00 0 0 0 0 0
2014-05-14T13:00:00 0 0 0 0 0
2014-05-22T04:00:00 0 0 0 0 0
2014-05-22T03:00:00 0.717575921146 0.282424078854 1 0 1
2014-05-22T02:00:00 0.717575921146 0.282424078854 1 0 1
2014-05-22T01:00:00 0.717575921146 0.282424078854 1 0 1
2014-05-22T00:00:00 0.746255129571 0.253744870429 2 0 2
2014-05-21T23:00:00 0.746255129571 0.253744870429 2 0 2
2014-05-25T19:00:00 0.69225047412 0.30774952588 2 0 2
2014-05-25T18:00:00 0.69225047412 0.30774952588 2 0 2
2014-05-25T17:00:00 0.790570974348 0.209429025652 2 0 2
2014-05-25T16:00:00 0.741058819495 0.258941180505 3 0 3
2014-05-25T15:00:00 0.764011930354 0.235988069647 2 0 2
2014-05-25T14:00:00 0.764011930354 0.235988069647 2 0 2
2014-05-27T11:00:00 0 0 0 0 0
2014-05-27T10:00:00 0 0 0 0 0
2014-05-27T09:00:00 0 0 0 0 0
2014-05-27T08:00:00 0 0 0 0 0
2014-05-27T07:00:00 0 0 0 0 0
2014-05-27T06:00:00 0 0 0 0 0
2014-06-28T20:00:00 0.936889741622 0.0631102583782 1 0 1
2014-06-28T19:00:00 0.0 0.0 0 0 0
2014-06-28T18:00:00 0.0 0.0 0 0 0
2014-06-28T17:00:00 0.663737408762 0.336262591238 2 0 2
2014-06-28T16:00:00 0.663737408762 0.336262591238 2 0 2
2014-06-28T15:00:00 0.663737408762 0.336262591238 2 0 2
2014-06-29T18:00:00 0.874703688936 0.125296311064 3 0 3
2014-06-29T17:00:00 0.874703688936 0.125296311064 3 0 3
2014-06-29T16:00:00 0.827596680033 0.172403319967 1 0 1
2014-06-29T15:00:00 0.7947384154 0.2052615846 3 0 3
2014-06-29T14:00:00 0.787456088368 0.212543911632 3 0 3
2014-06-29T13:00:00 0.809538267039 0.190461732962 4 0 4
2014-07-11T13:00:00 0.833705947179 0.166294052821 8 0 8
2014-07-11T12:00:00 0.833705947179 0.166294052821 8 0 8
2014-07-11T11:00:00 0.798121457363 0.201878542637 5 0 5
2014-07-11T10:00:00 0.790494459379 0.209505540622 4 0 4
2014-07-11T09:00:00 0.77688862472 0.22311137528 2 0 2
2014-07-11T08:00:00 0.77688862472 0.22311137528 2 0 2
2014-08-26T05:00:00 0 0 0 0 0
2014-08-26T04:00:00 0 0 0 0 0
2014-08-26T03:00:00 0 0 0 0 0
2014-08-26T02:00:00 0 0 0 0 0
2014-10-15T22:00:00 0.936889741622 0.0631102583782 3 0 3
2014-10-15T21:00:00 0.936889741622 0.0631102583782 3 0 3
2014-10-15T20:00:00 0.936889741622 0.0631102583782 3 0 3
2014-10-15T19:00:00 0.876622096657 0.123377903343 4 0 4
2014-10-15T18:00:00 0.856532881668 0.143467118332 3 0 3
2014-11-07T01:00:00 0 0 0 0 0
2014-11-07T00:00:00 0 0 0 0 0
2014-11-06T23:00:00 0 0 0 0 0
2014-11-06T22:00:00 0 0 0 0 0
2014-11-06T21:00:00 0 0 0 0 0
2014-11-06T20:00:00 0.257234340159 0.742765659841 0 1 1
2014-11-12T15:00:00 0 0 0 0 0
2014-11-12T14:00:00 0 0 0 0 0
2014-11-12T13:00:00 0 0 0 0 0
2014-11-12T12:00:00 0 0 0 0 0
2014-11-12T11:00:00 0 0 0 0 0
2014-11-12T10:00:00 0 0 0 0 0
2014-11-17T13:00:00 0 0 0 0 0
2014-11-17T12:00:00 0 0 0 0 0
2014-11-17T11:00:00 0 0 0 0 0
2014-11-17T10:00:00 0 0 0 0 0
2014-11-17T09:00:00 0 0 0 0 0
2014-11-17T08:00:00 0 0 0 0 0
