2013-06-11T11:00:00 0 0 0 0 0
2013-06-11T12:00:00 0 0 0 0 0
2013-06-11T13:00:00 0 0 0 0 0
2013-06-11T14:00:00 0 0 0 0 0
2013-06-11T15:00:00 0 0 0 0 0
2013-06-11T16:00:00 0 0 0 0 0
2013-06-11T17:00:00 0 0 0 0 0
2013-06-11T18:00:00 0 0 0 0 0
2013-06-11T19:00:00 0 0 0 0 0
2013-06-11T20:00:00 0 0 0 0 0
2013-06-11T21:00:00 0 0 0 0 0
2013-06-11T22:00:00 0 0 0 0 0
2013-06-11T23:00:00 0 0 0 0 0
2013-06-12T00:00:00 0 0 0 0 0
2013-06-12T01:00:00 0 0 0 0 0
2013-06-12T02:00:00 0 0 0 0 0
2013-06-12T03:00:00 0 0 0 0 0
2013-06-12T04:00:00 0 0 0 0 0
2013-06-12T05:00:00 0 0 0 0 0
2013-06-12T06:00:00 0 0 0 0 0
2013-06-12T07:00:00 0 0 0 0 0
2013-06-12T08:00:00 0 0 0 0 0
2013-06-12T09:00:00 0 0 0 0 0
2013-06-12T10:00:00 0 0 0 0 0
2013-06-12T11:00:00 0 0 0 0 0
2013-08-19T00:00:00 0.819650049543 0.180349950457 19 0 19
2013-08-19T01:00:00 0.806504212313 0.193495787687 15 0 15
2013-08-19T02:00:00 0.811466271682 0.188533728318 9 0 9
2013-08-19T03:00:00 0.813712759279 0.186287240721 4 0 4
2013-08-19T04:00:00 0.694585036435 0.305414963565 1 0 1
2013-08-19T05:00:00 0.694585036435 0.305414963565 1 0 1
2013-08-19T06:00:00 0.694585036435 0.305414963565 1 0 1
2013-08-19T07:00:00 0.936889741622 0.0631102583782 1 0 1
2013-08-19T08:00:00 0.878040663562 0.121959336438 4 0 4
2013-08-19T09:00:00 0.869303771186 0.130696228814 5 0 5
2013-08-19T10:00:00 0.869303771186 0.130696228814 5 0 5
2013-08-19T11:00:00 0.869303771186 0.130696228814 5 0 5
2013-08-19T14:00:00 0.834356201684 0.165643798316 1 0 1
2013-08-19T15:00:00 0 0 0 0 0
2013-08-19T16:00:00 0 0 0 0 0
2013-08-19T17:00:00 0 0 0 0 0
2013-08-19T18:00:00 0 0 0 0 0
2013-08-19T19:00:00 0 0 0 0 0
2013-08-19T20:00:00 0.769243018662 0.230756981338 1 0 1
2013-08-19T21:00:00 0.769243018662 0.230756981338 1 0 1
2013-08-19T22:00:00 0.853066380142 0.146933619858 2 0 2
2013-08-19T23:00:00 0.853066380142 0.146933619858 2 0 2
2013-08-30T00:00:00 0.826871932211 0.173128067789 1 0 1
2013-08-30T01:00:00 0 0 0 0 0
2013-08-30T02:00:00 0 0 0 0 0
2013-08-30T03:00:00 0 0 0 0 0
2013-08-30T04:00:00 0 0 0 0 0
2013-08-30T05:00:00 0 0 0 0 0
2013-08-30T06:00:00 0 0 0 0 0
2013-08-30T07:00:00 0 0 0 0 0
2013-08-30T08:00:00 0 0 0 0 0
2013-08-30T09:00:00 0 0 0 0 0
2013-08-30T10:00:00 0 0 0 0 0
2013-08-30T11:00:00 0 0 0 0 0
2013-08-30T12:00:00 0 0 0 0 0
2013-08-30T13:00:00 0 0 0 0 0
2013-08-30T14:00:00 0 0 0 0 0
2013-08-30T15:00:00 0.752309423275 0.247690576725 2 0 2
2013-08-30T16:00:00 0.752309423275 0.247690576725 2 0 2
2013-08-30T17:00:00 0.752309423275 0.247690576725 2 0 2
2013-08-30T18:00:00 0.784319128248 0.215680871752 3 0 3
2013-08-30T19:00:00 0.784319128248 0.215680871752 3 0 3
2013-08-30T20:00:00 0.784319128248 0.215680871752 3 0 3
2013-08-30T21:00:00 0.867158362977 0.132841637023 2 0 2
2013-08-30T22:00:00 0.867158362977 0.132841637023 2 0 2
2013-08-30T23:00:00 0.867158362977 0.132841637023 2 0 2
2013-08-31T00:00:00 0.885978187758 0.114021812242 1 0 1
2013-08-31T01:00:00 0.885978187758 0.114021812242 1 0 1
2013-08-31T02:00:00 0.885978187758 0.114021812242 1 0 1
2013-08-31T03:00:00 0.0 0.0 0 0 0
2013-08-31T04:00:00 0.0 0.0 0 0 0
2013-08-31T05:00:00 0.0 0.0 0 0 0
2013-08-31T06:00:00 0.0 0.0 0 0 0
2013-08-31T07:00:00 0 0 0 0 0
2013-08-31T08:00:00 0 0 0 0 0
2013-08-31T09:00:00 0.660968354597 0.339031645403 1 0 1
2013-08-31T10:00:00 0.750161682163 0.249838317837 2 0 2
2013-08-31T11:00:00 0.750161682163 0.249838317837 2 0 2
2013-08-31T12:00:00 0.750161682163 0.249838317837 2 0 2
2013-08-31T13:00:00 0.750161682163 0.249838317837 2 0 2
2013-08-31T14:00:00 0.755816846892 0.244183153108 3 0 3
2013-08-31T15:00:00 0.781191507093 0.218808492907 3 0 3
2013-08-31T16:00:00 0.752109755775 0.247890244225 2 0 2
2013-08-31T17:00:00 0.711873741039 0.288126258961 3 0 3
2013-08-31T18:00:00 0.74771590518 0.25228409482 4 0 4
2013-08-31T19:00:00 0.766179646474 0.233820353526 5 0 5
2013-08-31T20:00:00 0.765942764005 0.234057235995 4 0 4
2013-08-31T21:00:00 0.775559573606 0.224440426394 3 0 3
2013-08-31T22:00:00 0.775559573606 0.224440426394 3 0 3
2013-08-31T23:00:00 0.862116526196 0.137883473804 3 0 3
2013-09-01T00:00:00 0.865553590492 0.134446409508 2 0 2
2013-09-01T01:00:00 0.891072569337 0.108927430663 1 0 1
2013-09-01T02:00:00 0.891072569337 0.108927430663 1 0 1
2013-09-01T03:00:00 0.891072569337 0.108927430663 1 0 1
2013-09-01T04:00:00 0.891072569337 0.108927430663 1 0 1
2013-09-01T05:00:00 0.757828159652 0.242171840348 1 0 1
2013-09-01T06:00:00 0.757828159652 0.242171840348 1 0 1
2013-09-01T07:00:00 0.757828159652 0.242171840348 1 0 1
2013-09-01T08:00:00 0.757828159652 0.242171840348 1 0 1
2013-09-01T09:00:00 0.757828159652 0.242171840348 1 0 1
2013-09-01T10:00:00 0.757828159652 0.242171840348 1 0 1
2013-09-01T11:00:00 0 0 0 0 0
2013-09-01T12:00:00 0 0 0 0 0
2013-09-01T13:00:00 0 0 0 0 0
2013-09-01T14:00:00 0 0 0 0 0
2013-09-01T15:00:00 0.822442501241 0.177557498759 1 0 1
2013-09-01T16:00:00 0.822442501241 0.177557498759 1 0 1
2013-09-01T17:00:00 0.822442501241 0.177557498759 1 0 1
2013-09-01T18:00:00 0.795922821848 0.204077178152 2 0 2
2013-09-01T19:00:00 0.793949326528 0.206050673472 3 0 3
2013-09-01T20:00:00 0.793949326528 0.206050673472 3 0 3
2013-09-01T21:00:00 0.779702739171 0.220297260829 2 0 2
2013-09-01T22:00:00 0.779702739171 0.220297260829 2 0 2
2013-09-01T23:00:00 0.779702739171 0.220297260829 2 0 2
2013-09-06T00:00:00 0.736193269333 0.263806730667 1 0 1
2013-09-06T01:00:00 0.736193269333 0.263806730667 1 0 1
2013-09-06T02:00:00 0.736193269333 0.263806730667 1 0 1
2013-09-06T03:00:00 0.736193269333 0.263806730667 1 0 1
2013-09-06T04:00:00 0 0 0 0 0
2013-09-06T05:00:00 0 0 0 0 0
2013-09-06T06:00:00 0 0 0 0 0
2013-09-06T07:00:00 0 0 0 0 0
2013-09-06T08:00:00 0 0 0 0 0
2013-09-06T09:00:00 0 0 0 0 0
2013-09-06T10:00:00 0.935005598915 0.0649944010849 1 0 1
2013-09-06T11:00:00 0.935005598915 0.0649944010849 1 0 1
2013-09-06T12:00:00 0.935005598915 0.0649944010849 1 0 1
2013-09-06T13:00:00 0.935005598915 0.0649944010849 1 0 1
2013-09-06T14:00:00 0.935005598915 0.0649944010849 1 0 1
2013-09-06T15:00:00 0.935005598915 0.0649944010849 1 0 1
2013-09-06T16:00:00 0.745043346039 0.254956653961 1 0 1
2013-09-06T17:00:00 0.856737087284 0.143262912716 3 0 3
2013-09-06T18:00:00 0.856737087284 0.143262912716 3 0 3
2013-09-06T19:00:00 0.856737087284 0.143262912716 3 0 3
2013-09-06T20:00:00 0.815956123224 0.184043876776 6 0 6
2013-09-06T21:00:00 0.846166028262 0.153833971738 8 0 8
2013-09-06T22:00:00 0.860612125722 0.139387874278 7 0 7
2013-09-06T23:00:00 0.839823392849 0.160176607151 5 0 5
2013-10-15T00:00:00 0.936889741622 0.0631102583782 2 0 2
2013-10-15T01:00:00 0.936889741622 0.0631102583782 1 0 1
2013-10-15T02:00:00 0.936889741622 0.0631102583782 1 0 1
2013-10-15T03:00:00 0.936889741622 0.0631102583782 1 0 1
2013-10-15T04:00:00 0.936889741622 0.0631102583782 1 0 1
2013-10-15T05:00:00 0 0 0 0 0
2013-10-15T06:00:00 0 0 0 0 0
2013-10-15T07:00:00 0 0 0 0 0
2013-10-15T08:00:00 0 0 0 0 0
2013-10-15T09:00:00 0 0 0 0 0
2013-10-15T10:00:00 0 0 0 0 0
2013-10-15T11:00:00 0 0 0 0 0
2013-10-15T12:00:00 0 0 0 0 0
2013-10-15T13:00:00 0 0 0 0 0
2013-10-15T14:00:00 0 0 0 0 0
2013-10-15T15:00:00 0 0 0 0 0
2013-10-15T16:00:00 0 0 0 0 0
2013-10-15T17:00:00 0.865108464092 0.134891535908 2 0 2
2013-11-26T18:00:00 0.762448474878 0.237551525122 19 2 21
2013-11-26T19:00:00 0.772250324568 0.227749675432 25 1 26
2013-11-26T20:00:00 0.767799900238 0.232200099762 23 1 24
2013-11-26T21:00:00 0.766075033216 0.233924966784 21 0 21
2013-11-26T22:00:00 0.751783832278 0.248216167722 19 0 19
2013-11-26T23:00:00 0.757279660959 0.242720339041 20 0 20
2013-11-27T00:00:00 0.747122166812 0.252877833188 18 0 18
2013-11-27T01:00:00 0.752245068421 0.247754931579 11 0 11
2013-11-27T02:00:00 0.765893841946 0.234106158054 7 0 7
2013-11-27T03:00:00 0.767385348822 0.232614651178 6 0 6
2013-11-27T04:00:00 0.771899909712 0.228100090288 5 0 5
2013-11-27T05:00:00 0.749449785664 0.250550214336 4 0 4
2013-11-27T06:00:00 0.746555777476 0.253444222524 3 0 3
2013-11-27T07:00:00 0.757568226517 0.242431773483 3 0 3
2013-11-27T08:00:00 0.714770532168 0.285229467832 6 1 7
2013-11-27T09:00:00 0.684381024353 0.315618975647 9 1 10
2013-11-27T10:00:00 0.712418015682 0.287581984318 14 1 15
2013-11-27T11:00:00 0.726466500811 0.273533499189 19 1 20
2013-11-27T12:00:00 0.733826107282 0.266173892718 23 1 24
2013-11-27T13:00:00 0.734934462735 0.265065537265 23 1 24
2013-11-27T14:00:00 0.761784710775 0.238215289225 26 0 26
2013-11-27T15:00:00 0.778832221092 0.221167778908 26 0 26
2013-11-27T16:00:00 0.775653018958 0.224346981042 28 0 28
2013-11-27T17:00:00 0.771470325671 0.228529674329 27 0 27
2013-11-27T18:00:00 0.786498936286 0.213501063714 29 0 29
2013-11-27T19:00:00 0.7916011249 0.2083988751 58 0 58
2013-11-27T20:00:00 0.778702084821 0.221297915179 58 1 59
2013-11-27T21:00:00 0.776017846898 0.223982153102 56 1 57
2013-11-27T22:00:00 0.778337679353 0.221662320647 50 1 51
2013-11-27T23:00:00 0.779350802026 0.220649197974 47 1 48
2013-12-29T00:00:00 0.738218021428 0.261781978572 2 0 2
2013-12-29T01:00:00 0.738218021428 0.261781978572 2 0 2
2013-12-29T02:00:00 0.738218021428 0.261781978572 2 0 2
2013-12-29T03:00:00 0.652576087357 0.347423912643 1 0 1
2013-12-29T04:00:00 0.652576087357 0.347423912643 1 0 1
2013-12-29T05:00:00 0.0 0.0 0 0 0
2013-12-29T06:00:00 0.0 0.0 0 0 0
2013-12-29T07:00:00 0.0 0.0 0 0 0
2013-12-29T08:00:00 0.23100760205 0.76899239795 0 1 1
2013-12-29T09:00:00 0.23100760205 0.76899239795 0 1 1
2013-12-29T10:00:00 0.529818525676 0.470181474324 1 1 2
2013-12-29T11:00:00 0.561235723145 0.438764276855 2 1 3
2013-12-29T12:00:00 0.561235723145 0.438764276855 2 1 3
2013-12-29T13:00:00 0.561235723145 0.438764276855 2 1 3
2013-12-29T14:00:00 0.746183077462 0.253816922538 3 0 3
2013-12-29T15:00:00 0.724881838383 0.275118161617 4 0 4
2013-12-29T16:00:00 0.690299301411 0.309700698589 3 0 3
2013-12-29T17:00:00 0.734299441206 0.265700558794 3 0 3
2013-12-29T18:00:00 0.734299441206 0.265700558794 3 0 3
2013-12-29T19:00:00 0.756689569779 0.243310430221 4 0 4
2013-12-29T20:00:00 0.746969538039 0.253030461961 3 0 3
2013-12-29T21:00:00 0.789965246485 0.210034753515 2 0 2
2013-12-29T22:00:00 0.844573267996 0.155426732004 3 0 3
2013-12-29T23:00:00 0.888824633259 0.111175366741 2 0 2
2014-02-09T17:00:00 0.819633760813 0.180366239187 12 0 12
2014-02-09T18:00:00 0.823389963792 0.176610036208 11 0 11
2014-02-09T19:00:00 0.834710421253 0.165289578747 14 0 14
2014-02-09T20:00:00 0.840227059311 0.159772940689 13 0 13
2014-02-09T21:00:00 0.833005846661 0.166994153339 12 0 12
2014-02-09T22:00:00 0.81602822353 0.18397177647 12 0 12
2014-02-09T23:00:00 0.830509976194 0.169490023806 7 0 7
2014-06-03T11:00:00 0.801831155698 0.198168844302 3 0 3
2014-06-03T12:00:00 0.801831155698 0.198168844302 3 0 3
2014-06-03T13:00:00 0.801831155698 0.198168844302 3 0 3
2014-06-03T14:00:00 0.827486825171 0.172513174829 2 0 2
2014-06-03T15:00:00 0 0 0 0 0
2014-06-03T16:00:00 0 0 0 0 0
2014-06-03T17:00:00 0 0 0 0 0
2014-06-03T18:00:00 0.688472384005 0.311527615995 1 0 1
2014-06-03T19:00:00 0.688472384005 0.311527615995 1 0 1
2014-06-03T20:00:00 0.688472384005 0.311527615995 1 0 1
2014-06-03T21:00:00 0.688472384005 0.311527615995 1 0 1
2014-06-03T22:00:00 0.539090247217 0.460909752783 1 1 2
2014-06-03T23:00:00 0.539090247217 0.460909752783 1 1 2
2014-06-08T22:00:00 0.802848532264 0.197151467736 4 0 4
2014-06-08T23:00:00 0.802848532264 0.197151467736 4 0 4
2014-06-09T00:00:00 0.831491352992 0.168508647008 3 0 3
2014-06-09T01:00:00 0.806102212553 0.193897787447 1 0 1
2014-06-09T02:00:00 0 0 0 0 0
2014-06-09T03:00:00 0 0 0 0 0
2014-06-09T04:00:00 0 0 0 0 0
2014-06-09T05:00:00 0 0 0 0 0
2014-06-09T06:00:00 0 0 0 0 0
2014-06-09T07:00:00 0 0 0 0 0
2014-06-09T08:00:00 0.834505105845 0.165494894155 1 0 1
2014-06-09T09:00:00 0.813099014268 0.186900985732 2 0 2
2014-06-09T10:00:00 0.813099014268 0.186900985732 2 0 2
2014-06-09T11:00:00 0.76704019782 0.23295980218 3 0 3
2014-06-09T12:00:00 0.76704019782 0.23295980218 3 0 3
2014-06-09T13:00:00 0.76704019782 0.23295980218 3 0 3
2014-06-09T14:00:00 0.733307743808 0.266692256192 2 0 2
2014-06-09T15:00:00 0.674922564925 0.325077435075 1 0 1
2014-07-12T00:00:00 0.547436197868 0.452563802132 2 1 3
2014-07-12T01:00:00 0.697953025153 0.302046974847 6 1 7
2014-07-12T02:00:00 0.697953025153 0.302046974847 6 1 7
2014-07-12T03:00:00 0.777947539789 0.222052460211 6 0 6
2014-07-12T04:00:00 0.810840645617 0.189159354383 4 0 4
2014-07-12T05:00:00 0.810840645617 0.189159354383 4 0 4
2014-07-12T06:00:00 0.810840645617 0.189159354383 4 0 4
2014-07-12T07:00:00 0.0 0.0 0 0 0
2014-07-12T08:00:00 0.0 0.0 0 0 0
2014-07-12T09:00:00 0.733531405266 0.266468594734 3 0 3
2014-07-12T10:00:00 0.765634284934 0.234365715066 4 0 4
2014-07-12T11:00:00 0.811124325158 0.188875674842 8 0 8
2014-07-12T12:00:00 0.836277408451 0.163722591549 10 0 10
2014-07-12T13:00:00 0.836277408451 0.163722591549 10 0 10
2014-07-12T17:00:00 0.825044209052 0.174955790948 4 0 4
2014-07-12T18:00:00 0.715501917902 0.284498082098 5 0 5
2014-07-12T19:00:00 0.715501917902 0.284498082098 5 0 5
2014-07-12T20:00:00 0.729310501605 0.270689498395 6 0 6
2014-07-12T21:00:00 0.729310501605 0.270689498395 6 0 6
2014-07-12T22:00:00 0.682328270391 0.317671729609 6 1 7
2014-07-12T23:00:00 0.668590278688 0.331409721312 5 1 6
2014-07-23T21:00:00 0.697800334061 0.302199665939 1 0 1
2014-07-23T22:00:00 0.817345037841 0.182654962159 2 0 2
2014-07-23T23:00:00 0.817345037841 0.182654962159 2 0 2
2014-07-24T00:00:00 0.817345037841 0.182654962159 2 0 2
2014-07-24T01:00:00 0.817345037841 0.182654962159 2 0 2
2014-07-24T02:00:00 0.817345037841 0.182654962159 2 0 2
2014-07-24T03:00:00 0.936889741622 0.0631102583782 1 0 1
2014-07-24T14:00:00 0.936889741622 0.0631102583782 1 0 1
2014-07-24T15:00:00 0 0 0 0 0
2014-07-24T16:00:00 0 0 0 0 0
2014-07-24T17:00:00 0 0 0 0 0
2014-07-24T18:00:00 0.853992148627 0.146007851373 1 0 1
2014-07-24T19:00:00 0.853992148627 0.146007851373 1 0 1
2014-07-24T20:00:00 0.73918213867 0.26081786133 2 0 2
2014-07-24T21:00:00 0.73918213867 0.26081786133 2 0 2
2014-07-24T22:00:00 0.73918213867 0.26081786133 2 0 2
2014-07-24T23:00:00 0.73918213867 0.26081786133 2 0 2
2014-08-06T11:00:00 0.758748991293 0.241251008706 2 0 2
2014-08-06T12:00:00 0.758748991293 0.241251008706 2 0 2
2014-08-06T13:00:00 0.758748991293 0.241251008706 2 0 2
2014-08-06T14:00:00 0.758748991293 0.241251008706 2 0 2
2014-08-06T15:00:00 0.754563368488 0.245436631512 1 0 1
2014-08-06T16:00:00 0.0 0.0 0 0 0
2014-08-06T17:00:00 0 0 0 0 0
2014-08-06T18:00:00 0 0 0 0 0
2014-08-06T19:00:00 0 0 0 0 0
2014-08-06T20:00:00 0 0 0 0 0
2014-08-06T21:00:00 0 0 0 0 0
2014-08-06T22:00:00 0.674076898127 0.325923101873 1 0 1
2014-08-06T23:00:00 0.674076898127 0.325923101873 1 0 1
2014-08-07T00:00:00 0.674076898127 0.325923101873 1 0 1
2014-08-07T01:00:00 0.674076898127 0.325923101873 1 0 1
2014-08-07T02:00:00 0.674076898127 0.325923101873 1 0 1
2014-08-07T03:00:00 0.674076898127 0.325923101873 1 0 1
2014-08-07T04:00:00 0 0 0 0 0
2014-08-07T05:00:00 0 0 0 0 0
2014-08-11T00:00:00 0.813946065023 0.186053934977 3 0 3
2014-08-11T01:00:00 0.859240002265 0.140759997735 2 0 2
2014-08-11T02:00:00 0.859240002265 0.140759997735 2 0 2
2014-08-11T03:00:00 0.812248944507 0.187751055493 1 0 1
2014-08-11T04:00:00 0 0 0 0 0
2014-08-11T05:00:00 0 0 0 0 0
2014-08-11T06:00:00 0 0 0 0 0
2014-08-11T07:00:00 0.719506481308 0.280493518692 2 0 2
2014-08-11T08:00:00 0.719506481308 0.280493518692 2 0 2
2014-08-11T09:00:00 0.8004983477 0.1995016523 7 0 7
2014-08-11T10:00:00 0.785798976205 0.214201023795 9 0 9
2014-08-11T14:00:00 0.828182920213 0.171817079787 12 0 12
2014-08-11T15:00:00 0.808902464868 0.191097535132 8 0 8
2014-08-11T16:00:00 0.832933533591 0.167066466409 7 0 7
2014-08-11T17:00:00 0.804212175225 0.195787824775 5 0 5
2014-08-11T18:00:00 0.735200628922 0.264799371078 7 0 7
2014-08-11T19:00:00 0.705574100519 0.294425899481 7 1 8
2014-08-11T20:00:00 0.688756719185 0.311243280815 7 1 8
2014-08-11T21:00:00 0.687507657973 0.312492342027 6 1 7
2014-08-11T22:00:00 0.664089372946 0.335910627054 5 1 6
2014-08-11T23:00:00 0.663570724125 0.336429275875 6 1 7
2014-08-12T00:00:00 0.64569045023 0.35430954977 3 1 4
2014-08-12T01:00:00 0.731404761073 0.268595238927 2 0 2
2014-08-12T08:00:00 0.54593660397 0.45406339603 2 1 3
2014-08-12T09:00:00 0.573191751332 0.426808248668 3 1 4
2014-08-12T10:00:00 0.573191751332 0.426808248668 3 1 4
2014-08-12T11:00:00 0.694424414762 0.305575585238 5 1 6
2014-08-12T12:00:00 0.694424414762 0.305575585238 5 1 6
2014-08-12T13:00:00 0.785671334686 0.214328665314 5 0 5
2014-08-12T14:00:00 0.842912225554 0.157087774446 3 0 3
2014-08-12T15:00:00 0.879511901283 0.120488098717 3 0 3
2014-08-12T16:00:00 0.83161240709 0.16838759291 5 0 5
2014-08-12T17:00:00 0.761427517402 0.238572482598 3 0 3
2014-08-12T18:00:00 0.761427517402 0.238572482598 3 0 3
2014-08-12T19:00:00 0.745942307909 0.254057692091 4 0 4
2014-08-12T20:00:00 0.745942307909 0.254057692091 4 0 4
2014-08-12T21:00:00 0.70711048043 0.29288951957 4 0 4
2014-08-12T22:00:00 0.709028585553 0.290971414447 3 0 3
2014-08-12T23:00:00 0.734356159741 0.265643840259 4 0 4
2014-08-13T09:00:00 0.936889741622 0.0631102583782 2 0 2
2014-08-13T10:00:00 0.936889741622 0.0631102583782 2 0 2
2014-08-13T11:00:00 0.899213146248 0.100786853752 3 0 3
2014-08-13T12:00:00 0.838521620843 0.161478379157 4 0 4
2014-08-13T13:00:00 0.838521620843 0.161478379157 4 0 4
2014-08-13T14:00:00 0.80573224725 0.19426775275 3 0 3
2014-08-13T15:00:00 0.740153500064 0.259846499936 2 0 2
2014-08-13T16:00:00 0.740153500064 0.259846499936 2 0 2
2014-08-13T17:00:00 0.656447044628 0.343552955372 1 0 1
2014-08-13T18:00:00 0 0 0 0 0
2014-08-13T19:00:00 0.0 0.0 0 0 0
2014-08-13T20:00:00 0.0 0.0 0 0 0
2014-08-13T21:00:00 0.0 0.0 0 0 0
2014-08-13T22:00:00 0.0 0.0 0 0 0
2014-08-13T23:00:00 0.832379742765 0.167620257235 1 0 1
2014-08-14T00:00:00 0.832379742765 0.167620257235 1 0 1
2014-08-14T01:00:00 0.832379742765 0.167620257235 1 0 1
2014-08-14T02:00:00 0.832379742765 0.167620257235 1 0 1
2014-08-14T03:00:00 0.832379742765 0.167620257235 1 0 1
2014-08-14T04:00:00 0.832379742765 0.167620257235 1 0 1
2014-08-14T05:00:00 0 0 0 0 0
2014-08-14T06:00:00 0 0 0 0 0
2014-08-14T07:00:00 0 0 0 0 0
2014-08-14T08:00:00 0 0 0 0 0
2014-08-14T09:00:00 0 0 0 0 0
2014-08-14T10:00:00 0 0 0 0 0
2014-08-14T11:00:00 0 0 0 0 0
2014-08-14T12:00:00 0.699486679428 0.300513320572 1 0 1
2014-08-14T13:00:00 0.699486679428 0.300513320572 1 0 1
2014-08-14T14:00:00 0.699486679428 0.300513320572 1 0 1
2014-08-14T15:00:00 0.699486679428 0.300513320572 1 0 1
2014-08-14T16:00:00 0.699486679428 0.300513320572 1 0 1
2014-08-14T17:00:00 0.786148700986 0.213851299014 2 0 2
2014-08-14T18:00:00 0.872810722544 0.127189277456 1 0 1
2014-08-14T19:00:00 0.852042635252 0.147957364748 5 0 5
2014-08-14T20:00:00 0.856031979191 0.143968020809 8 0 8
2014-08-14T21:00:00 0.830948171387 0.169051828613 9 0 9
2014-08-14T22:00:00 0.830948171387 0.169051828613 9 0 9
2014-08-14T23:00:00 0.825715352492 0.174284647508 8 0 8
2014-08-15T00:00:00 0.825715352492 0.174284647508 8 0 8
2014-08-15T01:00:00 0.804580091555 0.195419908445 4 0 4
2014-08-15T02:00:00 0.630277708953 0.369722291047 1 0 1
2014-08-15T03:00:00 0 0 0 0 0
2014-08-15T04:00:00 0 0 0 0 0
2014-08-15T05:00:00 0 0 0 0 0
2014-08-15T06:00:00 0 0 0 0 0
2014-08-15T07:00:00 0 0 0 0 0
2014-08-15T08:00:00 0.678151927794 0.321848072206 2 1 3
2014-08-15T09:00:00 0.701779854852 0.298220145148 3 1 4
2014-08-15T10:00:00 0.736749243132 0.263250756868 4 1 5
2014-08-24T15:00:00 0.787620466935 0.212379533065 6 0 6
2014-08-24T16:00:00 0.797401574327 0.202598425673 5 0 5
2014-08-24T17:00:00 0.747402302404 0.252597697596 11 0 11
2014-08-24T18:00:00 0.754916201582 0.245083798418 15 0 15
2014-08-24T19:00:00 0.746201252148 0.253798747852 19 0 19
2014-08-24T20:00:00 0.731334103572 0.268665896428 20 1 21
2014-08-24T21:00:00 0.731950417542 0.268049582458 20 1 21
2014-08-24T22:00:00 0.731512061024 0.268487938976 22 1 23
2014-08-24T23:00:00 0.742375806922 0.257624193078 18 1 19
2014-08-25T00:00:00 0.746711672558 0.253288327442 18 1 19
2014-08-25T01:00:00 0.7555627341 0.2444372659 14 1 15
2014-08-25T02:00:00 0.779079069318 0.220920930682 12 0 12
2014-08-26T12:00:00 0.664920942594 0.335079057406 3 1 4
2014-08-26T13:00:00 0.75814772383 0.24185227617 3 0 3
2014-08-26T14:00:00 0.738125375368 0.261874624632 1 0 1
2014-08-26T17:00:00 0.877164236448 0.122835763553 2 0 2
2014-08-26T18:00:00 0.877164236448 0.122835763553 2 0 2
2014-08-26T19:00:00 0.877164236448 0.122835763553 2 0 2
2014-08-26T20:00:00 0.805387030542 0.194612969458 3 0 3
2014-08-26T21:00:00 0.805387030542 0.194612969458 3 0 3
2014-08-26T22:00:00 0.805387030542 0.194612969458 3 0 3
2014-08-26T23:00:00 0.641306869462 0.358693130538 2 0 2
2014-08-27T00:00:00 0.641306869462 0.358693130538 2 0 2
2014-08-27T01:00:00 0.641306869462 0.358693130538 2 0 2
2014-08-27T02:00:00 0.620781120192 0.379218879808 1 0 1
2014-08-27T03:00:00 0.620781120192 0.379218879808 1 0 1
2014-08-27T04:00:00 0.620781120192 0.379218879808 1 0 1
2014-08-27T05:00:00 0.0 0.0 0 0 0
2014-08-27T06:00:00 0.0 0.0 0 0 0
2014-08-27T07:00:00 0.79336917922 0.20663082078 2 0 2
2014-08-27T08:00:00 0.785601871276 0.214398128724 3 0 3
2014-08-27T09:00:00 0.785601871276 0.214398128724 3 0 3
2014-08-27T10:00:00 0.785601871276 0.214398128724 3 0 3
2014-08-27T17:00:00 0.741585960072 0.258414039928 3 0 3
2014-08-27T18:00:00 0.790411905459 0.209588094541 4 0 4
2014-08-27T19:00:00 0.798618121879 0.201381878121 4 0 4
2014-08-27T20:00:00 0.801486777767 0.198513222233 5 0 5
2014-08-27T21:00:00 0.820254660184 0.179745339816 4 0 4
2014-08-27T22:00:00 0.7867308299 0.2132691701 5 0 5
2014-08-27T23:00:00 0.772913341419 0.227086658581 4 0 4
2014-08-28T00:00:00 0.718254541352 0.281745458648 3 0 3
2014-08-28T01:00:00 0.732798455041 0.267201544959 2 0 2
2014-08-28T02:00:00 0.658927026824 0.341072973176 2 0 2
2014-08-28T03:00:00 0.658927026824 0.341072973176 2 0 2
2014-08-28T04:00:00 0.665218544883 0.334781455117 1 0 1
2014-08-28T05:00:00 0.665218544883 0.334781455117 1 0 1
2014-09-08T16:00:00 0.632522905995 0.367477094005 4 2 6
2014-09-08T17:00:00 0.660491067247 0.339508932753 6 2 8
2014-09-08T18:00:00 0.705319802236 0.294680197764 8 2 10
2014-09-08T19:00:00 0.802255894197 0.197744105803 9 0 9
2014-09-08T20:00:00 0.821105254935 0.178894745065 8 0 8
2014-09-08T21:00:00 0.821105254935 0.178894745065 8 0 8
2014-09-08T22:00:00 0.793188192421 0.206811807579 5 0 5
2014-09-08T23:00:00 0.789395893872 0.210604106128 4 0 4
2014-09-09T00:00:00 0.69415704555 0.305842954449 2 0 2
2014-09-09T01:00:00 0.68043371539 0.31956628461 1 0 1
2014-09-09T02:00:00 0.68043371539 0.31956628461 1 0 1
2014-09-09T03:00:00 0.68043371539 0.31956628461 1 0 1
2014-09-09T04:00:00 0.68043371539 0.31956628461 1 0 1
2014-09-09T05:00:00 0 0 0 0 0
2014-09-09T06:00:00 0.756036900578 0.243963099422 1 0 1
2014-09-09T07:00:00 0.789948428039 0.210051571961 2 0 2
2014-09-09T08:00:00 0.75101391298 0.24898608702 6 0 6
2014-09-09T09:00:00 0.759588494417 0.240411505583 10 0 10
2014-09-09T10:00:00 0.753491081186 0.246508918814 11 0 11
2014-09-09T11:00:00 0.753491081186 0.246508918814 11 0 11
2014-09-09T12:00:00 0.769932248554 0.230067751446 11 0 11
2014-09-02T12:00:00 0.725814391374 0.274185608626 14 1 15
2014-09-02T13:00:00 0.726452704753 0.273547295247 16 1 17
2014-09-02T14:00:00 0.747831730745 0.252168269255 14 0 14
2014-09-02T15:00:00 0.76075288849 0.23924711151 7 0 7
2014-09-02T16:00:00 0.779704055774 0.220295944226 4 0 4
2014-09-02T17:00:00 0.662046610148 0.337953389852 4 1 5
2014-09-02T18:00:00 0.671411755974 0.328588244025 5 1 6
2014-09-02T19:00:00 0.708155568169 0.291844431831 6 1 7
2014-09-02T20:00:00 0.668373482532 0.331626517468 6 2 8
2014-09-02T21:00:00 0.642199526746 0.357800473254 6 2 8
2014-09-02T22:00:00 0.642199526746 0.357800473254 6 2 8
2014-09-02T23:00:00 0.702014260904 0.297985739096 7 1 8
2014-09-03T00:00:00 0.675714565432 0.324285434568 6 1 7
2014-09-03T01:00:00 0.584725851623 0.415274148377 3 1 4
2014-09-03T02:00:00 0.649668174472 0.350331825528 3 0 3
2014-09-03T03:00:00 0.638338462735 0.361661537265 2 0 2
2014-09-03T04:00:00 0.638338462735 0.361661537265 2 0 2
2014-09-03T05:00:00 0.606742224566 0.393257775434 1 0 1
2014-09-03T06:00:00 0 0 0 0 0
2014-09-03T07:00:00 0.702395560477 0.297604439523 2 0 2
2014-09-03T08:00:00 0.724138372334 0.275861627666 3 0 3
2014-09-03T09:00:00 0.777326214656 0.222673785344 4 0 4
2014-09-03T10:00:00 0.707182284321 0.292817715679 6 1 7
2014-09-03T13:00:00 0.700256908294 0.299743091706 5 1 6
2014-09-03T14:00:00 0.710788319384 0.289211680616 5 1 6
2014-09-03T15:00:00 0.665568034937 0.334431965063 4 1 5
2014-09-03T16:00:00 0.74343452153 0.25656547847 2 0 2
2014-09-03T17:00:00 0.710405313668 0.289594686332 3 0 3
2014-09-03T18:00:00 0.710405313668 0.289594686332 3 0 3
2014-09-03T19:00:00 0.769206368553 0.230793631447 4 0 4
2014-09-03T20:00:00 0.761569633168 0.238430366832 4 0 4
2014-09-03T21:00:00 0.756858812445 0.243141187555 5 0 5
2014-09-03T22:00:00 0.756858812445 0.243141187555 5 0 5
2014-09-03T23:00:00 0.794465381409 0.205534618591 5 0 5
2014-09-12T06:00:00 0 0 0 0 0
2014-09-12T07:00:00 0.936889741622 0.0631102583782 1 0 1
2014-09-12T08:00:00 0.936889741622 0.0631102583782 1 0 1
2014-09-12T09:00:00 0.936889741622 0.0631102583782 1 0 1
2014-09-12T10:00:00 0.936889741622 0.0631102583782 1 0 1
2014-09-12T11:00:00 0.936889741622 0.0631102583782 1 0 1
2014-09-12T12:00:00 0.936889741622 0.0631102583782 1 0 1
2014-09-12T13:00:00 0 0 0 0 0
2014-09-12T14:00:00 0 0 0 0 0
2014-09-12T15:00:00 0 0 0 0 0
2014-09-12T16:00:00 0 0 0 0 0
2014-09-12T17:00:00 0 0 0 0 0
2014-09-12T18:00:00 0 0 0 0 0
2014-09-12T19:00:00 0 0 0 0 0
2014-09-12T20:00:00 0 0 0 0 0
2014-09-12T21:00:00 0 0 0 0 0
2014-09-12T22:00:00 0.820527977572 0.179472022428 1 0 1
2014-09-12T23:00:00 0.820527977572 0.179472022428 1 0 1
2014-09-13T00:00:00 0.820527977572 0.179472022428 1 0 1
2014-09-13T01:00:00 0.833646497746 0.166353502254 2 0 2
2014-09-13T02:00:00 0.833646497746 0.166353502254 2 0 2
2014-09-13T03:00:00 0.833646497746 0.166353502254 2 0 2
2014-09-13T04:00:00 0.84676501792 0.15323498208 1 0 1
2014-09-13T05:00:00 0.84676501792 0.15323498208 1 0 1
2014-09-13T06:00:00 0.84676501792 0.15323498208 1 0 1
2014-09-13T07:00:00 0 0 0 0 0
2014-09-13T08:00:00 0.814330354204 0.185669645797 2 0 2
2014-09-13T09:00:00 0.814330354204 0.185669645797 2 0 2
2014-09-13T10:00:00 0.814330354204 0.185669645797 2 0 2
2014-09-14T08:00:00 0.122809771253 0.877190228747 0 1 1
2014-09-14T09:00:00 0.122809771253 0.877190228747 0 1 1
2014-09-14T10:00:00 0.122809771253 0.877190228747 0 1 1
2014-09-14T11:00:00 0.122809771253 0.877190228747 0 1 1
2014-09-14T12:00:00 0.122809771253 0.877190228747 0 1 1
2014-09-14T13:00:00 0.122809771253 0.877190228747 0 1 1
2014-09-14T14:00:00 0.340318453903 0.659681546097 0 1 1
2014-09-14T15:00:00 0.340318453903 0.659681546097 0 1 1
2014-09-14T16:00:00 0.635337494975 0.364662505025 2 1 3
2014-09-14T17:00:00 0.662721657628 0.337278342372 3 1 4
2014-09-14T18:00:00 0.662721657628 0.337278342372 3 1 4
2014-09-14T19:00:00 0.662721657628 0.337278342372 3 1 4
2014-09-14T20:00:00 0.770189392204 0.229810607796 3 0 3
2014-09-14T21:00:00 0.770189392204 0.229810607796 3 0 3
2014-09-14T22:00:00 0.744874145589 0.255125854411 1 0 1
2014-09-14T23:00:00 0 0 0 0 0
2014-09-15T00:00:00 0 0 0 0 0
2014-09-15T01:00:00 0.647072322148 0.352927677852 1 0 1
2014-09-15T02:00:00 0.647072322148 0.352927677852 1 0 1
2014-09-15T03:00:00 0.647072322148 0.352927677852 1 0 1
2014-09-15T04:00:00 0.754436475304 0.245563524696 3 0 3
2014-09-15T05:00:00 0.754436475304 0.245563524696 3 0 3
2014-09-15T06:00:00 0.754436475304 0.245563524696 3 0 3
2014-09-15T07:00:00 0.808118551881 0.191881448119 2 0 2
2014-09-15T08:00:00 0.712653907379 0.287346092621 3 1 4
2014-09-15T09:00:00 0.707159189838 0.292840810162 5 1 6
2014-09-15T10:00:00 0.656679508816 0.343320491184 3 1 4
2014-09-15T11:00:00 0.652280418012 0.347719581988 4 1 5
2014-09-15T12:00:00 0.672223196033 0.327776803967 5 1 6
2014-09-15T13:00:00 0.672223196033 0.327776803967 5 1 6
2014-09-15T14:00:00 0.729672738911 0.270327261089 5 0 5
2014-09-15T15:00:00 0.752008061682 0.247991938318 3 0 3
2014-09-15T16:00:00 0.752008061682 0.247991938318 3 0 3
2014-09-15T17:00:00 0.810670065125 0.189329934875 2 0 2
2014-09-15T18:00:00 0.849403044109 0.150596955891 1 0 1
2014-09-15T19:00:00 0.737305637315 0.262694362685 3 0 3
2014-09-15T20:00:00 0.681256933918 0.318743066082 2 0 2
2014-09-15T21:00:00 0.681256933918 0.318743066082 2 0 2
2014-09-15T22:00:00 0.681256933918 0.318743066082 2 0 2
2014-09-15T23:00:00 0.681256933918 0.318743066082 2 0 2
2014-09-16T00:00:00 0.681256933918 0.318743066082 2 0 2
2014-09-16T01:00:00 0.0 0.0 0 0 0
2014-09-16T02:00:00 0.0 0.0 0 0 0
2014-09-16T03:00:00 0.0 0.0 0 0 0
2014-09-16T04:00:00 0.0 0.0 0 0 0
2014-09-16T05:00:00 0 0 0 0 0
2014-09-16T06:00:00 0 0 0 0 0
2014-09-16T07:00:00 0.824199561871 0.175800438129 2 0 2
2014-09-16T08:00:00 0.813276775748 0.186723224252 3 0 3
2014-09-16T09:00:00 0.729402227016 0.270597772984 7 1 8
2014-09-16T10:00:00 0.729402227016 0.270597772984 7 1 8
2014-09-16T11:00:00 0.71801702545 0.28198297455 8 1 9
2014-09-16T12:00:00 0.71801702545 0.28198297455 8 1 9
2014-09-16T13:00:00 0.687679157901 0.312320842099 6 1 7
2014-09-16T14:00:00 0.670387150301 0.329612849699 5 1 6
2014-09-16T15:00:00 0.734801995099 0.265198004901 2 0 2
2014-09-16T16:00:00 0.734801995099 0.265198004901 2 0 2
2014-09-16T17:00:00 0.842668577278 0.157331422722 1 0 1
2014-09-16T18:00:00 0.842668577278 0.157331422722 1 0 1
2014-09-16T19:00:00 0.842668577278 0.157331422722 1 0 1
2014-09-16T20:00:00 0.842668577278 0.157331422722 1 0 1
2014-09-16T21:00:00 0 0 0 0 0
2014-09-16T22:00:00 0 0 0 0 0
2014-09-16T23:00:00 0 0 0 0 0
2014-09-17T00:00:00 0 0 0 0 0
2014-09-17T01:00:00 0 0 0 0 0
2014-09-17T02:00:00 0 0 0 0 0
2014-09-17T03:00:00 0 0 0 0 0
2014-09-17T04:00:00 0 0 0 0 0
2014-09-17T05:00:00 0 0 0 0 0
2014-09-17T06:00:00 0 0 0 0 0
2014-09-17T07:00:00 0 0 0 0 0
2014-09-17T08:00:00 0.728320074289 0.271679925711 2 0 2
2014-09-17T09:00:00 0.639445140163 0.360554859837 4 1 5
2014-09-17T10:00:00 0.706996735399 0.293003264601 6 1 7
2014-09-17T11:00:00 0.725280707581 0.274719292419 7 1 8
2014-09-17T12:00:00 0.73395415555 0.26604584445 8 1 9
2014-09-17T13:00:00 0.73395415555 0.26604584445 8 1 9
2014-09-17T14:00:00 0.735563893054 0.264436106946 6 1 7
2014-10-12T16:00:00 0.72422281229 0.27577718771 4 0 4
2014-10-12T19:00:00 0.732040732388 0.267959267612 9 0 9
2014-10-12T20:00:00 0.734668151994 0.265331848006 15 1 16
2014-10-12T21:00:00 0.731708280472 0.268291719528 16 1 17
2014-10-12T22:00:00 0.734215861393 0.265784138607 15 1 16
2014-10-12T23:00:00 0.739572493543 0.260427506457 14 1 15
2014-10-13T00:00:00 0.731443358068 0.268556641932 12 1 13
2014-10-13T01:00:00 0.72895044502 0.27104955498 8 1 9
2014-10-13T02:00:00 0.697115082381 0.302884917619 2 0 2
2014-10-13T03:00:00 0.709879828642 0.290120171358 1 0 1
2014-10-13T04:00:00 0.0 0.0 0 0 0
2014-10-13T05:00:00 0.0 0.0 0 0 0
2014-10-13T06:00:00 0.0 0.0 0 0 0
2014-10-13T07:00:00 0 0 0 0 0
2014-10-13T08:00:00 0.730761513163 0.269238486838 2 0 2
2014-10-13T09:00:00 0.799439069133 0.200560930867 11 0 11
2014-10-13T10:00:00 0.780830272867 0.219169727133 14 0 14
2014-10-13T11:00:00 0.777212157013 0.222787842987 15 0 15
2014-10-13T12:00:00 0.73015784694 0.26984215306 16 1 17
2014-10-13T13:00:00 0.73015784694 0.26984215306 16 1 17
2014-10-13T14:00:00 0.730077358111 0.269922641889 14 1 15
2014-10-13T15:00:00 0.645435274018 0.354564725983 7 1 8
2014-10-13T16:00:00 0.605137626492 0.394862373508 4 1 5
2014-10-13T17:00:00 0.57478239935 0.42521760065 3 1 4
2014-10-13T18:00:00 0.738178726576 0.261821273424 3 0 3
2014-10-13T19:00:00 0.753094994838 0.246905005162 6 0 6
2014-10-13T20:00:00 0.779351387236 0.220648612764 7 0 7
2014-10-13T21:00:00 0.782166231208 0.217833768792 5 0 5
2014-10-13T22:00:00 0.807953482944 0.192046517056 6 0 6
2014-10-13T23:00:00 0.789018210594 0.210981789406 7 0 7
2014-10-14T00:00:00 0.80886997484 0.19113002516 6 0 6
2014-10-14T01:00:00 0.849728686579 0.150271313421 3 0 3
2014-10-14T02:00:00 0.806148159057 0.193851840943 2 0 2
2014-10-14T03:00:00 0.806148159057 0.193851840943 2 0 2
2014-10-14T04:00:00 0.675406576492 0.324593423508 1 0 1
2014-10-14T05:00:00 0.0 0.0 0 0 0
2014-10-14T06:00:00 0.0 0.0 0 0 0
2014-10-14T07:00:00 0.0 0.0 0 0 0
2014-10-14T08:00:00 0.0 0.0 0 0 0
2014-10-14T09:00:00 0.584121778105 0.415878221895 2 2 4
2014-10-14T10:00:00 0.622117735334 0.377882264666 4 2 6
2014-10-14T11:00:00 0.622117735334 0.377882264666 4 2 6
2014-10-14T12:00:00 0.622117735334 0.377882264666 4 2 6
2014-10-14T13:00:00 0.622117735334 0.377882264666 4 2 6
2014-10-14T14:00:00 0.622117735334 0.377882264666 4 2 6
2014-10-14T15:00:00 0.698109649793 0.301890350207 2 0 2
2014-10-14T16:00:00 0.0 0.0 0 0 0
2014-10-14T17:00:00 0.0 0.0 0 0 0
2014-10-14T18:00:00 0.0 0.0 0 0 0
2014-10-14T19:00:00 0.845724126099 0.154275873901 3 0 3
2014-10-14T20:00:00 0.856936067413 0.143063932587 5 0 5
2014-10-14T21:00:00 0.84336862202 0.15663137798 6 0 6
2014-10-14T22:00:00 0.847930128395 0.152069871605 7 0 7
2014-10-14T23:00:00 0.847930128395 0.152069871605 7 0 7
2014-11-02T00:00:00 0 0 0 0 0
2014-11-02T01:00:00 0 0 0 0 0
2014-11-02T02:00:00 0 0 0 0 0
2014-11-02T03:00:00 0 0 0 0 0
2014-11-02T04:00:00 0 0 0 0 0
2014-11-02T05:00:00 0 0 0 0 0
2014-11-02T06:00:00 0 0 0 0 0
2014-11-02T07:00:00 0 0 0 0 0
2014-11-02T08:00:00 0 0 0 0 0
2014-11-02T09:00:00 0 0 0 0 0
2014-11-02T10:00:00 0 0 0 0 0
2014-11-02T11:00:00 0 0 0 0 0
2014-11-02T12:00:00 0 0 0 0 0
2014-11-02T13:00:00 0 0 0 0 0
2014-11-02T14:00:00 0 0 0 0 0
2014-11-02T15:00:00 0 0 0 0 0
2014-11-02T16:00:00 0 0 0 0 0
2014-11-02T17:00:00 0 0 0 0 0
2014-11-02T18:00:00 0 0 0 0 0
2014-11-02T19:00:00 0 0 0 0 0
2014-11-02T20:00:00 0 0 0 0 0
2014-11-02T21:00:00 0 0 0 0 0
2014-11-02T22:00:00 0 0 0 0 0
2014-11-02T23:00:00 0 0 0 0 0
