2013-06-01T15:00:00 0 0 0 0 0
2013-06-01T16:00:00 0 0 0 0 0
2013-06-01T17:00:00 0 0 0 0 0
2013-06-01T18:00:00 0 0 0 0 0
2013-06-01T19:00:00 0 0 0 0 0
2013-06-01T20:00:00 0 0 0 0 0
2013-06-01T21:00:00 0 0 0 0 0
2013-06-01T22:00:00 0 0 0 0 0
2013-06-01T23:00:00 0 0 0 0 0
2013-06-02T00:00:00 0 0 0 0 0
2013-06-02T01:00:00 0 0 0 0 0
2013-06-02T02:00:00 0 0 0 0 0
2013-06-02T03:00:00 0 0 0 0 0
2013-06-02T04:00:00 0 0 0 0 0
2013-06-02T05:00:00 0 0 0 0 0
2013-06-02T06:00:00 0 0 0 0 0
2013-06-02T07:00:00 0 0 0 0 0
2013-06-02T08:00:00 0 0 0 0 0
2013-06-02T09:00:00 0 0 0 0 0
2013-06-02T10:00:00 0 0 0 0 0
2013-06-02T11:00:00 0 0 0 0 0
2013-06-02T12:00:00 0 0 0 0 0
2013-06-02T13:00:00 0 0 0 0 0
2013-06-02T14:00:00 0 0 0 0 0
2013-06-05T07:00:00 0 0 0 0 0
2013-06-05T08:00:00 0 0 0 0 0
2013-06-05T09:00:00 0 0 0 0 0
2013-06-05T10:00:00 0 0 0 0 0
2013-06-05T11:00:00 0 0 0 0 0
2013-06-05T12:00:00 0 0 0 0 0
2013-06-05T13:00:00 0 0 0 0 0
2013-06-05T14:00:00 0 0 0 0 0
2013-06-05T15:00:00 0 0 0 0 0
2013-06-05T16:00:00 0 0 0 0 0
2013-06-05T17:00:00 0 0 0 0 0
2013-06-05T18:00:00 0 0 0 0 0
2013-06-05T19:00:00 0 0 0 0 0
2013-06-05T20:00:00 0 0 0 0 0
2013-06-15T00:00:00 0 0 0 0 0
2013-06-15T01:00:00 0 0 0 0 0
2013-06-15T02:00:00 0 0 0 0 0
2013-06-15T03:00:00 0 0 0 0 0
2013-06-15T04:00:00 0 0 0 0 0
2013-06-15T05:00:00 0 0 0 0 0
2013-06-15T06:00:00 0 0 0 0 0
2013-06-15T07:00:00 0 0 0 0 0
2013-06-15T08:00:00 0 0 0 0 0
2013-06-15T09:00:00 0 0 0 0 0
2013-06-15T10:00:00 0 0 0 0 0
2013-06-15T11:00:00 0 0 0 0 0
2013-06-15T12:00:00 0 0 0 0 0
2013-06-15T13:00:00 0 0 0 0 0
2013-06-15T14:00:00 0 0 0 0 0
2013-06-15T15:00:00 0 0 0 0 0
2013-06-15T16:00:00 0 0 0 0 0
2013-06-15T17:00:00 0 0 0 0 0
2013-06-13T23:00:00 0 0 0 0 0
2013-06-14T00:00:00 0 0 0 0 0
2013-06-14T01:00:00 0 0 0 0 0
2013-06-14T02:00:00 0 0 0 0 0
2013-06-14T03:00:00 0 0 0 0 0
2013-06-14T04:00:00 0 0 0 0 0
2013-06-14T05:00:00 0 0 0 0 0
2013-06-14T06:00:00 0 0 0 0 0
2013-06-14T07:00:00 0 0 0 0 0
2013-06-14T08:00:00 0 0 0 0 0
2013-06-14T09:00:00 0 0 0 0 0
2013-06-14T10:00:00 0 0 0 0 0
2013-06-14T11:00:00 0 0 0 0 0
2013-06-14T12:00:00 0 0 0 0 0
2013-06-14T13:00:00 0 0 0 0 0
2013-06-14T14:00:00 0 0 0 0 0
2013-06-14T15:00:00 0 0 0 0 0
2013-06-14T16:00:00 0 0 0 0 0
2013-06-25T02:00:00 0 0 0 0 0
2013-06-25T03:00:00 0 0 0 0 0
2013-06-25T04:00:00 0 0 0 0 0
2013-06-25T05:00:00 0 0 0 0 0
2013-06-25T06:00:00 0 0 0 0 0
2013-06-25T07:00:00 0 0 0 0 0
2013-06-25T08:00:00 0 0 0 0 0
2013-06-25T09:00:00 0 0 0 0 0
2013-06-25T10:00:00 0 0 0 0 0
2013-06-25T11:00:00 0 0 0 0 0
2013-06-25T12:00:00 0 0 0 0 0
2013-06-25T13:00:00 0 0 0 0 0
2013-06-25T14:00:00 0 0 0 0 0
2013-06-25T15:00:00 0 0 0 0 0
2013-06-25T16:00:00 0 0 0 0 0
2013-06-25T17:00:00 0 0 0 0 0
2013-06-25T18:00:00 0 0 0 0 0
2013-06-25T19:00:00 0 0 0 0 0
2013-06-25T20:00:00 0 0 0 0 0
2013-06-25T21:00:00 0 0 0 0 0
2013-06-25T22:00:00 0 0 0 0 0
2013-06-25T23:00:00 0 0 0 0 0
2013-06-26T00:00:00 0 0 0 0 0
2013-06-26T01:00:00 0 0 0 0 0
2013-06-27T14:00:00 0 0 0 0 0
2013-06-27T15:00:00 0 0 0 0 0
2013-06-27T16:00:00 0 0 0 0 0
2013-06-27T17:00:00 0 0 0 0 0
2013-06-27T18:00:00 0 0 0 0 0
2013-06-27T19:00:00 0 0 0 0 0
2013-06-27T20:00:00 0 0 0 0 0
2013-06-27T21:00:00 0 0 0 0 0
2013-06-27T22:00:00 0 0 0 0 0
2013-06-27T23:00:00 0 0 0 0 0
2013-06-28T00:00:00 0 0 0 0 0
2013-06-28T01:00:00 0 0 0 0 0
2013-06-28T02:00:00 0 0 0 0 0
2013-06-28T03:00:00 0 0 0 0 0
2013-06-28T04:00:00 0 0 0 0 0
2013-06-28T05:00:00 0 0 0 0 0
2013-06-29T20:00:00 0 0 0 0 0
2013-06-29T21:00:00 0 0 0 0 0
2013-06-29T22:00:00 0 0 0 0 0
2013-06-29T23:00:00 0 0 0 0 0
2013-06-30T00:00:00 0 0 0 0 0
2013-06-30T01:00:00 0 0 0 0 0
2013-07-17T13:00:00 0.796697187726 0.203302812274 9 0 9
2013-07-17T14:00:00 0.797094512522 0.202905487478 4 0 4
2013-07-17T15:00:00 0.799843974138 0.200156025862 2 0 2
2013-07-17T16:00:00 0 0 0 0 0
2013-07-17T17:00:00 0 0 0 0 0
2013-07-17T18:00:00 0 0 0 0 0
2013-07-17T19:00:00 0 0 0 0 0
2013-07-17T20:00:00 0 0 0 0 0
2013-07-17T21:00:00 0 0 0 0 0
2013-07-17T22:00:00 0 0 0 0 0
2013-07-18T01:00:00 0 0 0 0 0
2013-07-18T02:00:00 0 0 0 0 0
2013-07-18T03:00:00 0 0 0 0 0
2013-07-18T04:00:00 0 0 0 0 0
2013-07-18T05:00:00 0 0 0 0 0
2013-07-18T06:00:00 0 0 0 0 0
2013-07-18T07:00:00 0 0 0 0 0
2013-07-18T08:00:00 0 0 0 0 0
2013-07-18T09:00:00 0 0 0 0 0
2013-07-18T10:00:00 0 0 0 0 0
2013-07-18T11:00:00 0 0 0 0 0
2013-07-18T12:00:00 0 0 0 0 0
2013-07-18T13:00:00 0 0 0 0 0
2013-07-18T14:00:00 0 0 0 0 0
2013-07-29T16:00:00 0 0 0 0 0
2013-07-29T17:00:00 0 0 0 0 0
2013-07-29T18:00:00 0 0 0 0 0
2013-07-29T19:00:00 0 0 0 0 0
2013-07-29T20:00:00 0 0 0 0 0
2013-07-29T21:00:00 0 0 0 0 0
2013-07-29T22:00:00 0 0 0 0 0
2013-07-29T23:00:00 0 0 0 0 0
2013-07-30T00:00:00 0 0 0 0 0
2013-07-30T01:00:00 0 0 0 0 0
2013-07-30T02:00:00 0 0 0 0 0
2013-07-30T03:00:00 0 0 0 0 0
2013-07-30T04:00:00 0 0 0 0 0
2013-07-30T05:00:00 0 0 0 0 0
2013-07-30T06:00:00 0 0 0 0 0
2013-07-30T07:00:00 0 0 0 0 0
2013-07-30T08:00:00 0 0 0 0 0
2013-07-30T09:00:00 0 0 0 0 0
2013-07-30T10:00:00 0 0 0 0 0
2013-07-30T11:00:00 0 0 0 0 0
2013-07-30T12:00:00 0 0 0 0 0
2013-07-30T13:00:00 0 0 0 0 0
2013-07-30T14:00:00 0.818845626302 0.181154373698 1 0 1
2013-07-30T15:00:00 0.818845626302 0.181154373698 1 0 1
2013-07-30T16:00:00 0.797091484689 0.202908515311 2 0 2
2013-07-30T17:00:00 0.844455770769 0.155544229231 3 0 3
2013-08-14T22:00:00 0.756651352031 0.24334864797 2 0 2
2013-08-14T23:00:00 0.756651352031 0.24334864797 2 0 2
2013-08-15T00:00:00 0.756651352031 0.24334864797 2 0 2
2013-08-15T01:00:00 0.756651352031 0.24334864797 2 0 2
2013-08-15T02:00:00 0 0 0 0 0
2013-08-15T03:00:00 0 0 0 0 0
2013-08-15T04:00:00 0 0 0 0 0
2013-08-15T05:00:00 0 0 0 0 0
2013-08-15T06:00:00 0 0 0 0 0
2013-08-15T07:00:00 0 0 0 0 0
2013-08-15T08:00:00 0 0 0 0 0
2013-08-15T09:00:00 0 0 0 0 0
2013-08-15T10:00:00 0 0 0 0 0
2013-08-15T11:00:00 0 0 0 0 0
2013-08-15T12:00:00 0 0 0 0 0
2013-08-15T13:00:00 0 0 0 0 0
2013-08-15T14:00:00 0 0 0 0 0
2013-08-15T15:00:00 0 0 0 0 0
2013-08-15T16:00:00 0 0 0 0 0
2013-08-15T17:00:00 0 0 0 0 0
2013-08-15T18:00:00 0.938535455062 0.0614645449383 1 0 1
2013-08-15T19:00:00 0.90610278801 0.0938972119901 2 0 2
2013-08-15T20:00:00 0.90610278801 0.0938972119901 2 0 2
2013-08-15T21:00:00 0.90610278801 0.0938972119901 2 0 2
2013-09-11T16:00:00 0.936889741622 0.0631102583782 1 0 1
2013-09-11T17:00:00 0.936889741622 0.0631102583782 1 0 1
2013-09-11T18:00:00 0.775821857107 0.224178142893 1 0 1
2013-09-11T19:00:00 0.856355799365 0.143644200636 2 0 2
2013-09-11T20:00:00 0.856355799365 0.143644200636 2 0 2
2013-09-11T21:00:00 0.856355799365 0.143644200636 2 0 2
2013-09-11T22:00:00 0.856355799365 0.143644200636 2 0 2
2013-09-11T23:00:00 0.883200446784 0.116799553216 3 0 3
2013-09-12T00:00:00 0.936889741622 0.0631102583782 2 0 2
2013-09-12T01:00:00 0.936889741622 0.0631102583782 1 0 1
2013-09-12T02:00:00 0.936889741622 0.0631102583782 1 0 1
2013-09-12T03:00:00 0.936889741622 0.0631102583782 1 0 1
2013-09-12T04:00:00 0.936889741622 0.0631102583782 1 0 1
2013-09-12T05:00:00 0 0 0 0 0
2013-09-12T06:00:00 0 0 0 0 0
2013-09-12T07:00:00 0 0 0 0 0
2013-09-12T08:00:00 0 0 0 0 0
2013-09-12T09:00:00 0 0 0 0 0
2013-09-12T10:00:00 0 0 0 0 0
2013-09-12T11:00:00 0 0 0 0 0
2013-09-12T12:00:00 0.0 0.0 0 0 0
2013-09-12T13:00:00 0.0 0.0 0 0 0
2013-09-12T14:00:00 0.0 0.0 0 0 0
2013-09-12T15:00:00 0.940654485262 0.0593455147378 1 0 1
2013-09-26T18:00:00 0 0 0 0 0
2013-09-26T19:00:00 0.772639448897 0.227360551103 1 0 1
2013-09-26T20:00:00 0.772639448897 0.227360551103 1 0 1
2013-09-26T21:00:00 0.828124737905 0.171875262095 2 0 2
2013-09-26T22:00:00 0.828124737905 0.171875262095 2 0 2
2013-09-26T23:00:00 0.828124737905 0.171875262095 2 0 2
2013-09-27T00:00:00 0.764073042214 0.235926957786 3 0 3
2013-09-27T01:00:00 0.759789838873 0.240210161127 2 0 2
2013-09-27T02:00:00 0.759789838873 0.240210161127 2 0 2
2013-09-27T03:00:00 0.635969650833 0.364030349167 1 0 1
2013-09-27T04:00:00 0.635969650833 0.364030349167 1 0 1
2013-09-27T05:00:00 0.635969650833 0.364030349167 1 0 1
2013-09-27T06:00:00 0 0 0 0 0
2013-09-27T07:00:00 0 0 0 0 0
2013-09-27T08:00:00 0 0 0 0 0
2013-09-27T09:00:00 0 0 0 0 0
2013-09-27T10:00:00 0 0 0 0 0
2013-09-27T11:00:00 0 0 0 0 0
2013-09-27T12:00:00 0 0 0 0 0
2013-09-27T13:00:00 0 0 0 0 0
2013-09-27T14:00:00 0 0 0 0 0
2013-09-27T15:00:00 0.76712717635 0.23287282365 1 0 1
2013-09-27T16:00:00 0.76712717635 0.23287282365 1 0 1
2013-09-27T17:00:00 0.76712717635 0.23287282365 1 0 1
2013-10-03T22:00:00 0.764713539066 0.235286460934 21 0 21
2013-10-03T23:00:00 0.774205989552 0.225794010448 17 0 17
2013-10-04T00:00:00 0.781827808963 0.218172191037 12 0 12
2013-10-04T01:00:00 0.739971453264 0.260028546736 8 0 8
2013-10-04T02:00:00 0.720933611544 0.279066388456 5 0 5
2013-10-04T03:00:00 0.729812803009 0.270187196991 4 0 4
2013-10-04T04:00:00 0.828629449302 0.171370550698 1 0 1
2013-10-04T05:00:00 0.828629449302 0.171370550698 1 0 1
2013-10-04T06:00:00 0.582734020154 0.417265979846 1 1 2
2013-10-04T07:00:00 0.582734020154 0.417265979846 1 1 2
2013-10-04T08:00:00 0.646365431188 0.353634568812 3 1 4
2013-10-04T09:00:00 0.646365431188 0.353634568812 3 1 4
2013-10-04T10:00:00 0.714164633096 0.285835366904 5 1 6
2013-10-04T11:00:00 0.714164633096 0.285835366904 5 1 6
2013-10-04T12:00:00 0.814840653642 0.185159346358 7 0 7
2013-10-04T13:00:00 0.807557969617 0.192442030383 8 0 8
2013-10-04T14:00:00 0.842368124638 0.157631875362 5 0 5
2013-10-04T15:00:00 0.80797422482 0.19202577518 7 0 7
2013-10-04T16:00:00 0.809311815528 0.190688184472 6 0 6
2013-10-04T17:00:00 0.781250291213 0.218749708787 11 0 11
2013-10-04T18:00:00 0.768010821713 0.231989178287 13 0 13
2013-10-04T19:00:00 0.770340279323 0.229659720678 14 0 14
2013-10-04T20:00:00 0.783658472064 0.216341527936 19 0 19
2013-10-04T21:00:00 0.790913648157 0.209086351843 17 0 17
2013-10-08T21:00:00 0.775920838219 0.224079161781 3 0 3
2013-10-08T22:00:00 0.775920838219 0.224079161781 3 0 3
2013-10-08T23:00:00 0.689265067754 0.310734932246 1 0 1
2013-10-09T00:00:00 0 0 0 0 0
2013-10-09T01:00:00 0 0 0 0 0
2013-10-09T02:00:00 0 0 0 0 0
2013-10-09T03:00:00 0 0 0 0 0
2013-10-09T04:00:00 0 0 0 0 0
2013-10-09T05:00:00 0 0 0 0 0
2013-10-09T06:00:00 0 0 0 0 0
2013-10-09T07:00:00 0 0 0 0 0
2013-10-09T08:00:00 0 0 0 0 0
2013-10-09T09:00:00 0 0 0 0 0
2013-10-09T10:00:00 0 0 0 0 0
2013-10-09T11:00:00 0 0 0 0 0
2013-10-09T12:00:00 0 0 0 0 0
2013-10-09T13:00:00 0 0 0 0 0
2013-10-09T14:00:00 0 0 0 0 0
2013-10-09T15:00:00 0 0 0 0 0
2013-10-09T16:00:00 0 0 0 0 0
2013-10-09T17:00:00 0.635914059581 0.364085940419 1 0 1
2013-10-09T18:00:00 0.635914059581 0.364085940419 1 0 1
2013-10-09T19:00:00 0.635914059581 0.364085940419 1 0 1
2013-10-16T20:00:00 0.794313889907 0.205686110093 1 0 1
2013-10-16T21:00:00 0.794313889907 0.205686110093 1 0 1
2013-10-16T22:00:00 0.813430680049 0.186569319952 2 0 2
2013-10-16T23:00:00 0.83254747019 0.16745252981 1 0 1
2013-10-17T00:00:00 0.83254747019 0.16745252981 1 0 1
2013-10-17T01:00:00 0.83254747019 0.16745252981 1 0 1
2013-10-17T02:00:00 0.83254747019 0.16745252981 1 0 1
2013-10-17T03:00:00 0.83254747019 0.16745252981 1 0 1
2013-10-17T04:00:00 0 0 0 0 0
2013-10-17T05:00:00 0 0 0 0 0
2013-10-17T06:00:00 0 0 0 0 0
2013-10-17T07:00:00 0 0 0 0 0
2013-10-17T08:00:00 0 0 0 0 0
2013-10-17T09:00:00 0 0 0 0 0
2013-10-17T10:00:00 0 0 0 0 0
2013-10-17T11:00:00 0 0 0 0 0
2013-10-17T12:00:00 0 0 0 0 0
2013-10-17T13:00:00 0 0 0 0 0
2013-10-17T14:00:00 0 0 0 0 0
2013-10-17T15:00:00 0 0 0 0 0
2013-10-17T16:00:00 0 0 0 0 0
2013-10-17T17:00:00 0 0 0 0 0
2013-10-17T18:00:00 0 0 0 0 0
2013-10-17T19:00:00 0 0 0 0 0
2013-10-26T15:00:00 0.848736673519 0.151263326481 10 0 10
2013-10-26T16:00:00 0.838344813223 0.161655186777 11 0 11
2013-10-26T17:00:00 0.836363352118 0.163636647882 8 0 8
2013-10-26T18:00:00 0.823122300078 0.176877699922 9 0 9
2013-10-26T19:00:00 0.803004562686 0.196995437314 9 0 9
2013-10-26T20:00:00 0.77431240944 0.225687590559 6 0 6
2013-10-26T21:00:00 0.76750381266 0.23249618734 6 0 6
2013-10-26T22:00:00 0.774119333139 0.225880666861 5 0 5
2013-10-26T23:00:00 0.801247734553 0.198752265447 6 0 6
2013-10-27T00:00:00 0.834596827365 0.165403172635 4 0 4
2013-10-27T01:00:00 0.882759595462 0.117240404538 2 0 2
2013-10-27T02:00:00 0.882759595462 0.117240404538 2 0 2
2013-10-27T03:00:00 0.936889741622 0.0631102583782 1 0 1
2013-10-27T04:00:00 0.936889741622 0.0631102583782 1 0 1
2013-10-27T05:00:00 0 0 0 0 0
2013-10-27T06:00:00 0 0 0 0 0
2013-10-27T07:00:00 0 0 0 0 0
2013-10-27T08:00:00 0 0 0 0 0
2013-10-27T09:00:00 0.887784240579 0.112215759421 1 0 1
2013-10-27T10:00:00 0.887784240579 0.112215759421 1 0 1
2013-10-27T11:00:00 0.771096341274 0.228903658726 2 0 2
2013-10-27T12:00:00 0.771096341274 0.228903658726 2 0 2
2013-10-27T13:00:00 0.771096341274 0.228903658726 2 0 2
2013-10-27T14:00:00 0.771096341274 0.228903658726 2 0 2
2013-10-30T14:00:00 0.818967231626 0.181032768374 2 0 2
2013-10-30T15:00:00 0.866020999026 0.133979000974 1 0 1
2013-10-30T16:00:00 0.866020999026 0.133979000974 1 0 1
2013-10-30T17:00:00 0 0 0 0 0
2013-10-30T18:00:00 0.866329686962 0.133670313038 1 0 1
2013-10-30T19:00:00 0.866329686962 0.133670313038 1 0 1
2013-10-30T20:00:00 0.866329686962 0.133670313038 1 0 1
2013-10-30T21:00:00 0.866329686962 0.133670313038 1 0 1
2013-10-30T22:00:00 0.866329686962 0.133670313038 1 0 1
2013-10-30T23:00:00 0.866329686962 0.133670313038 1 0 1
2013-10-31T00:00:00 0 0 0 0 0
2013-10-31T01:00:00 0 0 0 0 0
2013-10-31T02:00:00 0 0 0 0 0
2013-10-31T03:00:00 0 0 0 0 0
2013-10-31T04:00:00 0 0 0 0 0
2013-10-31T05:00:00 0 0 0 0 0
2013-10-31T06:00:00 0 0 0 0 0
2013-10-31T07:00:00 0 0 0 0 0
2013-10-31T08:00:00 0 0 0 0 0
2013-10-31T09:00:00 0 0 0 0 0
2013-10-31T10:00:00 0 0 0 0 0
2013-10-31T11:00:00 0 0 0 0 0
2013-10-31T12:00:00 0 0 0 0 0
2013-11-07T20:00:00 0.936656016637 0.0633439833628 2 0 2
2013-11-07T21:00:00 0.936656016637 0.0633439833628 2 0 2
2013-11-07T22:00:00 0 0 0 0 0
2013-11-07T23:00:00 0 0 0 0 0
2013-11-08T00:00:00 0.0 0.0 0 0 0
2013-11-08T03:00:00 0.0 0.0 0 0 0
2013-11-08T04:00:00 0.0 0.0 0 0 0
2013-11-08T05:00:00 0.0 0.0 0 0 0
2013-11-08T06:00:00 0 0 0 0 0
2013-11-08T07:00:00 0 0 0 0 0
2013-11-08T08:00:00 0 0 0 0 0
2013-11-08T09:00:00 0 0 0 0 0
2013-11-08T10:00:00 0 0 0 0 0
2013-11-08T11:00:00 0.727127927144 0.272872072856 3 0 3
2013-11-08T12:00:00 0.727127927144 0.272872072856 3 0 3
2013-11-08T13:00:00 0.741104875531 0.25889512447 4 0 4
2013-11-08T14:00:00 0.741104875531 0.25889512447 4 0 4
2013-11-08T15:00:00 0.741104875531 0.25889512447 4 0 4
2013-11-08T16:00:00 0.790427422427 0.209572577573 6 0 6
2013-11-08T17:00:00 0.853726917709 0.146273082291 3 0 3
2013-11-08T18:00:00 0.887321189962 0.112678810038 5 0 5
2013-11-08T19:00:00 0.878339120898 0.121660879102 5 0 5
2013-11-08T20:00:00 0.878339120898 0.121660879102 5 0 5
2013-11-12T19:00:00 0.87122969373 0.12877030627 5 0 5
2013-11-12T20:00:00 0.848307610206 0.151692389794 7 0 7
2013-11-12T21:00:00 0.848307610206 0.151692389794 7 0 7
2013-11-12T22:00:00 0.847167322738 0.152832677262 6 0 6
2013-11-12T23:00:00 0.847167322738 0.152832677262 6 0 6
2013-11-13T00:00:00 0.729505768902 0.270494231098 5 1 6
2013-11-13T01:00:00 0.606858422904 0.393141577096 2 1 3
2013-11-13T02:00:00 0.238570465923 0.761429534077 0 1 1
2013-11-13T03:00:00 0.238570465923 0.761429534077 0 1 1
2013-11-13T04:00:00 0.238570465923 0.761429534077 0 1 1
2013-11-13T05:00:00 0.238570465923 0.761429534077 0 1 1
2013-11-13T06:00:00 0 0 0 0 0
2013-11-13T07:00:00 0 0 0 0 0
2013-11-13T08:00:00 0.518527407387 0.481472592612 1 1 2
2013-11-13T09:00:00 0.707931559779 0.292068440221 4 1 5
2013-11-13T10:00:00 0.707931559779 0.292068440221 4 1 5
2013-11-13T11:00:00 0.707931559779 0.292068440221 4 1 5
2013-11-13T12:00:00 0.707931559779 0.292068440221 4 1 5
2013-11-13T13:00:00 0.707931559779 0.292068440221 4 1 5
2013-11-13T14:00:00 0.834200994707 0.165799005293 3 0 3
2013-11-13T15:00:00 0 0 0 0 0
2013-11-13T16:00:00 0 0 0 0 0
2013-11-13T17:00:00 0.878469499644 0.121530500356 1 0 1
2013-11-21T20:00:00 0.782169804191 0.217830195809 33 0 33
2013-11-21T21:00:00 0.787016924413 0.212983075587 30 0 30
2013-11-21T22:00:00 0.78759184008 0.212408159921 20 0 20
2013-11-21T23:00:00 0.812349032521 0.187650967479 15 0 15
2013-11-22T00:00:00 0.779656867734 0.220343132266 8 0 8
2013-11-22T01:00:00 0.75444483148 0.24555516852 4 0 4
2013-11-22T02:00:00 0.752465805656 0.247534194344 4 0 4
2013-11-22T03:00:00 0.732465280773 0.267534719227 4 0 4
2013-11-22T04:00:00 0.740126158304 0.259873841696 5 0 5
2013-11-22T05:00:00 0.746834502719 0.253165497281 7 0 7
2013-11-22T06:00:00 0.746834502719 0.253165497281 7 0 7
2013-11-22T07:00:00 0.754714203603 0.245285796397 8 0 8
2013-11-22T08:00:00 0.769585233946 0.230414766054 9 0 9
2013-11-22T09:00:00 0.762218217675 0.237781782325 9 0 9
2013-11-22T10:00:00 0.771608334289 0.228391665711 12 0 12
2013-11-22T11:00:00 0.778726223214 0.221273776786 13 0 13
2013-11-22T12:00:00 0.783070070559 0.216929929441 16 0 16
2013-11-22T13:00:00 0.785965088974 0.214034911026 17 0 17
2013-11-22T14:00:00 0.786111655096 0.213888344904 19 0 19
2013-11-22T15:00:00 0.795654915449 0.204345084551 21 0 21
2013-11-22T16:00:00 0.791305559921 0.208694440079 18 0 18
2013-11-22T17:00:00 0.815467943027 0.184532056973 23 0 23
2013-11-22T18:00:00 0.811255085806 0.188744914194 28 0 28
2013-12-05T21:00:00 0.844154399795 0.155845600205 16 0 16
2013-12-05T22:00:00 0.833437051306 0.166562948694 18 0 18
2013-12-05T23:00:00 0.826911674777 0.173088325223 16 0 16
2013-12-06T00:00:00 0.795310853721 0.204689146279 16 0 16
2013-12-06T01:00:00 0.79367356313 0.20632643687 17 0 17
2013-12-06T02:00:00 0.762748275409 0.237251724591 16 0 16
2013-12-06T03:00:00 0.757398611129 0.242601388871 17 0 17
2013-12-06T04:00:00 0.7589268199 0.2410731801 19 0 19
2013-12-06T05:00:00 0.759162300617 0.240837699383 22 0 22
2013-12-06T06:00:00 0.761157527744 0.238842472256 20 0 20
2013-12-06T09:00:00 0.771837455378 0.228162544622 14 0 14
2013-12-06T10:00:00 0.776649465961 0.223350534039 10 0 10
2013-12-06T11:00:00 0.78773363565 0.21226636435 6 0 6
2013-12-06T12:00:00 0.800436241883 0.199563758117 4 0 4
2013-12-06T13:00:00 0.800436241883 0.199563758117 4 0 4
2013-12-06T14:00:00 0.710935401727 0.289064598273 2 1 3
2013-12-06T15:00:00 0.772586975295 0.227413024705 5 1 6
2013-12-06T16:00:00 0.772586975295 0.227413024705 5 1 6
2013-12-06T17:00:00 0.773924935285 0.226075064715 9 1 10
2013-12-06T18:00:00 0.791926633766 0.208073366234 14 1 15
2013-12-06T19:00:00 0.747807258036 0.252192741964 22 2 24
2013-12-06T20:00:00 0.759261158999 0.240738841001 24 1 25
2013-12-06T21:00:00 0.732900471721 0.267099528279 21 1 22
2013-12-19T13:00:00 0.756779235099 0.243220764901 15 1 16
2013-12-19T14:00:00 0.683790812722 0.316209187279 7 1 8
2013-12-19T15:00:00 0.742169018631 0.257830981369 5 0 5
2013-12-19T16:00:00 0.64320242207 0.35679757793 1 0 1
2013-12-19T17:00:00 0.738640521596 0.261359478403 2 0 2
2013-12-19T18:00:00 0.856274060383 0.143725939617 2 0 2
2013-12-19T19:00:00 0.822856430943 0.177143569057 7 0 7
2013-12-19T20:00:00 0.822856430943 0.177143569057 7 0 7
2013-12-19T21:00:00 0.822856430943 0.177143569057 7 0 7
2013-12-19T22:00:00 0.813053058883 0.186946941118 8 0 8
2013-12-19T23:00:00 0.810049407134 0.189950592866 7 0 7
2013-12-20T00:00:00 0.740044201987 0.259955798013 6 1 7
2013-12-22T08:00:00 0.846665400358 0.153334599642 2 0 2
2013-12-22T09:00:00 0.778770079655 0.221229920345 2 0 2
2013-12-22T10:00:00 0.818295340493 0.181704659507 3 0 3
2013-12-22T11:00:00 0.818295340493 0.181704659507 3 0 3
2013-12-22T12:00:00 0.818295340493 0.181704659507 3 0 3
2013-12-22T13:00:00 0.818295340493 0.181704659507 3 0 3
2013-12-22T14:00:00 0.758998139929 0.241001860071 2 0 2
2013-12-22T15:00:00 0.887847139176 0.112152860824 2 0 2
2013-12-22T16:00:00 0.878348416182 0.121651583818 1 0 1
2013-12-22T17:00:00 0.776906630663 0.223093369337 3 0 3
2013-12-22T18:00:00 0.784851323043 0.215148676957 5 0 5
2014-01-01T05:00:00 0.747071153006 0.252928846994 1 0 1
2014-01-01T06:00:00 0.0 0.0 0 0 0
2014-01-01T07:00:00 0 0 0 0 0
2014-01-01T08:00:00 0 0 0 0 0
2014-01-01T09:00:00 0.383832083403 0.616167916597 0 1 1
2014-01-01T10:00:00 0.383832083403 0.616167916597 0 1 1
2014-01-01T11:00:00 0.383832083403 0.616167916597 0 1 1
2014-01-01T12:00:00 0.383832083403 0.616167916597 0 1 1
2014-01-01T13:00:00 0.597675844471 0.402324155529 1 1 2
2014-01-01T14:00:00 0.597675844471 0.402324155529 1 1 2
2014-01-01T15:00:00 0.811519605539 0.188480394461 1 0 1
2014-01-01T16:00:00 0.811519605539 0.188480394461 1 0 1
2014-01-01T17:00:00 0.811519605539 0.188480394461 1 0 1
2014-01-02T12:00:00 0.859352809716 0.140647190283 6 0 6
2014-01-02T13:00:00 0.806942550502 0.193057449498 9 1 10
2014-01-03T17:00:00 0.771163431367 0.228836568633 27 0 27
2014-01-03T18:00:00 0.767594381698 0.232405618302 22 0 22
2014-01-03T19:00:00 0.767287872342 0.232712127658 18 0 18
2014-01-03T20:00:00 0.76612986121 0.23387013879 16 0 16
2014-01-03T21:00:00 0.763332435892 0.236667564108 12 0 12
2014-01-03T22:00:00 0.765306283268 0.234693716732 8 0 8
2014-01-03T23:00:00 0.767759695906 0.232240304094 5 0 5
2014-01-04T00:00:00 0.770589355109 0.229410644891 4 0 4
2014-01-04T01:00:00 0.774207868866 0.225792131134 3 0 3
2014-01-04T02:00:00 0.823859955499 0.176140044501 1 0 1
2014-01-04T03:00:00 0.0 0.0 0 0 0
2014-01-04T04:00:00 0.0 0.0 0 0 0
2014-01-04T05:00:00 0 0 0 0 0
2014-01-04T06:00:00 0 0 0 0 0
2014-01-04T07:00:00 0 0 0 0 0
2014-01-04T08:00:00 0 0 0 0 0
2014-01-04T09:00:00 0 0 0 0 0
2014-01-04T10:00:00 0 0 0 0 0
2014-01-04T11:00:00 0.896841213865 0.103158786135 2 0 2
2014-01-05T06:00:00 0.756441059094 0.243558940906 8 0 8
2014-01-05T07:00:00 0.756441059094 0.243558940906 8 0 8
2014-01-05T08:00:00 0.739405699518 0.260594300482 8 0 8
2014-01-05T09:00:00 0.758571079432 0.241428920568 9 0 9
2014-01-05T10:00:00 0.76820761106 0.23179238894 12 0 12
2014-01-05T11:00:00 0.77333596898 0.22666403102 15 0 15
2014-01-05T12:00:00 0.77333596898 0.22666403102 15 0 15
2014-01-05T13:00:00 0.762379815203 0.237620184797 16 0 16
2014-01-05T14:00:00 0.772962700119 0.227037299881 14 0 14
2014-01-05T15:00:00 0.750962176645 0.249037823355 13 0 13
2014-01-05T16:00:00 0.747128090492 0.252871909508 12 0 12
2014-01-05T17:00:00 0.728443478105 0.271556521895 8 0 8
2014-01-05T18:00:00 0.754971700861 0.245028299139 8 0 8
2014-01-05T19:00:00 0.785770796029 0.214229203971 5 0 5
2014-01-05T20:00:00 0.810957286962 0.189042713039 6 0 6
2014-01-05T21:00:00 0.851275609842 0.148724390158 5 0 5
2014-01-05T22:00:00 0.835652252464 0.164347747536 5 0 5
2014-01-14T19:00:00 0.728370480591 0.271629519409 34 2 36
2014-01-14T20:00:00 0.729374653301 0.270625346699 32 2 34
2014-01-14T21:00:00 0.746723984074 0.253276015926 33 1 34
2014-01-14T22:00:00 0.739423891852 0.260576108148 32 1 33
2014-01-14T23:00:00 0.759027783355 0.240972216645 29 0 29
2014-01-15T00:00:00 0.756619979628 0.243380020372 20 0 20
2014-01-15T01:00:00 0.760879786082 0.239120213918 18 0 18
2014-01-15T02:00:00 0.752365557941 0.247634442059 17 0 17
2014-01-15T03:00:00 0.755587410895 0.244412589105 14 0 14
2014-01-15T04:00:00 0.723522093612 0.276477906388 15 1 16
2014-01-15T05:00:00 0.723522093612 0.276477906388 15 1 16
2014-01-15T06:00:00 0.71695486015 0.28304513985 13 1 14
2014-01-15T07:00:00 0.708311832927 0.291688167073 11 1 12
2014-01-15T08:00:00 0.698034011153 0.301965988847 9 1 10
2014-01-15T09:00:00 0.723623550106 0.276376449894 9 1 10
2014-01-15T10:00:00 0.782337489906 0.217662510094 6 0 6
2014-01-15T11:00:00 0.763820930066 0.236179069934 5 0 5
2014-01-15T12:00:00 0.763820930066 0.236179069934 5 0 5
2014-01-15T13:00:00 0.791224146423 0.208775853577 5 0 5
2014-01-15T14:00:00 0.825364563283 0.174635436717 5 0 5
2014-01-15T15:00:00 0.807532783777 0.192467216223 4 0 4
2014-01-15T16:00:00 0.80572731297 0.19427268703 5 0 5
2014-01-15T17:00:00 0.841142849564 0.158857150436 4 0 4
2014-01-18T11:00:00 0.781318084563 0.218681915437 31 1 32
2014-01-18T12:00:00 0.790423298877 0.209576701123 33 1 34
2014-01-18T13:00:00 0.796887381191 0.20311261881 39 1 40
2014-01-18T14:00:00 0.793117107096 0.206882892904 36 1 37
2014-01-18T15:00:00 0.796427901202 0.203572098798 29 1 30
2014-01-18T16:00:00 0.784892951012 0.215107048988 27 1 28
2014-01-18T17:00:00 0.781090480152 0.218909519848 19 1 20
2014-01-18T18:00:00 0.756664057259 0.243335942741 17 1 18
2014-01-18T19:00:00 0.73561141783 0.26438858217 14 1 15
2014-01-18T20:00:00 0.72689600483 0.27310399517 13 1 14
2014-01-18T21:00:00 0.73439270715 0.26560729285 14 1 15
2014-01-18T22:00:00 0.730950015367 0.269049984633 10 1 11
2014-01-18T23:00:00 0.689958808989 0.310041191011 10 2 12
2014-01-19T00:00:00 0.697172037338 0.302827962662 9 2 11
2014-01-19T01:00:00 0.656696386013 0.343303613987 6 2 8
2014-01-19T02:00:00 0.588722685065 0.411277314935 3 2 5
2014-01-19T03:00:00 0.442682028412 0.557317971588 1 2 3
2014-01-19T04:00:00 0.442682028412 0.557317971588 1 2 3
2014-01-19T05:00:00 0.271830800338 0.728169199662 0 1 1
2014-01-19T06:00:00 0.271830800338 0.728169199662 0 1 1
2014-01-19T07:00:00 0.271830800338 0.728169199662 0 1 1
2014-01-21T19:00:00 0.513344858035 0.486655141965 1 1 2
2014-01-21T20:00:00 0.706761570554 0.293238429446 1 0 1
2014-01-21T21:00:00 0.670073940455 0.329926059544 2 0 2
2014-01-21T22:00:00 0.633386310356 0.366613689643 1 0 1
2014-01-21T23:00:00 0.633386310356 0.366613689643 1 0 1
2014-01-22T00:00:00 0.633386310356 0.366613689643 1 0 1
2014-01-22T01:00:00 0.633386310356 0.366613689643 1 0 1
2014-01-22T02:00:00 0.633386310356 0.366613689643 1 0 1
2014-01-22T03:00:00 0.0 0.0 0 0 0
2014-01-22T04:00:00 0.0 0.0 0 0 0
2014-01-22T05:00:00 0.0 0.0 0 0 0
2014-01-22T06:00:00 0 0 0 0 0
2014-01-22T07:00:00 0.0 0.0 0 0 0
2014-01-22T08:00:00 0.389461694755 0.610538305245 0 1 1
2014-01-22T09:00:00 0.389461694755 0.610538305245 0 1 1
2014-01-22T10:00:00 0.389461694755 0.610538305245 0 1 1
2014-01-22T11:00:00 0.501953459536 0.498046540464 1 1 2
2014-01-22T12:00:00 0.628976157199 0.371023842801 2 1 3
2014-01-22T13:00:00 0.65265642496 0.34734357504 3 1 4
2014-01-22T14:00:00 0.7685829417 0.2314170583 4 0 4
2014-01-22T15:00:00 0.7685829417 0.2314170583 4 0 4
2014-01-22T16:00:00 0.7685829417 0.2314170583 4 0 4
2014-01-28T15:00:00 0.595954318978 0.404045681022 2 1 3
2014-01-28T16:00:00 0.595954318978 0.404045681022 2 1 3
2014-01-28T17:00:00 0 0 0 0 0
2014-01-28T18:00:00 0 0 0 0 0
2014-01-28T19:00:00 0 0 0 0 0
2014-01-28T20:00:00 0.298727451642 0.701272548358 0 1 1
2014-01-28T21:00:00 0.327045686924 0.672954313076 0 2 2
2014-01-28T22:00:00 0.327045686924 0.672954313076 0 2 2
2014-01-28T23:00:00 0.327045686924 0.672954313076 0 2 2
2014-01-29T00:00:00 0.274651305743 0.725348694257 0 3 3
2014-01-29T01:00:00 0.274651305743 0.725348694257 0 3 3
2014-01-29T02:00:00 0.262613232793 0.737386767207 0 2 2
2014-01-29T03:00:00 0.169862543381 0.830137456619 0 1 1
2014-01-29T04:00:00 0.169862543381 0.830137456619 0 1 1
2014-01-29T05:00:00 0.169862543381 0.830137456619 0 1 1
2014-01-29T06:00:00 0.818676335116 0.181323664884 1 0 1
2014-01-29T07:00:00 0.818676335116 0.181323664884 1 0 1
2014-01-29T08:00:00 0.712436833362 0.287563166637 2 0 2
2014-01-29T09:00:00 0.778362113463 0.221637886537 3 0 3
2014-01-29T10:00:00 0.736808608815 0.263191391185 4 0 4
2014-01-29T11:00:00 0.733858241059 0.266141758941 5 0 5
2014-01-29T12:00:00 0.731175135509 0.268824864491 5 0 5
2014-01-30T03:00:00 0.77710168048 0.22289831952 2 0 2
2014-01-30T04:00:00 0.768215787274 0.231784212726 1 0 1
2014-01-30T05:00:00 0.768215787274 0.231784212726 1 0 1
2014-01-30T06:00:00 0.768215787274 0.231784212726 1 0 1
2014-01-30T07:00:00 0 0 0 0 0
2014-01-30T08:00:00 0 0 0 0 0
2014-01-30T09:00:00 0.0 0.0 0 0 0
2014-01-30T10:00:00 0.0 0.0 0 0 0
2014-01-30T11:00:00 0.392249882237 0.607750117763 0 1 1
2014-01-30T12:00:00 0.309498313078 0.690501686923 0 2 2
2014-01-30T13:00:00 0.309498313078 0.690501686923 0 2 2
2014-01-30T14:00:00 0.309498313078 0.690501686923 0 2 2
2014-01-30T15:00:00 0.309498313078 0.690501686923 0 2 2
2014-01-30T16:00:00 0.42026239662 0.57973760338 1 4 5
2014-01-30T17:00:00 0.503873456848 0.496126543152 3 4 7
2014-01-30T18:00:00 0.581226177328 0.418773822672 4 3 7
2014-01-30T19:00:00 0.60273201985 0.39726798015 5 3 8
2014-02-12T08:00:00 0.769125397197 0.230874602803 2 0 2
2014-02-12T09:00:00 0.674887704588 0.325112295412 4 1 5
2014-02-12T10:00:00 0.674887704588 0.325112295412 4 1 5
2014-02-12T11:00:00 0.674887704588 0.325112295412 4 1 5
2014-02-12T12:00:00 0.692684169993 0.307315830007 5 1 6
2014-02-12T13:00:00 0.692684169993 0.307315830007 5 1 6
2014-02-12T14:00:00 0.65446355639 0.34553644361 3 1 4
2014-02-12T15:00:00 0.781666497017 0.218333502983 1 0 1
2014-02-12T16:00:00 0.781666497017 0.218333502983 1 0 1
2014-02-12T17:00:00 0.781666497017 0.218333502983 1 0 1
2014-03-01T12:00:00 0.802296678929 0.197703321071 6 0 6
2014-03-01T13:00:00 0.798569870133 0.201430129867 6 0 6
2014-03-01T14:00:00 0.798569870133 0.201430129867 6 0 6
2014-03-01T15:00:00 0.768789970362 0.231210029638 9 0 9
2014-03-01T16:00:00 0.777032470402 0.222967529598 11 0 11
2014-03-01T17:00:00 0.774366406124 0.225633593876 13 0 13
2014-03-01T18:00:00 0.780047454337 0.219952545664 16 0 16
2014-03-01T19:00:00 0.762790726404 0.237209273596 21 1 22
2014-03-01T20:00:00 0.762790726404 0.237209273596 21 1 22
2014-03-01T21:00:00 0.765725453307 0.234274546693 20 1 21
2014-03-01T22:00:00 0.721361229061 0.278638770939 22 3 25
2014-03-01T23:00:00 0.717806796779 0.282193203221 20 3 23
2014-03-02T00:00:00 0.691986714722 0.308013285278 16 3 19
2014-03-02T01:00:00 0.698947792445 0.301052207555 13 2 15
2014-03-02T02:00:00 0.703436659694 0.296563340306 14 2 16
2014-03-02T03:00:00 0.710465184986 0.289534815015 14 2 16
2014-03-02T04:00:00 0.774667374104 0.225332625896 11 0 11
2014-03-02T05:00:00 0.77443520309 0.22556479691 11 0 11
2014-03-02T06:00:00 0.775533530921 0.224466469079 9 0 9
2014-03-02T07:00:00 0.769492727849 0.230507272151 6 0 6
2014-03-02T08:00:00 0.769237339734 0.230762660266 5 0 5
2014-03-22T07:00:00 0 0 0 0 0
2014-03-22T08:00:00 0.885834128261 0.114165871739 1 0 1
2014-03-22T09:00:00 0.885834128261 0.114165871739 1 0 1
2014-03-22T10:00:00 0.835441099422 0.164558900579 2 0 2
2014-03-22T11:00:00 0.835441099422 0.164558900579 2 0 2
2014-03-22T12:00:00 0.697137405922 0.302862594078 5 1 6
2014-03-22T13:00:00 0.714227645191 0.285772354809 6 1 7
2014-03-22T14:00:00 0.718369835074 0.281630164926 7 1 8
2014-03-22T15:00:00 0.741146240666 0.258853759335 9 1 10
2014-03-22T16:00:00 0.719827533309 0.280172466691 11 1 12
2014-03-22T17:00:00 0.727830027323 0.272169972677 12 1 13
2014-03-22T18:00:00 0.759432268638 0.240567731362 10 0 10
2014-03-22T21:00:00 0.720833481121 0.279166518879 7 0 7
2014-03-22T22:00:00 0.758579576054 0.241420423946 4 0 4
2014-03-22T23:00:00 0.736819449572 0.263180550428 3 0 3
2014-03-23T00:00:00 0.782991890425 0.217008109575 2 0 2
2014-03-23T01:00:00 0.682175824616 0.317824175384 1 0 1
2014-03-23T02:00:00 0 0 0 0 0
2014-03-23T03:00:00 0 0 0 0 0
2014-03-23T04:00:00 0 0 0 0 0
2014-03-23T05:00:00 0 0 0 0 0
2014-03-23T06:00:00 0 0 0 0 0
2014-03-23T07:00:00 0 0 0 0 0
2014-10-29T07:00:00 0 0 0 0 0
2014-10-29T08:00:00 0 0 0 0 0
2014-10-29T09:00:00 0 0 0 0 0
2014-10-29T10:00:00 0 0 0 0 0
2014-10-29T11:00:00 0 0 0 0 0
2014-10-29T12:00:00 0 0 0 0 0
2014-10-29T13:00:00 0 0 0 0 0
2014-10-29T14:00:00 0 0 0 0 0
2014-10-29T15:00:00 0 0 0 0 0
