2013-06-11T22:00:00Z 148 200 238 59 31 1.496000 42
2013-06-11T21:00:00Z 139 184 215 65 30 1.398250 46
2013-06-11T20:00:00Z 132 188 223 72 29 1.179625 52
2013-06-11T19:00:00Z 123 181 234 72 29 1.276500 69
2013-06-11T18:00:00Z 116 155 191 63 28 1.196750 96
2013-06-11T17:00:00Z 110 129 166 54 29 1.127125 120
2013-06-11T16:00:00Z 105 112 137 51 30 1.036500 134
2013-06-11T15:00:00Z 101 106 122 48 30 0.963000 141
2013-06-11T14:00:00Z 96 110 134 54 34 1.146125 127
2013-06-11T13:00:00Z 93 113 117 60 36 1.122000 115
2013-06-11T12:00:00Z 88 100 108 65 34 1.064500 95
2013-06-11T11:00:00Z 85 108 111 63 33 1.032750 81
2013-11-20T21:00:00Z 147 173 231 162 49 1.874667 9
2013-11-20T20:00:00Z 144 161 225 166 55 1.640500 12
2013-11-20T19:00:00Z 141 142 224 168 63 1.606167 12
2013-11-20T18:00:00Z 139 124 206 166 70 1.472833 15
2013-11-20T17:00:00Z 136 111 181 125 77 1.702167 47
2013-11-20T16:00:00Z 134 110 179 109 66 0.972667 80
2013-11-20T15:00:00Z 132 109 154 93 57 0.866667 99
2013-11-20T14:00:00Z 129 114 142 89 62 0.913167 92
2013-11-20T13:00:00Z 127 128 158 95 70 0.968167 81
2013-11-20T12:00:00Z 124 138 203 110 90 1.183500 58
2013-11-20T11:00:00Z 121 159 232 111 141 2.129000 35
2013-11-20T10:00:00Z 119 124 201 94 123 2.052333 42
2013-11-26T05:00:00Z 146 128 341 65 40 1.936286 11
2013-11-26T04:00:00Z 142 115 324 65 40 1.798286 11
2013-11-26T03:00:00Z 138 106 313 68 41 2.271143 11
2013-11-26T02:00:00Z 134 104 305 71 41 1.686571 11
2013-11-26T01:00:00Z 130 102 314 81 47 2.551000 11
2013-11-26T00:00:00Z 135 100 318 85 51 1.584714 11
2013-11-25T23:00:00Z 129 106 327 88 54 1.485286 11
2013-11-25T22:00:00Z 123 99 318 90 56 1.518000 11
2013-11-25T21:00:00Z 118 100 350 93 58 1.644571 11
2013-11-25T20:00:00Z 115 92 337 93 49 1.309167 12
2013-11-25T19:00:00Z 110 84 340 91 45 1.125667 14
2013-11-25T18:00:00Z 106 78 332 77 43 0.914667 28
2013-12-01T05:00:00Z 148 196 210 96 81 1.911000 10
2013-12-01T04:00:00Z 144 203 225 104 79 1.858000 11
2013-12-01T03:00:00Z 140 201 223 111 79 1.882500 12
2013-12-01T02:00:00Z 135 184 232 116 63 2.086500 12
2013-12-01T01:00:00Z 131 165 219 105 62 3.385833 45
2013-12-01T00:00:00Z 128 155 200 110 47 2.316667 11
2013-11-30T23:00:00Z 124 150 206 123 44 2.433333 11
2013-11-30T22:00:00Z 121 142 199 127 42 2.436167 12
2013-11-30T21:00:00Z 118 127 182 127 43 2.066667 12
2013-11-30T20:00:00Z 116 125 170 131 47 1.769333 11
2013-11-30T19:00:00Z 113 106 160 132 48 1.666167 14
2013-11-30T18:00:00Z 110 88 122 119 50 1.290333 23
2013-12-04T23:00:00Z 148 177 183 131 32 1.729000 32
2013-12-04T22:00:00Z 146 164 184 143 33 1.719833 27
2013-12-04T21:00:00Z 146 153 185 142 35 1.609500 34
2013-12-04T20:00:00Z 145 138 174 142 38 1.552333 37
2013-12-04T19:00:00Z 146 127 159 127 37 1.412667 52
2013-12-04T18:00:00Z 148 109 140 117 36 1.387167 60
2013-12-04T17:00:00Z 148 87 117 83 40 1.073500 98
2013-12-04T16:00:00Z 148 79 110 62 44 0.876167 121
2013-12-04T15:00:00Z 148 74 82 50 41 0.813500 124
2013-12-04T14:00:00Z 149 74 92 43 40 0.796333 118
2013-12-08T17:00:00Z 148 131 139 77 28 1.159167 89
2013-12-08T16:00:00Z 148 119 120 60 34 1.067500 112
2013-12-08T15:00:00Z 147 113 86 50 36 0.981500 117
2013-12-08T14:00:00Z 147 137 -1 47 37 0.991833 113
2013-12-08T13:00:00Z 146 178 80 56 37 1.193833 98
2013-12-08T12:00:00Z 143 181 132 72 38 1.418333 66
2013-12-08T11:00:00Z 140 169 164 75 32 1.578667 40
2013-12-08T10:00:00Z 141 134 139 75 24 1.570000 27
2013-12-08T09:00:00Z 144 104 108 73 21 1.486667 18
2013-12-08T08:00:00Z 149 110 114 72 20 1.431333 15
2013-12-26T06:00:00Z 140 280 298 77 93 1.906000 8
2013-12-26T05:00:00Z 131 214 258 75 95 1.581000 8
2013-12-26T04:00:00Z 126 164 194 66 61 1.149500 16
2013-12-26T03:00:00Z 125 124 157 67 44 1.002333 16
2013-12-26T02:00:00Z 126 101 126 73 32 1.069600 13
2013-12-26T01:00:00Z 128 90 112 79 34 0.928000 9
2013-12-26T00:00:00Z 131 87 103 76 33 0.855833 12
2013-12-25T23:00:00Z 134 92 104 67 29 0.841200 15
2013-12-25T22:00:00Z 137 97 111 69 30 0.889000 14
2013-12-25T21:00:00Z 140 101 129 74 33 0.867400 14
2013-12-25T20:00:00Z 143 113 139 84 44 1.347750 13
2013-12-25T19:00:00Z 146 118 140 96 47 1.583400 9
2013-12-29T07:00:00Z 147 153 180 73 84 1.700714 8
2013-12-29T06:00:00Z 145 141 178 73 87 1.830833 8
2013-12-29T05:00:00Z 143 125 163 71 77 1.452000 8
2013-12-29T04:00:00Z 141 124 149 74 63 1.524833 7
2013-12-29T03:00:00Z 139 137 167 78 62 1.672333 8
2013-12-29T02:00:00Z 137 145 157 83 71 3.030571 7
2013-12-29T01:00:00Z 134 149 152 71 69 2.511429 8
2013-12-29T00:00:00Z 131 158 187 84 67 2.038857 8
2013-12-28T23:00:00Z 128 158 179 95 74 2.177857 8
2013-12-28T22:00:00Z 125 150 198 97 72 2.198714 9
2013-12-28T21:00:00Z 123 138 156 99 67 1.925286 9
2013-12-28T20:00:00Z 119 124 150 99 67 1.658000 9
2013-12-31T21:00:00Z 147 119 159 124 49 1.607000 9
2013-12-31T20:00:00Z 124 98 144 124 41 1.445625 10
2013-12-31T19:00:00Z 112 89 124 117 35 1.219750 18
2013-12-31T18:00:00Z 93 71 113 110 32 1.055500 23
2013-12-31T17:00:00Z 86 66 97 80 27 0.855250 51
2013-12-31T16:00:00Z 89 69 95 63 29 1.089000 67
2013-12-31T15:00:00Z 93 74 86 50 30 0.660875 66
2013-12-31T14:00:00Z 144 70 97 47 40 1.458750 59
2013-12-31T13:00:00Z 147 77 94 53 44 0.639750 61
2013-12-31T12:00:00Z 149 113 133 79 47 0.923250 50
2014-01-19T18:00:00Z 147 120 141 69 27 1.178625 67
2014-01-19T17:00:00Z 112 89 108 53 26 0.942750 78
2014-01-19T16:00:00Z 101 80 92 38 25 0.842375 84
2014-01-19T15:00:00Z 101 -1 -1 -1 -1 -1.000000 -1
2014-01-19T14:00:00Z 127 101 105 43 31 0.928250 81
2014-01-19T13:00:00Z 119 93 101 43 32 0.960375 74
2014-01-19T12:00:00Z 120 95 100 38 33 1.071000 68
2014-01-19T11:00:00Z 128 103 114 45 36 1.182429 53
2014-01-19T10:00:00Z 146 118 116 49 40 1.138375 40
2014-01-29T23:00:00Z 144 117 115 67 17 1.004714 16
2014-01-29T22:00:00Z 134 109 106 68 16 1.135667 16
2014-01-29T21:00:00Z 121 98 95 72 15 1.106833 16
2014-01-29T20:00:00Z 108 86 88 77 15 1.056429 15
2014-01-29T19:00:00Z 88 69 75 81 16 1.022286 15
2014-01-29T18:00:00Z 75 57 65 76 16 0.911714 20
2014-01-29T17:00:00Z 67 49 61 63 16 0.698250 31
2014-01-29T16:00:00Z 60 43 55 47 16 0.630429 46
2014-01-29T15:00:00Z 54 39 49 36 15 0.466750 59
2014-01-29T14:00:00Z 55 41 45 26 15 0.477000 71
2014-01-29T13:00:00Z 55 -1 -1 -1 -1 -1.000000 -1
2014-01-29T12:00:00Z 63 45 54 29 15 0.446500 66
2014-02-01T21:00:00Z 141 114 135 89 18 1.248750 22
2014-02-01T20:00:00Z 121 97 118 81 17 1.150625 36
2014-02-01T19:00:00Z 105 84 102 74 16 0.992375 48
2014-02-01T18:00:00Z 96 77 89 67 15 0.909250 61
2014-02-01T17:00:00Z 88 70 78 41 14 0.697875 90
2014-02-01T16:00:00Z 85 67 71 32 15 0.715286 99
2014-02-01T15:00:00Z 83 65 62 28 14 0.594375 99
2014-02-01T14:00:00Z 75 58 55 28 14 0.562500 93
2014-02-01T13:00:00Z 60 46 40 25 14 0.526750 85
2014-02-01T12:00:00Z 51 37 38 27 15 0.509500 74
2014-02-01T11:00:00Z 49 36 33 32 14 0.557125 56
2014-02-01T10:00:00Z 48 35 32 35 12 0.560375 46
2014-02-19T21:00:00Z 147 121 138 88 40 1.768857 10
2014-02-19T20:00:00Z 136 110 131 87 37 1.668000 10
2014-02-19T19:00:00Z 125 101 124 81 35 1.386500 12
2014-02-19T18:00:00Z 113 89 114 71 36 1.470857 20
2014-02-19T17:00:00Z 95 74 97 60 34 1.392286 29
2014-02-19T16:00:00Z 84 63 79 52 31 1.143625 37
2014-02-19T15:00:00Z 89 68 76 49 27 1.097286 38
2014-02-19T14:00:00Z 92 72 80 52 28 1.062250 34
2014-02-19T13:00:00Z 92 -1 -1 -1 -1 -1.000000 -1
2014-02-19T12:00:00Z 68 51 68 54 25 1.561250 29
2014-02-19T11:00:00Z 57 42 45 53 29 1.555250 26
2014-02-19T10:00:00Z 58 44 35 51 19 1.088500 30
2014-04-17T08:00:00Z 139 105 126 76 29 0.987500 8
2014-04-17T07:00:00Z 131 99 121 74 29 0.976125 8
2014-04-17T06:00:00Z 125 95 113 74 28 0.992375 7
2014-04-17T05:00:00Z 120 91 105 73 21 1.050875 7
2014-04-17T04:00:00Z 119 90 103 75 19 1.018500 7
2014-04-17T03:00:00Z 128 97 113 78 19 1.023750 7
2014-04-17T02:00:00Z 129 98 113 82 20 1.051875 17
2014-04-17T01:00:00Z 128 97 121 82 37 1.773625 27
2014-04-17T00:00:00Z 130 99 127 86 34 0.941750 8
2014-04-16T23:00:00Z 122 92 133 91 22 0.984875 9
2014-04-16T22:00:00Z 111 84 125 94 19 1.027625 10
2014-04-16T21:00:00Z 96 71 116 95 15 1.106625 15
2014-05-21T10:00:00Z 131 100 146 68 26 1.187222 97
2014-05-21T09:00:00Z 104 78 117 63 21 1.029889 59
2014-05-21T08:00:00Z 95 70 90 54 15 0.871556 37
2014-05-21T07:00:00Z 92 68 79 44 10 0.746889 28
2014-05-21T06:00:00Z 79 58 70 44 10 0.724889 19
2014-05-21T05:00:00Z 68 49 53 43 11 0.716222 16
2014-05-21T04:00:00Z 67 48 62 44 10 0.706333 16
2014-05-21T03:00:00Z 62 45 47 43 10 0.677556 21
2014-05-21T02:00:00Z 57 41 50 42 10 0.805889 39
2014-05-21T01:00:00Z 53 35 44 45 17 0.762333 32
2014-05-21T00:00:00Z 48 33 36 56 9 0.734222 24
2014-05-20T23:00:00Z 49 35 39 54 9 0.721000 29
2014-07-10T17:00:00Z 148 112 153 49 20 1.291333 197
2014-07-10T16:00:00Z 138 102 149 42 19 1.193333 204
2014-07-10T15:00:00Z 132 98 144 46 22 1.156778 181
2014-07-10T14:00:00Z 123 92 142 42 21 1.149556 167
2014-07-10T13:00:00Z 117 88 124 35 20 1.024556 168
2014-07-10T12:00:00Z 113 78 126 44 25 1.069667 126
2014-07-10T11:00:00Z 112 82 138 54 27 1.536111 83
2014-07-10T10:00:00Z 99 74 107 54 26 1.275889 57
2014-07-10T09:00:00Z 104 75 114 50 27 1.357500 43
2014-07-10T08:00:00Z 104 -1 -1 -1 -1 -1.000000 -1
2014-07-10T07:00:00Z 105 76 133 48 23 1.496222 14
2014-07-10T06:00:00Z 93 62 118 44 18 1.357556 10
2014-11-06T04:00:00Z 115 86 112 76 20 0.915000 28
2014-11-06T03:00:00Z 68 43 72 82 13 0.847625 16
2014-11-06T02:00:00Z 65 46 56 74 11 1.150875 35
2014-11-06T01:00:00Z 57 39 42 71 32 0.844500 32
2014-11-06T00:00:00Z 54 38 44 72 13 0.685750 38
2014-11-05T23:00:00Z 57 39 56 75 9 0.745000 38
2014-11-05T22:00:00Z 59 34 66 64 10 0.702625 53
2014-11-05T21:00:00Z 54 32 58 59 11 0.629500 65
2014-11-05T20:00:00Z 54 34 57 64 10 0.650444 62
2014-11-05T19:00:00Z 61 35 70 72 10 0.666111 60
2014-11-05T18:00:00Z 58 33 64 63 10 0.611444 75
2014-11-05T17:00:00Z 57 34 63 48 12 0.555111 104
2014-11-11T22:00:00Z 125 92 143 118 22 0.992250 20
2014-11-11T21:00:00Z 109 81 131 105 17 0.871875 31
2014-11-11T20:00:00Z 95 70 132 97 15 0.766571 41
2014-11-11T19:00:00Z 92 62 117 105 22 0.839750 39
2014-11-11T18:00:00Z 82 54 102 83 27 0.806500 70
2014-11-11T17:00:00Z 74 48 89 69 26 1.108375 90
2014-11-11T16:00:00Z 72 45 83 54 43 1.181625 115
2014-11-11T15:00:00Z 74 54 76 61 26 1.077444 89
2014-11-11T14:00:00Z 75 55 76 60 22 0.878778 87
2014-11-11T13:00:00Z 73 53 80 60 22 0.823000 93
2014-11-11T12:00:00Z 68 47 70 43 24 0.730000 98
2014-11-11T11:00:00Z 71 46 54 54 28 1.722125 124
