2013-06-12T01:00:00Z 171 173 222 43 25 2.111750 45
2013-06-12T02:00:00Z 177 172 177 46 27 1.388125 34
2013-06-12T03:00:00Z 183 171 203 52 33 1.407429 26
2013-06-12T04:00:00Z 187 167 188 54 38 1.370571 25
2013-06-12T05:00:00Z 191 161 174 56 39 1.335143 24
2013-06-12T06:00:00Z 195 159 175 55 38 1.309500 26
2013-06-12T07:00:00Z 197 156 -1 52 31 1.300250 30
2013-06-12T08:00:00Z 199 153 159 52 31 1.298125 30
2013-06-12T09:00:00Z 201 157 173 56 33 1.265750 34
2013-11-07T08:00:00Z 209 217 275 113 58 2.363400 13
2013-11-07T09:00:00Z 213 228 286 125 77 2.302000 18
2013-11-07T10:00:00Z 217 232 250 132 105 2.361000 36
2013-11-07T11:00:00Z 229 220 217 103 86 1.874500 85
2013-11-08T03:00:00Z 236 182 110 44 31 1.750333 117
2013-11-08T04:00:00Z 233 172 82 48 29 1.093667 104
2013-11-08T05:00:00Z 231 171 89 56 30 1.178500 87
2013-12-01T11:00:00Z 174 246 276 97 115 2.336167 24
2013-12-01T12:00:00Z 183 246 259 93 100 1.995000 41
2013-12-01T13:00:00Z 190 220 223 82 88 1.671500 63
2013-12-01T14:00:00Z 196 196 217 77 81 1.497000 79
2013-12-01T15:00:00Z 201 195 221 84 80 1.525000 80
2013-12-01T16:00:00Z 206 209 237 101 81 1.680000 69
2013-12-01T17:00:00Z 212 229 262 125 85 1.913833 45
2013-12-01T18:00:00Z 218 250 281 148 80 2.117500 22
2013-12-01T19:00:00Z 225 267 318 152 80 2.216167 15
2013-12-01T20:00:00Z 231 286 324 150 82 2.528167 12
2013-12-01T21:00:00Z 231 -1 -1 -1 -1 -1.000000 -1
2013-12-01T22:00:00Z 243 296 324 144 84 2.815000 11
2013-12-01T23:00:00Z 248 297 324 139 83 2.847000 10
2013-12-02T00:00:00Z 253 297 312 134 86 2.721167 10
2013-12-02T01:00:00Z 258 294 313 130 85 2.637667 10
2013-12-02T02:00:00Z 262 297 316 114 80 2.578500 10
2013-12-02T03:00:00Z 266 300 310 117 78 3.170333 10
2013-12-02T04:00:00Z 269 294 301 114 71 2.622000 10
2013-12-02T05:00:00Z 273 292 317 107 65 2.704833 10
2013-12-02T06:00:00Z 277 296 313 103 60 2.729167 10
2013-12-02T07:00:00Z 282 290 306 104 63 2.925000 10
2013-12-02T08:00:00Z 286 295 317 112 73 3.321833 10
2013-12-02T09:00:00Z 290 296 330 118 107 3.173500 11
2013-12-02T10:00:00Z 293 283 327 122 163 2.637500 14
2013-12-02T11:00:00Z 293 264 289 126 166 2.333667 19
2013-12-02T12:00:00Z 294 254 265 122 145 2.006333 29
2013-12-02T13:00:00Z 294 214 220 110 127 1.736500 42
2013-12-02T14:00:00Z 293 188 212 103 112 1.577833 53
2013-12-02T15:00:00Z 292 167 177 91 96 2.628000 59
2013-12-02T16:00:00Z 290 158 203 115 88 1.424500 51
2013-12-02T17:00:00Z 288 164 217 141 84 1.676167 25
2013-12-02T18:00:00Z 286 188 263 153 91 2.315500 13
2013-12-02T19:00:00Z 285 235 309 151 97 2.471000 12
2013-12-02T20:00:00Z 284 262 314 147 91 2.499000 11
2013-12-02T21:00:00Z 283 264 308 138 83 2.336833 11
2013-12-02T22:00:00Z 282 253 261 129 74 2.182500 11
2013-12-02T23:00:00Z 279 227 220 122 66 1.977333 11
2013-12-03T00:00:00Z 275 198 182 118 59 1.780000 11
2013-12-03T01:00:00Z 271 180 174 95 85 2.089333 13
2013-12-03T02:00:00Z 267 174 168 98 55 2.534167 22
2013-12-03T03:00:00Z 261 164 145 88 52 1.391167 26
2013-12-03T04:00:00Z 256 153 141 93 54 1.303667 19
2013-12-03T05:00:00Z 251 154 151 92 54 1.348833 17
2013-12-03T06:00:00Z 246 159 157 98 50 1.396000 11
2013-12-03T07:00:00Z 241 161 165 99 49 1.685333 9
2013-12-03T08:00:00Z 236 169 176 99 47 1.958167 10
2013-12-03T09:00:00Z 231 176 187 102 54 1.943833 14
2013-12-03T10:00:00Z 227 171 185 104 63 1.697333 30
2013-12-03T11:00:00Z 223 163 176 100 68 1.464000 51
2013-12-03T12:00:00Z 220 166 168 93 64 1.328333 70
2013-12-03T13:00:00Z 217 142 70 75 59 1.083667 94
2013-12-03T14:00:00Z 214 108 67 58 49 0.905333 111
2013-12-03T15:00:00Z 210 84 128 55 41 0.856167 110
2013-12-03T16:00:00Z 208 85 105 60 38 0.905667 111
2013-12-03T17:00:00Z 205 92 124 92 36 1.113167 82
2013-12-05T17:00:00Z 218 282 312 144 43 1.688333 50
2013-12-06T09:00:00Z 372 457 461 122 91 3.312667 12
2013-12-06T10:00:00Z 380 494 515 119 88 3.180167 13
2013-12-06T11:00:00Z 390 545 574 131 86 3.524000 16
2013-12-06T12:00:00Z 399 585 590 151 109 3.963167 20
2013-12-06T13:00:00Z 409 604 623 147 98 3.735833 22
2013-12-06T14:00:00Z 417 544 615 140 96 3.918000 25
2013-12-06T15:00:00Z 425 547 534 130 85 3.838000 26
2013-12-06T16:00:00Z 431 531 489 125 81 3.457000 24
2013-12-06T17:00:00Z 436 480 436 131 73 3.200833 17
2013-12-06T18:00:00Z 439 461 428 127 66 3.083667 16
2013-12-06T19:00:00Z 441 433 412 123 55 2.821833 12
2013-12-06T20:00:00Z 442 368 391 103 44 2.331000 14
2013-12-06T21:00:00Z 440 311 433 98 39 2.056000 12
2013-12-06T22:00:00Z 437 279 385 97 35 1.994333 12
2013-12-06T23:00:00Z 432 263 444 98 35 2.058333 11
2013-12-07T00:00:00Z 427 263 403 97 33 2.072000 11
2013-12-07T01:00:00Z 421 252 363 76 50 2.204500 10
2013-12-07T02:00:00Z 415 258 338 93 28 3.814833 67
2013-12-07T03:00:00Z 409 271 306 90 29 2.363667 8
2013-12-07T04:00:00Z 405 245 209 85 29 2.104167 7
2013-12-07T05:00:00Z 401 204 235 81 28 1.844833 7
2013-12-07T06:00:00Z 396 171 141 81 27 1.806833 7
2013-12-07T07:00:00Z 395 174 108 80 26 2.126500 8
2013-12-07T08:00:00Z 399 187 177 82 27 2.463667 9
2013-12-07T09:00:00Z 376 204 167 99 32 2.392500 10
2013-12-07T10:00:00Z 361 204 140 113 36 1.974500 14
2013-12-07T11:00:00Z 348 179 108 90 41 1.397000 43
2013-12-07T12:00:00Z 333 134 42 63 41 1.128000 72
2013-12-07T13:00:00Z 315 115 82 48 39 1.033333 93
2013-12-07T14:00:00Z 300 116 85 43 37 1.032333 103
2013-12-09T08:00:00Z 181 374 321 79 48 2.988833 27
2013-12-09T09:00:00Z 188 266 238 60 40 2.117667 45
2013-12-09T10:00:00Z 194 265 285 61 37 1.967833 39
2013-12-09T11:00:00Z 199 288 321 73 52 2.281000 34
2013-12-09T12:00:00Z 204 313 349 77 62 2.479167 25
2013-12-09T13:00:00Z 210 329 362 81 62 2.595833 16
2013-12-09T14:00:00Z 216 301 274 81 69 2.855000 15
2013-12-09T15:00:00Z 221 259 162 72 74 2.168500 29
2013-12-09T16:00:00Z 222 167 105 61 58 1.526667 38
2013-12-09T17:00:00Z 222 122 138 72 56 1.500833 31
2013-12-09T18:00:00Z 222 138 155 84 57 1.633667 22
2013-12-09T19:00:00Z 221 153 159 87 56 1.638000 19
2013-12-09T20:00:00Z 222 158 160 84 55 1.664333 20
2013-12-09T21:00:00Z 222 148 151 76 52 1.518167 24
2013-12-26T09:00:00Z 177 360 354 88 141 2.958200 10
2013-12-26T10:00:00Z 190 378 372 88 157 2.663800 11
2013-12-26T11:00:00Z 202 383 374 94 151 3.297500 13
2013-12-26T12:00:00Z 213 362 351 93 143 2.157833 21
2013-12-26T13:00:00Z 223 353 371 103 151 2.385667 19
2013-12-26T14:00:00Z 223 -1 -1 -1 -1 -1.000000 -1
2013-12-26T15:00:00Z 247 404 473 106 149 2.385667 13
2013-12-26T16:00:00Z 259 391 380 90 100 2.260800 13
2013-12-26T17:00:00Z 265 259 285 71 53 1.608400 15
2013-12-29T13:00:00Z 170 155 173 70 91 1.548667 32
2013-12-29T14:00:00Z 172 126 145 62 80 1.300667 44
2013-12-29T15:00:00Z 172 -1 -1 -1 -1 -1.000000 -1
2013-12-29T16:00:00Z 174 105 133 76 81 1.319833 33
2013-12-29T17:00:00Z 175 116 142 89 83 1.375286 20
2013-12-29T18:00:00Z 175 120 149 102 79 1.671857 10
2013-12-29T19:00:00Z 176 137 177 107 78 2.122143 9
2013-12-29T20:00:00Z 177 158 184 107 80 2.499571 10
2013-12-29T21:00:00Z 179 173 224 106 80 2.313000 9
2013-12-29T22:00:00Z 180 177 236 106 74 2.425143 9
2013-12-29T23:00:00Z 182 182 233 103 67 2.520571 9
2013-12-30T00:00:00Z 183 178 218 101 67 2.819667 9
2013-12-30T01:00:00Z 184 170 210 99 64 2.267143 8
2013-12-30T02:00:00Z 185 158 202 92 73 1.842286 8
2013-12-30T03:00:00Z 186 149 189 88 75 1.934500 9
2013-12-30T04:00:00Z 187 147 177 86 82 1.641429 8
2013-12-30T05:00:00Z 188 148 167 85 88 1.695833 7
2013-12-30T06:00:00Z 188 146 174 85 89 1.426143 7
2013-12-30T07:00:00Z 188 148 184 86 87 1.664571 8
2013-12-30T08:00:00Z 188 157 196 88 90 1.887571 8
2013-12-30T09:00:00Z 188 168 211 94 97 1.901429 9
2014-01-18T08:00:00Z 200 165 180 50 37 1.186250 32
2014-01-18T09:00:00Z 217 182 199 52 41 1.312750 34
2014-01-18T10:00:00Z 220 185 201 52 48 1.315750 44
2014-01-18T11:00:00Z 224 189 207 51 52 1.928125 54
2014-01-18T12:00:00Z 233 200 214 50 62 1.494000 63
2014-01-20T02:00:00Z 172 136 157 83 34 1.722000 13
2014-01-20T03:00:00Z 202 165 169 85 47 1.495857 15
2014-01-20T04:00:00Z 232 199 201 91 53 1.672143 13
2014-01-20T05:00:00Z 249 218 230 93 60 1.615625 12
2014-01-20T06:00:00Z 257 228 245 89 66 2.052833 12
2014-01-20T07:00:00Z 256 230 246 84 65 2.138000 9
2014-01-30T02:00:00Z 171 140 127 49 23 1.850333 15
2014-01-30T03:00:00Z 180 148 129 49 25 1.274286 12
2014-01-30T04:00:00Z 180 149 115 49 26 1.386429 9
2014-01-30T05:00:00Z 180 150 127 49 30 1.536714 10
2014-01-30T06:00:00Z 198 166 140 46 32 1.617857 14
2014-01-30T07:00:00Z 203 171 135 51 31 1.646000 11
2014-01-30T08:00:00Z 207 175 148 52 28 1.690714 10
2014-01-30T09:00:00Z 211 182 147 51 26 1.711857 12
2014-01-30T10:00:00Z 223 195 160 55 29 1.801143 16
2014-01-30T11:00:00Z 234 207 180 56 33 1.787571 25
2014-01-30T12:00:00Z 243 215 190 61 37 1.716429 40
2014-01-30T13:00:00Z 220 214 185 53 40 1.638875 64
2014-01-30T14:00:00Z 216 207 160 48 36 1.349286 83
2014-01-30T15:00:00Z 214 183 88 46 31 1.213143 97
2014-01-30T16:00:00Z 199 166 81 47 26 1.171857 90
2014-01-30T17:00:00Z 207 171 197 71 29 1.491375 59
2014-01-30T18:00:00Z 250 219 229 83 30 1.789375 35
2014-01-30T19:00:00Z 260 230 215 59 22 1.720375 38
2014-01-30T20:00:00Z 274 244 220 40 18 1.643250 50
2014-01-30T21:00:00Z 287 259 240 35 19 1.507125 60
2014-02-02T00:00:00Z 175 142 161 76 27 1.566375 16
2014-02-02T01:00:00Z 212 177 214 62 31 3.321000 11
2014-02-02T02:00:00Z 248 217 232 55 25 2.279714 11
2014-02-02T03:00:00Z 243 210 223 46 20 1.600000 9
2014-03-10T01:00:00Z 173 139 163 99 24 3.151250 8
2014-03-10T02:00:00Z 184 149 165 99 23 1.751750 9
2014-03-10T03:00:00Z 189 153 169 96 22 1.713750 9
2014-03-10T04:00:00Z 197 159 172 95 22 1.651125 9
2014-03-10T05:00:00Z 195 157 172 90 22 1.603000 9
2014-03-10T06:00:00Z 191 153 166 89 24 1.546875 9
2014-03-10T07:00:00Z 186 147 164 87 25 1.361500 9
2014-03-10T08:00:00Z 187 146 169 84 28 1.252625 12
2014-03-10T09:00:00Z 189 149 163 81 34 1.218875 20
2014-03-18T09:00:00Z 183 147 216 145 43 2.130500 20
2014-03-18T10:00:00Z 186 144 208 147 48 1.853714 38
2014-03-18T11:00:00Z 195 151 267 170 58 2.272875 62
2014-03-18T12:00:00Z 226 181 254 137 75 1.773250 116
2014-03-18T13:00:00Z 215 169 211 84 87 1.600500 165
2014-04-17T11:00:00Z 190 144 168 67 30 1.373875 14
2014-04-17T12:00:00Z 205 156 186 71 23 1.456000 18
2014-04-17T13:00:00Z 209 160 180 85 24 1.375125 37
2014-04-17T14:00:00Z 219 170 189 109 24 1.379000 38
2014-05-26T18:00:00Z 192 95 321 54 15 0.557556 150
2014-05-26T19:00:00Z 200 104 337 61 16 0.644000 132
2014-05-26T20:00:00Z 223 112 359 60 17 0.793667 116
2014-05-26T21:00:00Z 192 128 306 52 21 0.814333 119
2014-05-26T22:00:00Z 181 128 293 52 20 0.845000 111
2014-05-29T17:00:00Z 170 119 277 81 38 1.103000 200
2014-11-06T05:00:00Z 199 155 194 77 30 1.255500 26
2014-11-06T06:00:00Z 254 204 236 83 37 1.594250 14
2014-11-06T07:00:00Z 235 185 198 84 36 1.576375 12
2014-11-06T08:00:00Z 215 165 183 84 33 1.515625 16
2014-11-06T09:00:00Z 198 150 164 83 32 1.361250 27
2014-11-06T10:00:00Z 181 136 178 73 44 1.704375 51
2014-11-06T11:00:00Z 195 148 182 60 38 1.213000 97
2014-11-12T00:00:00Z 180 136 205 107 40 1.196429 17
2014-11-12T01:00:00Z 205 157 220 91 62 1.529714 16
2014-12-28T23:00:00Z 180 137 186 109 51 1.693900 8
