2013-06-05T04:00:00Z 291.310000 1002.000000 95.000000 1.030000 74.000000 -1.000000 92.000000
2013-06-05T03:00:00Z 291.830000 1004.000000 94.000000 1.610000 77.501200 -1.000000 92.000000
2013-06-05T02:00:00Z 291.850000 1004.000000 94.000000 1.610000 77.501200 -1.000000 92.000000
2013-06-05T01:00:00Z 292.150000 1011.000000 88.000000 1.000000 0.000000 0.500000 75.000000
2013-06-05T00:00:00Z 292.080000 1012.000000 93.000000 3.000000 330.000000 -1.000000 75.000000
2013-06-04T23:00:00Z 292.150000 1012.000000 88.000000 1.000000 0.000000 1.000000 40.000000
2013-06-04T22:00:00Z 293.150000 1013.000000 82.000000 2.000000 360.000000 1.000000 75.000000
2013-06-04T21:00:00Z 292.150000 1013.000000 88.000000 2.000000 20.000000 1.000000 92.000000
2013-06-04T20:00:00Z 293.150000 1012.000000 82.000000 2.000000 330.000000 1.750000 92.000000
2013-06-04T19:00:00Z 292.850000 1012.000000 82.000000 3.000000 320.000000 1.750000 92.000000
2013-06-04T18:00:00Z 293.905000 999.080000 89.000000 3.270000 49.508700 0.500000 92.000000
2013-06-04T17:00:00Z 292.150000 1010.000000 82.000000 1.000000 0.000000 0.500000 0.000000
2013-06-09T13:00:00Z 289.610000 1012.000000 93.000000 6.000000 340.000000 1.000000 90.000000
2013-06-09T12:00:00Z 291.150000 1011.000000 88.000000 6.000000 320.000000 3.000000 90.000000
2013-06-09T11:00:00Z 291.050000 1002.000000 90.000000 3.600000 302.000000 -1.000000 92.000000
2013-06-09T10:00:00Z 290.700000 1010.000000 88.000000 7.000000 310.000000 -1.000000 90.000000
2013-06-09T09:00:00Z 291.620000 1002.000000 90.000000 4.110000 303.000000 -1.000000 100.000000
2013-06-09T08:00:00Z 292.420000 1001.000000 88.000000 2.570000 348.000000 -1.000000 100.000000
2013-06-09T07:00:00Z 293.150000 1000.000000 97.000000 1.030000 273.000000 -1.000000 100.000000
2013-06-09T06:00:00Z 293.150000 1007.000000 94.000000 1.000000 360.000000 8.000000 90.000000
2013-06-09T05:00:00Z 293.150000 999.000000 99.000000 1.110000 3.502750 8.000000 92.000000
2013-06-09T04:00:00Z 293.150000 1006.000000 94.000000 1.000000 0.000000 8.000000 90.000000
2013-06-09T03:00:00Z 293.150000 1007.000000 94.000000 2.000000 340.000000 8.000000 90.000000
2013-06-09T02:00:00Z 293.150000 1007.000000 94.000000 1.650000 94.002500 3.000000 90.000000
2013-06-17T10:00:00Z 302.010000 1002.000000 72.000000 1.030000 49.000000 0.000000 48.000000
2013-06-17T09:00:00Z 300.500000 1002.000000 81.000000 1.030000 39.000000 0.500000 88.000000
2013-06-17T08:00:00Z 299.010000 1002.000000 84.000000 2.060000 337.000000 0.500000 88.000000
2013-06-17T07:00:00Z 296.480000 1002.000000 18.000000 1.540000 74.000000 0.500000 88.000000
2013-06-17T06:00:00Z 294.670000 1002.000000 24.000000 1.470000 28.503800 3.500000 92.000000
2013-06-17T05:00:00Z 295.370000 1002.000000 23.000000 0.510000 43.000000 3.500000 92.000000
2013-06-17T04:00:00Z 294.670000 1002.000000 22.000000 0.510000 43.000000 3.500000 92.000000
2013-06-17T03:00:00Z 294.670000 1002.000000 23.000000 1.030000 61.000000 0.250000 100.000000
2013-06-17T02:00:00Z 294.670000 1002.000000 27.000000 1.030000 39.000000 0.250000 100.000000
2013-06-17T01:00:00Z 295.240000 1003.000000 31.000000 0.510000 59.000000 0.250000 100.000000
2013-06-17T00:00:00Z 295.240000 1003.000000 29.000000 2.060000 8.000000 0.000000 92.000000
2013-06-16T23:00:00Z 295.240000 1003.000000 30.000000 0.820000 22.003800 0.000000 92.000000
2013-06-27T13:00:00Z 308.420000 997.000000 60.000000 5.140000 175.000000 0.000000 36.000000
2013-06-27T12:00:00Z 307.440000 998.000000 64.000000 2.060000 133.000000 0.000000 36.000000
2013-06-27T11:00:00Z 304.720000 998.000000 74.000000 1.030000 0.000000 0.000000 0.000000
2013-06-27T10:00:00Z 304.420000 998.000000 80.000000 0.510000 354.000000 0.000000 0.000000
2013-06-27T09:00:00Z 302.240000 998.000000 88.000000 0.510000 106.000000 0.000000 0.000000
2013-06-27T08:00:00Z 298.580000 998.000000 14.000000 0.510000 352.000000 0.000000 0.000000
2013-06-27T07:00:00Z 296.660000 998.000000 19.000000 0.510000 43.000000 0.000000 0.000000
2013-06-27T06:00:00Z 296.190000 997.000000 24.000000 0.510000 133.000000 0.000000 8.000000
2013-06-27T05:00:00Z 296.190000 998.000000 18.000000 1.030000 344.000000 0.000000 8.000000
2013-06-27T04:00:00Z 295.690000 996.000000 26.000000 0.510000 312.000000 0.000000 8.000000
2013-06-27T03:00:00Z 296.190000 996.000000 27.000000 1.540000 2.000000 0.000000 20.000000
2013-06-27T02:00:00Z 296.190000 996.000000 27.000000 1.540000 2.000000 0.000000 20.000000
2013-07-20T09:00:00Z 301.630000 1005.000000 65.000000 2.000000 70.000000 -1.000000 0.000000
2013-07-20T08:00:00Z 300.120000 1005.000000 83.000000 1.000000 360.000000 -1.000000 68.000000
2013-07-20T07:00:00Z 298.750000 1004.000000 88.000000 2.000000 10.000000 -1.000000 68.000000
2013-07-20T06:00:00Z 298.750000 1004.000000 94.000000 1.000000 0.000000 -1.000000 92.000000
2013-07-20T05:00:00Z 298.140000 1003.000000 94.000000 1.000000 0.000000 -1.000000 92.000000
2013-07-20T04:00:00Z 298.140000 1003.000000 94.000000 1.000000 20.000000 -1.000000 92.000000
2013-07-20T03:00:00Z 298.750000 1003.000000 94.000000 1.000000 0.000000 -1.000000 92.000000
2013-07-20T02:00:00Z 298.760000 1003.000000 94.000000 1.000000 70.000000 -1.000000 92.000000
2013-07-20T01:00:00Z 298.600000 1003.000000 88.000000 1.000000 90.000000 -1.000000 92.000000
2013-07-20T00:00:00Z 299.060000 1003.000000 83.000000 1.000000 0.000000 -1.000000 92.000000
2013-07-19T23:00:00Z 299.510000 1003.000000 74.000000 1.000000 0.000000 -1.000000 92.000000
2013-07-19T22:00:00Z 299.510000 1003.000000 74.000000 1.000000 0.000000 -1.000000 92.000000
2013-08-17T09:00:00Z 306.150000 1001.000000 29.000000 7.000000 310.000000 -1.000000 0.000000
2013-08-17T08:00:00Z 305.150000 1001.000000 29.000000 6.000000 310.000000 -1.000000 0.000000
2013-08-17T07:00:00Z 301.150000 1000.000000 48.000000 2.000000 0.000000 -1.000000 0.000000
2013-08-17T06:00:00Z 302.150000 999.000000 42.000000 5.000000 310.000000 -1.000000 0.000000
2013-08-17T05:00:00Z 303.150000 999.000000 45.000000 5.000000 290.000000 -1.000000 0.000000
2013-08-17T04:00:00Z 299.150000 998.000000 88.000000 2.000000 340.000000 -1.000000 0.000000
2013-08-17T03:00:00Z 300.150000 998.000000 88.000000 2.060000 350.501000 -1.000000 0.000000
2013-08-17T02:00:00Z 301.150000 998.000000 83.000000 1.000000 20.000000 -1.000000 8.000000
2013-08-17T01:00:00Z 301.150000 997.000000 88.000000 2.000000 10.000000 -1.000000 8.000000
2013-08-17T00:00:00Z 301.150000 998.000000 83.000000 1.000000 0.000000 -1.000000 75.000000
2013-08-16T23:00:00Z 301.150000 998.000000 83.000000 1.000000 0.000000 -1.000000 75.000000
2013-08-16T22:00:00Z 301.150000 998.000000 83.000000 1.000000 0.000000 -1.000000 75.000000
2013-09-13T09:00:00Z 292.150000 1007.000000 82.000000 3.000000 130.000000 0.000000 68.000000
2013-09-13T08:00:00Z 292.150000 1007.000000 82.000000 3.000000 130.000000 0.000000 68.000000
2013-09-13T07:00:00Z 292.150000 1007.000000 82.000000 3.000000 140.000000 0.000000 68.000000
2013-09-13T06:00:00Z 292.150000 1007.000000 82.000000 2.000000 120.000000 0.000000 68.000000
2013-09-13T05:00:00Z 291.150000 1007.000000 88.000000 2.000000 100.000000 0.000000 20.000000
2013-09-13T04:00:00Z 292.150000 1007.000000 82.000000 3.000000 110.000000 0.000000 20.000000
2013-09-13T03:00:00Z 291.150000 1008.000000 88.000000 1.000000 0.000000 0.000000 20.000000
2013-09-13T02:00:00Z 291.150000 1008.000000 88.000000 1.000000 0.000000 0.000000 20.000000
2013-09-13T01:00:00Z 292.150000 1008.000000 82.000000 2.000000 130.000000 0.000000 0.000000
2013-09-13T00:00:00Z 295.150000 1008.000000 83.000000 2.000000 140.000000 0.000000 40.000000
2013-09-12T23:00:00Z 295.150000 1008.000000 83.000000 2.000000 140.000000 0.000000 40.000000
2013-09-12T22:00:00Z 295.150000 1008.000000 83.000000 2.000000 140.000000 0.000000 40.000000
2013-10-07T17:00:00Z 297.150000 1022.000000 17.000000 3.000000 50.000000 -1.000000 0.000000
2013-10-07T16:00:00Z 297.150000 1022.000000 17.000000 3.000000 50.000000 -1.000000 0.000000
2013-10-07T15:00:00Z 298.150000 1022.000000 17.000000 4.000000 50.000000 -1.000000 0.000000
2013-10-07T14:00:00Z 298.150000 1022.000000 17.000000 4.000000 40.000000 -1.000000 0.000000
2013-10-07T13:00:00Z 297.150000 1023.000000 19.000000 5.000000 50.000000 -1.000000 0.000000
2013-10-07T12:00:00Z 297.150000 1023.000000 19.000000 5.000000 50.000000 -1.000000 0.000000
2013-10-07T11:00:00Z 296.150000 1024.000000 27.000000 5.000000 40.000000 -1.000000 0.000000
2013-10-07T10:00:00Z 295.150000 1024.000000 43.000000 5.000000 360.000000 -1.000000 0.000000
2013-10-07T09:00:00Z 292.150000 1023.000000 68.000000 3.000000 360.000000 -1.000000 0.000000
2013-10-07T08:00:00Z 289.150000 1023.000000 87.000000 5.000000 340.000000 -1.000000 0.000000
2013-10-07T07:00:00Z 287.150000 1022.000000 87.000000 3.000000 10.000000 -1.000000 0.000000
2013-10-07T06:00:00Z 286.150000 1021.000000 93.000000 3.000000 360.000000 -1.000000 0.000000
2013-10-10T17:00:00Z 293.150000 1013.000000 24.000000 7.000000 320.000000 0.000000 0.000000
2013-10-10T16:00:00Z 294.150000 1013.000000 21.000000 11.000000 330.000000 0.000000 0.000000
2013-10-10T15:00:00Z 294.150000 1012.000000 50.000000 10.000000 300.000000 0.000000 0.000000
2013-10-10T14:00:00Z 293.150000 1012.000000 50.000000 13.000000 290.000000 0.000000 0.000000
2013-10-10T13:00:00Z 294.150000 1011.000000 50.000000 11.000000 300.000000 0.000000 0.000000
2013-10-10T12:00:00Z 295.150000 1011.000000 46.000000 10.000000 320.000000 0.000000 0.000000
2013-10-10T11:00:00Z 294.150000 1010.000000 57.000000 9.000000 330.000000 0.000000 0.000000
2013-10-10T10:00:00Z 293.150000 1010.000000 28.000000 11.000000 300.000000 0.000000 0.000000
2013-10-10T09:00:00Z 291.150000 1009.000000 72.000000 2.000000 60.000000 0.000000 0.000000
2013-10-10T08:00:00Z 287.150000 1008.000000 87.000000 2.000000 360.000000 0.000000 0.000000
2013-10-10T07:00:00Z 287.150000 1007.000000 82.000000 1.000000 0.000000 0.000000 0.000000
2013-10-10T06:00:00Z 287.150000 1007.000000 82.000000 2.000000 320.000000 0.000000 0.000000
2013-10-19T18:00:00Z 290.430000 1017.000000 39.000000 2.060000 298.000000 0.000000 0.000000
2013-10-19T17:00:00Z 291.370000 1017.000000 35.000000 2.570000 305.000000 -1.000000 0.000000
2013-10-19T16:00:00Z 292.020000 1024.000000 17.000000 9.000000 310.000000 0.000000 0.000000
2013-10-19T15:00:00Z 292.310000 1016.000000 30.000000 3.600000 338.000000 -1.000000 0.000000
2013-10-19T14:00:00Z 292.140000 1025.000000 15.000000 7.000000 340.000000 -1.000000 0.000000
2013-10-19T13:00:00Z 291.640000 1017.000000 30.000000 2.060000 343.000000 -1.000000 0.000000
2013-10-19T12:00:00Z 290.630000 1026.000000 19.000000 8.000000 330.000000 -1.000000 0.000000
2013-10-19T11:00:00Z 289.770000 1026.000000 24.000000 6.000000 320.000000 -1.000000 0.000000
2013-10-19T10:00:00Z 289.550000 1019.000000 38.000000 3.080000 319.000000 0.000000 0.000000
2013-10-19T09:00:00Z 288.920000 1026.000000 28.000000 6.000000 320.000000 -1.000000 0.000000
2013-10-29T17:00:00Z 283.848000 1031.570000 55.000000 1.010000 105.501000 0.000000 0.000000
2013-10-29T16:00:00Z 288.150000 1026.000000 18.000000 2.000000 130.000000 0.000000 0.000000
2013-10-29T15:00:00Z 286.342000 1032.380000 58.000000 3.000000 41.500300 0.000000 0.000000
2013-10-29T14:00:00Z 286.342000 1032.380000 58.000000 3.000000 41.500300 0.000000 0.000000
2013-10-29T13:00:00Z 286.342000 1032.380000 58.000000 3.000000 41.500300 0.000000 0.000000
2013-10-29T12:00:00Z 285.205000 1033.940000 57.000000 5.450000 2.500180 0.000000 0.000000
2013-10-29T11:00:00Z 285.205000 1033.940000 57.000000 5.450000 2.500180 0.000000 0.000000
2013-10-29T10:00:00Z 285.205000 1033.940000 57.000000 5.450000 2.500180 0.000000 0.000000
2013-10-29T09:00:00Z 279.634000 1033.160000 60.000000 5.310000 334.000000 0.000000 0.000000
2013-10-29T08:00:00Z 279.634000 1033.160000 60.000000 5.310000 334.000000 0.000000 0.000000
2013-10-29T07:00:00Z 282.282000 1030.200000 96.000000 2.400000 20.000200 0.500000 76.000000
2013-10-29T06:00:00Z 282.282000 1030.200000 96.000000 2.400000 20.000200 0.500000 76.000000
2013-11-09T19:00:00Z 282.330000 0.000000 48.800000 4.310000 162.001000 0.000000 0.000000
2013-11-09T18:00:00Z 285.850000 1032.740000 37.000000 2.510000 9.000890 -1.000000 48.000000
2013-11-09T17:00:00Z 285.850000 1032.740000 37.000000 2.510000 9.000890 -1.000000 48.000000
2013-11-09T16:00:00Z 288.960000 1024.000000 62.000000 2.510000 9.000890 -1.000000 48.000000
2013-11-09T15:00:00Z 289.019000 1031.070000 38.000000 3.520000 20.500700 -1.000000 80.000000
2013-11-09T14:00:00Z 289.703000 1028.300000 56.000000 2.170000 34.000000 -1.000000 56.000000
2013-11-09T13:00:00Z 288.380000 1022.000000 62.000000 2.170000 34.000000 -1.000000 56.000000
2013-11-09T12:00:00Z 289.703000 1028.300000 56.000000 2.170000 34.000000 -1.000000 56.000000
2013-11-09T11:00:00Z 285.967000 1029.610000 61.000000 2.060000 0.505859 -1.000000 0.000000
2013-11-09T10:00:00Z 286.880000 1023.000000 64.000000 2.060000 0.505859 -1.000000 0.000000
2013-11-09T09:00:00Z 287.080000 1023.000000 61.000000 3.000000 350.000000 -1.000000 0.000000
2013-11-09T08:00:00Z 279.863000 1029.260000 89.000000 2.690000 4.501160 -1.000000 68.000000
2013-11-14T16:00:00Z 290.930000 1013.000000 21.000000 4.810000 303.001000 -1.000000 0.000000
2013-11-14T15:00:00Z 290.700000 1013.000000 21.000000 6.750000 309.500000 -1.000000 0.000000
2013-11-14T14:00:00Z 290.390000 1013.000000 21.000000 6.750000 309.500000 -1.000000 0.000000
2013-11-14T13:00:00Z 289.900000 1013.000000 22.000000 6.750000 309.500000 -1.000000 0.000000
2013-11-14T12:00:00Z 288.190000 1019.000000 54.000000 5.860000 313.500000 -1.000000 0.000000
2013-11-14T11:00:00Z 287.330000 1020.000000 59.000000 5.860000 313.500000 -1.000000 0.000000
2013-11-14T10:00:00Z 286.960000 1021.000000 62.000000 5.860000 313.500000 -1.000000 0.000000
2013-11-14T09:00:00Z 285.440000 1021.000000 62.000000 4.960000 303.000000 -1.000000 0.000000
2013-11-14T08:00:00Z 284.490000 1020.000000 62.000000 4.960000 303.000000 -1.000000 0.000000
2013-11-24T17:00:00Z 279.150000 1012.000000 28.000000 4.850000 315.000000 -1.000000 0.000000
2013-11-24T16:00:00Z 279.427000 1014.910000 36.000000 4.850000 315.000000 -1.000000 0.000000
2013-11-24T15:00:00Z 283.150000 1013.000000 15.000000 6.000000 330.000000 -1.000000 0.000000
2013-11-24T14:00:00Z 283.150000 1013.000000 15.000000 5.000000 320.000000 -1.000000 0.000000
2013-11-24T13:00:00Z 283.150000 1015.000000 15.000000 6.000000 330.000000 -1.000000 0.000000
2013-11-24T12:00:00Z 283.150000 1015.000000 15.000000 6.000000 330.000000 -1.000000 0.000000
2013-11-24T11:00:00Z 282.150000 1016.000000 21.000000 3.000000 330.000000 -1.000000 0.000000
2013-11-24T10:00:00Z 281.150000 1017.000000 28.000000 3.000000 330.000000 -1.000000 0.000000
2013-11-24T09:00:00Z 279.150000 1017.000000 38.000000 3.000000 360.000000 -1.000000 0.000000
2013-11-24T08:00:00Z 279.150000 1017.000000 38.000000 3.000000 360.000000 -1.000000 0.000000
2013-11-24T07:00:00Z 277.150000 1017.000000 51.000000 4.000000 360.000000 -1.000000 0.000000
2013-11-24T06:00:00Z 276.150000 1017.000000 55.000000 3.000000 350.000000 -1.000000 0.000000
2013-12-09T06:00:00Z 281.840000 1025.000000 67.000000 5.060000 330.500000 -1.000000 0.000000
2013-12-09T05:00:00Z 281.860000 1025.000000 67.000000 5.060000 330.500000 -1.000000 0.000000
2013-12-09T04:00:00Z 281.090000 1025.000000 67.000000 5.060000 330.500000 -1.000000 0.000000
2013-12-09T03:00:00Z 281.090000 1025.000000 67.000000 5.060000 330.500000 -1.000000 0.000000
2013-12-09T02:00:00Z 282.000000 1025.000000 67.000000 5.660000 333.000000 -1.000000 0.000000
2013-12-09T01:00:00Z 281.910000 1025.000000 67.000000 5.660000 333.000000 -1.000000 0.000000
2013-12-09T00:00:00Z 282.250000 1025.000000 67.000000 6.510000 331.000000 -1.000000 0.000000
2013-12-08T23:00:00Z 282.050000 1025.000000 67.000000 6.510000 331.000000 -1.000000 0.000000
2013-12-08T22:00:00Z 282.050000 1025.000000 67.000000 6.510000 331.000000 -1.000000 0.000000
2013-12-08T21:00:00Z 283.040000 1024.000000 67.000000 6.560000 324.000000 -1.000000 0.000000
2013-12-08T20:00:00Z 283.410000 1024.000000 67.000000 6.560000 324.000000 -1.000000 0.000000
2013-12-08T19:00:00Z 283.660000 1022.000000 67.000000 6.560000 324.000000 -1.000000 0.000000
2013-12-26T04:00:00Z 268.750000 1034.000000 24.000000 8.000000 330.000000 -1.000000 0.000000
2013-12-26T03:00:00Z 269.150000 1033.000000 23.000000 10.000000 330.000000 -1.000000 0.000000
2013-12-26T02:00:00Z 269.150000 1032.000000 25.000000 10.000000 330.000000 -1.000000 0.000000
2013-12-26T01:00:00Z 269.440000 1025.000000 31.000000 3.600000 313.000000 -1.000000 0.000000
2013-12-26T00:00:00Z 269.960000 1032.000000 19.000000 11.000000 320.000000 -1.000000 0.000000
2013-12-25T23:00:00Z 270.240000 1025.000000 28.000000 3.600000 39.000000 -1.000000 0.000000
2013-12-25T22:00:00Z 270.820000 1025.000000 27.000000 6.170000 290.000000 -1.000000 0.000000
2013-12-25T21:00:00Z 270.820000 1025.000000 27.000000 6.170000 290.000000 -1.000000 0.000000
2013-12-25T20:00:00Z 270.820000 1025.000000 27.000000 6.170000 290.000000 -1.000000 0.000000
2013-12-25T19:00:00Z 270.820000 1025.000000 27.000000 6.170000 290.000000 -1.000000 0.000000
2013-12-25T18:00:00Z 270.820000 1025.000000 27.000000 6.170000 290.000000 -1.000000 0.000000
2013-12-25T17:00:00Z 270.820000 1025.000000 27.000000 6.170000 290.000000 -1.000000 0.000000
2014-01-03T01:00:00Z 275.930000 1010.000000 55.000000 0.510000 355.000000 -1.000000 0.000000
2014-01-03T00:00:00Z 274.890000 1018.000000 50.000000 5.000000 350.000000 -1.000000 8.000000
2014-01-02T23:00:00Z 274.890000 1018.000000 50.000000 5.000000 350.000000 -1.000000 8.000000
2014-01-02T22:00:00Z 276.480000 1010.000000 54.000000 1.360000 305.500000 -1.000000 8.000000
2014-01-02T21:00:00Z 277.040000 1009.000000 53.000000 1.350000 238.000000 -1.000000 0.000000
2014-01-02T20:00:00Z 277.040000 1009.000000 53.000000 1.350000 238.000000 -1.000000 0.000000
2014-01-02T19:00:00Z 275.150000 1016.000000 51.000000 1.000000 0.000000 -1.000000 0.000000
2014-01-02T18:00:00Z 276.150000 1016.000000 44.000000 1.000000 0.000000 -1.000000 0.000000
2014-01-02T17:00:00Z 278.230000 1016.000000 38.000000 1.000000 0.000000 -1.000000 12.000000
2014-01-02T16:00:00Z 279.490000 1016.000000 30.000000 2.000000 220.000000 -1.000000 12.000000
2014-01-02T15:00:00Z 280.150000 1016.000000 30.000000 2.000000 0.000000 -1.000000 32.000000
2014-01-02T14:00:00Z 279.760000 1009.000000 46.000000 1.030000 319.000000 -1.000000 32.000000
2014-01-05T05:00:00Z 268.730000 1023.000000 79.000000 2.000000 350.000000 -1.000000 0.000000
2014-01-05T04:00:00Z 269.020000 1015.000000 73.000000 1.540000 21.000000 -1.000000 0.000000
2014-01-05T03:00:00Z 270.090000 1014.000000 77.000000 0.510000 35.000000 -1.000000 0.000000
2014-01-05T02:00:00Z 270.090000 1014.000000 77.000000 0.510000 35.000000 -1.000000 0.000000
2014-01-05T01:00:00Z 267.150000 1022.000000 73.000000 3.000000 360.000000 -1.000000 0.000000
2014-01-05T00:00:00Z 268.150000 1021.000000 73.000000 2.000000 360.000000 -1.000000 0.000000
2014-01-04T23:00:00Z 269.930000 1014.000000 77.000000 1.160000 334.000000 -1.000000 0.000000
2014-01-04T22:00:00Z 269.150000 1021.000000 73.000000 1.000000 0.000000 -1.000000 0.000000
2014-01-04T21:00:00Z 269.150000 1021.000000 73.000000 1.000000 0.000000 -1.000000 0.000000
2014-01-04T20:00:00Z 269.150000 1021.000000 73.000000 1.000000 20.000000 -1.000000 0.000000
2014-01-04T19:00:00Z 269.150000 1021.000000 73.000000 1.000000 20.000000 -1.000000 0.000000
2014-01-04T18:00:00Z 271.150000 1020.000000 63.000000 3.000000 360.000000 -1.000000 0.000000
2014-01-19T21:00:00Z 280.700000 1017.000000 28.000000 3.080000 265.000000 -1.000000 0.000000
2014-01-19T20:00:00Z 274.881000 1030.830000 17.000000 7.460000 321.002000 -1.000000 0.000000
2014-01-19T19:00:00Z 274.881000 1030.830000 17.000000 7.460000 321.002000 -1.000000 0.000000
2014-01-19T18:00:00Z 277.860000 1022.980000 23.000000 6.250000 300.500000 -1.000000 0.000000
2014-01-19T17:00:00Z 277.860000 1022.980000 23.000000 6.250000 300.500000 -1.000000 0.000000
2014-01-19T16:00:00Z 277.860000 1022.980000 23.000000 6.250000 300.500000 -1.000000 0.000000
2014-01-19T15:00:00Z 279.093000 1022.970000 33.000000 5.160000 292.500000 -1.000000 0.000000
2014-01-19T14:00:00Z 279.093000 1022.970000 33.000000 5.160000 292.500000 -1.000000 0.000000
2014-01-19T13:00:00Z 279.093000 1022.970000 33.000000 5.160000 292.500000 -1.000000 0.000000
2014-01-19T12:00:00Z 271.431000 1032.460000 64.000000 3.020000 349.502000 -1.000000 56.000000
2014-01-19T11:00:00Z 271.431000 1032.460000 64.000000 3.020000 349.502000 -1.000000 56.000000
2014-01-19T10:00:00Z 271.591000 1026.710000 63.000000 2.310000 336.000000 -1.000000 64.000000
2014-01-24T13:00:00Z 278.150000 1009.000000 33.000000 1.030000 350.000000 -1.000000 88.000000
2014-01-24T12:00:00Z 276.870000 1011.000000 38.000000 0.510000 360.000000 -1.000000 88.000000
2014-01-24T11:00:00Z 274.200000 1010.000000 44.000000 3.610000 7.000640 -1.000000 88.000000
2014-01-24T10:00:00Z 274.200000 1010.000000 44.000000 3.610000 7.000640 -1.000000 88.000000
2014-01-24T09:00:00Z 272.150000 1017.000000 42.000000 2.000000 360.000000 -1.000000 88.000000
2014-01-24T08:00:00Z 270.540000 1009.000000 54.000000 2.660000 353.501000 -1.000000 76.000000
2014-01-24T07:00:00Z 270.890000 1008.000000 51.000000 0.510000 215.000000 -1.000000 76.000000
2014-01-24T06:00:00Z 270.890000 1008.000000 51.000000 0.510000 215.000000 -1.000000 76.000000
2014-01-24T05:00:00Z 270.150000 1014.000000 49.000000 4.000000 350.000000 -1.000000 68.000000
2014-01-24T04:00:00Z 271.700000 1015.000000 46.000000 2.000000 320.000000 -1.000000 68.000000
2014-01-24T03:00:00Z 271.060000 1007.000000 52.000000 0.510000 323.000000 -1.000000 20.000000
2014-01-24T02:00:00Z 272.590000 1008.000000 52.000000 1.030000 355.000000 -1.000000 20.000000
2014-01-30T02:00:00Z 272.010000 1008.000000 39.000000 2.570000 333.000000 -1.000000 0.000000
2014-01-30T01:00:00Z 272.040000 1007.000000 64.000000 1.030000 333.000000 -1.000000 0.000000
2014-01-30T00:00:00Z 271.800000 1006.000000 63.000000 1.030000 300.000000 -1.000000 0.000000
2014-01-29T23:00:00Z 271.150000 1013.000000 58.000000 1.000000 0.000000 -1.000000 0.000000
2014-01-29T22:00:00Z 272.530000 1013.000000 63.000000 3.000000 360.000000 -1.000000 0.000000
2014-01-29T21:00:00Z 271.920000 1006.000000 57.000000 0.510000 313.000000 -1.000000 0.000000
2014-01-29T20:00:00Z 270.150000 1013.000000 63.000000 2.000000 360.000000 -1.000000 0.000000
2014-01-29T19:00:00Z 272.540000 1012.000000 63.000000 1.000000 20.000000 -1.000000 0.000000
2014-01-29T18:00:00Z 273.510000 1004.000000 56.000000 1.400000 298.502000 -1.000000 0.000000
2014-01-29T17:00:00Z 275.570000 1011.000000 43.000000 1.000000 0.000000 -1.000000 0.000000
2014-01-29T16:00:00Z 276.150000 1011.000000 40.000000 1.000000 0.000000 -1.000000 0.000000
2014-01-29T15:00:00Z 276.150000 1011.000000 40.000000 1.000000 0.000000 -1.000000 0.000000
2014-02-02T09:00:00Z 276.480000 1006.000000 78.000000 2.060000 342.000000 -1.000000 0.000000
2014-02-02T08:00:00Z 269.920000 1017.240000 74.000000 3.900000 358.000000 -1.000000 0.000000
2014-02-02T07:00:00Z 274.820000 1005.000000 90.000000 2.060000 24.000000 -1.000000 0.000000
2014-02-02T06:00:00Z 266.880000 1014.420000 72.000000 1.700000 354.500000 -1.000000 0.000000
2014-02-02T05:00:00Z 275.930000 1004.000000 87.000000 1.340000 331.002000 -1.000000 0.000000
2014-02-02T04:00:00Z 266.880000 1014.420000 72.000000 1.700000 354.500000 -1.000000 0.000000
2014-02-02T03:00:00Z 275.930000 1004.000000 88.000000 1.440000 210.505000 -1.000000 0.000000
2014-02-02T02:00:00Z 275.930000 1004.000000 88.000000 1.030000 190.000000 -1.000000 0.000000
2014-02-02T01:00:00Z 275.930000 1004.000000 87.000000 0.510000 149.000000 -1.000000 0.000000
2014-02-02T00:00:00Z 275.930000 1004.000000 87.000000 2.840000 205.500000 -1.000000 0.000000
2014-02-01T23:00:00Z 275.930000 1005.000000 87.000000 1.540000 128.000000 -1.000000 0.000000
2014-02-01T22:00:00Z 275.930000 1005.000000 87.000000 1.030000 190.000000 -1.000000 0.000000
2014-02-12T07:00:00Z 265.300000 1024.000000 59.000000 0.510000 355.000000 -1.000000 0.000000
2014-02-12T06:00:00Z 265.300000 1024.000000 59.000000 0.510000 355.000000 -1.000000 0.000000
2014-02-12T05:00:00Z 265.150000 1031.000000 61.000000 3.000000 340.000000 -1.000000 0.000000
2014-02-12T04:00:00Z 267.110000 1030.000000 66.000000 3.000000 350.000000 -1.000000 0.000000
2014-02-12T03:00:00Z 265.150000 1022.000000 59.000000 0.510000 12.000000 -1.000000 0.000000
2014-02-12T02:00:00Z 265.150000 1022.000000 59.000000 0.510000 12.000000 -1.000000 0.000000
2014-02-12T01:00:00Z 266.720000 1022.000000 60.000000 0.510000 62.000000 -1.000000 0.000000
2014-02-12T00:00:00Z 266.350000 1022.000000 59.000000 0.510000 44.000000 -1.000000 0.000000
2014-02-11T23:00:00Z 268.170000 1021.000000 55.000000 3.180000 217.005000 -1.000000 0.000000
2014-02-11T22:00:00Z 269.680000 1020.000000 51.000000 3.180000 217.005000 -1.000000 0.000000
2014-02-11T21:00:00Z 269.680000 1020.000000 51.000000 3.180000 217.005000 -1.000000 0.000000
2014-02-11T20:00:00Z 268.150000 1027.000000 53.000000 1.000000 0.000000 -1.000000 0.000000
2014-02-17T04:00:00Z 270.150000 1034.000000 58.000000 1.000000 30.000000 -1.000000 20.000000
2014-02-17T03:00:00Z 272.150000 1034.000000 63.000000 1.000000 140.000000 -1.000000 80.000000
2014-02-17T02:00:00Z 272.150000 1034.000000 63.000000 1.000000 140.000000 -1.000000 80.000000
2014-02-17T01:00:00Z 273.150000 1033.000000 77.000000 3.000000 130.000000 -1.000000 80.000000
2014-02-17T00:00:00Z 273.150000 1033.000000 77.000000 1.000000 0.000000 -1.000000 80.000000
2014-02-16T23:00:00Z 275.150000 1033.000000 55.000000 2.000000 160.000000 -1.000000 80.000000
2014-02-16T22:00:00Z 275.150000 1033.000000 55.000000 2.000000 160.000000 -1.000000 80.000000
2014-02-16T21:00:00Z 275.150000 1032.000000 55.000000 2.000000 170.000000 -1.000000 80.000000
2014-02-16T20:00:00Z 276.150000 1030.000000 47.000000 3.000000 180.000000 -1.000000 36.000000
2014-02-16T19:00:00Z 277.150000 1030.000000 41.000000 5.000000 190.000000 -1.000000 36.000000
2014-02-16T18:00:00Z 280.246000 1037.670000 30.000000 3.010000 110.501000 -1.000000 20.000000
2014-02-16T17:00:00Z 280.246000 1037.670000 30.000000 3.010000 110.501000 -1.000000 20.000000
2014-03-04T04:00:00Z 272.150000 1024.000000 68.000000 2.000000 10.000000 0.000000 92.000000
2014-03-04T03:00:00Z 273.150000 1024.000000 72.000000 2.000000 350.000000 0.000000 92.000000
2014-03-04T02:00:00Z 275.150000 1024.000000 47.000000 3.000000 350.000000 2.500000 92.000000
2014-03-04T01:00:00Z 275.150000 1023.000000 43.000000 3.000000 360.000000 2.500000 92.000000
2014-03-04T00:00:00Z 274.150000 1023.000000 47.000000 3.000000 360.000000 2.500000 92.000000
2014-03-03T23:00:00Z 274.150000 1023.000000 47.000000 3.000000 360.000000 2.500000 92.000000
2014-03-03T22:00:00Z 273.150000 1022.000000 86.000000 3.000000 360.000000 -1.000000 92.000000
2014-03-03T21:00:00Z 275.150000 1022.000000 51.000000 2.000000 20.000000 -1.000000 92.000000
2014-03-03T20:00:00Z 276.150000 1022.000000 51.000000 4.000000 340.000000 -1.000000 0.000000
2014-03-03T19:00:00Z 276.150000 1021.000000 51.000000 3.000000 350.000000 -1.000000 0.000000
2014-03-03T18:00:00Z 276.150000 1020.000000 44.000000 3.000000 360.000000 -1.000000 8.000000
2014-03-03T17:00:00Z 276.150000 1020.000000 44.000000 3.000000 360.000000 -1.000000 8.000000
2014-04-01T14:00:00Z 293.150000 1017.000000 19.000000 2.000000 10.000000 -1.000000 0.000000
2014-04-01T13:00:00Z 293.150000 1017.000000 19.000000 2.000000 10.000000 -1.000000 0.000000
2014-04-01T12:00:00Z 293.150000 1017.000000 19.000000 2.000000 10.000000 -1.000000 0.000000
2014-04-01T11:00:00Z 293.150000 1017.000000 19.000000 2.000000 10.000000 -1.000000 0.000000
2014-04-01T10:00:00Z 293.150000 1017.000000 19.000000 2.000000 10.000000 -1.000000 0.000000
2014-04-01T09:00:00Z 293.150000 1017.000000 19.000000 2.000000 10.000000 -1.000000 0.000000
2014-04-01T08:00:00Z 293.150000 1017.000000 19.000000 2.000000 10.000000 -1.000000 0.000000
2014-04-01T07:00:00Z 293.150000 1017.000000 19.000000 2.000000 10.000000 -1.000000 0.000000
2014-04-01T06:00:00Z 293.150000 1017.000000 19.000000 2.000000 10.000000 -1.000000 0.000000
2014-04-01T05:00:00Z 293.150000 1017.000000 19.000000 2.000000 10.000000 -1.000000 0.000000
2014-04-15T08:00:00Z 291.300000 1021.000000 52.000000 3.000000 150.000000 -1.000000 36.000000
2014-04-15T07:00:00Z 288.150000 1019.000000 67.000000 1.000000 0.000000 -1.000000 36.000000
2014-04-15T06:00:00Z 289.150000 1018.000000 59.000000 2.000000 110.000000 -1.000000 80.000000
2014-04-15T05:00:00Z 289.130000 1009.000000 64.000000 1.030000 105.000000 -1.000000 12.000000
2014-04-15T04:00:00Z 289.960000 1008.000000 60.000000 3.900000 209.002000 -1.000000 12.000000
2014-04-15T03:00:00Z 289.960000 1008.000000 60.000000 3.900000 209.002000 -1.000000 12.000000
2014-04-15T02:00:00Z 291.150000 1016.000000 45.000000 3.000000 110.000000 -1.000000 0.000000
2014-04-15T01:00:00Z 291.150000 1016.000000 45.000000 3.000000 110.000000 -1.000000 0.000000
2014-04-14T23:00:00Z 293.950000 1007.000000 45.000000 0.510000 218.000000 -1.000000 12.000000
2014-04-14T22:00:00Z 294.810000 1015.000000 56.000000 2.000000 160.000000 -1.000000 12.000000
2014-04-14T21:00:00Z 295.240000 1006.000000 61.000000 6.990000 219.504000 -1.000000 0.000000
2014-04-23T19:00:00Z 297.080000 1008.000000 44.000000 5.000000 210.000000 0.250000 36.000000
2014-04-23T18:00:00Z 297.100000 999.000000 51.000000 1.030000 149.000000 -1.000000 44.000000
2014-04-23T17:00:00Z 297.100000 999.000000 51.000000 1.030000 149.000000 -1.000000 44.000000
2014-04-23T16:00:00Z 298.490000 1007.000000 36.000000 7.000000 190.000000 -1.000000 0.000000
2014-04-23T15:00:00Z 297.880000 1000.000000 50.000000 1.540000 191.000000 -1.000000 12.000000
2014-04-23T14:00:00Z 297.880000 1000.000000 50.000000 1.540000 191.000000 -1.000000 12.000000
2014-04-23T13:00:00Z 296.030000 1010.000000 53.000000 5.000000 160.000000 -1.000000 12.000000
2014-04-23T12:00:00Z 295.730000 1010.000000 53.000000 4.000000 140.000000 -1.000000 0.000000
2014-04-23T11:00:00Z 293.150000 1011.000000 64.000000 3.000000 130.000000 -1.000000 0.000000
2014-04-23T10:00:00Z 293.150000 1011.000000 64.000000 3.000000 130.000000 -1.000000 0.000000
2014-04-23T09:00:00Z 292.150000 1012.000000 63.000000 3.000000 160.000000 -1.000000 0.000000
2014-04-23T08:00:00Z 291.150000 1012.000000 68.000000 3.000000 160.000000 -1.000000 0.000000
2014-05-16T00:00:00Z 293.727000 1007.730000 33.000000 3.170000 251.500000 -1.000000 8.000000
2014-05-15T23:00:00Z 293.727000 1007.730000 33.000000 3.170000 251.500000 -1.000000 8.000000
2014-05-15T22:00:00Z 293.727000 1007.730000 33.000000 3.170000 251.500000 -1.000000 8.000000
2014-05-15T21:00:00Z 297.474000 1006.040000 28.000000 2.560000 253.004000 -1.000000 92.000000
2014-05-15T20:00:00Z 297.474000 1006.040000 28.000000 2.560000 253.004000 -1.000000 92.000000
2014-05-15T19:00:00Z 295.652000 1007.180000 49.000000 2.460000 183.000000 -1.000000 68.000000
2014-05-15T18:00:00Z 302.780000 1004.920000 24.000000 4.130000 258.501000 -1.000000 56.000000
2014-05-15T17:00:00Z 302.780000 1004.920000 24.000000 4.130000 258.501000 -1.000000 56.000000
2014-05-15T16:00:00Z 302.780000 1004.920000 24.000000 4.130000 258.501000 -1.000000 56.000000
2014-05-15T15:00:00Z 302.596000 1006.490000 30.000000 5.010000 234.004000 -1.000000 0.000000
2014-05-15T14:00:00Z 302.596000 1006.490000 30.000000 5.010000 234.004000 -1.000000 0.000000
2014-05-20T06:00:00Z 285.852000 1012.130000 95.000000 1.610000 26.505500 -1.000000 0.000000
2014-05-20T05:00:00Z 293.720000 1004.000000 77.000000 3.000000 30.000000 -1.000000 0.000000
2014-05-20T04:00:00Z 293.230000 1004.000000 82.000000 1.000000 0.000000 -1.000000 0.000000
2014-05-20T03:00:00Z 289.245000 1011.790000 62.000000 2.630000 35.002700 -1.000000 0.000000
2014-05-20T02:00:00Z 293.560000 995.000000 76.000000 2.630000 35.002700 -1.000000 0.000000
2014-05-20T01:00:00Z 289.245000 1011.790000 62.000000 2.630000 35.002700 -1.000000 0.000000
2014-05-20T00:00:00Z 294.560000 1003.000000 82.000000 2.000000 20.000000 -1.000000 0.000000
2014-05-19T23:00:00Z 291.812000 1011.350000 63.000000 2.060000 185.501000 -1.000000 0.000000
2014-05-19T22:00:00Z 296.460000 1003.000000 68.000000 2.000000 80.000000 0.000000 0.000000
2014-05-19T21:00:00Z 296.490000 994.000000 58.000000 0.510000 64.000000 -1.000000 0.000000
2014-05-19T20:00:00Z 295.961000 1012.150000 42.000000 3.320000 338.501000 0.000000 0.000000
2014-05-19T19:00:00Z 295.961000 1012.150000 42.000000 3.320000 338.501000 0.000000 0.000000
2014-05-22T14:00:00Z 306.209000 1014.550000 41.000000 6.910000 204.501000 -1.000000 0.000000
2014-05-22T13:00:00Z 305.150000 1006.000000 33.000000 4.000000 190.000000 -1.000000 0.000000
2014-05-22T12:00:00Z 304.150000 1007.000000 43.000000 5.000000 200.000000 -1.000000 0.000000
2014-05-22T11:00:00Z 304.722000 1015.650000 51.000000 5.810000 205.501000 -1.000000 0.000000
2014-05-22T10:00:00Z 304.722000 1015.650000 51.000000 5.810000 205.501000 -1.000000 0.000000
2014-05-22T09:00:00Z 297.150000 1007.000000 69.000000 2.000000 80.000000 -1.000000 0.000000
2014-05-22T08:00:00Z 299.684000 1015.560000 54.000000 2.360000 178.001000 -1.000000 0.000000
2014-05-22T07:00:00Z 294.150000 1007.000000 83.000000 1.000000 0.000000 -1.000000 0.000000
2014-05-22T06:00:00Z 292.150000 1006.000000 82.000000 1.000000 0.000000 -1.000000 0.000000
2014-05-22T05:00:00Z 292.150000 1005.000000 82.000000 1.000000 0.000000 -1.000000 0.000000
2014-05-22T04:00:00Z 288.212000 1017.190000 56.000000 3.510000 27.000400 -1.000000 0.000000
2014-05-22T03:00:00Z 292.784000 1014.360000 72.000000 2.500000 205.008000 -1.000000 24.000000
2014-05-31T23:00:00Z 294.150000 1009.000000 83.000000 9.000000 270.000000 4.000000 40.000000
2014-05-31T22:00:00Z 295.150000 1010.000000 78.000000 14.000000 210.000000 4.000000 75.000000
2014-05-31T21:00:00Z 303.150000 1005.000000 48.000000 3.000000 130.000000 0.500000 20.000000
2014-05-31T20:00:00Z 303.150000 1005.000000 48.000000 1.000000 100.000000 -1.000000 92.000000
2014-05-31T19:00:00Z 305.150000 1005.000000 38.000000 2.000000 160.000000 -1.000000 92.000000
2014-05-31T18:00:00Z 305.150000 1005.000000 40.000000 2.000000 150.000000 -1.000000 92.000000
2014-05-31T17:00:00Z 306.690000 1005.000000 38.000000 3.000000 160.000000 -1.000000 92.000000
2014-05-31T16:00:00Z 307.350000 997.000000 37.000000 1.540000 97.000000 -1.000000 92.000000
2014-05-31T15:00:00Z 307.110000 997.000000 36.000000 2.570000 137.000000 -1.000000 92.000000
2014-05-31T14:00:00Z 306.270000 998.000000 35.000000 1.030000 115.000000 -1.000000 80.000000
2014-05-31T13:00:00Z 305.150000 1007.000000 33.000000 2.000000 0.000000 -1.000000 92.000000
2014-05-31T12:00:00Z 305.150000 1007.000000 33.000000 2.000000 0.000000 -1.000000 92.000000
2014-06-17T03:00:00Z 291.150000 1003.000000 88.000000 6.000000 80.000000 4.000000 20.000000
2014-06-17T02:00:00Z 291.150000 1003.000000 88.000000 6.000000 80.000000 4.000000 20.000000
2014-06-17T01:00:00Z 299.150000 1001.000000 69.000000 4.000000 190.000000 4.000000 80.000000
2014-06-17T00:00:00Z 299.150000 1001.000000 69.000000 3.000000 170.000000 0.000000 92.000000
2014-06-16T23:00:00Z 299.150000 1001.000000 69.000000 4.000000 130.000000 6.000000 92.000000
2014-06-16T22:00:00Z 299.150000 1001.000000 69.000000 4.000000 130.000000 6.000000 92.000000
2014-06-16T21:00:00Z 299.150000 1001.000000 69.000000 1.000000 0.000000 4.000000 56.000000
2014-06-16T20:00:00Z 301.150000 1000.000000 58.000000 4.000000 190.000000 3.000000 68.000000
2014-06-16T19:00:00Z 301.150000 1000.000000 58.000000 4.000000 180.000000 3.000000 68.000000
2014-06-16T18:00:00Z 302.150000 1000.000000 58.000000 3.000000 150.000000 2.000000 48.000000
2014-06-16T17:00:00Z 302.150000 1000.000000 58.000000 3.000000 150.000000 2.000000 48.000000
2014-06-16T16:00:00Z 302.150000 1000.000000 54.000000 4.000000 160.000000 5.000000 44.000000
2014-07-19T00:00:00Z 301.150000 1007.000000 78.000000 2.000000 160.000000 -1.000000 0.000000
2014-07-18T23:00:00Z 302.150000 1007.000000 74.000000 1.000000 150.000000 0.000000 0.000000
2014-07-18T22:00:00Z 302.150000 1007.000000 74.000000 1.000000 130.000000 0.000000 0.000000
2014-07-18T21:00:00Z 302.150000 1007.000000 74.000000 1.000000 130.000000 0.000000 0.000000
2014-07-18T20:00:00Z 305.150000 1006.000000 59.000000 2.000000 170.000000 0.000000 0.000000
2014-07-18T19:00:00Z 305.150000 1006.000000 59.000000 2.000000 170.000000 0.000000 0.000000
2014-07-18T18:00:00Z 307.150000 1005.000000 49.000000 4.000000 190.000000 0.000000 36.000000
2014-07-18T17:00:00Z 307.150000 1005.000000 49.000000 4.000000 190.000000 0.000000 0.000000
2014-07-18T16:00:00Z 307.150000 1005.000000 49.000000 4.000000 190.000000 0.000000 0.000000
2014-07-18T15:00:00Z 306.150000 1006.000000 59.000000 2.000000 160.000000 0.000000 36.000000
2014-07-18T14:00:00Z 306.150000 1006.000000 59.000000 2.000000 160.000000 0.000000 36.000000
2014-07-18T13:00:00Z 305.150000 1007.000000 62.000000 2.000000 0.000000 0.000000 0.000000
2014-08-21T21:00:00Z 299.620000 1009.000000 64.000000 5.000000 80.000000 -1.000000 20.000000
2014-08-21T20:00:00Z 301.350000 1006.000000 62.000000 1.000000 0.000000 -1.000000 24.000000
2014-08-21T19:00:00Z 304.320000 1005.000000 49.000000 2.000000 180.000000 -1.000000 24.000000
2014-08-21T18:00:00Z 304.240000 1005.000000 49.000000 4.000000 200.000000 -1.000000 8.000000
2014-08-21T17:00:00Z 304.240000 1005.000000 52.000000 4.000000 200.000000 -1.000000 8.000000
2014-08-21T16:00:00Z 304.200000 1005.000000 52.000000 5.000000 210.000000 -1.000000 0.000000
2014-08-21T15:00:00Z 304.200000 1005.000000 52.000000 5.000000 210.000000 -1.000000 0.000000
2014-08-21T14:00:00Z 303.100000 1006.000000 52.000000 2.000000 120.000000 -1.000000 0.000000
2014-08-21T13:00:00Z 303.100000 1006.000000 52.000000 2.000000 120.000000 -1.000000 0.000000
2014-08-21T12:00:00Z 302.450000 1007.000000 55.000000 1.000000 0.000000 -1.000000 32.000000
2014-08-21T11:00:00Z 302.450000 1007.000000 55.000000 1.000000 0.000000 -1.000000 32.000000
2014-08-21T10:00:00Z 299.410000 1008.000000 83.000000 1.000000 0.000000 -1.000000 20.000000
2014-08-30T23:00:00Z 299.290000 1013.000000 94.000000 1.000000 0.000000 -1.000000 88.000000
2014-08-30T22:00:00Z 299.290000 1013.000000 94.000000 1.000000 0.000000 -1.000000 88.000000
2014-08-30T21:00:00Z 299.930000 1014.000000 88.000000 2.000000 120.000000 -1.000000 92.000000
2014-08-30T20:00:00Z 300.190000 1013.000000 94.000000 1.000000 0.000000 -1.000000 92.000000
2014-08-30T19:00:00Z 300.090000 1012.000000 88.000000 2.000000 100.000000 -1.000000 92.000000
2014-08-30T18:00:00Z 300.090000 1012.000000 88.000000 2.000000 100.000000 -1.000000 92.000000
2014-08-30T17:00:00Z 300.990000 1013.000000 88.000000 2.000000 70.000000 -1.000000 92.000000
2014-08-30T16:00:00Z 300.940000 1013.000000 88.000000 2.000000 80.000000 -1.000000 75.000000
2014-08-30T15:00:00Z 301.120000 1013.000000 78.000000 3.000000 80.000000 -1.000000 92.000000
2014-08-30T14:00:00Z 301.150000 1014.000000 78.000000 2.000000 30.000000 -1.000000 12.000000
2014-08-30T13:00:00Z 300.940000 1014.000000 83.000000 1.000000 0.000000 -1.000000 12.000000
2014-08-30T12:00:00Z 300.530000 1015.000000 83.000000 2.000000 70.000000 -1.000000 76.000000
2014-09-07T22:00:00Z 301.390000 1008.000000 83.000000 2.000000 10.000000 -1.000000 0.000000
2014-09-07T21:00:00Z 301.390000 1008.000000 83.000000 2.000000 10.000000 -1.000000 0.000000
2014-09-07T20:00:00Z 302.640000 1007.000000 73.000000 1.000000 0.000000 -1.000000 0.000000
2014-09-07T19:00:00Z 303.390000 1006.000000 58.000000 3.000000 200.000000 -1.000000 0.000000
2014-09-07T18:00:00Z 303.590000 1005.000000 54.000000 3.000000 180.000000 -1.000000 0.000000
2014-09-07T17:00:00Z 303.870000 1005.000000 45.000000 4.000000 200.000000 -1.000000 0.000000
2014-09-07T16:00:00Z 303.920000 1005.000000 45.000000 4.000000 220.000000 -1.000000 0.000000
2014-09-07T15:00:00Z 303.600000 1006.000000 51.000000 5.000000 210.000000 -1.000000 12.000000
2014-09-07T14:00:00Z 303.600000 1006.000000 51.000000 5.000000 210.000000 -1.000000 12.000000
2014-09-07T13:00:00Z 302.280000 1008.000000 65.000000 2.000000 200.000000 -1.000000 0.000000
2014-09-07T12:00:00Z 301.670000 1008.000000 69.000000 2.000000 200.000000 -1.000000 0.000000
2014-09-07T11:00:00Z 300.520000 1009.000000 83.000000 2.000000 130.000000 -1.000000 0.000000
2014-09-21T05:00:00Z 297.490000 1019.000000 77.000000 2.000000 150.000000 -1.000000 92.000000
2014-09-21T04:00:00Z 297.650000 1011.000000 83.000000 2.000000 0.000000 -1.000000 44.000000
2014-09-21T03:00:00Z 297.650000 1011.000000 83.000000 2.000000 0.000000 -1.000000 44.000000
2014-09-21T02:00:00Z 297.650000 1011.000000 83.000000 2.000000 0.000000 -1.000000 44.000000
2014-09-21T01:00:00Z 297.650000 1011.000000 83.000000 2.000000 0.000000 -1.000000 44.000000
2014-09-21T00:00:00Z 297.650000 1011.000000 83.000000 2.000000 0.000000 -1.000000 44.000000
2014-09-20T23:00:00Z 297.650000 1011.000000 83.000000 2.000000 0.000000 -1.000000 44.000000
2014-09-20T22:00:00Z 297.650000 1011.000000 83.000000 2.000000 0.000000 -1.000000 44.000000
2014-09-20T21:00:00Z 297.650000 1011.000000 83.000000 2.000000 0.000000 -1.000000 44.000000
2014-09-20T20:00:00Z 297.650000 1011.000000 83.000000 2.000000 0.000000 -1.000000 44.000000
2014-09-20T19:00:00Z 297.650000 1011.000000 83.000000 2.000000 0.000000 -1.000000 44.000000
2014-09-20T18:00:00Z 297.650000 1011.000000 83.000000 2.000000 0.000000 -1.000000 44.000000
2014-09-26T23:00:00Z 289.150000 1013.000000 93.000000 1.000000 0.000000 -1.000000 64.000000
2014-09-26T22:00:00Z 289.150000 1013.000000 93.000000 1.000000 0.000000 -1.000000 64.000000
2014-09-26T21:00:00Z 292.150000 1011.000000 88.000000 3.000000 340.000000 -1.000000 48.000000
2014-09-26T20:00:00Z 292.150000 1011.000000 88.000000 3.000000 340.000000 -1.000000 48.000000
2014-09-26T19:00:00Z 292.150000 1011.000000 88.000000 3.000000 340.000000 -1.000000 48.000000
2014-09-26T18:00:00Z 293.150000 1009.000000 88.000000 1.000000 0.000000 -1.000000 80.000000
2014-09-26T17:00:00Z 293.150000 1009.000000 88.000000 1.000000 0.000000 -1.000000 80.000000
2014-09-26T16:00:00Z 293.150000 1009.000000 88.000000 1.000000 0.000000 -1.000000 80.000000
2014-09-26T15:00:00Z 293.150000 1009.000000 88.000000 1.000000 0.000000 -1.000000 80.000000
2014-09-26T14:00:00Z 293.150000 1009.000000 88.000000 1.000000 0.000000 -1.000000 80.000000
2014-09-26T13:00:00Z 292.150000 1011.000000 82.000000 3.000000 120.000000 -1.000000 92.000000
2014-10-04T00:00:00Z 288.150000 1017.000000 87.000000 3.000000 150.000000 -1.000000 90.000000
2014-10-03T23:00:00Z 288.150000 1018.000000 93.000000 1.000000 0.000000 -1.000000 90.000000
2014-10-03T22:00:00Z 288.150000 1018.000000 93.000000 1.000000 0.000000 -1.000000 90.000000
2014-10-03T21:00:00Z 289.150000 1018.000000 87.000000 1.000000 0.000000 -1.000000 90.000000
2014-10-03T20:00:00Z 289.150000 1018.000000 87.000000 1.000000 0.000000 -1.000000 92.000000
2014-10-03T19:00:00Z 289.150000 1018.000000 87.000000 1.000000 0.000000 -1.000000 92.000000
2014-10-03T18:00:00Z 289.150000 1017.000000 87.000000 2.000000 70.000000 -1.000000 92.000000
2014-10-03T17:00:00Z 290.150000 1016.000000 82.000000 2.000000 80.000000 -1.000000 76.000000
2014-10-03T16:00:00Z 290.150000 1016.000000 82.000000 2.000000 80.000000 -1.000000 76.000000
2014-10-03T15:00:00Z 290.150000 1016.000000 82.000000 2.000000 80.000000 -1.000000 76.000000
2014-10-11T18:00:00Z 293.150000 1023.000000 42.000000 8.000000 320.000000 -1.000000 0.000000
2014-10-11T17:00:00Z 292.150000 1021.000000 77.000000 3.000000 280.000000 -1.000000 90.000000
2014-10-11T16:00:00Z 292.150000 1021.000000 77.000000 3.000000 280.000000 -1.000000 90.000000
2014-10-11T15:00:00Z 293.150000 1020.000000 72.000000 2.000000 50.000000 -1.000000 75.000000
2014-10-11T14:00:00Z 293.150000 1020.000000 72.000000 2.000000 50.000000 -1.000000 75.000000
2014-10-11T13:00:00Z 291.150000 1021.000000 82.000000 1.000000 0.000000 -1.000000 40.000000
2014-10-11T12:00:00Z 291.150000 1021.000000 82.000000 1.000000 0.000000 -1.000000 40.000000
2014-10-11T11:00:00Z 290.150000 1021.000000 88.000000 2.000000 120.000000 -1.000000 75.000000
2014-10-11T10:00:00Z 290.150000 1021.000000 88.000000 2.000000 120.000000 -1.000000 75.000000
2014-10-11T09:00:00Z 288.150000 1021.000000 100.000000 2.000000 150.000000 -1.000000 90.000000
2014-10-11T08:00:00Z 288.150000 1021.000000 100.000000 2.000000 150.000000 -1.000000 90.000000
2014-10-11T07:00:00Z 288.150000 1021.000000 100.000000 2.000000 150.000000 -1.000000 90.000000
2014-10-26T04:00:00Z 284.150000 1017.000000 93.000000 3.000000 350.000000 -1.000000 0.000000
2014-10-26T03:00:00Z 284.150000 1017.000000 93.000000 3.000000 350.000000 -1.000000 0.000000
2014-10-26T02:00:00Z 285.150000 1015.000000 93.000000 3.000000 350.000000 -1.000000 0.000000
2014-10-26T01:00:00Z 285.150000 1015.000000 93.000000 3.000000 350.000000 -1.000000 0.000000
2014-10-26T00:00:00Z 286.150000 1014.000000 100.000000 2.000000 350.000000 -1.000000 0.000000
2014-10-25T23:00:00Z 286.150000 1014.000000 93.000000 2.000000 20.000000 -1.000000 0.000000
2014-10-25T22:00:00Z 286.150000 1014.000000 93.000000 2.000000 20.000000 -1.000000 0.000000
2014-10-25T21:00:00Z 287.150000 1012.000000 93.000000 2.000000 160.000000 -1.000000 0.000000
2014-10-25T20:00:00Z 287.150000 1012.000000 93.000000 2.000000 160.000000 -1.000000 0.000000
2014-10-25T19:00:00Z 286.150000 1011.000000 93.000000 1.000000 90.000000 -1.000000 0.000000
2014-10-25T18:00:00Z 288.150000 1011.000000 87.000000 1.000000 0.000000 -1.000000 0.000000
2014-10-25T17:00:00Z 290.150000 1010.000000 77.000000 1.000000 130.000000 -1.000000 0.000000
