2013-06-01T11:00:00Z 0.00000 0.00000 0 0 4
2013-06-01T10:00:00Z 0.00000 0.00000 0 0 3
2013-06-01T09:00:00Z 0.00000 0.00000 0 0 3
2013-06-01T08:00:00Z 0.00000 0.00000 0 0 2
2013-06-01T07:00:00Z 0.00000 0.00000 0 0 2
2013-06-01T06:00:00Z 0.00000 0.00000 0 0 1
2013-06-05T04:00:00Z 0.00000 0.00000 0 0 1
2013-06-05T03:00:00Z 0.00000 0.00000 0 0 1
2013-06-05T02:00:00Z 0.00000 0.00000 0 0 1
2013-06-05T01:00:00Z 0.00000 0.00000 0 0 0
2013-06-05T00:00:00Z 0.00000 0.00000 0 0 1
2013-06-04T23:00:00Z 0.00000 0.00000 0 0 1
2013-06-09T13:00:00Z 0.00000 0.00000 0 0 1
2013-06-09T12:00:00Z 0.00000 0.00000 0 0 1
2013-06-09T11:00:00Z 0.00000 0.00000 0 0 1
2013-06-09T10:00:00Z 0.00000 0.00000 0 0 1
2013-06-09T09:00:00Z 0.00000 0.00000 0 0 1
2013-06-09T08:00:00Z 0.00000 0.00000 0 0 1
2013-06-13T22:00:00Z 0.00000 0.00000 0 0 0
2013-06-13T21:00:00Z 0.00000 0.00000 0 0 0
2013-06-13T20:00:00Z 0.00000 0.00000 0 0 0
2013-06-13T19:00:00Z 0.00000 0.00000 0 0 0
2013-06-14T23:00:00Z 0.00000 0.00000 0 0 4
2013-06-14T22:00:00Z 0.00000 0.00000 0 0 4
2013-06-14T21:00:00Z 0.00000 0.00000 0 0 4
2013-06-14T20:00:00Z 0.00000 0.00000 0 0 4
2013-06-14T19:00:00Z 0.00000 0.00000 0 0 3
2013-06-14T18:00:00Z 0.00000 0.00000 0 0 3
2013-06-17T10:00:00Z 0.00000 0.00000 0 0 0
2013-06-17T09:00:00Z 0.00000 0.00000 0 0 0
2013-06-17T08:00:00Z 0.00000 0.00000 0 0 0
2013-06-17T07:00:00Z 0.00000 0.00000 0 0 0
2013-06-17T06:00:00Z 0.00000 0.00000 0 0 0
2013-06-17T05:00:00Z 0.00000 0.00000 0 0 0
2013-06-27T13:00:00Z 0.00000 0.00000 0 0 0
2013-06-27T12:00:00Z 0.00000 0.00000 0 0 0
2013-06-27T11:00:00Z 0.00000 0.00000 0 0 0
2013-06-27T10:00:00Z 0.00000 0.00000 0 0 1
2013-06-27T09:00:00Z 0.00000 0.00000 0 0 1
2013-06-27T08:00:00Z 0.00000 0.00000 0 0 1
2013-06-29T19:00:00Z 0.00000 0.00000 0 0 5
2013-06-29T18:00:00Z 0.00000 0.00000 0 0 5
2013-06-29T17:00:00Z 0.00000 0.00000 0 0 5
2013-06-29T16:00:00Z 0.00000 0.00000 0 0 5
2013-06-29T15:00:00Z 0.00000 0.00000 0 0 5
2013-06-29T14:00:00Z 0.00000 0.00000 0 0 5
2013-07-20T09:00:00Z 0.00224 0.00000 2 0 894
2013-07-20T08:00:00Z 0.00116 0.00000 1 0 863
2013-07-20T07:00:00Z 0.00113 0.00000 1 0 886
2013-07-20T06:00:00Z 0.00104 0.00000 1 0 963
2013-07-20T05:00:00Z 0.00098 0.00000 1 0 1024
2013-07-20T04:00:00Z 0.00092 0.00000 1 0 1085
2013-07-28T07:00:00Z 0.00084 0.00000 1 0 1194
2013-07-28T06:00:00Z 0.00075 0.00000 1 0 1337
2013-07-28T05:00:00Z 0.00068 0.00000 1 0 1481
2013-07-28T04:00:00Z 0.00181 0.00000 3 0 1655
2013-07-28T03:00:00Z 0.00220 0.00000 4 0 1819
2013-07-30T22:00:00Z 0.00342 0.00000 4 0 1169
2013-07-30T21:00:00Z 0.00365 0.00000 4 0 1097
2013-07-30T20:00:00Z 0.00367 0.00000 4 0 1090
2013-07-30T19:00:00Z 0.00378 0.00000 4 0 1059
2013-07-30T18:00:00Z 0.00302 0.00000 3 0 994
2013-08-17T09:00:00Z 0.01543 0.00000 11 0 713
2013-08-17T08:00:00Z 0.01556 0.00000 11 0 707
2013-08-17T07:00:00Z 0.01226 0.00000 9 0 734
2013-08-17T06:00:00Z 0.01444 0.00000 11 0 762
2013-08-17T05:00:00Z 0.01330 0.00000 11 0 827
2013-08-17T04:00:00Z 0.01218 0.00000 11 0 903
2013-09-13T09:00:00Z 0.00000 0.00000 0 0 363
2013-09-13T08:00:00Z 0.00257 0.00000 1 0 389
2013-09-13T07:00:00Z 0.00250 0.00000 1 0 400
2013-09-13T06:00:00Z 0.00240 0.00000 1 0 417
2013-09-13T05:00:00Z 0.00428 0.00000 2 0 467
2013-09-13T04:00:00Z 0.00386 0.00000 2 0 518
2013-09-20T05:00:00Z 0.00069 0.00139 1 2 1439
2013-09-20T04:00:00Z 0.00063 0.00127 1 2 1575
2013-09-20T03:00:00Z 0.00059 0.00117 1 2 1707
2013-09-20T02:00:00Z 0.00054 0.00108 1 2 1852
2013-09-20T01:00:00Z 0.00100 0.00100 2 2 1993
2013-09-20T00:00:00Z 0.00097 0.00097 2 2 2063
2013-10-07T17:00:00Z 0.00600 0.00000 7 0 1167
2013-10-07T16:00:00Z 0.00660 0.00000 7 0 1061
2013-10-07T15:00:00Z 0.00520 0.00000 5 0 962
2013-10-07T14:00:00Z 0.00571 0.00000 5 0 876
2013-10-07T13:00:00Z 0.00756 0.00000 6 0 794
2013-10-07T12:00:00Z 0.00789 0.00000 6 0 760
2013-10-10T17:00:00Z 0.00155 0.00000 1 0 646
2013-10-10T16:00:00Z 0.00168 0.00000 1 0 594
2013-10-10T15:00:00Z 0.00188 0.00000 1 0 533
2013-10-10T14:00:00Z 0.00202 0.00000 1 0 496
2013-10-10T13:00:00Z 0.00000 0.00000 0 0 436
2013-10-10T12:00:00Z 0.00000 0.00000 0 0 394
2013-10-19T18:00:00Z 0.00335 0.00000 6 0 1791
2013-10-19T17:00:00Z 0.00307 0.00000 5 0 1631
2013-10-19T16:00:00Z 0.00346 0.00000 5 0 1445
2013-10-19T15:00:00Z 0.00403 0.00000 5 0 1242
2013-10-19T14:00:00Z 0.00463 0.00000 5 0 1079
2013-10-19T13:00:00Z 0.00640 0.00000 6 0 938
2013-10-22T19:00:00Z 0.00623 0.00000 5 0 803
2013-10-22T18:00:00Z 0.00669 0.00000 5 0 747
2013-10-22T17:00:00Z 0.00587 0.00000 4 0 681
2013-10-22T16:00:00Z 0.00635 0.00000 4 0 630
2013-10-29T17:00:00Z 0.00150 0.00000 1 0 668
2013-10-29T16:00:00Z 0.00164 0.00000 1 0 611
2013-10-29T15:00:00Z 0.00178 0.00000 1 0 561
2013-10-29T14:00:00Z 0.00000 0.00000 0 0 506
2013-10-29T13:00:00Z 0.00000 0.00000 0 0 451
2013-10-29T12:00:00Z 0.00233 0.00000 1 0 429
2013-11-09T19:00:00Z 0.00178 0.00000 6 0 3379
2013-11-09T18:00:00Z 0.00096 0.00000 3 0 3125
2013-11-09T17:00:00Z 0.00104 0.00000 3 0 2874
2013-11-09T16:00:00Z 0.00076 0.00000 2 0 2616
2013-11-09T15:00:00Z 0.00085 0.00000 2 0 2346
2013-11-09T14:00:00Z 0.00094 0.00000 2 0 2123
2013-11-14T16:00:00Z 0.00114 0.00000 7 0 6158
2013-11-14T15:00:00Z 0.00127 0.00000 7 0 5512
2013-11-14T14:00:00Z 0.00102 0.00000 5 0 4900
2013-11-14T13:00:00Z 0.00113 0.00000 5 0 4440
2013-11-14T12:00:00Z 0.00091 0.00000 4 0 4398
2013-11-14T11:00:00Z 0.00085 0.00000 4 0 4698
2013-11-24T17:00:00Z 0.00034 0.00000 2 0 5851
2013-11-24T16:00:00Z 0.00039 0.00000 2 0 5180
2013-11-24T15:00:00Z 0.00022 0.00000 1 0 4609
2013-11-24T14:00:00Z 0.00024 0.00000 1 0 4125
2013-11-24T13:00:00Z 0.00026 0.00000 1 0 3806
2013-11-24T12:00:00Z 0.00027 0.00000 1 0 3654
2013-12-09T06:00:00Z 0.00056 0.00000 5 0 8936
2013-12-09T05:00:00Z 0.00090 0.00000 9 0 10040
2013-12-09T04:00:00Z 0.00104 0.00000 12 0 11563
2013-12-09T03:00:00Z 0.00143 0.00000 18 0 12572
2013-12-09T02:00:00Z 0.00141 0.00000 19 0 13447
2013-12-09T01:00:00Z 0.00161 0.00000 23 0 14301
2013-12-26T04:00:00Z 0.00200 0.00006 34 1 17041
2013-12-26T03:00:00Z 0.00195 0.00006 35 1 17991
2013-12-26T02:00:00Z 0.00196 0.00005 37 1 18847
2013-12-26T01:00:00Z 0.00190 0.00005 37 1 19427
2013-12-26T00:00:00Z 0.00177 0.00005 34 1 19259
2013-12-25T23:00:00Z 0.00188 0.00006 34 1 18104
2014-01-03T01:00:00Z 0.00097 0.00000 14 0 14363
2014-01-03T00:00:00Z 0.00100 0.00007 14 1 14022
2014-01-02T23:00:00Z 0.00100 0.00008 13 1 12970
2014-01-02T22:00:00Z 0.00111 0.00009 13 1 11737
2014-01-02T21:00:00Z 0.00111 0.00009 12 1 10764
2014-01-02T20:00:00Z 0.00119 0.00010 12 1 10089
2014-01-05T05:00:00Z 0.00024 0.00000 3 0 12445
2014-01-05T04:00:00Z 0.00030 0.00000 4 0 13378
2014-01-05T03:00:00Z 0.00035 0.00000 5 0 14216
2014-01-05T02:00:00Z 0.00054 0.00000 8 0 14811
2014-01-05T01:00:00Z 0.00059 0.00000 9 0 15154
2014-01-05T00:00:00Z 0.00060 0.00000 9 0 14988
2014-01-11T22:00:00Z 0.00041 0.00000 4 0 9701
2014-01-11T21:00:00Z 0.00064 0.00000 6 0 9304
2014-01-11T20:00:00Z 0.00066 0.00000 6 0 9128
2014-01-11T19:00:00Z 0.00067 0.00000 6 0 8893
2014-01-11T18:00:00Z 0.00059 0.00000 5 0 8443
2014-01-11T17:00:00Z 0.00063 0.00000 5 0 7887
2014-01-14T01:00:00Z 0.00079 0.00000 15 0 18878
2014-01-14T00:00:00Z 0.00081 0.00000 15 0 18615
2014-01-13T23:00:00Z 0.00086 0.00000 15 0 17401
2014-01-13T22:00:00Z 0.00085 0.00000 14 0 16387
2014-01-13T21:00:00Z 0.00103 0.00000 16 0 15607
2014-01-13T20:00:00Z 0.00121 0.00000 18 0 14874
2014-01-17T05:00:00Z 0.00140 0.00020 7 1 5004
2014-01-17T04:00:00Z 0.00150 0.00019 8 1 5349
2014-01-17T03:00:00Z 0.00142 0.00018 8 1 5635
2014-01-17T02:00:00Z 0.00135 0.00017 8 1 5925
2014-01-17T01:00:00Z 0.00132 0.00017 8 1 6055
2014-01-17T00:00:00Z 0.00133 0.00017 8 1 6035
2014-01-18T00:00:00Z 0.00142 0.00000 16 0 11268
2014-01-17T23:00:00Z 0.00152 0.00010 16 1 10511
2014-01-17T22:00:00Z 0.00175 0.00010 17 1 9709
2014-01-17T21:00:00Z 0.00190 0.00011 17 1 8969
2014-01-17T20:00:00Z 0.00168 0.00012 14 1 8312
2014-01-17T19:00:00Z 0.00182 0.00013 14 1 7711
2014-01-19T21:00:00Z 0.00159 0.00000 13 0 8178
2014-01-19T20:00:00Z 0.00137 0.00000 10 0 7281
2014-01-19T19:00:00Z 0.00160 0.00000 11 0 6865
2014-01-19T18:00:00Z 0.00146 0.00000 9 0 6178
2014-01-19T17:00:00Z 0.00091 0.00000 5 0 5520
2014-01-19T16:00:00Z 0.00081 0.00000 4 0 4964
2014-01-24T13:00:00Z 0.00110 0.00022 5 1 4563
2014-01-24T12:00:00Z 0.00081 0.00020 4 1 4955
2014-01-24T11:00:00Z 0.00072 0.00018 4 1 5588
2014-01-24T10:00:00Z 0.00048 0.00016 3 1 6253
2014-01-24T09:00:00Z 0.00030 0.00015 2 1 6688
2014-01-24T08:00:00Z 0.00028 0.00014 2 1 7135
2014-01-30T02:00:00Z 0.00083 0.00028 6 2 7262
2014-01-30T01:00:00Z 0.00083 0.00028 6 2 7272
2014-01-30T00:00:00Z 0.00101 0.00029 7 2 6905
2014-01-29T23:00:00Z 0.00138 0.00031 9 2 6532
2014-01-29T22:00:00Z 0.00177 0.00032 11 2 6214
2014-01-29T21:00:00Z 0.00172 0.00052 10 3 5798
2014-01-31T07:00:00Z 0.00025 0.00000 4 0 16044
2014-01-31T06:00:00Z 0.00024 0.00000 4 0 16670
2014-01-31T05:00:00Z 0.00017 0.00006 3 1 17398
2014-01-31T04:00:00Z 0.00017 0.00011 3 2 17967
2014-01-31T03:00:00Z 0.00022 0.00016 4 3 18477
2014-01-31T02:00:00Z 0.00021 0.00016 4 3 18675
2014-02-02T09:00:00Z 0.00046 0.00000 2 0 4393
2014-02-02T08:00:00Z 0.00022 0.00000 1 0 4585
2014-02-02T07:00:00Z 0.00040 0.00000 2 0 4991
2014-02-02T06:00:00Z 0.00037 0.00000 2 0 5430
2014-02-02T05:00:00Z 0.00034 0.00000 2 0 5929
2014-02-02T04:00:00Z 0.00031 0.00000 2 0 6380
2014-02-06T13:00:00Z 0.00269 0.00000 14 0 5205
2014-02-06T12:00:00Z 0.00235 0.00000 13 0 5534
2014-02-06T11:00:00Z 0.00116 0.00000 7 0 6058
2014-02-06T10:00:00Z 0.00167 0.00000 11 0 6594
2014-02-06T09:00:00Z 0.00248 0.00000 17 0 6863
2014-02-06T08:00:00Z 0.00203 0.00000 15 0 7378
2014-02-12T07:00:00Z 0.00018 0.00000 2 0 10923
2014-02-12T06:00:00Z 0.00026 0.00000 3 0 11722
2014-02-12T05:00:00Z 0.00024 0.00000 3 0 12732
2014-02-12T04:00:00Z 0.00022 0.00000 3 0 13780
2014-02-12T03:00:00Z 0.00027 0.00000 4 0 14607
2014-02-12T02:00:00Z 0.00033 0.00000 5 0 15274
2014-02-17T04:00:00Z 0.00095 0.00007 13 1 13704
2014-02-17T03:00:00Z 0.00109 0.00007 16 1 14705
2014-02-17T02:00:00Z 0.00115 0.00013 18 2 15646
2014-02-17T01:00:00Z 0.00117 0.00012 19 2 16277
2014-02-17T00:00:00Z 0.00117 0.00012 19 2 16307
2014-02-16T23:00:00Z 0.00120 0.00013 19 2 15814
2014-03-04T04:00:00Z 0.00081 0.00000 9 0 11172
2014-03-04T03:00:00Z 0.00086 0.00000 10 0 11607
2014-03-04T02:00:00Z 0.00075 0.00000 9 0 12035
2014-03-04T01:00:00Z 0.00073 0.00000 9 0 12289
2014-03-04T00:00:00Z 0.00091 0.00000 11 0 12045
2014-03-03T23:00:00Z 0.00100 0.00000 11 0 11007
2014-03-11T19:00:00Z 0.00106 0.00000 8 0 7567
2014-03-11T18:00:00Z 0.00086 0.00000 6 0 7005
2014-03-11T17:00:00Z 0.00093 0.00000 6 0 6419
2014-03-11T16:00:00Z 0.00103 0.00000 6 0 5844
2014-03-11T15:00:00Z 0.00114 0.00000 6 0 5282
2014-03-11T14:00:00Z 0.00125 0.00000 6 0 4782
2014-03-16T06:00:00Z 0.00093 0.00013 7 1 7541
2014-03-16T05:00:00Z 0.00085 0.00012 7 1 8258
2014-03-16T04:00:00Z 0.00099 0.00000 9 0 9050
2014-03-16T03:00:00Z 0.00092 0.00000 9 0 9765
2014-03-16T02:00:00Z 0.00112 0.00000 12 0 10707
2014-03-16T01:00:00Z 0.00118 0.00000 14 0 11834
2014-03-28T11:00:00Z 0.00169 0.00000 11 0 6518
2014-03-28T10:00:00Z 0.00126 0.00000 10 0 7908
2014-03-28T09:00:00Z 0.00129 0.00000 12 0 9292
2014-03-28T08:00:00Z 0.00046 0.00000 5 0 10938
2014-03-28T07:00:00Z 0.00054 0.00000 7 0 12979
2014-03-28T06:00:00Z 0.00088 0.00000 13 0 14833
2014-03-29T01:00:00Z 0.00122 0.00000 13 0 10640
2014-03-29T00:00:00Z 0.00127 0.00000 13 0 10213
2014-03-28T23:00:00Z 0.00151 0.00000 14 0 9287
2014-03-28T22:00:00Z 0.00180 0.00000 15 0 8326
2014-03-28T21:00:00Z 0.00186 0.00000 14 0 7513
2014-03-28T20:00:00Z 0.00278 0.00000 20 0 7200
2014-04-01T14:00:00Z 0.00202 0.00006 34 1 16860
2014-04-01T13:00:00Z 0.00209 0.00006 33 1 15798
2014-04-01T12:00:00Z 0.00209 0.00006 33 1 15765
2014-04-01T11:00:00Z 0.00207 0.00006 32 1 15487
2014-04-01T10:00:00Z 0.00176 0.00007 27 1 15341
2014-04-01T09:00:00Z 0.00126 0.00007 19 1 15132
2014-04-15T08:00:00Z 0.00030 0.00007 4 1 13502
2014-04-15T07:00:00Z 0.00035 0.00007 5 1 14264
2014-04-15T06:00:00Z 0.00052 0.00007 8 1 15291
2014-04-15T05:00:00Z 0.00068 0.00006 11 1 16085
2014-04-15T04:00:00Z 0.00071 0.00006 12 1 16927
2014-04-15T03:00:00Z 0.00074 0.00000 13 0 17662
2014-04-23T19:00:00Z 0.00151 0.00008 18 1 11901
2014-04-23T18:00:00Z 0.00153 0.00009 17 1 11078
2014-04-23T17:00:00Z 0.00148 0.00010 15 1 10168
2014-04-23T16:00:00Z 0.00129 0.00011 12 1 9305
2014-04-23T15:00:00Z 0.00143 0.00012 12 1 8374
2014-04-23T14:00:00Z 0.00146 0.00013 11 1 7557
2014-04-25T22:00:00Z 0.00156 0.00000 11 0 7063
2014-04-25T21:00:00Z 0.00164 0.00000 11 0 6704
2014-04-25T20:00:00Z 0.00186 0.00000 12 0 6466
2014-04-25T19:00:00Z 0.00205 0.00000 13 0 6333
2014-04-25T18:00:00Z 0.00182 0.00000 11 0 6042
2014-04-25T17:00:00Z 0.00190 0.00000 11 0 5804
2014-05-07T07:00:00Z 0.00000 0.00000 0 0 568
2014-05-07T06:00:00Z 0.00000 0.00000 0 0 604
2014-05-07T05:00:00Z 0.00000 0.00000 0 0 646
2014-05-07T04:00:00Z 0.00000 0.00000 0 0 713
2014-05-07T03:00:00Z 0.00000 0.00000 0 0 775
2014-05-07T02:00:00Z 0.00000 0.00000 0 0 817
2014-05-16T00:00:00Z 0.00000 0.00000 0 0 2078
2014-05-15T23:00:00Z 0.00000 0.00000 0 0 1925
2014-05-15T22:00:00Z 0.00000 0.00000 0 0 1743
2014-05-15T21:00:00Z 0.00000 0.00000 0 0 1609
2014-05-15T20:00:00Z 0.00000 0.00000 0 0 1503
2014-05-15T19:00:00Z 0.00000 0.00000 0 0 1419
2014-05-19T00:00:00Z 0.00022 0.00000 1 0 4613
2014-05-18T23:00:00Z 0.00022 0.00000 1 0 4464
2014-05-18T22:00:00Z 0.00024 0.00000 1 0 4209
2014-05-18T21:00:00Z 0.00074 0.00000 3 0 4045
2014-05-18T20:00:00Z 0.00077 0.00000 3 0 3913
2014-05-18T19:00:00Z 0.00080 0.00000 3 0 3764
2014-05-20T06:00:00Z 0.00025 0.00000 1 0 3997
2014-05-20T05:00:00Z 0.00024 0.00000 1 0 4205
2014-05-20T04:00:00Z 0.00022 0.00000 1 0 4481
2014-05-20T03:00:00Z 0.00021 0.00000 1 0 4782
2014-05-20T02:00:00Z 0.00020 0.00000 1 0 5019
2014-05-20T01:00:00Z 0.00019 0.00000 1 0 5165
2014-05-22T14:00:00Z 0.00136 0.00000 5 0 3673
2014-05-22T13:00:00Z 0.00143 0.00000 5 0 3506
2014-05-22T12:00:00Z 0.00113 0.00000 4 0 3526
2014-05-22T11:00:00Z 0.00127 0.00000 5 0 3934
2014-05-22T10:00:00Z 0.00093 0.00000 4 0 4291
2014-05-22T09:00:00Z 0.00089 0.00000 4 0 4516
2014-05-25T11:00:00Z 0.00057 0.00000 1 0 1745
2014-05-25T10:00:00Z 0.00054 0.00000 1 0 1851
2014-05-25T09:00:00Z 0.00052 0.00000 1 0 1921
2014-05-25T08:00:00Z 0.00050 0.00000 1 0 1985
2014-05-25T07:00:00Z 0.00000 0.00000 0 0 2035
2014-05-25T06:00:00Z 0.00000 0.00000 0 0 2175
2014-05-30T18:00:00Z 0.00122 0.00017 7 1 5740
2014-05-30T17:00:00Z 0.00112 0.00019 6 1 5362
2014-05-30T16:00:00Z 0.00101 0.00000 5 0 4963
2014-05-30T15:00:00Z 0.00108 0.00000 5 0 4638
2014-05-31T23:00:00Z 0.00130 0.00000 13 0 10016
2014-05-31T22:00:00Z 0.00133 0.00000 13 0 9793
2014-05-31T21:00:00Z 0.00192 0.00000 17 0 8847
2014-05-31T20:00:00Z 0.00247 0.00000 21 0 8506
2014-05-31T19:00:00Z 0.00291 0.00000 24 0 8236
2014-05-31T18:00:00Z 0.00321 0.00000 25 0 7798
2014-06-17T03:00:00Z 0.00034 0.00007 5 1 14654
2014-06-17T02:00:00Z 0.00033 0.00007 5 1 15035
2014-06-17T01:00:00Z 0.00040 0.00007 6 1 14937
2014-06-17T00:00:00Z 0.00042 0.00007 6 1 14249
2014-06-16T23:00:00Z 0.00045 0.00000 6 0 13478
2014-06-16T22:00:00Z 0.00048 0.00000 6 0 12462
2014-06-17T17:00:00Z 0.00079 0.00013 6 1 7603
2014-06-17T16:00:00Z 0.00081 0.00013 6 1 7413
2014-06-17T15:00:00Z 0.00086 0.00014 6 1 6992
2014-06-17T14:00:00Z 0.00085 0.00014 6 1 7055
2014-07-05T11:00:00Z 0.00176 0.00000 4 0 2268
2014-07-05T10:00:00Z 0.00155 0.00000 4 0 2584
2014-07-05T09:00:00Z 0.00104 0.00000 3 0 2880
2014-07-05T08:00:00Z 0.00126 0.00000 4 0 3178
2014-07-05T07:00:00Z 0.00116 0.00000 4 0 3441
2014-07-05T06:00:00Z 0.00134 0.00000 5 0 3727
2014-07-19T00:00:00Z 0.00043 0.00014 3 1 7016
2014-07-18T23:00:00Z 0.00047 0.00000 3 0 6447
2014-07-18T22:00:00Z 0.00049 0.00000 3 0 6083
2014-07-18T21:00:00Z 0.00053 0.00000 3 0 5678
2014-07-18T20:00:00Z 0.00054 0.00000 3 0 5541
2014-07-18T19:00:00Z 0.00074 0.00000 4 0 5415
2014-07-29T12:00:00Z 0.00000 0.00000 0 0 3002
2014-07-29T11:00:00Z 0.00000 0.00000 0 0 3244
2014-07-29T10:00:00Z 0.00000 0.00000 0 0 3704
2014-07-29T09:00:00Z 0.00000 0.00000 0 0 3972
2014-07-29T08:00:00Z 0.00024 0.00000 1 0 4115
2014-07-29T07:00:00Z 0.00024 0.00000 1 0 4226
2014-08-09T11:00:00Z 0.00105 0.00000 5 0 4759
2014-08-09T10:00:00Z 0.00103 0.00000 5 0 4865
2014-08-09T09:00:00Z 0.00081 0.00000 4 0 4926
2014-08-09T08:00:00Z 0.00062 0.00000 3 0 4873
2014-08-21T21:00:00Z 0.00065 0.00000 10 0 15421
2014-08-21T20:00:00Z 0.00066 0.00000 10 0 15165
2014-08-21T19:00:00Z 0.00082 0.00000 12 0 14585
2014-08-21T18:00:00Z 0.00072 0.00000 10 0 13817
2014-08-21T17:00:00Z 0.00078 0.00000 10 0 12804
2014-08-21T16:00:00Z 0.00076 0.00000 9 0 11863
2014-08-23T22:00:00Z 0.00097 0.00000 18 0 18567
2014-08-23T21:00:00Z 0.00117 0.00000 20 0 17151
2014-08-23T20:00:00Z 0.00141 0.00000 22 0 15549
2014-08-23T19:00:00Z 0.00162 0.00000 23 0 14199
2014-08-30T23:00:00Z 0.00116 0.00017 14 2 12025
2014-08-30T22:00:00Z 0.00157 0.00017 18 2 11483
2014-08-30T21:00:00Z 0.00200 0.00018 22 2 11026
2014-08-30T20:00:00Z 0.00234 0.00019 25 2 10694
2014-08-30T19:00:00Z 0.00230 0.00010 24 1 10432
2014-08-30T18:00:00Z 0.00250 0.00000 25 0 10008
2014-09-01T15:00:00Z 0.00363 0.00000 25 0 6885
2014-09-01T14:00:00Z 0.00372 0.00000 24 0 6449
2014-09-01T13:00:00Z 0.00404 0.00000 25 0 6189
2014-09-01T12:00:00Z 0.00406 0.00000 26 0 6405
2014-09-01T11:00:00Z 0.00369 0.00014 27 1 7327
2014-09-01T10:00:00Z 0.00339 0.00012 29 1 8543
2014-09-07T22:00:00Z 0.00171 0.00010 17 1 9955
2014-09-07T21:00:00Z 0.00177 0.00010 17 1 9631
2014-09-07T20:00:00Z 0.00192 0.00011 18 1 9368
2014-09-07T19:00:00Z 0.00187 0.00011 17 1 9075
2014-09-07T18:00:00Z 0.00174 0.00012 15 1 8638
2014-09-07T17:00:00Z 0.00187 0.00000 15 0 8038
2014-09-21T05:00:00Z 0.00033 0.00008 4 1 11981
2014-09-21T04:00:00Z 0.00032 0.00008 4 1 12540
2014-09-21T03:00:00Z 0.00053 0.00008 7 1 13106
2014-09-21T02:00:00Z 0.00052 0.00007 7 1 13483
2014-09-21T01:00:00Z 0.00059 0.00007 8 1 13572
2014-09-21T00:00:00Z 0.00062 0.00000 8 0 12828
2014-09-25T23:00:00Z 0.00100 0.00000 7 0 6989
2014-09-25T22:00:00Z 0.00090 0.00000 6 0 6661
2014-09-25T21:00:00Z 0.00099 0.00000 6 0 6039
2014-09-25T20:00:00Z 0.00108 0.00000 6 0 5552
2014-09-25T19:00:00Z 0.00135 0.00000 7 0 5190
2014-09-25T18:00:00Z 0.00105 0.00000 5 0 4780
2014-09-26T23:00:00Z 0.00085 0.00000 6 0 7089
2014-09-26T22:00:00Z 0.00079 0.00000 5 0 6331
2014-09-26T21:00:00Z 0.00087 0.00000 5 0 5715
2014-09-26T20:00:00Z 0.00098 0.00000 5 0 5113
2014-09-26T19:00:00Z 0.00086 0.00000 4 0 4632
2014-09-26T18:00:00Z 0.00071 0.00000 3 0 4196
2014-10-04T00:00:00Z 0.00166 0.00000 36 0 21647
2014-10-03T23:00:00Z 0.00195 0.00000 39 0 19997
2014-10-03T22:00:00Z 0.00220 0.00000 40 0 18169
2014-10-03T21:00:00Z 0.00262 0.00000 43 0 16440
2014-10-03T20:00:00Z 0.00280 0.00000 42 0 15017
2014-10-03T19:00:00Z 0.00300 0.00000 41 0 13665
2014-10-11T18:00:00Z 0.00231 0.00006 36 1 15562
2014-10-11T17:00:00Z 0.00238 0.00007 35 1 14685
2014-10-11T16:00:00Z 0.00247 0.00007 34 1 13770
2014-10-11T15:00:00Z 0.00260 0.00008 34 1 13093
2014-10-11T14:00:00Z 0.00266 0.00008 33 1 12428
2014-10-11T13:00:00Z 0.00260 0.00008 31 1 11919
2014-10-18T04:00:00Z 0.00152 0.00000 14 0 9224
2014-10-18T03:00:00Z 0.00164 0.00000 16 0 9784
2014-10-18T02:00:00Z 0.00165 0.00000 17 0 10280
2014-10-18T01:00:00Z 0.00130 0.00000 14 0 10804
2014-10-18T00:00:00Z 0.00142 0.00000 15 0 10568
2014-10-17T23:00:00Z 0.00162 0.00000 16 0 9887
2014-10-20T23:00:00Z 0.00116 0.00000 9 0 7760
2014-10-20T22:00:00Z 0.00124 0.00000 9 0 7261
2014-10-20T21:00:00Z 0.00101 0.00000 7 0 6942
2014-10-20T20:00:00Z 0.00163 0.00000 11 0 6753
2014-10-26T04:00:00Z 0.00061 0.00000 5 0 8225
2014-10-26T03:00:00Z 0.00069 0.00000 6 0 8732
2014-10-26T02:00:00Z 0.00076 0.00000 7 0 9214
2014-10-26T01:00:00Z 0.00084 0.00000 8 0 9549
2014-10-26T00:00:00Z 0.00116 0.00000 11 0 9466
2014-10-25T23:00:00Z 0.00166 0.00000 15 0 9039
