2013-06-02T15:00:00Z 0.00000 0 1
2013-06-02T16:00:00Z 0.00000 0 1
2013-06-02T17:00:00Z 0.00000 0 1
2013-06-02T18:00:00Z 0.00000 0 1
2013-06-02T19:00:00Z 0.00000 0 1
2013-06-02T20:00:00Z 0.00000 0 1
2013-06-02T21:00:00Z 0.00000 0 1
2013-06-02T22:00:00Z 0.00000 0 1
2013-06-02T23:00:00Z 0.00000 0 1
2013-06-03T00:00:00Z 0.00000 0 1
2013-06-03T01:00:00Z 0.00000 0 1
2013-06-03T02:00:00Z 0.00000 0 1
2013-06-03T03:00:00Z 0.00000 0 1
2013-06-03T04:00:00Z 0.00000 0 1
2013-06-03T05:00:00Z 0.00000 0 1
2013-06-03T06:00:00Z 0.00000 0 1
2013-06-03T07:00:00Z 0.00000 0 1
2013-06-03T08:00:00Z 0.00000 0 1
2013-06-03T09:00:00Z 0.00000 0 1
2013-06-03T10:00:00Z 0.00000 0 1
2013-06-03T11:00:00Z 0.00000 0 1
2013-06-03T12:00:00Z 0.00000 0 0
2013-06-03T13:00:00Z 0.00000 0 0
2013-06-03T14:00:00Z 0.00000 0 0
2013-06-03T15:00:00Z 0.00000 0 0
2013-06-03T16:00:00Z 0.00000 0 0
2013-06-03T17:00:00Z 0.00000 0 1
2013-06-03T18:00:00Z 0.00000 0 1
2013-06-03T19:00:00Z 0.00000 0 1
2013-06-03T20:00:00Z 0.00000 0 1
2013-06-03T21:00:00Z 0.00000 0 1
2013-06-03T22:00:00Z 0.00000 0 1
2013-06-03T23:00:00Z 0.00000 0 2
2013-06-04T00:00:00Z 0.00000 0 3
2013-06-04T01:00:00Z 0.00000 0 4
2013-06-04T02:00:00Z 0.00000 0 4
2013-06-04T03:00:00Z 0.00000 0 4
2013-06-04T04:00:00Z 0.00000 0 4
2013-06-04T05:00:00Z 0.00000 0 3
2013-06-04T06:00:00Z 0.00000 0 3
2013-06-04T07:00:00Z 0.00000 0 3
2013-06-04T08:00:00Z 0.00000 0 3
2013-06-04T09:00:00Z 0.00000 0 4
2013-06-04T10:00:00Z 0.00000 0 4
2013-06-04T11:00:00Z 0.00000 0 3
2013-06-04T12:00:00Z 0.00000 0 2
2013-06-04T13:00:00Z 0.00000 0 2
2013-06-04T14:00:00Z 0.00000 0 2
2013-06-04T15:00:00Z 0.00000 0 2
2013-06-04T16:00:00Z 0.00000 0 2
2013-06-04T17:00:00Z 0.00000 0 2
2013-06-04T18:00:00Z 0.00000 0 2
2013-06-05T21:00:00Z 0.00000 0 0
2013-06-05T22:00:00Z 0.00000 0 0
2013-06-05T23:00:00Z 0.00000 0 0
2013-06-06T00:00:00Z 0.00000 0 0
2013-06-06T01:00:00Z 0.00000 0 1
2013-06-06T02:00:00Z 0.00000 0 1
2013-06-06T03:00:00Z 0.00000 0 1
2013-06-06T04:00:00Z 0.00000 0 1
2013-06-06T05:00:00Z 0.00000 0 1
2013-06-06T06:00:00Z 0.00000 0 1
2013-06-06T07:00:00Z 0.00000 0 1
2013-06-06T08:00:00Z 0.00000 0 1
2013-06-06T09:00:00Z 0.00000 0 1
2013-06-06T10:00:00Z 0.00000 0 1
2013-06-06T11:00:00Z 0.00000 0 1
2013-06-06T12:00:00Z 0.00000 0 1
2013-06-06T13:00:00Z 0.00000 0 0
2013-06-06T14:00:00Z 0.00000 0 0
2013-06-06T15:00:00Z 0.00000 0 0
2013-06-06T16:00:00Z 0.00000 0 0
2013-06-06T17:00:00Z 0.00000 0 0
2013-06-06T18:00:00Z 0.00000 0 0
2013-06-06T19:00:00Z 0.00000 0 0
2013-06-06T20:00:00Z 0.00000 0 0
2013-06-06T21:00:00Z 0.00000 0 0
2013-06-06T22:00:00Z 0.00000 0 0
2013-06-06T23:00:00Z 0.00000 0 0
2013-06-07T00:00:00Z 0.00000 0 0
2013-06-07T01:00:00Z 0.00000 0 0
2013-06-07T02:00:00Z 0.00000 0 0
2013-06-07T03:00:00Z 0.00000 0 0
2013-06-07T04:00:00Z 0.00000 0 0
2013-06-07T05:00:00Z 0.00000 0 0
2013-06-07T06:00:00Z 0.00000 0 0
2013-06-07T07:00:00Z 0.00000 0 0
2013-06-07T08:00:00Z 0.00000 0 0
2013-06-07T09:00:00Z 0.00000 0 0
2013-06-07T10:00:00Z 0.00000 0 0
2013-06-07T11:00:00Z 0.00000 0 0
2013-06-07T12:00:00Z 0.00000 0 0
2013-06-07T13:00:00Z 0.00000 0 0
2013-06-07T14:00:00Z 0.00000 0 0
2013-06-07T15:00:00Z 0.00000 0 0
2013-06-07T16:00:00Z 0.00000 0 0
2013-06-07T17:00:00Z 0.00000 0 0
2013-06-07T18:00:00Z 0.00000 0 1
2013-06-07T19:00:00Z 0.00000 0 1
2013-06-07T20:00:00Z 0.00000 0 2
2013-06-07T21:00:00Z 0.00000 0 2
2013-06-07T22:00:00Z 0.00000 0 3
2013-06-07T23:00:00Z 0.00000 0 3
2013-06-08T00:00:00Z 0.00000 0 3
2013-06-08T01:00:00Z 0.00000 0 3
2013-06-08T02:00:00Z 0.00000 0 3
2013-06-08T03:00:00Z 0.00000 0 3
2013-06-08T04:00:00Z 0.00000 0 3
2013-06-08T05:00:00Z 0.00000 0 3
2013-06-08T06:00:00Z 0.00000 0 2
2013-06-08T07:00:00Z 0.00000 0 2
2013-06-08T08:00:00Z 0.00000 0 1
2013-06-08T09:00:00Z 0.00000 0 1
2013-06-08T10:00:00Z 0.00000 0 0
2013-06-08T11:00:00Z 0.00000 0 0
2013-06-08T12:00:00Z 0.00000 0 0
2013-06-08T13:00:00Z 0.00000 0 1
2013-06-08T14:00:00Z 0.00000 0 1
2013-06-08T15:00:00Z 0.00000 0 1
2013-06-08T16:00:00Z 0.00000 0 1
2013-06-08T17:00:00Z 0.00000 0 1
2013-06-08T18:00:00Z 0.00000 0 1
2013-06-08T19:00:00Z 0.00000 0 1
2013-06-08T20:00:00Z 0.00000 0 1
2013-06-08T21:00:00Z 0.00000 0 1
2013-06-08T22:00:00Z 0.00000 0 1
2013-06-08T23:00:00Z 0.00000 0 1
2013-06-09T00:00:00Z 0.00000 0 1
2013-06-09T01:00:00Z 0.00000 0 0
2013-06-09T02:00:00Z 0.00000 0 0
2013-06-09T03:00:00Z 0.00000 0 0
2013-06-15T18:00:00Z 0.00000 0 2
2013-06-15T19:00:00Z 0.00000 0 2
2013-06-15T20:00:00Z 0.00000 0 2
2013-06-15T21:00:00Z 0.00000 0 2
2013-06-15T22:00:00Z 0.00000 0 2
2013-06-15T23:00:00Z 0.00000 0 2
2013-06-16T00:00:00Z 0.00000 0 1
2013-06-16T01:00:00Z 0.00000 0 1
2013-06-16T02:00:00Z 0.00000 0 1
2013-06-16T03:00:00Z 0.00000 0 1
2013-06-16T04:00:00Z 0.00000 0 1
2013-06-16T05:00:00Z 0.00000 0 1
2013-06-16T06:00:00Z 0.00000 0 0
2013-06-16T07:00:00Z 0.00000 0 0
2013-06-16T08:00:00Z 0.00000 0 0
2013-06-16T09:00:00Z 0.00000 0 0
2013-06-16T10:00:00Z 0.00000 0 0
2013-06-16T11:00:00Z 0.00000 0 0
2013-06-16T12:00:00Z 0.00000 0 0
2013-06-16T13:00:00Z 0.00000 0 0
2013-06-16T14:00:00Z 0.00000 0 0
2013-06-16T15:00:00Z 0.00000 0 0
2013-06-16T16:00:00Z 0.00000 0 0
2013-06-16T17:00:00Z 0.00000 0 0
2013-06-16T18:00:00Z 0.00000 0 0
2013-06-16T19:00:00Z 0.00000 0 0
2013-06-16T20:00:00Z 0.00000 0 0
2013-06-16T21:00:00Z 0.00000 0 0
2013-06-16T22:00:00Z 0.00000 0 0
2013-06-16T23:00:00Z 0.00000 0 0
2013-06-17T00:00:00Z 0.00000 0 0
2013-06-26T02:00:00Z 0.00000 0 3
2013-06-26T03:00:00Z 0.00000 0 3
2013-06-26T04:00:00Z 0.00000 0 3
2013-06-26T05:00:00Z 0.00000 0 3
2013-06-26T21:00:00Z 0.00000 0 3
2013-06-26T22:00:00Z 0.00000 0 3
2013-06-26T23:00:00Z 0.00000 0 4
2013-06-27T00:00:00Z 0.00000 0 3
2013-06-27T01:00:00Z 0.00000 0 3
2013-06-27T02:00:00Z 0.00000 0 3
2013-06-27T03:00:00Z 0.00000 0 3
2013-06-28T06:00:00Z 0.00000 0 1
2013-06-28T07:00:00Z 0.00000 0 1
2013-06-28T08:00:00Z 0.00000 0 1
2013-06-28T09:00:00Z 0.00000 0 1
2013-06-28T10:00:00Z 0.00000 0 1
2013-06-28T11:00:00Z 0.00000 0 0
2013-06-28T12:00:00Z 0.00000 0 0
2013-06-28T13:00:00Z 0.00000 0 0
2013-06-28T14:00:00Z 0.00000 0 0
2013-06-28T15:00:00Z 0.00000 0 0
2013-06-28T16:00:00Z 0.00000 0 0
2013-06-28T17:00:00Z 0.00000 0 0
2013-06-28T18:00:00Z 0.00000 0 0
2013-06-28T19:00:00Z 0.00000 0 0
2013-06-28T20:00:00Z 0.00000 0 0
2013-06-28T21:00:00Z 0.00000 0 0
2013-06-28T22:00:00Z 0.00000 0 0
2013-06-28T23:00:00Z 0.00000 0 0
2013-06-29T00:00:00Z 0.00000 0 1
2013-06-29T01:00:00Z 0.00000 0 1
2013-06-29T02:00:00Z 0.00000 0 1
2013-06-29T03:00:00Z 0.00000 0 1
2013-06-29T04:00:00Z 0.00000 0 1
2013-06-29T05:00:00Z 0.00000 0 1
2013-06-29T06:00:00Z 0.00000 0 1
2013-06-29T07:00:00Z 0.00000 0 1
2013-06-29T08:00:00Z 0.00000 0 1
2013-06-29T09:00:00Z 0.00000 0 3
2013-06-30T02:00:00Z 0.00000 0 1
2013-06-30T03:00:00Z 0.00000 0 1
2013-07-18T15:00:00Z 0.00000 0 702
2013-07-18T16:00:00Z 0.00000 0 767
2013-07-18T17:00:00Z 0.00000 0 829
2013-07-18T18:00:00Z 0.00000 0 878
2013-07-18T19:00:00Z 0.00000 0 917
2013-07-18T20:00:00Z 0.00000 0 940
2013-07-18T21:00:00Z 0.00000 0 942
2013-07-18T22:00:00Z 0.00000 0 939
2013-07-18T23:00:00Z 0.00000 0 979
2013-07-19T00:00:00Z 0.00000 0 1030
2013-07-19T01:00:00Z 0.00000 0 994
2013-07-19T02:00:00Z 0.00000 0 936
2013-07-19T03:00:00Z 0.00000 0 878
2013-07-19T04:00:00Z 0.00000 0 817
2013-07-19T05:00:00Z 0.00000 0 750
2013-07-19T06:00:00Z 0.00000 0 699
2013-07-19T07:00:00Z 0.00000 0 668
2013-07-19T08:00:00Z 0.00156 1 643
2013-07-19T09:00:00Z 0.00159 1 629
2013-07-19T10:00:00Z 0.00164 1 609
2013-07-19T11:00:00Z 0.00172 1 583
2013-07-19T12:00:00Z 0.00175 1 571
2013-07-19T13:00:00Z 0.00169 1 593
2013-07-19T14:00:00Z 0.00153 1 654
2013-07-19T15:00:00Z 0.00139 1 720
2013-07-19T16:00:00Z 0.00126 1 795
2013-07-19T17:00:00Z 0.00115 1 869
2013-07-19T18:00:00Z 0.00107 1 937
2013-07-19T19:00:00Z 0.00099 1 1014
2013-07-19T20:00:00Z 0.00000 0 1063
2013-07-19T21:00:00Z 0.00091 1 1098
2013-07-19T22:00:00Z 0.00086 1 1162
2013-07-19T23:00:00Z 0.00082 1 1218
2013-08-15T22:00:00Z 0.00353 3 851
2013-08-15T23:00:00Z 0.00344 3 872
2013-08-16T22:00:00Z 0.00712 7 983
2013-08-16T23:00:00Z 0.01040 11 1058
2013-09-12T16:00:00Z 0.00755 4 530
2013-09-12T17:00:00Z 0.00696 4 575
2013-09-12T18:00:00Z 0.00797 5 627
2013-09-12T19:00:00Z 0.00787 5 635
2013-09-12T20:00:00Z 0.00782 5 639
2013-09-12T21:00:00Z 0.00893 6 672
2013-09-12T22:00:00Z 0.00894 6 671
2013-09-12T23:00:00Z 0.00838 6 716
2013-09-27T18:00:00Z 0.00160 1 626
2013-09-27T19:00:00Z 0.00297 2 673
2013-09-27T20:00:00Z 0.00283 2 707
2013-09-27T21:00:00Z 0.00408 3 736
2013-09-27T22:00:00Z 0.00390 3 770
2013-09-27T23:00:00Z 0.00371 3 808
2013-09-28T00:00:00Z 0.00329 3 912
2013-09-28T01:00:00Z 0.00337 3 889
2013-09-28T02:00:00Z 0.00345 3 870
2013-09-28T03:00:00Z 0.00248 2 806
2013-09-28T04:00:00Z 0.00265 2 756
2013-09-28T05:00:00Z 0.00289 2 693
2013-09-28T06:00:00Z 0.00308 2 649
2013-09-28T07:00:00Z 0.00165 1 606
2013-09-28T08:00:00Z 0.00166 1 604
2013-09-28T09:00:00Z 0.00000 0 607
2013-09-28T10:00:00Z 0.00000 0 609
2013-09-28T11:00:00Z 0.00000 0 573
2013-09-28T12:00:00Z 0.00000 0 505
2013-09-28T13:00:00Z 0.00000 0 540
2013-09-28T14:00:00Z 0.00000 0 589
2013-09-28T15:00:00Z 0.00000 0 654
2013-09-28T16:00:00Z 0.00000 0 730
2013-09-28T17:00:00Z 0.00000 0 799
2013-09-28T18:00:00Z 0.00000 0 855
2013-09-28T19:00:00Z 0.00000 0 889
2013-09-28T20:00:00Z 0.00000 0 908
2013-09-28T21:00:00Z 0.00110 1 912
2013-09-28T22:00:00Z 0.00108 1 927
2013-09-28T23:00:00Z 0.00108 1 928
2013-09-29T00:00:00Z 0.00111 1 902
2013-09-29T01:00:00Z 0.00117 1 852
2013-09-29T02:00:00Z 0.00127 1 788
2013-09-29T03:00:00Z 0.00138 1 724
2013-09-29T04:00:00Z 0.00154 1 649
2013-09-29T05:00:00Z 0.00173 1 577
2013-09-29T06:00:00Z 0.00192 1 522
2013-09-29T07:00:00Z 0.00204 1 491
2013-09-29T08:00:00Z 0.00438 2 457
2013-09-29T09:00:00Z 0.00237 1 422
2013-09-29T10:00:00Z 0.00268 1 373
2013-09-29T11:00:00Z 0.00277 1 361
2013-09-29T12:00:00Z 0.00272 1 367
2013-09-29T13:00:00Z 0.00251 1 398
2013-09-29T14:00:00Z 0.00214 1 467
2013-09-29T15:00:00Z 0.00196 1 509
2013-09-29T16:00:00Z 0.00177 1 564
2013-09-29T17:00:00Z 0.00468 3 641
2013-09-29T18:00:00Z 0.00424 3 707
2013-09-29T19:00:00Z 0.00515 4 777
2013-09-29T20:00:00Z 0.00487 4 821
2013-09-29T21:00:00Z 0.00463 4 863
2013-09-29T22:00:00Z 0.00439 4 911
2013-09-29T23:00:00Z 0.00426 4 939
2013-09-30T00:00:00Z 0.00429 4 932
2013-09-30T01:00:00Z 0.00448 4 892
2013-09-30T02:00:00Z 0.00481 4 831
2013-09-30T03:00:00Z 0.00503 4 795
2013-09-30T04:00:00Z 0.00538 4 744
2013-10-04T22:00:00Z 0.00908 23 2533
2013-10-04T23:00:00Z 0.00923 23 2492
2013-10-05T00:00:00Z 0.00878 21 2393
2013-10-05T01:00:00Z 0.00943 21 2227
2013-10-05T02:00:00Z 0.01036 21 2028
2013-10-05T18:00:00Z 0.00925 19 2054
2013-10-05T19:00:00Z 0.00918 20 2179
2013-10-05T20:00:00Z 0.01238 28 2262
2013-10-05T21:00:00Z 0.01378 32 2323
2013-10-05T22:00:00Z 0.01376 32 2325
2013-10-05T23:00:00Z 0.01345 31 2304
2013-10-06T00:00:00Z 0.01352 30 2219
2013-10-06T01:00:00Z 0.01349 28 2076
2013-10-06T02:00:00Z 0.01472 28 1902
2013-10-06T03:00:00Z 0.01568 27 1722
2013-10-06T04:00:00Z 0.01481 23 1553
2013-10-06T05:00:00Z 0.01391 19 1366
2013-10-06T06:00:00Z 0.01174 14 1193
2013-10-06T07:00:00Z 0.01195 13 1088
2013-10-06T08:00:00Z 0.00795 8 1006
2013-10-06T09:00:00Z 0.00657 6 913
2013-10-06T10:00:00Z 0.00788 7 888
2013-10-06T11:00:00Z 0.01230 11 894
2013-10-06T12:00:00Z 0.01286 12 933
2013-10-06T13:00:00Z 0.01365 14 1026
2013-10-06T14:00:00Z 0.01279 15 1173
2013-10-06T15:00:00Z 0.01228 16 1303
2013-10-06T16:00:00Z 0.01246 18 1445
2013-10-06T17:00:00Z 0.01273 20 1571
2013-10-06T18:00:00Z 0.01372 23 1676
2013-10-06T19:00:00Z 0.01520 26 1710
2013-10-06T20:00:00Z 0.01485 26 1751
2013-10-06T21:00:00Z 0.01372 24 1749
2013-10-06T22:00:00Z 0.01314 23 1751
2013-10-06T23:00:00Z 0.01171 20 1708
2013-10-07T00:00:00Z 0.01139 19 1668
2013-10-07T01:00:00Z 0.01076 17 1580
2013-10-07T02:00:00Z 0.01179 17 1442
2013-10-07T03:00:00Z 0.01214 16 1318
2013-10-07T04:00:00Z 0.01200 14 1167
2013-10-07T05:00:00Z 0.01167 12 1028
2013-10-07T06:00:00Z 0.00977 9 921
2013-10-07T07:00:00Z 0.00690 6 869
2013-10-09T20:00:00Z 0.00145 1 689
2013-10-09T21:00:00Z 0.00142 1 703
2013-10-09T22:00:00Z 0.00138 1 724
2013-10-09T23:00:00Z 0.00128 1 779
2013-10-10T00:00:00Z 0.00128 1 784
2013-10-10T01:00:00Z 0.00130 1 767
2013-10-10T02:00:00Z 0.00139 1 718
2013-10-10T03:00:00Z 0.00148 1 674
2013-10-10T04:00:00Z 0.00160 1 625
2013-10-10T05:00:00Z 0.00000 0 577
2013-10-10T06:00:00Z 0.00000 0 536
2013-10-10T07:00:00Z 0.00000 0 497
2013-10-27T15:00:00Z 0.00297 3 1011
2013-10-27T16:00:00Z 0.00265 3 1131
2013-10-27T17:00:00Z 0.00327 4 1224
2013-10-27T18:00:00Z 0.00304 4 1315
2013-10-27T19:00:00Z 0.00441 6 1360
2013-10-27T20:00:00Z 0.00434 6 1383
2013-10-27T21:00:00Z 0.00289 4 1385
2013-10-27T22:00:00Z 0.00297 4 1345
2013-10-27T23:00:00Z 0.00228 3 1316
2013-10-28T00:00:00Z 0.00237 3 1266
2013-10-28T01:00:00Z 0.00258 3 1165
2013-10-28T02:00:00Z 0.00289 3 1039
2013-10-28T03:00:00Z 0.00326 3 920
2013-10-28T04:00:00Z 0.00376 3 797
2013-10-28T05:00:00Z 0.00283 2 707
2013-10-28T06:00:00Z 0.00330 2 606
2013-10-28T07:00:00Z 0.00000 0 554
2013-10-28T08:00:00Z 0.00385 2 520
2013-10-28T09:00:00Z 0.00594 3 505
2013-10-28T10:00:00Z 0.00610 3 492
2013-10-28T11:00:00Z 0.00661 3 454
2013-10-28T12:00:00Z 0.00691 3 434
2013-10-28T13:00:00Z 0.00661 3 454
2013-10-28T14:00:00Z 0.00598 3 502
2013-10-28T15:00:00Z 0.00534 3 562
2013-10-28T16:00:00Z 0.00478 3 628
2013-10-28T17:00:00Z 0.00427 3 702
2013-10-28T18:00:00Z 0.00385 3 780
2013-10-28T19:00:00Z 0.00362 3 829
2013-10-28T20:00:00Z 0.00117 1 854
2013-10-28T21:00:00Z 0.00000 0 882
2013-10-28T22:00:00Z 0.00000 0 908
2013-10-28T23:00:00Z 0.00000 0 961
2013-10-29T00:00:00Z 0.00000 0 985
2013-10-29T01:00:00Z 0.00105 1 952
2013-10-29T02:00:00Z 0.00110 1 908
2013-10-29T03:00:00Z 0.00118 1 846
2013-10-29T04:00:00Z 0.00127 1 788
2013-10-29T05:00:00Z 0.00141 1 709
2013-10-29T06:00:00Z 0.00158 1 633
2013-10-29T07:00:00Z 0.00170 1 588
2013-10-31T13:00:00Z 0.00000 0 493
2013-10-31T14:00:00Z 0.00000 0 560
2013-10-31T15:00:00Z 0.00163 1 615
2013-10-31T16:00:00Z 0.00145 1 688
2013-10-31T17:00:00Z 0.00137 1 729
2013-10-31T18:00:00Z 0.00128 1 780
2013-10-31T19:00:00Z 0.00121 1 827
2013-10-31T20:00:00Z 0.00229 2 873
2013-10-31T21:00:00Z 0.00220 2 909
2013-10-31T22:00:00Z 0.00211 2 947
2013-10-31T23:00:00Z 0.00196 2 1023
2013-11-01T00:00:00Z 0.00188 2 1063
2013-11-01T01:00:00Z 0.00193 2 1034
2013-11-01T02:00:00Z 0.00207 2 968
2013-11-01T03:00:00Z 0.00110 1 909
2013-11-01T04:00:00Z 0.00119 1 837
2013-11-01T05:00:00Z 0.00126 1 795
2013-11-01T06:00:00Z 0.00134 1 745
2013-11-01T07:00:00Z 0.00141 1 707
2013-11-01T08:00:00Z 0.00145 1 690
2013-11-01T09:00:00Z 0.00294 2 680
2013-11-01T10:00:00Z 0.00307 2 651
2013-11-01T11:00:00Z 0.00344 2 581
2013-11-01T12:00:00Z 0.00360 2 555
2013-11-01T13:00:00Z 0.00331 2 604
2013-11-01T14:00:00Z 0.00299 2 668
2013-11-01T15:00:00Z 0.00267 2 750
2013-11-01T16:00:00Z 0.00239 2 836
2013-11-01T17:00:00Z 0.00216 2 926
2013-11-01T18:00:00Z 0.00198 2 1008
2013-11-01T19:00:00Z 0.00190 2 1053
2013-11-01T20:00:00Z 0.00181 2 1104
2013-11-01T21:00:00Z 0.00088 1 1139
2013-11-01T22:00:00Z 0.00168 2 1189
2013-11-01T23:00:00Z 0.00161 2 1240
2013-11-02T00:00:00Z 0.00158 2 1266
2013-11-02T01:00:00Z 0.00164 2 1220
2013-11-02T02:00:00Z 0.00173 2 1159
2013-11-02T03:00:00Z 0.00185 2 1083
2013-11-02T04:00:00Z 0.00199 2 1005
2013-11-02T05:00:00Z 0.00219 2 915
2013-11-02T06:00:00Z 0.00240 2 835
2013-11-02T07:00:00Z 0.00254 2 788
2013-11-02T08:00:00Z 0.00134 1 748
2013-11-02T09:00:00Z 0.00131 1 766
2013-11-02T10:00:00Z 0.00000 0 785
2013-11-02T11:00:00Z 0.00121 1 826
2013-11-02T12:00:00Z 0.00229 2 873
2013-11-02T13:00:00Z 0.00304 3 987
2013-11-02T14:00:00Z 0.00266 3 1127
2013-11-02T15:00:00Z 0.00240 3 1251
2013-11-02T16:00:00Z 0.00219 3 1369
2013-11-02T17:00:00Z 0.00199 3 1509
2013-11-02T18:00:00Z 0.00248 4 1616
2013-11-02T19:00:00Z 0.00293 5 1705
2013-11-02T20:00:00Z 0.00286 5 1751
2013-11-02T21:00:00Z 0.00283 5 1765
2013-11-02T22:00:00Z 0.00289 5 1732
2013-11-02T23:00:00Z 0.00232 4 1725
2013-11-03T00:00:00Z 0.00173 3 1736
2013-11-03T01:00:00Z 0.00123 2 1624
2013-11-03T02:00:00Z 0.00134 2 1498
2013-11-03T03:00:00Z 0.00144 2 1386
2013-11-03T04:00:00Z 0.00158 2 1266
2013-11-03T05:00:00Z 0.00177 2 1128
2013-11-03T06:00:00Z 0.00098 1 1022
2013-11-03T07:00:00Z 0.00000 0 955
2013-11-08T21:00:00Z 0.00413 9 2178
2013-11-08T22:00:00Z 0.00404 9 2226
2013-11-08T23:00:00Z 0.00303 7 2314
2013-11-09T00:00:00Z 0.00293 7 2391
2013-11-09T01:00:00Z 0.00249 6 2408
2013-11-09T02:00:00Z 0.00257 6 2338
2013-11-09T03:00:00Z 0.00270 6 2221
2013-11-09T04:00:00Z 0.00193 4 2072
2013-11-09T05:00:00Z 0.00206 4 1942
2013-11-09T06:00:00Z 0.00112 2 1787
2013-11-09T07:00:00Z 0.00060 1 1660
2013-11-09T08:00:00Z 0.00062 1 1616
2013-11-09T09:00:00Z 0.00000 0 1586
2013-11-22T19:00:00Z 0.00268 32 11952
2013-11-22T20:00:00Z 0.00283 36 12701
2013-11-22T21:00:00Z 0.00280 36 12848
2013-11-22T22:00:00Z 0.00263 34 12924
2013-11-22T23:00:00Z 0.00256 33 12914
2013-11-23T00:00:00Z 0.00250 32 12789
2013-11-23T01:00:00Z 0.00265 32 12057
2013-11-23T02:00:00Z 0.00280 31 11082
2013-11-23T03:00:00Z 0.00287 29 10113
2013-11-23T04:00:00Z 0.00304 28 9204
2013-11-23T05:00:00Z 0.00274 22 8032
2013-11-23T06:00:00Z 0.00228 16 7022
2013-11-23T07:00:00Z 0.00129 8 6205
2013-11-23T08:00:00Z 0.00077 4 5164
2013-11-23T09:00:00Z 0.00085 4 4695
2013-11-23T10:00:00Z 0.00140 6 4277
2013-11-23T11:00:00Z 0.00253 10 3955
2013-11-23T12:00:00Z 0.00331 12 3626
2013-11-23T13:00:00Z 0.00329 12 3649
2013-11-23T14:00:00Z 0.00304 12 3941
2013-11-23T15:00:00Z 0.00327 15 4582
2013-11-23T16:00:00Z 0.00325 16 4916
2013-11-23T17:00:00Z 0.00301 16 5314
2013-11-23T18:00:00Z 0.00298 17 5700
2013-11-23T19:00:00Z 0.00284 17 5986
2013-11-23T20:00:00Z 0.00243 15 6174
2013-11-23T21:00:00Z 0.00221 14 6328
2013-11-23T22:00:00Z 0.00171 11 6433
2013-11-23T23:00:00Z 0.00106 7 6602
2013-11-24T00:00:00Z 0.00074 5 6769
2013-11-24T01:00:00Z 0.00074 5 6745
2013-11-24T02:00:00Z 0.00077 5 6487
2013-11-24T03:00:00Z 0.00034 2 5857
2013-11-24T04:00:00Z 0.00018 1 5522
2013-11-24T05:00:00Z 0.00020 1 5119
2013-11-24T06:00:00Z 0.00000 0 4743
2013-11-24T07:00:00Z 0.00000 0 4447
2013-12-06T22:00:00Z 0.00257 25 9721
2013-12-06T23:00:00Z 0.00235 25 10659
2013-12-07T00:00:00Z 0.00210 25 11918
2013-12-07T01:00:00Z 0.00190 25 13187
2013-12-07T02:00:00Z 0.00176 24 13630
2013-12-07T03:00:00Z 0.00148 20 13525
2013-12-07T04:00:00Z 0.00150 20 13360
2013-12-07T05:00:00Z 0.00125 16 12770
2013-12-07T06:00:00Z 0.00081 10 12327
2013-12-07T07:00:00Z 0.00025 3 12101
2013-12-07T08:00:00Z 0.00025 3 12041
2013-12-07T09:00:00Z 0.00017 2 11671
2013-12-07T10:00:00Z 0.00054 6 11147
2013-12-07T11:00:00Z 0.00194 21 10850
2013-12-07T12:00:00Z 0.00256 26 10147
2013-12-07T13:00:00Z 0.00363 33 9091
2013-12-07T14:00:00Z 0.00394 34 8625
2013-12-07T15:00:00Z 0.00400 35 8746
2013-12-07T16:00:00Z 0.00392 35 8925
2013-12-07T17:00:00Z 0.00385 36 9359
2013-12-07T18:00:00Z 0.00381 37 9724
2013-12-07T19:00:00Z 0.00385 38 9869
2013-12-07T20:00:00Z 0.00391 38 9730
2013-12-07T21:00:00Z 0.00384 38 9903
2013-12-07T22:00:00Z 0.00333 34 10210
2013-12-07T23:00:00Z 0.00206 21 10185
2013-12-08T00:00:00Z 0.00165 17 10318
2013-12-08T01:00:00Z 0.00105 11 10441
2013-12-08T02:00:00Z 0.00096 10 10367
2013-12-08T03:00:00Z 0.00090 9 10006
2013-12-08T04:00:00Z 0.00094 9 9543
2013-12-08T05:00:00Z 0.00089 8 9006
2013-12-08T06:00:00Z 0.00083 7 8478
2013-12-08T07:00:00Z 0.00100 8 7977
2013-12-08T08:00:00Z 0.00091 7 7668
2013-12-08T09:00:00Z 0.00147 11 7488
2013-12-08T10:00:00Z 0.00153 11 7186
2013-12-08T11:00:00Z 0.00156 11 7070
2013-12-08T12:00:00Z 0.00167 12 7196
2013-12-08T13:00:00Z 0.00159 12 7555
2013-12-08T14:00:00Z 0.00196 16 8151
2013-12-08T15:00:00Z 0.00191 17 8910
2013-12-08T16:00:00Z 0.00233 23 9868
2013-12-08T17:00:00Z 0.00229 26 11344
2013-12-08T18:00:00Z 0.00242 30 12422
2013-12-08T19:00:00Z 0.00241 32 13280
2013-12-08T20:00:00Z 0.00239 34 14255
2013-12-22T19:00:00Z 0.00121 9 7457
2013-12-22T20:00:00Z 0.00098 8 8171
2013-12-22T21:00:00Z 0.00089 8 8981
2013-12-22T22:00:00Z 0.00071 7 9886
2013-12-22T23:00:00Z 0.00073 8 10969
2013-12-23T00:00:00Z 0.00083 10 12042
2013-12-23T01:00:00Z 0.00069 9 13110
2013-12-23T02:00:00Z 0.00068 9 13265
2013-12-23T03:00:00Z 0.00069 9 13033
2013-12-23T04:00:00Z 0.00072 9 12479
2013-12-23T05:00:00Z 0.00059 7 11908
2013-12-23T06:00:00Z 0.00044 5 11273
2013-12-23T07:00:00Z 0.00047 5 10711
2013-12-23T08:00:00Z 0.00116 12 10365
2013-12-23T09:00:00Z 0.00179 18 10034
2013-12-23T10:00:00Z 0.00200 20 9987
2013-12-23T11:00:00Z 0.00237 23 9702
2013-12-23T12:00:00Z 0.00252 23 9129
2013-12-23T13:00:00Z 0.00282 23 8152
2013-12-23T14:00:00Z 0.00280 23 8226
2013-12-23T15:00:00Z 0.00250 22 8807
2013-12-23T16:00:00Z 0.00245 23 9397
2013-12-23T17:00:00Z 0.00235 23 9768
2013-12-23T18:00:00Z 0.00247 25 10117
2013-12-23T19:00:00Z 0.00250 26 10381
2013-12-23T20:00:00Z 0.00190 20 10508
2013-12-23T21:00:00Z 0.00145 15 10318
2013-12-23T22:00:00Z 0.00133 13 9759
2013-12-23T23:00:00Z 0.00096 9 9352
2013-12-24T00:00:00Z 0.00075 7 9295
2013-12-24T01:00:00Z 0.00087 8 9207
2013-12-24T02:00:00Z 0.00093 8 8599
2013-12-24T03:00:00Z 0.00103 8 7749
2013-12-24T04:00:00Z 0.00100 7 6996
2013-12-24T17:00:00Z 0.00133 9 6751
2013-12-24T18:00:00Z 0.00123 9 7339
2013-12-24T19:00:00Z 0.00137 11 8053
2013-12-24T20:00:00Z 0.00159 14 8791
2013-12-24T21:00:00Z 0.00157 15 9531
2013-12-24T22:00:00Z 0.00143 15 10513
2013-12-24T23:00:00Z 0.00127 15 11847
2013-12-25T00:00:00Z 0.00114 15 13107
2013-12-25T01:00:00Z 0.00116 16 13815
2013-12-25T02:00:00Z 0.00114 16 14003
2013-12-25T03:00:00Z 0.00109 15 13784
2013-12-25T04:00:00Z 0.00112 15 13409
2013-12-25T05:00:00Z 0.00100 13 12963
2013-12-25T06:00:00Z 0.00105 13 12366
2013-12-25T07:00:00Z 0.00101 12 11922
2013-12-25T08:00:00Z 0.00078 9 11585
2013-12-25T09:00:00Z 0.00096 11 11416
2013-12-25T10:00:00Z 0.00108 12 11095
2013-12-25T11:00:00Z 0.00126 13 10280
2013-12-25T12:00:00Z 0.00148 14 9487
2013-12-25T13:00:00Z 0.00142 13 9186
2013-12-25T14:00:00Z 0.00135 13 9629
2013-12-25T15:00:00Z 0.00144 15 10433
2013-12-25T16:00:00Z 0.00141 16 11315
2013-12-25T17:00:00Z 0.00137 17 12423
2013-12-25T18:00:00Z 0.00182 25 13737
2014-01-02T14:00:00Z 0.00169 10 5931
2014-01-02T15:00:00Z 0.00169 11 6500
2014-01-04T12:00:00Z 0.00072 3 4161
2014-01-04T13:00:00Z 0.00063 3 4735
2014-01-04T14:00:00Z 0.00073 4 5472
2014-01-04T15:00:00Z 0.00112 7 6240
2014-01-04T16:00:00Z 0.00112 8 7168
2014-01-04T17:00:00Z 0.00110 9 8154
2014-01-04T18:00:00Z 0.00098 9 9215
2014-01-04T19:00:00Z 0.00088 9 10242
2014-01-05T23:00:00Z 0.00106 12 11358
2014-01-06T00:00:00Z 0.00084 11 13092
2014-01-06T01:00:00Z 0.00069 10 14440
2014-01-06T02:00:00Z 0.00067 10 14915
2014-01-06T03:00:00Z 0.00061 9 14854
2014-01-06T04:00:00Z 0.00048 7 14572
2014-01-06T05:00:00Z 0.00035 5 14290
2014-01-06T06:00:00Z 0.00021 3 13994
2014-01-06T07:00:00Z 0.00029 4 13918
2014-01-06T08:00:00Z 0.00028 4 14059
2014-01-06T09:00:00Z 0.00044 6 13535
2014-01-06T10:00:00Z 0.00051 6 11873
2014-01-06T11:00:00Z 0.00050 5 9945
2014-01-06T12:00:00Z 0.00062 5 8032
2014-01-06T13:00:00Z 0.00089 6 6745
2014-01-15T23:00:00Z 0.00121 9 7411
2014-01-16T00:00:00Z 0.00118 9 7645
2014-01-16T01:00:00Z 0.00106 8 7525
2014-01-16T02:00:00Z 0.00097 7 7242
2014-01-16T03:00:00Z 0.00086 6 6947
2014-01-16T04:00:00Z 0.00076 5 6545
2014-01-16T05:00:00Z 0.00082 5 6123
2014-01-16T06:00:00Z 0.00053 3 5652
2014-01-16T07:00:00Z 0.00060 3 4994
2014-01-16T08:00:00Z 0.00111 5 4512
2014-01-16T09:00:00Z 0.00241 10 4146
2014-01-16T10:00:00Z 0.00295 11 3725
2014-01-16T11:00:00Z 0.00336 11 3275
2014-01-16T12:00:00Z 0.00371 11 2962
2014-01-16T13:00:00Z 0.00407 12 2945
2014-01-16T14:00:00Z 0.00383 12 3137
2014-01-16T15:00:00Z 0.00350 12 3429
2014-01-16T16:00:00Z 0.00321 12 3740
2014-01-16T17:00:00Z 0.00319 13 4081
2014-01-16T18:00:00Z 0.00314 14 4455
2014-01-16T19:00:00Z 0.00332 16 4820
2014-01-19T08:00:00Z 0.00130 9 6945
2014-01-19T09:00:00Z 0.00076 5 6542
2014-01-19T10:00:00Z 0.00082 5 6096
2014-01-19T11:00:00Z 0.00036 2 5480
2014-01-22T17:00:00Z 0.00116 7 6009
2014-01-22T18:00:00Z 0.00140 9 6413
2014-01-22T19:00:00Z 0.00119 8 6723
2014-01-22T20:00:00Z 0.00116 8 6870
2014-01-22T21:00:00Z 0.00116 8 6890
2014-01-22T22:00:00Z 0.00132 9 6808
2014-01-22T23:00:00Z 0.00115 8 6943
2014-01-23T00:00:00Z 0.00098 7 7124
2014-01-23T01:00:00Z 0.00087 6 6859
2014-01-23T02:00:00Z 0.00078 5 6426
2014-01-23T03:00:00Z 0.00081 5 6156
2014-01-23T04:00:00Z 0.00085 5 5897
2014-01-23T05:00:00Z 0.00090 5 5561
2014-01-23T06:00:00Z 0.00058 3 5156
2014-01-23T07:00:00Z 0.00062 3 4829
2014-01-23T08:00:00Z 0.00065 3 4634
2014-01-23T09:00:00Z 0.00045 2 4486
2014-01-23T10:00:00Z 0.00023 1 4331
2014-01-23T11:00:00Z 0.00049 2 4044
2014-01-23T12:00:00Z 0.00026 1 3921
2014-01-23T13:00:00Z 0.00048 2 4207
2014-01-23T14:00:00Z 0.00043 2 4606
2014-01-23T15:00:00Z 0.00039 2 5175
2014-01-23T16:00:00Z 0.00036 2 5560
2014-01-23T17:00:00Z 0.00033 2 6020
2014-01-23T18:00:00Z 0.00046 3 6548
2014-01-23T19:00:00Z 0.00043 3 7050
2014-01-23T20:00:00Z 0.00040 3 7460
2014-01-23T21:00:00Z 0.00038 3 7830
2014-01-23T22:00:00Z 0.00036 3 8244
2014-01-23T23:00:00Z 0.00022 2 8910
2014-01-24T00:00:00Z 0.00032 3 9379
2014-01-24T01:00:00Z 0.00021 2 9597
2014-01-24T02:00:00Z 0.00021 2 9482
2014-01-24T03:00:00Z 0.00022 2 9116
2014-01-29T13:00:00Z 0.00353 12 3403
2014-01-29T14:00:00Z 0.00338 12 3546
2014-01-29T15:00:00Z 0.00314 12 3819
2014-01-29T16:00:00Z 0.00285 12 4213
2014-01-30T20:00:00Z 0.00037 3 8154
2014-01-30T21:00:00Z 0.00030 3 10010
2014-02-01T04:00:00Z 0.00043 3 7019
2014-02-01T05:00:00Z 0.00045 3 6601
2014-02-01T06:00:00Z 0.00049 3 6151
2014-02-01T07:00:00Z 0.00052 3 5763
2014-02-01T08:00:00Z 0.00056 3 5379
2014-02-01T09:00:00Z 0.00040 2 5036
2014-02-01T10:00:00Z 0.00088 4 4556
2014-02-01T11:00:00Z 0.00143 6 4206
2014-02-01T12:00:00Z 0.00273 11 4032
2014-02-01T13:00:00Z 0.00315 13 4125
2014-02-01T14:00:00Z 0.00303 13 4290
2014-02-01T15:00:00Z 0.00261 12 4598
2014-02-01T16:00:00Z 0.00257 13 5053
2014-02-01T17:00:00Z 0.00236 13 5517
2014-02-01T18:00:00Z 0.00215 13 6041
2014-02-01T19:00:00Z 0.00201 13 6473
2014-02-01T20:00:00Z 0.00204 14 6854
2014-02-01T21:00:00Z 0.00198 14 7053
2014-02-01T22:00:00Z 0.00167 12 7192
2014-02-01T23:00:00Z 0.00135 10 7422
2014-02-05T22:00:00Z 0.00490 49 9990
2014-02-05T23:00:00Z 0.00484 51 10537
2014-02-06T00:00:00Z 0.00465 51 10970
2014-02-06T01:00:00Z 0.00461 52 11274
2014-02-06T02:00:00Z 0.00442 50 11322
2014-02-06T03:00:00Z 0.00436 48 11015
2014-02-11T18:00:00Z 0.00120 12 10032
2014-02-11T19:00:00Z 0.00119 13 10930
2014-02-11T20:00:00Z 0.00093 11 11768
2014-02-11T21:00:00Z 0.00072 9 12584
2014-02-12T18:00:00Z 0.00074 9 12235
2014-02-12T19:00:00Z 0.00121 16 13238
2014-02-12T20:00:00Z 0.00099 14 14184
2014-02-12T21:00:00Z 0.00073 11 15172
2014-02-12T22:00:00Z 0.00074 12 16277
2014-02-12T23:00:00Z 0.00069 12 17497
2014-02-13T00:00:00Z 0.00065 12 18557
2014-02-13T01:00:00Z 0.00064 12 18667
2014-02-13T02:00:00Z 0.00066 12 18131
2014-02-13T03:00:00Z 0.00070 12 17250
2014-02-13T04:00:00Z 0.00073 12 16382
2014-02-13T05:00:00Z 0.00072 11 15257
2014-02-13T06:00:00Z 0.00071 10 14085
2014-02-13T07:00:00Z 0.00023 3 13028
2014-02-13T08:00:00Z 0.00050 6 12062
2014-02-13T09:00:00Z 0.00071 8 11329
2014-02-13T10:00:00Z 0.00074 8 10747
2014-02-13T11:00:00Z 0.00093 9 9643
2014-02-13T12:00:00Z 0.00132 11 8335
2014-02-13T13:00:00Z 0.00153 12 7838
2014-02-13T14:00:00Z 0.00150 12 8026
2014-02-13T15:00:00Z 0.00140 12 8559
2014-02-13T16:00:00Z 0.00131 12 9170
2014-02-13T17:00:00Z 0.00122 12 9872
2014-02-13T18:00:00Z 0.00122 13 10633
2014-02-13T19:00:00Z 0.00161 18 11204
2014-02-13T20:00:00Z 0.00129 15 11636
2014-02-13T21:00:00Z 0.00110 13 11831
2014-02-13T22:00:00Z 0.00103 12 11666
2014-02-13T23:00:00Z 0.00093 11 11778
2014-02-14T00:00:00Z 0.00066 8 12046
2014-02-14T01:00:00Z 0.00058 7 12115
2014-02-14T02:00:00Z 0.00060 7 11647
2014-02-14T03:00:00Z 0.00064 7 11003
2014-02-14T04:00:00Z 0.00068 7 10265
2014-02-14T05:00:00Z 0.00074 7 9489
2014-02-14T06:00:00Z 0.00058 5 8632
2014-02-14T07:00:00Z 0.00000 0 7936
2014-02-14T08:00:00Z 0.00000 0 7259
2014-02-14T09:00:00Z 0.00000 0 6566
2014-02-14T10:00:00Z 0.00000 0 5993
2014-02-14T11:00:00Z 0.00000 0 5345
2014-02-14T12:00:00Z 0.00000 0 4847
2014-02-14T13:00:00Z 0.00022 1 4585
2014-02-14T14:00:00Z 0.00020 1 4896
2014-02-14T15:00:00Z 0.00037 2 5357
2014-02-14T16:00:00Z 0.00068 4 5888
2014-02-14T17:00:00Z 0.00061 4 6505
2014-02-14T18:00:00Z 0.00070 5 7131
2014-02-14T19:00:00Z 0.00114 9 7885
2014-02-14T20:00:00Z 0.00117 10 8574
2014-02-14T21:00:00Z 0.00108 10 9256
2014-02-14T22:00:00Z 0.00100 10 9991
2014-02-14T23:00:00Z 0.00091 10 10935
2014-02-15T00:00:00Z 0.00104 12 11561
2014-02-15T01:00:00Z 0.00094 11 11669
2014-02-15T02:00:00Z 0.00097 11 11367
2014-02-15T03:00:00Z 0.00092 10 10910
2014-02-15T04:00:00Z 0.00077 8 10387
2014-02-15T05:00:00Z 0.00082 8 9762
2014-02-15T06:00:00Z 0.00077 7 9110
2014-02-15T07:00:00Z 0.00036 3 8293
2014-02-15T08:00:00Z 0.00027 2 7480
2014-02-15T09:00:00Z 0.00030 2 6650
2014-02-15T10:00:00Z 0.00035 2 5786
2014-02-15T11:00:00Z 0.00041 2 4909
2014-02-15T12:00:00Z 0.00000 0 4323
2014-02-15T13:00:00Z 0.00024 1 4235
2014-02-15T14:00:00Z 0.00022 1 4641
2014-02-15T15:00:00Z 0.00019 1 5129
2014-02-15T16:00:00Z 0.00035 2 5759
2014-02-15T17:00:00Z 0.00046 3 6476
2014-02-15T18:00:00Z 0.00055 4 7230
2014-02-15T19:00:00Z 0.00063 5 7995
2014-02-15T20:00:00Z 0.00080 7 8744
2014-02-15T21:00:00Z 0.00085 8 9384
2014-02-15T22:00:00Z 0.00079 8 10151
2014-02-15T23:00:00Z 0.00081 9 11047
2014-02-16T00:00:00Z 0.00074 9 12085
2014-02-16T01:00:00Z 0.00072 9 12566
2014-02-16T02:00:00Z 0.00073 9 12368
2014-02-16T03:00:00Z 0.00075 9 11992
2014-02-16T04:00:00Z 0.00070 8 11459
2014-02-16T05:00:00Z 0.00065 7 10792
2014-02-16T06:00:00Z 0.00059 6 10085
2014-02-16T07:00:00Z 0.00053 5 9419
2014-02-16T08:00:00Z 0.00034 3 8836
2014-02-16T09:00:00Z 0.00047 4 8460
2014-02-16T10:00:00Z 0.00050 4 8044
2014-02-16T11:00:00Z 0.00067 5 7465
2014-02-16T12:00:00Z 0.00074 5 6760
2014-02-16T13:00:00Z 0.00060 4 6698
2014-02-16T14:00:00Z 0.00069 5 7205
2014-02-16T15:00:00Z 0.00086 7 8124
2014-02-16T16:00:00Z 0.00110 10 9080
2014-02-16T17:00:00Z 0.00129 13 10081
2014-02-16T18:00:00Z 0.00143 16 11218
2014-02-19T22:00:00Z 0.00070 12 17032
2014-02-19T23:00:00Z 0.00071 12 16888
2014-02-20T00:00:00Z 0.00072 12 16773
2014-02-20T01:00:00Z 0.00063 10 15988
2014-02-20T02:00:00Z 0.00068 10 14803
2014-02-20T03:00:00Z 0.00052 7 13513
2014-02-20T04:00:00Z 0.00056 7 12486
2014-02-20T05:00:00Z 0.00061 7 11499
2014-02-20T06:00:00Z 0.00038 4 10466
2014-02-21T13:00:00Z 0.00152 6 3945
2014-02-21T14:00:00Z 0.00160 7 4384
2014-02-21T15:00:00Z 0.00142 7 4934
2014-02-21T16:00:00Z 0.00124 7 5662
2014-02-21T17:00:00Z 0.00156 10 6429
2014-02-21T18:00:00Z 0.00211 15 7123
2014-02-21T19:00:00Z 0.00244 19 7797
2014-02-21T20:00:00Z 0.00233 20 8577
2014-02-21T21:00:00Z 0.00213 20 9384
2014-02-21T22:00:00Z 0.00190 20 10554
2014-02-21T23:00:00Z 0.00182 22 12078
2014-02-22T00:00:00Z 0.00156 21 13442
2014-02-22T01:00:00Z 0.00135 19 14044
2014-02-22T02:00:00Z 0.00128 18 14060
2014-02-22T03:00:00Z 0.00131 18 13740
2014-02-22T04:00:00Z 0.00129 17 13139
2014-02-22T05:00:00Z 0.00112 14 12477
2014-02-22T19:00:00Z 0.00146 23 15722
2014-02-22T20:00:00Z 0.00140 23 16403
2014-02-22T21:00:00Z 0.00130 22 16930
2014-02-22T22:00:00Z 0.00109 19 17399
2014-02-22T23:00:00Z 0.00093 17 18227
2014-02-23T00:00:00Z 0.00083 16 19391
2014-02-23T01:00:00Z 0.00058 12 20721
2014-02-23T02:00:00Z 0.00048 10 20902
2014-02-23T03:00:00Z 0.00029 6 20345
2014-02-23T04:00:00Z 0.00026 5 19475
2014-02-23T05:00:00Z 0.00027 5 18454
2014-02-23T06:00:00Z 0.00023 4 17224
2014-02-23T07:00:00Z 0.00018 3 16377
2014-02-23T08:00:00Z 0.00013 2 15828
2014-02-23T09:00:00Z 0.00019 3 15813
2014-02-23T10:00:00Z 0.00025 4 16108
2014-02-23T11:00:00Z 0.00031 5 16293
2014-02-23T12:00:00Z 0.00043 7 16200
2014-02-23T13:00:00Z 0.00070 11 15761
2014-02-23T14:00:00Z 0.00104 17 16353
2014-02-23T15:00:00Z 0.00148 26 17558
2014-02-23T16:00:00Z 0.00154 29 18824
2014-02-23T17:00:00Z 0.00145 29 20024
2014-02-23T18:00:00Z 0.00147 31 21118
2014-02-23T19:00:00Z 0.00146 32 21919
2014-02-23T20:00:00Z 0.00148 33 22370
2014-02-23T21:00:00Z 0.00144 32 22179
2014-02-23T22:00:00Z 0.00138 30 21774
2014-02-23T23:00:00Z 0.00137 29 21202
2014-02-24T00:00:00Z 0.00143 29 20328
2014-02-24T01:00:00Z 0.00132 25 18945
2014-02-24T02:00:00Z 0.00111 19 17086
2014-02-24T03:00:00Z 0.00066 10 15232
2014-02-24T04:00:00Z 0.00051 7 13627
2014-02-24T05:00:00Z 0.00057 7 12218
2014-02-24T06:00:00Z 0.00046 5 10968
2014-02-24T07:00:00Z 0.00030 3 9902
2014-02-24T08:00:00Z 0.00034 3 8944
2014-02-24T09:00:00Z 0.00037 3 8078
2014-02-24T10:00:00Z 0.00043 3 6898
2014-02-24T23:00:00Z 0.00090 7 7790
2014-02-25T00:00:00Z 0.00084 7 8379
2014-02-25T01:00:00Z 0.00094 8 8529
2014-02-25T02:00:00Z 0.00095 8 8421
2014-03-03T07:00:00Z 0.00051 3 5916
2014-03-03T08:00:00Z 0.00088 5 5700
2014-03-03T09:00:00Z 0.00180 10 5543
2014-03-03T10:00:00Z 0.00193 10 5185
2014-03-03T11:00:00Z 0.00229 11 4802
2014-03-03T12:00:00Z 0.00250 11 4405
2014-03-03T13:00:00Z 0.00294 13 4423
2014-03-03T14:00:00Z 0.00271 13 4794
2014-03-03T15:00:00Z 0.00246 13 5288
2014-03-03T16:00:00Z 0.00243 14 5768
2014-03-03T17:00:00Z 0.00235 15 6390
2014-03-03T18:00:00Z 0.00227 16 7044
2014-03-10T19:00:00Z 0.00136 6 4398
2014-03-10T20:00:00Z 0.00128 6 4679
2014-03-10T21:00:00Z 0.00101 5 4963
2014-03-10T22:00:00Z 0.00093 5 5404
2014-03-10T23:00:00Z 0.00082 5 6106
2014-03-11T00:00:00Z 0.00073 5 6826
2014-03-11T01:00:00Z 0.00072 5 6978
2014-03-11T02:00:00Z 0.00058 4 6844
2014-03-11T03:00:00Z 0.00045 3 6619
2014-03-11T04:00:00Z 0.00032 2 6325
2014-03-11T05:00:00Z 0.00033 2 5980
2014-03-11T06:00:00Z 0.00018 1 5631
2014-03-11T07:00:00Z 0.00000 0 5345
2014-03-11T08:00:00Z 0.00038 2 5211
2014-03-11T09:00:00Z 0.00078 4 5108
2014-03-15T20:00:00Z 0.00203 24 11808
2014-03-16T16:00:00Z 0.00140 9 6433
2014-03-16T17:00:00Z 0.00183 13 7119
2014-03-16T18:00:00Z 0.00218 17 7811
2014-03-16T19:00:00Z 0.00309 26 8417
2014-03-16T20:00:00Z 0.00292 26 8913
2014-03-16T21:00:00Z 0.00297 28 9432
2014-03-16T22:00:00Z 0.00281 28 9956
2014-03-16T23:00:00Z 0.00239 26 10860
2014-03-17T00:00:00Z 0.00214 25 11672
2014-03-17T01:00:00Z 0.00219 26 11865
2014-03-17T02:00:00Z 0.00226 26 11516
2014-03-17T03:00:00Z 0.00219 24 10976
2014-03-17T04:00:00Z 0.00233 24 10311
2014-03-17T05:00:00Z 0.00208 20 9604
2014-03-23T15:00:00Z 0.00189 21 11130
2014-03-23T16:00:00Z 0.00193 24 12423
2014-03-23T17:00:00Z 0.00201 28 13924
2014-03-23T18:00:00Z 0.00249 39 15645
2014-03-23T19:00:00Z 0.00238 41 17255
2014-03-23T20:00:00Z 0.00241 45 18699
2014-03-23T21:00:00Z 0.00240 48 19972
2014-03-23T22:00:00Z 0.00229 49 21405
2014-03-23T23:00:00Z 0.00209 48 23008
2014-03-24T00:00:00Z 0.00184 45 24500
2014-03-24T01:00:00Z 0.00157 39 24834
2014-03-24T02:00:00Z 0.00149 36 24185
2014-03-24T03:00:00Z 0.00152 35 23080
2014-03-24T04:00:00Z 0.00147 32 21799
2014-03-24T05:00:00Z 0.00147 30 20382
2014-03-24T06:00:00Z 0.00101 19 18794
2014-03-24T07:00:00Z 0.00104 18 17339
2014-03-24T08:00:00Z 0.00136 22 16166
2014-03-24T09:00:00Z 0.00221 33 14955
2014-03-24T23:00:00Z 0.00112 13 11625
2014-03-25T00:00:00Z 0.00114 13 11447
2014-03-25T01:00:00Z 0.00118 13 10975
2014-03-25T02:00:00Z 0.00106 11 10335
2014-03-25T03:00:00Z 0.00103 10 9690
2014-03-25T04:00:00Z 0.00111 10 9047
2014-03-25T05:00:00Z 0.00120 10 8324
2014-03-25T06:00:00Z 0.00080 6 7524
2014-03-25T07:00:00Z 0.00045 3 6642
2014-03-25T08:00:00Z 0.00081 5 6159
2014-03-25T09:00:00Z 0.00121 7 5795
2014-03-25T10:00:00Z 0.00147 8 5427
2014-03-25T11:00:00Z 0.00138 7 5070
2014-03-25T12:00:00Z 0.00162 7 4333
2014-03-25T13:00:00Z 0.00161 7 4343
2014-03-25T14:00:00Z 0.00150 7 4674
2014-03-25T15:00:00Z 0.00155 8 5150
2014-03-25T16:00:00Z 0.00140 8 5704
2014-03-25T17:00:00Z 0.00143 9 6289
2014-03-25T18:00:00Z 0.00145 10 6874
2014-03-25T19:00:00Z 0.00149 11 7395
2014-03-25T20:00:00Z 0.00115 9 7801
2014-03-25T21:00:00Z 0.00084 7 8288
2014-03-25T22:00:00Z 0.00056 5 8974
2014-03-25T23:00:00Z 0.00051 5 9821
2014-03-26T00:00:00Z 0.00038 4 10568
2014-03-26T01:00:00Z 0.00037 4 10743
2014-03-26T02:00:00Z 0.00038 4 10459
2014-03-26T03:00:00Z 0.00030 3 10030
2014-03-26T04:00:00Z 0.00032 3 9504
2014-03-26T05:00:00Z 0.00022 2 8917
2014-03-26T06:00:00Z 0.00012 1 8339
2014-03-26T07:00:00Z 0.00000 0 7945
2014-03-26T08:00:00Z 0.00025 2 7851
2014-03-26T09:00:00Z 0.00143 11 7686
2014-03-26T10:00:00Z 0.00242 18 7429
2014-03-26T11:00:00Z 0.00320 22 6867
2014-03-26T12:00:00Z 0.00367 24 6536
2014-03-26T13:00:00Z 0.00350 24 6864
2014-03-26T14:00:00Z 0.00318 24 7551
2014-03-26T15:00:00Z 0.00283 24 8488
2014-03-26T16:00:00Z 0.00267 25 9370
2014-03-26T17:00:00Z 0.00241 25 10387
2014-03-26T18:00:00Z 0.00236 27 11425
2014-03-26T19:00:00Z 0.00238 29 12210
2014-03-26T20:00:00Z 0.00215 28 13020
2014-03-26T21:00:00Z 0.00137 19 13887
2014-03-26T22:00:00Z 0.00079 12 15184
2014-03-26T23:00:00Z 0.00054 9 16660
2014-03-27T00:00:00Z 0.00039 7 17933
2014-03-27T01:00:00Z 0.00038 7 18214
2014-03-27T02:00:00Z 0.00039 7 17824
2014-03-27T03:00:00Z 0.00041 7 16963
2014-03-27T04:00:00Z 0.00037 6 16168
2014-03-27T20:00:00Z 0.00242 47 19401
2014-03-27T21:00:00Z 0.00157 32 20396
2014-03-27T22:00:00Z 0.00142 30 21166
2014-03-27T23:00:00Z 0.00123 27 21986
2014-03-28T00:00:00Z 0.00120 27 22492
2014-03-28T01:00:00Z 0.00121 27 22296
2014-04-13T12:00:00Z 0.00154 15 9756
2014-04-13T13:00:00Z 0.00176 17 9679
2014-04-13T14:00:00Z 0.00165 17 10317
2014-04-13T15:00:00Z 0.00151 17 11233
2014-04-13T16:00:00Z 0.00146 18 12334
2014-04-13T17:00:00Z 0.00149 20 13437
2014-04-13T18:00:00Z 0.00174 25 14349
2014-04-13T19:00:00Z 0.00164 25 15230
2014-04-13T20:00:00Z 0.00173 28 16191
2014-04-13T21:00:00Z 0.00141 24 17051
2014-04-13T22:00:00Z 0.00133 24 18080
2014-04-13T23:00:00Z 0.00118 23 19546
2014-04-14T00:00:00Z 0.00110 22 19961
2014-04-14T01:00:00Z 0.00099 20 20115
2014-04-14T02:00:00Z 0.00103 20 19456
2014-04-14T03:00:00Z 0.00108 20 18499
2014-04-14T04:00:00Z 0.00109 19 17429
2014-04-14T05:00:00Z 0.00104 17 16331
2014-04-14T06:00:00Z 0.00078 12 15397
2014-04-14T07:00:00Z 0.00076 11 14557
2014-04-14T08:00:00Z 0.00097 13 13413
2014-04-14T09:00:00Z 0.00153 19 12447
2014-04-14T10:00:00Z 0.00216 24 11122
2014-04-14T11:00:00Z 0.00282 26 9224
2014-04-14T12:00:00Z 0.00309 26 8411
2014-04-14T13:00:00Z 0.00336 26 7746
2014-04-17T23:00:00Z 0.00046 3 6551
2014-04-18T00:00:00Z 0.00043 3 7015
2014-04-18T01:00:00Z 0.00042 3 7114
2014-04-18T02:00:00Z 0.00029 2 6897
2014-04-18T03:00:00Z 0.00030 2 6616
2014-04-18T04:00:00Z 0.00032 2 6333
2014-04-18T05:00:00Z 0.00050 3 5980
2014-04-23T08:00:00Z 0.00081 6 7389
2014-04-23T09:00:00Z 0.00134 10 7437
2014-05-01T03:00:00Z 0.00376 13 3455
2014-05-01T04:00:00Z 0.00336 11 3278
2014-05-01T05:00:00Z 0.00293 9 3069
2014-05-01T06:00:00Z 0.00310 9 2903
2014-05-01T07:00:00Z 0.00386 11 2853
2014-05-15T14:00:00Z 0.00000 0 837
2014-05-19T12:00:00Z 0.00048 1 2067
2014-05-19T13:00:00Z 0.00049 1 2037
2014-05-19T14:00:00Z 0.00045 1 2246
2014-05-19T15:00:00Z 0.00040 1 2498
2014-05-19T16:00:00Z 0.00036 1 2812
2014-05-19T17:00:00Z 0.00032 1 3086
2014-05-19T18:00:00Z 0.00030 1 3336
2014-05-19T19:00:00Z 0.00028 1 3560
2014-05-19T20:00:00Z 0.00027 1 3746
2014-05-21T15:00:00Z 0.00025 1 4017
2014-05-21T16:00:00Z 0.00023 1 4404
2014-05-21T17:00:00Z 0.00021 1 4740
2014-05-21T18:00:00Z 0.00020 1 5062
2014-05-21T19:00:00Z 0.00019 1 5287
2014-05-21T20:00:00Z 0.00037 2 5473
2014-05-21T21:00:00Z 0.00018 1 5589
2014-05-21T22:00:00Z 0.00017 1 5809
2014-05-21T23:00:00Z 0.00016 1 6186
2014-05-22T00:00:00Z 0.00031 2 6539
2014-05-22T01:00:00Z 0.00031 2 6478
2014-05-22T02:00:00Z 0.00033 2 6130
2014-05-22T03:00:00Z 0.00034 2 5837
2014-05-22T04:00:00Z 0.00037 2 5474
2014-05-31T11:00:00Z 0.00439 24 5468
2014-05-31T12:00:00Z 0.00422 23 5453
2014-05-31T13:00:00Z 0.00386 21 5445
2014-06-16T13:00:00Z 0.00062 4 6499
2014-06-16T14:00:00Z 0.00062 4 6442
2014-06-16T15:00:00Z 0.00059 4 6730
2014-06-16T16:00:00Z 0.00053 4 7485
2014-06-16T17:00:00Z 0.00071 6 8420
2014-07-04T09:00:00Z 0.00043 2 4622
2014-07-04T10:00:00Z 0.00073 3 4112
2014-07-04T11:00:00Z 0.00113 4 3539
2014-07-04T12:00:00Z 0.00134 4 2975
2014-07-04T13:00:00Z 0.00145 4 2765
2014-07-04T14:00:00Z 0.00149 4 2680
2014-07-04T15:00:00Z 0.00145 4 2765
2014-07-04T16:00:00Z 0.00136 4 2932
2014-07-04T17:00:00Z 0.00157 5 3178
2014-07-04T18:00:00Z 0.00147 5 3402
2014-07-04T19:00:00Z 0.00169 6 3548
2014-07-04T20:00:00Z 0.00110 4 3633
2014-07-04T21:00:00Z 0.00156 6 3835
2014-07-04T22:00:00Z 0.00124 5 4040
2014-07-04T23:00:00Z 0.00140 6 4277
2014-07-05T00:00:00Z 0.00132 6 4540
2014-07-05T01:00:00Z 0.00127 6 4721
2014-07-06T00:00:00Z 0.00027 1 3695
2014-07-06T01:00:00Z 0.00027 1 3710
2014-07-07T10:00:00Z 0.00036 1 2813
2014-07-07T11:00:00Z 0.00038 1 2651
2014-07-07T12:00:00Z 0.00042 1 2399
2014-07-07T13:00:00Z 0.00041 1 2414
2014-07-07T14:00:00Z 0.00077 2 2601
2014-07-07T15:00:00Z 0.00070 2 2859
2014-07-07T16:00:00Z 0.00064 2 3118
2014-07-07T17:00:00Z 0.00059 2 3409
2014-07-07T18:00:00Z 0.00055 2 3643
2014-07-07T19:00:00Z 0.00051 2 3917
2014-07-07T20:00:00Z 0.00072 3 4153
2014-07-07T21:00:00Z 0.00090 4 4432
2014-07-07T22:00:00Z 0.00104 5 4798
2014-07-07T23:00:00Z 0.00095 5 5259
2014-07-08T00:00:00Z 0.00088 5 5700
2014-07-17T09:00:00Z 0.00053 2 3756
2014-07-17T10:00:00Z 0.00029 1 3496
2014-07-17T11:00:00Z 0.00032 1 3120
2014-07-17T12:00:00Z 0.00035 1 2857
2014-07-17T13:00:00Z 0.00033 1 3023
2014-07-17T14:00:00Z 0.00030 1 3355
2014-07-17T15:00:00Z 0.00027 1 3695
2014-07-17T16:00:00Z 0.00025 1 4079
2014-07-17T17:00:00Z 0.00022 1 4543
2014-07-17T18:00:00Z 0.00020 1 5000
2014-07-17T19:00:00Z 0.00037 2 5398
2014-07-17T20:00:00Z 0.00035 2 5656
2014-07-17T21:00:00Z 0.00017 1 5998
2014-07-17T22:00:00Z 0.00046 3 6495
2014-07-17T23:00:00Z 0.00041 3 7252
2014-07-18T00:00:00Z 0.00038 3 7909
2014-07-18T01:00:00Z 0.00037 3 8111
2014-07-18T02:00:00Z 0.00038 3 7925
2014-07-18T03:00:00Z 0.00039 3 7614
2014-07-18T04:00:00Z 0.00041 3 7271
2014-07-18T05:00:00Z 0.00044 3 6857
2014-07-18T06:00:00Z 0.00046 3 6460
2014-07-18T07:00:00Z 0.00033 2 6141
2014-07-18T08:00:00Z 0.00050 3 6029
2014-07-18T09:00:00Z 0.00053 3 5701
2014-07-18T10:00:00Z 0.00019 1 5181
2014-07-18T11:00:00Z 0.00023 1 4437
2014-07-18T12:00:00Z 0.00027 1 3653
2014-07-18T13:00:00Z 0.00031 1 3203
2014-07-18T14:00:00Z 0.00031 1 3189
2014-07-28T02:00:00Z 0.00059 5 8428
2014-07-28T03:00:00Z 0.00063 5 7986
2014-07-30T09:00:00Z 0.00027 1 3703
2014-07-30T10:00:00Z 0.00032 1 3141
2014-07-30T11:00:00Z 0.00039 1 2534
2014-07-30T12:00:00Z 0.00055 1 1833
2014-07-30T13:00:00Z 0.00070 1 1433
2014-07-30T14:00:00Z 0.00071 1 1405
2014-07-30T15:00:00Z 0.00067 1 1498
2014-07-30T16:00:00Z 0.00062 1 1606
2014-07-30T17:00:00Z 0.00057 1 1765
2014-07-30T18:00:00Z 0.00052 1 1930
2014-07-30T19:00:00Z 0.00049 1 2039
2014-07-30T20:00:00Z 0.00048 1 2104
2014-07-30T21:00:00Z 0.00000 0 2164
2014-07-30T22:00:00Z 0.00000 0 2288
2014-07-30T23:00:00Z 0.00000 0 2441
2014-07-31T00:00:00Z 0.00000 0 2533
2014-07-31T01:00:00Z 0.00000 0 2491
2014-07-31T02:00:00Z 0.00000 0 2374
2014-07-31T03:00:00Z 0.00000 0 2247
2014-07-31T04:00:00Z 0.00000 0 2126
2014-07-31T17:00:00Z 0.00058 1 1721
2014-07-31T18:00:00Z 0.00106 2 1878
2014-07-31T19:00:00Z 0.00103 2 1948
2014-07-31T20:00:00Z 0.00050 1 2006
2014-07-31T21:00:00Z 0.00048 1 2080
2014-07-31T22:00:00Z 0.00046 1 2178
2014-07-31T23:00:00Z 0.00042 1 2393
2014-08-01T00:00:00Z 0.00039 1 2540
2014-08-01T01:00:00Z 0.00039 1 2580
2014-08-01T02:00:00Z 0.00040 1 2522
2014-08-01T03:00:00Z 0.00041 1 2435
2014-08-01T04:00:00Z 0.00043 1 2322
2014-08-01T05:00:00Z 0.00045 1 2222
2014-08-01T06:00:00Z 0.00000 0 2086
2014-08-01T07:00:00Z 0.00000 0 2036
2014-08-01T08:00:00Z 0.00000 0 1986
2014-08-01T09:00:00Z 0.00000 0 1944
2014-08-01T10:00:00Z 0.00000 0 1883
2014-08-01T11:00:00Z 0.00000 0 1769
2014-08-01T12:00:00Z 0.00000 0 1667
2014-08-01T13:00:00Z 0.00000 0 1673
2014-08-01T14:00:00Z 0.00000 0 1815
2014-08-01T15:00:00Z 0.00000 0 1977
2014-08-01T16:00:00Z 0.00046 1 2160
2014-08-01T17:00:00Z 0.00042 1 2389
2014-08-01T18:00:00Z 0.00039 1 2568
2014-08-02T10:00:00Z 0.00076 2 2620
2014-08-02T11:00:00Z 0.00119 3 2519
2014-08-02T12:00:00Z 0.00161 4 2480
2014-08-02T13:00:00Z 0.00161 4 2489
2014-08-02T14:00:00Z 0.00148 4 2698
2014-08-02T15:00:00Z 0.00201 6 2990
2014-08-02T16:00:00Z 0.00182 6 3296
2014-08-02T17:00:00Z 0.00165 6 3627
2014-08-02T18:00:00Z 0.00152 6 3940
2014-08-02T19:00:00Z 0.00168 7 4175
2014-08-02T20:00:00Z 0.00182 8 4396
2014-08-02T21:00:00Z 0.00130 6 4610
2014-08-02T22:00:00Z 0.00122 6 4924
2014-08-02T23:00:00Z 0.00094 5 5346
2014-08-03T00:00:00Z 0.00089 5 5614
2014-08-21T02:00:00Z 0.00072 19 26384
2014-08-21T03:00:00Z 0.00075 19 25475
2014-08-21T04:00:00Z 0.00074 18 24305
2014-08-21T05:00:00Z 0.00065 15 23060
2014-08-21T06:00:00Z 0.00068 15 21905
2014-08-21T07:00:00Z 0.00067 14 20781
2014-08-21T08:00:00Z 0.00063 12 19069
2014-08-21T09:00:00Z 0.00080 14 17495
2014-08-21T10:00:00Z 0.00115 18 15626
2014-08-21T11:00:00Z 0.00116 15 12921
2014-08-30T04:00:00Z 0.00099 14 14213
2014-08-30T05:00:00Z 0.00098 13 13300
2014-08-30T06:00:00Z 0.00097 12 12360
2014-08-30T07:00:00Z 0.00095 11 11599
2014-08-30T08:00:00Z 0.00109 12 11005
2014-08-30T09:00:00Z 0.00116 12 10373
2014-08-30T10:00:00Z 0.00169 16 9463
2014-08-30T11:00:00Z 0.00239 20 8373
2014-08-30T12:00:00Z 0.00305 23 7548
2014-08-30T13:00:00Z 0.00329 24 7305
2014-09-05T20:00:00Z 0.00710 70 9858
2014-09-05T21:00:00Z 0.00681 70 10284
2014-09-05T22:00:00Z 0.00665 72 10831
2014-09-05T23:00:00Z 0.00646 76 11763
2014-09-06T00:00:00Z 0.00612 77 12585
2014-09-06T01:00:00Z 0.00477 61 12791
2014-09-06T02:00:00Z 0.00488 61 12504
2014-09-06T03:00:00Z 0.00467 56 11986
2014-09-06T04:00:00Z 0.00430 49 11392
2014-09-06T05:00:00Z 0.00407 44 10818
2014-09-06T06:00:00Z 0.00383 39 10186
2014-09-06T07:00:00Z 0.00319 31 9728
2014-09-06T08:00:00Z 0.00264 25 9457
2014-09-06T09:00:00Z 0.00290 27 9321
2014-09-06T10:00:00Z 0.00283 26 9176
2014-09-06T11:00:00Z 0.00346 30 8668
2014-09-06T12:00:00Z 0.00425 35 8229
2014-09-06T13:00:00Z 0.00462 38 8220
2014-09-06T14:00:00Z 0.00455 40 8786
2014-09-06T15:00:00Z 0.00450 43 9557
2014-09-06T16:00:00Z 0.00443 46 10384
2014-09-06T17:00:00Z 0.00417 47 11275
2014-09-06T18:00:00Z 0.00423 52 12304
2014-09-06T19:00:00Z 0.00374 50 13367
2014-09-06T20:00:00Z 0.00355 50 14102
2014-09-06T21:00:00Z 0.00332 48 14444
2014-09-06T22:00:00Z 0.00299 44 14716
2014-09-06T23:00:00Z 0.00240 36 15015
2014-09-07T00:00:00Z 0.00191 29 15205
2014-09-07T01:00:00Z 0.00174 26 14964
2014-09-07T02:00:00Z 0.00167 24 14368
2014-09-07T03:00:00Z 0.00163 22 13515
2014-09-07T04:00:00Z 0.00150 19 12644
2014-09-07T05:00:00Z 0.00145 17 11713
2014-09-07T06:00:00Z 0.00122 13 10633
2014-09-07T07:00:00Z 0.00107 10 9338
2014-09-07T08:00:00Z 0.00097 8 8253
2014-09-07T09:00:00Z 0.00081 6 7388
2014-09-07T10:00:00Z 0.00108 7 6452
2014-09-07T11:00:00Z 0.00164 9 5503
2014-09-07T12:00:00Z 0.00288 14 4855
2014-09-20T18:00:00Z 0.00117 9 7720
2014-09-20T19:00:00Z 0.00097 8 8234
2014-09-25T11:00:00Z 0.00061 2 3277
2014-09-25T12:00:00Z 0.00099 3 3030
2014-09-25T13:00:00Z 0.00097 3 3077
2014-09-26T13:00:00Z 0.00000 0 2264
2014-10-07T14:00:00Z 0.00163 14 8592
2014-10-07T15:00:00Z 0.00177 17 9631
2014-10-07T16:00:00Z 0.00173 19 10972
2014-10-07T17:00:00Z 0.00203 25 12342
2014-10-07T18:00:00Z 0.00219 30 13704
2014-10-07T19:00:00Z 0.00231 35 15159
2014-10-07T20:00:00Z 0.00218 36 16548
2014-10-07T21:00:00Z 0.00204 37 18114
2014-10-07T22:00:00Z 0.00197 39 19759
2014-10-07T23:00:00Z 0.00167 37 22114
2014-10-08T00:00:00Z 0.00153 37 24180
2014-10-08T01:00:00Z 0.00153 38 24897
2014-10-08T02:00:00Z 0.00151 37 24477
2014-10-08T03:00:00Z 0.00140 33 23509
2014-10-08T04:00:00Z 0.00140 31 22157
2014-10-08T05:00:00Z 0.00115 24 20792
2014-10-08T06:00:00Z 0.00098 19 19450
2014-10-08T07:00:00Z 0.00082 15 18274
2014-10-08T08:00:00Z 0.00109 19 17435
2014-10-08T09:00:00Z 0.00222 36 16244
2014-10-08T10:00:00Z 0.00262 39 14897
2014-10-08T11:00:00Z 0.00298 38 12757
2014-10-08T12:00:00Z 0.00349 38 10903
2014-10-08T13:00:00Z 0.00349 37 10589
2014-10-08T14:00:00Z 0.00329 37 11263
2014-10-08T15:00:00Z 0.00308 38 12321
2014-10-08T16:00:00Z 0.00285 38 13353
2014-10-08T17:00:00Z 0.00276 40 14477
2014-10-08T18:00:00Z 0.00266 41 15430
2014-10-08T19:00:00Z 0.00261 42 16105
2014-10-08T20:00:00Z 0.00223 37 16615
2014-10-08T21:00:00Z 0.00105 18 17179
2014-10-08T22:00:00Z 0.00062 11 17703
2014-10-08T23:00:00Z 0.00054 10 18394
2014-10-09T00:00:00Z 0.00048 9 18677
2014-10-09T01:00:00Z 0.00044 8 17986
2014-10-09T02:00:00Z 0.00047 8 16845
2014-10-09T03:00:00Z 0.00045 7 15509
2014-10-09T04:00:00Z 0.00049 7 14344
2014-10-09T05:00:00Z 0.00038 5 13125
2014-10-09T06:00:00Z 0.00033 4 12029
2014-10-09T07:00:00Z 0.00018 2 11070
2014-10-09T08:00:00Z 0.00040 4 9973
2014-10-09T09:00:00Z 0.00067 6 8967
2014-10-09T10:00:00Z 0.00101 8 7926
2014-10-09T11:00:00Z 0.00150 10 6666
2014-10-09T12:00:00Z 0.00187 11 5884
2014-10-09T13:00:00Z 0.00204 12 5891
2014-10-09T14:00:00Z 0.00187 12 6416
2014-10-09T15:00:00Z 0.00186 13 7002
2014-10-09T16:00:00Z 0.00169 13 7682
2014-10-09T17:00:00Z 0.00153 13 8470
2014-10-09T18:00:00Z 0.00141 14 9898
2014-10-09T19:00:00Z 0.00161 18 11185
2014-10-10T08:00:00Z 0.00019 3 15587
2014-10-10T09:00:00Z 0.00049 7 14338
2014-10-10T10:00:00Z 0.00047 6 12697
2014-10-10T11:00:00Z 0.00037 4 10877
2014-10-10T12:00:00Z 0.00054 5 9309
2014-10-10T13:00:00Z 0.00055 5 9023
2014-10-10T14:00:00Z 0.00052 5 9553
2014-10-10T15:00:00Z 0.00048 5 10380
2014-10-10T16:00:00Z 0.00062 7 11342
2014-10-10T17:00:00Z 0.00056 7 12427
2014-10-10T18:00:00Z 0.00067 9 13501
2014-10-10T19:00:00Z 0.00104 15 14411
2014-10-10T20:00:00Z 0.00111 17 15341
2014-10-10T21:00:00Z 0.00092 15 16286
2014-10-10T22:00:00Z 0.00085 15 17565
2014-10-10T23:00:00Z 0.00078 15 19190
2014-10-11T00:00:00Z 0.00068 14 20631
2014-10-11T01:00:00Z 0.00067 14 20916
2014-10-11T02:00:00Z 0.00068 14 20497
2014-10-11T03:00:00Z 0.00071 14 19748
2014-10-11T04:00:00Z 0.00064 12 18833
2014-10-11T05:00:00Z 0.00068 12 17734
2014-10-11T06:00:00Z 0.00054 9 16732
2014-10-11T07:00:00Z 0.00037 6 16166
2014-10-11T08:00:00Z 0.00038 6 15770
2014-10-17T18:00:00Z 0.00156 12 7703
2014-10-18T12:00:00Z 0.00183 10 5466
2014-10-18T13:00:00Z 0.00210 11 5241
2014-10-18T14:00:00Z 0.00139 8 5773
2014-10-18T15:00:00Z 0.00123 8 6511
2014-10-18T16:00:00Z 0.00123 9 7338
2014-10-18T17:00:00Z 0.00159 13 8189
2014-10-18T18:00:00Z 0.00200 18 8991
2014-10-18T19:00:00Z 0.00230 22 9584
2014-10-18T20:00:00Z 0.00229 23 10051
2014-10-18T21:00:00Z 0.00231 24 10405
2014-10-18T22:00:00Z 0.00212 23 10864
2014-10-18T23:00:00Z 0.00192 22 11472
2014-10-19T00:00:00Z 0.00168 20 11940
2014-10-19T01:00:00Z 0.00159 19 11974
2014-10-19T02:00:00Z 0.00165 19 11547
2014-10-19T03:00:00Z 0.00175 19 10839
2014-10-19T04:00:00Z 0.00180 18 10024
2014-10-19T05:00:00Z 0.00153 14 9162
2014-10-19T06:00:00Z 0.00108 9 8327
2014-10-19T07:00:00Z 0.00065 5 7690
2014-10-19T08:00:00Z 0.00084 6 7142
2014-10-19T09:00:00Z 0.00091 6 6622
2014-10-19T10:00:00Z 0.00111 7 6329
2014-10-19T11:00:00Z 0.00119 7 5879
2014-10-19T12:00:00Z 0.00201 11 5480
2014-10-19T13:00:00Z 0.00240 13 5418
2014-10-19T14:00:00Z 0.00241 14 5817
2014-10-19T15:00:00Z 0.00221 14 6348
2014-10-19T16:00:00Z 0.00231 16 6914
2014-10-19T17:00:00Z 0.00211 16 7594
2014-10-19T18:00:00Z 0.00219 18 8230
2014-10-19T19:00:00Z 0.00248 22 8858
2014-10-19T20:00:00Z 0.00225 21 9324
2014-10-19T21:00:00Z 0.00192 19 9892
2014-10-19T22:00:00Z 0.00164 17 10387
2014-10-19T23:00:00Z 0.00150 16 10660
2014-10-20T00:00:00Z 0.00112 12 10702
2014-10-20T01:00:00Z 0.00096 10 10452
2014-10-23T13:00:00Z 0.00030 1 3382
2014-10-23T14:00:00Z 0.00027 1 3727
2014-10-23T15:00:00Z 0.00024 1 4180
2014-10-23T16:00:00Z 0.00038 2 5227
2014-10-23T17:00:00Z 0.00032 2 6262
2014-10-23T18:00:00Z 0.00055 4 7216
2014-10-23T19:00:00Z 0.00059 5 8449
2014-10-23T20:00:00Z 0.00066 6 9116
2014-10-23T21:00:00Z 0.00069 7 10082
2014-10-23T22:00:00Z 0.00055 6 10835
2014-10-23T23:00:00Z 0.00061 7 11455
2014-10-24T00:00:00Z 0.00058 7 12119
2014-10-24T01:00:00Z 0.00057 7 12219
2014-10-24T02:00:00Z 0.00059 7 11896
2014-10-24T03:00:00Z 0.00061 7 11460
2014-10-24T04:00:00Z 0.00058 6 10381
2014-10-24T05:00:00Z 0.00064 6 9389
2014-10-24T06:00:00Z 0.00047 4 8446
2014-10-24T07:00:00Z 0.00055 4 7286
2014-10-24T08:00:00Z 0.00075 5 6653
2014-10-24T09:00:00Z 0.00120 7 5812
2014-10-24T10:00:00Z 0.00176 9 5101
2014-10-24T11:00:00Z 0.00201 9 4476
2014-10-24T12:00:00Z 0.00236 9 3813
2014-10-24T13:00:00Z 0.00238 9 3785
2014-10-24T14:00:00Z 0.00216 9 4161
2014-10-24T15:00:00Z 0.00179 9 5020
2014-10-24T16:00:00Z 0.00173 10 5769
2014-10-24T17:00:00Z 0.00162 10 6183
2014-10-24T18:00:00Z 0.00169 11 6508
2014-10-24T19:00:00Z 0.00191 13 6822
2014-10-24T20:00:00Z 0.00180 13 7240
2014-10-24T21:00:00Z 0.00169 13 7701
2014-10-24T22:00:00Z 0.00158 13 8210
2014-10-24T23:00:00Z 0.00136 12 8810
2014-10-25T00:00:00Z 0.00128 12 9372
2014-10-25T01:00:00Z 0.00127 12 9423
2014-10-25T02:00:00Z 0.00132 12 9074
2014-10-25T03:00:00Z 0.00145 12 8281
2014-10-25T04:00:00Z 0.00146 11 7557
2014-10-25T05:00:00Z 0.00169 12 7121
2014-10-25T06:00:00Z 0.00162 11 6793
2014-10-25T07:00:00Z 0.00123 8 6530
2014-10-25T08:00:00Z 0.00107 7 6522
2014-10-25T09:00:00Z 0.00094 6 6405
2014-10-25T10:00:00Z 0.00118 7 5950
2014-10-25T11:00:00Z 0.00237 13 5492
2014-10-25T12:00:00Z 0.00335 17 5069
2014-10-25T13:00:00Z 0.00396 20 5048
2014-10-25T14:00:00Z 0.00383 21 5486
2014-10-25T15:00:00Z 0.00369 22 5955
2014-10-25T16:00:00Z 0.00357 23 6444
2014-10-25T17:00:00Z 0.00328 23 7022
2014-10-25T18:00:00Z 0.00330 25 7568
2014-10-29T16:00:00Z 0.00000 0 0
2014-10-29T17:00:00Z 0.00000 0 0
2014-10-29T18:00:00Z 0.00000 0 0
2014-10-29T19:00:00Z 0.00000 0 0
2014-10-29T20:00:00Z 0.00000 0 0
2014-10-29T21:00:00Z 0.00000 0 0
2014-10-29T22:00:00Z 0.00000 0 0
2014-10-29T23:00:00Z 0.00000 0 0
2014-10-30T00:00:00Z 0.00000 0 0
2014-10-30T01:00:00Z 0.00000 0 0
2014-10-30T02:00:00Z 0.00000 0 0
2014-10-30T03:00:00Z 0.00000 0 0
2014-10-30T04:00:00Z 0.00000 0 0
2014-10-30T05:00:00Z 0.00000 0 0
2014-10-30T06:00:00Z 0.00000 0 0
2014-10-30T07:00:00Z 0.00000 0 0
2014-10-30T08:00:00Z 0.00000 0 0
2014-10-30T09:00:00Z 0.00000 0 0
2014-10-30T10:00:00Z 0.00000 0 0
2014-10-30T11:00:00Z 0.00000 0 0
2014-10-30T12:00:00Z 0.00000 0 0
2014-10-30T13:00:00Z 0.00000 0 0
2014-10-30T14:00:00Z 0.00000 0 0
2014-10-30T15:00:00Z 0.00000 0 0
2014-10-30T16:00:00Z 0.00000 0 0
2014-10-31T05:00:00Z 0.00000 0 0
2014-10-31T06:00:00Z 0.00000 0 0
2014-10-31T07:00:00Z 0.00000 0 0
2014-10-31T08:00:00Z 0.00000 0 0
2014-10-31T09:00:00Z 0.00000 0 0
2014-10-31T10:00:00Z 0.00000 0 0
2014-10-31T11:00:00Z 0.00000 0 0
2014-10-31T12:00:00Z 0.00000 0 0
2014-10-31T13:00:00Z 0.00000 0 0
2014-10-31T14:00:00Z 0.00000 0 0
2014-10-31T15:00:00Z 0.00000 0 0
