2013-06-05T04:00:00 0 0 0 0 0
2013-06-05T03:00:00 0 0 0 0 0
2013-06-05T02:00:00 0 0 0 0 0
2013-06-05T01:00:00 0 0 0 0 0
2013-06-05T00:00:00 0 0 0 0 0
2013-06-04T23:00:00 0 0 0 0 0
2013-06-04T22:00:00 0 0 0 0 0
2013-06-04T21:00:00 0 0 0 0 0
2013-06-04T20:00:00 0 0 0 0 0
2013-06-04T19:00:00 0 0 0 0 0
2013-06-04T18:00:00 0 0 0 0 0
2013-06-04T17:00:00 0 0 0 0 0
2013-06-09T13:00:00 0 0 0 0 0
2013-06-09T12:00:00 0 0 0 0 0
2013-06-09T11:00:00 0 0 0 0 0
2013-06-09T10:00:00 0 0 0 0 0
2013-06-09T09:00:00 0 0 0 0 0
2013-06-09T08:00:00 0 0 0 0 0
2013-06-09T07:00:00 0 0 0 0 0
2013-06-09T06:00:00 0 0 0 0 0
2013-06-09T05:00:00 0 0 0 0 0
2013-06-09T04:00:00 0 0 0 0 0
2013-06-09T03:00:00 0 0 0 0 0
2013-06-09T02:00:00 0 0 0 0 0
2013-06-17T10:00:00 0 0 0 0 0
2013-06-17T09:00:00 0 0 0 0 0
2013-06-17T08:00:00 0 0 0 0 0
2013-06-17T07:00:00 0 0 0 0 0
2013-06-17T06:00:00 0 0 0 0 0
2013-06-17T05:00:00 0 0 0 0 0
2013-06-17T04:00:00 0 0 0 0 0
2013-06-17T03:00:00 0 0 0 0 0
2013-06-17T02:00:00 0 0 0 0 0
2013-06-17T01:00:00 0 0 0 0 0
2013-06-17T00:00:00 0 0 0 0 0
2013-06-16T23:00:00 0 0 0 0 0
2013-06-27T13:00:00 0 0 0 0 0
2013-06-27T12:00:00 0 0 0 0 0
2013-06-27T11:00:00 0 0 0 0 0
2013-06-27T10:00:00 0 0 0 0 0
2013-06-27T09:00:00 0 0 0 0 0
2013-06-27T08:00:00 0 0 0 0 0
2013-06-27T07:00:00 0 0 0 0 0
2013-06-27T06:00:00 0 0 0 0 0
2013-06-27T05:00:00 0 0 0 0 0
2013-06-27T04:00:00 0 0 0 0 0
2013-06-27T03:00:00 0 0 0 0 0
2013-06-27T02:00:00 0 0 0 0 0
2013-07-20T09:00:00 0.399280861392 0.600719138608 10 24 34
2013-07-20T08:00:00 0.395961574677 0.604038425323 5 13 18
2013-07-20T07:00:00 0.404424687681 0.595575312319 4 9 13
2013-07-20T06:00:00 0.457471369106 0.542528630894 5 6 11
2013-07-20T05:00:00 0.449181678474 0.550818321526 8 11 19
2013-07-20T04:00:00 0.42504750401 0.57495249599 9 18 27
2013-07-20T03:00:00 0.39757639636 0.60242360364 9 26 35
2013-07-20T02:00:00 0.404762836682 0.595237163318 13 34 47
2013-07-20T01:00:00 0.41329724647 0.58670275353 18 40 58
2013-07-20T00:00:00 0.40372784956 0.59627215044 18 45 63
2013-07-19T23:00:00 0.392471226554 0.607528773446 14 42 56
2013-07-19T22:00:00 0.403271015534 0.596728984466 17 40 57
2013-08-17T09:00:00 0.356393268102 0.643606731898 6 24 30
2013-08-17T08:00:00 0.332444819248 0.667555180752 3 20 23
2013-08-17T07:00:00 0.354164249889 0.645835750111 3 13 16
2013-08-17T06:00:00 0.409478078039 0.590521921961 5 13 18
2013-08-17T05:00:00 0.446734731218 0.553265268782 9 16 25
2013-08-17T04:00:00 0.442252005674 0.557747994326 12 22 34
2013-08-17T03:00:00 0.432467595663 0.567532404337 15 30 45
2013-08-17T02:00:00 0.436131937215 0.563868062785 18 34 52
2013-08-17T01:00:00 0.43688273573 0.56311726427 20 37 57
2013-08-17T00:00:00 0.437064577108 0.562935422892 18 33 51
2013-08-16T23:00:00 0.414993633748 0.585006366252 15 36 51
2013-08-16T22:00:00 0.403070151756 0.596929848244 12 33 45
2013-09-13T09:00:00 0.443912095934 0.556087904066 9 13 22
2013-09-13T08:00:00 0.43509486265 0.56490513735 5 8 13
2013-09-13T07:00:00 0.413360246079 0.586639753921 2 4 6
2013-09-13T06:00:00 0.393487060498 0.606512939502 3 7 10
2013-09-13T05:00:00 0.456192733256 0.543807266744 8 8 16
2013-09-13T04:00:00 0.398722609261 0.601277390739 9 22 31
2013-09-13T03:00:00 0.417327748713 0.582672251287 12 24 36
2013-09-13T02:00:00 0.420049118352 0.579950881648 15 29 44
2013-09-13T01:00:00 0.414712904974 0.585287095026 15 31 46
2013-09-13T00:00:00 0.409890785956 0.590109214044 13 29 42
2013-09-12T23:00:00 0.421117384649 0.578882615351 13 28 41
2013-09-12T22:00:00 0.462517217903 0.537482782097 14 18 32
2013-10-07T17:00:00 0.369916017554 0.630083982446 14 53 67
2013-10-07T16:00:00 0.388588600146 0.611411399854 20 59 79
2013-10-07T15:00:00 0.400132899471 0.599867100529 23 56 79
2013-10-07T14:00:00 0.427635175856 0.572364824144 31 55 86
2013-10-07T13:00:00 0.451583614868 0.548416385132 33 46 79
2013-10-07T12:00:00 0.472708855672 0.527291144328 36 41 77
2013-10-07T11:00:00 0.492188180264 0.507811819736 34 31 65
2013-10-07T10:00:00 0.496821406695 0.503178593305 27 23 50
2013-10-07T09:00:00 0.523376060899 0.476623939101 23 15 38
2013-10-07T08:00:00 0.535836649282 0.464163350718 13 7 20
2013-10-07T07:00:00 0.543499245786 0.456500754214 9 5 14
2013-10-07T06:00:00 0.440155535547 0.559844464453 5 9 14
2013-10-10T17:00:00 0.439635168691 0.560364831309 20 30 50
2013-10-10T16:00:00 0.434440697603 0.565559302397 19 30 49
2013-10-10T15:00:00 0.44844811529 0.55155188471 22 31 53
2013-10-10T14:00:00 0.446941368652 0.553058631348 25 36 61
2013-10-10T13:00:00 0.446247214004 0.553752785996 22 34 56
2013-10-10T12:00:00 0.447847625517 0.552152374483 16 25 41
2013-10-10T11:00:00 0.45557164245 0.54442835755 12 17 29
2013-10-10T10:00:00 0.459884584368 0.540115415632 10 14 24
2013-10-10T09:00:00 0.429755584409 0.570244415591 6 11 17
2013-10-10T08:00:00 0.407266273151 0.592733726849 3 7 10
2013-10-10T07:00:00 0.450315959637 0.549684040363 3 4 7
2013-10-10T06:00:00 0.468391322648 0.531608677352 3 3 6
2013-10-19T18:00:00 0.367099514798 0.632900485202 25 94 119
2013-10-19T17:00:00 0.359958797361 0.640041202639 24 100 124
2013-10-19T16:00:00 0.360837227981 0.639162772019 25 103 128
2013-10-19T15:00:00 0.376941107159 0.623058892841 27 81 108
2013-10-19T14:00:00 0.385419945202 0.614580054798 26 71 97
2013-10-19T13:00:00 0.383392787142 0.616607212858 23 65 88
2013-10-19T12:00:00 0.400906922765 0.599093077235 20 48 68
2013-10-19T11:00:00 0.412930902455 0.587069097545 16 31 47
2013-10-19T10:00:00 0.428690586714 0.571309413286 11 18 29
2013-10-19T09:00:00 0.453568970609 0.546431029391 8 11 19
2013-10-29T17:00:00 0.38903773242 0.61096226758 10 34 44
2013-10-29T16:00:00 0.39305206779 0.60694793221 11 33 44
2013-10-29T15:00:00 0.370685352828 0.629314647172 8 33 41
2013-10-29T14:00:00 0.368920868886 0.631079131114 8 32 40
2013-10-29T13:00:00 0.389978314292 0.610021685708 9 27 36
2013-10-29T12:00:00 0.412044623986 0.587955376014 10 23 33
2013-10-29T11:00:00 0.432471775114 0.567528224886 9 16 25
2013-10-29T10:00:00 0.400468460255 0.599531539745 6 16 22
2013-10-29T09:00:00 0.419457636429 0.580542363572 5 11 16
2013-10-29T08:00:00 0.402431289116 0.597568710884 3 8 11
2013-10-29T07:00:00 0.447007662484 0.552992337516 2 3 5
2013-10-29T06:00:00 0.523283808287 0.476716191713 3 2 5
2013-11-09T19:00:00 0.428407484958 0.571592515042 72 154 226
2013-11-09T18:00:00 0.420596322646 0.579403677354 64 155 219
2013-11-09T17:00:00 0.411083419061 0.588916580939 61 171 232
2013-11-09T16:00:00 0.410205565481 0.589794434519 61 181 242
2013-11-09T15:00:00 0.399991658793 0.600008341207 50 171 221
2013-11-09T14:00:00 0.405572427594 0.594427572406 53 174 227
2013-11-09T13:00:00 0.391238000199 0.608761999801 45 193 238
2013-11-09T12:00:00 0.385854255304 0.614145744696 37 178 215
2013-11-09T11:00:00 0.388307347006 0.611692652994 30 145 175
2013-11-09T10:00:00 0.386188346126 0.613811653874 21 109 130
2013-11-09T09:00:00 0.399573575712 0.600426424288 19 82 101
2013-11-09T08:00:00 0.397592919288 0.602407080712 14 62 76
2013-11-14T16:00:00 0.437496298572 0.562503701428 147 242 389
2013-11-14T15:00:00 0.446731870326 0.553268129674 156 230 386
2013-11-14T14:00:00 0.451546715658 0.548453284342 154 213 367
2013-11-14T13:00:00 0.460597396201 0.539402603799 151 193 344
2013-11-14T12:00:00 0.453688462759 0.546311537241 129 179 308
2013-11-14T11:00:00 0.460235881617 0.539764118383 109 142 251
2013-11-14T10:00:00 0.465631523659 0.534368476341 88 110 198
2013-11-14T09:00:00 0.464109751485 0.535890248515 62 79 141
2013-11-14T08:00:00 0.476777915633 0.523222084367 41 48 89
2013-11-24T17:00:00 0.427244830141 0.572755169859 120 236 356
2013-11-24T16:00:00 0.435319952397 0.564680047603 121 215 336
2013-11-24T15:00:00 0.43594677944 0.56405322056 121 214 335
2013-11-24T14:00:00 0.443893234987 0.556106765013 119 195 314
2013-11-24T13:00:00 0.460782202831 0.539217797169 117 160 277
2013-11-24T12:00:00 0.481758625195 0.518241374805 106 117 223
2013-11-24T11:00:00 0.499587403581 0.500412596419 91 83 174
2013-11-24T10:00:00 0.506216317614 0.493783682386 68 58 126
2013-11-24T09:00:00 0.552395702601 0.447604297399 53 28 81
2013-11-24T08:00:00 0.54750491538 0.45249508462 36 21 57
2013-11-24T07:00:00 0.512141479865 0.487858520135 33 27 60
2013-11-24T06:00:00 0.450447395278 0.549552604722 29 46 75
2013-12-09T06:00:00 0.465422693845 0.534577306155 51 69 120
2013-12-09T05:00:00 0.474205350543 0.525794649457 93 114 207
2013-12-09T04:00:00 0.476097024894 0.523902975106 147 179 326
2013-12-09T03:00:00 0.479064413972 0.520935586028 184 217 401
2013-12-09T02:00:00 0.470827112756 0.529172887244 223 283 506
2013-12-09T01:00:00 0.468619032858 0.531380967142 260 338 598
2013-12-09T00:00:00 0.466840488597 0.533159511403 270 355 625
2013-12-08T23:00:00 0.460110971974 0.539889028026 259 363 622
2013-12-08T22:00:00 0.458195420308 0.541804579692 268 382 650
2013-12-08T21:00:00 0.454554449637 0.545445550363 274 408 682
2013-12-08T20:00:00 0.464245610308 0.535754389692 280 378 658
2013-12-08T19:00:00 0.474961456147 0.525038543853 298 358 656
2013-12-26T04:00:00 0.463766469086 0.536233530914 255 339 594
2013-12-26T03:00:00 0.463381957914 0.536618042086 327 441 768
2013-12-26T02:00:00 0.465607195689 0.534392804311 378 499 877
2013-12-26T01:00:00 0.468946352649 0.531053647351 424 537 961
2013-12-26T00:00:00 0.469967792797 0.530032207203 446 560 1006
2013-12-25T23:00:00 0.465121655706 0.534878344294 391 525 916
2013-12-25T22:00:00 0.465684042152 0.534315957848 352 477 829
2013-12-25T21:00:00 0.465559251677 0.534440748323 317 431 748
2013-12-25T20:00:00 0.464350591196 0.535649408804 291 405 696
2013-12-25T19:00:00 0.455247824023 0.544752175977 261 404 665
2013-12-25T18:00:00 0.453242758663 0.546757241337 242 383 625
2013-12-25T17:00:00 0.4626412965 0.5373587035 264 376 640
2014-01-03T01:00:00 0.469420650099 0.530579349901 348 431 779
2014-01-03T00:00:00 0.463583512546 0.536416487454 331 437 768
2014-01-02T23:00:00 0.456623052219 0.543376947781 279 401 680
2014-01-02T22:00:00 0.456489755695 0.543510244305 235 343 578
2014-01-02T21:00:00 0.446560710089 0.553439289911 192 317 509
2014-01-02T20:00:00 0.445502982515 0.554497017485 170 283 453
2014-01-02T19:00:00 0.451261509365 0.548738490635 167 257 424
2014-01-02T18:00:00 0.454943948115 0.545056051885 163 241 404
2014-01-02T17:00:00 0.456900573433 0.543099426567 173 250 423
2014-01-02T16:00:00 0.457751082799 0.542248917201 182 261 443
2014-01-02T15:00:00 0.460746831939 0.539253168061 190 264 454
2014-01-02T14:00:00 0.45931002025 0.54068997975 191 269 460
2014-01-05T05:00:00 0.474062127331 0.525937872669 125 148 273
2014-01-05T04:00:00 0.465217621922 0.534782378078 178 229 407
2014-01-05T03:00:00 0.459864611599 0.540135388401 223 307 530
2014-01-05T02:00:00 0.45624674217 0.54375325783 258 372 630
2014-01-05T01:00:00 0.449877146781 0.550122853219 285 447 732
2014-01-05T00:00:00 0.451783509947 0.548216490053 299 459 758
2014-01-04T23:00:00 0.444252301347 0.555747698653 278 462 740
2014-01-04T22:00:00 0.445653359138 0.554346640862 262 435 697
2014-01-04T21:00:00 0.446209794523 0.553790205477 244 399 643
2014-01-04T20:00:00 0.442032248935 0.557967751065 228 387 615
2014-01-04T19:00:00 0.450149236978 0.549850763022 224 346 570
2014-01-04T18:00:00 0.447719774212 0.552280225788 208 329 537
2014-01-19T21:00:00 0.461845769064 0.538154230936 193 258 451
2014-01-19T20:00:00 0.448906180502 0.551093819498 150 229 379
2014-01-19T19:00:00 0.448105525784 0.551894474216 140 213 353
2014-01-19T18:00:00 0.444888261934 0.555111738066 126 197 323
2014-01-19T17:00:00 0.44251060787 0.55748939213 115 187 302
2014-01-19T16:00:00 0.432205491199 0.567794508801 113 205 318
2014-01-19T15:00:00 0.440146399357 0.559853600643 116 194 310
2014-01-19T14:00:00 0.450259741415 0.549740258585 116 174 290
2014-01-19T13:00:00 0.448522780452 0.551477219548 111 166 277
2014-01-19T12:00:00 0.450207614129 0.549792385871 98 145 243
2014-01-19T11:00:00 0.451846306956 0.548153693044 85 123 208
2014-01-19T10:00:00 0.481124441663 0.518875558337 70 76 146
2014-01-24T13:00:00 0.460663246349 0.539336753651 108 148 256
2014-01-24T12:00:00 0.465954153248 0.534045846752 101 135 236
2014-01-24T11:00:00 0.469888444991 0.530111555009 89 117 206
2014-01-24T10:00:00 0.475459784945 0.524540215055 74 93 167
2014-01-24T09:00:00 0.486070041363 0.513929958637 66 72 138
2014-01-24T08:00:00 0.483326278974 0.516673721026 62 69 131
2014-01-24T07:00:00 0.475779352954 0.524220647046 59 70 129
2014-01-24T06:00:00 0.479360523925 0.520639476075 86 96 182
2014-01-24T05:00:00 0.471411110493 0.528588889507 116 138 254
2014-01-24T04:00:00 0.467181959829 0.532818040171 157 197 354
2014-01-24T03:00:00 0.458327053427 0.541672946573 175 243 418
2014-01-24T02:00:00 0.454751463183 0.545248536817 186 271 457
2014-01-30T02:00:00 0.449875176036 0.550124823964 145 229 374
2014-01-30T01:00:00 0.449059433255 0.550940566745 148 237 385
2014-01-30T00:00:00 0.449883053894 0.550116946106 138 223 361
2014-01-29T23:00:00 0.452237828148 0.547762171852 134 209 343
2014-01-29T22:00:00 0.440951583814 0.559048416186 110 199 309
2014-01-29T21:00:00 0.435838031461 0.564161968539 92 179 271
2014-01-29T20:00:00 0.441488725855 0.558511274145 87 158 245
2014-01-29T19:00:00 0.444467334565 0.555532665435 85 153 238
2014-01-29T18:00:00 0.435573715507 0.564426284493 80 155 235
2014-01-29T17:00:00 0.440226946051 0.559773053949 85 154 239
2014-01-29T16:00:00 0.4512309541 0.5487690459 96 149 245
2014-01-29T15:00:00 0.46105729815 0.53894270185 103 144 247
2014-02-02T09:00:00 0.475238090248 0.524761909752 44 51 95
2014-02-02T08:00:00 0.49530807858 0.50469192142 28 28 56
2014-02-02T07:00:00 0.485763636555 0.514236363445 27 31 58
2014-02-02T06:00:00 0.464145618239 0.535854381761 37 49 86
2014-02-02T05:00:00 0.454760195006 0.545239804994 60 89 149
2014-02-02T04:00:00 0.455814104063 0.544185895937 84 126 210
2014-02-02T03:00:00 0.458940002515 0.541059997485 106 154 260
2014-02-02T02:00:00 0.449956081858 0.550043918142 123 191 314
2014-02-02T01:00:00 0.449402023992 0.550597976008 133 208 341
2014-02-02T00:00:00 0.451545174807 0.548454825193 139 217 356
2014-02-01T23:00:00 0.446525789598 0.553474210402 122 201 323
2014-02-01T22:00:00 0.443033814816 0.556966185184 115 193 308
2014-02-12T07:00:00 0.441759595395 0.558240404605 46 82 128
2014-02-12T06:00:00 0.447726620911 0.552273379089 66 110 176
2014-02-12T05:00:00 0.457196632775 0.542803367225 138 199 337
2014-02-12T04:00:00 0.454176033744 0.545823966256 196 294 490
2014-02-12T03:00:00 0.459070211649 0.540929788351 255 362 617
2014-02-12T02:00:00 0.454634339254 0.545365660746 286 430 716
2014-02-12T01:00:00 0.457215053627 0.542784946373 321 467 788
2014-02-12T00:00:00 0.452726186932 0.547273813068 320 486 806
2014-02-11T23:00:00 0.453160719292 0.546839280708 288 440 728
2014-02-11T22:00:00 0.456201424258 0.543798575742 266 393 659
2014-02-11T21:00:00 0.450538222722 0.549461777278 237 371 608
2014-02-11T20:00:00 0.453197529098 0.546802470902 226 338 564
2014-02-17T04:00:00 0.474992917773 0.525007082227 185 224 409
2014-02-17T03:00:00 0.473795487898 0.526204512102 245 296 541
2014-02-17T02:00:00 0.464427774035 0.535572225965 280 373 653
2014-02-17T01:00:00 0.464123552609 0.535876447391 310 419 729
2014-02-17T00:00:00 0.461101686835 0.538898313165 307 429 736
2014-02-16T23:00:00 0.459966099153 0.540033900847 291 408 699
2014-02-16T22:00:00 0.455745785016 0.544254214984 282 413 695
2014-02-16T21:00:00 0.455361789331 0.544638210669 259 388 647
2014-02-16T20:00:00 0.456954588619 0.543045411381 252 369 621
2014-02-16T19:00:00 0.458650934526 0.541349065474 252 357 609
2014-02-16T18:00:00 0.456282142777 0.543717857223 246 355 601
2014-02-16T17:00:00 0.454521509259 0.545478490741 233 348 581
2014-03-04T04:00:00 0.462351123945 0.537648876055 177 235 412
2014-03-04T03:00:00 0.465070047751 0.534929952249 230 303 533
2014-03-04T02:00:00 0.461482754022 0.538517245978 267 363 630
2014-03-04T01:00:00 0.461830137606 0.538169862394 292 396 688
2014-03-04T00:00:00 0.462035609055 0.537964390945 291 395 686
2014-03-03T23:00:00 0.45396518943 0.54603481057 246 366 612
2014-03-03T22:00:00 0.456244684593 0.543755315407 214 313 527
2014-03-03T21:00:00 0.454411785436 0.545588214564 182 271 453
2014-03-03T20:00:00 0.456859398572 0.543140601428 162 239 401
2014-03-03T19:00:00 0.466447736329 0.533552263671 155 210 365
2014-03-03T18:00:00 0.464731821669 0.535268178331 149 208 357
2014-03-03T17:00:00 0.480782647277 0.519217352723 152 179 331
2014-04-01T14:00:00 0.465948764188 0.534051235812 567 724 1291
2014-04-01T13:00:00 0.468892781896 0.531107218104 574 713 1287
2014-04-01T12:00:00 0.472277837277 0.527722162723 535 639 1174
2014-04-01T11:00:00 0.476942696453 0.523057303547 456 520 976
2014-04-01T10:00:00 0.478184178834 0.521815821166 372 417 789
2014-04-01T09:00:00 0.478361167749 0.521638832251 280 316 596
2014-04-01T08:00:00 0.464780119103 0.535219880897 172 226 398
2014-04-01T07:00:00 0.465549860315 0.534450139685 128 171 299
2014-04-01T06:00:00 0.470436479495 0.529563520505 162 206 368
2014-04-01T05:00:00 0.471758422979 0.528241577021 225 283 508
2014-04-15T08:00:00 0.469233450013 0.530766549987 81 101 182
2014-04-15T07:00:00 0.469970642295 0.530029357705 69 83 152
2014-04-15T06:00:00 0.46606629834 0.53393370166 103 130 233
2014-04-15T05:00:00 0.471791514546 0.528208485454 179 216 395
2014-04-15T04:00:00 0.477129030133 0.522870969867 259 296 555
2014-04-15T03:00:00 0.474850588203 0.525149411797 320 376 696
2014-04-15T02:00:00 0.476134510629 0.523865489371 381 443 824
2014-04-15T01:00:00 0.472019338612 0.527980661388 417 505 922
2014-04-14T23:00:00 0.473107644732 0.526892355268 385 466 851
2014-04-14T22:00:00 0.46560796167 0.53439203833 325 424 749
2014-04-14T21:00:00 0.461479393364 0.538520606636 276 375 651
2014-04-23T19:00:00 0.45227638939 0.54772361061 209 315 524
2014-04-23T18:00:00 0.450242404338 0.549757595662 188 288 476
2014-04-23T17:00:00 0.448511423866 0.551488576134 178 278 456
2014-04-23T16:00:00 0.446986222676 0.553013777324 176 279 455
2014-04-23T15:00:00 0.451041052367 0.548958947633 178 266 444
2014-04-23T14:00:00 0.450969396094 0.549030603906 185 271 456
2014-04-23T13:00:00 0.447653066193 0.552346933807 163 248 411
2014-04-23T12:00:00 0.456885835184 0.543114164816 158 217 375
2014-04-23T11:00:00 0.452845617756 0.547154382244 131 185 316
2014-04-23T10:00:00 0.46450712744 0.53549287256 111 137 248
2014-04-23T09:00:00 0.470924086484 0.529075913516 87 99 186
2014-04-23T08:00:00 0.48862746691 0.51137253309 60 58 118
2014-05-16T00:00:00 0.438730196254 0.561269803746 32 57 89
2014-05-15T23:00:00 0.461068996666 0.538931003334 31 44 75
2014-05-15T22:00:00 0.47022313457 0.52977686543 28 36 64
2014-05-15T21:00:00 0.43800783605 0.56199216395 21 38 59
2014-05-15T20:00:00 0.437647954534 0.562352045466 19 35 54
2014-05-15T19:00:00 0.442098417658 0.557901582342 19 32 51
2014-05-15T18:00:00 0.421797694825 0.578202305175 18 38 56
2014-05-15T17:00:00 0.40477568956 0.59522431044 18 47 65
2014-05-15T16:00:00 0.392386613708 0.607613386292 18 53 71
2014-05-15T15:00:00 0.404277719044 0.595722280956 18 45 63
2014-05-15T14:00:00 0.403772594083 0.596227405917 18 45 63
2014-05-20T06:00:00 0.484323467138 0.515676532862 42 45 87
2014-05-20T05:00:00 0.482917615628 0.517082384372 55 59 114
2014-05-20T04:00:00 0.477868712766 0.522131287234 74 84 158
2014-05-20T03:00:00 0.47941811362 0.52058188638 85 95 180
2014-05-20T02:00:00 0.471383377395 0.528616622605 94 115 209
2014-05-20T01:00:00 0.46796068431 0.53203931569 91 115 206
2014-05-20T00:00:00 0.458723240917 0.541276759083 82 113 195
2014-05-19T23:00:00 0.457959391292 0.542040608708 77 106 183
2014-05-19T22:00:00 0.450042650421 0.549957349579 66 98 164
2014-05-19T21:00:00 0.445317165912 0.554682834088 69 109 178
2014-05-19T20:00:00 0.451559709944 0.548440290056 69 102 171
2014-05-19T19:00:00 0.439545241961 0.560454758039 65 112 177
2014-05-22T14:00:00 0.449777583735 0.550222416265 83 127 210
2014-05-22T13:00:00 0.449599128477 0.550400871523 87 133 220
2014-05-22T12:00:00 0.453514724963 0.546485275037 83 119 202
2014-05-22T11:00:00 0.472014884203 0.527985115797 84 100 184
2014-05-22T10:00:00 0.470373059376 0.529626940624 74 91 165
2014-05-22T09:00:00 0.459068122354 0.540931877646 54 75 129
2014-05-22T08:00:00 0.462768426878 0.537231573122 41 55 96
2014-05-22T07:00:00 0.447013616437 0.552986383563 31 49 80
2014-05-22T06:00:00 0.463730134363 0.536269865637 46 63 109
2014-05-22T05:00:00 0.46641337554 0.53358662446 71 91 162
2014-05-22T04:00:00 0.465322271455 0.534677728545 92 118 210
2014-05-22T03:00:00 0.46743886361 0.53256113639 112 140 252
2014-05-31T23:00:00 0.484793341407 0.515206658593 205 217 422
2014-05-31T22:00:00 0.482772959555 0.517227040445 183 197 380
2014-05-31T21:00:00 0.467670533571 0.532329466429 133 166 299
2014-05-31T20:00:00 0.458454767429 0.541545232571 120 168 288
2014-05-31T19:00:00 0.45750745728 0.54249254272 133 186 319
2014-05-31T18:00:00 0.460471963689 0.539528036311 144 198 342
2014-05-31T17:00:00 0.450014789623 0.549985210377 149 228 377
2014-05-31T16:00:00 0.447257980179 0.552742019821 159 252 411
2014-05-31T15:00:00 0.44628454146 0.55371545854 159 255 414
2014-05-31T14:00:00 0.450688200961 0.549311799039 157 239 396
2014-05-31T13:00:00 0.442277229201 0.557722770799 132 222 354
2014-05-31T12:00:00 0.442299787376 0.557700212624 107 179 286
2014-06-17T03:00:00 0.47524582575 0.52475417425 226 264 490
2014-06-17T02:00:00 0.47265951098 0.52734048902 267 322 589
2014-06-17T01:00:00 0.466686429046 0.533313570954 267 346 613
2014-06-17T00:00:00 0.466899665515 0.533100334485 269 347 616
2014-06-16T23:00:00 0.47027053312 0.52972946688 273 340 613
2014-06-16T22:00:00 0.464872196703 0.535127803297 249 329 578
2014-06-16T21:00:00 0.465466149768 0.534533850232 241 317 558
2014-06-16T20:00:00 0.467273450462 0.532726549538 210 270 480
2014-06-16T19:00:00 0.467881055175 0.532118944825 201 257 458
2014-06-16T18:00:00 0.473087917002 0.526912082998 190 228 418
2014-06-16T17:00:00 0.471359273439 0.528640726561 170 209 379
2014-06-16T16:00:00 0.471108466443 0.528891533557 155 192 347
2014-07-19T00:00:00 0.480049942581 0.519950057419 162 180 342
2014-07-18T23:00:00 0.489509079602 0.510490920398 167 167 334
2014-07-18T22:00:00 0.490898140404 0.509101859596 164 161 325
2014-07-18T21:00:00 0.490584653572 0.509415346428 143 140 283
2014-07-18T20:00:00 0.484822350138 0.515177649862 126 131 257
2014-07-18T19:00:00 0.479992068082 0.520007931918 117 130 247
2014-07-18T18:00:00 0.46302110164 0.53697889836 93 123 216
2014-07-18T17:00:00 0.463676483983 0.536323516017 73 96 169
2014-07-18T16:00:00 0.450654047275 0.549345952725 56 87 143
2014-07-18T15:00:00 0.447150225846 0.552849774154 53 84 137
2014-07-18T14:00:00 0.44152441877 0.55847558123 54 93 147
2014-07-18T13:00:00 0.447705985525 0.552294014475 61 98 159
2014-08-21T21:00:00 0.463542628129 0.536457371871 265 354 619
2014-08-21T20:00:00 0.455988964428 0.544011035572 240 345 585
2014-08-21T19:00:00 0.455429453381 0.544570546619 241 351 592
2014-08-21T18:00:00 0.443732748954 0.556267251046 220 364 584
2014-08-21T17:00:00 0.43961286447 0.56038713553 210 371 581
2014-08-21T16:00:00 0.434463431126 0.565536568874 207 389 596
2014-08-21T15:00:00 0.438751712608 0.561248287392 216 389 605
2014-08-21T14:00:00 0.445449466985 0.554550533015 228 382 610
2014-08-21T13:00:00 0.449281992354 0.550718007646 216 349 565
2014-08-21T12:00:00 0.45294252983 0.54705747017 200 310 510
2014-08-21T11:00:00 0.458059932212 0.541940067788 182 262 444
2014-08-21T10:00:00 0.460524811022 0.539475188978 153 214 367
2014-08-30T23:00:00 0.459072287288 0.540927712712 202 293 495
2014-08-30T22:00:00 0.45904380186 0.54095619814 185 264 449
2014-08-30T21:00:00 0.458181025765 0.541818974235 167 238 405
2014-08-30T20:00:00 0.458448395527 0.541551604473 154 215 369
2014-08-30T19:00:00 0.445951313821 0.554048686179 137 218 355
2014-08-30T18:00:00 0.446878200069 0.553121799931 142 227 369
2014-08-30T17:00:00 0.446546088638 0.553453911362 148 238 386
2014-08-30T16:00:00 0.446360884788 0.553639115212 156 253 409
2014-08-30T15:00:00 0.449331981616 0.550668018384 161 252 413
2014-08-30T14:00:00 0.451369516195 0.548630483805 168 257 425
2014-08-30T13:00:00 0.464261758308 0.535738241692 183 241 424
2014-08-30T12:00:00 0.46536854474 0.53463145526 162 211 373
2014-09-07T22:00:00 0.4432565998 0.5567434002 115 196 311
2014-09-07T21:00:00 0.446334448919 0.553665551081 118 198 316
2014-09-07T20:00:00 0.452914839569 0.547085160431 126 202 328
2014-09-07T19:00:00 0.449909163303 0.550090836697 133 215 348
2014-09-07T18:00:00 0.447252581477 0.552747418523 132 218 350
2014-09-07T17:00:00 0.448298005394 0.551701994606 141 231 372
2014-09-07T16:00:00 0.455511931769 0.544488068231 146 220 366
2014-09-07T15:00:00 0.460426036825 0.539573963175 139 196 335
2014-09-07T14:00:00 0.464994786841 0.535005213159 129 173 302
2014-09-07T13:00:00 0.460002981585 0.539997018415 109 154 263
2014-09-07T12:00:00 0.466094512017 0.533905487983 99 130 229
2014-09-07T11:00:00 0.466717031699 0.533282968301 74 95 169
2014-09-21T05:00:00 0.476673192022 0.523326807978 157 191 348
2014-09-21T04:00:00 0.469762774165 0.530237225835 206 267 473
2014-09-21T03:00:00 0.463864569781 0.536135430219 239 331 570
2014-09-21T02:00:00 0.466796626125 0.533203373875 280 375 655
2014-09-21T01:00:00 0.466845923051 0.533154076949 290 389 679
2014-09-21T00:00:00 0.462267354059 0.537732645941 264 371 635
2014-09-20T23:00:00 0.459937315842 0.540062684158 237 335 572
2014-09-20T22:00:00 0.457007752016 0.542992247984 203 299 502
2014-09-20T21:00:00 0.45773513341 0.54226486659 181 267 448
2014-09-20T20:00:00 0.454925238412 0.545074761588 163 249 412
2014-09-20T19:00:00 0.441508764556 0.558491235444 154 269 423
2014-09-20T18:00:00 0.440311963664 0.559688036336 152 269 421
2014-09-26T23:00:00 0.469565336273 0.530434663727 148 195 343
2014-09-26T22:00:00 0.467868536916 0.532131463084 131 177 308
2014-09-26T21:00:00 0.46056840213 0.53943159787 110 159 269
2014-09-26T20:00:00 0.46131924888 0.53868075112 101 147 248
2014-09-26T19:00:00 0.469477681964 0.530522318036 97 129 226
2014-09-26T18:00:00 0.462212702429 0.537787297571 80 116 196
2014-09-26T17:00:00 0.459841267989 0.540158732011 68 102 170
2014-09-26T16:00:00 0.462680064376 0.537319935624 58 85 143
2014-09-26T15:00:00 0.491120866189 0.508879133811 64 70 134
2014-09-26T14:00:00 0.485498630621 0.514501369379 58 67 125
2014-09-26T13:00:00 0.482613888076 0.517386111924 52 60 112
2014-10-04T00:00:00 0.458980721619 0.541019278381 453 637 1090
2014-10-03T23:00:00 0.460261357494 0.539738642506 425 586 1011
2014-10-03T22:00:00 0.454969553332 0.545030446668 368 541 909
2014-10-03T21:00:00 0.452119240788 0.547880759212 313 474 787
2014-10-03T20:00:00 0.454005234193 0.545994765807 276 406 682
2014-10-03T19:00:00 0.451681766169 0.548318233831 244 367 611
2014-10-03T18:00:00 0.453468990275 0.546531009725 218 323 541
2014-10-03T17:00:00 0.444466294281 0.555533705719 190 314 504
2014-10-03T16:00:00 0.447501969121 0.552498030879 190 300 490
2014-10-03T15:00:00 0.444867739484 0.555132260516 186 303 489
2014-10-11T18:00:00 0.507247627159 0.492752372841 333 295 628
2014-10-11T17:00:00 0.516338069626 0.483661930374 391 314 705
2014-10-11T16:00:00 0.528758909519 0.471241090481 442 315 757
2014-10-11T15:00:00 0.541544370382 0.458455629618 526 328 854
2014-10-11T14:00:00 0.558445434184 0.441554565816 659 342 1001
2014-10-11T13:00:00 0.572583663004 0.427416336996 747 327 1074
2014-10-11T12:00:00 0.584531308162 0.415468691838 768 294 1062
2014-10-11T11:00:00 0.594661784678 0.405338215322 699 237 936
2014-10-11T10:00:00 0.603917127832 0.396082872168 624 186 810
2014-10-11T09:00:00 0.609611183859 0.390388816141 524 143 667
2014-10-11T08:00:00 0.613656085068 0.386343914932 376 97 473
2014-10-11T07:00:00 0.614175034154 0.385824965846 273 71 344
2014-10-26T04:00:00 0.509061749269 0.490938250731 179 145 324
2014-10-26T03:00:00 0.512100834499 0.487899165501 238 187 425
2014-10-26T02:00:00 0.522051710086 0.477948289914 282 199 481
2014-10-26T01:00:00 0.527134170065 0.472865829935 318 211 529
2014-10-26T00:00:00 0.526101179935 0.473898820065 316 211 527
2014-10-25T23:00:00 0.522965319853 0.477034680147 290 199 489
2014-10-25T22:00:00 0.526106627053 0.473893372947 259 171 430
2014-10-25T21:00:00 0.520491369997 0.479508630003 218 153 371
2014-10-25T20:00:00 0.513137680044 0.486862319956 204 155 359
2014-10-25T19:00:00 0.523347775882 0.476652224118 223 150 373
2014-10-25T18:00:00 0.527599923278 0.472400076722 229 146 375
2014-10-25T17:00:00 0.530372632527 0.469627367473 229 143 372
