2014-07-09T20:00:00Z 35 86 52 7 0.616667 113
2014-07-10T08:00:00Z -1 -1 -1 -1 -1.000000 -1
2014-07-11T08:00:00Z -1 -1 -1 -1 -1.000000 -1
2014-07-13T08:00:00Z -1 -1 -1 -1 -1.000000 -1
2014-07-19T08:00:00Z 110 146 53 4 0.950000 35
2014-07-21T08:00:00Z 14 28 22 3 0.458333 55
2014-07-26T20:00:00Z 70 117 32 14 0.950000 202
2014-08-03T20:00:00Z 60 76 40 3 0.881818 102
2014-08-05T08:00:00Z 16 35 38 2 0.566667 11
2014-08-07T08:00:00Z 56 86 52 6 0.933333 47
2014-08-09T20:00:00Z 58 103 31 7 0.791667 168
2014-08-12T20:00:00Z 33 88 46 6 0.733333 135
2014-08-14T08:00:00Z 29 51 47 4 0.716667 15
2014-08-16T08:00:00Z 37 73 61 3 0.658333 50
