2013-06-04T07:00:00Z 296.020000 1011.000000 69.000000 3.000000 140.000000 -1.000000 0.000000
2013-06-04T08:00:00Z 295.770000 1004.000000 71.000000 1.540000 192.000000 -1.000000 0.000000
2013-06-04T09:00:00Z 295.770000 1004.000000 71.000000 1.540000 192.000000 -1.000000 0.000000
2013-06-04T10:00:00Z 296.040000 1005.000000 69.000000 1.030000 217.000000 -1.000000 0.000000
2013-06-04T11:00:00Z 295.150000 1013.000000 68.000000 3.000000 130.000000 -1.000000 20.000000
2013-06-04T12:00:00Z 295.260000 1006.000000 70.000000 2.570000 317.000000 -1.000000 20.000000
2013-06-04T13:00:00Z 291.150000 1013.000000 93.000000 5.000000 20.000000 -1.000000 75.000000
2013-06-04T14:00:00Z 290.500000 1004.000000 91.000000 1.540000 108.000000 1.900000 92.000000
2013-06-04T15:00:00Z 291.330000 1012.000000 93.000000 2.000000 20.000000 0.500000 92.000000
2013-06-04T16:00:00Z 292.150000 1013.000000 82.000000 5.000000 20.000000 0.500000 92.000000
2013-06-04T17:00:00Z 292.150000 1010.000000 82.000000 1.000000 0.000000 0.500000 0.000000
2013-06-04T18:00:00Z 293.905000 999.080000 89.000000 3.270000 49.508700 0.500000 92.000000
2013-06-04T19:00:00Z 292.850000 1012.000000 82.000000 3.000000 320.000000 1.750000 92.000000
2013-06-04T20:00:00Z 293.150000 1012.000000 82.000000 2.000000 330.000000 1.750000 92.000000
2013-06-04T21:00:00Z 292.150000 1013.000000 88.000000 2.000000 20.000000 1.000000 92.000000
2013-06-04T22:00:00Z 293.150000 1013.000000 82.000000 2.000000 360.000000 1.000000 75.000000
2013-06-04T23:00:00Z 292.150000 1012.000000 88.000000 1.000000 0.000000 1.000000 40.000000
2013-06-05T00:00:00Z 292.080000 1012.000000 93.000000 3.000000 330.000000 -1.000000 75.000000
2013-06-05T01:00:00Z 292.150000 1011.000000 88.000000 1.000000 0.000000 0.500000 75.000000
2013-06-05T02:00:00Z 291.850000 1004.000000 94.000000 1.610000 77.501200 -1.000000 92.000000
2013-06-05T03:00:00Z 291.830000 1004.000000 94.000000 1.610000 77.501200 -1.000000 92.000000
2013-06-05T04:00:00Z 291.310000 1002.000000 95.000000 1.030000 74.000000 -1.000000 92.000000
2013-06-05T05:00:00Z 291.330000 1011.000000 93.000000 3.000000 130.000000 -1.000000 90.000000
2013-06-05T06:00:00Z 291.840000 1004.000000 95.000000 0.510000 130.000000 0.000000 76.000000
2013-06-08T14:00:00Z 294.210000 1007.000000 88.000000 2.000000 130.000000 0.625000 90.000000
2013-06-08T15:00:00Z 293.950000 999.000000 94.000000 1.920000 128.506000 0.625000 92.000000
2013-06-08T16:00:00Z 294.150000 1007.000000 88.000000 1.000000 0.000000 4.500000 90.000000
2013-06-08T17:00:00Z 294.490000 998.000000 96.000000 0.510000 322.000000 4.500000 92.000000
2013-06-08T18:00:00Z 295.150000 1006.000000 83.000000 2.000000 330.000000 2.250000 90.000000
2013-06-08T19:00:00Z 293.720000 998.000000 98.000000 1.710000 67.002100 2.250000 92.000000
2013-06-08T20:00:00Z 293.610000 1007.000000 88.000000 2.000000 350.000000 2.250000 90.000000
2013-06-08T21:00:00Z 293.610000 1007.000000 88.000000 3.000000 330.000000 4.500000 90.000000
2013-06-08T22:00:00Z 293.150000 1007.000000 94.000000 1.000000 0.000000 4.500000 90.000000
2013-06-08T23:00:00Z 293.150000 999.000000 98.000000 0.510000 291.000000 4.500000 92.000000
2013-06-09T00:00:00Z 293.150000 999.000000 98.000000 0.510000 291.000000 4.500000 92.000000
2013-06-09T01:00:00Z 293.530000 1007.000000 88.000000 3.000000 310.000000 3.000000 90.000000
2013-06-09T02:00:00Z 293.150000 1007.000000 94.000000 1.650000 94.002500 3.000000 90.000000
2013-06-09T03:00:00Z 293.150000 1007.000000 94.000000 2.000000 340.000000 8.000000 90.000000
2013-06-09T04:00:00Z 293.150000 1006.000000 94.000000 1.000000 0.000000 8.000000 90.000000
2013-06-09T05:00:00Z 293.150000 999.000000 99.000000 1.110000 3.502750 8.000000 92.000000
2013-06-09T06:00:00Z 293.150000 1007.000000 94.000000 1.000000 360.000000 8.000000 90.000000
2013-06-09T07:00:00Z 293.150000 1000.000000 97.000000 1.030000 273.000000 -1.000000 100.000000
2013-06-09T08:00:00Z 292.420000 1001.000000 88.000000 2.570000 348.000000 -1.000000 100.000000
2013-06-09T09:00:00Z 291.620000 1002.000000 90.000000 4.110000 303.000000 -1.000000 100.000000
2013-06-09T10:00:00Z 290.700000 1010.000000 88.000000 7.000000 310.000000 -1.000000 90.000000
2013-06-09T11:00:00Z 291.050000 1002.000000 90.000000 3.600000 302.000000 -1.000000 92.000000
2013-06-09T12:00:00Z 291.150000 1011.000000 88.000000 6.000000 320.000000 3.000000 90.000000
2013-06-09T13:00:00Z 289.610000 1012.000000 93.000000 6.000000 340.000000 1.000000 90.000000
2013-06-16T08:00:00Z 296.990000 1004.000000 95.000000 1.030000 88.000000 -1.000000 56.000000
2013-06-16T09:00:00Z 296.990000 1003.000000 95.000000 1.030000 43.000000 -1.000000 56.000000
2013-06-16T10:00:00Z 297.570000 1003.000000 99.000000 2.570000 0.000000 -1.000000 0.000000
2013-06-16T11:00:00Z 296.860000 1003.000000 11.000000 1.030000 312.000000 -1.000000 0.000000
2013-06-16T12:00:00Z 296.620000 1002.000000 15.000000 3.600000 21.000000 -1.000000 0.000000
2013-06-16T13:00:00Z 295.330000 1003.000000 26.000000 2.570000 341.000000 -1.000000 24.000000
2013-06-16T14:00:00Z 294.680000 1001.000000 29.000000 1.540000 4.000000 0.750000 92.000000
2013-06-16T15:00:00Z 295.250000 1001.000000 28.000000 1.030000 324.000000 0.750000 92.000000
2013-06-16T16:00:00Z 295.250000 1001.000000 28.000000 3.080000 331.000000 0.000000 32.000000
2013-06-16T17:00:00Z 295.250000 1001.000000 28.000000 1.030000 340.000000 0.000000 32.000000
2013-06-16T18:00:00Z 295.250000 1001.000000 28.000000 1.030000 341.000000 0.000000 32.000000
2013-06-16T19:00:00Z 295.250000 1001.000000 29.000000 3.080000 348.000000 0.000000 48.000000
2013-06-16T20:00:00Z 294.680000 1002.000000 29.000000 1.540000 21.000000 0.000000 48.000000
2013-06-16T21:00:00Z 295.490000 1003.000000 28.000000 1.540000 40.000000 0.000000 48.000000
2013-06-16T22:00:00Z 295.260000 1003.000000 88.000000 3.000000 30.000000 0.000000 92.000000
2013-06-16T23:00:00Z 295.240000 1003.000000 30.000000 0.820000 22.003800 0.000000 92.000000
2013-06-17T00:00:00Z 295.240000 1003.000000 29.000000 2.060000 8.000000 0.000000 92.000000
2013-06-17T01:00:00Z 295.240000 1003.000000 31.000000 0.510000 59.000000 0.250000 100.000000
2013-06-17T02:00:00Z 294.670000 1002.000000 27.000000 1.030000 39.000000 0.250000 100.000000
2013-06-17T03:00:00Z 294.670000 1002.000000 23.000000 1.030000 61.000000 0.250000 100.000000
2013-06-17T04:00:00Z 294.670000 1002.000000 22.000000 0.510000 43.000000 3.500000 92.000000
2013-06-17T05:00:00Z 295.370000 1002.000000 23.000000 0.510000 43.000000 3.500000 92.000000
2013-06-17T06:00:00Z 294.670000 1002.000000 24.000000 1.470000 28.503800 3.500000 92.000000
2013-06-17T07:00:00Z 296.480000 1002.000000 18.000000 1.540000 74.000000 0.500000 88.000000
2013-06-17T08:00:00Z 299.010000 1002.000000 84.000000 2.060000 337.000000 0.500000 88.000000
2013-06-17T09:00:00Z 300.500000 1002.000000 81.000000 1.030000 39.000000 0.500000 88.000000
2013-06-17T10:00:00Z 302.010000 1002.000000 72.000000 1.030000 49.000000 0.000000 48.000000
2013-07-19T10:00:00Z 300.120000 1002.000000 74.000000 3.000000 270.000000 0.000000 0.000000
2013-07-19T11:00:00Z 300.570000 1002.000000 74.000000 1.000000 0.000000 0.000000 0.000000
2013-07-19T12:00:00Z 301.490000 1002.000000 66.000000 3.000000 0.000000 0.000000 0.000000
2013-07-19T13:00:00Z 303.330000 1002.000000 62.000000 1.000000 0.000000 0.000000 24.000000
2013-07-19T14:00:00Z 303.820000 1002.000000 62.000000 1.000000 0.000000 0.000000 24.000000
2013-07-19T15:00:00Z 304.470000 1001.000000 58.000000 2.000000 0.000000 0.000000 24.000000
2013-07-19T16:00:00Z 304.170000 1001.000000 66.000000 2.000000 160.000000 -1.000000 88.000000
2013-07-19T17:00:00Z 302.550000 1000.000000 62.000000 3.000000 150.000000 -1.000000 88.000000
2013-07-19T18:00:00Z 302.550000 1000.000000 62.000000 4.000000 200.000000 -1.000000 88.000000
2013-07-19T19:00:00Z 302.090000 1001.000000 66.000000 4.000000 190.000000 -1.000000 88.000000
2013-07-19T20:00:00Z 302.090000 1001.000000 66.000000 3.000000 190.000000 -1.000000 88.000000
2013-07-19T21:00:00Z 300.430000 1002.000000 65.000000 3.000000 180.000000 -1.000000 88.000000
2013-07-19T22:00:00Z 299.510000 1003.000000 74.000000 1.000000 0.000000 -1.000000 92.000000
2013-07-19T23:00:00Z 299.510000 1003.000000 74.000000 1.000000 0.000000 -1.000000 92.000000
2013-07-20T00:00:00Z 299.060000 1003.000000 83.000000 1.000000 0.000000 -1.000000 92.000000
2013-07-20T01:00:00Z 298.600000 1003.000000 88.000000 1.000000 90.000000 -1.000000 92.000000
2013-07-20T02:00:00Z 298.760000 1003.000000 94.000000 1.000000 70.000000 -1.000000 92.000000
2013-07-20T03:00:00Z 298.750000 1003.000000 94.000000 1.000000 0.000000 -1.000000 92.000000
2013-07-20T04:00:00Z 298.140000 1003.000000 94.000000 1.000000 20.000000 -1.000000 92.000000
2013-07-20T05:00:00Z 298.140000 1003.000000 94.000000 1.000000 0.000000 -1.000000 92.000000
2013-07-20T06:00:00Z 298.750000 1004.000000 94.000000 1.000000 0.000000 -1.000000 92.000000
2013-07-20T07:00:00Z 298.750000 1004.000000 88.000000 2.000000 10.000000 -1.000000 68.000000
2013-07-20T08:00:00Z 300.120000 1005.000000 83.000000 1.000000 360.000000 -1.000000 68.000000
2013-07-20T09:00:00Z 301.630000 1005.000000 65.000000 2.000000 70.000000 -1.000000 0.000000
2013-07-20T10:00:00Z 302.090000 1005.000000 54.000000 2.000000 70.000000 -1.000000 0.000000
2013-08-16T10:00:00Z 301.150000 997.000000 83.000000 1.000000 0.000000 -1.000000 75.000000
2013-08-16T11:00:00Z 301.150000 997.000000 83.000000 1.000000 0.000000 -1.000000 75.000000
2013-08-16T12:00:00Z 303.150000 997.000000 74.000000 1.000000 0.000000 -1.000000 40.000000
2013-08-16T13:00:00Z 303.150000 996.000000 79.000000 2.000000 70.000000 -1.000000 40.000000
2013-08-16T14:00:00Z 303.150000 996.000000 79.000000 1.000000 0.000000 -1.000000 20.000000
2013-08-16T15:00:00Z 303.150000 997.000000 79.000000 3.000000 50.000000 -1.000000 64.000000
2013-08-16T16:00:00Z 303.150000 996.000000 79.000000 2.000000 90.000000 -1.000000 64.000000
2013-08-16T17:00:00Z 303.150000 996.000000 79.000000 1.000000 0.000000 -1.000000 64.000000
2013-08-16T18:00:00Z 303.150000 997.000000 79.000000 1.000000 0.000000 -1.000000 48.000000
2013-08-16T22:00:00Z 301.150000 998.000000 83.000000 1.000000 0.000000 -1.000000 75.000000
2013-08-16T23:00:00Z 301.150000 998.000000 83.000000 1.000000 0.000000 -1.000000 75.000000
2013-08-17T00:00:00Z 301.150000 998.000000 83.000000 1.000000 0.000000 -1.000000 75.000000
2013-08-17T01:00:00Z 301.150000 997.000000 88.000000 2.000000 10.000000 -1.000000 8.000000
2013-08-17T02:00:00Z 301.150000 998.000000 83.000000 1.000000 20.000000 -1.000000 8.000000
2013-08-17T03:00:00Z 300.150000 998.000000 88.000000 2.060000 350.501000 -1.000000 0.000000
2013-08-17T04:00:00Z 299.150000 998.000000 88.000000 2.000000 340.000000 -1.000000 0.000000
2013-08-17T05:00:00Z 303.150000 999.000000 45.000000 5.000000 290.000000 -1.000000 0.000000
2013-08-17T06:00:00Z 302.150000 999.000000 42.000000 5.000000 310.000000 -1.000000 0.000000
2013-08-17T07:00:00Z 301.150000 1000.000000 48.000000 2.000000 0.000000 -1.000000 0.000000
2013-08-17T08:00:00Z 305.150000 1001.000000 29.000000 6.000000 310.000000 -1.000000 0.000000
2013-08-17T09:00:00Z 306.150000 1001.000000 29.000000 7.000000 310.000000 -1.000000 0.000000
2013-08-17T10:00:00Z 306.150000 1001.000000 26.000000 8.000000 300.000000 -1.000000 0.000000
2013-08-17T11:00:00Z 306.150000 1001.000000 26.000000 8.000000 300.000000 -1.000000 0.000000
2013-08-17T12:00:00Z 307.150000 1001.000000 23.000000 8.000000 310.000000 -1.000000 0.000000
2013-09-12T16:00:00Z 300.150000 1009.000000 47.000000 2.000000 150.000000 -1.000000 48.000000
2013-09-12T17:00:00Z 297.150000 1009.000000 64.000000 4.000000 10.000000 -1.000000 48.000000
2013-09-12T18:00:00Z 297.150000 1008.000000 69.000000 1.000000 0.000000 2.000000 76.000000
2013-09-12T19:00:00Z 297.150000 1008.000000 69.000000 1.000000 0.000000 2.000000 76.000000
2013-09-12T20:00:00Z 299.820000 1023.900000 94.000000 2.100000 229.500000 2.000000 76.000000
2013-09-12T21:00:00Z 299.820000 1023.900000 94.000000 2.100000 229.500000 2.000000 76.000000
2013-09-12T22:00:00Z 295.150000 1008.000000 83.000000 2.000000 140.000000 0.000000 40.000000
2013-09-12T23:00:00Z 295.150000 1008.000000 83.000000 2.000000 140.000000 0.000000 40.000000
2013-09-13T00:00:00Z 295.150000 1008.000000 83.000000 2.000000 140.000000 0.000000 40.000000
2013-09-13T01:00:00Z 292.150000 1008.000000 82.000000 2.000000 130.000000 0.000000 0.000000
2013-09-13T02:00:00Z 291.150000 1008.000000 88.000000 1.000000 0.000000 0.000000 20.000000
2013-09-13T03:00:00Z 291.150000 1008.000000 88.000000 1.000000 0.000000 0.000000 20.000000
2013-09-13T04:00:00Z 292.150000 1007.000000 82.000000 3.000000 110.000000 0.000000 20.000000
2013-09-13T05:00:00Z 291.150000 1007.000000 88.000000 2.000000 100.000000 0.000000 20.000000
2013-09-13T06:00:00Z 292.150000 1007.000000 82.000000 2.000000 120.000000 0.000000 68.000000
2013-09-13T07:00:00Z 292.150000 1007.000000 82.000000 3.000000 140.000000 0.000000 68.000000
2013-09-13T08:00:00Z 292.150000 1007.000000 82.000000 3.000000 130.000000 0.000000 68.000000
2013-09-13T09:00:00Z 292.150000 1007.000000 82.000000 3.000000 130.000000 0.000000 68.000000
2013-09-13T10:00:00Z 293.150000 1007.000000 77.000000 2.000000 150.000000 0.000000 20.000000
2013-09-13T11:00:00Z 295.660000 1006.000000 82.000000 2.000000 130.000000 0.000000 40.000000
2013-09-13T12:00:00Z 295.660000 1006.000000 82.000000 2.000000 130.000000 0.000000 40.000000
2013-09-13T13:00:00Z 294.990000 1005.000000 82.000000 2.000000 140.000000 0.000000 40.000000
2013-10-06T21:00:00Z 289.150000 1021.000000 82.000000 1.000000 20.000000 -1.000000 0.000000
2013-10-06T22:00:00Z 289.150000 1021.000000 82.000000 1.000000 0.000000 -1.000000 0.000000
2013-10-06T23:00:00Z 286.791000 1025.950000 85.000000 1.800000 191.500000 -1.000000 0.000000
2013-10-07T00:00:00Z 287.150000 1021.000000 87.000000 2.000000 360.000000 -1.000000 0.000000
2013-10-07T01:00:00Z 287.150000 1021.000000 87.000000 1.000000 60.000000 -1.000000 0.000000
2013-10-07T02:00:00Z 287.150000 1021.000000 87.000000 1.000000 0.000000 -1.000000 0.000000
2013-10-07T03:00:00Z 286.150000 1020.000000 87.000000 1.000000 20.000000 -1.000000 0.000000
2013-10-07T04:00:00Z 287.150000 1021.000000 87.000000 2.000000 340.000000 -1.000000 0.000000
2013-10-07T05:00:00Z 286.150000 1021.000000 93.000000 3.000000 350.000000 -1.000000 0.000000
2013-10-07T06:00:00Z 286.150000 1021.000000 93.000000 3.000000 360.000000 -1.000000 0.000000
2013-10-07T07:00:00Z 287.150000 1022.000000 87.000000 3.000000 10.000000 -1.000000 0.000000
2013-10-07T08:00:00Z 289.150000 1023.000000 87.000000 5.000000 340.000000 -1.000000 0.000000
2013-10-07T09:00:00Z 292.150000 1023.000000 68.000000 3.000000 360.000000 -1.000000 0.000000
2013-10-07T10:00:00Z 295.150000 1024.000000 43.000000 5.000000 360.000000 -1.000000 0.000000
2013-10-07T11:00:00Z 296.150000 1024.000000 27.000000 5.000000 40.000000 -1.000000 0.000000
2013-10-07T12:00:00Z 297.150000 1023.000000 19.000000 5.000000 50.000000 -1.000000 0.000000
2013-10-07T13:00:00Z 297.150000 1023.000000 19.000000 5.000000 50.000000 -1.000000 0.000000
2013-10-07T14:00:00Z 298.150000 1022.000000 17.000000 4.000000 40.000000 -1.000000 0.000000
2013-10-07T15:00:00Z 298.150000 1022.000000 17.000000 4.000000 50.000000 -1.000000 0.000000
2013-10-07T16:00:00Z 297.150000 1022.000000 17.000000 3.000000 50.000000 -1.000000 0.000000
2013-10-07T17:00:00Z 297.150000 1022.000000 17.000000 3.000000 50.000000 -1.000000 0.000000
2013-10-09T20:00:00Z 288.150000 1009.000000 77.000000 2.000000 10.000000 0.000000 88.000000
2013-10-09T21:00:00Z 288.150000 1009.000000 77.000000 1.000000 0.000000 0.000000 48.000000
2013-10-09T22:00:00Z 287.150000 1008.000000 82.000000 1.000000 0.000000 0.000000 48.000000
2013-10-09T23:00:00Z 287.150000 1008.000000 82.000000 1.000000 0.000000 0.000000 48.000000
2013-10-10T00:00:00Z 288.150000 1009.000000 77.000000 1.000000 0.000000 0.000000 48.000000
2013-10-10T01:00:00Z 288.150000 1007.000000 82.000000 3.000000 100.000000 0.000000 48.000000
2013-10-10T02:00:00Z 287.150000 1006.000000 82.000000 1.000000 0.000000 0.000000 48.000000
2013-10-10T03:00:00Z 288.150000 1007.000000 82.000000 1.000000 260.000000 0.000000 0.000000
2013-10-10T04:00:00Z 287.150000 1007.000000 82.000000 2.000000 360.000000 0.000000 0.000000
2013-10-10T05:00:00Z 286.150000 1007.000000 87.000000 1.000000 350.000000 0.000000 0.000000
2013-10-10T06:00:00Z 287.150000 1007.000000 82.000000 2.000000 320.000000 0.000000 0.000000
2013-10-10T07:00:00Z 287.150000 1007.000000 82.000000 1.000000 0.000000 0.000000 0.000000
2013-10-10T08:00:00Z 287.150000 1008.000000 87.000000 2.000000 360.000000 0.000000 0.000000
2013-10-10T09:00:00Z 291.150000 1009.000000 72.000000 2.000000 60.000000 0.000000 0.000000
2013-10-10T10:00:00Z 293.150000 1010.000000 28.000000 11.000000 300.000000 0.000000 0.000000
2013-10-10T11:00:00Z 294.150000 1010.000000 57.000000 9.000000 330.000000 0.000000 0.000000
2013-10-10T12:00:00Z 295.150000 1011.000000 46.000000 10.000000 320.000000 0.000000 0.000000
2013-10-10T13:00:00Z 294.150000 1011.000000 50.000000 11.000000 300.000000 0.000000 0.000000
2013-10-10T14:00:00Z 293.150000 1012.000000 50.000000 13.000000 290.000000 0.000000 0.000000
2013-10-10T15:00:00Z 294.150000 1012.000000 50.000000 10.000000 300.000000 0.000000 0.000000
2013-10-10T16:00:00Z 294.150000 1013.000000 21.000000 11.000000 330.000000 0.000000 0.000000
2013-10-10T17:00:00Z 293.150000 1013.000000 24.000000 7.000000 320.000000 0.000000 0.000000
2013-10-10T18:00:00Z 291.150000 1014.000000 25.000000 7.000000 340.000000 0.000000 0.000000
2013-10-17T20:00:00Z 283.150000 1025.000000 71.000000 1.000000 140.000000 -1.000000 0.000000
2013-10-17T21:00:00Z 290.182000 1028.250000 68.000000 3.010000 180.000000 -1.000000 0.000000
2013-10-17T22:00:00Z 281.150000 1026.000000 75.000000 1.000000 60.000000 -1.000000 20.000000
2013-10-17T23:00:00Z 276.223000 1028.520000 82.000000 1.150000 18.000000 -1.000000 20.000000
2013-10-18T00:00:00Z 282.500000 1018.000000 73.000000 0.510000 96.000000 -1.000000 20.000000
2013-10-18T01:00:00Z 281.580000 1018.000000 75.000000 1.540000 67.000000 -1.000000 0.000000
2013-10-18T02:00:00Z 282.170000 1026.000000 75.000000 2.000000 80.000000 -1.000000 0.000000
2013-10-18T03:00:00Z 281.570000 1026.000000 75.000000 2.000000 60.000000 -1.000000 0.000000
2013-10-19T09:00:00Z 288.920000 1026.000000 28.000000 6.000000 320.000000 -1.000000 0.000000
2013-10-19T10:00:00Z 289.550000 1019.000000 38.000000 3.080000 319.000000 0.000000 0.000000
2013-10-19T11:00:00Z 289.770000 1026.000000 24.000000 6.000000 320.000000 -1.000000 0.000000
2013-10-19T12:00:00Z 290.630000 1026.000000 19.000000 8.000000 330.000000 -1.000000 0.000000
2013-10-19T13:00:00Z 291.640000 1017.000000 30.000000 2.060000 343.000000 -1.000000 0.000000
2013-10-19T14:00:00Z 292.140000 1025.000000 15.000000 7.000000 340.000000 -1.000000 0.000000
2013-10-19T15:00:00Z 292.310000 1016.000000 30.000000 3.600000 338.000000 -1.000000 0.000000
2013-10-19T16:00:00Z 292.020000 1024.000000 17.000000 9.000000 310.000000 0.000000 0.000000
2013-10-19T17:00:00Z 291.370000 1017.000000 35.000000 2.570000 305.000000 -1.000000 0.000000
2013-10-19T18:00:00Z 290.430000 1017.000000 39.000000 2.060000 298.000000 0.000000 0.000000
2013-10-19T19:00:00Z 287.330000 1018.000000 39.000000 4.630000 327.000000 -1.000000 0.000000
2013-10-28T19:00:00Z 284.927000 1023.970000 68.000000 3.010000 54.500000 -1.000000 0.000000
2013-10-28T20:00:00Z 284.927000 1023.970000 68.000000 3.010000 54.500000 -1.000000 0.000000
2013-10-28T21:00:00Z 284.927000 1023.970000 68.000000 3.010000 54.500000 -1.000000 0.000000
2013-10-28T22:00:00Z 284.927000 1023.970000 68.000000 3.010000 54.500000 -1.000000 0.000000
2013-10-28T23:00:00Z 281.747000 1027.180000 94.000000 2.910000 55.500000 -1.000000 88.000000
2013-10-29T00:00:00Z 281.747000 1027.180000 94.000000 2.910000 55.500000 -1.000000 88.000000
2013-10-29T01:00:00Z 290.610000 1026.000000 67.000000 3.030000 38.500100 1.500000 92.000000
2013-10-29T02:00:00Z 282.882000 1029.200000 98.000000 3.030000 38.500100 1.500000 92.000000
2013-10-29T03:00:00Z 282.882000 1029.200000 98.000000 3.030000 38.500100 1.500000 92.000000
2013-10-29T04:00:00Z 282.282000 1030.200000 96.000000 2.400000 20.000200 0.500000 76.000000
2013-10-29T05:00:00Z 282.282000 1030.200000 96.000000 2.400000 20.000200 0.500000 76.000000
2013-10-29T06:00:00Z 282.282000 1030.200000 96.000000 2.400000 20.000200 0.500000 76.000000
2013-10-29T07:00:00Z 282.282000 1030.200000 96.000000 2.400000 20.000200 0.500000 76.000000
2013-10-29T08:00:00Z 279.634000 1033.160000 60.000000 5.310000 334.000000 0.000000 0.000000
2013-10-29T09:00:00Z 279.634000 1033.160000 60.000000 5.310000 334.000000 0.000000 0.000000
2013-10-29T10:00:00Z 285.205000 1033.940000 57.000000 5.450000 2.500180 0.000000 0.000000
2013-10-29T11:00:00Z 285.205000 1033.940000 57.000000 5.450000 2.500180 0.000000 0.000000
2013-10-29T12:00:00Z 285.205000 1033.940000 57.000000 5.450000 2.500180 0.000000 0.000000
2013-10-29T13:00:00Z 286.342000 1032.380000 58.000000 3.000000 41.500300 0.000000 0.000000
2013-10-29T14:00:00Z 286.342000 1032.380000 58.000000 3.000000 41.500300 0.000000 0.000000
2013-10-29T15:00:00Z 286.342000 1032.380000 58.000000 3.000000 41.500300 0.000000 0.000000
2013-10-29T16:00:00Z 288.150000 1026.000000 18.000000 2.000000 130.000000 0.000000 0.000000
2013-10-29T17:00:00Z 283.848000 1031.570000 55.000000 1.010000 105.501000 0.000000 0.000000
2013-11-02T21:00:00Z 285.980000 1022.000000 65.000000 5.470000 212.500000 -1.000000 0.000000
2013-11-02T22:00:00Z 284.985000 1028.500000 72.000000 4.510000 228.002000 -1.000000 20.000000
2013-11-02T23:00:00Z 286.740000 1023.000000 65.000000 4.510000 228.002000 -1.000000 20.000000
2013-11-03T00:00:00Z 284.985000 1028.500000 72.000000 4.510000 228.002000 -1.000000 20.000000
2013-11-03T01:00:00Z 286.320000 1023.000000 65.000000 5.520000 311.503000 -1.000000 0.000000
2013-11-03T02:00:00Z 283.030000 1028.980000 54.000000 5.520000 311.503000 -1.000000 0.000000
2013-11-03T03:00:00Z 285.730000 1022.000000 66.000000 5.520000 311.503000 -1.000000 0.000000
2013-11-03T04:00:00Z 282.099000 1029.350000 50.000000 5.680000 319.007000 -1.000000 0.000000
2013-11-03T05:00:00Z 282.099000 1029.350000 50.000000 5.680000 319.007000 -1.000000 0.000000
2013-11-03T06:00:00Z 282.099000 1029.350000 50.000000 5.680000 319.007000 -1.000000 0.000000
2013-11-03T07:00:00Z 287.320000 1023.000000 66.000000 5.920000 323.006000 -1.000000 0.000000
2013-11-03T08:00:00Z 282.969000 1030.860000 46.000000 5.920000 323.006000 -1.000000 0.000000
2013-11-03T09:00:00Z 288.450000 1025.000000 66.000000 5.920000 323.006000 -1.000000 0.000000
2013-11-03T10:00:00Z 289.210000 1025.000000 65.000000 8.370000 339.500000 -1.000000 0.000000
2013-11-03T11:00:00Z 289.075000 1032.360000 44.000000 8.370000 339.500000 -1.000000 0.000000
2013-11-03T12:00:00Z 290.430000 1025.000000 65.000000 8.370000 339.500000 -1.000000 0.000000
2013-11-03T13:00:00Z 291.107000 1031.940000 37.000000 6.860000 353.003000 -1.000000 0.000000
2013-11-03T14:00:00Z 291.290000 1025.000000 64.000000 6.860000 353.003000 -1.000000 0.000000
2013-11-03T15:00:00Z 291.107000 1031.940000 37.000000 6.860000 353.003000 -1.000000 0.000000
2013-11-03T16:00:00Z 291.190000 1025.000000 63.000000 4.020000 349.505000 -1.000000 0.000000
2013-11-03T17:00:00Z 287.147000 1033.270000 38.000000 3.620000 344.000000 -1.000000 0.000000
2013-11-03T18:00:00Z 287.147000 1033.270000 38.000000 3.620000 344.000000 -1.000000 0.000000
2013-11-08T21:00:00Z 281.666000 1027.380000 84.000000 3.360000 205.500000 -1.000000 0.000000
2013-11-08T22:00:00Z 286.900000 1021.000000 63.000000 2.060000 201.503000 -1.000000 12.000000
2013-11-08T23:00:00Z 278.301000 1028.610000 84.000000 2.060000 201.503000 -1.000000 12.000000
2013-11-09T00:00:00Z 286.490000 1022.000000 63.000000 2.060000 201.503000 -1.000000 12.000000
2013-11-09T01:00:00Z 285.510000 1022.000000 63.000000 1.410000 182.002000 -1.000000 56.000000
2013-11-09T02:00:00Z 285.740000 1022.000000 63.000000 1.410000 182.002000 -1.000000 56.000000
2013-11-09T03:00:00Z 285.150000 1022.000000 63.000000 1.410000 182.002000 -1.000000 56.000000
2013-11-09T04:00:00Z 284.740000 1022.000000 63.000000 1.320000 357.002000 -1.000000 76.000000
2013-11-09T05:00:00Z 285.070000 1022.000000 63.000000 1.320000 357.002000 -1.000000 76.000000
2013-11-09T06:00:00Z 277.096000 1028.050000 83.000000 1.320000 357.002000 -1.000000 76.000000
2013-11-09T07:00:00Z 284.580000 1022.000000 64.000000 2.690000 4.501160 -1.000000 68.000000
2013-11-09T08:00:00Z 279.863000 1029.260000 89.000000 2.690000 4.501160 -1.000000 68.000000
2013-11-09T09:00:00Z 287.080000 1023.000000 61.000000 3.000000 350.000000 -1.000000 0.000000
2013-11-09T10:00:00Z 286.880000 1023.000000 64.000000 2.060000 0.505859 -1.000000 0.000000
2013-11-09T11:00:00Z 285.967000 1029.610000 61.000000 2.060000 0.505859 -1.000000 0.000000
2013-11-09T12:00:00Z 289.703000 1028.300000 56.000000 2.170000 34.000000 -1.000000 56.000000
2013-11-09T13:00:00Z 288.380000 1022.000000 62.000000 2.170000 34.000000 -1.000000 56.000000
2013-11-09T14:00:00Z 289.703000 1028.300000 56.000000 2.170000 34.000000 -1.000000 56.000000
2013-11-09T15:00:00Z 289.019000 1031.070000 38.000000 3.520000 20.500700 -1.000000 80.000000
2013-11-09T16:00:00Z 288.960000 1024.000000 62.000000 2.510000 9.000890 -1.000000 48.000000
2013-11-09T17:00:00Z 285.850000 1032.740000 37.000000 2.510000 9.000890 -1.000000 48.000000
2013-11-09T18:00:00Z 285.850000 1032.740000 37.000000 2.510000 9.000890 -1.000000 48.000000
2013-11-09T19:00:00Z 282.330000 0.000000 48.800000 4.310000 162.001000 0.000000 0.000000
2013-11-09T20:00:00Z 281.963000 1035.840000 34.000000 6.250000 342.507000 -1.000000 32.000000
2013-11-09T21:00:00Z 288.820000 1030.000000 63.000000 6.250000 342.507000 -1.000000 32.000000
2013-11-13T18:00:00Z 285.140000 1019.000000 62.000000 3.250000 206.000000 -1.000000 12.000000
2013-11-13T19:00:00Z 286.120000 1014.000000 26.000000 2.650000 228.000000 -1.000000 32.000000
2013-11-13T20:00:00Z 284.200000 1019.000000 62.000000 2.650000 228.000000 -1.000000 32.000000
2013-11-13T21:00:00Z 283.940000 1020.000000 62.000000 3.550000 218.500000 -1.000000 48.000000
2013-11-13T22:00:00Z 283.940000 1020.000000 62.000000 3.550000 218.500000 -1.000000 48.000000
2013-11-13T23:00:00Z 284.080000 1019.000000 62.000000 3.760000 297.000000 -1.000000 12.000000
2013-11-14T00:00:00Z 283.830000 1019.000000 62.000000 3.760000 297.000000 -1.000000 12.000000
2013-11-14T01:00:00Z 283.960000 1019.000000 62.000000 5.350000 320.001000 -1.000000 0.000000
2013-11-14T02:00:00Z 283.190000 1019.000000 62.000000 5.350000 320.001000 -1.000000 0.000000
2013-11-14T08:00:00Z 284.490000 1020.000000 62.000000 4.960000 303.000000 -1.000000 0.000000
2013-11-14T09:00:00Z 285.440000 1021.000000 62.000000 4.960000 303.000000 -1.000000 0.000000
2013-11-14T10:00:00Z 286.960000 1021.000000 62.000000 5.860000 313.500000 -1.000000 0.000000
2013-11-14T11:00:00Z 287.330000 1020.000000 59.000000 5.860000 313.500000 -1.000000 0.000000
2013-11-14T12:00:00Z 288.190000 1019.000000 54.000000 5.860000 313.500000 -1.000000 0.000000
2013-11-14T13:00:00Z 289.900000 1013.000000 22.000000 6.750000 309.500000 -1.000000 0.000000
2013-11-14T14:00:00Z 290.390000 1013.000000 21.000000 6.750000 309.500000 -1.000000 0.000000
2013-11-14T15:00:00Z 290.700000 1013.000000 21.000000 6.750000 309.500000 -1.000000 0.000000
2013-11-14T16:00:00Z 290.930000 1013.000000 21.000000 4.810000 303.001000 -1.000000 0.000000
2013-11-14T17:00:00Z 286.150000 1017.000000 11.000000 4.000000 270.000000 -1.000000 0.000000
2013-11-23T21:00:00Z 278.150000 1020.000000 48.000000 1.000000 0.000000 -1.000000 48.000000
2013-11-23T22:00:00Z 278.150000 1020.000000 48.000000 1.000000 0.000000 -1.000000 48.000000
2013-11-23T23:00:00Z 276.150000 1020.000000 55.000000 1.000000 0.000000 -1.000000 48.000000
2013-11-24T00:00:00Z 276.150000 1020.000000 64.000000 1.000000 0.000000 -1.000000 48.000000
2013-11-24T01:00:00Z 276.150000 1019.000000 59.000000 1.000000 0.000000 -1.000000 48.000000
2013-11-24T02:00:00Z 276.150000 1019.000000 55.000000 1.000000 0.000000 -1.000000 48.000000
2013-11-24T03:00:00Z 276.150000 1018.000000 55.000000 2.000000 330.000000 -1.000000 56.000000
2013-11-24T04:00:00Z 276.150000 1018.000000 55.000000 2.000000 330.000000 -1.000000 56.000000
2013-11-24T05:00:00Z 277.150000 1018.000000 48.000000 3.000000 330.000000 -1.000000 56.000000
2013-11-24T06:00:00Z 276.150000 1017.000000 55.000000 3.000000 350.000000 -1.000000 0.000000
2013-11-24T07:00:00Z 277.150000 1017.000000 51.000000 4.000000 360.000000 -1.000000 0.000000
2013-11-24T08:00:00Z 279.150000 1017.000000 38.000000 3.000000 360.000000 -1.000000 0.000000
2013-11-24T09:00:00Z 279.150000 1017.000000 38.000000 3.000000 360.000000 -1.000000 0.000000
2013-11-24T10:00:00Z 281.150000 1017.000000 28.000000 3.000000 330.000000 -1.000000 0.000000
2013-11-24T11:00:00Z 282.150000 1016.000000 21.000000 3.000000 330.000000 -1.000000 0.000000
2013-11-24T12:00:00Z 283.150000 1015.000000 15.000000 6.000000 330.000000 -1.000000 0.000000
2013-11-24T13:00:00Z 283.150000 1015.000000 15.000000 6.000000 330.000000 -1.000000 0.000000
2013-11-24T14:00:00Z 283.150000 1013.000000 15.000000 5.000000 320.000000 -1.000000 0.000000
2013-11-24T15:00:00Z 283.150000 1013.000000 15.000000 6.000000 330.000000 -1.000000 0.000000
2013-11-24T16:00:00Z 279.427000 1014.910000 36.000000 4.850000 315.000000 -1.000000 0.000000
2013-11-24T17:00:00Z 279.150000 1012.000000 28.000000 4.850000 315.000000 -1.000000 0.000000
2013-11-24T18:00:00Z 279.150000 1012.000000 28.000000 4.850000 315.000000 -1.000000 0.000000
2013-11-24T19:00:00Z 277.150000 1013.000000 32.000000 1.000000 0.000000 -1.000000 0.000000
2013-12-08T08:00:00Z 282.580000 1021.000000 69.000000 1.550000 330.000000 -1.000000 48.000000
2013-12-08T09:00:00Z 282.230000 1022.000000 69.000000 1.550000 330.000000 -1.000000 48.000000
2013-12-08T10:00:00Z 283.530000 1021.000000 69.000000 3.260000 20.001500 -1.000000 64.000000
2013-12-08T11:00:00Z 283.530000 1021.000000 69.000000 3.260000 20.001500 -1.000000 64.000000
2013-12-08T12:00:00Z 284.290000 1020.000000 68.000000 3.260000 20.001500 -1.000000 64.000000
2013-12-08T13:00:00Z 283.320000 1020.000000 67.000000 7.810000 327.001000 -1.000000 56.000000
2013-12-08T14:00:00Z 284.510000 1019.000000 67.000000 7.810000 327.001000 -1.000000 56.000000
2013-12-08T15:00:00Z 284.520000 1019.000000 67.000000 7.810000 327.001000 -1.000000 56.000000
2013-12-08T16:00:00Z 284.500000 1020.000000 67.000000 6.800000 320.500000 -1.000000 48.000000
2013-12-08T17:00:00Z 283.850000 1021.000000 67.000000 6.800000 320.500000 -1.000000 48.000000
2013-12-08T18:00:00Z 283.850000 1021.000000 67.000000 6.800000 320.500000 -1.000000 48.000000
2013-12-08T19:00:00Z 283.660000 1022.000000 67.000000 6.560000 324.000000 -1.000000 0.000000
2013-12-08T20:00:00Z 283.410000 1024.000000 67.000000 6.560000 324.000000 -1.000000 0.000000
2013-12-08T21:00:00Z 283.040000 1024.000000 67.000000 6.560000 324.000000 -1.000000 0.000000
2013-12-08T22:00:00Z 282.050000 1025.000000 67.000000 6.510000 331.000000 -1.000000 0.000000
2013-12-08T23:00:00Z 282.050000 1025.000000 67.000000 6.510000 331.000000 -1.000000 0.000000
2013-12-09T00:00:00Z 282.250000 1025.000000 67.000000 6.510000 331.000000 -1.000000 0.000000
2013-12-09T01:00:00Z 281.910000 1025.000000 67.000000 5.660000 333.000000 -1.000000 0.000000
2013-12-09T02:00:00Z 282.000000 1025.000000 67.000000 5.660000 333.000000 -1.000000 0.000000
2013-12-09T03:00:00Z 281.090000 1025.000000 67.000000 5.060000 330.500000 -1.000000 0.000000
2013-12-09T04:00:00Z 281.090000 1025.000000 67.000000 5.060000 330.500000 -1.000000 0.000000
2013-12-09T05:00:00Z 281.860000 1025.000000 67.000000 5.060000 330.500000 -1.000000 0.000000
2013-12-09T06:00:00Z 281.840000 1025.000000 67.000000 5.060000 330.500000 -1.000000 0.000000
2013-12-25T07:00:00Z 270.820000 1025.000000 27.000000 6.170000 290.000000 -1.000000 0.000000
2013-12-25T08:00:00Z 270.820000 1025.000000 27.000000 6.170000 290.000000 -1.000000 0.000000
2013-12-25T09:00:00Z 270.820000 1025.000000 27.000000 6.170000 290.000000 -1.000000 0.000000
2013-12-25T10:00:00Z 270.820000 1025.000000 27.000000 6.170000 290.000000 -1.000000 0.000000
2013-12-25T11:00:00Z 270.820000 1025.000000 27.000000 6.170000 290.000000 -1.000000 0.000000
2013-12-25T12:00:00Z 270.820000 1025.000000 27.000000 6.170000 290.000000 -1.000000 0.000000
2013-12-25T13:00:00Z 270.820000 1025.000000 27.000000 6.170000 290.000000 -1.000000 0.000000
2013-12-25T14:00:00Z 270.820000 1025.000000 27.000000 6.170000 290.000000 -1.000000 0.000000
2013-12-25T15:00:00Z 270.820000 1025.000000 27.000000 6.170000 290.000000 -1.000000 0.000000
2013-12-25T16:00:00Z 270.820000 1025.000000 27.000000 6.170000 290.000000 -1.000000 0.000000
2013-12-25T17:00:00Z 270.820000 1025.000000 27.000000 6.170000 290.000000 -1.000000 0.000000
2013-12-25T18:00:00Z 270.820000 1025.000000 27.000000 6.170000 290.000000 -1.000000 0.000000
2013-12-25T19:00:00Z 270.820000 1025.000000 27.000000 6.170000 290.000000 -1.000000 0.000000
2013-12-25T20:00:00Z 270.820000 1025.000000 27.000000 6.170000 290.000000 -1.000000 0.000000
2013-12-25T21:00:00Z 270.820000 1025.000000 27.000000 6.170000 290.000000 -1.000000 0.000000
2013-12-25T22:00:00Z 270.820000 1025.000000 27.000000 6.170000 290.000000 -1.000000 0.000000
2013-12-25T23:00:00Z 270.240000 1025.000000 28.000000 3.600000 39.000000 -1.000000 0.000000
2013-12-26T00:00:00Z 269.960000 1032.000000 19.000000 11.000000 320.000000 -1.000000 0.000000
2013-12-26T01:00:00Z 269.440000 1025.000000 31.000000 3.600000 313.000000 -1.000000 0.000000
2013-12-26T02:00:00Z 269.150000 1032.000000 25.000000 10.000000 330.000000 -1.000000 0.000000
2013-12-26T03:00:00Z 269.150000 1033.000000 23.000000 10.000000 330.000000 -1.000000 0.000000
2013-12-26T04:00:00Z 268.750000 1034.000000 24.000000 8.000000 330.000000 -1.000000 0.000000
2014-01-04T12:00:00Z 274.260000 1014.000000 72.000000 0.510000 31.000000 -1.000000 12.000000
2014-01-04T13:00:00Z 274.210000 1021.000000 55.000000 1.000000 0.000000 -1.000000 24.000000
2014-01-04T14:00:00Z 275.270000 1020.000000 51.000000 1.000000 0.000000 -1.000000 24.000000
2014-01-04T15:00:00Z 275.270000 1020.000000 51.000000 1.000000 0.000000 -1.000000 24.000000
2014-01-04T16:00:00Z 274.150000 1020.000000 50.000000 2.000000 340.000000 -1.000000 0.000000
2014-01-04T17:00:00Z 274.150000 1020.000000 50.000000 2.000000 340.000000 -1.000000 0.000000
2014-01-04T18:00:00Z 271.150000 1020.000000 63.000000 3.000000 360.000000 -1.000000 0.000000
2014-01-04T19:00:00Z 269.150000 1021.000000 73.000000 1.000000 20.000000 -1.000000 0.000000
2014-01-04T20:00:00Z 269.150000 1021.000000 73.000000 1.000000 20.000000 -1.000000 0.000000
2014-01-04T21:00:00Z 269.150000 1021.000000 73.000000 1.000000 0.000000 -1.000000 0.000000
2014-01-04T22:00:00Z 269.150000 1021.000000 73.000000 1.000000 0.000000 -1.000000 0.000000
2014-01-04T23:00:00Z 269.930000 1014.000000 77.000000 1.160000 334.000000 -1.000000 0.000000
2014-01-05T00:00:00Z 268.150000 1021.000000 73.000000 2.000000 360.000000 -1.000000 0.000000
2014-01-05T01:00:00Z 267.150000 1022.000000 73.000000 3.000000 360.000000 -1.000000 0.000000
2014-01-05T02:00:00Z 270.090000 1014.000000 77.000000 0.510000 35.000000 -1.000000 0.000000
2014-01-05T03:00:00Z 270.090000 1014.000000 77.000000 0.510000 35.000000 -1.000000 0.000000
2014-01-05T04:00:00Z 269.020000 1015.000000 73.000000 1.540000 21.000000 -1.000000 0.000000
2014-01-05T05:00:00Z 268.730000 1023.000000 79.000000 2.000000 350.000000 -1.000000 0.000000
2014-01-05T06:00:00Z 269.820000 1016.000000 76.000000 1.540000 74.000000 -1.000000 0.000000
2014-01-06T01:00:00Z 272.360000 1020.000000 83.000000 0.510000 121.000000 -1.000000 0.000000
2014-01-06T02:00:00Z 272.360000 1020.000000 83.000000 0.510000 121.000000 -1.000000 0.000000
2014-01-06T03:00:00Z 272.150000 1028.000000 74.000000 1.750000 27.500200 -1.000000 90.000000
2014-01-06T04:00:00Z 272.150000 1027.000000 74.000000 1.000000 70.000000 -1.000000 75.000000
2014-01-06T05:00:00Z 272.150000 1027.000000 74.000000 1.000000 70.000000 -1.000000 75.000000
2014-01-06T06:00:00Z 272.330000 1019.000000 80.000000 0.510000 130.000000 -1.000000 24.000000
2014-01-06T07:00:00Z 272.590000 1019.000000 80.000000 1.030000 111.000000 -1.000000 56.000000
2014-01-06T08:00:00Z 272.590000 1019.000000 80.000000 1.030000 111.000000 -1.000000 56.000000
2014-01-06T09:00:00Z 272.320000 1020.000000 80.000000 1.030000 102.000000 -1.000000 56.000000
2014-01-06T10:00:00Z 272.350000 1020.000000 81.000000 2.060000 172.000000 -1.000000 32.000000
2014-01-06T11:00:00Z 272.350000 1020.000000 81.000000 2.060000 172.000000 -1.000000 32.000000
2014-01-06T12:00:00Z 269.933000 1030.420000 75.000000 2.100000 8.000180 -1.000000 32.000000
2014-01-06T13:00:00Z 269.933000 1030.420000 75.000000 2.100000 8.000180 -1.000000 32.000000
2014-01-06T14:00:00Z 273.710000 1016.000000 77.000000 1.030000 135.000000 -1.000000 24.000000
2014-01-06T15:00:00Z 273.710000 1016.000000 77.000000 1.030000 135.000000 -1.000000 24.000000
2014-01-06T16:00:00Z 273.710000 1016.000000 77.000000 0.510000 146.000000 -1.000000 44.000000
2014-01-06T17:00:00Z 273.710000 1016.000000 75.000000 0.510000 141.000000 -1.000000 44.000000
2014-01-06T18:00:00Z 273.710000 1016.000000 75.000000 0.510000 141.000000 -1.000000 44.000000
2014-01-06T19:00:00Z 272.150000 1025.000000 74.000000 1.000000 0.000000 -1.000000 90.000000
2014-01-06T20:00:00Z 272.150000 1025.000000 74.000000 1.000000 0.000000 -1.000000 90.000000
2014-01-06T21:00:00Z 272.150000 1025.000000 68.000000 1.000000 0.000000 -1.000000 90.000000
2014-01-06T22:00:00Z 272.150000 1025.000000 68.000000 1.000000 60.000000 -1.000000 90.000000
2014-01-06T23:00:00Z 272.150000 1025.000000 68.000000 1.000000 60.000000 -1.000000 90.000000
2014-01-07T09:00:00Z 271.370000 1026.000000 74.000000 3.000000 360.000000 -1.000000 64.000000
2014-01-07T10:00:00Z 274.150000 1028.000000 50.000000 4.000000 360.000000 -1.000000 32.000000
2014-01-17T03:00:00Z 277.520000 1023.000000 84.000000 2.060000 148.000000 -1.000000 36.000000
2014-01-17T04:00:00Z 277.520000 1023.000000 84.000000 2.060000 148.000000 -1.000000 36.000000
2014-01-17T05:00:00Z 280.160000 1044.050000 82.000000 1.900000 355.000000 -1.000000 80.000000
2014-01-17T06:00:00Z 280.440000 1031.000000 58.000000 6.000000 160.000000 -1.000000 80.000000
2014-01-17T07:00:00Z 288.710000 1044.630000 82.000000 2.860000 30.501000 -1.000000 92.000000
2014-01-17T08:00:00Z 267.431000 1034.130000 87.000000 1.850000 20.000600 -1.000000 92.000000
2014-01-17T09:00:00Z 267.431000 1034.130000 87.000000 1.850000 20.000600 -1.000000 92.000000
2014-01-17T10:00:00Z 270.889000 1035.200000 67.000000 1.910000 355.501000 -1.000000 8.000000
2014-01-17T11:00:00Z 270.889000 1035.200000 67.000000 1.910000 355.501000 -1.000000 8.000000
2014-01-17T12:00:00Z 275.455000 1038.570000 51.000000 1.650000 24.001100 -1.000000 0.000000
2014-01-17T13:00:00Z 276.022000 1033.430000 51.000000 1.850000 321.001000 -1.000000 0.000000
2014-01-17T14:00:00Z 276.022000 1033.430000 51.000000 1.850000 321.001000 -1.000000 0.000000
2014-01-17T15:00:00Z 276.022000 1033.430000 51.000000 1.850000 321.001000 -1.000000 0.000000
2014-01-17T16:00:00Z 276.771000 1039.260000 19.000000 4.710000 306.504000 -1.000000 0.000000
2014-01-17T17:00:00Z 275.832000 1033.350000 29.000000 4.450000 304.000000 -1.000000 0.000000
2014-01-17T18:00:00Z 276.771000 1039.260000 19.000000 4.710000 306.504000 -1.000000 0.000000
2014-01-17T19:00:00Z 272.683000 1034.630000 28.000000 5.400000 308.500000 -1.000000 0.000000
2014-01-17T20:00:00Z 272.683000 1034.630000 28.000000 5.400000 308.500000 -1.000000 0.000000
2014-01-17T21:00:00Z 271.300000 1040.110000 25.000000 4.610000 305.004000 -1.000000 0.000000
2014-01-17T22:00:00Z 270.016000 1035.560000 31.000000 4.150000 310.500000 -1.000000 0.000000
2014-01-17T23:00:00Z 270.016000 1035.560000 31.000000 4.150000 310.500000 -1.000000 0.000000
2014-01-18T00:00:00Z 270.016000 1035.560000 31.000000 4.150000 310.500000 -1.000000 0.000000
2014-01-19T08:00:00Z 266.575000 1027.270000 88.000000 2.460000 349.000000 -1.000000 88.000000
2014-01-19T09:00:00Z 266.575000 1027.270000 88.000000 2.460000 349.000000 -1.000000 88.000000
2014-01-19T10:00:00Z 271.591000 1026.710000 63.000000 2.310000 336.000000 -1.000000 64.000000
2014-01-19T11:00:00Z 271.431000 1032.460000 64.000000 3.020000 349.502000 -1.000000 56.000000
2014-01-19T12:00:00Z 271.431000 1032.460000 64.000000 3.020000 349.502000 -1.000000 56.000000
2014-01-19T13:00:00Z 279.093000 1022.970000 33.000000 5.160000 292.500000 -1.000000 0.000000
2014-01-19T14:00:00Z 279.093000 1022.970000 33.000000 5.160000 292.500000 -1.000000 0.000000
2014-01-19T15:00:00Z 279.093000 1022.970000 33.000000 5.160000 292.500000 -1.000000 0.000000
2014-01-19T16:00:00Z 277.860000 1022.980000 23.000000 6.250000 300.500000 -1.000000 0.000000
2014-01-19T17:00:00Z 277.860000 1022.980000 23.000000 6.250000 300.500000 -1.000000 0.000000
2014-01-19T18:00:00Z 277.860000 1022.980000 23.000000 6.250000 300.500000 -1.000000 0.000000
2014-01-19T19:00:00Z 274.881000 1030.830000 17.000000 7.460000 321.002000 -1.000000 0.000000
2014-01-19T20:00:00Z 274.881000 1030.830000 17.000000 7.460000 321.002000 -1.000000 0.000000
2014-01-19T21:00:00Z 280.700000 1017.000000 28.000000 3.080000 265.000000 -1.000000 0.000000
2014-01-23T15:00:00Z 275.710000 1006.000000 38.000000 1.930000 78.000400 -1.000000 12.000000
2014-01-23T16:00:00Z 276.060000 1006.000000 41.000000 1.360000 124.000000 -1.000000 44.000000
2014-01-23T17:00:00Z 276.060000 1006.000000 41.000000 1.360000 124.000000 -1.000000 44.000000
2014-01-23T18:00:00Z 273.520000 1014.000000 42.000000 1.000000 0.000000 -1.000000 0.000000
2014-01-23T19:00:00Z 273.520000 1014.000000 42.000000 1.000000 0.000000 -1.000000 0.000000
2014-01-23T20:00:00Z 270.150000 1015.000000 53.000000 1.000000 10.000000 -1.000000 0.000000
2014-01-23T21:00:00Z 270.980000 1015.000000 57.000000 2.000000 20.000000 -1.000000 8.000000
2014-01-23T22:00:00Z 270.700000 1015.000000 53.000000 2.000000 340.000000 -1.000000 0.000000
2014-01-23T23:00:00Z 271.060000 1008.000000 51.000000 0.510000 349.000000 -1.000000 8.000000
2014-01-24T00:00:00Z 270.150000 1015.000000 53.000000 2.000000 340.000000 -1.000000 20.000000
2014-01-24T01:00:00Z 272.590000 1008.000000 52.000000 1.030000 355.000000 -1.000000 20.000000
2014-01-24T02:00:00Z 272.590000 1008.000000 52.000000 1.030000 355.000000 -1.000000 20.000000
2014-01-24T03:00:00Z 271.060000 1007.000000 52.000000 0.510000 323.000000 -1.000000 20.000000
2014-01-24T04:00:00Z 271.700000 1015.000000 46.000000 2.000000 320.000000 -1.000000 68.000000
2014-01-24T05:00:00Z 270.150000 1014.000000 49.000000 4.000000 350.000000 -1.000000 68.000000
2014-01-24T06:00:00Z 270.890000 1008.000000 51.000000 0.510000 215.000000 -1.000000 76.000000
2014-01-24T07:00:00Z 270.890000 1008.000000 51.000000 0.510000 215.000000 -1.000000 76.000000
2014-01-24T08:00:00Z 270.540000 1009.000000 54.000000 2.660000 353.501000 -1.000000 76.000000
2014-01-24T09:00:00Z 272.150000 1017.000000 42.000000 2.000000 360.000000 -1.000000 88.000000
2014-01-24T10:00:00Z 274.200000 1010.000000 44.000000 3.610000 7.000640 -1.000000 88.000000
2014-01-24T11:00:00Z 274.200000 1010.000000 44.000000 3.610000 7.000640 -1.000000 88.000000
2014-01-24T12:00:00Z 276.870000 1011.000000 38.000000 0.510000 360.000000 -1.000000 88.000000
2014-01-24T13:00:00Z 278.150000 1009.000000 33.000000 1.030000 350.000000 -1.000000 88.000000
2014-02-01T11:00:00Z 276.480000 1010.000000 70.000000 2.110000 326.001000 -1.000000 92.000000
2014-02-01T12:00:00Z 276.480000 1010.000000 70.000000 2.110000 326.001000 -1.000000 92.000000
2014-02-01T13:00:00Z 277.040000 1009.000000 69.000000 1.970000 13.506700 -1.000000 44.000000
2014-02-01T14:00:00Z 280.142000 1017.050000 65.000000 1.210000 75.500500 -1.000000 0.000000
2014-02-01T15:00:00Z 281.173000 1023.360000 58.000000 2.260000 71.000300 -1.000000 0.000000
2014-02-01T16:00:00Z 277.590000 1007.000000 77.000000 0.510000 147.000000 -1.000000 0.000000
2014-02-01T17:00:00Z 279.928000 1015.470000 61.000000 2.250000 186.000000 -1.000000 0.000000
2014-02-01T18:00:00Z 279.928000 1015.470000 61.000000 2.250000 186.000000 -1.000000 0.000000
2014-02-01T19:00:00Z 276.480000 1006.000000 85.000000 0.510000 144.000000 -1.000000 0.000000
2014-02-01T20:00:00Z 273.762000 1020.620000 79.000000 3.420000 178.502000 -1.000000 0.000000
2014-02-01T21:00:00Z 273.052000 1015.140000 78.000000 2.550000 188.501000 -1.000000 0.000000
2014-02-01T22:00:00Z 275.930000 1005.000000 87.000000 1.030000 190.000000 -1.000000 0.000000
2014-02-01T23:00:00Z 275.930000 1005.000000 87.000000 1.540000 128.000000 -1.000000 0.000000
2014-02-02T00:00:00Z 275.930000 1004.000000 87.000000 2.840000 205.500000 -1.000000 0.000000
2014-02-02T01:00:00Z 275.930000 1004.000000 87.000000 0.510000 149.000000 -1.000000 0.000000
2014-02-02T02:00:00Z 275.930000 1004.000000 88.000000 1.030000 190.000000 -1.000000 0.000000
2014-02-02T03:00:00Z 275.930000 1004.000000 88.000000 1.440000 210.505000 -1.000000 0.000000
2014-02-02T04:00:00Z 266.880000 1014.420000 72.000000 1.700000 354.500000 -1.000000 0.000000
2014-02-02T05:00:00Z 275.930000 1004.000000 87.000000 1.340000 331.002000 -1.000000 0.000000
2014-02-02T06:00:00Z 266.880000 1014.420000 72.000000 1.700000 354.500000 -1.000000 0.000000
2014-02-02T07:00:00Z 274.820000 1005.000000 90.000000 2.060000 24.000000 -1.000000 0.000000
2014-02-02T08:00:00Z 269.920000 1017.240000 74.000000 3.900000 358.000000 -1.000000 0.000000
2014-02-02T09:00:00Z 276.480000 1006.000000 78.000000 2.060000 342.000000 -1.000000 0.000000
2014-03-28T18:00:00Z 293.960000 998.000000 50.000000 1.030000 134.000000 -1.000000 0.000000
2014-03-28T19:00:00Z 290.910000 1007.000000 51.000000 3.000000 150.000000 -1.000000 56.000000
2014-03-28T20:00:00Z 290.910000 1007.000000 51.000000 3.000000 150.000000 -1.000000 56.000000
2014-03-28T21:00:00Z 289.130000 1010.000000 58.000000 2.000000 170.000000 -1.000000 0.000000
2014-03-28T22:00:00Z 289.130000 1010.000000 58.000000 2.000000 170.000000 -1.000000 0.000000
2014-03-28T23:00:00Z 286.890000 1011.000000 71.000000 1.000000 140.000000 -1.000000 0.000000
2014-03-29T00:00:00Z 285.150000 1011.000000 76.000000 1.000000 140.000000 -1.000000 0.000000
2014-03-29T01:00:00Z 283.150000 1011.000000 76.000000 3.000000 330.000000 -1.000000 0.000000
2014-10-31T06:00:00Z 284.150000 1021.000000 87.000000 1.000000 20.000000 -1.000000 12.000000
2014-10-31T07:00:00Z 285.150000 1021.000000 81.000000 1.000000 360.000000 -1.000000 92.000000
2014-10-31T08:00:00Z 285.150000 1021.000000 81.000000 1.000000 360.000000 -1.000000 92.000000
2014-10-31T09:00:00Z 287.150000 1022.000000 76.000000 1.000000 0.000000 -1.000000 92.000000
2014-10-31T10:00:00Z 287.150000 1022.000000 76.000000 1.000000 0.000000 -1.000000 92.000000
2014-10-31T11:00:00Z 287.150000 1021.000000 76.000000 1.000000 0.000000 -1.000000 92.000000
2014-10-31T12:00:00Z 288.150000 1021.000000 72.000000 1.000000 0.000000 -1.000000 80.000000
2014-10-31T13:00:00Z 288.150000 1021.000000 72.000000 1.000000 0.000000 -1.000000 80.000000
2014-10-31T14:00:00Z 288.150000 1020.000000 72.000000 2.000000 130.000000 -1.000000 92.000000
2014-10-31T15:00:00Z 288.150000 1019.000000 67.000000 2.000000 120.000000 -1.000000 92.000000
2014-10-31T16:00:00Z 287.150000 1018.000000 71.000000 1.000000 120.000000 -1.000000 92.000000
2014-10-31T17:00:00Z 287.150000 1018.000000 71.000000 1.000000 120.000000 -1.000000 92.000000
2014-10-31T18:00:00Z 287.150000 1018.000000 71.000000 1.000000 120.000000 -1.000000 92.000000
2014-10-31T19:00:00Z 287.150000 1020.000000 76.000000 2.000000 210.000000 -1.000000 64.000000
2014-10-31T20:00:00Z 287.150000 1020.000000 76.000000 2.000000 210.000000 -1.000000 64.000000
2014-10-31T21:00:00Z 287.150000 1020.000000 76.000000 2.000000 210.000000 -1.000000 64.000000
2014-10-31T22:00:00Z 287.150000 1020.000000 76.000000 2.000000 210.000000 -1.000000 64.000000
2014-10-31T23:00:00Z 287.150000 1020.000000 76.000000 2.000000 210.000000 -1.000000 64.000000
2014-11-01T00:00:00Z 282.150000 1019.000000 93.000000 1.460000 3.001340 -1.000000 56.000000
2014-11-01T01:00:00Z 282.150000 1019.000000 93.000000 1.460000 3.001340 -1.000000 56.000000
2014-11-01T04:00:00Z 279.150000 1019.000000 100.000000 1.000000 0.000000 -1.000000 36.000000
2014-11-01T05:00:00Z 277.150000 1019.000000 100.000000 2.000000 360.000000 -1.000000 44.000000
2014-10-25T07:00:00Z 282.150000 1011.000000 100.000000 1.000000 320.000000 -1.000000 32.000000
2014-10-25T08:00:00Z 283.150000 1012.000000 100.000000 2.000000 350.000000 -1.000000 32.000000
2014-10-25T09:00:00Z 285.150000 1012.000000 93.000000 3.000000 340.000000 -1.000000 20.000000
2014-10-25T10:00:00Z 289.150000 1012.000000 77.000000 1.000000 0.000000 -1.000000 20.000000
2014-10-25T11:00:00Z 289.150000 1012.000000 77.000000 1.000000 0.000000 -1.000000 20.000000
2014-10-25T12:00:00Z 290.150000 1012.000000 77.000000 1.000000 0.000000 -1.000000 20.000000
2014-10-25T13:00:00Z 291.150000 1011.000000 72.000000 2.000000 190.000000 -1.000000 0.000000
2014-10-25T14:00:00Z 292.150000 1010.000000 68.000000 2.000000 160.000000 -1.000000 0.000000
2014-10-25T15:00:00Z 292.150000 1010.000000 68.000000 2.000000 160.000000 -1.000000 0.000000
2014-10-25T16:00:00Z 290.150000 1010.000000 77.000000 1.000000 130.000000 -1.000000 0.000000
2014-10-25T17:00:00Z 290.150000 1010.000000 77.000000 1.000000 130.000000 -1.000000 0.000000
2014-10-25T18:00:00Z 288.150000 1011.000000 87.000000 1.000000 0.000000 -1.000000 0.000000
2014-10-25T19:00:00Z 286.150000 1011.000000 93.000000 1.000000 90.000000 -1.000000 0.000000
2014-10-25T20:00:00Z 287.150000 1012.000000 93.000000 2.000000 160.000000 -1.000000 0.000000
2014-10-25T21:00:00Z 287.150000 1012.000000 93.000000 2.000000 160.000000 -1.000000 0.000000
2014-10-25T22:00:00Z 286.150000 1014.000000 93.000000 2.000000 20.000000 -1.000000 0.000000
2014-10-25T23:00:00Z 286.150000 1014.000000 93.000000 2.000000 20.000000 -1.000000 0.000000
2014-10-26T00:00:00Z 286.150000 1014.000000 100.000000 2.000000 350.000000 -1.000000 0.000000
2014-10-26T01:00:00Z 285.150000 1015.000000 93.000000 3.000000 350.000000 -1.000000 0.000000
2014-10-26T02:00:00Z 285.150000 1015.000000 93.000000 3.000000 350.000000 -1.000000 0.000000
2014-10-26T03:00:00Z 284.150000 1017.000000 93.000000 3.000000 350.000000 -1.000000 0.000000
2014-10-26T04:00:00Z 284.150000 1017.000000 93.000000 3.000000 350.000000 -1.000000 0.000000
2014-10-26T05:00:00Z 287.150000 1019.000000 47.000000 4.000000 10.000000 -1.000000 0.000000
2014-10-19T21:00:00Z 290.150000 1015.000000 77.000000 3.000000 160.000000 -1.000000 76.000000
2014-10-19T22:00:00Z 289.150000 1015.000000 82.000000 2.000000 160.000000 -1.000000 56.000000
2014-10-19T23:00:00Z 289.150000 1016.000000 82.000000 2.000000 160.000000 -1.000000 56.000000
2014-10-20T00:00:00Z 289.150000 1016.000000 82.000000 2.000000 160.000000 -1.000000 56.000000
2014-10-20T01:00:00Z 288.150000 1016.000000 87.000000 2.000000 100.000000 -1.000000 68.000000
2014-10-20T02:00:00Z 288.150000 1016.000000 93.000000 1.000000 80.000000 -1.000000 64.000000
2014-10-20T03:00:00Z 286.150000 1015.000000 93.000000 1.000000 40.000000 -1.000000 80.000000
2014-10-20T04:00:00Z 284.150000 1015.000000 100.000000 1.000000 0.000000 -1.000000 48.000000
2014-10-20T05:00:00Z 284.150000 1015.000000 100.000000 1.000000 0.000000 -1.000000 48.000000
2014-10-20T06:00:00Z 283.150000 1016.000000 100.000000 1.000000 20.000000 -1.000000 80.000000
2014-10-20T07:00:00Z 286.150000 1017.000000 93.000000 1.000000 0.000000 -1.000000 92.000000
2014-10-20T08:00:00Z 286.150000 1017.000000 93.000000 1.000000 0.000000 -1.000000 92.000000
2014-10-20T09:00:00Z 286.150000 1018.000000 100.000000 1.650000 55.501700 -1.000000 92.000000
2014-10-20T10:00:00Z 291.150000 1018.000000 72.000000 3.000000 50.000000 -1.000000 92.000000
2014-10-20T11:00:00Z 289.150000 1018.000000 82.000000 5.000000 120.000000 -1.000000 56.000000
2014-10-20T16:00:00Z 290.150000 1018.000000 77.000000 1.000000 0.000000 -1.000000 80.000000
2014-10-20T20:00:00Z 289.150000 1022.000000 82.000000 2.000000 150.000000 -1.000000 88.000000
2014-10-20T21:00:00Z 289.150000 1022.000000 82.000000 2.000000 150.000000 -1.000000 88.000000
2014-10-20T22:00:00Z 288.150000 1023.000000 72.000000 3.000000 160.000000 -1.000000 76.000000
2014-10-20T23:00:00Z 287.150000 1024.000000 71.000000 2.000000 160.000000 -1.000000 76.000000
2014-10-10T23:00:00Z 288.150000 1021.000000 93.000000 1.000000 0.000000 -1.000000 0.000000
2014-10-11T00:00:00Z 288.150000 1021.000000 93.000000 1.000000 80.000000 -1.000000 0.000000
2014-10-11T01:00:00Z 288.150000 1021.000000 100.000000 2.000000 90.000000 -1.000000 0.000000
2014-10-11T02:00:00Z 288.150000 1021.000000 100.000000 2.000000 90.000000 -1.000000 0.000000
2014-10-11T03:00:00Z 288.150000 1021.000000 100.000000 2.000000 90.000000 -1.000000 0.000000
2014-10-11T04:00:00Z 288.150000 1020.000000 93.000000 2.000000 120.000000 -1.000000 0.000000
2014-10-11T05:00:00Z 288.150000 1020.000000 100.000000 2.000000 140.000000 -1.000000 90.000000
2014-10-11T06:00:00Z 288.150000 1020.000000 100.000000 2.000000 140.000000 -1.000000 90.000000
2014-10-11T07:00:00Z 288.150000 1021.000000 100.000000 2.000000 150.000000 -1.000000 90.000000
2014-10-11T08:00:00Z 288.150000 1021.000000 100.000000 2.000000 150.000000 -1.000000 90.000000
2014-10-11T09:00:00Z 288.150000 1021.000000 100.000000 2.000000 150.000000 -1.000000 90.000000
2014-10-11T10:00:00Z 290.150000 1021.000000 88.000000 2.000000 120.000000 -1.000000 75.000000
2014-10-11T11:00:00Z 290.150000 1021.000000 88.000000 2.000000 120.000000 -1.000000 75.000000
2014-10-11T12:00:00Z 291.150000 1021.000000 82.000000 1.000000 0.000000 -1.000000 40.000000
2014-10-11T13:00:00Z 291.150000 1021.000000 82.000000 1.000000 0.000000 -1.000000 40.000000
2014-10-11T14:00:00Z 293.150000 1020.000000 72.000000 2.000000 50.000000 -1.000000 75.000000
2014-10-11T15:00:00Z 293.150000 1020.000000 72.000000 2.000000 50.000000 -1.000000 75.000000
2014-10-11T16:00:00Z 292.150000 1021.000000 77.000000 3.000000 280.000000 -1.000000 90.000000
2014-10-11T17:00:00Z 292.150000 1021.000000 77.000000 3.000000 280.000000 -1.000000 90.000000
2014-10-11T18:00:00Z 293.150000 1023.000000 42.000000 8.000000 320.000000 -1.000000 0.000000
