2013-05-28T00:00:00 0 0 0 0 0
2013-05-28T01:00:00 0 0 0 0 0
2013-05-28T02:00:00 0 0 0 0 0
2013-05-28T03:00:00 0 0 0 0 0
2013-05-28T04:00:00 0 0 0 0 0
2013-05-28T05:00:00 0 0 0 0 0
2013-05-28T06:00:00 0 0 0 0 0
2013-05-28T07:00:00 0 0 0 0 0
2013-05-28T08:00:00 0 0 0 0 0
2013-05-28T09:00:00 0 0 0 0 0
2013-05-28T10:00:00 0 0 0 0 0
2013-05-28T11:00:00 0 0 0 0 0
2013-05-28T12:00:00 0 0 0 0 0
2013-05-28T13:00:00 0 0 0 0 0
2013-05-28T14:00:00 0 0 0 0 0
2013-05-28T15:00:00 0 0 0 0 0
2013-05-28T16:00:00 0 0 0 0 0
2013-05-28T17:00:00 0 0 0 0 0
2013-05-28T18:00:00 0 0 0 0 0
2013-05-28T19:00:00 0 0 0 0 0
2013-05-28T20:00:00 0 0 0 0 0
2013-05-28T21:00:00 0 0 0 0 0
2013-05-28T22:00:00 0 0 0 0 0
2013-05-28T23:00:00 0 0 0 0 0
2013-05-29T00:00:00 0 0 0 0 0
2013-05-29T01:00:00 0 0 0 0 0
2013-05-29T02:00:00 0 0 0 0 0
2013-05-29T03:00:00 0 0 0 0 0
2013-05-29T04:00:00 0 0 0 0 0
2013-05-29T05:00:00 0 0 0 0 0
2013-05-29T06:00:00 0 0 0 0 0
2013-05-29T07:00:00 0 0 0 0 0
2013-05-29T08:00:00 0 0 0 0 0
2013-05-29T09:00:00 0 0 0 0 0
2013-05-29T10:00:00 0 0 0 0 0
2013-05-29T11:00:00 0 0 0 0 0
2013-05-29T12:00:00 0 0 0 0 0
2013-05-29T13:00:00 0 0 0 0 0
2013-05-29T14:00:00 0 0 0 0 0
2013-05-29T15:00:00 0 0 0 0 0
2013-05-29T16:00:00 0 0 0 0 0
2013-05-29T17:00:00 0 0 0 0 0
2013-05-29T18:00:00 0 0 0 0 0
2013-05-29T19:00:00 0 0 0 0 0
2013-05-29T20:00:00 0 0 0 0 0
2013-05-29T21:00:00 0 0 0 0 0
2013-05-29T22:00:00 0 0 0 0 0
2013-05-29T23:00:00 0 0 0 0 0
2013-05-30T00:00:00 0 0 0 0 0
2013-05-30T01:00:00 0 0 0 0 0
2013-05-30T02:00:00 0 0 0 0 0
2013-05-30T03:00:00 0 0 0 0 0
2013-05-30T04:00:00 0 0 0 0 0
2013-05-30T05:00:00 0 0 0 0 0
2013-05-30T06:00:00 0 0 0 0 0
2013-05-30T07:00:00 0 0 0 0 0
2013-05-30T08:00:00 0 0 0 0 0
2013-05-30T09:00:00 0 0 0 0 0
2013-05-30T10:00:00 0 0 0 0 0
2013-05-30T11:00:00 0 0 0 0 0
2013-05-30T12:00:00 0 0 0 0 0
2013-05-30T13:00:00 0 0 0 0 0
2013-05-30T14:00:00 0 0 0 0 0
2013-05-30T15:00:00 0 0 0 0 0
2013-05-30T16:00:00 0 0 0 0 0
2013-05-30T17:00:00 0 0 0 0 0
2013-05-30T18:00:00 0 0 0 0 0
2013-05-30T19:00:00 0 0 0 0 0
2013-05-30T20:00:00 0 0 0 0 0
2013-05-30T21:00:00 0 0 0 0 0
2013-05-30T22:00:00 0 0 0 0 0
2013-05-30T23:00:00 0 0 0 0 0
2013-06-10T00:00:00 0 0 0 0 0
2013-06-10T01:00:00 0 0 0 0 0
2013-06-10T02:00:00 0 0 0 0 0
2013-06-10T03:00:00 0 0 0 0 0
2013-06-10T04:00:00 0 0 0 0 0
2013-06-10T05:00:00 0 0 0 0 0
2013-06-10T06:00:00 0 0 0 0 0
2013-06-10T07:00:00 0 0 0 0 0
2013-06-10T08:00:00 0 0 0 0 0
2013-06-10T09:00:00 0 0 0 0 0
2013-06-10T10:00:00 0 0 0 0 0
2013-06-10T11:00:00 0 0 0 0 0
2013-06-10T12:00:00 0 0 0 0 0
2013-06-10T13:00:00 0 0 0 0 0
2013-06-10T14:00:00 0 0 0 0 0
2013-06-10T15:00:00 0 0 0 0 0
2013-06-10T16:00:00 0 0 0 0 0
2013-06-10T17:00:00 0 0 0 0 0
2013-06-10T18:00:00 0 0 0 0 0
2013-06-10T19:00:00 0 0 0 0 0
2013-06-10T20:00:00 0 0 0 0 0
2013-06-10T21:00:00 0 0 0 0 0
2013-06-10T22:00:00 0 0 0 0 0
2013-06-10T23:00:00 0 0 0 0 0
2013-06-11T00:00:00 0 0 0 0 0
2013-06-11T01:00:00 0 0 0 0 0
2013-06-11T02:00:00 0 0 0 0 0
2013-06-11T03:00:00 0 0 0 0 0
2013-06-11T04:00:00 0 0 0 0 0
2013-06-11T05:00:00 0 0 0 0 0
2013-06-11T06:00:00 0 0 0 0 0
2013-06-11T07:00:00 0 0 0 0 0
2013-06-11T08:00:00 0 0 0 0 0
2013-06-11T09:00:00 0 0 0 0 0
2013-06-11T10:00:00 0 0 0 0 0
2013-06-11T11:00:00 0 0 0 0 0
2013-06-11T12:00:00 0 0 0 0 0
2013-06-11T13:00:00 0 0 0 0 0
2013-06-11T14:00:00 0 0 0 0 0
2013-06-11T15:00:00 0 0 0 0 0
2013-06-11T16:00:00 0 0 0 0 0
2013-06-11T17:00:00 0 0 0 0 0
2013-06-11T18:00:00 0 0 0 0 0
2013-06-11T19:00:00 0 0 0 0 0
2013-06-11T20:00:00 0 0 0 0 0
2013-06-11T21:00:00 0 0 0 0 0
2013-06-11T22:00:00 0 0 0 0 0
2013-06-11T23:00:00 0 0 0 0 0
2013-06-18T00:00:00 0 0 0 0 0
2013-06-18T01:00:00 0 0 0 0 0
2013-06-18T02:00:00 0 0 0 0 0
2013-06-18T03:00:00 0 0 0 0 0
2013-06-18T04:00:00 0 0 0 0 0
2013-06-18T05:00:00 0 0 0 0 0
2013-06-18T06:00:00 0 0 0 0 0
2013-06-18T07:00:00 0 0 0 0 0
2013-06-18T08:00:00 0 0 0 0 0
2013-06-18T09:00:00 0 0 0 0 0
2013-06-18T10:00:00 0 0 0 0 0
2013-06-18T11:00:00 0 0 0 0 0
2013-06-18T12:00:00 0 0 0 0 0
2013-06-18T13:00:00 0 0 0 0 0
2013-06-18T14:00:00 0 0 0 0 0
2013-06-18T15:00:00 0 0 0 0 0
2013-06-18T16:00:00 0 0 0 0 0
2013-06-18T17:00:00 0 0 0 0 0
2013-06-18T18:00:00 0 0 0 0 0
2013-06-18T19:00:00 0 0 0 0 0
2013-06-18T20:00:00 0 0 0 0 0
2013-06-18T21:00:00 0 0 0 0 0
2013-06-18T22:00:00 0 0 0 0 0
2013-06-18T23:00:00 0 0 0 0 0
2013-06-19T00:00:00 0 0 0 0 0
2013-06-19T01:00:00 0 0 0 0 0
2013-06-19T02:00:00 0 0 0 0 0
2013-06-19T03:00:00 0 0 0 0 0
2013-06-19T04:00:00 0 0 0 0 0
2013-06-19T05:00:00 0 0 0 0 0
2013-06-19T06:00:00 0 0 0 0 0
2013-06-19T07:00:00 0 0 0 0 0
2013-06-19T08:00:00 0 0 0 0 0
2013-06-19T09:00:00 0 0 0 0 0
2013-06-19T10:00:00 0 0 0 0 0
2013-06-20T01:00:00 0 0 0 0 0
2013-06-20T02:00:00 0 0 0 0 0
2013-06-20T03:00:00 0 0 0 0 0
2013-06-20T04:00:00 0 0 0 0 0
2013-06-20T05:00:00 0 0 0 0 0
2013-06-20T06:00:00 0 0 0 0 0
2013-06-20T07:00:00 0 0 0 0 0
2013-06-20T08:00:00 0 0 0 0 0
2013-06-20T09:00:00 0 0 0 0 0
2013-06-20T10:00:00 0 0 0 0 0
2013-06-20T11:00:00 0 0 0 0 0
2013-06-20T12:00:00 0 0 0 0 0
2013-06-20T13:00:00 0 0 0 0 0
2013-06-20T14:00:00 0 0 0 0 0
2013-06-20T15:00:00 0 0 0 0 0
2013-06-20T16:00:00 0 0 0 0 0
2013-06-20T17:00:00 0 0 0 0 0
2013-06-20T18:00:00 0 0 0 0 0
2013-06-20T19:00:00 0 0 0 0 0
2013-06-20T20:00:00 0 0 0 0 0
2013-06-20T21:00:00 0 0 0 0 0
2013-06-20T22:00:00 0 0 0 0 0
2013-06-20T23:00:00 0 0 0 0 0
2013-06-21T00:00:00 0 0 0 0 0
2013-06-21T01:00:00 0 0 0 0 0
2013-06-21T02:00:00 0 0 0 0 0
2013-06-21T03:00:00 0 0 0 0 0
2013-06-21T04:00:00 0 0 0 0 0
2013-06-21T05:00:00 0 0 0 0 0
2013-06-21T06:00:00 0 0 0 0 0
2013-06-21T07:00:00 0 0 0 0 0
2013-06-21T08:00:00 0 0 0 0 0
2013-06-21T09:00:00 0 0 0 0 0
2013-06-21T10:00:00 0 0 0 0 0
2013-06-21T11:00:00 0 0 0 0 0
2013-06-21T12:00:00 0 0 0 0 0
2013-06-21T13:00:00 0 0 0 0 0
2013-06-21T14:00:00 0 0 0 0 0
2013-06-21T15:00:00 0 0 0 0 0
2013-06-21T16:00:00 0 0 0 0 0
2013-06-21T17:00:00 0 0 0 0 0
2013-06-21T18:00:00 0 0 0 0 0
2013-06-21T19:00:00 0 0 0 0 0
2013-06-21T20:00:00 0 0 0 0 0
2013-06-21T21:00:00 0 0 0 0 0
2013-06-21T22:00:00 0 0 0 0 0
2013-06-21T23:00:00 0 0 0 0 0
2013-06-22T00:00:00 0 0 0 0 0
2013-06-22T01:00:00 0 0 0 0 0
2013-06-22T02:00:00 0 0 0 0 0
2013-06-22T03:00:00 0 0 0 0 0
2013-06-22T04:00:00 0 0 0 0 0
2013-06-22T05:00:00 0 0 0 0 0
2013-06-22T06:00:00 0 0 0 0 0
2013-06-22T07:00:00 0 0 0 0 0
2013-06-22T08:00:00 0 0 0 0 0
2013-06-22T09:00:00 0 0 0 0 0
2013-06-22T10:00:00 0 0 0 0 0
2013-06-22T11:00:00 0 0 0 0 0
2013-06-22T12:00:00 0 0 0 0 0
2013-06-22T13:00:00 0 0 0 0 0
2013-06-22T14:00:00 0 0 0 0 0
2013-06-22T15:00:00 0 0 0 0 0
2013-06-22T16:00:00 0 0 0 0 0
2013-06-22T17:00:00 0 0 0 0 0
2013-06-22T18:00:00 0 0 0 0 0
2013-06-22T19:00:00 0 0 0 0 0
2013-06-22T20:00:00 0 0 0 0 0
2013-06-22T21:00:00 0 0 0 0 0
2013-06-22T22:00:00 0 0 0 0 0
2013-06-22T23:00:00 0 0 0 0 0
2013-06-23T00:00:00 0 0 0 0 0
2013-06-23T01:00:00 0 0 0 0 0
2013-06-23T02:00:00 0 0 0 0 0
2013-06-23T03:00:00 0 0 0 0 0
2013-06-23T04:00:00 0 0 0 0 0
2013-06-23T05:00:00 0 0 0 0 0
2013-06-23T06:00:00 0 0 0 0 0
2013-06-23T07:00:00 0 0 0 0 0
2013-06-23T08:00:00 0 0 0 0 0
2013-06-23T09:00:00 0 0 0 0 0
2013-06-23T10:00:00 0 0 0 0 0
2013-06-23T11:00:00 0 0 0 0 0
2013-06-23T12:00:00 0 0 0 0 0
2013-06-23T13:00:00 0 0 0 0 0
2013-06-23T14:00:00 0 0 0 0 0
2013-06-23T15:00:00 0 0 0 0 0
2013-06-23T16:00:00 0 0 0 0 0
2013-06-23T17:00:00 0 0 0 0 0
2013-06-23T18:00:00 0 0 0 0 0
2013-06-23T19:00:00 0 0 0 0 0
2013-06-23T20:00:00 0 0 0 0 0
2013-06-23T21:00:00 0 0 0 0 0
2013-06-23T22:00:00 0 0 0 0 0
2013-06-23T23:00:00 0 0 0 0 0
2013-06-24T00:00:00 0 0 0 0 0
2013-06-24T01:00:00 0 0 0 0 0
2013-06-24T02:00:00 0 0 0 0 0
2013-06-24T03:00:00 0 0 0 0 0
2013-06-24T04:00:00 0 0 0 0 0
2013-06-24T05:00:00 0 0 0 0 0
2013-06-24T06:00:00 0 0 0 0 0
2013-06-24T07:00:00 0 0 0 0 0
2013-06-24T08:00:00 0 0 0 0 0
2013-06-24T09:00:00 0 0 0 0 0
2013-06-24T10:00:00 0 0 0 0 0
2013-06-24T11:00:00 0 0 0 0 0
2013-07-23T00:00:00 0.489625840512 0.510374159488 32 32 64
2013-07-23T01:00:00 0.500680833801 0.499319166199 31 29 60
2013-07-23T02:00:00 0.508999856306 0.491000143694 23 21 44
2013-07-23T03:00:00 0.550884610562 0.449115389438 22 13 35
2013-07-23T04:00:00 0.570874390618 0.429125609382 19 9 28
2013-07-23T05:00:00 0.550898223898 0.449101776102 9 5 14
2013-07-23T06:00:00 0.569570489132 0.430429510868 6 3 9
2013-07-23T07:00:00 0.492905186612 0.507094813388 6 6 12
2013-07-23T08:00:00 0.415649981879 0.584350018121 6 15 21
2013-07-23T09:00:00 0.389529453648 0.610470546352 5 18 23
2013-07-23T10:00:00 0.444894410061 0.555105589939 12 20 32
2013-07-23T11:00:00 0.446412507997 0.553587492003 16 27 43
2013-07-23T12:00:00 0.43757169209 0.56242830791 18 33 51
2013-07-23T13:00:00 0.424374776069 0.575625223931 19 39 58
2013-07-23T14:00:00 0.428362796716 0.571637203284 18 34 52
2013-07-23T15:00:00 0.431316164924 0.568683835076 18 33 51
2013-07-23T16:00:00 0.397231473986 0.602768526014 13 35 48
2013-07-23T17:00:00 0.409181911681 0.590818088319 14 30 44
2013-07-23T18:00:00 0.406396544711 0.593603455289 13 26 39
2013-07-23T19:00:00 0.438714081753 0.561285918247 14 19 33
2013-07-23T20:00:00 0.457618157806 0.542381842194 17 19 36
2013-07-23T21:00:00 0.478643426164 0.521356573836 23 22 45
2013-07-23T22:00:00 0.501526301547 0.498473698454 27 21 48
2013-07-23T23:00:00 0.467582113268 0.532417886732 28 33 61
2013-07-24T00:00:00 0.477249304458 0.522750695542 33 38 71
2013-07-24T01:00:00 0.482991322404 0.517008677596 33 36 69
2013-07-24T02:00:00 0.484981540793 0.515018459207 30 33 63
2013-07-24T03:00:00 0.46841366035 0.53158633965 23 29 52
2013-07-24T04:00:00 0.453295700414 0.546704299586 18 27 45
2013-07-24T05:00:00 0.482121999958 0.517878000042 12 13 25
2013-07-24T06:00:00 0.48877706251 0.51122293749 6 5 11
2013-07-24T07:00:00 0.416554964559 0.583445035441 4 6 10
2013-07-24T08:00:00 0.384819337226 0.615180662774 4 9 13
2013-07-24T09:00:00 0.40655024283 0.59344975717 7 13 20
2013-07-24T10:00:00 0.438246739974 0.561753260026 13 19 32
2013-07-24T11:00:00 0.44007273028 0.55992726972 17 26 43
2013-07-24T12:00:00 0.431760719124 0.568239280876 21 33 54
2013-07-24T13:00:00 0.432290732217 0.567709267783 22 36 58
2013-07-24T14:00:00 0.443018073105 0.556981926895 29 41 70
2013-07-24T15:00:00 0.44835418433 0.55164581567 31 44 75
2013-07-24T16:00:00 0.442231808756 0.557768191244 28 42 70
2013-07-24T17:00:00 0.43897892665 0.56102107335 25 38 63
2013-07-24T18:00:00 0.451518978845 0.548481021155 26 36 62
2013-07-24T19:00:00 0.451399827727 0.548600172273 29 41 70
2013-07-24T20:00:00 0.456663124957 0.543336875043 26 37 63
2013-07-24T21:00:00 0.448357490303 0.551642509697 23 35 58
2013-07-24T22:00:00 0.443550222532 0.556449777468 24 39 63
2013-07-24T23:00:00 0.442081712959 0.557918287041 28 47 75
2013-07-25T00:00:00 0.432811284515 0.567188715485 27 51 78
2013-07-25T01:00:00 0.434545069529 0.565454930471 24 44 68
2013-07-25T02:00:00 0.426642556534 0.573357443466 20 40 60
2013-07-25T03:00:00 0.429635599215 0.570364400785 19 37 56
2013-07-25T04:00:00 0.434086796724 0.565913203276 15 28 43
2013-07-25T05:00:00 0.441347294124 0.558652705876 12 20 32
2013-07-25T06:00:00 0.49807430638 0.50192569362 12 11 23
2013-07-25T07:00:00 0.444150299491 0.555849700509 11 15 26
2013-07-25T08:00:00 0.467664318936 0.532335681064 14 15 29
2013-07-25T09:00:00 0.481697400373 0.518302599627 19 17 36
2013-07-25T10:00:00 0.469353654421 0.530646345579 22 23 45
2013-07-25T11:00:00 0.455561613159 0.544438386841 25 30 55
2013-07-25T12:00:00 0.437264915734 0.562735084266 26 36 62
2013-07-25T13:00:00 0.461139628956 0.538860371044 27 31 58
2013-07-25T14:00:00 0.446437960729 0.553562039271 28 37 65
2013-07-25T15:00:00 0.434759098255 0.565240901745 23 35 58
2013-07-25T16:00:00 0.430621700783 0.569378299217 22 35 57
2013-07-25T17:00:00 0.414166834238 0.585833165762 17 35 52
2013-07-25T18:00:00 0.420592166016 0.579407833984 15 32 47
2013-07-25T19:00:00 0.394359592486 0.605640407514 13 37 50
2013-07-25T20:00:00 0.394526931036 0.605473068964 13 36 49
2013-07-25T21:00:00 0.409646115976 0.590353884024 15 36 51
2013-07-25T22:00:00 0.416441060788 0.583558939212 17 38 55
2013-07-25T23:00:00 0.447950069002 0.552049930998 24 36 60
2013-08-01T00:00:00 0.470152567188 0.529847432812 33 39 72
2013-08-01T01:00:00 0.470444442669 0.529555557331 29 36 65
2013-08-01T02:00:00 0.485962228924 0.514037771076 25 27 52
2013-08-01T03:00:00 0.476288091511 0.523711908489 18 22 40
2013-08-01T04:00:00 0.48903103616 0.51096896384 15 16 31
2013-08-01T05:00:00 0.4966192194 0.5033807806 8 7 15
2013-08-01T06:00:00 0.501944972062 0.498055027938 5 4 9
2013-08-01T07:00:00 0.439641941902 0.560358058098 4 6 10
2013-08-01T08:00:00 0.461216577152 0.538783422848 8 10 18
2013-08-01T09:00:00 0.49234021134 0.50765978866 12 11 23
2013-08-01T10:00:00 0.499544098074 0.500455901926 15 12 27
2013-08-01T11:00:00 0.489257384104 0.510742615896 20 19 39
2013-08-01T12:00:00 0.470368963787 0.529631036213 20 23 43
2013-08-01T13:00:00 0.494028595796 0.505971404204 22 20 42
2013-08-01T14:00:00 0.470829018918 0.529170981082 22 23 45
2013-08-01T15:00:00 0.458558184824 0.541441815176 21 25 46
2013-08-01T16:00:00 0.440625621045 0.559374378955 20 29 49
2013-08-01T17:00:00 0.438594016179 0.561405983821 21 32 53
2013-08-01T18:00:00 0.446696250791 0.553303749209 25 36 61
2013-08-01T19:00:00 0.438711646561 0.561288353439 23 36 59
2013-08-01T20:00:00 0.441361262213 0.558638737787 20 33 53
2013-08-01T21:00:00 0.440303604751 0.559696395249 19 31 50
2013-08-01T22:00:00 0.458950021551 0.541049978449 21 28 49
2013-08-01T23:00:00 0.449788042861 0.550211957139 15 22 37
2013-08-02T00:00:00 0.44557671722 0.55442328278 12 18 30
2013-08-02T01:00:00 0.447478167572 0.552521832428 12 18 30
2013-08-02T02:00:00 0.454846922071 0.545153077929 10 14 24
2013-08-02T03:00:00 0.430766972787 0.569233027213 7 14 21
2013-08-02T04:00:00 0.411585992047 0.588414007953 4 12 16
2013-08-02T05:00:00 0.382551503515 0.617448496485 2 9 11
2013-08-02T06:00:00 0.47173327571 0.52826672429 2 3 5
2013-08-02T07:00:00 0.563934606583 0.436065393417 4 2 6
2013-08-02T08:00:00 0.519471709806 0.480528290194 6 5 11
2013-08-02T09:00:00 0.535011914117 0.464988085883 10 6 16
2013-08-02T10:00:00 0.503602369109 0.496397630891 12 10 22
2013-08-02T11:00:00 0.481998853418 0.518001146582 15 16 31
2013-08-02T12:00:00 0.460664852759 0.539335147241 14 19 33
2013-08-02T13:00:00 0.441957774886 0.558042225114 13 21 34
2013-08-02T14:00:00 0.417777853593 0.582222146407 11 24 35
2013-08-02T15:00:00 0.397959830759 0.602040169241 9 27 36
2013-08-02T16:00:00 0.397904357205 0.602095642795 8 25 33
2013-08-02T17:00:00 0.37872780696 0.62127219304 6 26 32
2013-08-02T18:00:00 0.373170284693 0.626829715307 7 29 36
2013-08-02T19:00:00 0.394841331728 0.605158668272 12 35 47
2013-08-02T20:00:00 0.402110038234 0.597889961766 16 37 53
2013-08-02T21:00:00 0.396202265974 0.603797734026 16 39 55
2013-08-02T22:00:00 0.394804360817 0.605195639183 17 42 59
2013-08-02T23:00:00 0.397852023695 0.602147976305 19 46 65
2013-08-18T18:00:00 0.343476760359 0.656523239641 16 83 99
2013-08-18T19:00:00 0.352168649733 0.647831350267 17 69 86
2013-08-18T20:00:00 0.376394447787 0.623605552213 20 56 76
2013-08-18T21:00:00 0.382711594873 0.617288405127 22 56 78
2013-08-18T22:00:00 0.406195024498 0.593804975502 23 48 71
2013-08-18T23:00:00 0.410790959631 0.589209040369 19 38 57
2013-08-19T14:00:00 0.507409728107 0.492590271893 26 19 45
2013-08-19T15:00:00 0.488326565425 0.511673434575 23 21 44
2013-08-19T16:00:00 0.479005737941 0.520994262059 22 22 44
2013-08-19T17:00:00 0.451694423065 0.548305576935 17 22 39
2013-08-19T18:00:00 0.454602320091 0.545397679909 17 22 39
2013-08-20T09:00:00 0.48146996365 0.51853003635 8 9 17
2013-08-20T10:00:00 0.481909721091 0.518090278909 11 12 23
2013-08-20T11:00:00 0.479304527641 0.520695472359 17 18 35
2013-08-20T12:00:00 0.452535109802 0.547464890198 17 24 41
2013-08-20T13:00:00 0.455439909452 0.544560090548 18 25 43
2013-08-20T14:00:00 0.448619373633 0.551380626367 17 25 42
2013-08-20T15:00:00 0.449683028186 0.550316971814 16 23 39
2013-08-20T16:00:00 0.438806573819 0.561193426181 16 26 42
2013-08-20T17:00:00 0.424873218031 0.575126781969 11 22 33
2013-08-20T18:00:00 0.457916884337 0.542083115663 15 19 34
2013-08-20T19:00:00 0.464141461789 0.535858538211 16 19 35
2013-08-21T10:00:00 0.422611069806 0.577388930194 6 13 19
2013-08-21T11:00:00 0.413864912241 0.586135087759 8 20 28
2013-08-21T12:00:00 0.41407031958 0.58592968042 10 26 36
2013-08-21T13:00:00 0.448858653372 0.551141346628 15 25 40
2013-08-21T14:00:00 0.440149787973 0.559850212027 14 26 40
2013-08-21T15:00:00 0.457777187148 0.542222812852 15 23 38
2013-08-21T16:00:00 0.443250654354 0.556749345646 13 23 36
2013-08-21T17:00:00 0.455753590148 0.544246409852 13 19 32
2013-08-21T18:00:00 0.462637260117 0.537362739883 11 14 25
2013-08-21T19:00:00 0.412134544526 0.587865455474 7 16 23
2013-08-21T20:00:00 0.421796203681 0.578203796319 9 19 28
2013-08-21T21:00:00 0.429490726317 0.570509273683 10 21 31
2013-08-21T22:00:00 0.480254908341 0.519745091659 18 21 39
2013-08-21T23:00:00 0.482794342635 0.517205657365 19 22 41
2013-08-22T00:00:00 0.487030627792 0.512969372208 19 21 40
2013-08-22T01:00:00 0.478921356271 0.521078643729 18 22 40
2013-08-22T02:00:00 0.49576761936 0.50423238064 16 16 32
2013-08-22T03:00:00 0.499743976103 0.500256023897 13 12 25
2013-08-22T04:00:00 0.441003790855 0.558996209145 5 9 14
2013-08-22T05:00:00 0.448407596513 0.551592403487 3 5 8
2013-08-22T06:00:00 0.487557293197 0.512442706803 4 4 8
2013-08-22T07:00:00 0.495485075083 0.504514924917 7 5 12
2013-08-22T08:00:00 0.472516292505 0.527483707495 7 7 14
2013-08-22T09:00:00 0.455531495322 0.544468504678 9 12 21
2013-08-22T10:00:00 0.450914683854 0.549085316146 11 16 27
2013-08-22T11:00:00 0.468764119794 0.531235880206 14 18 32
2013-08-22T12:00:00 0.471863751443 0.528136248557 16 20 36
2013-08-22T13:00:00 0.472073164458 0.527926835542 15 19 34
2013-08-22T14:00:00 0.462828315771 0.537171684229 16 22 38
2013-08-22T15:00:00 0.449649093993 0.550350906007 16 25 41
2013-08-22T16:00:00 0.456131397181 0.543868602819 16 23 39
2013-08-22T17:00:00 0.425914411274 0.574085588726 14 26 40
2013-08-22T18:00:00 0.369347882671 0.630652117329 14 47 61
2013-08-22T19:00:00 0.336951142687 0.663048857313 12 69 81
2013-08-22T20:00:00 0.318388168991 0.681611831009 12 92 104
2013-08-22T21:00:00 0.317223042521 0.682776957479 15 111 126
2013-08-22T22:00:00 0.313086679408 0.686913320592 18 139 157
2013-08-22T23:00:00 0.309095017246 0.690904982754 21 178 199
2013-08-23T00:00:00 0.306707424719 0.693292575281 20 180 200
2013-08-23T01:00:00 0.308367101012 0.691632898988 19 164 183
2013-08-23T16:00:00 0.337529943268 0.662470056732 19 97 116
2013-08-23T17:00:00 0.34088266568 0.65911733432 19 94 113
2013-08-23T18:00:00 0.333165272532 0.666834727468 18 106 124
2013-08-23T19:00:00 0.335141872032 0.664858127968 19 106 125
2013-08-23T20:00:00 0.335766330419 0.664233669581 18 101 119
2013-08-23T21:00:00 0.340882898871 0.659117101129 21 105 126
2013-08-23T22:00:00 0.316669115968 0.683330884032 13 111 124
2013-08-23T23:00:00 0.31523621216 0.68476378784 14 118 132
2013-08-24T00:00:00 0.325311986949 0.674688013051 17 111 128
2013-08-24T01:00:00 0.329057056323 0.670942943677 16 102 118
2013-08-24T02:00:00 0.330588387119 0.669411612881 15 93 108
2013-08-24T03:00:00 0.322152193194 0.677847806806 10 75 85
2013-08-24T04:00:00 0.326289393036 0.673710606964 9 55 64
2013-08-24T05:00:00 0.353339685247 0.646660314753 8 33 41
2013-08-24T06:00:00 0.401196878019 0.598803121981 7 15 22
2013-08-24T07:00:00 0.383629957909 0.616370042091 6 16 22
2013-08-24T08:00:00 0.348317418645 0.651682581355 7 28 35
2013-08-24T09:00:00 0.373547789946 0.626452210054 16 49 65
2013-08-24T10:00:00 0.359000016167 0.640999983833 20 73 93
2013-08-24T11:00:00 0.347317982897 0.652682017103 23 103 126
2013-08-24T12:00:00 0.337512030073 0.662487969927 24 126 150
2013-08-24T13:00:00 0.336902987868 0.663097012132 27 140 167
2013-08-24T14:00:00 0.343315896647 0.656684103353 32 153 185
2013-08-24T15:00:00 0.329848673668 0.670151326332 25 154 179
2013-08-24T16:00:00 0.324874999833 0.675125000167 21 147 168
2013-08-24T17:00:00 0.319996357364 0.680003642636 19 142 161
2013-08-24T18:00:00 0.322419691057 0.677580308943 20 142 162
2013-08-24T19:00:00 0.319267901181 0.680732098819 17 139 156
2013-08-24T20:00:00 0.318257156157 0.681742843843 15 123 138
2013-08-24T21:00:00 0.316387530759 0.683612469241 15 128 143
2013-08-24T22:00:00 0.342841733731 0.657158266269 25 127 152
2013-08-24T23:00:00 0.347717995378 0.652282004622 26 127 153
2013-08-28T15:00:00 0.322729444352 0.677270555648 10 67 77
2013-08-28T16:00:00 0.326178524194 0.673821475806 10 59 69
2013-08-28T17:00:00 0.327968398298 0.672031601702 10 62 72
2013-08-28T18:00:00 0.343133144728 0.656866855272 12 58 70
2013-08-28T19:00:00 0.332673832637 0.667326167363 11 65 76
2013-08-28T20:00:00 0.331023021689 0.668976978311 12 71 83
2013-08-28T21:00:00 0.337327709539 0.662672290461 14 70 84
2013-08-28T22:00:00 0.33707294922 0.66292705078 15 80 95
2013-08-28T23:00:00 0.365399904773 0.634600095227 24 81 105
2013-08-29T00:00:00 0.362030006043 0.637969993957 25 88 113
2013-08-29T01:00:00 0.385656563775 0.614343436225 28 74 102
2013-08-29T02:00:00 0.394272996584 0.605727003416 27 65 92
2013-08-29T03:00:00 0.401825996552 0.598174003448 23 52 75
2013-08-29T04:00:00 0.432235279811 0.567764720189 21 34 55
2013-08-29T05:00:00 0.420143310348 0.579856689652 11 21 32
2013-08-29T06:00:00 0.444489372276 0.555510627724 7 12 19
2013-08-29T07:00:00 0.431357984263 0.568642015737 9 16 25
2013-08-29T08:00:00 0.435909142685 0.564090857315 11 18 29
2013-08-29T09:00:00 0.39644290287 0.60355709713 12 30 42
2013-08-29T10:00:00 0.381179853801 0.618820146199 13 36 49
2013-08-29T11:00:00 0.38646702089 0.61353297911 16 43 59
2013-08-29T12:00:00 0.38416252045 0.61583747955 20 53 73
2013-08-29T13:00:00 0.36075149517 0.63924850483 17 59 76
2013-08-29T14:00:00 0.363331413704 0.636668586296 18 63 81
2013-08-29T15:00:00 0.366410436526 0.633589563474 19 63 82
2013-08-29T16:00:00 0.366311950653 0.633688049347 19 68 87
2013-08-29T17:00:00 0.345912336081 0.654087663919 16 75 91
2013-08-29T18:00:00 0.357536463835 0.642463536165 16 65 81
2013-08-29T19:00:00 0.356715135511 0.643284864489 16 68 84
2013-08-29T20:00:00 0.344356376981 0.655643623019 13 64 77
2013-08-29T21:00:00 0.338609988581 0.661390011419 12 65 77
2013-08-29T22:00:00 0.348615866938 0.651384133062 14 61 75
2013-08-29T23:00:00 0.355525863777 0.644474136223 15 58 73
2013-08-30T00:00:00 0.344877185139 0.655122814861 13 60 73
2013-08-30T01:00:00 0.348872358173 0.651127641827 12 53 65
2013-08-30T02:00:00 0.362188768934 0.637811231066 13 47 60
2013-08-30T03:00:00 0.369857778514 0.630142221486 11 36 47
2013-08-30T04:00:00 0.352431316213 0.647568683787 7 30 37
2013-08-30T05:00:00 0.387516704083 0.612483295917 7 19 26
2013-08-30T06:00:00 0.385182555223 0.614817444777 7 17 24
2013-08-30T07:00:00 0.384165678015 0.615834321985 6 15 21
2013-08-30T08:00:00 0.40769849799 0.59230150201 11 22 33
2013-08-30T09:00:00 0.407021527446 0.592978472554 13 29 42
2013-08-30T10:00:00 0.392896093436 0.607103906564 14 38 52
2013-08-30T11:00:00 0.380436840328 0.619563159672 16 51 67
2013-08-30T12:00:00 0.382662766641 0.617337233359 19 60 79
2013-08-30T13:00:00 0.371226365069 0.628773634931 21 79 100
2013-08-30T14:00:00 0.347960372421 0.652039627579 15 83 98
2013-08-30T15:00:00 0.334937762318 0.665062237682 13 90 103
2013-08-30T16:00:00 0.33161427981 0.66838572019 13 91 104
2013-08-30T17:00:00 0.322485328984 0.677514671016 10 86 96
2013-08-30T18:00:00 0.324490077452 0.675509922548 10 83 93
2013-08-30T19:00:00 0.324673434037 0.675326565963 9 70 79
2013-08-30T20:00:00 0.332961291594 0.667038708406 10 70 80
2013-08-30T21:00:00 0.341951646649 0.658048353351 13 71 84
2013-08-30T22:00:00 0.345267386036 0.654732613964 14 76 90
2013-08-30T23:00:00 0.343663161215 0.656336838785 16 89 105
2013-08-31T00:00:00 0.339897254089 0.660102745911 15 89 104
2013-08-31T01:00:00 0.340563149182 0.659436850818 15 85 100
2013-08-31T02:00:00 0.341372819741 0.658627180259 14 74 88
2013-08-31T03:00:00 0.348938658173 0.651061341827 12 58 70
2013-08-31T04:00:00 0.355540388193 0.644459611807 10 42 52
2013-08-31T05:00:00 0.382450102187 0.617549897813 7 20 27
2013-08-31T06:00:00 0.377909748511 0.622090251489 4 12 16
2013-08-31T07:00:00 0.360243588627 0.639756411373 2 9 11
2013-08-31T08:00:00 0.360302646213 0.639697353787 4 16 20
2013-08-31T09:00:00 0.366096194079 0.633903805921 6 22 28
2013-08-31T10:00:00 0.389995611403 0.610004388597 13 32 45
2013-08-31T11:00:00 0.366041383234 0.633958616766 18 58 76
2013-08-31T12:00:00 0.348212591432 0.651787408568 21 92 113
2013-08-31T13:00:00 0.335104224245 0.664895775755 22 116 138
2013-08-31T14:00:00 0.332352448378 0.667647551622 26 138 164
2013-08-31T15:00:00 0.325122739822 0.674877260178 25 151 176
2013-08-31T16:00:00 0.318887217267 0.681112782733 23 153 176
2013-08-31T17:00:00 0.314771756082 0.685228243918 20 149 169
2013-08-31T18:00:00 0.322010028867 0.677989971133 21 134 155
2013-08-31T19:00:00 0.341868150595 0.658131849405 26 118 144
2013-08-31T20:00:00 0.354741986262 0.645258013738 28 103 131
2013-08-31T21:00:00 0.357080924791 0.642919075209 29 105 134
2013-08-31T22:00:00 0.350313146334 0.649686853666 28 116 144
2013-08-31T23:00:00 0.378426051921 0.621573948079 40 115 155
2013-09-01T00:00:00 0.369044457887 0.630955542113 37 115 152
2013-09-01T01:00:00 0.365341870694 0.634658129306 34 111 145
2013-09-01T02:00:00 0.357937867365 0.642062132635 26 99 125
2013-09-01T03:00:00 0.362809788238 0.637190211762 23 81 104
2013-09-01T04:00:00 0.372314605944 0.627685394056 19 61 80
2013-09-01T05:00:00 0.313991206303 0.686008793697 5 42 47
2013-09-01T06:00:00 0.321361984777 0.678638015223 3 24 27
2013-09-01T07:00:00 0.333231783474 0.666768216526 3 20 23
2013-09-01T08:00:00 0.365246138053 0.634753861947 8 28 36
2013-09-01T09:00:00 0.328810528303 0.671189471698 8 49 57
2013-09-01T10:00:00 0.337983663957 0.662016336043 13 63 76
2013-09-01T11:00:00 0.338131377294 0.661868622706 16 78 94
2013-09-01T12:00:00 0.3552863147 0.6447136853 24 88 112
2013-09-01T13:00:00 0.342666931534 0.657333068466 25 110 135
2013-09-01T14:00:00 0.345167748871 0.654832251129 26 114 140
2013-09-01T15:00:00 0.351235608214 0.648764391786 28 115 143
2013-09-01T16:00:00 0.349410678984 0.650589321016 25 112 137
2013-09-01T17:00:00 0.35082073297 0.64917926703 26 114 140
2013-09-01T18:00:00 0.338455773223 0.661544226777 21 117 138
2013-09-01T19:00:00 0.339200514555 0.660799485445 19 104 123
2013-09-01T20:00:00 0.328678577352 0.671321422648 14 93 107
2013-09-01T21:00:00 0.339451420709 0.660548579291 14 73 87
2013-09-01T22:00:00 0.341065673123 0.658934326877 14 67 81
2013-09-01T23:00:00 0.351112033337 0.648887966663 15 62 77
2013-09-02T00:00:00 0.366569993037 0.633430006963 16 53 69
2013-09-02T01:00:00 0.386544697485 0.613455302515 15 41 56
2013-09-02T02:00:00 0.387049945962 0.612950054038 14 38 52
2013-09-02T03:00:00 0.388683491189 0.611316508811 12 32 44
2013-09-02T04:00:00 0.39655244406 0.60344755594 10 25 35
2013-09-02T05:00:00 0.412613471903 0.587386528097 5 11 16
2013-09-02T06:00:00 0.350972815527 0.649027184473 1 6 7
2013-09-02T07:00:00 0.362306065293 0.637693934707 2 8 10
2013-09-02T08:00:00 0.394643650664 0.605356349336 5 14 19
2013-09-02T09:00:00 0.401081653673 0.598918346327 7 18 25
2013-09-02T10:00:00 0.402740677945 0.597259322055 12 28 40
2013-09-02T11:00:00 0.389352224223 0.610647775777 13 36 49
2013-09-02T12:00:00 0.379691827666 0.620308172334 13 40 53
2013-09-02T13:00:00 0.378430431153 0.621569568847 16 49 65
2013-09-02T14:00:00 0.367377310229 0.632622689771 14 48 62
2013-09-02T15:00:00 0.366697761179 0.633302238821 15 49 64
2013-09-02T16:00:00 0.347361466135 0.652638533865 10 44 54
2013-09-02T17:00:00 0.35079305263 0.64920694737 10 40 50
2013-09-02T18:00:00 0.353879708479 0.646120291521 10 38 48
2013-09-02T19:00:00 0.344484041828 0.655515958172 7 31 38
2013-09-02T20:00:00 0.357303379184 0.642696620816 9 32 41
2013-09-02T21:00:00 0.344678464378 0.655321535622 7 34 41
2013-09-02T22:00:00 0.344088901845 0.655911098155 9 44 53
2013-09-02T23:00:00 0.345997628007 0.654002371993 9 45 54
2013-09-03T00:00:00 0.346009478524 0.653990521476 9 49 58
2013-09-03T01:00:00 0.35036608124 0.64963391876 9 45 54
2013-09-03T02:00:00 0.340150683428 0.659849316572 6 40 46
2013-09-03T03:00:00 0.340644144322 0.659355855678 5 33 38
2013-09-03T04:00:00 0.353638625889 0.646361374111 3 19 22
2013-09-03T05:00:00 0.348882770352 0.651117229648 2 14 16
2013-09-03T06:00:00 0.372867531883 0.627132468117 2 7 9
2013-09-03T07:00:00 0.290273411173 0.709726588827 0 5 5
2013-09-03T08:00:00 0.346269997148 0.653730002852 2 12 14
2013-09-03T09:00:00 0.357052440867 0.642947559133 5 21 26
2013-09-03T10:00:00 0.372998819164 0.627001180836 8 27 35
2013-09-03T11:00:00 0.361165662766 0.638834337234 9 35 44
2013-09-03T12:00:00 0.377033086956 0.622966913044 13 42 55
2013-09-03T13:00:00 0.373934127706 0.626065872294 15 51 66
2013-09-03T14:00:00 0.37082564743 0.62917435257 14 47 61
2013-09-03T15:00:00 0.367034697251 0.632965302749 12 43 55
2013-09-03T16:00:00 0.357279770667 0.642720229333 10 40 50
2013-09-03T17:00:00 0.355618455417 0.644381544583 9 36 45
2013-09-03T18:00:00 0.344388264008 0.655611735992 7 31 38
2013-09-03T19:00:00 0.332910302702 0.667089697298 5 26 31
2013-09-03T20:00:00 0.336187386557 0.663812613443 5 26 31
2013-09-03T21:00:00 0.325554787145 0.674445212855 4 27 31
2013-09-03T22:00:00 0.311457736248 0.688542263752 3 32 35
2013-09-03T23:00:00 0.338111572275 0.661888427725 7 42 49
2013-09-04T00:00:00 0.327416138718 0.672583861282 6 47 53
2013-09-04T01:00:00 0.327485092205 0.672514907795 6 45 51
2013-09-04T02:00:00 0.324396374075 0.675603625925 5 41 46
2013-09-04T03:00:00 0.330837659836 0.669162340164 5 36 41
2013-09-04T04:00:00 0.340718696044 0.659281303956 5 27 32
2013-09-04T05:00:00 0.349944602922 0.650055397078 3 13 16
2013-09-04T06:00:00 0.37959950001 0.62040049999 2 5 7
2013-09-04T07:00:00 0.365870384764 0.634129615236 2 5 7
2013-09-04T08:00:00 0.401521320989 0.598478679011 5 10 15
2013-09-04T09:00:00 0.39666448961 0.60333551039 8 17 25
2013-09-04T10:00:00 0.40735576776 0.59264423224 11 22 33
2013-09-04T11:00:00 0.395301195662 0.604698804338 11 26 37
2013-09-04T12:00:00 0.404506656977 0.595493343023 14 29 43
2013-09-04T13:00:00 0.402494029171 0.597505970829 15 33 48
2013-09-04T14:00:00 0.40268350994 0.59731649006 13 28 41
2013-09-04T15:00:00 0.404275080339 0.595724919661 11 23 34
2013-09-04T16:00:00 0.416720161619 0.583279838381 11 20 31
2013-09-04T17:00:00 0.400085001672 0.599914998328 11 24 35
2013-09-04T18:00:00 0.407816977663 0.592183022337 12 24 36
2013-09-04T19:00:00 0.42225795347 0.57774204653 12 20 32
2013-09-04T20:00:00 0.428309925049 0.571690074951 14 22 36
2013-09-04T21:00:00 0.406272359578 0.593727640422 15 30 45
2013-09-04T22:00:00 0.397335930463 0.602664069537 14 31 45
2013-09-04T23:00:00 0.400586412571 0.599413587429 13 28 41
2013-09-05T00:00:00 0.38731370705 0.61268629295 12 33 45
2013-09-05T01:00:00 0.378511412025 0.621488587975 12 37 49
2013-09-05T02:00:00 0.360690805927 0.639309194073 9 37 46
2013-09-05T03:00:00 0.369041779288 0.630958220712 7 27 34
2013-09-05T04:00:00 0.358324934749 0.641675065251 5 23 28
2013-09-05T05:00:00 0.37128954038 0.62871045962 5 18 23
2013-09-05T06:00:00 0.340708948253 0.659291051747 2 10 12
2013-09-05T07:00:00 0.354986280236 0.645013719764 2 8 10
2013-09-05T08:00:00 0.403545145066 0.596454854934 7 13 20
2013-09-05T09:00:00 0.391971559644 0.608028440356 8 16 24
2013-09-05T10:00:00 0.397194127254 0.602805872746 12 24 36
2013-09-05T11:00:00 0.382616169084 0.617383830916 13 29 42
2013-09-05T12:00:00 0.375996572073 0.624003427927 14 37 51
2013-09-05T13:00:00 0.376068041377 0.623931958623 14 37 51
2013-09-05T14:00:00 0.352665071692 0.647334928308 10 34 44
2013-09-05T15:00:00 0.364512544833 0.635487455167 12 36 48
2013-09-05T16:00:00 0.35048734793 0.64951265207 9 33 42
2013-09-05T17:00:00 0.348128788159 0.651871211841 8 34 42
2013-09-05T18:00:00 0.364150153478 0.635849846522 10 31 41
2013-09-05T19:00:00 0.384611937061 0.615388062939 13 31 44
2013-09-05T20:00:00 0.392081650799 0.607918349201 13 32 45
2013-09-05T21:00:00 0.401211496265 0.598788503735 14 32 46
2013-09-05T22:00:00 0.377109246429 0.622890753571 13 38 51
2013-09-05T23:00:00 0.378252726208 0.621747273792 14 42 56
2013-09-06T00:00:00 0.379286545068 0.620713454932 14 41 55
2013-09-06T01:00:00 0.361286889945 0.638713110055 10 39 49
2013-09-06T02:00:00 0.363269665046 0.636730334954 9 33 42
2013-09-06T03:00:00 0.349062555056 0.650937444944 6 27 33
2013-09-06T04:00:00 0.392121998474 0.607878001526 6 16 22
2013-09-06T05:00:00 0.434899650695 0.565100349305 4 6 10
2013-09-06T06:00:00 0.418565310578 0.581434689422 1 2 3
2013-09-06T07:00:00 0.56038438495 0.43961561505 3 1 4
2013-09-06T08:00:00 0.497894158468 0.502105841532 7 6 13
2013-09-06T09:00:00 0.448535255374 0.551464744626 8 11 19
2013-09-06T10:00:00 0.43105725402 0.56894274598 10 17 27
2013-09-06T11:00:00 0.394516335345 0.605483664655 12 28 40
2013-09-06T12:00:00 0.390805841876 0.609194158124 14 35 49
2013-09-06T13:00:00 0.374071411979 0.625928588021 14 45 59
2013-09-06T14:00:00 0.365638744491 0.634361255509 12 42 54
2013-09-06T15:00:00 0.370787846331 0.629212153669 13 44 57
2013-09-06T16:00:00 0.351777152405 0.648222847595 11 47 58
2013-09-06T17:00:00 0.363538924599 0.636461075401 10 43 53
2013-09-06T18:00:00 0.367048214814 0.632951785186 11 43 54
2013-09-06T19:00:00 0.387641835165 0.612358164835 13 38 51
2013-09-06T20:00:00 0.381931838323 0.618068161677 13 40 53
2013-09-06T21:00:00 0.383023115015 0.616976884985 13 39 52
2013-09-06T22:00:00 0.3887902487 0.6112097513 15 43 58
2013-09-06T23:00:00 0.404005721767 0.595994278233 19 42 61
2013-09-07T00:00:00 0.401640665518 0.598359334482 19 45 64
2013-09-07T01:00:00 0.38003775176 0.61996224824 15 48 63
2013-09-07T02:00:00 0.369067406848 0.630932593152 13 51 64
2013-09-07T03:00:00 0.357517252233 0.642482747767 10 47 57
2013-09-07T04:00:00 0.365745412583 0.634254587417 8 34 42
2013-09-07T05:00:00 0.329677457243 0.670322542757 3 29 32
2013-09-07T06:00:00 0.288215222237 0.711784777763 0 20 20
2013-09-07T07:00:00 0.334812879253 0.665187120748 3 17 20
2013-09-07T08:00:00 0.375090256943 0.624909743057 7 21 28
2013-09-07T09:00:00 0.392889373363 0.607110626637 11 27 38
2013-09-07T10:00:00 0.37785051281 0.62214948719 15 47 62
2013-09-07T11:00:00 0.356132824234 0.643867175766 16 68 84
2013-09-07T12:00:00 0.370979035549 0.629020964451 25 86 111
2013-09-07T13:00:00 0.351831587266 0.648168412734 24 116 140
2013-09-07T14:00:00 0.347396253777 0.652603746223 23 115 138
2013-09-07T15:00:00 0.351420336742 0.648579663258 26 120 146
2013-09-07T16:00:00 0.346023254496 0.653976745504 24 118 142
2013-09-07T17:00:00 0.362886005116 0.637113994884 31 114 145
2013-09-07T18:00:00 0.352121977993 0.647878022007 25 109 134
2013-09-07T19:00:00 0.363387760929 0.636612239071 25 87 112
2013-09-07T20:00:00 0.368888837331 0.631111162669 28 96 124
2013-09-07T21:00:00 0.362019399167 0.637980600833 24 92 116
2013-09-07T22:00:00 0.372707636083 0.627292363917 26 86 112
2013-09-07T23:00:00 0.373819953113 0.626180046887 22 75 97
2013-09-08T00:00:00 0.378891116289 0.621108883711 21 68 89
2013-09-08T01:00:00 0.390962344316 0.609037655684 21 59 80
2013-09-08T02:00:00 0.394322101742 0.605677898258 15 40 55
2013-09-08T03:00:00 0.395587166624 0.604412833376 13 34 47
2013-09-08T04:00:00 0.411864152753 0.588135847247 10 22 32
2013-09-08T05:00:00 0.395956147945 0.604043852055 6 16 22
2013-09-08T06:00:00 0.4196348017 0.5803651983 5 9 14
2013-09-08T07:00:00 0.3959497349 0.6040502651 3 7 10
2013-09-08T08:00:00 0.410383604091 0.589616395909 6 12 18
2013-09-08T09:00:00 0.415245813327 0.584754186673 9 18 27
2013-09-08T10:00:00 0.399028266182 0.600971733818 12 29 41
2013-09-08T11:00:00 0.408365896726 0.591634103274 17 36 53
2013-09-08T12:00:00 0.386974949903 0.613025050097 17 45 62
2013-09-08T13:00:00 0.394840943803 0.605159056197 23 56 79
2013-09-08T14:00:00 0.388372153676 0.611627846324 23 62 85
2013-09-08T15:00:00 0.377713872153 0.622286127847 20 66 86
2013-09-08T16:00:00 0.371875750869 0.628124249131 19 67 86
2013-09-08T17:00:00 0.371144936526 0.628855063474 18 66 84
2013-09-08T18:00:00 0.382802607491 0.617197392509 18 59 77
2013-09-08T19:00:00 0.389680732553 0.610319267447 16 50 66
2013-09-08T20:00:00 0.391750996765 0.608249003235 15 44 59
2013-09-08T21:00:00 0.403297037535 0.596702962465 14 33 47
2013-09-08T22:00:00 0.394260021351 0.605739978649 11 30 41
2013-09-08T23:00:00 0.372312773163 0.627687226837 8 30 38
2013-09-09T00:00:00 0.377279650633 0.622720349367 10 34 44
2013-09-09T01:00:00 0.346365742333 0.653634257667 6 31 37
2013-09-09T02:00:00 0.336678617837 0.663321382163 4 27 31
2013-09-09T03:00:00 0.337465659313 0.662534340687 4 26 30
2013-09-09T04:00:00 0.357699442885 0.642300557115 4 18 22
2013-09-09T05:00:00 0.364166520283 0.635833479717 3 11 14
2013-09-09T06:00:00 0.316496848098 0.683503151902 1 7 8
2013-09-09T07:00:00 0.32490217851 0.67509782149 1 6 7
2013-09-09T08:00:00 0.383179157974 0.616820842026 4 11 15
2013-09-09T09:00:00 0.421714864116 0.578285135884 7 12 19
2013-09-09T10:00:00 0.43436626781 0.56563373219 10 14 24
2013-09-09T11:00:00 0.447003726118 0.552996273882 12 15 27
2013-09-09T12:00:00 0.455546296337 0.544453703663 13 15 28
2013-09-09T13:00:00 0.446220084891 0.553779915109 15 20 35
2013-09-09T14:00:00 0.465670967736 0.534329032264 16 17 33
2013-09-09T15:00:00 0.446063498866 0.553936501134 13 17 30
2013-09-09T16:00:00 0.430496070882 0.569503929118 12 19 31
2013-09-09T17:00:00 0.426229401854 0.573770598146 12 20 32
2013-09-09T18:00:00 0.413415373664 0.586584626336 11 22 33
2013-09-09T19:00:00 0.45735871623 0.54264128377 14 17 31
2013-09-09T20:00:00 0.426845064841 0.573154935159 10 17 27
2013-09-09T21:00:00 0.425932216991 0.574067783009 12 21 33
2013-09-09T22:00:00 0.426690312306 0.573309687694 12 22 34
2013-09-09T23:00:00 0.427476825391 0.572523174609 12 22 34
2013-09-10T00:00:00 0.429031197979 0.570968802021 14 24 38
2013-09-10T01:00:00 0.406866179329 0.593133820671 11 24 35
2013-09-10T02:00:00 0.42619978244 0.57380021756 12 21 33
2013-09-10T03:00:00 0.438122341073 0.561877658927 10 15 25
2013-09-10T04:00:00 0.462539920858 0.537460079142 8 9 17
2013-09-10T05:00:00 0.453704951536 0.546295048464 6 7 13
2013-09-10T06:00:00 0.463116528475 0.536883471525 3 3 6
2013-09-10T07:00:00 0.351354991662 0.648645008338 1 5 6
2013-09-10T08:00:00 0.340094366778 0.659905633222 1 6 7
2013-09-10T09:00:00 0.382583272965 0.617416727035 4 10 14
2013-09-10T10:00:00 0.400471905107 0.599528094893 7 14 21
2013-09-10T11:00:00 0.458697394956 0.541302605044 14 16 30
2013-09-10T12:00:00 0.461992829005 0.538007170995 18 20 38
2013-09-10T13:00:00 0.46755722799 0.53244277201 23 24 47
2013-09-10T14:00:00 0.455841161499 0.544158838501 25 29 54
2013-09-10T15:00:00 0.433490980489 0.566509019511 24 36 60
2013-09-10T16:00:00 0.423042031385 0.576957968615 24 41 65
2013-09-10T17:00:00 0.383567713009 0.616432286991 17 46 63
2013-09-10T18:00:00 0.399119041996 0.600880958004 19 42 61
2013-09-10T19:00:00 0.395333331522 0.604666668478 18 42 60
2013-09-10T20:00:00 0.38582171021 0.61417828979 15 41 56
2013-09-10T21:00:00 0.406018887721 0.593981112279 17 38 55
2013-09-10T22:00:00 0.412736072813 0.587263927187 18 38 56
2013-09-10T23:00:00 0.411537360348 0.588462639652 20 42 62
2013-09-11T00:00:00 0.395953911587 0.604046088413 17 44 61
2013-09-11T01:00:00 0.383682061309 0.616317938691 13 39 52
2013-09-11T02:00:00 0.392231880286 0.607768119714 13 35 48
2013-09-11T03:00:00 0.381460162177 0.618539837823 9 27 36
2013-09-11T04:00:00 0.365581182136 0.634418817864 5 18 23
2013-09-11T05:00:00 0.398822520409 0.601177479591 3 7 10
2013-09-11T06:00:00 0.28576459821 0.714235401789 0 4 4
2013-09-11T07:00:00 0.384453610171 0.615546389829 2 7 9
2013-09-11T08:00:00 0.395718443776 0.604281556224 5 12 17
2013-09-11T09:00:00 0.397372670578 0.602627329422 6 14 20
2013-09-11T10:00:00 0.361696750743 0.638303249257 7 24 31
2013-09-21T00:00:00 0.410239515354 0.589760484646 24 54 78
2013-09-21T01:00:00 0.406931758075 0.593068241925 22 53 75
2013-09-21T02:00:00 0.385675598603 0.614324401397 15 48 63
2013-09-21T03:00:00 0.394544178504 0.605455821496 13 36 49
2013-09-21T04:00:00 0.394864282818 0.605135717182 11 31 42
2013-09-21T05:00:00 0.381607883506 0.618392116494 6 20 26
2013-09-21T06:00:00 0.341803684044 0.658196315956 2 13 15
2013-09-21T07:00:00 0.31913174428 0.68086825572 2 12 14
2013-09-21T08:00:00 0.364157743335 0.635842256665 6 19 25
2013-09-21T09:00:00 0.361738900824 0.638261099176 8 27 35
2013-09-21T10:00:00 0.350856101818 0.649143898182 10 41 51
2013-09-21T11:00:00 0.367015201027 0.632984798973 15 49 64
2013-09-21T12:00:00 0.365791652677 0.634208347323 17 57 74
2013-09-21T13:00:00 0.376215382752 0.623784617248 21 60 81
2013-09-21T14:00:00 0.369624598932 0.630375401068 22 69 91
2013-09-21T15:00:00 0.378415088296 0.621584911704 26 79 105
2013-09-21T16:00:00 0.389700957157 0.610299042843 29 79 108
2013-09-21T17:00:00 0.381937715312 0.618062284688 25 79 104
2013-09-21T18:00:00 0.377237914142 0.622762085858 24 82 106
2013-09-21T19:00:00 0.375112957599 0.624887042401 21 79 100
2013-09-21T20:00:00 0.376573243032 0.623426756968 17 67 84
2013-09-21T21:00:00 0.361525869196 0.638474130804 12 56 68
2013-09-21T22:00:00 0.354535393687 0.645464606313 10 52 62
2013-09-21T23:00:00 0.365464535782 0.634535464218 13 53 66
2013-09-22T00:00:00 0.37162809936 0.62837190064 13 48 61
2013-09-22T01:00:00 0.373980838174 0.626019161826 12 42 54
2013-09-22T02:00:00 0.377599182455 0.622400817545 11 36 47
2013-09-22T03:00:00 0.38891763509 0.61108236491 10 29 39
2013-09-22T04:00:00 0.386886106422 0.613113893578 7 20 27
2013-09-22T05:00:00 0.36266637342 0.63733362658 3 11 14
2013-09-22T06:00:00 0.402760059531 0.597239940469 2 4 6
2013-09-22T07:00:00 0.324794643553 0.675205356447 1 7 8
2013-09-22T08:00:00 0.308305010361 0.691694989639 1 13 14
2013-09-22T09:00:00 0.333338862939 0.666661137061 3 19 22
2013-09-22T10:00:00 0.346130928328 0.653869071672 5 23 28
2013-09-22T11:00:00 0.353084484607 0.646915515393 6 27 33
2013-09-22T12:00:00 0.35321284342 0.64678715658 8 32 40
2013-09-22T13:00:00 0.361633620645 0.638366379356 9 33 42
2013-09-22T14:00:00 0.381276157982 0.618723842018 11 31 42
2013-09-22T15:00:00 0.383091845119 0.616908154881 9 25 34
2013-09-22T16:00:00 0.37864971353 0.62135028647 8 25 33
2013-09-22T17:00:00 0.373165425052 0.626834574948 8 27 35
2013-09-22T18:00:00 0.356541985277 0.643458014723 6 28 34
2013-09-22T19:00:00 0.352278226173 0.647721773827 5 25 30
2013-09-22T20:00:00 0.334583130111 0.665416869889 4 28 32
2013-09-22T21:00:00 0.357634334828 0.642365665172 7 30 37
2013-09-22T22:00:00 0.364820553941 0.635179446059 8 32 40
2013-09-22T23:00:00 0.38215971408 0.61784028592 10 30 40
2013-09-23T00:00:00 0.396626258045 0.603373741955 9 24 33
2013-09-23T01:00:00 0.401871630666 0.598128369334 9 22 31
2013-09-23T02:00:00 0.412071598215 0.587928401785 8 17 25
2013-09-23T03:00:00 0.392520158975 0.607479841025 5 14 19
2013-09-23T04:00:00 0.400651125657 0.599348874343 3 7 10
2013-09-23T05:00:00 0.262491173952 0.737508826048 0 3 3
2013-09-23T06:00:00 0.262491173952 0.737508826048 0 4 4
2013-09-23T07:00:00 0.356057671066 0.643942328934 1 5 6
2013-09-23T08:00:00 0.496027130059 0.503972869941 3 3 6
2013-09-23T09:00:00 0.462876738822 0.537123261178 7 8 15
2013-09-23T10:00:00 0.418678168685 0.581321831315 9 15 24
2013-09-23T11:00:00 0.432106688885 0.567893311115 12 19 31
2013-09-23T12:00:00 0.441860993693 0.558139006307 15 22 37
2013-09-23T13:00:00 0.45361155917 0.54638844083 20 25 45
2013-09-23T14:00:00 0.449616186291 0.550383813709 21 27 48
2013-09-23T15:00:00 0.449352068251 0.550647931749 18 24 42
2013-09-23T16:00:00 0.471326547836 0.528673452164 18 21 39
2013-09-23T17:00:00 0.469834501831 0.530165498169 15 17 32
2013-09-23T18:00:00 0.462685208375 0.537314791625 14 17 31
2013-09-23T19:00:00 0.434502400446 0.565497599554 8 14 22
2013-09-23T20:00:00 0.423175806306 0.576824193694 8 16 24
2013-09-23T21:00:00 0.386849745774 0.613150254226 8 25 33
2013-09-23T22:00:00 0.439047490748 0.560952509252 16 26 42
2013-09-23T23:00:00 0.452447798087 0.547552201913 20 29 49
2013-09-24T00:00:00 0.463490017919 0.536509982081 22 28 50
2013-09-24T01:00:00 0.459516303575 0.540483696425 22 28 50
2013-09-24T02:00:00 0.466071768958 0.533928231042 20 24 44
2013-09-24T03:00:00 0.519973042137 0.480026957863 19 13 32
2013-09-24T04:00:00 0.491241816607 0.508758183393 9 8 17
2013-09-24T05:00:00 0.479830194354 0.520169805646 6 5 11
2013-09-24T06:00:00 0.402297307194 0.597702692806 2 3 5
2013-09-24T07:00:00 0.503428766967 0.496571233033 4 3 7
2013-09-24T08:00:00 0.499886684127 0.500113315873 9 7 16
2013-09-24T09:00:00 0.538375992045 0.461624007955 15 8 23
2013-09-24T10:00:00 0.514136748847 0.485863251153 17 12 29
2013-09-24T11:00:00 0.491261299578 0.508738700422 17 15 32
2013-09-24T12:00:00 0.460936079409 0.539063920591 18 22 40
2013-09-24T13:00:00 0.440757116596 0.559242883404 19 27 46
2013-09-24T14:00:00 0.413788101236 0.586211898764 14 28 42
2013-09-24T15:00:00 0.367704089069 0.632295910931 11 38 49
2013-09-24T16:00:00 0.365415036411 0.634584963589 11 38 49
2013-09-24T17:00:00 0.365554459538 0.634445540462 12 42 54
2013-09-24T18:00:00 0.372830424807 0.627169575193 13 38 51
2013-09-24T19:00:00 0.386165508148 0.613834491852 13 33 46
2013-09-24T20:00:00 0.379508310016 0.620491689984 14 38 52
2013-09-24T21:00:00 0.400231563272 0.599768436728 14 30 44
2013-09-24T22:00:00 0.407015612355 0.592984387645 14 28 42
2013-09-24T23:00:00 0.414539167936 0.585460832064 14 26 40
2013-09-25T00:00:00 0.415869722848 0.584130277152 14 27 41
2013-09-25T01:00:00 0.407838093784 0.592161906216 12 27 39
2013-09-25T02:00:00 0.433112717323 0.566887282677 10 17 27
2013-09-25T03:00:00 0.418829796241 0.581170203759 7 14 21
2013-09-25T04:00:00 0.405635556874 0.594364443126 5 12 17
2013-09-25T05:00:00 0.433018196976 0.566981803024 4 7 11
2013-09-25T06:00:00 0.510031158375 0.489968841625 2 2 4
2013-09-25T07:00:00 0.562643944654 0.437356055346 6 2 8
2013-09-25T08:00:00 0.53125853069 0.46874146931 7 4 11
2013-09-25T09:00:00 0.444226732396 0.555773267604 8 10 18
2013-09-25T10:00:00 0.452689183964 0.547310816036 14 17 31
2013-09-25T11:00:00 0.445140899535 0.554859100465 19 26 45
2013-09-25T12:00:00 0.45262037031 0.54737962969 25 31 56
2013-09-25T13:00:00 0.418709882085 0.581290117915 21 38 59
2013-09-25T14:00:00 0.433913106627 0.566086893373 28 43 71
2013-09-25T15:00:00 0.450048885491 0.549951114509 30 40 70
2013-09-25T16:00:00 0.453885943049 0.546114056951 28 35 63
2013-09-25T17:00:00 0.459720345765 0.540279654235 26 30 56
2013-09-25T18:00:00 0.443242774691 0.556757225309 22 31 53
2013-09-25T19:00:00 0.464628164663 0.535371835337 22 25 47
2013-09-25T20:00:00 0.472892226813 0.527107773187 22 23 45
2013-09-25T21:00:00 0.468658825592 0.531341174408 24 26 50
2013-09-25T22:00:00 0.461902551784 0.538097448216 21 25 46
2013-09-25T23:00:00 0.465378331825 0.534621668175 20 24 44
2013-10-13T00:00:00 0.44589729391 0.55410270609 19 27 46
2013-10-13T01:00:00 0.464540850599 0.535459149401 21 25 46
2013-10-13T02:00:00 0.452265115808 0.547734884192 16 21 37
2013-10-13T03:00:00 0.469904418881 0.530095581119 14 16 30
2013-10-13T04:00:00 0.485427497415 0.514572502585 12 12 24
2013-10-13T05:00:00 0.489921639058 0.510078360942 8 8 16
2013-10-13T06:00:00 0.480209286699 0.519790713301 4 5 9
2013-10-13T07:00:00 0.54795189976 0.45204810024 4 2 6
2013-10-13T08:00:00 0.451316621463 0.548683378537 5 7 12
2013-10-13T09:00:00 0.470913888762 0.529086111238 8 9 17
2013-10-13T10:00:00 0.46308385144 0.53691614856 11 13 24
2013-10-13T11:00:00 0.45657541446 0.54342458554 16 21 37
2013-10-13T12:00:00 0.445608063121 0.554391936879 19 29 48
2013-10-13T13:00:00 0.425416794326 0.574583205674 20 39 59
2013-10-13T14:00:00 0.411578718597 0.588421281403 19 44 63
2013-10-13T15:00:00 0.414404853576 0.585595146424 21 47 68
2013-10-13T16:00:00 0.404700218646 0.595299781354 21 52 73
2013-10-13T17:00:00 0.412506168222 0.587493831778 22 50 72
2013-10-13T18:00:00 0.423650086261 0.576349913739 22 44 66
2013-10-13T19:00:00 0.436002372495 0.563997627505 23 39 62
2013-10-13T20:00:00 0.47208474102 0.52791525898 27 31 58
2013-10-13T21:00:00 0.461432925799 0.538567074201 23 29 52
2013-10-13T22:00:00 0.514695599277 0.485304400723 31 24 55
2013-10-13T23:00:00 0.521583113449 0.478416886551 31 21 52
2013-10-14T00:00:00 0.517869704495 0.482130295505 30 21 51
2013-10-14T01:00:00 0.54313718598 0.45686281402 30 16 46
2013-10-14T02:00:00 0.54585439393 0.45414560607 29 15 44
2013-10-14T03:00:00 0.557190877408 0.442809122592 26 12 38
2013-10-14T04:00:00 0.538584577357 0.461415422643 15 8 23
2013-10-14T05:00:00 0.526782275547 0.473217724453 9 6 15
2013-10-14T06:00:00 0.532394802481 0.467605197519 7 4 11
2013-10-14T07:00:00 0.548883275216 0.451116724784 6 3 9
2013-10-14T08:00:00 0.449595253504 0.550404746496 4 5 9
2013-10-14T09:00:00 0.538631770366 0.461368229634 8 4 12
2013-10-14T10:00:00 0.554064709093 0.445935290907 14 6 20
2013-10-14T11:00:00 0.567612769109 0.432387230891 18 7 25
2013-10-14T12:00:00 0.538252829197 0.461747170803 18 10 28
2013-10-14T13:00:00 0.507970564516 0.492029435485 19 15 34
2013-10-14T14:00:00 0.532197181503 0.467802818497 21 13 34
2013-10-14T15:00:00 0.524897609474 0.475102390526 21 14 35
2013-10-14T16:00:00 0.489816239522 0.510183760478 18 17 35
2013-10-14T17:00:00 0.473910518074 0.526089481926 15 17 32
2013-10-14T18:00:00 0.493365782929 0.506634217071 18 16 34
2013-10-14T19:00:00 0.506001368077 0.493998631923 19 14 33
2013-10-14T20:00:00 0.511394354862 0.488605645138 21 15 36
2013-10-14T21:00:00 0.481729640339 0.518270359661 19 19 38
2013-10-14T22:00:00 0.491986179751 0.508013820249 20 19 39
2013-10-14T23:00:00 0.492832925325 0.507167074675 24 21 45
2013-11-11T00:00:00 0.440315505125 0.559684494875 88 166 254
2013-11-11T01:00:00 0.438042270092 0.561957729908 89 175 264
2013-11-11T02:00:00 0.435572541138 0.564427458862 78 154 232
2013-11-11T03:00:00 0.444161164502 0.555838835498 68 121 189
2013-11-11T04:00:00 0.446640482512 0.553359517488 54 94 148
2013-11-11T05:00:00 0.462224448998 0.537775551002 40 59 99
2013-11-11T06:00:00 0.491878390783 0.508121609217 30 31 61
2013-11-11T07:00:00 0.53705692474 0.46294307526 24 15 39
2013-11-11T08:00:00 0.4871299395 0.5128700605 27 29 56
2013-11-11T09:00:00 0.459835783226 0.540164216774 30 43 73
2013-11-11T10:00:00 0.481954186761 0.518045813239 46 51 97
2013-11-11T11:00:00 0.464741493103 0.535258506897 53 68 121
2013-11-11T12:00:00 0.475971236111 0.524028763889 65 73 138
2013-11-11T13:00:00 0.455057752072 0.544942247928 67 95 162
2013-11-11T14:00:00 0.460809332119 0.539190667881 72 96 168
2013-11-11T15:00:00 0.46498860012 0.53501139988 77 98 175
2013-11-11T16:00:00 0.451750238786 0.548249761214 70 102 172
2013-11-11T17:00:00 0.449295865345 0.550704134655 67 99 166
2013-11-11T18:00:00 0.443577433084 0.556422566916 63 102 165
2013-11-11T19:00:00 0.452297827841 0.547702172159 62 92 154
2013-11-11T20:00:00 0.457639562436 0.542360437564 69 97 166
2013-11-11T21:00:00 0.44889683152 0.55110316848 67 103 170
2013-11-11T22:00:00 0.453815120576 0.546184879424 75 110 185
2013-11-11T23:00:00 0.469248520864 0.530751479136 92 115 207
2013-11-18T00:00:00 0.458762348616 0.541237651384 116 156 272
2013-11-18T01:00:00 0.467624424429 0.532375575571 122 148 270
2013-11-18T02:00:00 0.468184523031 0.531815476969 111 135 246
2013-11-18T03:00:00 0.477602452048 0.522397547952 98 107 205
2013-11-18T04:00:00 0.479024508482 0.520975491518 74 78 152
2013-11-18T05:00:00 0.477201001907 0.522798998093 42 46 88
2013-11-18T06:00:00 0.492882859847 0.507117140153 27 25 52
2013-11-18T07:00:00 0.47148260942 0.52851739058 16 18 34
2013-11-18T08:00:00 0.476288198347 0.523711801653 25 26 51
2013-11-18T09:00:00 0.464871535153 0.535128464847 35 42 77
2013-11-18T10:00:00 0.454309563974 0.545690436026 47 65 112
2013-11-18T11:00:00 0.463020973653 0.536979026347 61 78 139
2013-11-18T12:00:00 0.452765219908 0.547234780092 73 103 176
2013-11-18T13:00:00 0.447381002657 0.552618997343 80 118 198
2013-11-18T14:00:00 0.436966651194 0.563033348806 73 122 195
2013-11-18T15:00:00 0.438454712765 0.561545287235 75 123 198
2013-11-18T16:00:00 0.444652845215 0.555347154785 76 116 192
2013-11-18T17:00:00 0.436415678612 0.563584321388 71 117 188
2013-11-18T18:00:00 0.448245233453 0.551754766547 72 106 178
2013-11-18T19:00:00 0.453934047038 0.546065952962 72 103 175
2013-11-28T00:00:00 0.491363255585 0.508636744415 382 390 772
2013-11-28T01:00:00 0.494137281406 0.505862718594 340 335 675
2013-11-28T02:00:00 0.493234649038 0.506765350962 284 282 566
2013-11-28T03:00:00 0.487606608016 0.512393391984 229 241 470
2013-11-28T04:00:00 0.486717309937 0.513282690063 165 174 339
2013-11-28T05:00:00 0.48034670317 0.51965329683 88 99 187
2013-11-28T06:00:00 0.478583738454 0.521416261546 48 54 102
2013-11-28T07:00:00 0.457666168787 0.542333831213 31 45 76
2013-11-28T08:00:00 0.465669554873 0.534330445127 45 61 106
2013-11-28T09:00:00 0.479016110162 0.520983889838 74 85 159
2013-11-28T10:00:00 0.475921626119 0.524078373881 99 116 215
2013-11-28T11:00:00 0.475368557629 0.524631442371 135 156 291
2013-11-28T12:00:00 0.479979349033 0.520020650967 163 180 343
2013-11-28T13:00:00 0.476038605757 0.523961394243 179 207 386
2013-11-28T14:00:00 0.473376862281 0.526623137719 186 217 403
2013-11-28T15:00:00 0.471017311712 0.528982688288 190 226 416
2013-11-28T16:00:00 0.469750881153 0.530249118847 190 228 418
2013-11-28T17:00:00 0.469899528429 0.530100471571 186 222 408
2013-11-28T18:00:00 0.466414969967 0.533585030033 200 245 445
2013-11-28T19:00:00 0.466109336601 0.533890663399 212 257 469
2013-11-28T20:00:00 0.46621991622 0.53378008378 239 295 534
2013-11-28T21:00:00 0.467708438292 0.532291561708 259 316 575
2013-11-28T22:00:00 0.473488321493 0.526511678507 317 365 682
2013-11-28T23:00:00 0.476453799864 0.523546200136 346 391 737
2013-11-29T00:00:00 0.476977632813 0.523022367187 371 422 793
2013-11-29T01:00:00 0.477118826654 0.522881173346 369 418 787
2013-11-29T02:00:00 0.48185006394 0.51814993606 328 352 680
2013-11-29T03:00:00 0.482513643466 0.517486356534 275 294 569
2013-11-29T04:00:00 0.4808251338 0.5191748662 196 214 410
2013-11-29T05:00:00 0.476797217904 0.523202782096 136 152 288
2013-11-29T06:00:00 0.480257546635 0.519742453365 67 68 135
2013-11-29T07:00:00 0.488408794236 0.511591205764 34 32 66
2013-11-29T08:00:00 0.487942139019 0.512057860981 36 35 71
2013-11-29T09:00:00 0.494463090824 0.505536909176 60 54 114
2013-11-29T10:00:00 0.465825960215 0.534174039785 78 96 174
2013-11-29T11:00:00 0.440550801075 0.559449198925 93 151 244
2013-11-29T12:00:00 0.434337967501 0.565662032499 113 200 313
2013-11-29T13:00:00 0.430005775748 0.569994224252 127 238 365
2013-11-29T14:00:00 0.42360026091 0.57639973909 135 275 410
2013-11-29T15:00:00 0.415830720578 0.584169279422 136 305 441
2013-11-29T16:00:00 0.413849832734 0.586150167266 128 300 428
2013-11-29T17:00:00 0.421018250765 0.578981749235 131 284 415
2013-11-29T18:00:00 0.431310455537 0.568689544463 147 281 428
2013-11-29T19:00:00 0.439958383452 0.560041616548 169 294 463
2013-11-29T20:00:00 0.446735865214 0.553264134786 192 311 503
2013-11-29T21:00:00 0.452460592444 0.547539407556 213 325 538
2013-11-29T22:00:00 0.456446879752 0.543553120248 247 359 606
2013-11-29T23:00:00 0.458993709727 0.541006290273 286 405 691
2013-12-28T00:00:00 0.44752772313 0.55247227687 197 321 518
2013-12-28T01:00:00 0.460014942938 0.539985057062 212 302 514
2013-12-28T02:00:00 0.461434364138 0.538565635862 195 273 468
2013-12-28T03:00:00 0.459024943483 0.540975056517 162 234 396
2013-12-28T04:00:00 0.465982980944 0.534017019056 129 171 300
2013-12-28T05:00:00 0.468541417454 0.531458582546 93 121 214
2013-12-28T06:00:00 0.485073006591 0.514926993409 57 62 119
2013-12-28T07:00:00 0.46813342454 0.53186657546 23 30 53
2013-12-28T08:00:00 0.469959889791 0.530040110209 28 35 63
2013-12-28T09:00:00 0.471104704789 0.528895295211 53 65 118
2013-12-28T10:00:00 0.449458042257 0.550541957743 67 103 170
2013-12-28T11:00:00 0.442173471733 0.557826528267 88 142 230
2013-12-28T12:00:00 0.43390843986 0.56609156014 104 184 288
2013-12-28T13:00:00 0.432408843248 0.567591156752 121 217 338
2013-12-28T14:00:00 0.433985964208 0.566014035792 135 237 372
2013-12-28T15:00:00 0.427781583292 0.572218416708 127 237 364
2013-12-28T16:00:00 0.434927493718 0.565072506282 134 229 363
2013-12-28T17:00:00 0.441545226717 0.558454773283 130 209 339
2013-12-28T18:00:00 0.452254400395 0.547745599605 141 199 340
2013-12-28T19:00:00 0.453986862114 0.546013137886 142 198 340
2013-12-28T20:00:00 0.446857992964 0.553142007036 134 207 341
2013-12-28T21:00:00 0.455584907288 0.544415092712 150 216 366
2013-12-28T22:00:00 0.447437999658 0.552562000342 151 243 394
2013-12-28T23:00:00 0.443294393164 0.556705606836 164 277 441
2013-12-29T00:00:00 0.448707216628 0.551292783372 181 289 470
2013-12-29T01:00:00 0.447985817652 0.552014182348 180 292 472
2013-12-29T02:00:00 0.454023338319 0.545976661681 170 256 426
2013-12-29T03:00:00 0.451179667339 0.548820332661 142 219 361
2013-12-29T04:00:00 0.461736858139 0.538263141861 123 166 289
2013-12-29T05:00:00 0.471382702385 0.528617297615 94 115 209
2013-12-29T06:00:00 0.457538497521 0.542461502479 51 75 126
2013-12-29T07:00:00 0.473394568805 0.526605431195 34 41 75
2013-12-29T08:00:00 0.469617929608 0.530382070392 37 45 82
2013-12-29T09:00:00 0.466910244331 0.533089755669 50 63 113
2013-12-29T10:00:00 0.459614780636 0.540385219364 69 94 163
2013-12-29T11:00:00 0.466177851011 0.533822148989 89 112 201
2013-12-29T12:00:00 0.454615489041 0.545384510959 106 151 257
2013-12-29T13:00:00 0.452046826033 0.547953173967 134 197 331
2013-12-29T14:00:00 0.447485516061 0.552514483939 157 240 397
2013-12-29T15:00:00 0.435697837085 0.564302162915 160 279 439
2013-12-29T16:00:00 0.43740167854 0.56259832146 168 287 455
2013-12-29T17:00:00 0.433011565074 0.566988434926 176 316 492
2013-12-29T18:00:00 0.436827999082 0.563172000918 189 327 516
2013-12-29T19:00:00 0.435182591571 0.564817408429 191 339 530
2013-12-29T20:00:00 0.438486442814 0.561513557186 196 347 543
2013-12-29T21:00:00 0.442966045065 0.557033954935 219 371 590
2013-12-29T22:00:00 0.44459085434 0.55540914566 233 394 627
2013-12-29T23:00:00 0.450275023402 0.549724976598 262 416 678
2013-12-30T00:00:00 0.456249726544 0.543750273456 286 424 710
2013-12-30T01:00:00 0.456656734685 0.543343265315 277 408 685
2013-12-30T02:00:00 0.459445126414 0.540554873586 255 359 614
2013-12-30T03:00:00 0.463371403862 0.536628596138 215 287 502
2013-12-30T04:00:00 0.464254701115 0.535745298885 172 223 395
2013-12-30T05:00:00 0.459633287792 0.540366712208 114 155 269
2013-12-30T06:00:00 0.436034740989 0.563965259011 58 101 159
2013-12-30T07:00:00 0.443595151286 0.556404848714 42 66 108
2013-12-30T08:00:00 0.434603039764 0.565396960236 40 69 109
2013-12-30T09:00:00 0.453781492196 0.546218507804 63 89 152
2013-12-30T10:00:00 0.459528547223 0.540471452777 90 122 212
2013-12-30T11:00:00 0.452896796072 0.547103203928 120 178 298
2013-12-30T12:00:00 0.452655877806 0.547344122194 146 215 361
2013-12-30T13:00:00 0.44436884326 0.55563115674 155 249 404
2013-12-30T14:00:00 0.438477065487 0.561522934513 151 263 414
2013-12-30T15:00:00 0.433383689063 0.566616310937 140 260 400
2013-12-30T16:00:00 0.423577367902 0.576422632098 126 262 388
2013-12-30T17:00:00 0.421537322834 0.578462677166 109 231 340
2013-12-30T18:00:00 0.422316698047 0.577683301953 103 220 323
2013-12-30T19:00:00 0.421230872961 0.578769127039 97 216 313
2013-12-30T20:00:00 0.424965465099 0.575034534901 103 216 319
2013-12-30T21:00:00 0.426958813891 0.573041186109 130 271 401
2013-12-30T22:00:00 0.430088529245 0.569911470755 184 372 556
2013-12-30T23:00:00 0.429963759848 0.570036240152 252 496 748
2013-12-31T00:00:00 0.43501284798 0.56498715202 319 591 910
2013-12-31T01:00:00 0.434216422349 0.565783577651 377 695 1072
2013-12-31T02:00:00 0.4353183623 0.5646816377 388 706 1094
2013-12-31T03:00:00 0.436168899769 0.563831100231 360 644 1004
2013-12-31T04:00:00 0.437732801276 0.562267198724 298 517 815
2013-12-31T05:00:00 0.439235047082 0.560764952918 220 378 598
2013-12-31T06:00:00 0.435892849076 0.564107150924 145 255 400
2013-12-31T07:00:00 0.451028195957 0.548971804043 88 131 219
2013-12-31T08:00:00 0.453713182709 0.546286817291 87 125 212
2013-12-31T09:00:00 0.46401790866 0.53598209134 114 148 262
2013-12-31T10:00:00 0.453950592189 0.546049407811 135 196 331
2013-12-31T11:00:00 0.441595769732 0.558404230268 154 255 409
2013-12-31T12:00:00 0.45142414488 0.54857585512 195 289 484
2013-12-31T13:00:00 0.448909985102 0.551090014898 217 331 548
2013-12-31T14:00:00 0.446356392719 0.553643607281 217 340 557
2013-12-31T15:00:00 0.437510596974 0.562489403026 202 346 548
2013-12-31T16:00:00 0.43783120381 0.56216879619 203 350 553
2013-12-31T17:00:00 0.447488131238 0.552511868762 210 326 536
2013-12-31T18:00:00 0.435696828259 0.564303171741 194 350 544
2013-12-31T19:00:00 0.434179132 0.565820868 184 338 522
2013-12-31T20:00:00 0.435167409946 0.564832590054 194 354 548
2013-12-31T21:00:00 0.434450412744 0.565549587256 205 382 587
2013-12-31T22:00:00 0.433702760258 0.566297239742 212 394 606
2013-12-31T23:00:00 0.428313604357 0.571686395643 216 437 653
2014-01-08T00:00:00 0.459683962064 0.540316037936 130 183 313
2014-01-08T01:00:00 0.463991184645 0.536008815355 136 182 318
2014-01-08T02:00:00 0.474255979463 0.525744020537 132 160 292
2014-01-08T03:00:00 0.470331590499 0.529668409501 112 141 253
2014-01-08T04:00:00 0.483853058813 0.516146941187 102 109 211
2014-01-08T05:00:00 0.488048171865 0.511951828135 75 76 151
2014-01-08T06:00:00 0.481673917228 0.518326082772 43 47 90
2014-01-08T07:00:00 0.456042733887 0.543957266113 31 44 75
2014-01-08T08:00:00 0.451528852493 0.548471147507 39 55 94
2014-01-08T09:00:00 0.464023096795 0.535976903205 53 66 119
2014-01-08T10:00:00 0.459389615632 0.540610384368 65 88 153
2014-01-08T11:00:00 0.453145626002 0.546854373998 81 117 198
2014-01-08T12:00:00 0.460991365194 0.539008634806 109 143 252
2014-01-08T13:00:00 0.462458194341 0.537541805659 116 145 261
2014-01-08T14:00:00 0.464102441164 0.535897558836 115 140 255
2014-01-08T15:00:00 0.465196205877 0.534803794123 113 136 249
2014-01-08T16:00:00 0.461736988748 0.538263011252 107 132 239
2014-01-08T17:00:00 0.458901306878 0.541098693122 99 126 225
2014-01-08T18:00:00 0.442663702825 0.557336297175 77 117 194
2014-01-08T19:00:00 0.446067741333 0.553932258667 83 128 211
2014-01-08T20:00:00 0.447016778768 0.552983221232 93 145 238
2014-01-09T19:00:00 0.435919322666 0.564080677334 108 194 302
2014-01-09T20:00:00 0.459082990529 0.540917009471 128 178 306
2014-01-09T21:00:00 0.465201828491 0.534798171509 137 182 319
2014-01-09T22:00:00 0.461290782403 0.538709217597 143 202 345
2014-01-09T23:00:00 0.462022901215 0.537977098785 167 233 400
2014-02-09T18:00:00 0.437738917688 0.562261082312 125 217 342
2014-02-09T19:00:00 0.448176299315 0.551823700685 127 200 327
2014-02-09T20:00:00 0.441152695299 0.558847304701 125 214 339
2014-02-09T21:00:00 0.454168609971 0.545831390029 137 208 345
2014-02-09T22:00:00 0.449821341019 0.550178658981 141 227 368
2014-02-09T23:00:00 0.466633885632 0.533366114368 172 226 398
2014-03-20T00:00:00 0.451992211552 0.548007788448 172 258 430
2014-03-20T01:00:00 0.455545315811 0.544454684189 165 239 404
2014-03-20T02:00:00 0.454149270869 0.545850729131 147 214 361
2014-03-20T03:00:00 0.450190261444 0.549809738556 120 184 304
2014-03-20T04:00:00 0.454806495818 0.545193504182 88 129 217
2014-03-20T05:00:00 0.452728344182 0.547271655818 51 76 127
2014-03-20T06:00:00 0.421054153688 0.578945846312 24 47 71
2014-03-20T07:00:00 0.385716443263 0.614283556737 14 40 54
2014-03-20T08:00:00 0.427674363252 0.572325636748 32 57 89
2014-03-20T09:00:00 0.442109098241 0.557890901759 53 81 134
2014-03-20T10:00:00 0.434265646893 0.565734353107 68 116 184
2014-03-20T11:00:00 0.425242611297 0.574757388703 82 153 235
2014-03-20T12:00:00 0.424245551964 0.575754448036 98 186 284
2014-03-20T13:00:00 0.422299974423 0.577700025577 109 216 325
2014-03-20T14:00:00 0.413314563602 0.586685436398 111 243 354
2014-03-20T15:00:00 0.4102915116 0.5897084884 114 259 373
2014-03-20T16:00:00 0.413697912728 0.586302087272 119 258 377
2014-03-20T17:00:00 0.41613872015 0.58386127985 125 269 394
2014-03-20T18:00:00 0.416817657721 0.583182342279 133 282 415
2014-03-20T19:00:00 0.42215962739 0.57784037261 149 303 452
2014-03-20T20:00:00 0.432592853799 0.567407146201 164 305 469
2014-03-20T21:00:00 0.440783968588 0.559216031412 198 343 541
2014-03-20T22:00:00 0.435112329866 0.564887670134 222 407 629
2014-03-20T23:00:00 0.444261117775 0.555738882225 278 457 735
2014-04-28T00:00:00 0.448628171741 0.551371828259 306 492 798
2014-04-28T01:00:00 0.451857072731 0.548142927269 307 475 782
2014-04-28T02:00:00 0.455378342389 0.544621657611 286 428 714
2014-04-28T03:00:00 0.455721433371 0.544278566629 237 354 591
2014-04-28T04:00:00 0.455622598243 0.544377401757 181 270 451
2014-04-28T05:00:00 0.455165144884 0.544834855116 116 175 291
2014-04-28T06:00:00 0.465684535219 0.534315464781 68 93 161
2014-04-28T07:00:00 0.464505591736 0.535494408264 60 83 143
2014-04-28T08:00:00 0.456649178881 0.543350821119 74 105 179
2014-04-28T09:00:00 0.45169768353 0.54830231647 95 145 240
2014-04-28T10:00:00 0.442861164121 0.557138835879 117 200 317
2014-04-28T11:00:00 0.443021512816 0.556978487184 156 264 420
2014-04-28T12:00:00 0.447116416575 0.552883583425 195 308 503
2014-04-28T13:00:00 0.448303877826 0.551696122174 217 337 554
2014-04-28T14:00:00 0.439881199979 0.560118800021 217 378 595
2014-04-28T15:00:00 0.441639016372 0.558360983628 231 389 620
2014-04-28T16:00:00 0.441035588821 0.558964411179 237 402 639
2014-04-28T17:00:00 0.441534833286 0.558465166714 227 381 608
2014-04-28T18:00:00 0.439690766572 0.560309233428 232 405 637
2014-04-28T19:00:00 0.44144425796 0.55855574204 247 429 676
2014-04-28T20:00:00 0.445616659489 0.554383340511 272 454 726
2014-04-28T21:00:00 0.445734813278 0.554265186722 310 513 823
2014-04-28T22:00:00 0.443687978421 0.556312021579 351 596 947
2014-04-28T23:00:00 0.44201292926 0.55798707074 410 710 1120
2014-05-04T00:00:00 0.480498290255 0.519501709745 55 58 113
2014-05-04T01:00:00 0.476187305809 0.523812694191 55 61 116
2014-05-04T02:00:00 0.479187452303 0.520812547697 55 59 114
2014-05-04T03:00:00 0.482360920207 0.517639079793 44 46 90
2014-05-04T04:00:00 0.454626315084 0.545373684916 25 37 62
2014-05-04T05:00:00 0.479423254675 0.520576745325 19 22 41
2014-05-04T06:00:00 0.489483212798 0.510516787202 16 16 32
2014-05-04T07:00:00 0.502780238558 0.497219761442 13 12 25
2014-05-04T08:00:00 0.479389932262 0.520610067738 11 13 24
2014-05-04T09:00:00 0.472508723432 0.527491276568 13 17 30
2014-05-04T10:00:00 0.471804927308 0.528195072692 22 27 49
2014-05-04T11:00:00 0.476239227985 0.523760772015 28 32 60
2014-05-04T12:00:00 0.471339845351 0.528660154649 29 35 64
2014-05-04T13:00:00 0.468415720208 0.531584279792 31 38 69
2014-05-04T14:00:00 0.465550457163 0.534449542837 30 38 68
2014-05-04T15:00:00 0.461344614233 0.538655385767 33 42 75
2014-05-04T16:00:00 0.4525138768 0.5474861232 26 36 62
2014-05-04T17:00:00 0.444559623143 0.555440376857 22 34 56
2014-05-04T18:00:00 0.436497915339 0.563502084661 18 30 48
2014-05-04T19:00:00 0.428693445395 0.571306554605 15 28 43
2014-05-04T20:00:00 0.455469788111 0.544530211889 19 26 45
2014-05-04T21:00:00 0.45742436564 0.54257563436 16 22 38
2014-05-04T22:00:00 0.472647405101 0.527352594899 17 21 38
2014-05-04T23:00:00 0.463570211158 0.536429788842 19 24 43
2014-05-05T00:00:00 0.475989693189 0.524010306811 21 23 44
2014-05-05T01:00:00 0.483075662967 0.516924337033 22 22 44
2014-05-05T02:00:00 0.471166699403 0.528833300597 18 20 38
2014-05-05T03:00:00 0.475766306106 0.524233693894 15 16 31
2014-05-05T04:00:00 0.476137376013 0.523862623987 12 12 24
2014-05-05T05:00:00 0.51291050312 0.48708949688 7 5 12
2014-05-05T06:00:00 0.461971679568 0.538028320432 4 5 9
2014-05-05T07:00:00 0.439865838468 0.560134161532 2 3 5
2014-05-05T08:00:00 0.427721737666 0.572278262334 3 7 10
2014-05-05T09:00:00 0.431327204249 0.568672795751 5 10 15
2014-05-05T10:00:00 0.437182160168 0.562817839832 7 13 20
2014-05-05T11:00:00 0.445855011236 0.554144988764 10 17 27
2014-05-05T12:00:00 0.446900096897 0.553099903103 13 20 33
2014-05-05T13:00:00 0.456098854689 0.543901145311 15 21 36
2014-05-05T14:00:00 0.454031338755 0.545968661245 14 19 33
2014-05-05T15:00:00 0.435464904494 0.564535095506 12 20 32
2014-05-05T16:00:00 0.421682570401 0.578317429599 10 20 30
2014-05-05T17:00:00 0.40630329559 0.59369670441 8 19 27
2014-05-05T18:00:00 0.411837143407 0.588162856593 7 16 23
2014-05-05T19:00:00 0.385342631937 0.614657368063 6 19 25
2014-05-05T20:00:00 0.388221744216 0.611778255784 6 18 24
2014-05-05T21:00:00 0.40939292402 0.59060707598 7 16 23
2014-05-05T22:00:00 0.436975535094 0.563024464906 11 17 28
2014-05-05T23:00:00 0.421859782221 0.578140217779 11 21 32
2014-05-09T00:00:00 0.460681268334 0.539318731666 14 18 32
2014-05-09T01:00:00 0.470808379014 0.529191620986 14 17 31
2014-05-09T02:00:00 0.45670500307 0.54329499693 11 15 26
2014-05-09T17:00:00 0.474353890591 0.525646109409 8 9 17
2014-05-09T18:00:00 0.547281414866 0.452718585134 10 5 15
2014-05-09T19:00:00 0.52991463835 0.47008536165 11 7 18
2014-05-09T20:00:00 0.46068473899 0.53931526101 9 13 22
2014-05-09T21:00:00 0.44647086941 0.55352913059 9 14 23
2014-05-09T22:00:00 0.449580663444 0.550419336556 11 16 27
2014-05-09T23:00:00 0.460055645734 0.539944354266 11 14 25
2014-05-10T00:00:00 0.453472098089 0.546527901911 14 19 33
2014-05-10T01:00:00 0.446939289886 0.553060710114 12 17 29
2014-05-10T02:00:00 0.493849592925 0.506150407075 14 11 25
2014-05-10T03:00:00 0.492202203366 0.507797796634 14 11 25
2014-05-10T04:00:00 0.509176792461 0.490823207539 12 8 20
2014-05-10T05:00:00 0.492832508323 0.507167491677 10 8 18
2014-05-10T06:00:00 0.542005475058 0.457994524942 7 3 10
2014-05-10T07:00:00 0.551673494973 0.448326505027 8 3 11
2014-05-10T08:00:00 0.50245706064 0.49754293936 7 5 12
2014-05-10T09:00:00 0.515331065271 0.484668934729 7 5 12
2014-05-10T10:00:00 0.48252699594 0.51747300406 9 9 18
2014-05-10T11:00:00 0.473255576887 0.526744423113 10 11 21
2014-05-10T12:00:00 0.429389146316 0.570610853684 11 20 31
2014-05-10T13:00:00 0.43267181776 0.56732818224 15 26 41
2014-05-10T14:00:00 0.434446722112 0.565553277888 16 27 43
2014-05-10T15:00:00 0.421393877798 0.578606122202 15 30 45
2014-05-10T16:00:00 0.417495466301 0.582504533699 14 30 44
2014-05-10T17:00:00 0.415189344994 0.584810655006 14 31 45
2014-05-10T18:00:00 0.457281726405 0.542718273595 18 25 43
2014-05-10T19:00:00 0.438039332687 0.561960667313 16 28 44
2014-05-10T20:00:00 0.440408063077 0.559591936923 16 27 43
2014-05-10T21:00:00 0.462251210156 0.537748789844 20 27 47
2014-05-10T22:00:00 0.476000759287 0.523999240713 23 27 50
2014-05-10T23:00:00 0.482304201682 0.517695798318 29 31 60
2014-05-11T00:00:00 0.471975392712 0.528024607288 27 32 59
2014-05-11T01:00:00 0.464438769908 0.535561230092 23 29 52
2014-05-11T02:00:00 0.449785767267 0.550214232733 21 31 52
2014-05-11T03:00:00 0.44591140242 0.55408859758 18 27 45
2014-05-11T04:00:00 0.431321297887 0.568678702113 14 24 38
2014-05-11T05:00:00 0.413439146548 0.586560853452 8 17 25
2014-05-11T06:00:00 0.361193322277 0.638806677723 3 12 15
2014-05-11T07:00:00 0.391907902536 0.608092097464 3 9 12
2014-05-11T08:00:00 0.4670733216 0.5329266784 6 8 14
2014-05-11T09:00:00 0.431493324604 0.568506675396 8 15 23
2014-05-11T10:00:00 0.431972020321 0.568027979679 14 26 40
2014-05-11T11:00:00 0.431450423214 0.568549576786 17 33 50
2014-05-11T12:00:00 0.419716301653 0.580283698347 18 41 59
2014-05-11T13:00:00 0.427391028678 0.572608971322 23 46 69
2014-05-11T14:00:00 0.427719897182 0.572280102818 26 50 76
2014-05-11T15:00:00 0.439234359441 0.560765640559 27 46 73
2014-05-11T16:00:00 0.436934973284 0.563065026716 24 43 67
2014-05-11T17:00:00 0.442175627481 0.557824372519 25 42 67
2014-05-11T18:00:00 0.444158779693 0.555841220307 24 39 63
2014-05-11T19:00:00 0.450365024834 0.549634975166 25 38 63
2014-05-11T20:00:00 0.445130526148 0.554869473852 19 32 51
2014-05-11T21:00:00 0.452626013984 0.547373986016 23 36 59
2014-05-11T22:00:00 0.44841389392 0.55158610608 22 35 57
2014-05-11T23:00:00 0.445289743448 0.554710256552 22 36 58
2014-05-12T00:00:00 0.443012177299 0.556987822701 25 41 66
2014-05-12T01:00:00 0.420675017568 0.579324982432 20 42 62
2014-05-12T02:00:00 0.42416234939 0.57583765061 20 41 61
2014-05-12T03:00:00 0.404419206515 0.595580793485 13 33 46
2014-05-12T04:00:00 0.420224085115 0.579775914885 12 25 37
2014-05-12T05:00:00 0.418454808419 0.581545191581 9 18 27
2014-05-12T06:00:00 0.452807466377 0.547192533623 6 8 14
2014-05-12T07:00:00 0.680594613493 0.319405386507 6 0 6
2014-05-12T08:00:00 0.568297987464 0.431702012536 8 3 11
2014-05-12T09:00:00 0.561736162671 0.438263837329 12 5 17
2014-05-12T10:00:00 0.511316496214 0.488683503786 15 11 26
2014-05-12T11:00:00 0.494035589885 0.505964410115 16 14 30
2014-05-12T12:00:00 0.464731079168 0.535268920832 20 24 44
2014-05-12T13:00:00 0.470853465617 0.529146534383 23 26 49
2014-05-12T14:00:00 0.482785927718 0.517214072282 23 23 46
2014-05-12T15:00:00 0.456841747479 0.543158252521 18 24 42
2014-05-12T16:00:00 0.449619046371 0.550380953629 15 23 38
2014-05-12T17:00:00 0.440322001082 0.559677998918 14 24 38
2014-05-12T18:00:00 0.450782071041 0.549217928959 11 18 29
2014-05-12T19:00:00 0.444443142361 0.555556857639 10 18 28
2014-05-12T20:00:00 0.414018328353 0.585981671647 9 22 31
2014-05-12T21:00:00 0.446008503165 0.553991496835 13 21 34
2014-05-12T22:00:00 0.458756313101 0.541243686899 14 19 33
2014-05-12T23:00:00 0.462471058038 0.537528941962 16 21 37
2014-06-02T14:00:00 0.422554402524 0.577445597476 91 192 283
2014-06-02T15:00:00 0.42342907419 0.57657092581 94 200 294
2014-06-02T16:00:00 0.429835777905 0.570164222095 100 200 300
2014-06-02T17:00:00 0.431966762627 0.568033237373 107 207 314
2014-06-02T18:00:00 0.432736930337 0.567263069663 122 232 354
2014-06-02T19:00:00 0.434274508852 0.565725491148 131 244 375
2014-06-02T20:00:00 0.43791926553 0.56208073447 138 247 385
2014-06-02T21:00:00 0.446034857251 0.553965142749 145 237 382
2014-06-02T22:00:00 0.441618346566 0.558381653434 146 248 394
2014-06-02T23:00:00 0.448923461965 0.551076538035 159 251 410
2014-06-03T00:00:00 0.457609419766 0.542390580234 172 244 416
2014-06-03T01:00:00 0.461619078704 0.538380921296 166 230 396
2014-06-03T02:00:00 0.465837301636 0.534162698364 151 200 351
2014-06-03T03:00:00 0.468032048727 0.531967951273 133 170 303
2014-06-03T04:00:00 0.474548205305 0.525451794695 111 134 245
2014-06-03T05:00:00 0.484038535602 0.515961464398 84 90 174
2014-06-03T06:00:00 0.478752820442 0.521247179558 42 50 92
2014-06-03T07:00:00 0.476179134327 0.523820865673 30 36 66
2014-06-03T08:00:00 0.465293119966 0.534706880034 29 38 67
2014-06-03T09:00:00 0.458329655578 0.541670344422 36 53 89
2014-06-03T10:00:00 0.440237642942 0.559762357058 44 79 123
2014-06-03T11:00:00 0.441692012967 0.558307987033 60 111 171
2014-06-03T12:00:00 0.436599792909 0.563400207091 79 152 231
2014-06-03T13:00:00 0.441936796809 0.558063203191 94 167 261
2014-06-03T14:00:00 0.446693737463 0.553306262537 101 172 273
2014-06-03T15:00:00 0.438818821076 0.561181178924 99 181 280
2014-06-03T16:00:00 0.440575313393 0.559424686607 99 175 274
2014-06-03T17:00:00 0.439474537124 0.560525462876 94 163 257
2014-06-03T18:00:00 0.454012255691 0.545987744309 89 131 220
2014-06-03T19:00:00 0.448894177725 0.551105822275 79 126 205
2014-06-03T20:00:00 0.438642838078 0.561357161922 81 143 224
2014-06-03T21:00:00 0.433012626986 0.566987373014 89 173 262
2014-06-03T22:00:00 0.440185112398 0.559814887602 97 173 270
2014-06-03T23:00:00 0.444959768227 0.555040231773 111 186 297
2014-06-08T08:00:00 0.458100390591 0.541899609409 44 61 105
2014-06-08T09:00:00 0.441387690311 0.558612309689 51 84 135
2014-06-08T10:00:00 0.44718613033 0.55281386967 64 99 163
2014-06-08T11:00:00 0.447240257031 0.552759742969 80 122 202
2014-06-08T12:00:00 0.443923952049 0.556076047951 94 147 241
2014-06-08T13:00:00 0.442839324698 0.557160675302 103 163 266
2014-06-08T14:00:00 0.443413885488 0.556586114512 112 177 289
2014-06-08T15:00:00 0.45925556296 0.540744437041 136 182 318
2014-06-08T16:00:00 0.460440649877 0.539559350123 162 212 374
2014-06-08T17:00:00 0.451563274959 0.548436725041 168 239 407
2014-06-08T18:00:00 0.447092024494 0.552907975506 168 250 418
2014-06-08T19:00:00 0.442652875402 0.557347124598 169 264 433
2014-06-08T20:00:00 0.437495717185 0.562504282815 172 285 457
2014-06-08T21:00:00 0.429475992122 0.570524007878 158 287 445
2014-06-08T22:00:00 0.433141719414 0.566858280586 155 270 425
2014-06-08T23:00:00 0.445729360817 0.554270639183 169 263 432
2014-06-09T00:00:00 0.454674607915 0.545325392085 182 261 443
2014-06-09T01:00:00 0.46269411069 0.53730588931 178 234 412
2014-06-09T02:00:00 0.467971728256 0.532028271744 156 195 351
2014-06-09T03:00:00 0.473951901903 0.526048098097 138 163 301
2014-06-09T04:00:00 0.466859947768 0.533140052232 102 133 235
2014-06-09T05:00:00 0.461992434173 0.538007565827 65 89 154
2014-06-09T06:00:00 0.450504455864 0.549495544136 35 54 89
2014-06-09T07:00:00 0.438369647891 0.561630352109 23 43 66
2014-06-09T08:00:00 0.441675625192 0.558324374808 30 53 83
2014-06-09T09:00:00 0.449501700372 0.550498299628 46 73 119
2014-06-09T10:00:00 0.438004188269 0.561995811731 52 93 145
2014-06-09T11:00:00 0.435103974989 0.564896025011 65 115 180
2014-06-09T12:00:00 0.432653436457 0.567346563543 74 133 207
2014-06-09T13:00:00 0.431061364434 0.568938635566 76 142 218
2014-06-09T14:00:00 0.435985572426 0.564014427574 84 146 230
2014-06-09T15:00:00 0.427889757316 0.572110242684 77 142 219
2014-06-09T16:00:00 0.430742586831 0.569257413169 78 138 216
2014-06-09T17:00:00 0.430235308142 0.569764691858 76 136 212
2014-06-09T18:00:00 0.433197503665 0.566802496335 73 126 199
2014-06-09T19:00:00 0.433493976447 0.566506023553 75 126 201
2014-06-09T20:00:00 0.436477381963 0.563522618037 86 141 227
2014-06-09T21:00:00 0.445515919787 0.554484080213 103 158 261
2014-06-09T22:00:00 0.45077609544 0.54922390456 129 188 317
2014-07-11T00:00:00 0.458226506785 0.541773493215 172 245 417
2014-07-11T01:00:00 0.457764992358 0.542235007642 179 258 437
2014-07-11T02:00:00 0.460363391797 0.539636608203 171 238 409
2014-07-11T03:00:00 0.462364920838 0.537635079162 155 211 366
2014-07-11T04:00:00 0.456978085658 0.543021914342 121 173 294
2014-07-11T05:00:00 0.456900307261 0.543099692739 90 128 218
2014-07-11T06:00:00 0.473243276235 0.526756723765 58 67 125
2014-07-11T07:00:00 0.472386760365 0.527613239635 44 51 95
2014-07-11T08:00:00 0.468614477531 0.531385522469 50 59 109
2014-07-11T09:00:00 0.442821855326 0.557178144674 56 86 142
2014-07-11T10:00:00 0.442224763174 0.557775236826 80 128 208
2014-07-11T11:00:00 0.459022320901 0.540977679099 107 144 251
2014-07-11T12:00:00 0.451764979351 0.548235020649 115 166 281
2014-07-11T13:00:00 0.436383842871 0.563616157129 112 185 297
2014-07-11T14:00:00 0.433637228147 0.566362771853 114 194 308
2014-07-11T15:00:00 0.438693864385 0.561306135615 121 194 315
2014-07-11T16:00:00 0.431169229836 0.568830770164 116 192 308
2014-07-11T17:00:00 0.417923552054 0.582076447946 108 209 317
2014-07-11T18:00:00 0.423038201899 0.576961798101 121 217 338
2014-07-11T19:00:00 0.43617941074 0.56382058926 147 236 383
2014-07-11T20:00:00 0.435800531536 0.564199468464 156 255 411
2014-07-11T21:00:00 0.430922865222 0.569077134778 160 284 444
2014-07-11T22:00:00 0.443800610271 0.556199389729 185 293 478
2014-07-11T23:00:00 0.449043937796 0.550956062204 221 336 557
2014-07-12T00:00:00 0.455363330939 0.544636669061 246 357 603
2014-07-12T01:00:00 0.45249699713 0.54750300287 241 359 600
2014-07-12T17:00:00 0.419677389309 0.580322610691 151 287 438
2014-07-12T18:00:00 0.427016399659 0.572983600341 151 270 421
2014-07-12T19:00:00 0.425087205342 0.574912794658 146 275 421
2014-07-12T20:00:00 0.430023605612 0.569976394388 146 266 412
2014-07-12T21:00:00 0.436968752478 0.563031247522 169 286 455
2014-07-12T22:00:00 0.447116532479 0.552883467521 197 301 498
2014-07-12T23:00:00 0.44150440685 0.55849559315 211 343 554
2014-07-13T00:00:00 0.448504981555 0.551495018445 233 347 580
2014-07-13T01:00:00 0.457652358351 0.542347641649 245 329 574
2014-07-13T02:00:00 0.455515493708 0.544484506292 229 316 545
2014-07-13T03:00:00 0.45443755186 0.54556244814 193 268 461
2014-07-13T04:00:00 0.450878764429 0.549121235571 151 217 368
2014-07-13T05:00:00 0.466963524431 0.533036475569 122 146 268
2014-07-13T06:00:00 0.446037714524 0.553962285476 72 112 184
2014-07-13T07:00:00 0.429688922206 0.570311077794 49 94 143
2014-07-13T08:00:00 0.440350370121 0.559649629879 55 92 147
2014-07-13T09:00:00 0.425809867234 0.574190132766 65 131 196
2014-07-13T10:00:00 0.424329231485 0.575670768515 84 172 256
2014-07-13T11:00:00 0.417178294736 0.582821705264 97 218 315
2014-07-13T12:00:00 0.415143002494 0.584856997506 117 264 381
2014-07-13T13:00:00 0.411247459183 0.588752540817 129 304 433
2014-07-13T14:00:00 0.409118215898 0.590881784102 131 319 450
2014-07-13T15:00:00 0.418825972578 0.581174027422 149 313 462
2014-07-13T16:00:00 0.419756755859 0.580243244141 147 303 450
2014-07-13T17:00:00 0.425704712081 0.574295287919 146 276 422
2014-07-13T18:00:00 0.429180351304 0.570819648696 139 254 393
2014-07-13T19:00:00 0.433399759805 0.566600240195 129 230 359
2014-07-13T20:00:00 0.434040531252 0.565959468748 125 219 344
2014-07-13T21:00:00 0.43126648668 0.56873351332 118 221 339
2014-07-13T22:00:00 0.42787405531 0.57212594469 119 230 349
2014-07-13T23:00:00 0.439000366888 0.560999633112 140 243 383
2014-07-21T00:00:00 0.465730382491 0.534269617509 167 220 387
2014-07-21T01:00:00 0.459489106972 0.540510893028 149 209 358
2014-07-21T02:00:00 0.455744086337 0.544255913663 130 191 321
2014-07-21T03:00:00 0.457866112358 0.542133887642 113 162 275
2014-07-21T04:00:00 0.456867342051 0.543132657949 85 123 208
2014-07-21T05:00:00 0.456794358798 0.543205641202 55 81 136
2014-07-21T06:00:00 0.442945041834 0.557054958166 26 44 70
2014-07-21T07:00:00 0.482341139176 0.517658860824 24 26 50
2014-07-21T08:00:00 0.492044489915 0.507955510085 26 27 53
2014-07-21T09:00:00 0.467683690152 0.532316309849 34 45 79
2014-07-21T10:00:00 0.453189674138 0.546810325862 46 68 114
2014-07-21T11:00:00 0.455503408282 0.544496591718 63 92 155
2014-07-21T12:00:00 0.453260807815 0.546739192185 76 114 190
2014-07-21T13:00:00 0.45252883151 0.54747116849 82 125 207
2014-07-21T14:00:00 0.445846783427 0.554153216573 84 136 220
2014-07-21T15:00:00 0.443727814745 0.556272185255 86 142 228
2014-07-21T16:00:00 0.450619651105 0.549380348895 94 143 237
2014-07-21T17:00:00 0.451055838827 0.548944161173 99 146 245
2014-07-21T18:00:00 0.446516803115 0.553483196885 99 152 251
2014-07-21T19:00:00 0.448722070411 0.551277929589 123 176 299
2014-07-21T20:00:00 0.445919413554 0.554080586446 134 198 332
2014-07-21T21:00:00 0.44409960419 0.55590039581 132 200 332
2014-07-21T22:00:00 0.445934993131 0.554065006869 139 209 348
2014-07-21T23:00:00 0.44821651074 0.55178348926 149 225 374
2014-07-22T00:00:00 0.450605903461 0.549394096539 168 249 417
2014-07-22T01:00:00 0.451315001829 0.548684998171 156 238 394
2014-07-22T02:00:00 0.455053577878 0.544946422122 144 213 357
2014-07-22T03:00:00 0.459059323641 0.540940676359 136 193 329
2014-07-22T04:00:00 0.458488447002 0.541511552998 114 163 277
2014-07-22T05:00:00 0.457951556723 0.542048443277 87 123 210
2014-07-22T06:00:00 0.47401882799 0.52598117201 57 68 125
2014-07-22T07:00:00 0.46750812028 0.53249187972 44 54 98
2014-07-22T08:00:00 0.461072084857 0.538927915143 41 53 94
2014-07-22T09:00:00 0.460629690603 0.539370309397 45 58 103
2014-07-22T10:00:00 0.439426954669 0.560573045331 45 77 122
2014-07-22T11:00:00 0.433960820065 0.566039179935 54 101 155
2014-07-22T12:00:00 0.441753030356 0.558246969644 72 123 195
2014-07-22T13:00:00 0.446439545463 0.553560454537 79 130 209
2014-07-22T14:00:00 0.45560348388 0.54439651612 93 140 233
2014-07-22T15:00:00 0.455971120989 0.544028879011 104 157 261
2014-07-22T16:00:00 0.463000078508 0.536999921492 112 155 267
2014-07-22T17:00:00 0.463977457015 0.536022542985 120 163 283
2014-07-22T18:00:00 0.462420148093 0.537579851907 125 174 299
2014-07-22T19:00:00 0.462578639461 0.537421360539 131 182 313
2014-07-22T20:00:00 0.465742525898 0.534257474102 136 181 317
2014-07-22T21:00:00 0.465346904322 0.534653095678 141 191 332
2014-07-22T22:00:00 0.4715117471 0.5284882529 159 202 361
2014-07-22T23:00:00 0.475390619448 0.524609380552 172 211 383
2014-07-23T00:00:00 0.475576111174 0.524423888826 189 232 421
2014-07-23T01:00:00 0.470966335636 0.529033664364 180 231 411
2014-07-23T02:00:00 0.466225327628 0.533774672372 164 222 386
2014-07-23T03:00:00 0.466395761252 0.533604238748 140 187 327
2014-07-23T04:00:00 0.461287205839 0.538712794161 110 156 266
2014-07-23T05:00:00 0.455946634477 0.544053365523 75 112 187
2014-07-23T06:00:00 0.434971740884 0.565028259116 33 61 94
2014-07-23T07:00:00 0.493195310486 0.506804689514 35 36 71
2014-07-23T08:00:00 0.511374542886 0.488625457114 38 33 71
2014-07-23T09:00:00 0.506077370371 0.493922629629 43 39 82
2014-07-23T10:00:00 0.503200938584 0.496799061416 53 48 101
2014-07-23T11:00:00 0.501981821966 0.498018178034 67 61 128
2014-07-23T12:00:00 0.486507279378 0.513492720622 70 72 142
2014-07-23T13:00:00 0.463517929422 0.536482070578 62 82 144
2014-07-23T14:00:00 0.452128404995 0.547871595005 62 89 151
2014-07-23T15:00:00 0.456305370034 0.543694629966 67 91 158
2014-08-05T01:00:00 0.452261776298 0.547738223702 87 130 217
2014-08-05T02:00:00 0.451185254243 0.548814745757 75 112 187
2014-08-05T03:00:00 0.440552487858 0.559447512142 57 92 149
2014-08-05T04:00:00 0.423948013762 0.576051986238 36 69 105
2014-08-05T05:00:00 0.422380952153 0.577619047847 24 46 70
2014-08-05T06:00:00 0.411675023604 0.588324976396 12 24 36
2014-08-05T07:00:00 0.392304601525 0.607695398475 8 21 29
2014-08-05T08:00:00 0.406728519973 0.593271480027 12 26 38
2014-08-05T09:00:00 0.430777479864 0.569222520136 20 34 54
2014-08-05T10:00:00 0.440773948246 0.559226051754 29 47 76
2014-08-05T11:00:00 0.441166018418 0.558833981582 36 58 94
2014-08-05T12:00:00 0.451742380745 0.548257619255 49 73 122
2014-08-05T13:00:00 0.455782085343 0.544217914657 66 93 159
2014-08-05T14:00:00 0.462082648186 0.537917351814 73 98 171
2014-08-05T15:00:00 0.466232339361 0.533767660639 81 104 185
2014-08-05T16:00:00 0.463108831606 0.536891168394 79 103 182
2014-08-05T17:00:00 0.470547113305 0.529452886695 84 102 186
2014-08-05T18:00:00 0.458663249427 0.541336750573 80 110 190
2014-08-05T19:00:00 0.455989238296 0.544010761704 76 111 187
2014-08-05T20:00:00 0.453840572478 0.546159427522 79 119 198
2014-08-05T21:00:00 0.446021190179 0.553978809821 78 126 204
2014-08-05T22:00:00 0.452595842781 0.547404157219 99 149 248
2014-08-05T23:00:00 0.44945852527 0.55054147473 113 175 288
2014-08-06T00:00:00 0.457298057633 0.542701942367 133 188 321
2014-08-06T01:00:00 0.463026049448 0.536973950552 137 179 316
2014-08-06T02:00:00 0.459547461292 0.540452538708 126 169 295
2014-08-06T03:00:00 0.463534315359 0.536465684641 113 149 262
2014-08-06T04:00:00 0.466693512937 0.533306487063 88 113 201
2014-08-06T05:00:00 0.469295135932 0.530704864068 61 76 137
2014-08-06T06:00:00 0.46244580107 0.53755419893 31 41 72
2014-08-06T07:00:00 0.450431330044 0.549568669956 19 30 49
2014-08-06T08:00:00 0.47506943894 0.52493056106 30 38 68
2014-08-06T09:00:00 0.462291847375 0.537708152625 42 56 98
2014-08-06T10:00:00 0.460844117752 0.539155882248 61 82 143
2014-08-06T11:00:00 0.465991050443 0.534008949557 75 97 172
2014-08-06T12:00:00 0.465938179377 0.534061820623 88 113 201
2014-08-06T13:00:00 0.452848025472 0.547151974528 91 134 225
2014-08-06T14:00:00 0.453890939509 0.546109060491 91 133 224
2014-08-06T15:00:00 0.460535664592 0.539464335408 92 126 218
2014-08-06T16:00:00 0.451282201253 0.548717798747 86 131 217
2014-08-06T17:00:00 0.45816023646 0.54183976354 92 129 221
2014-08-06T18:00:00 0.455037167752 0.544962832248 90 133 223
2014-08-06T19:00:00 0.463052519793 0.536947480207 99 133 232
2014-08-06T20:00:00 0.456449235257 0.543550764743 94 131 225
2014-08-06T21:00:00 0.450554161116 0.549445838884 97 146 243
2014-08-06T22:00:00 0.445342205184 0.554657794816 97 153 250
2014-08-06T23:00:00 0.444859725712 0.555140274288 103 166 269
2014-08-12T08:00:00 0.440866650711 0.559133349289 74 122 196
2014-08-12T09:00:00 0.451634350051 0.548365649949 106 158 264
2014-08-12T10:00:00 0.453903719367 0.546096280633 140 202 342
2014-08-12T11:00:00 0.457629096823 0.542370903177 175 247 422
2014-08-12T12:00:00 0.454994428611 0.545005571389 194 286 480
2014-08-12T13:00:00 0.445823162581 0.554176837419 205 338 543
2014-08-12T14:00:00 0.451255949554 0.548744050446 265 414 679
2014-08-12T15:00:00 0.445920049441 0.554079950559 257 431 688
2014-08-12T16:00:00 0.442199846221 0.557800153779 254 447 701
2014-08-12T17:00:00 0.443107951648 0.556892048352 259 451 710
2014-08-12T18:00:00 0.44655827532 0.55344172468 277 461 738
2014-08-12T19:00:00 0.451095743092 0.548904256908 281 438 719
2014-08-12T20:00:00 0.441566571162 0.558433428838 223 385 608
2014-08-12T21:00:00 0.445475790894 0.554524209106 263 432 695
2014-08-12T22:00:00 0.452471029634 0.547528970366 328 505 833
2014-08-12T23:00:00 0.457287317061 0.542712682939 406 591 997
2014-09-03T13:00:00 0.453067496572 0.546932503428 158 237 395
2014-09-03T14:00:00 0.447590577559 0.552409422441 140 224 364
2014-09-03T15:00:00 0.453356638603 0.546643361397 131 199 330
2014-09-03T16:00:00 0.45012231962 0.54987768038 112 176 288
2014-09-03T17:00:00 0.459543816721 0.540456183279 111 158 269
2014-09-03T18:00:00 0.451654614789 0.548345385211 97 150 247
2014-09-03T19:00:00 0.463236925995 0.536763074005 90 124 214
2014-09-03T20:00:00 0.4835983955 0.5164016045 106 119 225
2014-09-03T21:00:00 0.48453911935 0.51546088065 106 117 223
2014-09-03T22:00:00 0.484488155914 0.515511844086 122 137 259
2014-09-16T00:00:00 0.474177711146 0.525822288854 171 208 379
2014-09-16T01:00:00 0.467674443477 0.532325556523 160 209 369
2014-09-16T02:00:00 0.460000541687 0.539999458313 138 196 334
2014-09-16T03:00:00 0.459018311675 0.540981688325 116 167 283
2014-09-16T04:00:00 0.455707536595 0.544292463405 89 133 222
2014-09-16T05:00:00 0.439935221305 0.560064778695 48 88 136
2014-09-16T06:00:00 0.437512980039 0.562487019961 24 44 68
2014-09-16T07:00:00 0.459558923311 0.540441076689 22 30 52
2014-09-16T08:00:00 0.504392219631 0.495607780369 38 31 69
2014-09-16T09:00:00 0.500153154977 0.499846845023 46 41 87
2014-09-16T10:00:00 0.503977815466 0.496022184534 57 50 107
2014-09-16T11:00:00 0.485041850253 0.514958149747 65 71 136
2014-09-16T12:00:00 0.48632582625 0.51367417375 82 88 170
2014-09-16T13:00:00 0.476553267403 0.523446732597 88 107 195
2014-09-16T14:00:00 0.46580459587 0.53419540413 91 125 216
2014-09-16T15:00:00 0.468078765696 0.531921234304 99 131 230
2014-09-16T16:00:00 0.465652474257 0.534347525743 98 135 233
2014-09-16T17:00:00 0.466442957926 0.533557042074 94 128 222
2014-09-16T18:00:00 0.456418657064 0.543581342936 83 125 208
2014-09-16T19:00:00 0.469894337708 0.530105662292 86 111 197
2014-09-16T20:00:00 0.464632573577 0.535367426423 86 119 205
2014-09-16T21:00:00 0.451069176807 0.548930823193 92 147 239
2014-09-16T22:00:00 0.450789722288 0.549210277712 112 174 286
2014-09-16T23:00:00 0.465313801147 0.534686198853 155 201 356
2014-10-01T16:00:00 0.486884150732 0.513115849268 400 413 813
2014-10-01T17:00:00 0.495206411009 0.504793588991 455 431 886
2014-10-01T18:00:00 0.502188064609 0.497811935391 507 447 954
2014-10-01T19:00:00 0.503227613366 0.496772386634 563 492 1055
2014-10-01T20:00:00 0.49930613764 0.50069386236 601 546 1147
2014-10-01T21:00:00 0.499620035391 0.500379964609 646 587 1233
2014-10-01T22:00:00 0.499509092131 0.500490907869 680 616 1296
2014-10-01T23:00:00 0.498071556064 0.501928443936 707 655 1362
2014-10-02T00:00:00 0.495885737497 0.504114262503 704 666 1370
2014-10-02T01:00:00 0.494374101863 0.505625898137 643 620 1263
2014-10-02T02:00:00 0.496037760584 0.503962239416 553 525 1078
2014-10-02T03:00:00 0.489961570681 0.510038429319 432 440 872
2014-10-02T04:00:00 0.487224417902 0.512775582098 312 328 640
2014-10-02T05:00:00 0.481587019707 0.518412980293 193 214 407
2014-10-02T06:00:00 0.464731888806 0.535268111194 99 132 231
2014-10-02T07:00:00 0.446324933206 0.553675066794 69 109 178
2014-10-02T08:00:00 0.448868969633 0.551131030367 75 117 192
2014-10-02T09:00:00 0.42854113089 0.57145886911 82 151 233
2014-10-02T10:00:00 0.438921982045 0.561078017955 118 197 315
2014-10-02T11:00:00 0.43759213863 0.56240786137 150 252 402
2014-10-02T12:00:00 0.43551139799 0.56448860201 189 326 515
2014-10-02T13:00:00 0.438303751698 0.561696248302 215 357 572
2014-10-02T14:00:00 0.437506838293 0.562493161707 228 379 607
2014-10-02T15:00:00 0.442613903288 0.557386096712 244 386 630
2014-10-02T16:00:00 0.436523344277 0.563476655723 240 406 646
2014-10-02T17:00:00 0.438754982275 0.561245017725 243 404 647
2014-10-02T18:00:00 0.447599787634 0.552400212366 243 369 612
2014-10-02T19:00:00 0.448370587261 0.551629412739 239 362 601
2014-10-02T20:00:00 0.449694374112 0.550305625888 242 359 601
2014-10-02T21:00:00 0.453765598717 0.546234401283 259 372 631
2014-10-02T22:00:00 0.465045616034 0.534954383966 293 371 664
2014-10-02T23:00:00 0.46578855736 0.53421144264 316 403 719
2014-10-14T00:00:00 0.459707292095 0.540292707905 175 239 414
2014-10-14T01:00:00 0.458616963091 0.541383036909 176 244 420
2014-10-14T02:00:00 0.462604785875 0.537395214125 170 227 397
2014-10-14T03:00:00 0.449842912491 0.550157087509 132 202 334
2014-10-14T04:00:00 0.443926103689 0.556073896311 107 175 282
2014-10-14T05:00:00 0.459642843403 0.540357156597 78 112 190
2014-10-14T06:00:00 0.459571258197 0.540428741803 51 71 122
2014-10-14T07:00:00 0.467374519722 0.532625480278 42 54 96
2014-10-14T08:00:00 0.453744038174 0.546255961826 52 76 128
2014-10-14T09:00:00 0.455241000421 0.544758999579 78 113 191
2014-10-14T10:00:00 0.447100895648 0.552899104352 92 145 237
2014-10-14T11:00:00 0.452253571752 0.547746428248 110 164 274
2014-10-14T12:00:00 0.44800268151 0.55199731849 122 192 314
2014-10-14T13:00:00 0.449038796109 0.550961203891 129 205 334
2014-10-14T14:00:00 0.442588945606 0.557411054394 114 197 311
2014-10-14T15:00:00 0.440759225869 0.559240774131 103 182 285
2014-10-14T16:00:00 0.451525306924 0.548474693076 108 171 279
2014-10-14T17:00:00 0.450880457327 0.549119542673 112 176 288
2014-10-14T18:00:00 0.449723740278 0.550276259722 112 178 290
2014-10-14T19:00:00 0.447966744272 0.552033255728 119 188 307
2014-10-14T20:00:00 0.448490812235 0.551509187765 149 236 385
2014-10-14T21:00:00 0.455149241177 0.544850758823 171 252 423
2014-10-14T22:00:00 0.456524875209 0.543475124791 186 271 457
2014-10-14T23:00:00 0.452489079846 0.547510920154 204 314 518
2014-10-27T00:00:00 0.462342791679 0.537657208321 189 252 441
2014-10-27T01:00:00 0.46070639646 0.53929360354 171 232 403
2014-10-27T16:00:00 0.443986691655 0.556013308345 41 66 107
2014-10-27T17:00:00 0.458141730836 0.541858269164 32 44 76
2014-10-27T18:00:00 0.456450237806 0.543549762194 26 39 65
2014-10-27T19:00:00 0.415307308786 0.584692691214 12 29 41
2014-10-27T20:00:00 0.430421722809 0.569578277191 8 17 25
2014-10-27T21:00:00 0.430421722809 0.569578277191 8 17 25
2014-10-27T22:00:00 0.423781623232 0.576218376768 6 14 20
2014-10-27T23:00:00 0.38971592055 0.61028407945 3 11 14
2014-11-03T00:00:00 0 0 0 0 0
2014-11-03T01:00:00 0 0 0 0 0
2014-11-03T02:00:00 0 0 0 0 0
2014-11-03T03:00:00 0 0 0 0 0
2014-11-03T04:00:00 0 0 0 0 0
2014-11-03T05:00:00 0 0 0 0 0
2014-11-03T06:00:00 0 0 0 0 0
2014-11-03T07:00:00 0 0 0 0 0
2014-11-03T08:00:00 0 0 0 0 0
2014-11-03T09:00:00 0 0 0 0 0
2014-11-03T10:00:00 0 0 0 0 0
2014-11-03T11:00:00 0 0 0 0 0
2014-11-03T12:00:00 0 0 0 0 0
2014-11-03T13:00:00 0 0 0 0 0
2014-11-03T14:00:00 0 0 0 0 0
2014-11-03T15:00:00 0 0 0 0 0
2014-11-03T16:00:00 0 0 0 0 0
2014-11-03T17:00:00 0 0 0 0 0
2014-11-03T18:00:00 0 0 0 0 0
2014-11-03T19:00:00 0 0 0 0 0
2014-11-03T20:00:00 0 0 0 0 0
2014-11-03T21:00:00 0 0 0 0 0
2014-11-03T22:00:00 0 0 0 0 0
2014-11-03T23:00:00 0 0 0 0 0
