2013-06-02T15:00:00 0.652097958402 0.347902041598 1 0 1
2013-06-02T16:00:00 0.652097958402 0.347902041598 1 0 1
2013-06-02T17:00:00 0.652097958402 0.347902041598 1 0 1
2013-06-02T18:00:00 0 0 0 0 0
2013-06-02T19:00:00 0 0 0 0 0
2013-06-02T20:00:00 0 0 0 0 0
2013-06-02T21:00:00 0 0 0 0 0
2013-06-02T22:00:00 0 0 0 0 0
2013-06-02T23:00:00 0 0 0 0 0
2013-06-03T00:00:00 0 0 0 0 0
2013-06-03T01:00:00 0 0 0 0 0
2013-06-03T02:00:00 0 0 0 0 0
2013-06-03T03:00:00 0 0 0 0 0
2013-06-03T04:00:00 0 0 0 0 0
2013-06-03T05:00:00 0 0 0 0 0
2013-06-03T06:00:00 0 0 0 0 0
2013-06-03T07:00:00 0 0 0 0 0
2013-06-03T08:00:00 0 0 0 0 0
2013-06-03T09:00:00 0 0 0 0 0
2013-06-03T10:00:00 0 0 0 0 0
2013-06-03T11:00:00 0 0 0 0 0
2013-06-03T12:00:00 0 0 0 0 0
2013-06-03T13:00:00 0 0 0 0 0
2013-06-03T14:00:00 0 0 0 0 0
2013-06-03T15:00:00 0 0 0 0 0
2013-06-03T16:00:00 0 0 0 0 0
2013-06-03T17:00:00 0 0 0 0 0
2013-06-03T18:00:00 0 0 0 0 0
2013-06-03T19:00:00 0 0 0 0 0
2013-06-03T20:00:00 0 0 0 0 0
2013-06-03T21:00:00 0 0 0 0 0
2013-06-03T22:00:00 0 0 0 0 0
2013-06-03T23:00:00 0 0 0 0 0
2013-06-04T00:00:00 0 0 0 0 0
2013-06-04T01:00:00 0 0 0 0 0
2013-06-04T02:00:00 0 0 0 0 0
2013-06-04T03:00:00 0 0 0 0 0
2013-06-04T04:00:00 0 0 0 0 0
2013-06-04T05:00:00 0 0 0 0 0
2013-06-04T06:00:00 0 0 0 0 0
2013-06-04T07:00:00 0 0 0 0 0
2013-06-04T08:00:00 0 0 0 0 0
2013-06-04T09:00:00 0 0 0 0 0
2013-06-04T10:00:00 0 0 0 0 0
2013-06-04T11:00:00 0 0 0 0 0
2013-06-04T12:00:00 0 0 0 0 0
2013-06-04T13:00:00 0 0 0 0 0
2013-06-04T14:00:00 0 0 0 0 0
2013-06-04T15:00:00 0 0 0 0 0
2013-06-04T16:00:00 0 0 0 0 0
2013-06-05T21:00:00 0 0 0 0 0
2013-06-05T22:00:00 0 0 0 0 0
2013-06-05T23:00:00 0 0 0 0 0
2013-06-06T00:00:00 0 0 0 0 0
2013-06-06T01:00:00 0 0 0 0 0
2013-06-06T02:00:00 0 0 0 0 0
2013-06-06T03:00:00 0 0 0 0 0
2013-06-06T04:00:00 0 0 0 0 0
2013-06-06T05:00:00 0 0 0 0 0
2013-06-06T06:00:00 0 0 0 0 0
2013-06-06T07:00:00 0 0 0 0 0
2013-06-06T08:00:00 0 0 0 0 0
2013-06-06T09:00:00 0 0 0 0 0
2013-06-06T10:00:00 0 0 0 0 0
2013-06-06T11:00:00 0 0 0 0 0
2013-06-06T12:00:00 0 0 0 0 0
2013-06-06T13:00:00 0 0 0 0 0
2013-06-06T14:00:00 0 0 0 0 0
2013-06-06T15:00:00 0 0 0 0 0
2013-06-06T16:00:00 0 0 0 0 0
2013-06-06T17:00:00 0 0 0 0 0
2013-06-06T18:00:00 0 0 0 0 0
2013-06-06T19:00:00 0 0 0 0 0
2013-06-06T20:00:00 0 0 0 0 0
2013-06-06T21:00:00 0 0 0 0 0
2013-06-06T22:00:00 0 0 0 0 0
2013-06-06T23:00:00 0 0 0 0 0
2013-06-07T00:00:00 0 0 0 0 0
2013-06-07T01:00:00 0 0 0 0 0
2013-06-07T02:00:00 0 0 0 0 0
2013-06-07T03:00:00 0 0 0 0 0
2013-06-07T04:00:00 0 0 0 0 0
2013-06-07T05:00:00 0 0 0 0 0
2013-06-07T06:00:00 0 0 0 0 0
2013-06-07T07:00:00 0 0 0 0 0
2013-06-07T08:00:00 0 0 0 0 0
2013-06-07T09:00:00 0 0 0 0 0
2013-06-07T10:00:00 0 0 0 0 0
2013-06-07T11:00:00 0 0 0 0 0
2013-06-07T12:00:00 0 0 0 0 0
2013-06-07T13:00:00 0 0 0 0 0
2013-06-07T14:00:00 0 0 0 0 0
2013-06-07T15:00:00 0 0 0 0 0
2013-06-07T16:00:00 0 0 0 0 0
2013-06-07T17:00:00 0 0 0 0 0
2013-06-07T18:00:00 0.675181003903 0.324818996097 1 0 1
2013-06-07T19:00:00 0.675181003903 0.324818996097 1 0 1
2013-06-07T20:00:00 0.675181003903 0.324818996097 1 0 1
2013-06-07T21:00:00 0.675181003903 0.324818996097 1 0 1
2013-06-07T22:00:00 0.675181003903 0.324818996097 1 0 1
2013-06-07T23:00:00 0.675181003903 0.324818996097 1 0 1
2013-06-08T00:00:00 0 0 0 0 0
2013-06-08T01:00:00 0 0 0 0 0
2013-06-08T02:00:00 0 0 0 0 0
2013-06-08T03:00:00 0 0 0 0 0
2013-06-08T04:00:00 0 0 0 0 0
2013-06-08T05:00:00 0 0 0 0 0
2013-06-08T06:00:00 0 0 0 0 0
2013-06-08T07:00:00 0 0 0 0 0
2013-06-08T08:00:00 0 0 0 0 0
2013-06-08T09:00:00 0 0 0 0 0
2013-06-08T10:00:00 0 0 0 0 0
2013-06-08T11:00:00 0 0 0 0 0
2013-06-08T12:00:00 0 0 0 0 0
2013-06-08T13:00:00 0 0 0 0 0
2013-06-08T14:00:00 0 0 0 0 0
2013-06-08T15:00:00 0 0 0 0 0
2013-06-08T16:00:00 0 0 0 0 0
2013-06-08T17:00:00 0 0 0 0 0
2013-06-08T18:00:00 0 0 0 0 0
2013-06-08T19:00:00 0 0 0 0 0
2013-06-08T20:00:00 0 0 0 0 0
2013-06-08T21:00:00 0 0 0 0 0
2013-06-08T22:00:00 0 0 0 0 0
2013-06-08T23:00:00 0 0 0 0 0
2013-06-09T00:00:00 0 0 0 0 0
2013-06-09T01:00:00 0 0 0 0 0
2013-06-15T18:00:00 0 0 0 0 0
2013-06-15T19:00:00 0 0 0 0 0
2013-06-15T20:00:00 0 0 0 0 0
2013-06-15T21:00:00 0 0 0 0 0
2013-06-15T22:00:00 0 0 0 0 0
2013-06-15T23:00:00 0 0 0 0 0
2013-06-16T00:00:00 0 0 0 0 0
2013-06-16T01:00:00 0 0 0 0 0
2013-06-16T02:00:00 0 0 0 0 0
2013-06-16T03:00:00 0 0 0 0 0
2013-06-16T04:00:00 0 0 0 0 0
2013-06-16T05:00:00 0 0 0 0 0
2013-06-16T06:00:00 0 0 0 0 0
2013-06-16T07:00:00 0 0 0 0 0
2013-06-16T08:00:00 0 0 0 0 0
2013-06-16T09:00:00 0 0 0 0 0
2013-06-16T10:00:00 0 0 0 0 0
2013-06-16T11:00:00 0 0 0 0 0
2013-06-16T12:00:00 0 0 0 0 0
2013-06-16T13:00:00 0 0 0 0 0
2013-06-16T14:00:00 0 0 0 0 0
2013-06-16T15:00:00 0 0 0 0 0
2013-06-16T16:00:00 0 0 0 0 0
2013-06-16T17:00:00 0 0 0 0 0
2013-06-16T18:00:00 0 0 0 0 0
2013-06-16T19:00:00 0 0 0 0 0
2013-06-16T20:00:00 0 0 0 0 0
2013-06-16T21:00:00 0 0 0 0 0
2013-06-16T22:00:00 0 0 0 0 0
2013-06-26T02:00:00 0 0 0 0 0
2013-06-26T03:00:00 0 0 0 0 0
2013-06-26T21:00:00 0 0 0 0 0
2013-06-26T22:00:00 0 0 0 0 0
2013-06-26T23:00:00 0 0 0 0 0
2013-06-27T00:00:00 0 0 0 0 0
2013-06-27T01:00:00 0 0 0 0 0
2013-06-28T06:00:00 0 0 0 0 0
2013-06-28T07:00:00 0 0 0 0 0
2013-06-28T08:00:00 0 0 0 0 0
2013-06-28T09:00:00 0 0 0 0 0
2013-06-28T10:00:00 0 0 0 0 0
2013-06-28T11:00:00 0 0 0 0 0
2013-06-28T12:00:00 0 0 0 0 0
2013-06-28T13:00:00 0 0 0 0 0
2013-06-28T14:00:00 0 0 0 0 0
2013-06-28T15:00:00 0 0 0 0 0
2013-06-28T16:00:00 0 0 0 0 0
2013-06-28T17:00:00 0 0 0 0 0
2013-06-28T18:00:00 0 0 0 0 0
2013-06-28T19:00:00 0 0 0 0 0
2013-06-28T20:00:00 0 0 0 0 0
2013-06-28T21:00:00 0 0 0 0 0
2013-06-28T22:00:00 0 0 0 0 0
2013-06-28T23:00:00 0 0 0 0 0
2013-06-29T00:00:00 0 0 0 0 0
2013-06-29T01:00:00 0 0 0 0 0
2013-06-29T02:00:00 0 0 0 0 0
2013-06-29T03:00:00 0 0 0 0 0
2013-06-29T04:00:00 0 0 0 0 0
2013-06-29T05:00:00 0 0 0 0 0
2013-06-29T06:00:00 0 0 0 0 0
2013-06-29T07:00:00 0 0 0 0 0
2013-07-18T15:00:00 0.47401465855 0.52598534145 14 18 32
2013-07-18T16:00:00 0.477964958877 0.522035041123 14 17 31
2013-07-18T17:00:00 0.506630387972 0.493369612028 18 16 34
2013-07-18T18:00:00 0.500948796446 0.499051203554 18 16 34
2013-07-18T19:00:00 0.495392041552 0.504607958448 17 16 33
2013-07-18T20:00:00 0.472330732072 0.527669267928 13 14 27
2013-07-18T21:00:00 0.446327436144 0.553672563856 12 17 29
2013-07-18T22:00:00 0.453192630912 0.546807369088 18 24 42
2013-07-18T23:00:00 0.462569214411 0.537430785589 20 24 44
2013-07-19T00:00:00 0.477735054679 0.522264945321 24 25 49
2013-07-19T01:00:00 0.488815440584 0.511184559416 25 23 48
2013-07-19T02:00:00 0.490484796542 0.509515203458 25 24 49
2013-07-19T03:00:00 0.509537769838 0.490462230162 24 19 43
2013-07-19T04:00:00 0.515898577114 0.484101422886 16 12 28
2013-07-19T05:00:00 0.499534724101 0.500465275899 10 9 19
2013-07-19T06:00:00 0.450647035837 0.549352964163 5 8 13
2013-07-19T07:00:00 0.490806916535 0.509193083465 7 7 14
2013-07-19T08:00:00 0.489266682586 0.510733317414 5 5 10
2013-07-19T09:00:00 0.469498682344 0.530501317656 7 9 16
2013-07-19T10:00:00 0.481056200558 0.518943799442 11 13 24
2013-07-19T11:00:00 0.457477285606 0.542522714394 14 20 34
2013-07-19T12:00:00 0.450522638608 0.549477361392 15 22 37
2013-07-19T13:00:00 0.423293693049 0.576706306951 13 26 39
2013-07-19T14:00:00 0.41274507195 0.58725492805 13 29 42
2013-07-19T15:00:00 0.435692598287 0.564307401713 20 31 51
2013-07-19T16:00:00 0.41410177636 0.58589822364 18 35 53
2013-07-19T17:00:00 0.416142934435 0.583857065565 19 34 53
2013-07-19T18:00:00 0.413550070602 0.586449929398 17 33 50
2013-07-19T19:00:00 0.407802614128 0.592197385872 17 36 53
2013-07-19T20:00:00 0.426549286895 0.573450713105 23 38 61
2013-07-19T21:00:00 0.411999968668 0.588000031332 19 40 59
2013-09-12T16:00:00 0.385487830802 0.614512169198 14 38 52
2013-09-12T17:00:00 0.412434385976 0.587565614024 17 34 51
2013-09-12T18:00:00 0.454397358805 0.545602641195 19 25 44
2013-09-12T19:00:00 0.445472259741 0.554527740259 16 23 39
2013-09-12T20:00:00 0.474545462522 0.525454537478 16 18 34
2013-09-12T21:00:00 0.439041672966 0.560958327034 11 18 29
2013-09-27T18:00:00 0.368902150342 0.631097849658 9 35 44
2013-09-27T19:00:00 0.40983142098 0.59016857902 12 27 39
2013-09-27T20:00:00 0.402139303127 0.597860696873 10 25 35
2013-09-27T21:00:00 0.448450001493 0.551549998507 14 20 34
2013-09-27T22:00:00 0.4511854817 0.5488145183 15 22 37
2013-09-27T23:00:00 0.469004191344 0.530995808656 16 19 35
2013-09-28T00:00:00 0.441297825335 0.558702174665 14 23 37
2013-09-28T01:00:00 0.424071942665 0.575928057335 11 23 34
2013-09-28T02:00:00 0.434739642842 0.565260357158 12 22 34
2013-09-28T03:00:00 0.41690147452 0.58309852548 7 18 25
2013-09-28T04:00:00 0.428526106568 0.571473893432 6 13 19
2013-09-28T05:00:00 0.401023919678 0.598976080322 3 10 13
2013-09-28T06:00:00 0.395034777326 0.604965222674 2 6 8
2013-09-28T07:00:00 0.371936070253 0.628063929747 2 7 9
2013-09-28T08:00:00 0.383972173932 0.616027826068 3 8 11
2013-09-28T09:00:00 0.416287491934 0.583712508066 9 17 26
2013-09-28T10:00:00 0.426149434979 0.573850565021 14 24 38
2013-09-28T11:00:00 0.433445397185 0.566554602815 16 26 42
2013-09-28T12:00:00 0.440741493519 0.559258506481 20 31 51
2013-09-28T13:00:00 0.435610737203 0.564389262797 22 34 56
2013-09-28T14:00:00 0.444246904601 0.555753095399 25 36 61
2013-09-28T15:00:00 0.428628439332 0.571371560668 21 35 56
2013-09-28T16:00:00 0.42671581081 0.57328418919 18 30 48
2013-09-28T17:00:00 0.417214256817 0.582785743183 19 37 56
2013-09-28T18:00:00 0.410257499675 0.589742500325 18 37 55
2013-09-28T19:00:00 0.407020530935 0.592979469065 15 34 49
2013-09-28T20:00:00 0.397467834096 0.602532165904 14 35 49
2013-09-28T21:00:00 0.420416581592 0.579583418408 15 30 45
2013-09-28T22:00:00 0.419038919088 0.580961080912 16 33 49
2013-09-28T23:00:00 0.42142505427 0.57857494573 14 26 40
2013-09-29T00:00:00 0.421287870943 0.578712129057 13 24 37
2013-09-29T01:00:00 0.420385930877 0.579614069123 14 27 41
2013-09-29T02:00:00 0.411380423266 0.588619576734 10 22 32
2013-09-29T03:00:00 0.395091669978 0.604908330022 7 18 25
2013-09-29T04:00:00 0.381671523302 0.618328476698 4 12 16
2013-09-29T05:00:00 0.385624203995 0.614375796005 3 9 12
2013-09-29T06:00:00 0.367506990367 0.632493009633 1 5 6
2013-09-29T07:00:00 0.37075340981 0.62924659019 1 3 4
2013-09-29T08:00:00 0.354202750808 0.645797249192 2 7 9
2013-09-29T09:00:00 0.317478062198 0.682521937802 2 12 14
2013-09-29T10:00:00 0.337074887737 0.662925112263 3 16 19
2013-09-29T11:00:00 0.329632096629 0.670367903371 4 25 29
2013-09-29T12:00:00 0.361187109809 0.638812890191 8 32 40
2013-09-29T13:00:00 0.357620149834 0.642379850166 8 33 41
2013-09-29T14:00:00 0.358771289261 0.641228710739 8 36 44
2013-09-29T15:00:00 0.401112143318 0.598887856682 13 33 46
2013-09-29T16:00:00 0.385629575021 0.614370424979 15 42 57
2013-09-29T17:00:00 0.412116976929 0.587883023071 17 37 54
2013-09-29T18:00:00 0.40197441212 0.59802558788 15 36 51
2013-09-29T19:00:00 0.406085536134 0.593914463866 18 42 60
2013-09-29T20:00:00 0.41277807588 0.58722192412 20 41 61
2013-09-29T21:00:00 0.398496158143 0.601503841857 19 48 67
2013-09-29T22:00:00 0.427860904253 0.572139095747 20 37 57
2013-09-29T23:00:00 0.407402256661 0.592597743339 19 43 62
2013-09-30T00:00:00 0.399664891734 0.600335108266 18 45 63
2013-09-30T01:00:00 0.396952528732 0.603047471268 14 36 50
2013-09-30T02:00:00 0.401569139263 0.598430860737 12 30 42
2013-10-04T22:00:00 0.406908648855 0.593091351145 37 88 125
2013-10-04T23:00:00 0.400449545926 0.599550454074 33 84 117
2013-10-05T00:00:00 0.399489034832 0.600510965168 28 73 101
2013-10-05T18:00:00 0.419712529965 0.580287470035 45 94 139
2013-10-05T19:00:00 0.427740724575 0.572259275425 46 84 130
2013-10-05T20:00:00 0.426513239871 0.573486760129 43 78 121
2013-10-05T21:00:00 0.437037876527 0.562962123473 48 75 123
2013-10-05T22:00:00 0.449951312132 0.550048687868 49 69 118
2013-10-05T23:00:00 0.415593064853 0.584406935147 32 65 97
2013-10-06T00:00:00 0.422337203048 0.577662796952 30 58 88
2013-10-06T01:00:00 0.427689047462 0.572310952538 27 50 77
2013-10-06T02:00:00 0.432784606673 0.567215393327 23 42 65
2013-10-06T03:00:00 0.433623731848 0.566376268152 16 31 47
2013-10-06T04:00:00 0.465400011187 0.534599988813 15 20 35
2013-10-06T05:00:00 0.479671636464 0.520328363536 11 13 24
2013-10-06T06:00:00 0.559077662373 0.440922337627 11 6 17
2013-10-06T07:00:00 0.646446075355 0.353553924645 16 3 19
2013-10-06T08:00:00 0.580383778085 0.419616221915 22 9 31
2013-10-06T09:00:00 0.546638785987 0.453361214013 34 20 54
2013-10-06T10:00:00 0.507715285689 0.492284714311 38 32 70
2013-10-06T11:00:00 0.502377910604 0.497622089396 47 41 88
2013-10-06T12:00:00 0.476214413773 0.523785586227 48 53 101
2013-10-06T13:00:00 0.454568267581 0.545431732419 45 62 107
2013-10-06T14:00:00 0.443439172231 0.556560827769 42 66 108
2013-10-06T15:00:00 0.407768614381 0.592231385619 31 70 101
2013-10-06T16:00:00 0.419056653589 0.580943346411 35 71 106
2013-10-06T17:00:00 0.408488424598 0.591511575402 28 65 93
2013-10-06T18:00:00 0.411722461291 0.588277538709 28 61 89
2013-10-06T19:00:00 0.419373238681 0.580626761319 29 56 85
2013-10-06T20:00:00 0.449120353689 0.550879646311 38 54 92
2013-10-06T21:00:00 0.467066507646 0.532933492354 41 51 92
2013-10-06T22:00:00 0.466477903174 0.533522096826 39 49 88
2013-10-06T23:00:00 0.46682288843 0.53317711157 41 52 93
2013-10-07T00:00:00 0.459943054348 0.540056945652 37 54 91
2013-10-07T01:00:00 0.447296138737 0.552703861263 33 56 89
2013-10-07T02:00:00 0.428108810262 0.571891189738 22 48 70
2013-10-07T03:00:00 0.4292189195 0.5707810805 17 36 53
2013-10-07T04:00:00 0.418606636096 0.581393363904 10 25 35
2013-10-07T05:00:00 0.383148518709 0.616851481291 5 20 25
2013-10-09T20:00:00 0.439602264079 0.560397735921 8 13 21
2013-10-09T21:00:00 0.426424890034 0.573575109966 8 15 23
2013-10-09T22:00:00 0.421083078967 0.578916921033 9 19 28
2013-10-09T23:00:00 0.424645174234 0.575354825766 11 22 33
2013-10-10T00:00:00 0.416410264386 0.583589735614 10 23 33
2013-10-10T01:00:00 0.428298509427 0.571701490573 10 20 30
2013-10-10T02:00:00 0.43246921329 0.56753078671 10 19 29
2013-10-10T03:00:00 0.428994159248 0.571005840752 8 15 23
2013-10-10T04:00:00 0.402323014005 0.597676985995 5 12 17
2013-10-10T05:00:00 0.461331289212 0.538668710788 4 5 9
2013-10-27T15:00:00 0.405982101666 0.594017898334 19 44 63
2013-10-27T16:00:00 0.406711530951 0.593288469049 19 46 65
2013-10-27T17:00:00 0.381740644282 0.618259355718 15 48 63
2013-10-27T18:00:00 0.393653132011 0.606346867989 18 50 68
2013-10-27T19:00:00 0.408809408087 0.591190591913 20 46 66
2013-10-27T20:00:00 0.408148829323 0.591851170677 19 48 67
2013-10-27T21:00:00 0.431205653224 0.568794346776 23 45 68
2013-10-27T22:00:00 0.453405237944 0.546594762056 23 35 58
2013-10-27T23:00:00 0.485514708335 0.514485291665 26 29 55
2013-10-28T00:00:00 0.490926253659 0.509073746341 25 27 52
2013-10-28T01:00:00 0.479559252053 0.520440747947 22 27 49
2013-10-28T02:00:00 0.477736023038 0.522263976962 18 22 40
2013-10-28T03:00:00 0.464277783981 0.535722216019 13 18 31
2013-10-28T04:00:00 0.470186975959 0.529813024041 10 13 23
2013-10-28T05:00:00 0.479244807172 0.520755192828 7 8 15
2013-10-28T06:00:00 0.54322858584 0.45677141416 4 2 6
2013-10-28T07:00:00 0.551323337561 0.448676662439 4 2 6
2013-10-28T08:00:00 0.543347587763 0.456652412237 5 3 8
2013-10-28T09:00:00 0.544831806653 0.455168193347 13 8 21
2013-10-28T10:00:00 0.532738938391 0.467261061609 17 12 29
2013-10-28T11:00:00 0.522553336046 0.477446663954 18 14 32
2013-10-28T12:00:00 0.527869118616 0.472130881384 22 16 38
2013-10-28T13:00:00 0.523654343958 0.476345656042 26 19 45
2013-10-28T14:00:00 0.521596649725 0.478403350275 27 20 47
2013-10-28T15:00:00 0.519189113723 0.480810886277 23 17 40
2013-10-28T16:00:00 0.519933135043 0.480066864957 24 18 42
2013-10-28T17:00:00 0.529008627153 0.470991372847 25 17 42
2013-10-28T18:00:00 0.533605464608 0.466394535392 28 18 46
2013-10-28T19:00:00 0.516446743049 0.483553256951 25 20 45
2013-10-28T20:00:00 0.51129488527 0.48870511473 25 21 46
2013-10-28T21:00:00 0.500768459119 0.499231540881 25 23 48
2013-10-28T22:00:00 0.490936399563 0.509063600437 23 22 45
2013-10-28T23:00:00 0.469102442442 0.530897557558 24 30 54
2013-10-29T00:00:00 0.463099271912 0.536900728088 22 29 51
2013-10-29T01:00:00 0.4840238057 0.5159761943 23 24 47
2013-10-29T02:00:00 0.487491966074 0.512508033926 20 20 40
2013-10-29T03:00:00 0.488598377445 0.511401622555 16 16 32
2013-10-29T04:00:00 0.484675050903 0.515324949097 12 13 25
2013-10-29T05:00:00 0.54731323355 0.45268676645 8 4 12
2013-10-31T13:00:00 0.489242804646 0.510757195354 16 16 32
2013-10-31T14:00:00 0.506914759023 0.493085240977 17 14 31
2013-10-31T15:00:00 0.478394070869 0.521605929131 14 15 29
2013-10-31T16:00:00 0.50681785545 0.49318214455 17 14 31
2013-10-31T17:00:00 0.511968644132 0.488031355868 15 12 27
2013-10-31T18:00:00 0.474829661955 0.525170338045 12 14 26
2013-10-31T19:00:00 0.475689439769 0.524310560231 10 12 22
2013-10-31T20:00:00 0.43845700445 0.56154299555 9 16 25
2013-10-31T21:00:00 0.455923998865 0.544076001135 12 17 29
2013-10-31T22:00:00 0.441526980768 0.558473019232 12 21 33
2013-10-31T23:00:00 0.431096020224 0.568903979776 16 32 48
2013-11-01T00:00:00 0.445126776775 0.554873223225 20 34 54
2013-11-01T01:00:00 0.44183398463 0.55816601537 20 35 55
2013-11-01T02:00:00 0.452740394593 0.547259605407 19 30 49
2013-11-01T03:00:00 0.440582010972 0.559417989028 15 28 43
2013-11-01T04:00:00 0.425325176075 0.574674823925 10 22 32
2013-11-01T05:00:00 0.446854634497 0.553145365503 6 10 16
2013-11-01T06:00:00 0.38364011727 0.61635988273 1 4 5
2013-11-01T07:00:00 0.441858692086 0.558141307914 2 4 6
2013-11-01T08:00:00 0.41166845749 0.58833154251 4 9 13
2013-11-01T09:00:00 0.423882698446 0.576117301554 6 12 18
2013-11-01T10:00:00 0.423808544334 0.576191455666 9 19 28
2013-11-01T11:00:00 0.431463361638 0.568536638362 12 24 36
2013-11-01T12:00:00 0.418083855882 0.581916144118 15 32 47
2013-11-01T13:00:00 0.398693411656 0.601306588344 16 51 67
2013-11-01T14:00:00 0.398874678274 0.601125321726 16 55 71
2013-11-01T15:00:00 0.4061299228 0.5938700772 20 60 80
2013-11-01T16:00:00 0.416326130705 0.583673869295 22 58 80
2013-11-01T17:00:00 0.43510252978 0.56489747022 28 57 85
2013-11-01T18:00:00 0.451509686999 0.548490313001 31 54 85
2013-11-01T19:00:00 0.48296705145 0.51703294855 32 37 69
2013-11-01T20:00:00 0.508658062807 0.491341937193 37 31 68
2013-11-01T21:00:00 0.5238299341 0.4761700659 33 24 57
2013-11-01T22:00:00 0.52411697754 0.47588302246 34 24 58
2013-11-01T23:00:00 0.505436811785 0.494563188215 28 24 52
2013-11-02T00:00:00 0.492276328526 0.507723671474 22 22 44
2013-11-02T01:00:00 0.503322372775 0.496677627225 21 19 40
2013-11-02T02:00:00 0.47735740449 0.52264259551 15 19 34
2013-11-02T03:00:00 0.442509835377 0.557490164623 13 22 35
2013-11-02T04:00:00 0.405503925755 0.594496074245 7 19 26
2013-11-02T05:00:00 0.382833666531 0.617166333469 4 16 20
2013-11-02T06:00:00 0.409837644914 0.590162355086 5 13 18
2013-11-02T07:00:00 0.420725119401 0.579274880599 7 16 23
2013-11-02T08:00:00 0.474359421094 0.525640578906 13 16 29
2013-11-02T09:00:00 0.509797477679 0.490202522321 20 18 38
2013-11-02T10:00:00 0.495448946489 0.504551053511 27 29 56
2013-11-02T11:00:00 0.496188315919 0.503811684081 38 39 77
2013-11-02T12:00:00 0.479120071566 0.520879928434 45 56 101
2013-11-02T13:00:00 0.478543715678 0.521456284322 51 61 112
2013-11-02T14:00:00 0.459768782089 0.540231217911 49 71 120
2013-11-02T15:00:00 0.4449880143 0.5550119857 44 76 120
2013-11-02T16:00:00 0.436012090001 0.563987909999 43 78 121
2013-11-02T17:00:00 0.426333301664 0.573666698336 39 78 117
2013-11-02T18:00:00 0.426609071351 0.573390928649 34 67 101
2013-11-02T19:00:00 0.419770198625 0.580229801375 30 64 94
2013-11-02T20:00:00 0.436359294892 0.563640705108 31 54 85
2013-11-02T21:00:00 0.464111456422 0.535888543578 40 51 91
2013-11-02T22:00:00 0.484615861131 0.515384138869 39 41 80
2013-11-02T23:00:00 0.49981074836 0.50018925164 40 37 77
2013-11-03T00:00:00 0.499450969131 0.500549030869 44 41 85
2013-11-03T01:00:00 0.495616055533 0.504383944467 39 39 78
2013-11-03T02:00:00 0.480367331909 0.519632668091 35 41 76
2013-11-03T03:00:00 0.461054271969 0.538945728031 24 35 59
2013-11-03T04:00:00 0.456634509379 0.543365490621 20 31 51
2013-11-03T05:00:00 0.440730071632 0.559269928368 13 24 37
2013-11-08T21:00:00 0.431677920945 0.568322079055 59 132 191
2013-11-08T22:00:00 0.41856121596 0.58143878404 53 143 196
2013-11-08T23:00:00 0.425093707891 0.574906292109 61 148 209
2013-11-09T00:00:00 0.399030427798 0.600969572202 44 155 199
2013-11-09T01:00:00 0.392031115344 0.607968884656 39 153 192
2013-11-09T02:00:00 0.386100100257 0.613899899743 34 146 180
2013-11-09T03:00:00 0.392332118456 0.607667881544 31 122 153
2013-11-09T04:00:00 0.389790608417 0.610209391583 25 103 128
2013-11-09T05:00:00 0.374502119032 0.625497880968 14 81 95
2013-11-09T06:00:00 0.378312942998 0.621687057002 9 54 63
2013-11-09T07:00:00 0.392019170107 0.607980829893 9 43 52
2013-11-22T19:00:00 0.450587239142 0.549412760858 224 343 567
2013-11-22T20:00:00 0.448532241177 0.551467758823 226 354 580
2013-11-22T21:00:00 0.451547324104 0.548452675896 228 346 574
2013-11-22T22:00:00 0.457789574388 0.542210425612 238 339 577
2013-11-22T23:00:00 0.461753499811 0.538246500189 229 315 544
2013-11-23T00:00:00 0.449511703362 0.550488296638 206 325 531
2013-11-23T01:00:00 0.455375093185 0.544624906815 197 287 484
2013-11-23T02:00:00 0.462298821038 0.537701178962 155 213 368
2013-11-23T03:00:00 0.460665989673 0.539334010327 122 172 294
2013-11-23T04:00:00 0.457054218175 0.542945781825 91 133 224
2013-11-23T05:00:00 0.445564521834 0.554435478166 56 93 149
2013-11-23T06:00:00 0.474241940274 0.525758059726 33 41 74
2013-11-23T07:00:00 0.49105037939 0.50894962061 26 30 56
2013-11-23T08:00:00 0.487820822243 0.512179177757 29 33 62
2013-11-23T09:00:00 0.488776959865 0.511223040135 53 54 107
2013-11-23T10:00:00 0.495901529552 0.504098470448 74 70 144
2013-11-23T11:00:00 0.489889928739 0.510110071261 105 104 209
2013-11-23T12:00:00 0.484632903876 0.515367096124 128 131 259
2013-11-23T13:00:00 0.484568351558 0.515431648442 145 146 291
2013-11-23T14:00:00 0.477054580383 0.522945419617 150 163 313
2013-11-23T15:00:00 0.465254523221 0.534745476779 147 180 327
2013-11-23T16:00:00 0.461239012456 0.538760987544 141 180 321
2013-11-23T17:00:00 0.455712414265 0.544287585735 120 164 284
2013-11-23T18:00:00 0.450804721769 0.549195278231 110 160 270
2013-11-23T19:00:00 0.443411333666 0.556588666334 103 164 267
2013-11-23T20:00:00 0.445949430169 0.554050569831 103 162 265
2013-11-23T21:00:00 0.457810489901 0.542189510099 104 149 253
2013-11-23T22:00:00 0.453782753741 0.546217246259 112 167 279
2013-11-23T23:00:00 0.4633075958 0.5366924042 139 184 323
2013-11-24T00:00:00 0.468166628626 0.531833371374 152 192 344
2013-11-24T01:00:00 0.465752134411 0.534247865589 144 188 332
2013-11-24T02:00:00 0.466862985401 0.533137014599 135 172 307
2013-11-24T03:00:00 0.464415782673 0.535584217327 113 147 260
2013-11-24T04:00:00 0.468472370898 0.531527629102 91 113 204
2013-11-24T05:00:00 0.450636966534 0.549363033466 52 80 132
2013-12-06T22:00:00 0.475788282464 0.524211717536 214 256 470
2013-12-06T23:00:00 0.471104748536 0.528895251464 244 304 548
2013-12-07T00:00:00 0.464807206176 0.535192793824 271 362 633
2013-12-07T01:00:00 0.465395963567 0.534604036433 311 413 724
2013-12-07T02:00:00 0.467566815941 0.532433184059 312 407 719
2013-12-07T03:00:00 0.470773953478 0.529226046522 299 379 678
2013-12-07T04:00:00 0.474364494553 0.525635505447 268 328 596
2013-12-07T05:00:00 0.480389564956 0.519610435044 225 259 484
2013-12-07T06:00:00 0.489006010888 0.510993989112 177 189 366
2013-12-07T07:00:00 0.493538195851 0.506461804149 126 129 255
2013-12-07T08:00:00 0.49661525909 0.50338474091 128 128 256
2013-12-07T09:00:00 0.494315137914 0.505684862086 150 150 300
2013-12-07T10:00:00 0.484381728742 0.515618271258 179 193 372
2013-12-07T11:00:00 0.4829693962 0.5170306038 218 237 455
2013-12-07T12:00:00 0.480416749747 0.519583250253 252 282 534
2013-12-07T13:00:00 0.484784600696 0.515215399304 267 287 554
2013-12-07T14:00:00 0.481524472047 0.518475527953 256 286 542
2013-12-07T15:00:00 0.478479429581 0.521520570419 246 288 534
2013-12-07T16:00:00 0.479893160198 0.520106839802 220 259 479
2013-12-07T17:00:00 0.474381436178 0.525618563822 192 242 434
2013-12-07T18:00:00 0.481184484955 0.518815515045 182 215 397
2013-12-07T19:00:00 0.471346277488 0.528653722512 177 230 407
2013-12-07T20:00:00 0.471125504377 0.528874495623 178 230 408
2013-12-07T21:00:00 0.473483447568 0.526516552432 176 223 399
2013-12-07T22:00:00 0.472113311879 0.527886688121 199 261 460
2013-12-07T23:00:00 0.47578594489 0.52421405511 223 283 506
2013-12-08T00:00:00 0.470753212977 0.529246787023 239 317 556
2013-12-08T01:00:00 0.471011338838 0.528988661162 236 312 548
2013-12-08T02:00:00 0.470581658381 0.529418341619 222 298 520
2013-12-08T03:00:00 0.467239377891 0.532760622109 196 271 467
2013-12-08T04:00:00 0.467730319085 0.532269680915 157 210 367
2013-12-08T05:00:00 0.464332391043 0.535667608957 113 155 268
2013-12-08T06:00:00 0.469188241239 0.530811758761 67 90 157
2013-12-08T07:00:00 0.482537839003 0.517462160997 49 58 107
2013-12-08T08:00:00 0.526438031969 0.473561968031 76 57 133
2013-12-08T09:00:00 0.54785932627 0.45214067373 134 83 217
2013-12-08T10:00:00 0.539099595555 0.460900404445 190 129 319
2013-12-08T11:00:00 0.525810104641 0.474189895359 246 190 436
2013-12-08T12:00:00 0.516176413759 0.483823586241 320 265 585
2013-12-08T13:00:00 0.50606928914 0.49393071086 363 333 696
2013-12-08T14:00:00 0.500088003152 0.499911996848 380 366 746
2013-12-08T15:00:00 0.493845340425 0.506154659575 366 370 736
2013-12-08T16:00:00 0.484844604264 0.515155395736 351 388 739
2013-12-08T17:00:00 0.479610956525 0.520389043475 354 411 765
2013-12-08T18:00:00 0.474117499992 0.525882500008 314 384 698
2013-12-22T19:00:00 0.472960965389 0.527039034611 190 230 420
2013-12-22T20:00:00 0.474683628775 0.525316371225 203 240 443
2013-12-22T21:00:00 0.481325581075 0.518674418925 238 263 501
2013-12-22T22:00:00 0.479250808733 0.520749191267 251 285 536
2013-12-22T23:00:00 0.478516742393 0.521483257607 281 326 607
2013-12-23T00:00:00 0.481134685594 0.518865314406 316 351 667
2013-12-23T01:00:00 0.478713454787 0.521286545213 330 371 701
2013-12-23T02:00:00 0.47879285487 0.52120714513 322 363 685
2013-12-23T03:00:00 0.475343226903 0.524656773097 270 317 587
2013-12-23T04:00:00 0.477638025912 0.522361974088 237 271 508
2013-12-23T05:00:00 0.478193971002 0.521806028998 185 206 391
2013-12-23T06:00:00 0.478044351405 0.521955648595 127 143 270
2013-12-23T07:00:00 0.498366225534 0.501633774466 97 91 188
2013-12-23T08:00:00 0.509358379523 0.490641620477 99 81 180
2013-12-23T09:00:00 0.500271542937 0.499728457063 133 120 253
2013-12-23T10:00:00 0.489263088601 0.510736911399 179 181 360
2013-12-23T11:00:00 0.480997014561 0.519002985439 223 247 470
2013-12-23T12:00:00 0.470019953799 0.529980046201 241 297 538
2013-12-23T13:00:00 0.466609310816 0.533390689184 250 317 567
2013-12-23T14:00:00 0.462442087789 0.537557912211 250 333 583
2013-12-23T15:00:00 0.455501399222 0.544498600778 234 335 569
2013-12-23T16:00:00 0.452344428918 0.547655571082 204 299 503
2013-12-23T17:00:00 0.451283140922 0.548716859078 175 260 435
2013-12-23T18:00:00 0.452543909474 0.547456090526 161 237 398
2013-12-23T19:00:00 0.450755925666 0.549244074334 152 233 385
2013-12-23T20:00:00 0.450105528251 0.549894471749 149 229 378
2013-12-23T21:00:00 0.457543572252 0.542456427748 142 200 342
2013-12-23T22:00:00 0.456521074331 0.543478925669 142 204 346
2013-12-23T23:00:00 0.468739673295 0.531260326705 165 208 373
2013-12-24T00:00:00 0.469951951938 0.530048048062 180 228 408
2013-12-24T01:00:00 0.47255514755 0.52744485245 182 220 402
2013-12-24T02:00:00 0.47307843846 0.52692156154 161 193 354
2013-12-24T17:00:00 0.49792165657 0.50207834343 194 188 382
2013-12-24T18:00:00 0.501574701298 0.498425298702 193 177 370
2013-12-24T19:00:00 0.4996013778 0.5003986222 196 181 377
2013-12-24T20:00:00 0.49638572573 0.50361427427 216 207 423
2013-12-24T21:00:00 0.485989903918 0.514010096082 227 244 471
2013-12-24T22:00:00 0.47519809834 0.52480190166 245 297 542
2013-12-24T23:00:00 0.464994529889 0.535005470111 272 367 639
2013-12-25T00:00:00 0.462483257303 0.537516742697 302 427 729
2013-12-25T01:00:00 0.464122073098 0.535877926902 325 451 776
2013-12-25T02:00:00 0.463225184155 0.536774815845 303 426 729
2013-12-25T03:00:00 0.460567459713 0.539432540287 262 380 642
2013-12-25T04:00:00 0.461876489196 0.538123510804 217 310 527
2013-12-25T05:00:00 0.464002821621 0.535997178379 158 226 384
2013-12-25T06:00:00 0.469754025753 0.530245974247 104 138 242
2013-12-25T07:00:00 0.511116375451 0.488883624549 92 82 174
2013-12-25T08:00:00 0.533538973071 0.466461026929 127 91 218
2013-12-25T09:00:00 0.541743915546 0.458256084454 185 121 306
2013-12-25T10:00:00 0.525404126181 0.474595873819 235 178 413
2013-12-25T11:00:00 0.511697096453 0.488302903547 266 230 496
2013-12-25T12:00:00 0.50871059329 0.49128940671 322 286 608
2013-12-25T13:00:00 0.492833122979 0.507166877021 323 335 658
2013-12-25T14:00:00 0.47776578502 0.52223421498 299 359 658
2013-12-25T15:00:00 0.470390348943 0.529609651057 276 359 635
2013-12-25T16:00:00 0.46292202218 0.53707797782 255 362 617
2014-01-04T12:00:00 0.467983141883 0.532016858117 118 150 268
2014-01-04T13:00:00 0.466189432339 0.533810567661 142 186 328
2014-01-04T14:00:00 0.461600836983 0.538399163017 171 236 407
2014-01-04T15:00:00 0.45655217017 0.54344782983 187 272 459
2014-01-04T16:00:00 0.456248658665 0.543751341335 194 280 474
2014-01-04T17:00:00 0.452594980228 0.547405019772 199 304 503
2014-01-05T23:00:00 0.453258515557 0.546741484443 258 377 635
2014-01-06T00:00:00 0.451579636175 0.548420363825 313 468 781
2014-01-06T01:00:00 0.4586178712 0.5413821288 378 525 903
2014-01-06T02:00:00 0.458593854559 0.541406145441 397 548 945
2014-01-06T03:00:00 0.462973883988 0.537026116012 376 496 872
2014-01-06T04:00:00 0.469258445306 0.530741554694 325 404 729
2014-01-06T05:00:00 0.477372505302 0.522627494698 240 272 512
2014-01-06T06:00:00 0.495896484961 0.504103515039 174 162 336
2014-01-06T07:00:00 0.514889334025 0.485110665975 120 89 209
2014-01-06T08:00:00 0.527009794525 0.472990205475 122 79 201
2014-01-06T09:00:00 0.513770432331 0.486229567669 130 97 227
2014-01-06T10:00:00 0.511196752846 0.488803247154 146 113 259
2014-01-06T11:00:00 0.497906697472 0.502093302528 167 151 318
2014-01-15T23:00:00 0.464965711045 0.535034288955 157 209 366
2014-01-16T00:00:00 0.460241303913 0.539758696087 150 216 366
2014-01-16T01:00:00 0.469714266401 0.530285733599 145 192 337
2014-01-16T02:00:00 0.487189241709 0.512810758291 131 151 282
2014-01-16T03:00:00 0.492795945708 0.507204054292 117 126 243
2014-01-16T04:00:00 0.500764794308 0.499235205692 85 88 173
2014-01-16T05:00:00 0.516582745854 0.483417254146 58 52 110
2014-01-16T06:00:00 0.542437471389 0.457562528611 44 30 74
2014-01-16T07:00:00 0.541324233749 0.458675766251 38 27 65
2014-01-16T08:00:00 0.532009932433 0.467990067567 47 36 83
2014-01-16T09:00:00 0.581273741478 0.418726258522 78 39 117
2014-01-16T10:00:00 0.569452837169 0.430547162831 101 54 155
2014-01-16T11:00:00 0.571929996245 0.428070003755 126 65 191
2014-01-16T12:00:00 0.555121855515 0.444878144485 139 84 223
2014-01-16T13:00:00 0.555459526167 0.444540473833 156 94 250
2014-01-16T14:00:00 0.542283917018 0.457716082982 153 103 256
2014-01-16T15:00:00 0.522315664814 0.477684335186 131 106 237
2014-01-16T16:00:00 0.507164302989 0.492835697011 120 115 235
2014-01-16T17:00:00 0.489479053424 0.510520946576 108 123 231
2014-01-19T08:00:00 0.463340772611 0.536659227389 41 55 96
2014-01-19T09:00:00 0.477408791011 0.522591208989 52 59 111
2014-01-22T17:00:00 0.421877734793 0.578122265207 95 195 290
2014-01-22T18:00:00 0.422314715289 0.577685284711 89 181 270
2014-01-22T19:00:00 0.426490351757 0.573509648243 79 154 233
2014-01-22T20:00:00 0.433005192929 0.566994807071 76 139 215
2014-01-22T21:00:00 0.441043451278 0.558956548722 87 146 233
2014-01-22T22:00:00 0.444246457221 0.555753542779 103 167 270
2014-01-22T23:00:00 0.454285913022 0.545714086978 125 187 312
2014-01-23T00:00:00 0.446827207697 0.553172792303 126 206 332
2014-01-23T01:00:00 0.444783182157 0.555216817843 127 212 339
2014-01-23T02:00:00 0.452789175101 0.547210824899 120 185 305
2014-01-23T03:00:00 0.459399395163 0.540600604837 107 154 261
2014-01-23T04:00:00 0.46276989508 0.53723010492 88 124 212
2014-01-23T05:00:00 0.44895562651 0.55104437349 54 89 143
2014-01-23T06:00:00 0.469803286995 0.530196713005 40 53 93
2014-01-23T07:00:00 0.495302992282 0.504697007718 31 34 65
2014-01-23T08:00:00 0.476989658595 0.523010341405 34 45 79
2014-01-23T09:00:00 0.473044988888 0.526955011112 53 68 121
2014-01-23T10:00:00 0.476699581854 0.523300418146 72 85 157
2014-01-23T11:00:00 0.46918591949 0.53081408051 90 115 205
2014-01-23T12:00:00 0.46885832023 0.53114167977 116 146 262
2014-01-23T13:00:00 0.46040975921 0.53959024079 134 181 315
2014-01-23T14:00:00 0.459059063817 0.540940936183 144 194 338
2014-01-23T15:00:00 0.457168778857 0.542831221143 139 194 333
2014-01-23T16:00:00 0.448624287695 0.551375712305 133 210 343
2014-01-23T17:00:00 0.457691091407 0.542308908593 136 193 329
2014-01-23T18:00:00 0.455851892854 0.544148107146 133 194 327
2014-01-23T19:00:00 0.458456032064 0.541543967936 133 190 323
2014-01-23T20:00:00 0.472162017188 0.527837982812 151 187 338
2014-01-23T21:00:00 0.467322332519 0.532677667481 159 205 364
2014-01-23T22:00:00 0.464340040317 0.535659959683 166 219 385
2014-01-23T23:00:00 0.459327585424 0.540672414576 190 264 454
2014-01-24T00:00:00 0.459142456049 0.540857543951 198 274 472
2014-01-24T01:00:00 0.464845947676 0.535154052324 212 277 489
2014-01-29T13:00:00 0.463944603341 0.536055396659 101 130 231
2014-01-29T14:00:00 0.463208842676 0.536791157324 101 134 235
2014-02-01T04:00:00 0.456341163328 0.543658836672 100 146 246
2014-02-01T05:00:00 0.45749308764 0.54250691236 72 102 174
2014-02-01T06:00:00 0.459384787119 0.540615212881 46 66 112
2014-02-01T07:00:00 0.47202828817 0.52797171183 30 35 65
2014-02-01T08:00:00 0.476595553592 0.523404446408 28 30 58
2014-02-01T09:00:00 0.494189020904 0.505810979096 43 41 84
2014-02-01T10:00:00 0.505307923849 0.494692076151 67 57 124
2014-02-01T11:00:00 0.489557628122 0.510442371878 85 86 171
2014-02-01T12:00:00 0.479086753136 0.520913246864 109 125 234
2014-02-01T13:00:00 0.472885761484 0.527114238516 133 163 296
2014-02-01T14:00:00 0.472223596421 0.527776403579 140 175 315
2014-02-01T15:00:00 0.458008063379 0.541991936621 130 186 316
2014-02-01T16:00:00 0.443557177095 0.556442822905 118 199 317
2014-02-01T17:00:00 0.441229160225 0.558770839775 115 198 313
2014-02-01T18:00:00 0.434891058481 0.565108941519 100 183 283
2014-02-01T19:00:00 0.436538002826 0.563461997174 94 171 265
2014-02-01T20:00:00 0.43257696925 0.56742303075 94 180 274
2014-02-01T21:00:00 0.432133695485 0.567866304515 103 194 297
2014-02-05T22:00:00 0.467734210459 0.532265789541 237 291 528
2014-02-05T23:00:00 0.459337408492 0.540662591508 240 327 567
2014-02-06T00:00:00 0.462800677713 0.537199322287 250 332 582
2014-02-06T01:00:00 0.470721447224 0.529278552776 250 309 559
2014-02-11T18:00:00 0.447395313114 0.552604686886 197 316 513
2014-02-11T19:00:00 0.443996893952 0.556003106048 199 331 530
2014-02-12T18:00:00 0.431015602685 0.568984397315 202 395 597
2014-02-12T19:00:00 0.435406493143 0.564593506857 216 396 612
2014-02-12T20:00:00 0.441859541068 0.558140458932 231 399 630
2014-02-12T21:00:00 0.447440558797 0.552559441203 248 404 652
2014-02-12T22:00:00 0.448641955089 0.551358044911 283 452 735
2014-02-12T23:00:00 0.453895895449 0.546104104551 321 484 805
2014-02-13T00:00:00 0.456963920312 0.543036079688 348 511 859
2014-02-13T01:00:00 0.459709662217 0.540290337783 347 502 849
2014-02-13T02:00:00 0.464261157284 0.535738842716 325 448 773
2014-02-13T03:00:00 0.467531167908 0.532468832092 294 389 683
2014-02-13T04:00:00 0.47272593547 0.52727406453 237 303 540
2014-02-13T05:00:00 0.47524134032 0.52475865968 164 207 371
2014-02-13T06:00:00 0.474586429407 0.525413570593 94 121 215
2014-02-13T07:00:00 0.481481942874 0.518518057126 66 79 145
2014-02-13T08:00:00 0.504402150201 0.495597849799 78 76 154
2014-02-13T09:00:00 0.507872523767 0.492127476233 116 107 223
2014-02-13T10:00:00 0.502450288853 0.497549711147 165 155 320
2014-02-13T11:00:00 0.501113841608 0.498886158392 221 207 428
2014-02-13T12:00:00 0.496530254964 0.503469745036 249 244 493
2014-02-13T13:00:00 0.492742789197 0.507257210803 274 277 551
2014-02-13T14:00:00 0.479420089911 0.520579910089 260 299 559
2014-02-13T15:00:00 0.469710756627 0.530289243373 241 306 547
2014-02-13T16:00:00 0.463181093773 0.536818906227 212 291 503
2014-02-13T17:00:00 0.449440052246 0.550559947754 178 288 466
2014-02-13T18:00:00 0.452788755035 0.547211244965 183 284 467
2014-02-13T19:00:00 0.448293186795 0.551706813205 164 270 434
2014-02-13T20:00:00 0.449724861297 0.550275138703 175 282 457
2014-02-13T21:00:00 0.457106846692 0.542893153308 191 282 473
2014-02-13T22:00:00 0.45989649633 0.54010350367 209 299 508
2014-02-13T23:00:00 0.461852657124 0.538147342876 222 308 530
2014-02-14T00:00:00 0.458274661203 0.541725338797 214 308 522
2014-02-14T01:00:00 0.463673537844 0.536326462156 231 312 543
2014-02-14T02:00:00 0.469995695064 0.530004304936 208 263 471
2014-02-14T03:00:00 0.467676626604 0.532323373396 166 216 382
2014-02-14T04:00:00 0.47114495905 0.52885504095 128 160 288
2014-02-14T05:00:00 0.485423247105 0.514576752895 95 102 197
2014-02-14T06:00:00 0.497163612105 0.502836387895 69 67 136
2014-02-14T07:00:00 0.504744333452 0.495255666548 40 37 77
2014-02-14T08:00:00 0.497163764233 0.502836235767 46 45 91
2014-02-14T09:00:00 0.499656702487 0.500343297513 73 69 142
2014-02-14T10:00:00 0.494379117528 0.505620882472 99 97 196
2014-02-14T11:00:00 0.484192662467 0.515807337533 118 127 245
2014-02-14T12:00:00 0.479512551559 0.520487448441 145 162 307
2014-02-14T13:00:00 0.481957561341 0.518042438659 170 185 355
2014-02-14T14:00:00 0.482599880339 0.517400119661 178 192 370
2014-02-14T15:00:00 0.478343461568 0.521656538432 176 198 374
2014-02-14T16:00:00 0.476053372094 0.523946627906 170 196 366
2014-02-14T17:00:00 0.485285076956 0.514714923044 178 189 367
2014-02-14T18:00:00 0.488828573768 0.511171426232 180 185 365
2014-02-14T19:00:00 0.483288767328 0.516711232672 180 192 372
2014-02-14T20:00:00 0.474194266768 0.525805733232 188 224 412
2014-02-14T21:00:00 0.465319581766 0.534680418234 192 249 441
2014-02-14T22:00:00 0.466790968807 0.533209031193 234 299 533
2014-02-14T23:00:00 0.463665452516 0.536334547484 268 359 627
2014-02-15T00:00:00 0.469067375292 0.530932624708 292 373 665
2014-02-15T01:00:00 0.472595849991 0.527404150009 290 364 654
2014-02-15T02:00:00 0.47777006182 0.52222993818 266 315 581
2014-02-15T03:00:00 0.487261062379 0.512738937621 238 257 495
2014-02-15T04:00:00 0.494424524195 0.505575475805 175 178 353
2014-02-15T05:00:00 0.50965249218 0.49034750782 112 97 209
2014-02-15T06:00:00 0.500581606891 0.499418393109 56 54 110
2014-02-15T07:00:00 0.494882200005 0.505117799995 28 29 57
2014-02-15T08:00:00 0.486099328646 0.513900671354 28 33 61
2014-02-15T09:00:00 0.494811559024 0.505188440976 44 49 93
2014-02-15T10:00:00 0.494712334439 0.505287665561 67 75 142
2014-02-15T11:00:00 0.491909122863 0.508090877137 94 104 198
2014-02-15T12:00:00 0.488418136181 0.511581863819 121 133 254
2014-02-15T13:00:00 0.482385425147 0.517614574853 141 162 303
2014-02-15T14:00:00 0.479126531389 0.520873468611 150 177 327
2014-02-15T15:00:00 0.47108223417 0.52891776583 147 188 335
2014-02-15T16:00:00 0.468828333871 0.531171666129 151 195 346
2014-02-15T17:00:00 0.473514143979 0.526485856021 155 192 347
2014-02-15T18:00:00 0.484467233302 0.515532766698 169 193 362
2014-02-15T19:00:00 0.488331364831 0.511668635169 182 203 385
2014-02-15T20:00:00 0.489547870773 0.510452129227 198 219 417
2014-02-15T21:00:00 0.487266976006 0.512733023994 215 242 457
2014-02-15T22:00:00 0.483047136907 0.516952863093 232 271 503
2014-02-15T23:00:00 0.477165777054 0.522834222946 264 325 589
2014-02-16T00:00:00 0.472079423126 0.527920576874 287 368 655
2014-02-16T01:00:00 0.474397980629 0.525602019371 296 370 666
2014-02-16T02:00:00 0.475318775074 0.524681224926 276 344 620
2014-02-16T03:00:00 0.4799598317 0.5200401683 251 297 548
2014-02-16T04:00:00 0.482089644059 0.517910355941 208 241 449
2014-02-16T05:00:00 0.488960542541 0.511039457459 150 162 312
2014-02-16T06:00:00 0.50393166513 0.49606833487 92 85 177
2014-02-16T07:00:00 0.499721412922 0.500278587078 49 47 96
2014-02-16T08:00:00 0.480743000161 0.519256999839 49 55 104
2014-02-16T09:00:00 0.461508054303 0.538491945697 60 84 144
2014-02-16T10:00:00 0.451519809819 0.548480190181 76 123 199
2014-02-16T11:00:00 0.443558379796 0.556441620204 97 168 265
2014-02-16T12:00:00 0.444765553098 0.555234446902 122 210 332
2014-02-16T13:00:00 0.444761030607 0.555238969393 151 255 406
2014-02-16T14:00:00 0.451597466167 0.548402533833 184 285 469
2014-02-16T15:00:00 0.448381227281 0.551618772719 200 317 517
2014-02-16T16:00:00 0.455155051096 0.544844948904 219 323 542
2014-02-19T22:00:00 0.448553280066 0.551446719934 262 400 662
2014-02-19T23:00:00 0.454267550054 0.545732449946 285 412 697
2014-02-20T00:00:00 0.461960259817 0.538039740183 304 406 710
2014-02-20T01:00:00 0.467017871281 0.532982128719 296 376 672
2014-02-20T02:00:00 0.475306187649 0.524693812351 269 317 586
2014-02-20T03:00:00 0.474031338519 0.525968661481 221 266 487
2014-02-20T04:00:00 0.480997485906 0.519002514094 171 190 361
2014-02-21T13:00:00 0.498473935994 0.501526064006 146 144 290
2014-02-21T14:00:00 0.495630944839 0.504369055161 157 159 316
2014-02-21T15:00:00 0.490872765445 0.509127234555 169 178 347
2014-02-21T16:00:00 0.482204955487 0.517795044513 172 198 370
2014-02-21T17:00:00 0.476202036194 0.523797963806 173 212 385
2014-02-21T18:00:00 0.476865051017 0.523134948983 187 227 414
2014-02-21T19:00:00 0.483919552822 0.516080447178 194 217 411
2014-02-21T20:00:00 0.481415081174 0.518584918826 221 249 470
2014-02-21T21:00:00 0.475137565733 0.524862434267 227 279 506
2014-02-21T22:00:00 0.476921856071 0.523078143929 258 312 570
2014-02-21T23:00:00 0.476928619456 0.523071380544 311 368 679
2014-02-22T00:00:00 0.477129388201 0.522870611799 344 406 750
2014-02-22T01:00:00 0.478354372657 0.521645627343 355 417 772
2014-02-22T02:00:00 0.481124044409 0.518875955591 331 382 713
2014-02-22T03:00:00 0.487839039435 0.512160960565 307 327 634
2014-02-22T19:00:00 0.483631309256 0.516368690744 341 388 729
2014-02-22T20:00:00 0.486846851116 0.513153148884 351 389 740
2014-02-22T21:00:00 0.486726507718 0.513273492282 356 395 751
2014-02-22T22:00:00 0.485294119612 0.514705880388 378 427 805
2014-02-22T23:00:00 0.482030133545 0.517969866455 410 474 884
2014-02-23T00:00:00 0.481074583197 0.518925416803 435 508 943
2014-02-23T01:00:00 0.482989466449 0.517010533551 480 547 1027
2014-02-23T02:00:00 0.481723697387 0.518276302613 465 533 998
2014-02-23T03:00:00 0.482789422728 0.517210577272 436 493 929
2014-02-23T04:00:00 0.485570766309 0.514429233691 377 413 790
2014-02-23T05:00:00 0.48592182183 0.51407817817 290 315 605
2014-02-23T06:00:00 0.485696740665 0.514303259335 213 232 445
2014-02-23T07:00:00 0.495267788212 0.504732211788 143 143 286
2014-02-23T08:00:00 0.504749991047 0.495250008953 128 117 245
2014-02-23T09:00:00 0.518048285752 0.481951714248 182 146 328
2014-02-23T10:00:00 0.503756280733 0.496243719267 265 247 512
2014-02-23T11:00:00 0.502748879346 0.497251120654 384 360 744
2014-02-23T12:00:00 0.502553824194 0.497446175806 502 469 971
2014-02-23T13:00:00 0.499271526075 0.500728473925 587 566 1153
2014-02-23T14:00:00 0.49546651518 0.50453348482 636 636 1272
2014-02-23T15:00:00 0.490318826433 0.509681173567 646 677 1323
2014-02-23T16:00:00 0.49519033732 0.50480966268 637 630 1267
2014-02-23T17:00:00 0.494585519491 0.505414480509 580 578 1158
2014-02-23T18:00:00 0.494460750737 0.505539249263 526 524 1050
2014-02-23T19:00:00 0.494546337774 0.505453662226 468 466 934
2014-02-23T20:00:00 0.494504346597 0.505495653403 427 429 856
2014-02-23T21:00:00 0.496139850188 0.503860149812 389 387 776
2014-02-23T22:00:00 0.485987869655 0.514012130345 375 419 794
2014-02-23T23:00:00 0.477474361972 0.522525638028 373 451 824
2014-02-24T00:00:00 0.472382375209 0.527617624791 353 450 803
2014-02-24T01:00:00 0.475500390677 0.524499609323 340 422 762
2014-02-24T02:00:00 0.479401011569 0.520598988431 308 366 674
2014-02-24T03:00:00 0.477690246871 0.522309753129 261 314 575
2014-02-24T04:00:00 0.481772288885 0.518227711115 192 219 411
2014-02-24T05:00:00 0.499189151749 0.500810848251 127 122 249
2014-02-24T06:00:00 0.521409314031 0.478590685969 73 56 129
2014-02-24T07:00:00 0.505253431529 0.494746568471 44 38 82
2014-02-24T08:00:00 0.521253708113 0.478746291887 55 42 97
2014-02-24T23:00:00 0.485337126146 0.514662873854 214 243 457
2014-02-25T00:00:00 0.47669058553 0.52330941447 226 282 508
2014-03-03T07:00:00 0.537647597664 0.462352402336 41 28 69
2014-03-03T08:00:00 0.523018782287 0.476981217713 50 38 88
2014-03-03T09:00:00 0.506897591564 0.493102408436 72 66 138
2014-03-03T10:00:00 0.487468859938 0.512531140062 95 105 200
2014-03-03T11:00:00 0.487676082319 0.512323917681 129 140 269
2014-03-03T12:00:00 0.489104300437 0.510895699563 147 155 302
2014-03-03T13:00:00 0.475061856403 0.524938143597 154 189 343
2014-03-03T14:00:00 0.477313740097 0.522686259903 163 196 359
2014-03-03T15:00:00 0.472283662692 0.527716337308 157 199 356
2014-03-03T16:00:00 0.481168748344 0.518831251656 158 185 343
2014-03-10T19:00:00 0.472261839432 0.527738160568 83 99 182
2014-03-10T20:00:00 0.483455591678 0.516544408322 100 105 205
2014-03-10T21:00:00 0.490291607636 0.509708392364 115 114 229
2014-03-10T22:00:00 0.480950089349 0.519049910651 128 142 270
2014-03-10T23:00:00 0.483069617532 0.516930382468 158 173 331
2014-03-11T00:00:00 0.490303363939 0.509696636061 187 190 377
2014-03-11T01:00:00 0.491329368507 0.508670631493 190 192 382
2014-03-11T02:00:00 0.492933761129 0.507066238871 177 177 354
2014-03-11T03:00:00 0.487142389041 0.512857610959 150 159 309
2014-03-11T04:00:00 0.497548445027 0.502451554973 122 116 238
2014-03-11T05:00:00 0.505515338869 0.494484661131 79 70 149
2014-03-11T06:00:00 0.497716724792 0.502283275208 40 39 79
2014-03-11T07:00:00 0.505883254427 0.494116745573 28 25 53
2014-03-16T16:00:00 0.45416619771 0.54583380229 172 239 411
2014-03-16T17:00:00 0.454251958163 0.545748041837 172 246 418
2014-03-16T18:00:00 0.46473232791 0.53526767209 177 229 406
2014-03-16T19:00:00 0.467672289452 0.532327710548 177 227 404
2014-03-16T20:00:00 0.459506527677 0.540493472323 171 238 409
2014-03-16T21:00:00 0.459225857498 0.540774142502 182 253 435
2014-03-16T22:00:00 0.458246870327 0.541753129673 188 268 456
2014-03-16T23:00:00 0.457944859615 0.542055140385 210 300 510
2014-03-17T00:00:00 0.456381778146 0.543618221854 233 340 573
2014-03-17T01:00:00 0.450469017591 0.549530982409 230 357 587
2014-03-17T02:00:00 0.450028940327 0.549971059673 210 330 540
2014-03-17T03:00:00 0.454055194398 0.545944805602 189 287 476
2014-03-23T15:00:00 0.431591002087 0.568408997913 290 520 810
2014-03-23T16:00:00 0.432026975547 0.567973024453 280 513 793
2014-03-23T17:00:00 0.43631081995 0.56368918005 296 516 812
2014-03-23T18:00:00 0.43699397108 0.56300602892 306 531 837
2014-03-23T19:00:00 0.439318998717 0.560681001283 327 559 886
2014-03-23T20:00:00 0.45032662461 0.54967337539 369 563 932
2014-03-23T21:00:00 0.450271734882 0.549728265118 386 588 974
2014-03-23T22:00:00 0.460703446222 0.539296553778 462 637 1099
2014-03-23T23:00:00 0.46533642121 0.53466357879 518 679 1197
2014-03-24T00:00:00 0.468934397165 0.531065602835 559 702 1261
2014-03-24T01:00:00 0.469220788798 0.530779211202 541 678 1219
2014-03-24T02:00:00 0.470269783422 0.529730216578 488 602 1090
2014-03-24T03:00:00 0.47589218651 0.52410781349 431 507 938
2014-03-24T04:00:00 0.475786933597 0.524213066403 321 372 693
2014-03-24T05:00:00 0.476393108869 0.523606891131 210 246 456
2014-03-24T06:00:00 0.482765208081 0.517234791919 124 142 266
2014-03-24T07:00:00 0.502234749867 0.497765250133 88 88 176
2014-03-24T23:00:00 0.471281997185 0.528718002815 205 251 456
2014-03-25T00:00:00 0.484635014919 0.515364985081 228 243 471
2014-03-25T01:00:00 0.492118544445 0.507881455555 212 210 422
2014-03-25T02:00:00 0.502713084002 0.497286915998 189 165 354
2014-03-25T03:00:00 0.495172404859 0.504827595141 145 138 283
2014-03-25T04:00:00 0.496686162411 0.503313837589 116 107 223
2014-03-25T05:00:00 0.497117069583 0.502882930417 89 83 172
2014-03-25T06:00:00 0.476574729123 0.523425270877 47 54 101
2014-03-25T07:00:00 0.452463194853 0.547536805147 33 48 81
2014-03-25T08:00:00 0.46636656343 0.53363343657 39 50 89
2014-03-25T09:00:00 0.461042497104 0.538957502896 51 70 121
2014-03-25T10:00:00 0.453238675833 0.546761324167 65 95 160
2014-03-25T11:00:00 0.463765649507 0.536234350493 91 120 211
2014-03-25T12:00:00 0.460049777927 0.539950222073 100 138 238
2014-03-25T13:00:00 0.45843222382 0.54156777618 112 158 270
2014-03-25T14:00:00 0.446703121794 0.553296878206 114 184 298
2014-03-25T15:00:00 0.451201976307 0.548798023693 125 191 316
2014-03-25T16:00:00 0.44699381024 0.55300618976 129 207 336
2014-03-25T17:00:00 0.433828060435 0.566171939565 120 220 340
2014-03-25T18:00:00 0.438692302604 0.561307697396 129 225 354
2014-03-25T19:00:00 0.435730776572 0.564269223428 128 231 359
2014-03-25T20:00:00 0.439172894355 0.560827105645 137 236 373
2014-03-25T21:00:00 0.441072139602 0.558927860398 150 256 406
2014-03-25T22:00:00 0.456131130827 0.543868869173 179 259 438
2014-03-25T23:00:00 0.460398541837 0.539601458163 202 277 479
2014-03-26T00:00:00 0.463621066827 0.536378933173 229 303 532
2014-03-26T01:00:00 0.467671448488 0.532328551512 233 295 528
2014-03-26T02:00:00 0.473075431826 0.526924568174 215 259 474
2014-03-26T03:00:00 0.478511924062 0.521488075938 186 210 396
2014-03-26T04:00:00 0.479876965997 0.520123034003 146 165 311
2014-03-26T05:00:00 0.497419428176 0.502580571824 109 106 215
2014-03-26T06:00:00 0.52242890901 0.47757109099 67 52 119
2014-03-26T07:00:00 0.549403150451 0.450596849549 68 41 109
2014-03-26T08:00:00 0.540380193031 0.459619806969 95 61 156
2014-03-26T09:00:00 0.522315883405 0.477684116595 125 95 220
2014-03-26T10:00:00 0.499273210014 0.500726789986 150 142 292
2014-03-26T11:00:00 0.487686480643 0.512313519357 172 185 357
2014-03-26T12:00:00 0.47773014435 0.52226985565 203 239 442
2014-03-26T13:00:00 0.472789299171 0.527210700829 217 268 485
2014-03-26T14:00:00 0.454086064737 0.545913935263 213 321 534
2014-03-26T15:00:00 0.449954980956 0.550045019044 215 344 559
2014-03-26T16:00:00 0.454450437101 0.545549562899 230 353 583
2014-03-26T17:00:00 0.456393534006 0.543606465994 247 365 612
2014-03-26T18:00:00 0.461004245984 0.538995754016 257 361 618
2014-03-26T19:00:00 0.462378028604 0.537621971396 269 370 639
2014-03-26T20:00:00 0.470460638796 0.529539361204 294 366 660
2014-03-26T21:00:00 0.474894002314 0.525105997686 325 386 711
2014-03-26T22:00:00 0.480186018241 0.519813981759 381 427 808
2014-03-26T23:00:00 0.485806926956 0.514193073044 439 466 905
2014-03-27T00:00:00 0.483041567459 0.516958432541 461 507 968
2014-03-27T01:00:00 0.484932705614 0.515067294386 465 505 970
2014-03-27T02:00:00 0.488588532615 0.511411467385 423 446 869
2014-03-27T20:00:00 0.477710940325 0.522289059675 486 564 1050
2014-03-27T21:00:00 0.472172829055 0.527827170945 473 582 1055
2014-03-27T22:00:00 0.468155569222 0.531844430778 470 604 1074
2014-03-27T23:00:00 0.472084837539 0.527915162461 459 568 1027
2014-04-13T12:00:00 0.446135037519 0.553864962481 203 328 531
2014-04-13T13:00:00 0.444128921964 0.555871078036 226 370 596
2014-04-13T14:00:00 0.441293630005 0.558706369995 237 399 636
2014-04-13T15:00:00 0.437311165057 0.562688834943 233 414 647
2014-04-13T16:00:00 0.433765396715 0.566234603285 232 433 665
2014-04-13T17:00:00 0.430312869413 0.569687130587 223 433 656
2014-04-13T18:00:00 0.434549054207 0.565450945793 215 399 614
2014-04-13T19:00:00 0.43008293991 0.56991706009 204 400 604
2014-04-13T20:00:00 0.431157539331 0.568842460669 217 424 641
2014-04-13T21:00:00 0.439647192727 0.560352807273 250 441 691
2014-04-13T22:00:00 0.449778069429 0.550221930571 299 473 772
2014-04-13T23:00:00 0.454570213573 0.545429786427 356 532 888
2014-04-14T00:00:00 0.453631439102 0.546368560898 384 576 960
2014-04-14T01:00:00 0.459698365344 0.540301634656 409 574 983
2014-04-14T02:00:00 0.460793368564 0.539206631436 373 517 890
2014-04-14T03:00:00 0.462714195362 0.537285804638 330 450 780
2014-04-14T04:00:00 0.461049815391 0.538950184609 260 359 619
2014-04-14T05:00:00 0.460545607689 0.539454392311 173 240 413
2014-04-14T06:00:00 0.473026064713 0.526973935287 124 150 274
2014-04-14T07:00:00 0.471727267431 0.528272732569 86 107 193
2014-04-14T08:00:00 0.479033069278 0.520966930722 88 100 188
2014-04-14T09:00:00 0.477343253358 0.522656746642 105 120 225
2014-04-14T10:00:00 0.47015992993 0.52984007007 117 146 263
2014-04-14T11:00:00 0.470536020383 0.529463979617 144 181 325
2014-04-17T23:00:00 0.434399561306 0.565600438694 114 214 328
2014-04-18T00:00:00 0.44456601008 0.55543398992 132 219 351
2014-04-18T01:00:00 0.442594027672 0.557405972328 131 220 351
2014-04-18T02:00:00 0.443762034816 0.556237965184 119 197 316
2014-04-18T03:00:00 0.455766775315 0.544233224685 105 152 257
2014-05-01T03:00:00 0.473433901851 0.526566098149 64 76 140
2014-05-01T04:00:00 0.475378101759 0.524621898241 52 60 112
2014-05-01T05:00:00 0.480854790159 0.519145209841 39 42 81
2014-05-19T12:00:00 0.47459141811 0.52540858189 53 63 116
2014-05-19T13:00:00 0.469049342961 0.530950657039 56 69 125
2014-05-19T14:00:00 0.461612452621 0.538387547379 61 81 142
2014-05-19T15:00:00 0.457294576647 0.542705423353 62 87 149
2014-05-19T16:00:00 0.44937158576 0.55062841424 65 102 167
2014-05-19T17:00:00 0.445469295757 0.554530704243 64 105 169
2014-05-19T18:00:00 0.441934413164 0.558065586836 63 105 168
2014-05-21T15:00:00 0.450480846988 0.549519153012 88 141 229
2014-05-21T16:00:00 0.456999453845 0.543000546155 90 133 223
2014-05-21T17:00:00 0.461297922073 0.538702077927 92 129 221
2014-05-21T18:00:00 0.466008424 0.533991576 93 123 216
2014-05-21T19:00:00 0.464874146095 0.535125853905 86 114 200
2014-05-21T20:00:00 0.471763069532 0.528236930468 94 114 208
2014-05-21T21:00:00 0.470440801312 0.529559198688 97 118 215
2014-05-21T22:00:00 0.469606528168 0.530393471832 103 126 229
2014-05-21T23:00:00 0.460714525111 0.539285474889 113 152 265
2014-05-22T00:00:00 0.464898104482 0.535101895518 130 166 296
2014-05-22T01:00:00 0.470640303456 0.529359696544 140 171 311
2014-05-22T02:00:00 0.467572338434 0.532427661566 125 156 281
2014-05-31T11:00:00 0.444799514284 0.555200485716 82 135 217
2014-06-16T13:00:00 0.479078132283 0.520921867717 134 153 287
2014-06-16T14:00:00 0.474821770255 0.525178229745 140 169 309
2014-06-16T15:00:00 0.470055855847 0.529944144153 142 178 320
2014-07-04T09:00:00 0.490673675732 0.509326324268 48 48 96
2014-07-04T10:00:00 0.478930667629 0.521069332371 53 61 114
2014-07-04T11:00:00 0.479584368668 0.520415631332 58 66 124
2014-07-04T12:00:00 0.466295982082 0.533704017918 59 76 135
2014-07-04T13:00:00 0.464852396326 0.535147603674 60 78 138
2014-07-04T14:00:00 0.474206814532 0.525793185468 58 69 127
2014-07-04T15:00:00 0.474262684089 0.525737315911 55 70 125
2014-07-04T16:00:00 0.480502189279 0.519497810721 54 63 117
2014-07-04T17:00:00 0.467580508498 0.532419491502 52 69 121
2014-07-04T18:00:00 0.468693908502 0.531306091498 55 72 127
2014-07-04T19:00:00 0.466374205082 0.533625794918 57 76 133
2014-07-04T20:00:00 0.464754420925 0.535245579075 61 82 143
2014-07-04T21:00:00 0.459303274922 0.540696725078 67 93 160
2014-07-04T22:00:00 0.460958401539 0.539041598461 81 109 190
2014-07-04T23:00:00 0.456132373008 0.543867626992 88 124 212
2014-07-07T10:00:00 0.456273593905 0.543726406095 33 48 81
2014-07-07T11:00:00 0.444241626402 0.555758373598 42 70 112
2014-07-07T12:00:00 0.441365204045 0.558634795955 49 84 133
2014-07-07T13:00:00 0.435003001437 0.564996998563 52 96 148
2014-07-07T14:00:00 0.447011367227 0.552988632773 62 100 162
2014-07-07T15:00:00 0.440703828609 0.559296171391 59 102 161
2014-07-07T16:00:00 0.448328640517 0.551671359483 65 102 167
2014-07-07T17:00:00 0.458383302279 0.541616697721 69 96 165
2014-07-07T18:00:00 0.466705281981 0.533294718019 67 86 153
2014-07-07T19:00:00 0.458719697868 0.541280302132 66 92 158
2014-07-07T20:00:00 0.460891682218 0.539108317782 66 90 156
2014-07-07T21:00:00 0.45091987222 0.54908012778 71 109 180
2014-07-07T22:00:00 0.455098294372 0.544901705628 88 127 215
2014-07-17T09:00:00 0.455381322741 0.544618677259 25 34 59
2014-07-17T10:00:00 0.467136155965 0.532863844035 40 50 90
2014-07-17T11:00:00 0.466055890463 0.533944109537 56 72 128
2014-07-17T12:00:00 0.461367677912 0.538632322088 64 86 150
2014-07-17T13:00:00 0.456593204226 0.543406795774 78 112 190
2014-07-17T14:00:00 0.454772864108 0.545227135892 84 124 208
2014-07-17T15:00:00 0.450611763886 0.549388236114 85 134 219
2014-07-17T16:00:00 0.445987733141 0.554012266859 82 133 215
2014-07-17T17:00:00 0.452291130217 0.547708869783 83 127 210
2014-07-17T18:00:00 0.459623933561 0.540376066439 87 122 209
2014-07-17T19:00:00 0.468192528464 0.531807471536 92 117 209
2014-07-17T20:00:00 0.471801594572 0.528198405428 97 119 216
2014-07-17T21:00:00 0.479799407853 0.520200592147 108 121 229
2014-07-17T22:00:00 0.474360780717 0.525639219283 119 142 261
2014-07-17T23:00:00 0.473302778045 0.526697221955 147 173 320
2014-07-18T00:00:00 0.476753945223 0.523246054777 175 198 373
2014-07-18T01:00:00 0.475840326631 0.524159673369 168 192 360
2014-07-18T02:00:00 0.478020111375 0.521979888625 163 181 344
2014-07-18T03:00:00 0.476625081095 0.523374918905 143 160 303
2014-07-18T04:00:00 0.484095192651 0.515904807349 121 125 246
2014-07-18T05:00:00 0.484442868555 0.515557131445 80 83 163
2014-07-18T06:00:00 0.473263035603 0.526736964397 39 47 86
2014-07-18T07:00:00 0.467247497509 0.532752502491 33 44 77
2014-07-18T08:00:00 0.470035595888 0.529964404112 36 47 83
2014-07-18T09:00:00 0.44612720066 0.55387279934 41 70 111
2014-07-18T10:00:00 0.451497589176 0.548502410824 51 80 131
2014-07-18T11:00:00 0.447599113331 0.552400886669 57 95 152
2014-07-18T12:00:00 0.456560374517 0.543439625483 68 101 169
2014-07-30T09:00:00 0.408967595031 0.591032404969 11 27 38
2014-07-30T10:00:00 0.415748173679 0.584251826321 17 40 57
2014-07-30T11:00:00 0.429754765814 0.570245234186 25 48 73
2014-07-30T12:00:00 0.425914678041 0.574085321959 29 59 88
2014-07-30T13:00:00 0.441841669032 0.558158330968 33 58 91
2014-07-30T14:00:00 0.440053691287 0.559946308713 33 60 93
2014-07-30T15:00:00 0.441179910694 0.558820089306 31 55 86
2014-07-30T16:00:00 0.439810228341 0.560189771659 28 49 77
2014-07-30T17:00:00 0.453671446677 0.546328553323 29 45 74
2014-07-30T18:00:00 0.468276638325 0.531723361675 30 39 69
2014-07-30T19:00:00 0.468574966702 0.531425033298 28 35 63
2014-07-30T20:00:00 0.465910694038 0.534089305962 29 37 66
2014-07-30T21:00:00 0.45126854235 0.54873145765 30 46 76
2014-07-30T22:00:00 0.490085372008 0.509914627992 44 45 89
2014-07-30T23:00:00 0.471999829301 0.528000170699 52 65 117
2014-07-31T00:00:00 0.472391419706 0.527608580294 54 68 122
2014-07-31T01:00:00 0.486997050759 0.513002949241 62 67 129
2014-07-31T02:00:00 0.487307331909 0.512692668091 58 62 120
2014-07-31T17:00:00 0.44362907901 0.55637092099 25 46 71
2014-07-31T18:00:00 0.438136631661 0.561863368339 23 45 68
2014-07-31T19:00:00 0.427176050077 0.572823949923 19 40 59
2014-07-31T20:00:00 0.430885787367 0.569114212633 23 46 69
2014-07-31T21:00:00 0.459173505106 0.540826494894 30 44 74
2014-07-31T22:00:00 0.459182983574 0.540817016426 33 49 82
2014-07-31T23:00:00 0.462405710741 0.537594289259 40 58 98
2014-08-01T00:00:00 0.471565091156 0.528434908844 51 67 118
2014-08-01T01:00:00 0.461539646179 0.538460353821 52 77 129
2014-08-01T02:00:00 0.467950302872 0.532049697128 49 67 116
2014-08-01T03:00:00 0.45578098414 0.54421901586 39 61 100
2014-08-01T04:00:00 0.452244293736 0.547755706264 34 55 89
2014-08-01T05:00:00 0.469658798506 0.530341201494 30 39 69
2014-08-01T06:00:00 0.459482051196 0.540517948804 17 24 41
2014-08-01T07:00:00 0.505082343904 0.494917656096 15 12 27
2014-08-01T08:00:00 0.482368398871 0.517631601129 14 15 29
2014-08-01T09:00:00 0.465264992104 0.534735007896 20 26 46
2014-08-01T10:00:00 0.466308745327 0.533691254673 29 36 65
2014-08-01T11:00:00 0.440614774059 0.559385225941 31 52 83
2014-08-01T12:00:00 0.444713219409 0.555286780591 40 64 104
2014-08-01T13:00:00 0.427671697221 0.572328302779 37 73 110
2014-08-01T14:00:00 0.433060145074 0.566939854926 41 77 118
2014-08-01T15:00:00 0.422643887507 0.577356112493 38 80 118
2014-08-01T16:00:00 0.42185932378 0.57814067622 34 75 109
2014-08-02T10:00:00 0.472449591802 0.527550408198 44 51 95
2014-08-02T11:00:00 0.466398751849 0.533601248151 55 67 122
2014-08-02T12:00:00 0.459371729902 0.540628270098 70 94 164
2014-08-02T13:00:00 0.456311243829 0.543688756171 77 106 183
2014-08-02T14:00:00 0.451332635616 0.548667364384 75 110 185
2014-08-02T15:00:00 0.449530670712 0.550469329288 75 114 189
2014-08-02T16:00:00 0.446099153861 0.553900846139 74 116 190
2014-08-02T17:00:00 0.447473487601 0.552526512399 71 112 183
2014-08-02T18:00:00 0.449747033007 0.550252966993 64 98 162
2014-08-02T19:00:00 0.461065100032 0.538934899968 72 99 171
2014-08-02T20:00:00 0.461519390836 0.538480609164 78 106 184
2014-08-02T21:00:00 0.46721737802 0.53278262198 83 106 189
2014-08-02T22:00:00 0.486343998219 0.513656001781 109 115 224
2014-08-21T02:00:00 0.472745944913 0.527254055087 524 648 1172
2014-08-21T03:00:00 0.476098024311 0.523901975689 435 520 955
2014-08-21T04:00:00 0.479407323711 0.520592676289 334 390 724
2014-08-21T05:00:00 0.484391584094 0.515608415906 231 259 490
2014-08-21T06:00:00 0.486745028761 0.513254971239 139 151 290
2014-08-21T07:00:00 0.473709316544 0.526290683456 90 109 199
2014-08-21T08:00:00 0.464447673289 0.535552326711 88 116 204
2014-08-21T09:00:00 0.463642549647 0.536357450353 117 156 273
2014-08-30T04:00:00 0.475511650568 0.524488349432 210 251 461
2014-08-30T05:00:00 0.486924525981 0.513075474019 152 159 311
2014-08-30T06:00:00 0.48612461747 0.51387538253 94 100 194
2014-08-30T07:00:00 0.482899292728 0.517100707272 60 66 126
2014-08-30T08:00:00 0.483081165924 0.516918834076 71 78 149
2014-08-30T09:00:00 0.475357958778 0.524642041222 87 103 190
2014-08-30T10:00:00 0.473830695177 0.526169304823 113 135 248
2014-08-30T11:00:00 0.467555171808 0.532444828192 141 180 321
2014-09-05T20:00:00 0.456719815931 0.543280184069 148 211 359
2014-09-05T21:00:00 0.458036400219 0.541963599781 159 225 384
2014-09-05T22:00:00 0.471177258209 0.528822741791 198 247 445
2014-09-05T23:00:00 0.479209350128 0.520790649872 246 279 525
2014-09-06T00:00:00 0.477789327681 0.522210672319 265 308 573
2014-09-06T01:00:00 0.479949484297 0.520050515703 268 306 574
2014-09-06T02:00:00 0.474081305901 0.525918694099 243 296 539
2014-09-06T03:00:00 0.483130280835 0.516869719165 230 254 484
2014-09-06T04:00:00 0.481363966305 0.518636033695 178 201 379
2014-09-06T05:00:00 0.473324316066 0.526675683934 115 143 258
2014-09-06T06:00:00 0.476243461916 0.523756538084 75 88 163
2014-09-06T07:00:00 0.484600176737 0.515399823263 66 71 137
2014-09-06T08:00:00 0.471267409569 0.528732590431 73 94 167
2014-09-06T09:00:00 0.454439387789 0.545560612211 88 137 225
2014-09-06T10:00:00 0.455701533341 0.544298466659 125 190 315
2014-09-06T11:00:00 0.450834147175 0.549165852825 145 232 377
2014-09-06T12:00:00 0.458872453671 0.541127546329 184 269 453
2014-09-06T13:00:00 0.453822934325 0.546177065675 194 301 495
2014-09-06T14:00:00 0.46062130313 0.53937869687 209 296 505
2014-09-06T15:00:00 0.461050350153 0.538949649847 207 289 496
2014-09-06T16:00:00 0.460424351681 0.539575648319 186 261 447
2014-09-06T17:00:00 0.466653153378 0.533346846622 197 260 457
2014-09-06T18:00:00 0.459415604485 0.540584395515 182 261 443
2014-09-06T19:00:00 0.461032344462 0.538967655538 188 259 447
2014-09-06T20:00:00 0.465419109467 0.534580890533 222 293 515
2014-09-06T21:00:00 0.464031832042 0.535968167958 236 315 551
2014-09-06T22:00:00 0.457604058587 0.542395941413 254 359 613
2014-09-06T23:00:00 0.457623416345 0.542376583655 266 377 643
2014-09-07T00:00:00 0.454105406488 0.545894593512 271 399 670
2014-09-07T01:00:00 0.458126369242 0.541873630758 264 374 638
2014-09-07T02:00:00 0.453788528331 0.546211471669 215 320 535
2014-09-07T03:00:00 0.452536129043 0.547463870957 175 266 441
2014-09-07T04:00:00 0.461067968 0.538932032 138 195 333
2014-09-07T05:00:00 0.456582983853 0.543417016147 94 138 232
2014-09-07T06:00:00 0.473765633015 0.526234366985 60 72 132
2014-09-07T07:00:00 0.45637150586 0.54362849414 38 53 91
2014-09-07T08:00:00 0.435200167878 0.564799832122 30 50 80
2014-09-07T09:00:00 0.4539544489 0.5460455511 44 64 108
2014-09-07T10:00:00 0.46613220181 0.53386779819 58 76 134
2014-09-25T11:00:00 0.453062479572 0.546937520428 69 103 172
2014-10-07T14:00:00 0.420626254269 0.579373745731 173 397 570
2014-10-07T15:00:00 0.422478693757 0.577521306243 184 414 598
2014-10-07T16:00:00 0.420500587767 0.579499412233 190 442 632
2014-10-07T17:00:00 0.420004254705 0.579995745295 207 482 689
2014-10-07T18:00:00 0.417142685197 0.582857314803 218 531 749
2014-10-07T19:00:00 0.425031081604 0.574968918396 259 565 824
2014-10-07T20:00:00 0.422630862561 0.577369137439 284 643 927
2014-10-07T21:00:00 0.426277398685 0.573722601315 325 697 1022
2014-10-07T22:00:00 0.428386291877 0.571613708123 364 753 1117
2014-10-07T23:00:00 0.434855585266 0.565144414734 445 852 1297
2014-10-08T00:00:00 0.440396685511 0.559603314489 515 924 1439
2014-10-08T01:00:00 0.435071488429 0.564928511571 495 953 1448
2014-10-08T02:00:00 0.431535193008 0.568464806992 451 909 1360
2014-10-08T03:00:00 0.428054014126 0.571945985874 393 835 1228
2014-10-08T04:00:00 0.427808294105 0.572191705895 327 709 1036
2014-10-08T05:00:00 0.42142338792 0.57857661208 216 515 731
2014-10-08T06:00:00 0.406248659059 0.593751340941 115 341 456
2014-10-08T07:00:00 0.434276686703 0.565723313297 109 226 335
2014-10-08T08:00:00 0.487807327224 0.512192672776 146 163 309
2014-10-08T09:00:00 0.510750449952 0.489249550048 178 153 331
2014-10-08T10:00:00 0.513359417215 0.486640582785 218 178 396
2014-10-08T11:00:00 0.511646024931 0.488353975069 270 225 495
2014-10-08T12:00:00 0.501217082797 0.498782917203 300 276 576
2014-10-08T13:00:00 0.487594482917 0.512405517083 302 318 620
2014-10-08T14:00:00 0.476691422562 0.523308577438 301 355 656
2014-10-08T15:00:00 0.479208121299 0.520791878701 315 360 675
2014-10-08T16:00:00 0.480156556159 0.519843443841 316 359 675
2014-10-08T17:00:00 0.480911058022 0.519088941978 321 362 683
2014-10-08T18:00:00 0.492963033882 0.507036966118 344 350 694
2014-10-08T19:00:00 0.502995232513 0.497004767487 368 346 714
2014-10-08T20:00:00 0.514051264186 0.485948735814 383 329 712
2014-10-08T21:00:00 0.514025731487 0.485974268513 401 342 743
2014-10-08T22:00:00 0.516952933501 0.483047066499 424 350 774
2014-10-08T23:00:00 0.511674374007 0.488325625993 437 382 819
2014-10-09T00:00:00 0.506775405216 0.493224594784 430 395 825
2014-10-09T01:00:00 0.506957770593 0.493042229407 399 361 760
2014-10-09T02:00:00 0.5045970915 0.4954029085 347 316 663
2014-10-09T03:00:00 0.50316133611 0.49683866389 275 258 533
2014-10-09T04:00:00 0.501580310866 0.498419689134 210 203 413
2014-10-09T05:00:00 0.51824782506 0.48175217494 141 115 256
2014-10-09T06:00:00 0.54508906107 0.45491093893 96 59 155
2014-10-09T07:00:00 0.550940840684 0.449059159316 86 50 136
2014-10-09T08:00:00 0.548590857298 0.451409142702 109 65 174
2014-10-09T09:00:00 0.546014626159 0.453985373841 132 81 213
2014-10-09T10:00:00 0.548139475225 0.451860524775 162 95 257
2014-10-09T11:00:00 0.531703402449 0.468296597551 188 132 320
2014-10-09T12:00:00 0.516893485603 0.483106514397 205 167 372
2014-10-09T13:00:00 0.502784260014 0.497215739986 207 195 402
2014-10-09T14:00:00 0.491290129552 0.508709870448 196 209 405
2014-10-09T15:00:00 0.487399666084 0.512600333916 190 210 400
2014-10-09T16:00:00 0.475718397043 0.524281602957 178 223 401
2014-10-09T17:00:00 0.482281027967 0.517718972033 182 218 400
2014-10-10T08:00:00 0.53931968092 0.46068031908 125 82 207
2014-10-10T09:00:00 0.522776048045 0.477223951955 169 128 297
2014-10-10T10:00:00 0.522692791583 0.477307208417 224 171 395
2014-10-10T11:00:00 0.516152447568 0.483847552432 268 220 488
2014-10-10T12:00:00 0.512410514347 0.487589485653 295 252 547
2014-10-10T13:00:00 0.507381108362 0.492618891638 330 298 628
2014-10-10T14:00:00 0.49924816633 0.50075183367 318 307 625
2014-10-10T15:00:00 0.498495019672 0.501504980328 299 293 592
2014-10-10T16:00:00 0.492078742309 0.507921257691 273 285 558
2014-10-10T17:00:00 0.491453364276 0.508546635724 269 283 552
2014-10-10T18:00:00 0.494157256041 0.505842743959 288 297 585
2014-10-10T19:00:00 0.48598756567 0.51401243433 266 296 562
2014-10-10T20:00:00 0.489328656944 0.510671343056 291 316 607
2014-10-10T21:00:00 0.491091656389 0.508908343611 332 353 685
2014-10-10T22:00:00 0.486534833729 0.513465166271 369 411 780
2014-10-10T23:00:00 0.486052541498 0.513947458502 419 468 887
2014-10-11T00:00:00 0.485907707183 0.514092292817 461 513 974
2014-10-11T01:00:00 0.497831820111 0.502168179889 512 505 1017
2014-10-11T02:00:00 0.504902439383 0.495097560617 497 454 951
2014-10-11T03:00:00 0.509014921046 0.490985078954 441 387 828
2014-10-11T04:00:00 0.520834241407 0.479165758593 387 298 685
2014-10-11T05:00:00 0.536003449553 0.463996550447 306 199 505
2014-10-11T06:00:00 0.57423124509 0.42576875491 244 104 348
2014-10-18T12:00:00 0.440891903592 0.559108096408 112 185 297
2014-10-18T13:00:00 0.433087791221 0.566912208779 117 210 327
2014-10-18T14:00:00 0.436363950042 0.563636049958 130 226 356
2014-10-18T15:00:00 0.439541230579 0.560458769421 137 237 374
2014-10-18T16:00:00 0.441203254067 0.558796745933 149 257 406
2014-10-18T17:00:00 0.456551702383 0.543448297617 171 253 424
2014-10-18T18:00:00 0.454524186158 0.545475813842 164 250 414
2014-10-18T19:00:00 0.458601352091 0.541398647909 169 247 416
2014-10-18T20:00:00 0.452350853561 0.547649146439 167 262 429
2014-10-18T21:00:00 0.458184937721 0.541815062279 178 262 440
2014-10-18T22:00:00 0.470891019447 0.529108980553 190 247 437
2014-10-18T23:00:00 0.463955663772 0.536044336228 192 264 456
2014-10-19T00:00:00 0.470491852052 0.529508147948 211 272 483
2014-10-19T01:00:00 0.470461855695 0.529538144305 214 274 488
2014-10-19T02:00:00 0.479021888273 0.520978111727 208 244 452
2014-10-19T03:00:00 0.479966069649 0.520033930351 182 209 391
2014-10-19T04:00:00 0.474232883482 0.525767116518 144 171 315
2014-10-19T05:00:00 0.480523877494 0.519476122506 104 117 221
2014-10-19T06:00:00 0.474088907812 0.525911092188 64 76 140
2014-10-19T07:00:00 0.494622864463 0.505377135537 46 45 91
2014-10-19T08:00:00 0.500716083607 0.499283916393 44 40 84
2014-10-19T09:00:00 0.475514122126 0.524485877874 57 70 127
2014-10-19T10:00:00 0.48124257165 0.51875742835 88 103 191
2014-10-19T11:00:00 0.492788258737 0.507211741263 124 129 253
2014-10-19T12:00:00 0.491287144877 0.508712855123 152 159 311
2014-10-19T13:00:00 0.482655241721 0.517344758279 170 196 366
2014-10-19T14:00:00 0.478870238953 0.521129761047 188 225 413
2014-10-19T15:00:00 0.485297494955 0.514702505045 195 215 410
2014-10-19T16:00:00 0.480652490459 0.519347509541 179 208 387
2014-10-19T17:00:00 0.467929785751 0.532070214249 164 218 382
2014-10-19T18:00:00 0.467503007058 0.532496992942 164 219 383
2014-10-19T19:00:00 0.473689608358 0.526310391642 166 206 372
2014-10-19T20:00:00 0.475923826323 0.524076173677 164 198 362
2014-10-19T21:00:00 0.468101412435 0.531898587565 165 217 382
2014-10-19T22:00:00 0.474276173724 0.525723826276 198 241 439
2014-10-19T23:00:00 0.480610020707 0.519389979293 219 250 469
2014-10-23T13:00:00 0.481859616212 0.518140383788 88 100 188
2014-10-23T14:00:00 0.476144257184 0.523855742816 92 111 203
2014-10-23T15:00:00 0.464414534372 0.535585465628 86 117 203
2014-10-23T16:00:00 0.475258372609 0.524741627391 121 147 268
2014-10-23T17:00:00 0.465475992889 0.534524007111 124 173 297
2014-10-23T18:00:00 0.471059521671 0.528940478329 144 190 334
2014-10-23T19:00:00 0.468513879826 0.531486120174 169 227 396
2014-10-23T20:00:00 0.470042993798 0.529957006202 185 246 431
2014-10-23T21:00:00 0.473874727765 0.526125272235 224 286 510
2014-10-23T22:00:00 0.464345867268 0.535654132732 212 298 510
2014-10-23T23:00:00 0.464456679451 0.535543320549 217 300 517
2014-10-24T00:00:00 0.463048115963 0.536951884037 222 315 537
2014-10-24T01:00:00 0.465417684737 0.534582315263 204 284 488
2014-10-24T02:00:00 0.463706717493 0.536293282507 180 252 432
2014-10-24T03:00:00 0.462812470204 0.537187529796 134 189 323
2014-10-24T04:00:00 0.475927606142 0.524072393858 105 129 234
2014-10-24T05:00:00 0.486280428284 0.513719571716 75 84 159
2014-10-24T06:00:00 0.464848667861 0.535151332139 34 46 80
2014-10-24T07:00:00 0.466585337582 0.533414662418 24 31 55
2014-10-24T08:00:00 0.473102384265 0.526897615735 33 44 77
2014-10-24T09:00:00 0.457705179279 0.542294820721 43 67 110
2014-10-24T10:00:00 0.467976536869 0.532023463131 62 88 150
2014-10-24T11:00:00 0.456140847177 0.543859152823 73 114 187
2014-10-24T12:00:00 0.460190293064 0.539809706936 87 130 217
2014-10-24T13:00:00 0.453998809542 0.546001190458 93 146 239
2014-10-24T14:00:00 0.460566288079 0.539433711921 105 151 256
2014-10-24T15:00:00 0.467511865264 0.532488134736 126 168 294
2014-10-24T16:00:00 0.45886449389 0.54113550611 125 183 308
2014-10-24T17:00:00 0.467897302634 0.532102697366 126 170 296
2014-10-24T18:00:00 0.46649946043 0.53350053957 128 172 300
2014-10-24T19:00:00 0.469890029865 0.530109970135 130 168 298
2014-10-24T20:00:00 0.473121733022 0.526878266978 135 168 303
2014-10-24T21:00:00 0.463075793135 0.536924206865 117 161 278
2014-10-24T22:00:00 0.469486980285 0.530513019715 137 172 309
2014-10-24T23:00:00 0.477436476778 0.522563523222 168 195 363
2014-10-25T00:00:00 0.482667789531 0.517332210469 193 214 407
2014-10-25T01:00:00 0.486429409015 0.513570590985 204 220 424
2014-10-25T02:00:00 0.486674774698 0.513325225302 186 199 385
2014-10-25T03:00:00 0.496909348572 0.503090651428 176 170 346
2014-10-25T04:00:00 0.506438301652 0.493561698348 139 123 262
2014-10-25T05:00:00 0.508139844311 0.491860155689 99 86 185
2014-10-25T06:00:00 0.534408628035 0.465591371965 63 42 105
2014-10-25T07:00:00 0.561227130027 0.438772869973 54 26 80
2014-10-25T08:00:00 0.509564836726 0.490435163274 68 58 126
2014-10-25T09:00:00 0.506354065334 0.493645934666 105 91 196
2014-10-25T10:00:00 0.505412351586 0.494587648414 128 112 240
2014-10-25T11:00:00 0.494922157519 0.505077842481 148 143 291
2014-10-25T12:00:00 0.499789006057 0.500210993943 180 165 345
2014-10-25T13:00:00 0.502181858404 0.497818141596 198 176 374
2014-10-25T14:00:00 0.52131779541 0.47868220459 234 166 400
2014-10-25T15:00:00 0.523936834773 0.476063165227 225 153 378
2014-10-25T16:00:00 0.518439823893 0.481560176107 221 158 379
2014-10-29T16:00:00 0 0 0 0 0
2014-10-29T17:00:00 0 0 0 0 0
2014-10-29T18:00:00 0 0 0 0 0
2014-10-29T19:00:00 0 0 0 0 0
2014-10-29T20:00:00 0 0 0 0 0
2014-10-29T21:00:00 0 0 0 0 0
2014-10-29T22:00:00 0 0 0 0 0
2014-10-29T23:00:00 0 0 0 0 0
2014-10-30T00:00:00 0 0 0 0 0
2014-10-30T01:00:00 0 0 0 0 0
2014-10-30T02:00:00 0 0 0 0 0
2014-10-30T03:00:00 0 0 0 0 0
2014-10-30T04:00:00 0 0 0 0 0
2014-10-30T05:00:00 0 0 0 0 0
2014-10-30T06:00:00 0 0 0 0 0
2014-10-30T07:00:00 0 0 0 0 0
2014-10-30T08:00:00 0 0 0 0 0
2014-10-30T09:00:00 0 0 0 0 0
2014-10-30T10:00:00 0 0 0 0 0
2014-10-30T11:00:00 0 0 0 0 0
2014-10-30T12:00:00 0 0 0 0 0
2014-10-30T13:00:00 0 0 0 0 0
2014-10-30T14:00:00 0 0 0 0 0
2014-10-31T05:00:00 0 0 0 0 0
2014-10-31T06:00:00 0 0 0 0 0
2014-10-31T07:00:00 0 0 0 0 0
2014-10-31T08:00:00 0 0 0 0 0
2014-10-31T09:00:00 0 0 0 0 0
2014-10-31T10:00:00 0 0 0 0 0
2014-10-31T11:00:00 0 0 0 0 0
2014-10-31T12:00:00 0 0 0 0 0
2014-10-31T13:00:00 0 0 0 0 0
