2013-12-26T10:00:00Z 14 32 22 2 19
2013-12-26T09:00:00Z 15 48 27 2 23
2013-12-26T08:00:00Z 19 44 26 3 23
2013-12-26T07:00:00Z 11 41 29 4 22
2013-12-26T06:00:00Z 12 8 27 4 23
2013-12-26T05:00:00Z 15 -1 25 3 15
2014-01-03T01:00:00Z 253 282 283 118 142
2014-01-03T00:00:00Z 296 337 293 119 132
2014-01-02T23:00:00Z 256 305 270 119 143
2014-01-02T22:00:00Z 283 244 276 106 117
2014-01-02T21:00:00Z 321 237 265 100 110
2014-01-02T20:00:00Z 255 222 254 97 95
2014-01-11T05:00:00Z 263 292 245 65 71
2014-01-11T04:00:00Z 276 295 245 64 91
2014-01-11T03:00:00Z 246 299 294 65 107
2014-01-11T02:00:00Z 246 305 304 70 134
2014-01-11T01:00:00Z 233 326 301 71 144
2014-01-11T00:00:00Z 244 331 278 70 131
2014-01-15T07:00:00Z 209 264 268 49 129
2014-01-15T06:00:00Z 212 276 309 50 122
2014-01-15T05:00:00Z 222 282 283 52 123
2014-01-15T04:00:00Z 211 250 264 52 139
2014-01-15T03:00:00Z 188 274 301 51 129
2014-01-15T02:00:00Z 160 312 305 55 132
2014-01-24T15:00:00Z 145 178 310 202 201
2014-01-24T14:00:00Z 225 175 270 198 189
2014-01-24T13:00:00Z 251 184 256 195 197
2014-01-24T12:00:00Z 240 182 286 183 201
2014-01-24T11:00:00Z 276 201 314 181 228
2014-01-24T10:00:00Z 337 221 303 173 192
2014-01-27T14:00:00Z 132 159 325 110 150
2014-01-27T13:00:00Z 138 144 327 110 114
2014-01-27T12:00:00Z 119 131 323 120 115
2014-01-27T11:00:00Z 116 141 317 124 99
2014-01-27T10:00:00Z 106 179 329 112 103
2014-01-27T09:00:00Z 99 218 275 96 100
2014-01-30T03:00:00Z 261 162 167 131 195
2014-01-30T02:00:00Z 279 185 166 152 187
2014-01-30T01:00:00Z 306 190 174 155 204
2014-01-30T00:00:00Z 280 166 182 143 201
2014-01-29T23:00:00Z 320 169 195 141 212
2014-01-29T22:00:00Z 342 170 231 136 202
2014-01-31T07:00:00Z 131 197 234 221 47
2014-01-31T06:00:00Z 212 130 238 281 56
2014-01-31T05:00:00Z 299 161 219 345 61
2014-01-31T04:00:00Z 221 231 204 429 64
2014-01-31T03:00:00Z 169 290 216 834 88
2014-01-31T02:00:00Z 388 262 293 721 314
2014-02-02T09:00:00Z 180 217 233 110 118
2014-02-02T08:00:00Z 180 193 230 103 128
2014-02-02T07:00:00Z -1 -1 -1 -1 -1
2014-02-02T06:00:00Z 148 197 189 128 115
2014-02-02T05:00:00Z 101 182 178 144 121
2014-02-02T04:00:00Z 90 156 178 154 126
2014-02-08T09:00:00Z 75 94 112 51 24
2014-02-08T08:00:00Z 85 89 109 55 25
2014-02-08T07:00:00Z 76 70 106 56 26
2014-02-08T06:00:00Z 87 89 128 60 28
2014-02-08T05:00:00Z 73 79 105 63 32
2014-02-08T04:00:00Z 80 71 96 65 30
2014-02-17T02:00:00Z 135 194 275 64 56
2014-02-17T01:00:00Z 127 200 292 68 55
2014-02-17T00:00:00Z 125 209 288 70 57
2014-02-16T23:00:00Z 110 208 300 70 57
2014-02-16T22:00:00Z 159 231 305 56 57
2014-02-16T21:00:00Z 179 235 277 46 52
2014-03-04T05:00:00Z 179 189 280 126 148
2014-03-04T04:00:00Z 203 195 252 162 154
2014-03-04T03:00:00Z 214 217 282 181 139
2014-03-04T02:00:00Z 222 224 331 182 149
2014-03-04T01:00:00Z 209 215 332 174 153
2014-03-04T00:00:00Z 234 229 349 181 162
2014-03-09T15:00:00Z 134 95 98 3 26
2014-03-09T14:00:00Z 108 139 121 5 34
2014-03-09T13:00:00Z 111 157 164 19 37
2014-03-09T12:00:00Z 97 171 169 21 44
2014-03-09T11:00:00Z 86 168 210 26 50
2014-03-09T10:00:00Z 3 183 268 30 58
2014-03-11T20:00:00Z 390 248 279 8 147
2014-03-11T19:00:00Z 328 281 226 15 166
2014-03-11T18:00:00Z 300 230 167 43 213
2014-03-11T17:00:00Z -1 -1 -1 -1 -1
2014-03-11T16:00:00Z 340 -1 274 148 178
2014-03-11T15:00:00Z 324 171 304 174 178
2014-03-16T06:00:00Z 129 147 169 42 39
2014-03-16T05:00:00Z 119 201 177 46 39
2014-03-16T04:00:00Z 141 211 151 46 42
2014-03-16T03:00:00Z 149 185 157 45 48
2014-03-16T02:00:00Z 159 179 132 62 37
2014-03-16T01:00:00Z 177 196 109 71 44
2014-03-17T17:00:00Z 29 217 73 21 183
2014-03-17T16:00:00Z 50 217 87 31 180
2014-03-17T15:00:00Z 49 191 107 54 186
2014-03-17T14:00:00Z 56 210 152 62 187
2014-03-17T13:00:00Z -1 -1 -1 -1 -1
2014-03-17T12:00:00Z 165 170 243 133 152
2014-03-29T01:00:00Z 221 131 206 -1 109
2014-03-29T00:00:00Z 225 143 176 -1 100
2014-03-28T23:00:00Z 197 124 163 -1 107
2014-03-28T22:00:00Z 209 107 144 42 84
2014-03-28T21:00:00Z 224 84 133 53 80
2014-03-28T20:00:00Z 185 53 131 50 104
2014-03-31T15:00:00Z 270 49 40 44 21
2014-03-31T14:00:00Z 292 111 28 73 26
2014-03-31T13:00:00Z 269 185 43 96 27
2014-03-31T12:00:00Z 266 184 60 77 31
2014-03-31T11:00:00Z 237 189 54 40 37
2014-03-31T10:00:00Z 220 190 49 30 52
2014-04-01T13:00:00Z 145 121 79 79 184
2014-04-01T12:00:00Z 239 125 84 102 182
2014-04-01T11:00:00Z 229 144 89 98 201
2014-04-01T10:00:00Z 195 148 106 97 168
2014-04-01T09:00:00Z 191 121 107 112 133
2014-04-01T08:00:00Z 185 102 124 99 148
2014-04-15T08:00:00Z 131 131 128 3 15
2014-04-15T07:00:00Z 103 89 127 3 20
2014-04-15T06:00:00Z 91 99 117 1 82
2014-04-15T05:00:00Z 66 86 85 1 146
2014-04-15T04:00:00Z 59 82 115 41 150
2014-04-15T03:00:00Z 57 64 104 140 148
2014-04-18T20:00:00Z 39 121 183 31 38
2014-04-18T19:00:00Z 78 175 173 43 38
2014-04-18T18:00:00Z 86 187 139 41 34
2014-04-18T17:00:00Z -1 -1 -1 -1 -1
2014-04-18T16:00:00Z -1 -1 -1 -1 -1
2014-04-18T15:00:00Z 184 163 155 52 35
2014-04-23T19:00:00Z 68 71 -1 100 123
2014-04-23T18:00:00Z 78 68 4 91 151
2014-04-23T17:00:00Z 98 70 60 72 180
2014-04-23T16:00:00Z 109 92 64 35 183
2014-04-23T15:00:00Z 121 117 107 37 158
2014-04-23T14:00:00Z 135 157 156 53 118
2014-05-01T17:00:00Z 102 97 177 64 103
2014-05-01T16:00:00Z 111 104 226 61 88
2014-05-01T15:00:00Z 108 126 208 69 88
2014-05-01T14:00:00Z 117 151 199 86 90
2014-05-01T13:00:00Z 117 178 215 97 100
2014-05-01T12:00:00Z 131 167 224 96 109
2014-05-07T08:00:00Z 155 125 124 84 46
2014-05-07T07:00:00Z 156 115 112 81 46
2014-05-07T06:00:00Z 139 106 100 78 40
2014-05-07T05:00:00Z 156 102 112 70 39
2014-05-07T04:00:00Z 137 93 83 75 39
2014-05-07T03:00:00Z 140 91 96 75 36
2014-05-20T07:00:00Z 311 123 104 65 53
2014-05-20T06:00:00Z 268 103 90 72 46
2014-05-20T05:00:00Z 226 98 113 80 40
2014-05-20T04:00:00Z 266 114 104 102 43
2014-05-20T03:00:00Z 255 107 72 111 37
2014-05-20T02:00:00Z 230 104 81 110 42
2014-05-22T13:00:00Z 55 86 77 119 49
2014-05-22T12:00:00Z -1 -1 -1 -1 -1
2014-05-22T11:00:00Z 159 144 136 108 60
2014-05-22T10:00:00Z 218 153 129 90 61
2014-05-22T09:00:00Z 222 140 133 91 -1
2014-05-22T08:00:00Z 208 132 109 99 62
2014-05-25T11:00:00Z 155 40 43 122 45
2014-05-25T10:00:00Z 172 14 36 50 37
2014-05-25T09:00:00Z 149 76 74 42 33
2014-05-25T08:00:00Z 134 -1 86 32 28
2014-05-25T07:00:00Z 134 -1 60 31 19
2014-05-25T06:00:00Z 117 -1 61 32 20
2014-07-08T10:00:00Z 213 147 297 48 46
2014-07-08T09:00:00Z 191 166 305 60 32
2014-07-08T08:00:00Z -1 163 302 38 27
2014-07-08T07:00:00Z -1 169 289 51 27
2014-07-08T06:00:00Z -1 185 268 67 28
2014-07-08T05:00:00Z -1 149 230 97 29
2014-07-18T19:00:00Z 55 83 57 94 28
2014-07-18T18:00:00Z 50 65 51 109 94
2014-07-18T17:00:00Z -1 -1 -1 -1 -1
2014-07-18T16:00:00Z 83 100 77 133 99
2014-07-18T15:00:00Z 78 107 102 122 66
2014-07-18T14:00:00Z 88 120 158 131 62
2014-07-28T12:00:00Z 91 124 148 98 75
2014-07-28T11:00:00Z 100 171 126 97 73
2014-07-28T10:00:00Z 112 169 117 129 77
2014-07-28T09:00:00Z 108 142 129 108 78
2014-07-28T08:00:00Z 104 129 123 107 76
2014-07-28T07:00:00Z 109 129 122 118 69
2014-07-29T12:00:00Z 96 112 195 104 22
2014-07-29T11:00:00Z 100 140 150 136 -1
2014-07-29T10:00:00Z -1 -1 -1 -1 -1
2014-07-29T09:00:00Z 158 160 114 106 -1
2014-07-29T08:00:00Z 166 175 113 116 50
2014-07-29T07:00:00Z 163 149 121 116 47
2014-08-03T14:00:00Z 121 113 180 63 -1
2014-08-03T13:00:00Z 124 131 175 63 -1
2014-08-03T12:00:00Z -1 -1 -1 -1 -1
2014-08-03T11:00:00Z 127 160 170 80 39
2014-08-03T10:00:00Z 131 184 175 67 43
2014-08-03T09:00:00Z 123 163 162 81 53
2014-08-21T21:00:00Z 106 117 69 29 57
2014-08-21T20:00:00Z 110 185 83 34 75
2014-08-21T19:00:00Z 100 150 82 26 64
2014-08-21T18:00:00Z 94 146 144 52 59
2014-08-21T17:00:00Z 78 154 175 43 58
2014-08-21T16:00:00Z 85 114 146 49 61
2014-08-30T23:00:00Z 79 115 71 85 31
2014-08-30T22:00:00Z 53 112 74 84 31
2014-08-30T21:00:00Z 59 124 56 90 30
2014-08-30T20:00:00Z 80 130 58 104 28
2014-08-30T19:00:00Z 73 112 67 94 25
2014-08-30T18:00:00Z 67 96 70 101 24
2014-09-21T06:00:00Z 89 222 163 18 21
2014-09-21T05:00:00Z 127 247 164 11 19
2014-09-21T04:00:00Z 113 174 158 12 19
2014-09-21T03:00:00Z 133 158 150 17 19
2014-09-21T02:00:00Z 152 153 146 18 23
2014-09-21T01:00:00Z -1 -1 -1 -1 -1
2014-09-25T22:00:00Z 51 88 65 66 38
2014-09-25T21:00:00Z 56 82 63 66 24
2014-09-25T20:00:00Z 120 66 59 52 19
2014-09-25T19:00:00Z 91 47 60 36 14
2014-09-25T18:00:00Z 95 58 63 24 15
2014-09-25T17:00:00Z 91 59 67 23 10
2014-09-26T23:00:00Z 163 168 187 99 77
2014-09-26T22:00:00Z 176 163 191 100 65
2014-09-26T21:00:00Z 200 183 181 120 107
2014-09-26T20:00:00Z 200 191 164 126 96
2014-09-26T19:00:00Z 174 187 144 106 96
2014-09-26T18:00:00Z 163 170 150 114 46
2014-10-11T18:00:00Z 183 209 241 64 102
2014-10-11T17:00:00Z 168 219 256 154 89
2014-10-11T16:00:00Z -1 -1 -1 -1 -1
2014-10-11T15:00:00Z 135 206 228 188 111
2014-10-11T14:00:00Z 127 206 222 219 116
2014-10-11T13:00:00Z 145 224 250 218 155
