2013-06-02T14:00:00 0 0 0 0 0
2013-06-02T13:00:00 0 0 0 0 0
2013-06-02T12:00:00 0 0 0 0 0
2013-06-02T11:00:00 0 0 0 0 0
2013-06-02T10:00:00 0 0 0 0 0
2013-06-02T09:00:00 0 0 0 0 0
2013-06-02T08:00:00 0 0 0 0 0
2013-06-02T07:00:00 0 0 0 0 0
2013-06-02T06:00:00 0 0 0 0 0
2013-06-02T05:00:00 0 0 0 0 0
2013-06-02T04:00:00 0 0 0 0 0
2013-06-02T03:00:00 0 0 0 0 0
2013-06-05T20:00:00 0 0 0 0 0
2013-06-05T19:00:00 0 0 0 0 0
2013-06-05T18:00:00 0 0 0 0 0
2013-06-05T17:00:00 0 0 0 0 0
2013-06-05T16:00:00 0 0 0 0 0
2013-06-05T15:00:00 0 0 0 0 0
2013-06-05T14:00:00 0 0 0 0 0
2013-06-05T13:00:00 0 0 0 0 0
2013-06-05T12:00:00 0 0 0 0 0
2013-06-05T11:00:00 0 0 0 0 0
2013-06-05T10:00:00 0 0 0 0 0
2013-06-05T09:00:00 0 0 0 0 0
2013-06-14T07:00:00 0 0 0 0 0
2013-06-14T08:00:00 0 0 0 0 0
2013-06-14T09:00:00 0 0 0 0 0
2013-06-14T10:00:00 0 0 0 0 0
2013-06-14T11:00:00 0 0 0 0 0
2013-06-14T12:00:00 0 0 0 0 0
2013-06-14T13:00:00 0 0 0 0 0
2013-06-14T14:00:00 0 0 0 0 0
2013-06-14T15:00:00 0 0 0 0 0
2013-06-14T16:00:00 0 0 0 0 0
2013-06-15T17:00:00 0 0 0 0 0
2013-06-15T16:00:00 0 0 0 0 0
2013-06-15T15:00:00 0 0 0 0 0
2013-06-15T14:00:00 0 0 0 0 0
2013-06-15T13:00:00 0 0 0 0 0
2013-06-15T12:00:00 0 0 0 0 0
2013-06-15T11:00:00 0 0 0 0 0
2013-06-15T10:00:00 0 0 0 0 0
2013-06-15T09:00:00 0 0 0 0 0
2013-06-15T08:00:00 0 0 0 0 0
2013-06-15T07:00:00 0 0 0 0 0
2013-06-15T06:00:00 0 0 0 0 0
2013-06-26T01:00:00 0 0 0 0 0
2013-06-26T00:00:00 0 0 0 0 0
2013-06-25T23:00:00 0 0 0 0 0
2013-06-25T22:00:00 0 0 0 0 0
2013-06-25T21:00:00 0 0 0 0 0
2013-06-25T20:00:00 0 0 0 0 0
2013-06-25T19:00:00 0 0 0 0 0
2013-06-25T18:00:00 0 0 0 0 0
2013-06-25T17:00:00 0 0 0 0 0
2013-06-25T16:00:00 0 0 0 0 0
2013-06-25T15:00:00 0 0 0 0 0
2013-06-25T14:00:00 0 0 0 0 0
2013-06-28T05:00:00 0 0 0 0 0
2013-06-28T04:00:00 0 0 0 0 0
2013-06-28T03:00:00 0 0 0 0 0
2013-06-28T02:00:00 0 0 0 0 0
2013-06-28T01:00:00 0 0 0 0 0
2013-06-28T00:00:00 0 0 0 0 0
2013-06-27T23:00:00 0 0 0 0 0
2013-06-27T22:00:00 0 0 0 0 0
2013-06-27T21:00:00 0 0 0 0 0
2013-06-27T20:00:00 0 0 0 0 0
2013-06-27T19:00:00 0 0 0 0 0
2013-06-27T18:00:00 0 0 0 0 0
2013-07-18T14:00:00 0 0 0 0 0
2013-07-18T13:00:00 0 0 0 0 0
2013-07-18T12:00:00 0 0 0 0 0
2013-07-18T11:00:00 0 0 0 0 0
2013-07-18T10:00:00 0 0 0 0 0
2013-07-18T09:00:00 0 0 0 0 0
2013-07-18T08:00:00 0 0 0 0 0
2013-07-18T07:00:00 0 0 0 0 0
2013-07-18T06:00:00 0 0 0 0 0
2013-07-18T05:00:00 0 0 0 0 0
2013-07-18T04:00:00 0 0 0 0 0
2013-07-18T03:00:00 0 0 0 0 0
2013-08-15T21:00:00 0.90610278801 0.0938972119901 2 0 2
2013-08-15T20:00:00 0.90610278801 0.0938972119901 2 0 2
2013-08-15T19:00:00 0.90610278801 0.0938972119901 2 0 2
2013-08-15T18:00:00 0.938535455062 0.0614645449383 1 0 1
2013-08-15T17:00:00 0 0 0 0 0
2013-08-15T16:00:00 0 0 0 0 0
2013-08-15T15:00:00 0 0 0 0 0
2013-08-15T14:00:00 0 0 0 0 0
2013-08-15T13:00:00 0 0 0 0 0
2013-08-15T12:00:00 0 0 0 0 0
2013-08-15T11:00:00 0 0 0 0 0
2013-08-15T10:00:00 0 0 0 0 0
2013-09-12T15:00:00 0.940654485262 0.0593455147378 1 0 1
2013-09-12T14:00:00 0.0 0.0 0 0 0
2013-09-12T13:00:00 0.0 0.0 0 0 0
2013-09-12T12:00:00 0.0 0.0 0 0 0
2013-09-12T11:00:00 0 0 0 0 0
2013-09-12T10:00:00 0 0 0 0 0
2013-09-12T09:00:00 0 0 0 0 0
2013-09-12T08:00:00 0 0 0 0 0
2013-09-12T07:00:00 0 0 0 0 0
2013-09-12T06:00:00 0 0 0 0 0
2013-09-12T05:00:00 0 0 0 0 0
2013-09-12T04:00:00 0.936889741622 0.0631102583782 1 0 1
2013-09-27T17:00:00 0.76712717635 0.23287282365 1 0 1
2013-09-27T16:00:00 0.76712717635 0.23287282365 1 0 1
2013-09-27T15:00:00 0.76712717635 0.23287282365 1 0 1
2013-09-27T14:00:00 0 0 0 0 0
2013-09-27T13:00:00 0 0 0 0 0
2013-09-27T12:00:00 0 0 0 0 0
2013-09-27T11:00:00 0 0 0 0 0
2013-09-27T10:00:00 0 0 0 0 0
2013-09-27T09:00:00 0 0 0 0 0
2013-09-27T08:00:00 0 0 0 0 0
2013-09-27T07:00:00 0 0 0 0 0
2013-09-27T06:00:00 0 0 0 0 0
2013-10-04T21:00:00 0.790913648157 0.209086351843 17 0 17
2013-10-04T20:00:00 0.783658472064 0.216341527936 19 0 19
2013-10-04T19:00:00 0.770340279323 0.229659720678 14 0 14
2013-10-04T18:00:00 0.768010821713 0.231989178287 13 0 13
2013-10-04T17:00:00 0.781250291213 0.218749708787 11 0 11
2013-10-04T16:00:00 0.809311815528 0.190688184472 6 0 6
2013-10-04T15:00:00 0.80797422482 0.19202577518 7 0 7
2013-10-04T14:00:00 0.842368124638 0.157631875362 5 0 5
2013-10-04T13:00:00 0.807557969617 0.192442030383 8 0 8
2013-10-04T12:00:00 0.814840653642 0.185159346358 7 0 7
2013-10-04T11:00:00 0.714164633096 0.285835366904 5 1 6
2013-10-04T10:00:00 0.714164633096 0.285835366904 5 1 6
2013-10-09T19:00:00 0.635914059581 0.364085940419 1 0 1
2013-10-09T18:00:00 0.635914059581 0.364085940419 1 0 1
2013-10-09T17:00:00 0.635914059581 0.364085940419 1 0 1
2013-10-09T16:00:00 0 0 0 0 0
2013-10-09T15:00:00 0 0 0 0 0
2013-10-09T14:00:00 0 0 0 0 0
2013-10-09T13:00:00 0 0 0 0 0
2013-10-09T12:00:00 0 0 0 0 0
2013-10-09T11:00:00 0 0 0 0 0
2013-10-09T10:00:00 0 0 0 0 0
2013-10-09T09:00:00 0 0 0 0 0
2013-10-09T08:00:00 0 0 0 0 0
2013-10-27T14:00:00 0.771096341274 0.228903658726 2 0 2
2013-10-27T13:00:00 0.771096341274 0.228903658726 2 0 2
2013-10-27T12:00:00 0.771096341274 0.228903658726 2 0 2
2013-10-27T11:00:00 0.771096341274 0.228903658726 2 0 2
2013-10-27T10:00:00 0.887784240579 0.112215759421 1 0 1
2013-10-27T09:00:00 0.887784240579 0.112215759421 1 0 1
2013-10-27T08:00:00 0 0 0 0 0
2013-10-27T07:00:00 0 0 0 0 0
2013-10-27T06:00:00 0 0 0 0 0
2013-10-27T05:00:00 0 0 0 0 0
2013-10-27T04:00:00 0.936889741622 0.0631102583782 1 0 1
2013-10-27T03:00:00 0.936889741622 0.0631102583782 1 0 1
2013-10-31T12:00:00 0 0 0 0 0
2013-10-31T11:00:00 0 0 0 0 0
2013-10-31T10:00:00 0 0 0 0 0
2013-10-31T09:00:00 0 0 0 0 0
2013-10-31T08:00:00 0 0 0 0 0
2013-10-31T07:00:00 0 0 0 0 0
2013-10-31T06:00:00 0 0 0 0 0
2013-10-31T05:00:00 0 0 0 0 0
2013-10-31T04:00:00 0 0 0 0 0
2013-10-31T03:00:00 0 0 0 0 0
2013-10-31T02:00:00 0 0 0 0 0
2013-10-31T01:00:00 0 0 0 0 0
2013-11-08T20:00:00 0.878339120898 0.121660879102 5 0 5
2013-11-08T19:00:00 0.878339120898 0.121660879102 5 0 5
2013-11-08T18:00:00 0.887321189962 0.112678810038 5 0 5
2013-11-08T17:00:00 0.853726917709 0.146273082291 3 0 3
2013-11-08T16:00:00 0.790427422427 0.209572577573 6 0 6
2013-11-08T15:00:00 0.741104875531 0.25889512447 4 0 4
2013-11-08T14:00:00 0.741104875531 0.25889512447 4 0 4
2013-11-08T13:00:00 0.741104875531 0.25889512447 4 0 4
2013-11-08T12:00:00 0.727127927144 0.272872072856 3 0 3
2013-11-08T11:00:00 0.727127927144 0.272872072856 3 0 3
2013-11-08T10:00:00 0 0 0 0 0
2013-11-08T09:00:00 0 0 0 0 0
2013-11-13T08:00:00 0.518527407387 0.481472592612 1 1 2
2013-11-13T09:00:00 0.707931559779 0.292068440221 4 1 5
2013-11-13T10:00:00 0.707931559779 0.292068440221 4 1 5
2013-11-13T11:00:00 0.707931559779 0.292068440221 4 1 5
2013-11-13T12:00:00 0.707931559779 0.292068440221 4 1 5
2013-11-13T13:00:00 0.707931559779 0.292068440221 4 1 5
2013-11-13T14:00:00 0.834200994707 0.165799005293 3 0 3
2013-11-13T15:00:00 0 0 0 0 0
2013-11-13T16:00:00 0 0 0 0 0
2013-11-13T17:00:00 0.878469499644 0.121530500356 1 0 1
2013-11-22T18:00:00 0.811255085806 0.188744914194 28 0 28
2013-11-22T17:00:00 0.815467943027 0.184532056973 23 0 23
2013-11-22T16:00:00 0.791305559921 0.208694440079 18 0 18
2013-11-22T15:00:00 0.795654915449 0.204345084551 21 0 21
2013-11-22T14:00:00 0.786111655096 0.213888344904 19 0 19
2013-11-22T13:00:00 0.785965088974 0.214034911026 17 0 17
2013-11-22T12:00:00 0.783070070559 0.216929929441 16 0 16
2013-11-22T11:00:00 0.778726223214 0.221273776786 13 0 13
2013-11-22T10:00:00 0.771608334289 0.228391665711 12 0 12
2013-11-22T09:00:00 0.762218217675 0.237781782325 9 0 9
2013-11-22T08:00:00 0.769585233946 0.230414766054 9 0 9
2013-11-22T07:00:00 0.754714203603 0.245285796397 8 0 8
2013-12-06T21:00:00 0.732900471721 0.267099528279 21 1 22
2013-12-06T20:00:00 0.759261158999 0.240738841001 24 1 25
2013-12-06T19:00:00 0.747807258036 0.252192741964 22 2 24
2013-12-06T18:00:00 0.791926633766 0.208073366234 14 1 15
2013-12-06T17:00:00 0.773924935285 0.226075064715 9 1 10
2013-12-06T16:00:00 0.772586975295 0.227413024705 5 1 6
2013-12-06T15:00:00 0.772586975295 0.227413024705 5 1 6
2013-12-06T14:00:00 0.710935401727 0.289064598273 2 1 3
2013-12-06T13:00:00 0.800436241883 0.199563758117 4 0 4
2013-12-06T12:00:00 0.800436241883 0.199563758117 4 0 4
2013-12-06T11:00:00 0.78773363565 0.21226636435 6 0 6
2013-12-06T10:00:00 0.776649465961 0.223350534039 10 0 10
2013-12-22T18:00:00 0.784851323043 0.215148676957 5 0 5
2013-12-22T17:00:00 0.776906630663 0.223093369337 3 0 3
2013-12-22T16:00:00 0.878348416182 0.121651583818 1 0 1
2013-12-22T15:00:00 0.887847139176 0.112152860824 2 0 2
2013-12-22T14:00:00 0.758998139929 0.241001860071 2 0 2
2013-12-22T13:00:00 0.818295340493 0.181704659507 3 0 3
2013-12-22T12:00:00 0.818295340493 0.181704659507 3 0 3
2013-12-22T11:00:00 0.818295340493 0.181704659507 3 0 3
2013-12-22T10:00:00 0.818295340493 0.181704659507 3 0 3
2013-12-22T09:00:00 0.778770079655 0.221229920345 2 0 2
2013-12-22T08:00:00 0.846665400358 0.153334599642 2 0 2
2014-01-04T11:00:00 0.896841213865 0.103158786135 2 0 2
2014-01-04T10:00:00 0 0 0 0 0
2014-01-04T09:00:00 0 0 0 0 0
2014-01-04T08:00:00 0 0 0 0 0
2014-01-04T07:00:00 0 0 0 0 0
2014-01-04T06:00:00 0 0 0 0 0
2014-01-04T05:00:00 0 0 0 0 0
2014-01-04T04:00:00 0.0 0.0 0 0 0
2014-01-04T03:00:00 0.0 0.0 0 0 0
2014-01-04T02:00:00 0.823859955499 0.176140044501 1 0 1
2014-01-04T01:00:00 0.774207868866 0.225792131134 3 0 3
2014-01-04T00:00:00 0.770589355109 0.229410644891 4 0 4
2014-01-05T22:00:00 0.835652252464 0.164347747536 5 0 5
2014-01-05T21:00:00 0.851275609842 0.148724390158 5 0 5
2014-01-05T20:00:00 0.810957286962 0.189042713039 6 0 6
2014-01-05T19:00:00 0.785770796029 0.214229203971 5 0 5
2014-01-05T18:00:00 0.754971700861 0.245028299139 8 0 8
2014-01-05T17:00:00 0.728443478105 0.271556521895 8 0 8
2014-01-05T16:00:00 0.747128090492 0.252871909508 12 0 12
2014-01-05T15:00:00 0.750962176645 0.249037823355 13 0 13
2014-01-05T14:00:00 0.772962700119 0.227037299881 14 0 14
2014-01-05T13:00:00 0.762379815203 0.237620184797 16 0 16
2014-01-05T12:00:00 0.77333596898 0.22666403102 15 0 15
2014-01-05T11:00:00 0.77333596898 0.22666403102 15 0 15
2014-01-22T16:00:00 0.7685829417 0.2314170583 4 0 4
2014-01-22T15:00:00 0.7685829417 0.2314170583 4 0 4
2014-01-22T14:00:00 0.7685829417 0.2314170583 4 0 4
2014-01-22T13:00:00 0.65265642496 0.34734357504 3 1 4
2014-01-22T12:00:00 0.628976157199 0.371023842801 2 1 3
2014-01-22T11:00:00 0.501953459536 0.498046540464 1 1 2
2014-01-22T10:00:00 0.389461694755 0.610538305245 0 1 1
2014-01-22T09:00:00 0.389461694755 0.610538305245 0 1 1
2014-01-22T08:00:00 0.389461694755 0.610538305245 0 1 1
2014-01-22T07:00:00 0.0 0.0 0 0 0
2014-01-22T06:00:00 0 0 0 0 0
2014-01-22T05:00:00 0.0 0.0 0 0 0
2014-01-29T12:00:00 0.731175135509 0.268824864491 5 0 5
2014-01-29T11:00:00 0.733858241059 0.266141758941 5 0 5
2014-01-29T10:00:00 0.736808608815 0.263191391185 4 0 4
2014-01-29T09:00:00 0.778362113463 0.221637886537 3 0 3
2014-01-29T08:00:00 0.712436833362 0.287563166637 2 0 2
2014-01-29T07:00:00 0.818676335116 0.181323664884 1 0 1
2014-01-29T06:00:00 0.818676335116 0.181323664884 1 0 1
2014-01-29T05:00:00 0.169862543381 0.830137456619 0 1 1
2014-01-29T04:00:00 0.169862543381 0.830137456619 0 1 1
2014-01-29T03:00:00 0.169862543381 0.830137456619 0 1 1
2014-01-29T02:00:00 0.262613232793 0.737386767207 0 2 2
2014-01-29T01:00:00 0.274651305743 0.725348694257 0 3 3
2014-01-30T19:00:00 0.60273201985 0.39726798015 5 3 8
2014-01-30T18:00:00 0.581226177328 0.418773822672 4 3 7
2014-01-30T17:00:00 0.503873456848 0.496126543152 3 4 7
2014-01-30T16:00:00 0.42026239662 0.57973760338 1 4 5
2014-01-30T15:00:00 0.309498313078 0.690501686923 0 2 2
2014-01-30T14:00:00 0.309498313078 0.690501686923 0 2 2
2014-01-30T13:00:00 0.309498313078 0.690501686923 0 2 2
2014-01-30T12:00:00 0.309498313078 0.690501686923 0 2 2
2014-01-30T11:00:00 0.392249882237 0.607750117763 0 1 1
2014-01-30T10:00:00 0.0 0.0 0 0 0
2014-01-30T09:00:00 0.0 0.0 0 0 0
2014-01-30T08:00:00 0 0 0 0 0
2014-02-05T21:00:00 0.79122401172 0.20877598828 38 1 39
2014-02-05T20:00:00 0.797410159557 0.202589840443 38 1 39
2014-02-05T19:00:00 0.795794039323 0.204205960677 35 1 36
2014-02-05T18:00:00 0.799258784748 0.200741215252 31 1 32
2014-02-05T17:00:00 0.824131655217 0.175868344783 20 0 20
2014-02-05T16:00:00 0.809953955585 0.190046044415 18 0 18
2014-02-05T15:00:00 0.830144645541 0.169855354459 9 0 9
2014-02-05T14:00:00 0.801299173734 0.198700826266 7 0 7
2014-02-05T13:00:00 0.767168793129 0.232831206871 6 0 6
2014-02-05T12:00:00 0.769358157202 0.230641842798 7 0 7
2014-02-05T11:00:00 0.76938806179 0.23061193821 9 0 9
2014-02-05T10:00:00 0.769067080991 0.230932919009 9 0 9
2014-02-11T17:00:00 0.779384598888 0.220615401112 5 0 5
2014-02-11T16:00:00 0.777199604139 0.222800395861 5 0 5
2014-02-11T15:00:00 0.702666173379 0.297333826621 5 1 6
2014-02-11T14:00:00 0.706789786728 0.293210213272 6 1 7
2014-02-11T13:00:00 0.728749647846 0.271250352154 7 1 8
2014-02-11T12:00:00 0.728749647846 0.271250352154 7 1 8
2014-02-11T11:00:00 0.68850849732 0.31149150268 5 1 6
2014-02-11T10:00:00 0.674752034078 0.325247965922 4 1 5
2014-02-11T09:00:00 0.762395387616 0.237604612384 5 0 5
2014-02-11T08:00:00 0.806300083406 0.193699916594 3 0 3
2014-02-11T07:00:00 0.768215787274 0.231784212726 2 0 2
2014-02-11T06:00:00 0.768215787274 0.231784212726 2 0 2
2014-02-12T17:00:00 0.781666497017 0.218333502983 1 0 1
2014-02-12T16:00:00 0.781666497017 0.218333502983 1 0 1
2014-02-12T15:00:00 0.781666497017 0.218333502983 1 0 1
2014-02-12T14:00:00 0.65446355639 0.34553644361 3 1 4
2014-02-12T13:00:00 0.692684169993 0.307315830007 5 1 6
2014-02-12T12:00:00 0.692684169993 0.307315830007 5 1 6
2014-02-12T11:00:00 0.674887704588 0.325112295412 4 1 5
2014-02-12T10:00:00 0.674887704588 0.325112295412 4 1 5
2014-02-12T09:00:00 0.674887704588 0.325112295412 4 1 5
2014-02-12T08:00:00 0.769125397197 0.230874602803 2 0 2
2014-02-19T21:00:00 0.741925581571 0.258074418429 15 1 16
2014-02-19T20:00:00 0.748673435963 0.251326564037 18 1 19
2014-02-19T19:00:00 0.748673435963 0.251326564037 18 1 19
2014-02-19T18:00:00 0.780033714139 0.219966285861 19 0 19
2014-02-19T17:00:00 0.787778623681 0.212221376319 17 0 17
2014-02-19T16:00:00 0.787778623681 0.212221376319 17 0 17
2014-02-19T15:00:00 0.787696952951 0.212303047049 27 0 27
2014-02-19T14:00:00 0.77519491678 0.22480508322 34 1 35
2014-02-19T13:00:00 0.770881167128 0.229118832872 47 1 48
2014-02-19T12:00:00 0.771104969637 0.228895030363 48 1 49
2014-02-19T11:00:00 0.769029948707 0.230970051293 47 1 48
2014-02-19T10:00:00 0.769029948707 0.230970051293 47 1 48
2014-03-10T18:00:00 0.794043690141 0.205956309859 4 0 4
2014-03-10T17:00:00 0.815591998119 0.184408001881 3 0 3
2014-03-10T16:00:00 0.815591998119 0.184408001881 3 0 3
2014-03-10T15:00:00 0.909679208646 0.0903207913546 2 0 2
2014-03-10T14:00:00 0.815868928959 0.184131071041 2 0 2
2014-03-10T13:00:00 0.749269182249 0.250730817751 1 0 1
2014-03-10T12:00:00 0.749269182249 0.250730817751 1 0 1
2014-03-10T11:00:00 0.749269182249 0.250730817751 1 0 1
2014-03-10T10:00:00 0.749269182249 0.250730817751 1 0 1
2014-03-10T09:00:00 0.749269182249 0.250730817751 1 0 1
2014-03-10T08:00:00 0.0 0.0 0 0 0
2014-03-10T07:00:00 0.0 0.0 0 0 0
2014-03-16T15:00:00 0.783972999225 0.216027000775 7 0 7
2014-03-16T14:00:00 0.794721199814 0.205278800186 5 0 5
2014-03-16T13:00:00 0.808679249786 0.191320750214 6 0 6
2014-03-16T12:00:00 0.808679249786 0.191320750214 6 0 6
2014-03-16T11:00:00 0.784570201633 0.215429798367 3 0 3
2014-03-16T10:00:00 0.677618354397 0.322381645603 2 1 3
2014-03-16T09:00:00 0.609096063309 0.390903936691 1 1 2
2014-03-16T08:00:00 0.609096063309 0.390903936691 1 1 2
2014-03-16T07:00:00 0.339722626974 0.660277373026 0 1 1
2014-04-17T22:00:00 0.863926728735 0.136073271265 2 0 2
2014-04-17T21:00:00 0.863926728735 0.136073271265 2 0 2
2014-04-17T20:00:00 0.863926728735 0.136073271265 2 0 2
2014-04-17T19:00:00 0.847158343882 0.152841656118 3 0 3
2014-04-17T18:00:00 0.847158343882 0.152841656118 3 0 3
2014-04-17T17:00:00 0.813621574176 0.186378425824 1 0 1
2014-04-17T16:00:00 0.813621574176 0.186378425824 1 0 1
2014-04-17T15:00:00 0.75955946016 0.24044053984 3 0 3
2014-04-17T14:00:00 0.746744332076 0.253255667924 6 0 6
2014-04-17T13:00:00 0.725467354523 0.274532645477 7 0 7
2014-04-17T12:00:00 0.744282419873 0.255717580127 8 0 8
2014-04-17T11:00:00 0.744282419873 0.255717580127 8 0 8
2014-04-23T07:00:00 0.813621574176 0.186378425824 1 0 1
2014-04-23T06:00:00 0 0 0 0 0
2014-04-23T05:00:00 0 0 0 0 0
2014-04-23T04:00:00 0 0 0 0 0
2014-04-23T03:00:00 0.94196661655 0.0580333834502 1 0 1
2014-04-23T02:00:00 0.799909671034 0.200090328966 2 0 2
2014-04-23T01:00:00 0.798179125493 0.201820874507 3 0 3
2014-04-23T00:00:00 0.824452636841 0.175547363159 7 0 7
2014-04-22T23:00:00 0.817492843838 0.182507156162 8 0 8
2014-04-22T22:00:00 0.817492843838 0.182507156162 8 0 8
2014-04-22T21:00:00 0.721215232345 0.278784767655 7 1 8
2014-04-22T20:00:00 0.730267019035 0.269732980965 6 1 7
2014-05-01T02:00:00 0.911756486455 0.0882435135446 3 0 3
2014-05-01T01:00:00 0.83645245344 0.16354754656 5 0 5
2014-05-01T00:00:00 0.83645245344 0.16354754656 5 0 5
2014-04-30T23:00:00 0.845913648769 0.154086351231 6 0 6
2014-04-30T22:00:00 0.828160966589 0.17183903341 8 0 8
2014-04-30T21:00:00 0.764011806971 0.235988193029 7 0 7
2014-04-30T20:00:00 0.764011806971 0.235988193029 7 0 7
2014-04-30T19:00:00 0.780217968193 0.219782031807 5 0 5
2014-04-30T18:00:00 0.780217968193 0.219782031807 5 0 5
2014-04-30T17:00:00 0.751967553888 0.248032446113 4 0 4
2014-05-15T13:00:00 0 0 0 0 0
2014-05-15T12:00:00 0 0 0 0 0
2014-05-15T11:00:00 0 0 0 0 0
2014-05-15T10:00:00 0 0 0 0 0
2014-05-15T09:00:00 0 0 0 0 0
2014-05-15T08:00:00 0 0 0 0 0
2014-05-15T07:00:00 0 0 0 0 0
2014-05-15T06:00:00 0 0 0 0 0
2014-05-15T05:00:00 0 0 0 0 0
2014-05-15T04:00:00 0 0 0 0 0
2014-05-15T03:00:00 0 0 0 0 0
2014-05-15T02:00:00 0 0 0 0 0
2014-05-19T11:00:00 0.66319727912 0.33680272088 1 0 1
2014-05-19T10:00:00 0.66319727912 0.33680272088 1 0 1
2014-05-19T09:00:00 0.66319727912 0.33680272088 1 0 1
2014-05-19T08:00:00 0 0 0 0 0
2014-05-19T07:00:00 0 0 0 0 0
2014-05-19T06:00:00 0 0 0 0 0
2014-05-19T05:00:00 0 0 0 0 0
2014-05-19T04:00:00 0 0 0 0 0
2014-05-19T03:00:00 0 0 0 0 0
2014-05-19T02:00:00 0 0 0 0 0
2014-05-19T01:00:00 0 0 0 0 0
2014-05-21T14:00:00 0.0 0.0 0 0 0
2014-05-21T13:00:00 0.0 0.0 0 0 0
2014-05-21T12:00:00 0.0 0.0 0 0 0
2014-05-21T11:00:00 0.0 0.0 0 0 0
2014-05-21T10:00:00 0.0 0.0 0 0 0
2014-05-21T09:00:00 0.0 0.0 0 0 0
2014-05-21T08:00:00 0 0 0 0 0
2014-05-21T07:00:00 0 0 0 0 0
2014-05-21T06:00:00 0 0 0 0 0
2014-05-21T05:00:00 0 0 0 0 0
2014-05-21T04:00:00 0 0 0 0 0
2014-05-21T03:00:00 0 0 0 0 0
2014-07-28T01:00:00 0.70491540899 0.29508459101 3 0 3
2014-07-28T00:00:00 0.70491540899 0.29508459101 3 0 3
2014-07-27T23:00:00 0.729712927555 0.270287072445 5 0 5
2014-07-27T22:00:00 0.729712927555 0.270287072445 5 0 5
2014-07-27T21:00:00 0.741062476535 0.258937523465 4 0 4
2014-07-27T20:00:00 0.762337021948 0.237662978052 3 0 3
2014-07-27T19:00:00 0.766909205402 0.233090794598 2 0 2
2014-07-27T18:00:00 0.766909205402 0.233090794598 2 0 2
2014-07-27T17:00:00 0 0 0 0 0
2014-07-27T16:00:00 0.914136953807 0.0858630461936 2 0 2
2014-07-30T08:00:00 0 0 0 0 0
2014-07-30T07:00:00 0 0 0 0 0
2014-07-30T06:00:00 0 0 0 0 0
2014-07-30T05:00:00 0 0 0 0 0
2014-07-30T04:00:00 0 0 0 0 0
2014-07-30T03:00:00 0 0 0 0 0
2014-07-30T02:00:00 0.766915740216 0.233084259784 1 0 1
2014-07-30T01:00:00 0.766915740216 0.233084259784 1 0 1
2014-07-30T00:00:00 0.744446855887 0.255553144113 2 0 2
2014-07-29T23:00:00 0.771921881328 0.228078118672 3 0 3
2014-07-29T22:00:00 0.771921881328 0.228078118672 3 0 3
2014-08-21T01:00:00 0.659090423015 0.340909576985 8 1 9
2014-08-21T00:00:00 0.645487328339 0.354512671661 7 1 8
2014-08-20T23:00:00 0.709050731611 0.290949268389 7 0 7
2014-08-20T22:00:00 0.732934467394 0.267065532606 8 0 8
2014-08-20T21:00:00 0.763485742163 0.236514257837 10 0 10
2014-08-20T20:00:00 0.763485742163 0.236514257837 10 0 10
2014-08-20T19:00:00 0.778266229674 0.221733770326 6 0 6
2014-08-20T18:00:00 0.781589381896 0.218410618104 5 0 5
2014-08-20T16:00:00 0.771242585514 0.228757414486 3 1 4
2014-08-20T15:00:00 0.765218320755 0.234781679245 5 1 6
2014-08-20T14:00:00 0.77774235866 0.22225764134 7 1 8
2014-08-30T03:00:00 0.822088168704 0.177911831296 5 0 5
2014-08-30T02:00:00 0.863419612342 0.136580387658 6 0 6
2014-08-30T01:00:00 0.897824738194 0.102175261806 4 0 4
2014-08-30T00:00:00 0.83398479618 0.16601520382 6 0 6
2014-08-29T23:00:00 0.813575163207 0.186424836793 8 0 8
2014-08-29T22:00:00 0.800327858894 0.199672141106 8 0 8
2014-08-29T21:00:00 0.794590427872 0.205409572128 10 0 10
2014-08-29T20:00:00 0.735075986922 0.264924013078 11 0 11
2014-08-29T19:00:00 0.741358644624 0.258641355376 14 0 14
2014-08-29T18:00:00 0.736422286162 0.263577713838 12 0 12
2014-08-29T17:00:00 0.733237490537 0.266762509463 10 0 10
2014-08-29T16:00:00 0.744586950638 0.255413049362 10 0 10
2014-09-25T10:00:00 0.816337338697 0.183662661303 2 0 2
2014-09-25T09:00:00 0.835634719741 0.164365280259 1 0 1
2014-09-25T08:00:00 0.835634719741 0.164365280259 1 0 1
2014-09-25T07:00:00 0 0 0 0 0
2014-09-25T06:00:00 0 0 0 0 0
2014-09-25T05:00:00 0 0 0 0 0
2014-09-25T04:00:00 0 0 0 0 0
2014-09-25T03:00:00 0 0 0 0 0
2014-09-25T02:00:00 0 0 0 0 0
2014-09-25T01:00:00 0.676316490967 0.323683509033 1 0 1
2014-09-25T00:00:00 0.723191873178 0.276808126822 2 0 2
2014-09-24T23:00:00 0.723191873178 0.276808126822 2 0 2
2014-10-03T14:00:00 0.718605625165 0.281394374835 17 3 20
2014-10-03T13:00:00 0.738538000552 0.261461999448 17 2 19
2014-10-03T12:00:00 0.758861181542 0.241138818458 13 1 14
2014-10-03T11:00:00 0.742868336554 0.257131663446 8 1 9
2014-10-03T10:00:00 0.795127760404 0.204872239596 6 0 6
2014-10-03T09:00:00 0.760749729081 0.239250270918 2 0 2
2014-10-03T08:00:00 0.751632449771 0.248367550229 1 0 1
2014-10-03T07:00:00 0 0 0 0 0
2014-10-03T06:00:00 0 0 0 0 0
2014-10-03T05:00:00 0.821752401132 0.178247598869 2 0 2
2014-10-03T04:00:00 0.821752401132 0.178247598869 2 0 2
2014-10-03T03:00:00 0.664475814776 0.335524185224 2 1 3
2014-10-17T17:00:00 0.76803358414 0.23196641586 5 0 5
2014-10-17T16:00:00 0.76803358414 0.23196641586 5 0 5
2014-10-17T15:00:00 0.753586366338 0.246413633662 3 0 3
2014-10-17T14:00:00 0.812082948279 0.187917051721 3 0 3
2014-10-17T13:00:00 0.75530912007 0.24469087993 5 0 5
2014-10-17T12:00:00 0.709913964682 0.290086035318 4 0 4
2014-10-17T11:00:00 0.716456750596 0.283543249404 3 0 3
2014-10-17T10:00:00 0.716456750596 0.283543249404 3 0 3
2014-10-17T09:00:00 0.716456750596 0.283543249404 3 0 3
2014-10-17T08:00:00 0.70991699019 0.29008300981 3 0 3
2014-10-17T07:00:00 0.789454215056 0.210545784944 1 0 1
2014-10-17T06:00:00 0.751174086041 0.248825913959 2 0 2
2014-10-29T15:00:00 0 0 0 0 0
2014-10-29T14:00:00 0 0 0 0 0
2014-10-29T13:00:00 0 0 0 0 0
2014-10-29T12:00:00 0 0 0 0 0
2014-10-29T11:00:00 0 0 0 0 0
2014-10-29T10:00:00 0 0 0 0 0
2014-10-29T09:00:00 0 0 0 0 0
2014-10-29T08:00:00 0 0 0 0 0
2014-10-29T07:00:00 0 0 0 0 0
