2013-06-02T15:00:00 0 0 0 0 0
2013-06-02T16:00:00 0 0 0 0 0
2013-06-02T17:00:00 0 0 0 0 0
2013-06-02T18:00:00 0 0 0 0 0
2013-06-02T19:00:00 0 0 0 0 0
2013-06-02T20:00:00 0 0 0 0 0
2013-06-02T21:00:00 0 0 0 0 0
2013-06-02T22:00:00 0 0 0 0 0
2013-06-02T23:00:00 0 0 0 0 0
2013-06-03T00:00:00 0 0 0 0 0
2013-06-03T01:00:00 0 0 0 0 0
2013-06-03T02:00:00 0 0 0 0 0
2013-06-03T03:00:00 0 0 0 0 0
2013-06-03T04:00:00 0 0 0 0 0
2013-06-03T05:00:00 0 0 0 0 0
2013-06-03T06:00:00 0 0 0 0 0
2013-06-03T07:00:00 0 0 0 0 0
2013-06-03T08:00:00 0 0 0 0 0
2013-06-03T09:00:00 0 0 0 0 0
2013-06-03T10:00:00 0 0 0 0 0
2013-06-03T11:00:00 0 0 0 0 0
2013-06-03T12:00:00 0 0 0 0 0
2013-06-03T13:00:00 0 0 0 0 0
2013-06-03T14:00:00 0 0 0 0 0
2013-06-03T15:00:00 0 0 0 0 0
2013-06-03T16:00:00 0 0 0 0 0
2013-06-03T17:00:00 0 0 0 0 0
2013-06-03T18:00:00 0 0 0 0 0
2013-06-03T19:00:00 0 0 0 0 0
2013-06-03T20:00:00 0 0 0 0 0
2013-06-03T21:00:00 0 0 0 0 0
2013-06-03T22:00:00 0 0 0 0 0
2013-06-03T23:00:00 0 0 0 0 0
2013-06-04T00:00:00 0 0 0 0 0
2013-06-04T01:00:00 0 0 0 0 0
2013-06-04T02:00:00 0 0 0 0 0
2013-06-04T03:00:00 0 0 0 0 0
2013-06-04T04:00:00 0 0 0 0 0
2013-06-04T05:00:00 0 0 0 0 0
2013-06-04T06:00:00 0 0 0 0 0
2013-06-04T07:00:00 0 0 0 0 0
2013-06-04T08:00:00 0 0 0 0 0
2013-06-04T09:00:00 0 0 0 0 0
2013-06-04T10:00:00 0 0 0 0 0
2013-06-04T11:00:00 0 0 0 0 0
2013-06-04T12:00:00 0 0 0 0 0
2013-06-04T13:00:00 0 0 0 0 0
2013-06-04T14:00:00 0 0 0 0 0
2013-06-04T15:00:00 0 0 0 0 0
2013-06-04T16:00:00 0 0 0 0 0
2013-06-05T21:00:00 0 0 0 0 0
2013-06-05T22:00:00 0 0 0 0 0
2013-06-05T23:00:00 0 0 0 0 0
2013-06-06T00:00:00 0 0 0 0 0
2013-06-06T01:00:00 0 0 0 0 0
2013-06-06T02:00:00 0 0 0 0 0
2013-06-06T03:00:00 0 0 0 0 0
2013-06-06T04:00:00 0 0 0 0 0
2013-06-06T05:00:00 0 0 0 0 0
2013-06-06T06:00:00 0 0 0 0 0
2013-06-06T07:00:00 0 0 0 0 0
2013-06-06T08:00:00 0 0 0 0 0
2013-06-06T09:00:00 0 0 0 0 0
2013-06-06T10:00:00 0 0 0 0 0
2013-06-06T11:00:00 0 0 0 0 0
2013-06-06T12:00:00 0 0 0 0 0
2013-06-06T13:00:00 0 0 0 0 0
2013-06-06T14:00:00 0 0 0 0 0
2013-06-06T15:00:00 0 0 0 0 0
2013-06-06T16:00:00 0 0 0 0 0
2013-06-06T17:00:00 0 0 0 0 0
2013-06-06T18:00:00 0 0 0 0 0
2013-06-06T19:00:00 0 0 0 0 0
2013-06-06T20:00:00 0 0 0 0 0
2013-06-06T21:00:00 0 0 0 0 0
2013-06-06T22:00:00 0 0 0 0 0
2013-06-06T23:00:00 0 0 0 0 0
2013-06-07T00:00:00 0 0 0 0 0
2013-06-07T01:00:00 0 0 0 0 0
2013-06-07T02:00:00 0 0 0 0 0
2013-06-07T03:00:00 0 0 0 0 0
2013-06-07T04:00:00 0 0 0 0 0
2013-06-07T05:00:00 0 0 0 0 0
2013-06-07T06:00:00 0 0 0 0 0
2013-06-07T07:00:00 0 0 0 0 0
2013-06-07T08:00:00 0 0 0 0 0
2013-06-07T09:00:00 0 0 0 0 0
2013-06-07T10:00:00 0 0 0 0 0
2013-06-07T11:00:00 0 0 0 0 0
2013-06-07T12:00:00 0 0 0 0 0
2013-06-07T13:00:00 0 0 0 0 0
2013-06-07T14:00:00 0 0 0 0 0
2013-06-07T15:00:00 0 0 0 0 0
2013-06-07T16:00:00 0 0 0 0 0
2013-06-07T17:00:00 0 0 0 0 0
2013-06-07T18:00:00 0 0 0 0 0
2013-06-07T19:00:00 0 0 0 0 0
2013-06-07T20:00:00 0 0 0 0 0
2013-06-07T21:00:00 0 0 0 0 0
2013-06-07T22:00:00 0 0 0 0 0
2013-06-07T23:00:00 0 0 0 0 0
2013-06-08T00:00:00 0 0 0 0 0
2013-06-08T01:00:00 0 0 0 0 0
2013-06-08T02:00:00 0 0 0 0 0
2013-06-08T03:00:00 0 0 0 0 0
2013-06-08T04:00:00 0 0 0 0 0
2013-06-08T05:00:00 0 0 0 0 0
2013-06-08T06:00:00 0 0 0 0 0
2013-06-08T07:00:00 0 0 0 0 0
2013-06-08T08:00:00 0 0 0 0 0
2013-06-08T09:00:00 0 0 0 0 0
2013-06-08T10:00:00 0 0 0 0 0
2013-06-08T11:00:00 0 0 0 0 0
2013-06-08T12:00:00 0 0 0 0 0
2013-06-08T13:00:00 0 0 0 0 0
2013-06-08T14:00:00 0 0 0 0 0
2013-06-08T15:00:00 0 0 0 0 0
2013-06-08T16:00:00 0 0 0 0 0
2013-06-08T17:00:00 0 0 0 0 0
2013-06-08T18:00:00 0 0 0 0 0
2013-06-08T19:00:00 0 0 0 0 0
2013-06-08T20:00:00 0 0 0 0 0
2013-06-08T21:00:00 0 0 0 0 0
2013-06-08T22:00:00 0 0 0 0 0
2013-06-08T23:00:00 0 0 0 0 0
2013-06-09T00:00:00 0 0 0 0 0
2013-06-09T01:00:00 0 0 0 0 0
2013-06-15T18:00:00 0 0 0 0 0
2013-06-15T19:00:00 0 0 0 0 0
2013-06-15T20:00:00 0 0 0 0 0
2013-06-15T21:00:00 0 0 0 0 0
2013-06-15T22:00:00 0 0 0 0 0
2013-06-15T23:00:00 0 0 0 0 0
2013-06-16T00:00:00 0 0 0 0 0
2013-06-16T01:00:00 0 0 0 0 0
2013-06-16T02:00:00 0 0 0 0 0
2013-06-16T03:00:00 0 0 0 0 0
2013-06-16T04:00:00 0 0 0 0 0
2013-06-16T05:00:00 0 0 0 0 0
2013-06-16T06:00:00 0 0 0 0 0
2013-06-16T07:00:00 0 0 0 0 0
2013-06-16T08:00:00 0 0 0 0 0
2013-06-16T09:00:00 0 0 0 0 0
2013-06-16T10:00:00 0 0 0 0 0
2013-06-16T11:00:00 0 0 0 0 0
2013-06-16T12:00:00 0 0 0 0 0
2013-06-16T13:00:00 0 0 0 0 0
2013-06-16T14:00:00 0 0 0 0 0
2013-06-16T15:00:00 0 0 0 0 0
2013-06-16T16:00:00 0 0 0 0 0
2013-06-16T17:00:00 0 0 0 0 0
2013-06-16T18:00:00 0 0 0 0 0
2013-06-16T19:00:00 0 0 0 0 0
2013-06-16T20:00:00 0 0 0 0 0
2013-06-16T21:00:00 0 0 0 0 0
2013-06-16T22:00:00 0 0 0 0 0
2013-06-26T02:00:00 0 0 0 0 0
2013-06-26T03:00:00 0 0 0 0 0
2013-06-26T21:00:00 0 0 0 0 0
2013-06-26T22:00:00 0 0 0 0 0
2013-06-26T23:00:00 0 0 0 0 0
2013-06-27T00:00:00 0 0 0 0 0
2013-06-27T01:00:00 0 0 0 0 0
2013-06-28T06:00:00 0 0 0 0 0
2013-06-28T07:00:00 0 0 0 0 0
2013-06-28T08:00:00 0 0 0 0 0
2013-06-28T09:00:00 0 0 0 0 0
2013-06-28T10:00:00 0 0 0 0 0
2013-06-28T11:00:00 0 0 0 0 0
2013-06-28T12:00:00 0 0 0 0 0
2013-06-28T13:00:00 0 0 0 0 0
2013-06-28T14:00:00 0 0 0 0 0
2013-06-28T15:00:00 0 0 0 0 0
2013-06-28T16:00:00 0 0 0 0 0
2013-06-28T17:00:00 0 0 0 0 0
2013-06-28T18:00:00 0 0 0 0 0
2013-06-28T19:00:00 0 0 0 0 0
2013-06-28T20:00:00 0 0 0 0 0
2013-06-28T21:00:00 0 0 0 0 0
2013-06-28T22:00:00 0 0 0 0 0
2013-06-28T23:00:00 0 0 0 0 0
2013-06-29T00:00:00 0 0 0 0 0
2013-06-29T01:00:00 0 0 0 0 0
2013-06-29T02:00:00 0 0 0 0 0
2013-06-29T03:00:00 0 0 0 0 0
2013-06-29T04:00:00 0 0 0 0 0
2013-06-29T05:00:00 0 0 0 0 0
2013-06-29T06:00:00 0 0 0 0 0
2013-06-29T07:00:00 0 0 0 0 0
2013-07-18T15:00:00 0 0 0 0 0
2013-07-18T16:00:00 0 0 0 0 0
2013-07-18T17:00:00 0 0 0 0 0
2013-07-18T18:00:00 0 0 0 0 0
2013-07-18T19:00:00 0 0 0 0 0
2013-07-18T20:00:00 0 0 0 0 0
2013-07-18T21:00:00 0 0 0 0 0
2013-07-18T22:00:00 0 0 0 0 0
2013-07-18T23:00:00 0 0 0 0 0
2013-07-19T00:00:00 0 0 0 0 0
2013-07-19T01:00:00 0 0 0 0 0
2013-07-19T02:00:00 0 0 0 0 0
2013-07-19T03:00:00 0 0 0 0 0
2013-07-19T04:00:00 0 0 0 0 0
2013-07-19T05:00:00 0 0 0 0 0
2013-07-19T06:00:00 0 0 0 0 0
2013-07-19T07:00:00 0 0 0 0 0
2013-07-19T08:00:00 0.156884497227 0.843115502773 0 1 1
2013-07-19T09:00:00 0.156884497227 0.843115502773 0 1 1
2013-07-19T10:00:00 0.156884497227 0.843115502773 0 1 1
2013-07-19T11:00:00 0.156884497227 0.843115502773 0 1 1
2013-07-19T12:00:00 0.156884497227 0.843115502773 0 1 1
2013-07-19T13:00:00 0.156884497227 0.843115502773 0 1 1
2013-07-19T14:00:00 0 0 0 0 0
2013-07-19T15:00:00 0 0 0 0 0
2013-07-19T16:00:00 0 0 0 0 0
2013-07-19T17:00:00 0 0 0 0 0
2013-07-19T18:00:00 0 0 0 0 0
2013-07-19T19:00:00 0 0 0 0 0
2013-07-19T20:00:00 0 0 0 0 0
2013-07-19T21:00:00 0.828481284149 0.171518715851 1 0 1
2013-09-12T16:00:00 0.947221898141 0.0527781018594 2 0 2
2013-09-12T17:00:00 0.947221898141 0.0527781018594 2 0 2
2013-09-12T18:00:00 0.943777845968 0.0562221540324 3 0 3
2013-09-12T19:00:00 0.943777845968 0.0562221540324 3 0 3
2013-09-12T20:00:00 0.943777845968 0.0562221540324 3 0 3
2013-09-12T21:00:00 0.941593109427 0.0584068905732 3 0 3
2013-09-27T18:00:00 0.76712717635 0.23287282365 1 0 1
2013-09-27T19:00:00 0.76712717635 0.23287282365 1 0 1
2013-09-27T20:00:00 0.76712717635 0.23287282365 1 0 1
2013-09-27T21:00:00 0.779624797624 0.220375202376 1 0 1
2013-09-27T22:00:00 0.779624797624 0.220375202376 1 0 1
2013-09-27T23:00:00 0.779624797624 0.220375202376 1 0 1
2013-09-28T00:00:00 0.779624797624 0.220375202376 1 0 1
2013-09-28T01:00:00 0.779624797624 0.220375202376 1 0 1
2013-09-28T02:00:00 0.779624797624 0.220375202376 1 0 1
2013-09-28T03:00:00 0 0 0 0 0
2013-09-28T04:00:00 0 0 0 0 0
2013-09-28T05:00:00 0 0 0 0 0
2013-09-28T06:00:00 0 0 0 0 0
2013-09-28T07:00:00 0 0 0 0 0
2013-09-28T08:00:00 0 0 0 0 0
2013-09-28T09:00:00 0.63714025242 0.36285974758 1 0 1
2013-09-28T10:00:00 0.63714025242 0.36285974758 1 0 1
2013-09-28T11:00:00 0.63714025242 0.36285974758 1 0 1
2013-09-28T12:00:00 0.63714025242 0.36285974758 1 0 1
2013-09-28T13:00:00 0.63714025242 0.36285974758 1 0 1
2013-09-28T14:00:00 0.63714025242 0.36285974758 1 0 1
2013-09-28T15:00:00 0 0 0 0 0
2013-09-28T16:00:00 0 0 0 0 0
2013-09-28T17:00:00 0 0 0 0 0
2013-09-28T18:00:00 0 0 0 0 0
2013-09-28T19:00:00 0 0 0 0 0
2013-09-28T20:00:00 0 0 0 0 0
2013-09-28T21:00:00 0.75808613469 0.24191386531 1 0 1
2013-09-28T22:00:00 0.75808613469 0.24191386531 1 0 1
2013-09-28T23:00:00 0.75808613469 0.24191386531 1 0 1
2013-09-29T00:00:00 0.75808613469 0.24191386531 1 0 1
2013-09-29T01:00:00 0.75808613469 0.24191386531 1 0 1
2013-09-29T02:00:00 0.75808613469 0.24191386531 1 0 1
2013-09-29T03:00:00 0 0 0 0 0
2013-09-29T04:00:00 0 0 0 0 0
2013-09-29T05:00:00 0 0 0 0 0
2013-09-29T06:00:00 0 0 0 0 0
2013-09-29T07:00:00 0 0 0 0 0
2013-09-29T08:00:00 0.878469499644 0.121530500356 1 0 1
2013-09-29T09:00:00 0.878469499644 0.121530500356 1 0 1
2013-09-29T10:00:00 0.878469499644 0.121530500356 1 0 1
2013-09-29T11:00:00 0.878469499644 0.121530500356 1 0 1
2013-09-29T12:00:00 0.878469499644 0.121530500356 1 0 1
2013-09-29T13:00:00 0.878469499644 0.121530500356 1 0 1
2013-09-29T14:00:00 0 0 0 0 0
2013-09-29T15:00:00 0 0 0 0 0
2013-09-29T16:00:00 0 0 0 0 0
2013-09-29T17:00:00 0.725870273371 0.274129726629 2 0 2
2013-09-29T18:00:00 0.725870273371 0.274129726629 2 0 2
2013-09-29T19:00:00 0.784179057518 0.215820942482 3 0 3
2013-09-29T20:00:00 0.80500796435 0.19499203565 4 0 4
2013-09-29T21:00:00 0.80500796435 0.19499203565 4 0 4
2013-09-29T22:00:00 0.80500796435 0.19499203565 4 0 4
2013-09-29T23:00:00 0.884145655329 0.115854344671 2 0 2
2013-09-30T00:00:00 0.884145655329 0.115854344671 2 0 2
2013-09-30T01:00:00 0.867494684844 0.132505315156 1 0 1
2013-09-30T02:00:00 0 0 0 0 0
2013-10-04T22:00:00 0.784122164088 0.215877835912 16 0 16
2013-10-04T23:00:00 0.80073384684 0.19926615316 11 0 11
2013-10-05T00:00:00 0.808849924056 0.191150075944 7 0 7
2013-10-05T18:00:00 0.879393047159 0.120606952841 16 0 16
2013-10-05T19:00:00 0.854554826693 0.145445173307 14 1 15
2013-10-05T20:00:00 0.817689177718 0.182310822282 20 2 22
2013-10-05T21:00:00 0.80867023337 0.191329766631 24 2 26
2013-10-05T22:00:00 0.799413894133 0.200586105867 20 2 22
2013-10-05T23:00:00 0.770538844808 0.229461155192 16 2 18
2013-10-06T00:00:00 0.732881868644 0.267118131356 11 2 13
2013-10-06T01:00:00 0.763407748186 0.236592251814 11 1 12
2013-10-06T02:00:00 0.798010693765 0.201989306235 5 0 5
2013-10-06T03:00:00 0 0 0 0 0
2013-10-06T04:00:00 0 0 0 0 0
2013-10-06T05:00:00 0 0 0 0 0
2013-10-06T06:00:00 0 0 0 0 0
2013-10-06T07:00:00 0 0 0 0 0
2013-10-06T08:00:00 0.734878578921 0.265121421079 3 0 3
2013-10-06T09:00:00 0.789884227031 0.210115772969 6 0 6
2013-10-06T10:00:00 0.793702191715 0.206297808285 7 0 7
2013-10-06T11:00:00 0.801832595381 0.198167404619 11 0 11
2013-10-06T12:00:00 0.80989430353 0.19010569647 12 0 12
2013-10-06T13:00:00 0.82206365284 0.17793634716 14 0 14
2013-10-06T14:00:00 0.844578605208 0.155421394792 12 0 12
2013-10-06T15:00:00 0.839630754413 0.160369245587 10 0 10
2013-10-06T16:00:00 0.839140802847 0.160859197153 10 0 10
2013-10-06T17:00:00 0.845428567241 0.154571432759 8 0 8
2013-10-06T18:00:00 0.859848325334 0.140151674666 9 0 9
2013-10-06T19:00:00 0.824237176937 0.175762823063 10 0 10
2013-10-06T20:00:00 0.813043570437 0.186956429563 11 0 11
2013-10-06T21:00:00 0.811510266197 0.188489733803 11 0 11
2013-10-06T22:00:00 0.811490246401 0.188509753599 10 0 10
2013-10-06T23:00:00 0.824365914737 0.175634085263 9 0 9
2013-10-07T00:00:00 0.792216249912 0.207783750088 7 0 7
2013-10-07T01:00:00 0.812904352654 0.187095647346 4 0 4
2013-10-07T02:00:00 0.826581873395 0.173418126605 3 0 3
2013-10-07T03:00:00 0.850289029883 0.149710970116 2 0 2
2013-10-07T04:00:00 0.850289029883 0.149710970116 2 0 2
2013-10-07T05:00:00 0.759923574505 0.240076425495 1 0 1
2013-10-09T20:00:00 0.635914059581 0.364085940419 1 0 1
2013-10-09T21:00:00 0.635914059581 0.364085940419 1 0 1
2013-10-09T22:00:00 0.635914059581 0.364085940419 1 0 1
2013-10-09T23:00:00 0 0 0 0 0
2013-10-10T00:00:00 0 0 0 0 0
2013-10-10T01:00:00 0 0 0 0 0
2013-10-10T02:00:00 0 0 0 0 0
2013-10-10T03:00:00 0 0 0 0 0
2013-10-10T04:00:00 0 0 0 0 0
2013-10-10T05:00:00 0 0 0 0 0
2013-10-27T15:00:00 0.65440844197 0.34559155803 1 0 1
2013-10-27T16:00:00 0.65440844197 0.34559155803 1 0 1
2013-10-27T17:00:00 0.906565701533 0.0934342984668 1 0 1
2013-10-27T18:00:00 0.906565701533 0.0934342984668 1 0 1
2013-10-27T19:00:00 0.798541659435 0.201458340565 3 0 3
2013-10-27T20:00:00 0.798541659435 0.201458340565 3 0 3
2013-10-27T21:00:00 0.798541659435 0.201458340565 3 0 3
2013-10-27T22:00:00 0.798541659435 0.201458340565 3 0 3
2013-10-27T23:00:00 0.744529638386 0.255470361614 2 0 2
2013-10-28T00:00:00 0.744529638386 0.255470361614 2 0 2
2013-10-28T01:00:00 0 0 0 0 0
2013-10-28T02:00:00 0 0 0 0 0
2013-10-28T03:00:00 0 0 0 0 0
2013-10-28T04:00:00 0 0 0 0 0
2013-10-28T05:00:00 0 0 0 0 0
2013-10-28T06:00:00 0 0 0 0 0
2013-10-28T07:00:00 0 0 0 0 0
2013-10-28T08:00:00 0.726890741497 0.273109258503 2 0 2
2013-10-28T09:00:00 0.747300024871 0.252699975129 3 0 3
2013-10-28T10:00:00 0.747300024871 0.252699975129 3 0 3
2013-10-28T11:00:00 0.747300024871 0.252699975129 3 0 3
2013-10-28T12:00:00 0.747300024871 0.252699975129 3 0 3
2013-10-28T13:00:00 0.747300024871 0.252699975129 3 0 3
2013-10-28T14:00:00 0.788118591619 0.211881408381 1 0 1
2013-10-28T15:00:00 0 0 0 0 0
2013-10-28T16:00:00 0 0 0 0 0
2013-10-28T17:00:00 0 0 0 0 0
2013-10-28T18:00:00 0 0 0 0 0
2013-10-28T19:00:00 0 0 0 0 0
2013-10-28T20:00:00 0 0 0 0 0
2013-10-28T21:00:00 0 0 0 0 0
2013-10-28T22:00:00 0 0 0 0 0
2013-10-28T23:00:00 0 0 0 0 0
2013-10-29T00:00:00 0 0 0 0 0
2013-10-29T01:00:00 0.723706327863 0.276293672137 1 0 1
2013-10-29T02:00:00 0.723706327863 0.276293672137 1 0 1
2013-10-29T03:00:00 0.723706327863 0.276293672137 1 0 1
2013-10-29T04:00:00 0.723706327863 0.276293672137 1 0 1
2013-10-29T05:00:00 0.723706327863 0.276293672137 1 0 1
2013-10-31T13:00:00 0 0 0 0 0
2013-10-31T14:00:00 0 0 0 0 0
2013-10-31T15:00:00 0.646957644194 0.353042355806 1 0 1
2013-10-31T16:00:00 0.646957644194 0.353042355806 1 0 1
2013-10-31T17:00:00 0.646957644194 0.353042355806 1 0 1
2013-10-31T18:00:00 0.646957644194 0.353042355806 1 0 1
2013-10-31T19:00:00 0.646957644194 0.353042355806 1 0 1
2013-10-31T20:00:00 0.750184979584 0.249815020416 2 0 2
2013-10-31T21:00:00 0.853412314973 0.146587685027 1 0 1
2013-10-31T22:00:00 0.853412314973 0.146587685027 1 0 1
2013-10-31T23:00:00 0.853412314973 0.146587685027 1 0 1
2013-11-01T00:00:00 0.853412314973 0.146587685027 1 0 1
2013-11-01T01:00:00 0.853412314973 0.146587685027 1 0 1
2013-11-01T02:00:00 0 0 0 0 0
2013-11-01T03:00:00 0 0 0 0 0
2013-11-01T04:00:00 0 0 0 0 0
2013-11-01T05:00:00 0 0 0 0 0
2013-11-01T06:00:00 0 0 0 0 0
2013-11-01T07:00:00 0 0 0 0 0
2013-11-01T08:00:00 0.831097679104 0.168902320896 1 0 1
2013-11-01T09:00:00 0.882598977372 0.117401022628 2 0 2
2013-11-01T10:00:00 0.882598977372 0.117401022628 2 0 2
2013-11-01T11:00:00 0.882598977372 0.117401022628 2 0 2
2013-11-01T12:00:00 0.882598977372 0.117401022628 2 0 2
2013-11-01T13:00:00 0.882598977372 0.117401022628 2 0 2
2013-11-01T14:00:00 0.93410027564 0.0658997243604 1 0 1
2013-11-01T15:00:00 0 0 0 0 0
2013-11-01T16:00:00 0 0 0 0 0
2013-11-01T17:00:00 0 0 0 0 0
2013-11-01T18:00:00 0 0 0 0 0
2013-11-01T19:00:00 0 0 0 0 0
2013-11-01T20:00:00 0.67755063873 0.32244936127 1 0 1
2013-11-01T21:00:00 0.67755063873 0.32244936127 1 0 1
2013-11-01T22:00:00 0.66834431952 0.33165568048 2 0 2
2013-11-01T23:00:00 0.66834431952 0.33165568048 2 0 2
2013-11-02T00:00:00 0.66834431952 0.33165568048 2 0 2
2013-11-02T01:00:00 0.66834431952 0.33165568048 2 0 2
2013-11-02T02:00:00 0.65913800031 0.34086199969 1 0 1
2013-11-02T03:00:00 0.65913800031 0.34086199969 1 0 1
2013-11-02T04:00:00 0 0 0 0 0
2013-11-02T05:00:00 0 0 0 0 0
2013-11-02T06:00:00 0 0 0 0 0
2013-11-02T07:00:00 0 0 0 0 0
2013-11-02T08:00:00 0 0 0 0 0
2013-11-02T09:00:00 0 0 0 0 0
2013-11-02T10:00:00 0 0 0 0 0
2013-11-02T11:00:00 0.665032668151 0.334967331849 1 0 1
2013-11-02T12:00:00 0.710551602811 0.289448397189 2 0 2
2013-11-02T13:00:00 0.551481010972 0.448518989028 2 1 3
2013-11-02T14:00:00 0.551481010972 0.448518989028 2 1 3
2013-11-02T15:00:00 0.551481010972 0.448518989028 2 1 3
2013-11-02T16:00:00 0.551481010972 0.448518989028 2 1 3
2013-11-02T17:00:00 0.494705182382 0.505294817617 1 1 2
2013-11-02T18:00:00 0.503313304904 0.496686695096 1 1 2
2013-11-02T19:00:00 0.754663893338 0.245336106662 2 0 2
2013-11-02T20:00:00 0.754663893338 0.245336106662 2 0 2
2013-11-02T21:00:00 0.754663893338 0.245336106662 2 0 2
2013-11-02T22:00:00 0.754663893338 0.245336106662 2 0 2
2013-11-02T23:00:00 0.754663893338 0.245336106662 2 0 2
2013-11-03T00:00:00 0.736041004162 0.263958995838 1 0 1
2013-11-03T01:00:00 0 0 0 0 0
2013-11-03T02:00:00 0 0 0 0 0
2013-11-03T03:00:00 0 0 0 0 0
2013-11-03T04:00:00 0 0 0 0 0
2013-11-03T05:00:00 0 0 0 0 0
2013-11-08T21:00:00 0.87405846716 0.12594153284 6 0 6
2013-11-08T22:00:00 0.86655144263 0.13344855737 4 0 4
2013-11-08T23:00:00 0.86655144263 0.13344855737 4 0 4
2013-11-09T00:00:00 0.795390286919 0.204609713081 2 0 2
2013-11-09T01:00:00 0.852655198469 0.147344801531 1 0 1
2013-11-09T02:00:00 0.852655198469 0.147344801531 1 0 1
2013-11-09T03:00:00 0 0 0 0 0
2013-11-09T04:00:00 0 0 0 0 0
2013-11-09T05:00:00 0 0 0 0 0
2013-11-09T06:00:00 0 0 0 0 0
2013-11-09T07:00:00 0 0 0 0 0
2013-11-22T19:00:00 0.797366198174 0.202633801826 32 0 32
2013-11-22T20:00:00 0.782185150258 0.217814849742 38 0 38
2013-11-22T21:00:00 0.778845541 0.221154459 35 0 35
2013-11-22T22:00:00 0.778503599696 0.221496400304 35 0 35
2013-11-22T23:00:00 0.753481917055 0.246518082945 27 0 27
2013-11-23T00:00:00 0.735734306336 0.264265693664 19 0 19
2013-11-23T01:00:00 0.739921828704 0.260078171296 12 0 12
2013-11-23T02:00:00 0.725172177497 0.274827822503 2 0 2
2013-11-23T03:00:00 0.692884629308 0.307115370692 1 0 1
2013-11-23T04:00:00 0 0 0 0 0
2013-11-23T05:00:00 0 0 0 0 0
2013-11-23T06:00:00 0 0 0 0 0
2013-11-23T07:00:00 0 0 0 0 0
2013-11-23T08:00:00 0.82577307059 0.174226929409 2 0 2
2013-11-23T09:00:00 0.82513536556 0.17486463444 3 0 3
2013-11-23T10:00:00 0.861124403144 0.138875596856 6 0 6
2013-11-23T11:00:00 0.858244161288 0.141755838712 9 0 9
2013-11-23T12:00:00 0.850013716848 0.149986283152 11 0 11
2013-11-23T13:00:00 0.850013716848 0.149986283152 11 0 11
2013-11-23T14:00:00 0.855400527127 0.144599472873 9 0 9
2013-11-23T15:00:00 0.863846836912 0.136153163088 11 0 11
2013-11-23T16:00:00 0.849113322175 0.150886677826 9 0 9
2013-11-23T17:00:00 0.847428144475 0.152571855525 6 0 6
2013-11-23T18:00:00 0.879101034946 0.120898965054 5 0 5
2013-11-23T19:00:00 0.879101034946 0.120898965054 5 0 5
2013-11-23T20:00:00 0.879101034946 0.120898965054 5 0 5
2013-11-23T21:00:00 0.883967378671 0.116032621329 2 0 2
2013-11-23T22:00:00 0.936889741622 0.0631102583782 1 0 1
2013-11-23T23:00:00 0.936889741622 0.0631102583782 1 0 1
2013-11-24T00:00:00 0 0 0 0 0
2013-11-24T01:00:00 0 0 0 0 0
2013-11-24T02:00:00 0 0 0 0 0
2013-11-24T03:00:00 0 0 0 0 0
2013-11-24T04:00:00 0 0 0 0 0
2013-11-24T05:00:00 0 0 0 0 0
2013-12-06T22:00:00 0.732900471721 0.267099528279 21 1 22
2013-12-06T23:00:00 0.725834344485 0.274165655515 18 1 19
2013-12-07T00:00:00 0.689371599398 0.310628400602 13 1 14
2013-12-07T01:00:00 0.728185796362 0.271814203638 7 0 7
2013-12-07T02:00:00 0.746615709368 0.253384290632 7 0 7
2013-12-07T03:00:00 0.758596710509 0.241403289491 9 0 9
2013-12-07T04:00:00 0.759587389186 0.240412610814 15 0 15
2013-12-07T05:00:00 0.759717152403 0.240282847597 18 0 18
2013-12-07T06:00:00 0.759656713991 0.240343286009 22 0 22
2013-12-07T07:00:00 0.760314968904 0.239685031096 25 0 25
2013-12-07T08:00:00 0.740750064199 0.259249935801 25 1 26
2013-12-07T09:00:00 0.738629901772 0.261370098228 22 1 23
2013-12-07T10:00:00 0.715259346726 0.284740653274 20 2 22
2013-12-07T11:00:00 0.768288116557 0.231711883443 33 2 35
2013-12-07T12:00:00 0.78359782072 0.21640217928 37 2 39
2013-12-07T13:00:00 0.800036345713 0.199963654287 39 2 41
2013-12-07T14:00:00 0.816718154167 0.183281845833 37 1 38
2013-12-07T15:00:00 0.814464668331 0.185535331669 37 1 38
2013-12-07T16:00:00 0.837454517156 0.162545482844 33 0 33
2013-12-07T17:00:00 0.841895395083 0.158104604917 17 0 17
2013-12-07T18:00:00 0.844939091475 0.155060908525 9 0 9
2013-12-07T19:00:00 0.807357432174 0.192642567826 3 0 3
2013-12-07T20:00:00 0.839740509536 0.160259490464 4 0 4
2013-12-07T21:00:00 0.89605114694 0.10394885306 3 0 3
2013-12-07T22:00:00 0.848807792896 0.151192207104 5 0 5
2013-12-07T23:00:00 0.803810420463 0.196189579537 6 0 6
2013-12-08T00:00:00 0.779108774447 0.220891225553 7 0 7
2013-12-08T01:00:00 0.779819644506 0.220180355494 8 0 8
2013-12-08T02:00:00 0.757381059204 0.242618940796 7 0 7
2013-12-08T03:00:00 0.758531920104 0.241468079896 10 0 10
2013-12-08T04:00:00 0.753679209672 0.246320790328 8 0 8
2013-12-08T05:00:00 0.761356907235 0.238643092765 6 0 6
2013-12-08T06:00:00 0.778830773484 0.221169226516 7 0 7
2013-12-08T07:00:00 0.771653426003 0.228346573997 8 0 8
2013-12-08T08:00:00 0.771264053731 0.228735946268 10 0 10
2013-12-08T09:00:00 0.732369763711 0.267630236289 8 1 9
2013-12-08T10:00:00 0.735851053496 0.264148946504 9 1 10
2013-12-08T11:00:00 0.743142833008 0.256857166992 12 1 13
2013-12-08T12:00:00 0.733267800265 0.266732199735 12 1 13
2013-12-08T13:00:00 0.735397503675 0.264602496325 12 1 13
2013-12-08T14:00:00 0.758149004429 0.241850995571 15 1 16
2013-12-08T15:00:00 0.779632114745 0.220367885255 16 0 16
2013-12-08T16:00:00 0.772206622077 0.227793377923 21 0 21
2013-12-08T17:00:00 0.764019546465 0.235980453535 23 0 23
2013-12-08T18:00:00 0.767021831076 0.232978168924 25 0 25
2013-12-22T19:00:00 0.784851323043 0.215148676957 5 0 5
2013-12-22T20:00:00 0.784851323043 0.215148676957 5 0 5
2013-12-22T21:00:00 0.771178181118 0.228821818882 5 0 5
2013-12-22T22:00:00 0.771178181118 0.228821818882 5 0 5
2013-12-22T23:00:00 0.779480460053 0.220519539947 5 0 5
2013-12-23T00:00:00 0.738957129011 0.261042870989 5 0 5
2013-12-23T01:00:00 0.741871117358 0.258128882642 6 0 6
2013-12-23T02:00:00 0.724173394716 0.275826605284 7 0 7
2013-12-23T03:00:00 0.709871842743 0.290128157257 6 0 6
2013-12-23T04:00:00 0.709871842743 0.290128157257 6 0 6
2013-12-23T05:00:00 0.691337046495 0.308662953505 4 0 4
2013-12-23T06:00:00 0.687214058981 0.312785941019 2 0 2
2013-12-23T07:00:00 0.617987058867 0.382012941133 1 0 1
2013-12-23T08:00:00 0.791895391863 0.208104608136 4 0 4
2013-12-23T09:00:00 0.736041665961 0.263958334039 12 1 13
2013-12-23T10:00:00 0.743312784063 0.256687215937 15 1 16
2013-12-23T11:00:00 0.750882874656 0.249117125344 17 1 18
2013-12-23T12:00:00 0.756943762335 0.243056237665 19 1 20
2013-12-23T13:00:00 0.756943762335 0.243056237665 19 1 20
2013-12-23T14:00:00 0.7527261981 0.2472738019 19 1 20
2013-12-23T15:00:00 0.782034306935 0.217965693064 13 0 13
2013-12-23T16:00:00 0.779572101736 0.220427898264 12 0 12
2013-12-23T17:00:00 0.773197802204 0.226802197796 10 0 10
2013-12-23T18:00:00 0.759582071156 0.240417928844 9 0 9
2013-12-23T19:00:00 0.777312838203 0.222687161797 10 0 10
2013-12-23T20:00:00 0.803826834413 0.196173165587 7 0 7
2013-12-23T21:00:00 0.800034929219 0.199965070781 7 0 7
2013-12-23T22:00:00 0.817472477269 0.182527522731 5 0 5
2013-12-23T23:00:00 0.817472477269 0.182527522731 5 0 5
2013-12-24T00:00:00 0.840029566269 0.159970433731 4 0 4
2013-12-24T01:00:00 0.790205207072 0.209794792928 4 0 4
2013-12-24T02:00:00 0.741310362223 0.258689637777 3 0 3
2013-12-24T17:00:00 0.864206004965 0.135793995034 3 0 3
2013-12-24T18:00:00 0.864206004965 0.135793995034 3 0 3
2013-12-24T19:00:00 0.886060876466 0.113939123534 5 0 5
2013-12-24T20:00:00 0.798018032135 0.201981967865 10 0 10
2013-12-24T21:00:00 0.792764810167 0.207235189833 10 0 10
2013-12-24T22:00:00 0.792764810167 0.207235189833 10 0 10
2013-12-24T23:00:00 0.776298988172 0.223701011829 8 0 8
2013-12-25T00:00:00 0.776298988172 0.223701011829 8 0 8
2013-12-25T01:00:00 0.716465196399 0.283534803601 7 0 7
2013-12-25T02:00:00 0.732690217887 0.267309782113 2 0 2
2013-12-25T03:00:00 0.64255083686 0.35744916314 1 0 1
2013-12-25T04:00:00 0.64255083686 0.35744916314 1 0 1
2013-12-25T05:00:00 0.64255083686 0.35744916314 1 0 1
2013-12-25T06:00:00 0.64255083686 0.35744916314 1 0 1
2013-12-25T07:00:00 0.634911881539 0.365088118461 1 0 1
2013-12-25T08:00:00 0.742095610965 0.257904389035 4 0 4
2013-12-25T09:00:00 0.783609993915 0.216390006084 8 0 8
2013-12-25T10:00:00 0.772774653587 0.227225346413 9 0 9
2013-12-25T11:00:00 0.772774653587 0.227225346413 9 0 9
2013-12-25T12:00:00 0.770719623147 0.229280376853 10 0 10
2013-12-25T13:00:00 0.785809372215 0.214190627785 9 0 9
2013-12-25T14:00:00 0.789802297935 0.210197702065 6 0 6
2013-12-25T15:00:00 0.682689721042 0.317310278958 3 0 3
2013-12-25T16:00:00 0.680988616084 0.319011383916 2 0 2
2014-01-04T12:00:00 0.837371087266 0.162628912734 3 0 3
2014-01-04T13:00:00 0.837371087266 0.162628912734 3 0 3
2014-01-04T14:00:00 0.787414524649 0.212585475352 4 0 4
2014-01-04T15:00:00 0.739027989234 0.260972010766 8 0 8
2014-01-04T16:00:00 0.751086784279 0.248913215721 10 0 10
2014-01-04T17:00:00 0.739341684076 0.260658315924 9 0 9
2014-01-05T23:00:00 0.805948054951 0.19405194505 8 0 8
2014-01-06T00:00:00 0.774824077574 0.225175922426 10 0 10
2014-01-06T01:00:00 0.76957178658 0.23042821342 14 0 14
2014-01-06T02:00:00 0.756652402986 0.243347597014 16 0 16
2014-01-06T03:00:00 0.756619032898 0.243380967102 19 0 19
2014-01-06T04:00:00 0.756441059094 0.243558940906 19 0 19
2014-01-06T05:00:00 0.756441059094 0.243558940906 18 0 18
2014-01-06T06:00:00 0.756441059094 0.243558940906 16 0 16
2014-01-06T07:00:00 0.764482106509 0.235517893491 15 0 15
2014-01-06T08:00:00 0.765022234194 0.234977765806 13 0 13
2014-01-06T09:00:00 0.788121347486 0.211878652514 12 0 12
2014-01-06T10:00:00 0.794457405164 0.205542594836 10 0 10
2014-01-06T11:00:00 0.803961491682 0.196038508318 8 0 8
2014-01-15T23:00:00 0.768267960452 0.231732039548 4 0 4
2014-01-16T00:00:00 0.710318579502 0.289681420498 2 0 2
2014-01-16T01:00:00 0.710318579502 0.289681420498 2 0 2
2014-01-16T02:00:00 0.746174085339 0.253825914661 1 0 1
2014-01-16T03:00:00 0.746174085339 0.253825914661 1 0 1
2014-01-16T04:00:00 0 0 0 0 0
2014-01-16T05:00:00 0 0 0 0 0
2014-01-16T06:00:00 0 0 0 0 0
2014-01-16T07:00:00 0.759571304872 0.240428695128 1 0 1
2014-01-16T08:00:00 0.784909214502 0.215090785498 4 0 4
2014-01-16T09:00:00 0.797369481738 0.202630518262 8 0 8
2014-01-16T10:00:00 0.777624168817 0.222375831182 10 0 10
2014-01-16T11:00:00 0.777624168817 0.222375831182 10 0 10
2014-01-16T12:00:00 0.777624168817 0.222375831182 10 0 10
2014-01-16T13:00:00 0.780549231751 0.219450768249 10 0 10
2014-01-16T14:00:00 0.775060966339 0.224939033661 7 0 7
2014-01-16T15:00:00 0.728702589493 0.271297410507 3 0 3
2014-01-16T16:00:00 0.788821934207 0.211178065793 1 0 1
2014-01-16T17:00:00 0.787392713006 0.212607286994 2 0 2
2014-01-19T08:00:00 0.769492727849 0.230507272151 2 0 2
2014-01-19T09:00:00 0.769492727849 0.230507272151 2 0 2
2014-01-22T17:00:00 0.819962180827 0.180037819173 3 0 3
2014-01-22T18:00:00 0.793141832517 0.206858167483 4 0 4
2014-01-22T19:00:00 0.816290033941 0.183709966059 3 0 3
2014-01-22T20:00:00 0.797851170055 0.202148829945 2 0 2
2014-01-22T21:00:00 0.797851170055 0.202148829945 2 0 2
2014-01-22T22:00:00 0.749667570366 0.250332429634 3 0 3
2014-01-22T23:00:00 0.749667570366 0.250332429634 3 0 3
2014-01-23T00:00:00 0.679143213083 0.320856786917 2 0 2
2014-01-23T01:00:00 0.679143213083 0.320856786917 2 0 2
2014-01-23T02:00:00 0.679143213083 0.320856786917 2 0 2
2014-01-23T03:00:00 0.679143213083 0.320856786917 2 0 2
2014-01-23T04:00:00 0.704986055178 0.295013944822 1 0 1
2014-01-23T05:00:00 0.704986055178 0.295013944822 1 0 1
2014-01-23T06:00:00 0 0 0 0 0
2014-01-23T07:00:00 0 0 0 0 0
2014-01-23T08:00:00 0 0 0 0 0
2014-01-23T09:00:00 0 0 0 0 0
2014-01-23T10:00:00 0 0 0 0 0
2014-01-23T11:00:00 0.936889741622 0.0631102583782 1 0 1
2014-01-23T12:00:00 0.936889741622 0.0631102583782 1 0 1
2014-01-23T13:00:00 0.880374848561 0.11962515144 2 0 2
2014-01-23T14:00:00 0.880374848561 0.11962515144 2 0 2
2014-01-23T15:00:00 0.880374848561 0.11962515144 2 0 2
2014-01-23T16:00:00 0.880374848561 0.11962515144 2 0 2
2014-01-23T17:00:00 0.823859955499 0.176140044501 1 0 1
2014-01-23T18:00:00 0.851164727571 0.148835272429 2 0 2
2014-01-23T19:00:00 0.80069471227 0.19930528773 2 0 2
2014-01-23T20:00:00 0.80069471227 0.19930528773 2 0 2
2014-01-23T21:00:00 0.80069471227 0.19930528773 2 0 2
2014-01-23T22:00:00 0.80069471227 0.19930528773 2 0 2
2014-01-23T23:00:00 0.80069471227 0.19930528773 2 0 2
2014-01-24T00:00:00 0.676853041671 0.323146958328 2 0 2
2014-01-24T01:00:00 0.723257204715 0.276742795285 3 0 3
2014-01-29T13:00:00 0.731175135509 0.268824864491 5 0 5
2014-01-29T14:00:00 0.762419586485 0.237580413515 4 0 4
2014-02-01T04:00:00 0.784247976785 0.215752023215 10 0 10
2014-02-01T05:00:00 0.782790505011 0.217209494989 11 0 11
2014-02-01T06:00:00 0.782790505011 0.217209494989 11 0 11
2014-02-01T07:00:00 0.785745566603 0.214254433397 9 0 9
2014-02-01T08:00:00 0.790389234818 0.209610765182 7 0 7
2014-02-01T09:00:00 0.769748115964 0.230251884036 5 0 5
2014-02-01T10:00:00 0.759059972491 0.240940027509 7 0 7
2014-02-01T11:00:00 0.717235561448 0.282764438552 11 1 12
2014-02-01T12:00:00 0.752077441755 0.247922558245 17 1 18
2014-02-01T13:00:00 0.7543685484 0.2456314516 20 1 21
2014-02-01T14:00:00 0.754997968349 0.245002031651 21 1 22
2014-02-01T15:00:00 0.754246935012 0.245753064988 20 1 21
2014-02-01T16:00:00 0.762068899787 0.237931100213 17 1 18
2014-02-01T17:00:00 0.804634789913 0.195365210087 12 0 12
2014-02-01T18:00:00 0.790856119263 0.209143880737 5 0 5
2014-02-01T19:00:00 0.824967515755 0.175032484244 2 0 2
2014-02-01T20:00:00 0.778131157667 0.221868842333 2 0 2
2014-02-01T21:00:00 0.778131157667 0.221868842333 2 0 2
2014-02-05T22:00:00 0.787348001773 0.212651998227 36 1 37
2014-02-05T23:00:00 0.777051458736 0.222948541264 35 1 36
2014-02-06T00:00:00 0.786675187788 0.213324812212 24 0 24
2014-02-06T01:00:00 0.797482794092 0.202517205908 20 0 20
2014-02-11T18:00:00 0.714880504157 0.285119495843 2 0 2
2014-02-11T19:00:00 0.714880504157 0.285119495843 2 0 2
2014-02-12T18:00:00 0.383075249571 0.616924750429 1 1 2
2014-02-12T19:00:00 0.64235329117 0.35764670883 7 1 8
2014-02-12T20:00:00 0.667781178506 0.332218821494 9 1 10
2014-02-12T21:00:00 0.677640065088 0.322359934912 10 1 11
2014-02-12T22:00:00 0.695016784393 0.304983215607 12 1 13
2014-02-12T23:00:00 0.704946910187 0.295053089813 14 1 15
2014-02-13T00:00:00 0.75652058893 0.24347941107 16 0 16
2014-02-13T01:00:00 0.77294756919 0.22705243081 11 0 11
2014-02-13T02:00:00 0.77294756919 0.22705243081 11 0 11
2014-02-13T03:00:00 0.772619433019 0.227380566981 10 0 10
2014-02-13T04:00:00 0.768400230475 0.231599769525 10 0 10
2014-02-13T05:00:00 0.768400230475 0.231599769525 10 0 10
2014-02-13T06:00:00 0.780047018302 0.219952981698 10 0 10
2014-02-13T07:00:00 0.778971451845 0.221028548155 11 0 11
2014-02-13T08:00:00 0.792033118342 0.207966881658 11 0 11
2014-02-13T09:00:00 0.757814989726 0.242185010274 12 1 13
2014-02-13T10:00:00 0.751044043882 0.248955956118 13 1 14
2014-02-13T11:00:00 0.751044043882 0.248955956118 13 1 14
2014-02-13T12:00:00 0.755550229008 0.244449770992 15 1 16
2014-02-13T13:00:00 0.756219599926 0.243780400074 15 1 16
2014-02-13T14:00:00 0.745841298671 0.254158701329 14 1 15
2014-02-13T15:00:00 0.772797041702 0.227202958298 14 0 14
2014-02-13T16:00:00 0.78124129507 0.21875870493 13 0 13
2014-02-13T17:00:00 0.78124129507 0.21875870493 13 0 13
2014-02-13T18:00:00 0.787431116753 0.212568883247 10 0 10
2014-02-13T19:00:00 0.797374647336 0.202625352664 13 0 13
2014-02-13T20:00:00 0.79717819494 0.20282180506 13 0 13
2014-02-13T21:00:00 0.795897155996 0.204102844004 14 0 14
2014-02-13T22:00:00 0.800297894021 0.199702105979 12 0 12
2014-02-13T23:00:00 0.806458927255 0.193541072745 10 0 10
2014-02-14T00:00:00 0.794935467957 0.205064532043 8 0 8
2014-02-14T01:00:00 0.772743035145 0.227256964855 3 0 3
2014-02-14T02:00:00 0.77500665908 0.22499334092 2 0 2
2014-02-14T03:00:00 0 0 0 0 0
2014-02-14T04:00:00 0 0 0 0 0
2014-02-14T05:00:00 0 0 0 0 0
2014-02-14T06:00:00 0 0 0 0 0
2014-02-14T07:00:00 0 0 0 0 0
2014-02-14T08:00:00 0 0 0 0 0
2014-02-14T09:00:00 0 0 0 0 0
2014-02-14T10:00:00 0 0 0 0 0
2014-02-14T11:00:00 0 0 0 0 0
2014-02-14T12:00:00 0 0 0 0 0
2014-02-14T13:00:00 0.0 0.0 0 0 0
2014-02-14T14:00:00 0.0 0.0 0 0 0
2014-02-14T15:00:00 0.936889741622 0.0631102583782 1 0 1
2014-02-14T16:00:00 0.912618120237 0.0873818797636 2 0 2
2014-02-14T17:00:00 0.912618120237 0.0873818797636 2 0 2
2014-02-14T18:00:00 0.920708660698 0.0792913393018 3 0 3
2014-02-14T19:00:00 0.820573323729 0.179426676272 6 0 6
2014-02-14T20:00:00 0.811431303402 0.188568696598 7 0 7
2014-02-14T21:00:00 0.790521563699 0.209478436302 6 0 6
2014-02-14T22:00:00 0.770956576668 0.229043423332 5 0 5
2014-02-14T23:00:00 0.770956576668 0.229043423332 5 0 5
2014-02-15T00:00:00 0.647072594258 0.352927405742 4 1 5
2014-02-15T01:00:00 0.537024505506 0.462975494494 1 1 2
2014-02-15T02:00:00 0.31746982957 0.68253017043 0 1 1
2014-02-15T03:00:00 0.31746982957 0.68253017043 0 1 1
2014-02-15T04:00:00 0.31746982957 0.68253017043 0 1 1
2014-02-15T05:00:00 0.31746982957 0.68253017043 0 1 1
2014-02-15T06:00:00 0 0 0 0 0
2014-02-15T07:00:00 0 0 0 0 0
2014-02-15T08:00:00 0 0 0 0 0
2014-02-15T09:00:00 0 0 0 0 0
2014-02-15T10:00:00 0 0 0 0 0
2014-02-15T11:00:00 0 0 0 0 0
2014-02-15T12:00:00 0 0 0 0 0
2014-02-15T13:00:00 0.872688944235 0.127311055765 1 0 1
2014-02-15T14:00:00 0.872688944235 0.127311055765 1 0 1
2014-02-15T15:00:00 0.872688944235 0.127311055765 1 0 1
2014-02-15T16:00:00 0.750269053596 0.249730946404 2 0 2
2014-02-15T17:00:00 0.783944843879 0.216055156121 3 0 3
2014-02-15T18:00:00 0.771479630203 0.228520369797 4 0 4
2014-02-15T19:00:00 0.737743192192 0.262256807808 3 0 3
2014-02-15T20:00:00 0.761569261124 0.238430738876 5 0 5
2014-02-15T21:00:00 0.767610520033 0.232389479967 6 0 6
2014-02-15T22:00:00 0.795562791448 0.204437208552 5 0 5
2014-02-15T23:00:00 0.753165828751 0.246834171249 5 0 5
2014-02-16T00:00:00 0.757936288645 0.242063711355 4 0 4
2014-02-16T01:00:00 0.758243109239 0.241756890761 5 0 5
2014-02-16T02:00:00 0.732199605718 0.267800394282 3 0 3
2014-02-16T03:00:00 0.561716386071 0.438283613929 2 1 3
2014-02-16T04:00:00 0.561716386071 0.438283613929 2 1 3
2014-02-16T05:00:00 0.551219792615 0.448780207385 2 1 3
2014-02-16T06:00:00 0.551219792615 0.448780207385 2 1 3
2014-02-16T07:00:00 0.447094493115 0.552905506885 1 1 2
2014-02-16T08:00:00 0.447094493115 0.552905506885 1 1 2
2014-02-16T09:00:00 0.643415861245 0.356584138755 2 0 2
2014-02-16T10:00:00 0.643415861245 0.356584138755 2 0 2
2014-02-16T11:00:00 0.603754746792 0.396245253208 2 1 3
2014-02-16T12:00:00 0.603754746792 0.396245253208 2 1 3
2014-02-16T13:00:00 0.603754746792 0.396245253208 2 1 3
2014-02-16T14:00:00 0.649383133082 0.350616866918 3 1 4
2014-02-16T15:00:00 0.504276120445 0.495723879555 3 3 6
2014-02-16T16:00:00 0.558192836018 0.441807163983 5 3 8
2014-02-19T22:00:00 0.742244041612 0.257755958388 15 1 16
2014-02-19T23:00:00 0.742244041612 0.257755958388 15 1 16
2014-02-20T00:00:00 0.733835421415 0.266164578585 11 1 12
2014-02-20T01:00:00 0.770849662046 0.229150337954 10 0 10
2014-02-20T02:00:00 0.770849662046 0.229150337954 10 0 10
2014-02-20T03:00:00 0.769633232175 0.230366767825 9 0 9
2014-02-20T04:00:00 0.768945467603 0.231054532397 7 0 7
2014-02-21T13:00:00 0.847278537444 0.152721462556 4 0 4
2014-02-21T14:00:00 0.715023127879 0.284976872121 4 1 5
2014-02-21T15:00:00 0.720008241421 0.279991758579 3 1 4
2014-02-21T16:00:00 0.651262066199 0.348737933801 3 2 5
2014-02-21T17:00:00 0.612029041042 0.387970958958 5 3 8
2014-02-21T18:00:00 0.615865590472 0.384134409528 8 3 11
2014-02-21T19:00:00 0.646434514357 0.353565485643 11 3 14
2014-02-21T20:00:00 0.7000693895 0.2999306105 12 2 14
2014-02-21T21:00:00 0.696503795812 0.303496204188 13 2 15
2014-02-21T22:00:00 0.719377112277 0.280622887723 13 1 14
2014-02-21T23:00:00 0.755870357973 0.244129642027 13 0 13
2014-02-22T00:00:00 0.774495078409 0.225504921591 8 0 8
2014-02-22T01:00:00 0.74460807623 0.25539192377 4 0 4
2014-02-22T02:00:00 0.680514187766 0.319485812234 3 0 3
2014-02-22T03:00:00 0.697478539558 0.302521460443 2 0 2
2014-02-22T19:00:00 0.726209286187 0.273790713813 9 0 9
2014-02-22T20:00:00 0.749880861946 0.250119138054 8 0 8
2014-02-22T21:00:00 0.731714473966 0.268285526034 4 0 4
2014-02-22T22:00:00 0.663008413126 0.336991586874 4 0 4
2014-02-22T23:00:00 0.663008413126 0.336991586874 4 0 4
2014-02-23T00:00:00 0.66329205809 0.33670794191 3 0 3
2014-02-23T01:00:00 0.702046533178 0.297953466822 3 0 3
2014-02-23T02:00:00 0.729349889108 0.270650110892 4 0 4
2014-02-23T03:00:00 0.742730835355 0.257269164645 6 0 6
2014-02-23T04:00:00 0.769675147931 0.230324852069 7 0 7
2014-02-23T05:00:00 0.769492727849 0.230507272151 8 0 8
2014-02-23T06:00:00 0.769492727849 0.230507272151 10 0 10
2014-02-23T07:00:00 0.783336067282 0.216663932718 12 0 12
2014-02-23T08:00:00 0.783336067282 0.216663932718 12 0 12
2014-02-23T09:00:00 0.748934261636 0.251065738364 12 1 13
2014-02-23T10:00:00 0.741520068828 0.258479931172 13 1 14
2014-02-23T11:00:00 0.741199642038 0.258800357962 15 1 16
2014-02-23T12:00:00 0.744412095006 0.255587904994 16 1 17
2014-02-23T13:00:00 0.704930471254 0.295069528746 17 3 20
2014-02-23T14:00:00 0.733775198163 0.266224801837 21 3 24
2014-02-23T15:00:00 0.675230112921 0.324769887079 24 8 32
2014-02-23T16:00:00 0.662899825841 0.337100174159 24 10 34
2014-02-23T17:00:00 0.661559104182 0.338440895818 23 10 33
2014-02-23T18:00:00 0.660050402288 0.339949597712 23 10 33
2014-02-23T19:00:00 0.67504402546 0.32495597454 23 8 31
2014-02-23T20:00:00 0.655402114288 0.344597885712 20 8 28
2014-02-23T21:00:00 0.73839029532 0.26160970468 17 2 19
2014-02-23T22:00:00 0.778634059017 0.221365940983 16 0 16
2014-02-23T23:00:00 0.778634059017 0.221365940983 16 0 16
2014-02-24T00:00:00 0.782367383382 0.217632616618 14 0 14
2014-02-24T01:00:00 0.787016239415 0.212983760585 11 0 11
2014-02-24T02:00:00 0.77266292953 0.22733707047 8 0 8
2014-02-24T03:00:00 0.771881686347 0.228118313653 6 0 6
2014-02-24T04:00:00 0.771802325431 0.228197674569 4 0 4
2014-02-24T05:00:00 0.774111923014 0.225888076986 2 0 2
2014-02-24T06:00:00 0.768215787274 0.231784212726 1 0 1
2014-02-24T07:00:00 0 0 0 0 0
2014-02-24T08:00:00 0.868556417084 0.131443582916 1 0 1
2014-02-24T23:00:00 0.472964439239 0.527035560761 2 1 3
2014-02-25T00:00:00 0.505068391417 0.494931608583 3 1 4
2014-03-03T07:00:00 0 0 0 0 0
2014-03-03T08:00:00 0.781391654379 0.218608345621 2 0 2
2014-03-03T09:00:00 0.758159074665 0.241840925335 7 0 7
2014-03-03T10:00:00 0.767782046081 0.23221795392 8 0 8
2014-03-03T11:00:00 0.774012924905 0.225987075095 9 0 9
2014-03-03T12:00:00 0.774012924905 0.225987075095 9 0 9
2014-03-03T13:00:00 0.793351456479 0.206648543521 11 0 11
2014-03-03T14:00:00 0.796009190278 0.203990809722 9 0 9
2014-03-03T15:00:00 0.854938124653 0.145061875348 4 0 4
2014-03-03T16:00:00 0.85211740203 0.14788259797 4 0 4
2014-03-10T19:00:00 0.822612900437 0.177387099563 5 0 5
2014-03-10T20:00:00 0.807648956629 0.192351043371 4 0 4
2014-03-10T21:00:00 0.764568694965 0.235431305035 3 0 3
2014-03-10T22:00:00 0.833144253915 0.166855746085 2 0 2
2014-03-10T23:00:00 0.833144253915 0.166855746085 2 0 2
2014-03-11T00:00:00 0.936889741622 0.0631102583782 1 0 1
2014-03-11T01:00:00 0 0 0 0 0
2014-03-11T02:00:00 0 0 0 0 0
2014-03-11T03:00:00 0 0 0 0 0
2014-03-11T04:00:00 0 0 0 0 0
2014-03-11T05:00:00 0 0 0 0 0
2014-03-11T06:00:00 0 0 0 0 0
2014-03-11T07:00:00 0 0 0 0 0
2014-03-16T16:00:00 0.778858009666 0.221141990334 6 0 6
2014-03-16T17:00:00 0.80873885941 0.191261140589 8 0 8
2014-03-16T18:00:00 0.775308559695 0.224691440305 9 0 9
2014-03-16T19:00:00 0.806304857493 0.193695142507 15 0 15
2014-03-16T20:00:00 0.81088932669 0.18911067331 16 0 16
2014-03-16T21:00:00 0.812031137567 0.187968862433 16 0 16
2014-03-16T22:00:00 0.803260450269 0.196739549731 17 0 17
2014-03-16T23:00:00 0.799863333471 0.200136666529 14 0 14
2014-03-17T00:00:00 0.804831823553 0.195168176447 12 0 12
2014-03-17T01:00:00 0.734499733524 0.265500266476 7 0 7
2014-03-17T02:00:00 0.710306961672 0.289693038328 6 0 6
2014-03-17T03:00:00 0.682341950123 0.317658049877 4 0 4
2014-03-23T15:00:00 0.787002943058 0.212997056942 16 0 16
2014-03-23T16:00:00 0.79468475055 0.20531524945 18 0 18
2014-03-23T17:00:00 0.788359053376 0.211640946624 21 0 21
2014-03-23T18:00:00 0.818805432891 0.181194567109 27 0 27
2014-03-23T19:00:00 0.835018920111 0.164981079889 23 0 23
2014-03-23T20:00:00 0.821265587956 0.178734412044 24 0 24
2014-03-23T21:00:00 0.816452750579 0.183547249421 26 0 26
2014-03-23T22:00:00 0.81758194031 0.18241805969 24 0 24
2014-03-23T23:00:00 0.821693110741 0.178306889259 20 0 20
2014-03-24T00:00:00 0.762951209432 0.237048790568 13 0 13
2014-03-24T01:00:00 0.754791418737 0.245208581263 13 0 13
2014-03-24T02:00:00 0.762094473662 0.237905526338 9 0 9
2014-03-24T03:00:00 0.745309445834 0.254690554166 6 0 6
2014-03-24T04:00:00 0.742396151182 0.257603848818 5 0 5
2014-03-24T05:00:00 0.742396151182 0.257603848818 5 0 5
2014-03-24T06:00:00 0.830812462587 0.169187537413 1 0 1
2014-03-24T07:00:00 0.835578333051 0.164421666949 1 0 1
2014-03-24T23:00:00 0.727957585379 0.272042414621 7 1 8
2014-03-25T00:00:00 0.615584433294 0.384415566706 3 1 4
2014-03-25T01:00:00 0.322398100268 0.677601899732 0 1 1
2014-03-25T02:00:00 0.322398100268 0.677601899732 0 1 1
2014-03-25T03:00:00 0.322398100268 0.677601899732 0 1 1
2014-03-25T04:00:00 0.0 0.0 0 0 0
2014-03-25T05:00:00 0.0 0.0 0 0 0
2014-03-25T06:00:00 0 0 0 0 0
2014-03-25T07:00:00 0 0 0 0 0
2014-03-25T08:00:00 0.726307768264 0.273692231736 2 0 2
2014-03-25T09:00:00 0.767125925347 0.232874074653 4 0 4
2014-03-25T10:00:00 0.785427048697 0.214572951303 5 0 5
2014-03-25T11:00:00 0.785427048697 0.214572951303 5 0 5
2014-03-25T12:00:00 0.760759240211 0.239240759789 6 0 6
2014-03-25T13:00:00 0.760759240211 0.239240759789 6 0 6
2014-03-25T14:00:00 0.777984976185 0.222015023815 4 0 4
2014-03-25T15:00:00 0.710313216095 0.289686783905 3 0 3
2014-03-25T16:00:00 0.636154053095 0.363845946905 2 0 2
2014-03-25T17:00:00 0.643465466234 0.356534533766 3 0 3
2014-03-25T18:00:00 0.723815233521 0.276184766479 3 0 3
2014-03-25T19:00:00 0.736022262815 0.263977737185 4 0 4
2014-03-25T20:00:00 0.736022262815 0.263977737185 4 0 4
2014-03-25T21:00:00 0.769733714285 0.230266285715 3 0 3
2014-03-25T22:00:00 0.769733714285 0.230266285715 3 0 3
2014-03-25T23:00:00 0.825556425171 0.174443574829 2 0 2
2014-03-26T00:00:00 0.772643350699 0.227356649301 1 0 1
2014-03-26T01:00:00 0 0 0 0 0
2014-03-26T02:00:00 0 0 0 0 0
2014-03-26T03:00:00 0 0 0 0 0
2014-03-26T04:00:00 0 0 0 0 0
2014-03-26T05:00:00 0 0 0 0 0
2014-03-26T06:00:00 0 0 0 0 0
2014-03-26T07:00:00 0 0 0 0 0
2014-03-26T08:00:00 0.820234142986 0.179765857014 2 0 2
2014-03-26T09:00:00 0.778155792632 0.221844207368 8 0 8
2014-03-26T10:00:00 0.76607510936 0.23392489064 15 0 15
2014-03-26T11:00:00 0.759813002547 0.240186997453 19 0 19
2014-03-26T12:00:00 0.773812784579 0.226187215421 21 0 21
2014-03-26T13:00:00 0.773812784579 0.226187215421 21 0 21
2014-03-26T14:00:00 0.768926325799 0.231073674201 19 0 19
2014-03-26T15:00:00 0.771140164238 0.228859835762 13 0 13
2014-03-26T16:00:00 0.790786309807 0.209213690193 7 0 7
2014-03-26T17:00:00 0.863394586889 0.136605413111 3 0 3
2014-03-26T18:00:00 0.784530351361 0.215469648639 2 0 2
2014-03-26T19:00:00 0.728389926131 0.271610073869 4 0 4
2014-03-26T20:00:00 0.724055537045 0.275944462955 5 0 5
2014-03-26T21:00:00 0.724055537045 0.275944462955 5 0 5
2014-03-26T22:00:00 0.710928838081 0.289071161919 4 0 4
2014-03-26T23:00:00 0.695925882381 0.304074117619 5 0 5
2014-03-27T00:00:00 0.671782760521 0.328217239479 4 0 4
2014-03-27T01:00:00 0.67131602014 0.32868397986 2 0 2
2014-03-27T02:00:00 0.635914059581 0.364085940419 1 0 1
2014-03-27T20:00:00 0.756107891986 0.243892108014 19 1 20
2014-03-27T21:00:00 0.752191572471 0.247808427529 20 1 21
2014-03-27T22:00:00 0.737613309542 0.262386690458 20 1 21
2014-03-27T23:00:00 0.730789386463 0.269210613537 17 1 18
2014-04-13T12:00:00 0.717771900542 0.282228099458 12 1 13
2014-04-13T13:00:00 0.709510055927 0.290489944073 12 1 13
2014-04-13T14:00:00 0.764765280534 0.235234719466 12 0 12
2014-04-13T15:00:00 0.776207323908 0.223792676092 8 0 8
2014-04-13T16:00:00 0.809918476042 0.190081523958 6 0 6
2014-04-13T17:00:00 0.820537808645 0.179462191355 6 0 6
2014-04-13T18:00:00 0.830219641237 0.169780358763 10 0 10
2014-04-13T19:00:00 0.801405319768 0.198594680232 10 0 10
2014-04-13T20:00:00 0.774980458156 0.225019541844 14 0 14
2014-04-13T21:00:00 0.774187024363 0.225812975637 16 0 16
2014-04-13T22:00:00 0.775344113043 0.224655886957 17 0 17
2014-04-13T23:00:00 0.765422115729 0.234577884271 17 0 17
2014-04-14T00:00:00 0.744971479535 0.255028520465 12 0 12
2014-04-14T01:00:00 0.755270126832 0.244729873168 10 0 10
2014-04-14T02:00:00 0.756930974703 0.243069025297 6 0 6
2014-04-14T03:00:00 0.75107996815 0.24892003185 4 0 4
2014-04-14T04:00:00 0.690628869588 0.309371130412 2 0 2
2014-04-14T05:00:00 0.691905810162 0.308094189837 2 0 2
2014-04-14T06:00:00 0.691905810162 0.308094189837 2 0 2
2014-04-14T07:00:00 0.57497583914 0.42502416086 2 1 3
2014-04-14T08:00:00 0.736939611469 0.263060388531 5 1 6
2014-04-14T09:00:00 0.765609515683 0.234390484317 13 1 14
2014-04-14T10:00:00 0.761214793628 0.238785206372 20 1 21
2014-04-14T11:00:00 0.773401092946 0.226598907054 21 1 22
2014-04-17T23:00:00 0.863926728735 0.136073271265 2 0 2
2014-04-18T00:00:00 0 0 0 0 0
2014-04-18T01:00:00 0 0 0 0 0
2014-04-18T02:00:00 0 0 0 0 0
2014-04-18T03:00:00 0 0 0 0 0
2014-05-01T03:00:00 0.911756486455 0.0882435135446 3 0 3
2014-05-01T04:00:00 0.0 0.0 0 0 0
2014-05-01T05:00:00 0.0 0.0 0 0 0
2014-05-19T12:00:00 0.66319727912 0.33680272088 1 0 1
2014-05-19T13:00:00 0.66319727912 0.33680272088 1 0 1
2014-05-19T14:00:00 0.66319727912 0.33680272088 1 0 1
2014-05-19T15:00:00 0 0 0 0 0
2014-05-19T16:00:00 0 0 0 0 0
2014-05-19T17:00:00 0 0 0 0 0
2014-05-19T18:00:00 0 0 0 0 0
2014-05-21T15:00:00 0 0 0 0 0
2014-05-21T16:00:00 0 0 0 0 0
2014-05-21T17:00:00 0 0 0 0 0
2014-05-21T18:00:00 0 0 0 0 0
2014-05-21T19:00:00 0 0 0 0 0
2014-05-21T20:00:00 0.900784436546 0.0992155634538 1 0 1
2014-05-21T21:00:00 0.900784436546 0.0992155634538 1 0 1
2014-05-21T22:00:00 0.900784436546 0.0992155634538 1 0 1
2014-05-21T23:00:00 0.900784436546 0.0992155634538 1 0 1
2014-05-22T00:00:00 0.776806830761 0.223193169239 2 0 2
2014-05-22T01:00:00 0.776806830761 0.223193169239 2 0 2
2014-05-22T02:00:00 0.652829224976 0.347170775024 1 0 1
2014-05-31T11:00:00 0.774548851371 0.225451148629 13 1 14
2014-06-16T13:00:00 0.785070202295 0.214929797705 3 0 3
2014-06-16T14:00:00 0.86260357125 0.13739642875 3 0 3
2014-06-16T15:00:00 0.936889741622 0.0631102583782 1 0 1
2014-07-04T09:00:00 0.785665170672 0.214334829328 2 0 2
2014-07-04T10:00:00 0.796725322549 0.203274677451 3 0 3
2014-07-04T11:00:00 0.816944354192 0.183055645809 4 0 4
2014-07-04T12:00:00 0.816944354192 0.183055645809 4 0 4
2014-07-04T13:00:00 0.816944354192 0.183055645809 4 0 4
2014-07-04T14:00:00 0.848223537711 0.151776462289 2 0 2
2014-07-04T15:00:00 0.848223537711 0.151776462289 2 0 2
2014-07-04T16:00:00 0.87760144912 0.12239855088 1 0 1
2014-07-04T17:00:00 0.614914366885 0.385085633115 1 0 1
2014-07-04T18:00:00 0.614914366885 0.385085633115 1 0 1
2014-07-04T19:00:00 0.678786879529 0.321213120471 2 0 2
2014-07-04T20:00:00 0.678786879529 0.321213120471 2 0 2
2014-07-04T21:00:00 0.74632566264 0.25367433736 4 0 4
2014-07-04T22:00:00 0.74632566264 0.25367433736 4 0 4
2014-07-04T23:00:00 0.688381317505 0.311618682495 4 1 5
2014-07-07T10:00:00 0.936889741622 0.0631102583782 1 0 1
2014-07-07T11:00:00 0.936889741622 0.0631102583782 1 0 1
2014-07-07T12:00:00 0.936889741622 0.0631102583782 1 0 1
2014-07-07T13:00:00 0.936889741622 0.0631102583782 1 0 1
2014-07-07T14:00:00 0.0 0.0 0 0 0
2014-07-07T15:00:00 0.0 0.0 0 0 0
2014-07-07T16:00:00 0.0 0.0 0 0 0
2014-07-07T17:00:00 0.0 0.0 0 0 0
2014-07-07T18:00:00 0.0 0.0 0 0 0
2014-07-07T19:00:00 0.0 0.0 0 0 0
2014-07-07T20:00:00 0.769266572497 0.230733427503 2 0 2
2014-07-07T21:00:00 0.795099387638 0.204900612362 3 0 3
2014-07-07T22:00:00 0.795099387638 0.204900612362 3 0 3
2014-07-17T09:00:00 0.628065633439 0.371934366561 1 0 1
2014-07-17T10:00:00 0.628065633439 0.371934366561 1 0 1
2014-07-17T11:00:00 0.628065633439 0.371934366561 1 0 1
2014-07-17T12:00:00 0.628065633439 0.371934366561 1 0 1
2014-07-17T13:00:00 0.628065633439 0.371934366561 1 0 1
2014-07-17T14:00:00 0.628065633439 0.371934366561 1 0 1
2014-07-17T15:00:00 0 0 0 0 0
2014-07-17T16:00:00 0 0 0 0 0
2014-07-17T17:00:00 0.0 0.0 0 0 0
2014-07-17T18:00:00 0.0 0.0 0 0 0
2014-07-17T19:00:00 0.76858626871 0.23141373129 1 0 1
2014-07-17T20:00:00 0.76858626871 0.23141373129 1 0 1
2014-07-17T21:00:00 0.76858626871 0.23141373129 1 0 1
2014-07-17T22:00:00 0.737463883476 0.262536116524 2 0 2
2014-07-17T23:00:00 0.737463883476 0.262536116524 2 0 2
2014-07-18T00:00:00 0.737463883476 0.262536116524 2 0 2
2014-07-18T01:00:00 0.706341498241 0.293658501759 1 0 1
2014-07-18T02:00:00 0.706341498241 0.293658501759 1 0 1
2014-07-18T03:00:00 0.706341498241 0.293658501759 1 0 1
2014-07-18T04:00:00 0 0 0 0 0
2014-07-18T05:00:00 0 0 0 0 0
2014-07-18T06:00:00 0 0 0 0 0
2014-07-18T07:00:00 0 0 0 0 0
2014-07-18T08:00:00 0.391227028637 0.608772971363 0 1 1
2014-07-18T09:00:00 0.391227028637 0.608772971363 0 1 1
2014-07-18T10:00:00 0.391227028637 0.608772971363 0 1 1
2014-07-18T11:00:00 0.391227028637 0.608772971363 0 1 1
2014-07-18T12:00:00 0.391227028637 0.608772971363 0 1 1
2014-07-30T09:00:00 0.936889741622 0.0631102583782 1 0 1
2014-07-30T10:00:00 0.936889741622 0.0631102583782 1 0 1
2014-07-30T11:00:00 0.936889741622 0.0631102583782 1 0 1
2014-07-30T12:00:00 0.936889741622 0.0631102583782 1 0 1
2014-07-30T13:00:00 0.936889741622 0.0631102583782 1 0 1
2014-07-30T14:00:00 0.936889741622 0.0631102583782 1 0 1
2014-07-30T15:00:00 0 0 0 0 0
2014-07-30T16:00:00 0 0 0 0 0
2014-07-30T17:00:00 0 0 0 0 0
2014-07-30T18:00:00 0 0 0 0 0
2014-07-30T19:00:00 0 0 0 0 0
2014-07-30T20:00:00 0 0 0 0 0
2014-07-30T21:00:00 0 0 0 0 0
2014-07-30T22:00:00 0 0 0 0 0
2014-07-30T23:00:00 0 0 0 0 0
2014-07-31T00:00:00 0 0 0 0 0
2014-07-31T01:00:00 0 0 0 0 0
2014-07-31T02:00:00 0 0 0 0 0
2014-07-31T17:00:00 0 0 0 0 0
2014-07-31T18:00:00 0.625728719457 0.374271280543 1 0 1
2014-07-31T19:00:00 0.625728719457 0.374271280543 1 0 1
2014-07-31T20:00:00 0.625728719457 0.374271280543 1 0 1
2014-07-31T21:00:00 0.625728719457 0.374271280543 1 0 1
2014-07-31T22:00:00 0.625728719457 0.374271280543 1 0 1
2014-07-31T23:00:00 0.625728719457 0.374271280543 1 0 1
2014-08-01T00:00:00 0 0 0 0 0
2014-08-01T01:00:00 0 0 0 0 0
2014-08-01T02:00:00 0 0 0 0 0
2014-08-01T03:00:00 0 0 0 0 0
2014-08-01T04:00:00 0 0 0 0 0
2014-08-01T05:00:00 0 0 0 0 0
2014-08-01T06:00:00 0 0 0 0 0
2014-08-01T07:00:00 0 0 0 0 0
2014-08-01T08:00:00 0 0 0 0 0
2014-08-01T09:00:00 0 0 0 0 0
2014-08-01T10:00:00 0 0 0 0 0
2014-08-01T11:00:00 0 0 0 0 0
2014-08-01T12:00:00 0 0 0 0 0
2014-08-01T13:00:00 0 0 0 0 0
2014-08-01T14:00:00 0 0 0 0 0
2014-08-01T15:00:00 0 0 0 0 0
2014-08-01T16:00:00 0.643833062003 0.356166937997 1 0 1
2014-08-02T10:00:00 0.742954455075 0.257045544925 1 0 1
2014-08-02T11:00:00 0.78766709892 0.21233290108 2 0 2
2014-08-02T12:00:00 0.738630291158 0.261369708842 3 0 3
2014-08-02T13:00:00 0.738630291158 0.261369708842 3 0 3
2014-08-02T14:00:00 0.738630291158 0.261369708842 3 0 3
2014-08-02T15:00:00 0.739412472957 0.260587527043 3 0 3
2014-08-02T16:00:00 0.64450763206 0.35549236794 3 1 4
2014-08-02T17:00:00 0.581883595158 0.418116404842 2 1 3
2014-08-02T18:00:00 0.552547054921 0.447452945079 1 1 2
2014-08-02T19:00:00 0.61821177003 0.38178822997 2 1 3
2014-08-02T20:00:00 0.624912971347 0.375087028653 3 1 4
2014-08-02T21:00:00 0.584783628305 0.415216371695 2 1 3
2014-08-02T22:00:00 0.697278887774 0.302721112226 2 0 2
2014-08-21T02:00:00 0.635553130245 0.364446869755 5 1 6
2014-08-21T03:00:00 0.635553130245 0.364446869755 5 1 6
2014-08-21T04:00:00 0.601248928876 0.398751071124 5 2 7
2014-08-21T05:00:00 0.594459578601 0.405540421399 3 2 5
2014-08-21T06:00:00 0.692938596893 0.307061403107 3 1 4
2014-08-21T07:00:00 0.621094369291 0.378905630709 1 1 2
2014-08-21T08:00:00 0.408599010302 0.591400989698 1 2 3
2014-08-21T09:00:00 0.549495865441 0.450504134559 3 2 5
2014-08-30T04:00:00 0.822088168704 0.177911831296 5 0 5
2014-08-30T05:00:00 0.826854683491 0.173145316509 4 0 4
2014-08-30T06:00:00 0.848861695117 0.151138304883 5 0 5
2014-08-30T07:00:00 0.825761546495 0.174238453505 6 0 6
2014-08-30T08:00:00 0.820695186613 0.179304813387 5 0 5
2014-08-30T09:00:00 0.790832499702 0.209167500298 7 0 7
2014-08-30T10:00:00 0.789473935236 0.210526064764 9 0 9
2014-08-30T11:00:00 0.807442092048 0.192557907952 14 0 14
2014-09-05T20:00:00 0.721204223034 0.278795776966 30 3 33
2014-09-05T21:00:00 0.721043208613 0.278956791387 30 3 33
2014-09-05T22:00:00 0.713158835154 0.286841164846 28 3 31
2014-09-05T23:00:00 0.720084652294 0.279915347706 28 3 31
2014-09-06T00:00:00 0.714080366312 0.285919633688 25 3 28
2014-09-06T01:00:00 0.688743335436 0.311256664564 18 3 21
2014-09-06T02:00:00 0.7106016684 0.2893983316 13 1 14
2014-09-06T03:00:00 0.712820756494 0.287179243506 10 1 11
2014-09-06T04:00:00 0.705099495558 0.294900504442 6 1 7
2014-09-06T05:00:00 0.713186534081 0.286813465919 3 0 3
2014-09-06T06:00:00 0.611500144467 0.388499855533 1 0 1
2014-09-06T07:00:00 0.596947377095 0.403052622905 4 1 5
2014-09-06T08:00:00 0.581056232754 0.418943767246 5 2 7
2014-09-06T09:00:00 0.643790104102 0.356209895898 9 2 11
2014-09-06T10:00:00 0.680644132663 0.319355867337 12 2 14
2014-09-06T11:00:00 0.707327211649 0.292672788351 16 2 18
2014-09-06T12:00:00 0.727129012032 0.272870987968 22 2 24
2014-09-06T13:00:00 0.759932185926 0.240067814074 21 1 22
2014-09-06T14:00:00 0.778393101709 0.221606898291 22 0 22
2014-09-06T15:00:00 0.786277639291 0.213722360709 21 0 21
2014-09-06T16:00:00 0.782584587436 0.217415412564 21 0 21
2014-09-06T17:00:00 0.787829375082 0.212170624918 17 0 17
2014-09-06T18:00:00 0.745148515845 0.254851484155 14 1 15
2014-09-06T19:00:00 0.733899764508 0.266100235492 14 1 15
2014-09-06T20:00:00 0.729067891687 0.270932108313 14 1 15
2014-09-06T21:00:00 0.71475733486 0.28524266514 13 1 14
2014-09-06T22:00:00 0.694257278622 0.305742721378 10 1 11
2014-09-06T23:00:00 0.698232059194 0.301767940806 10 1 11
2014-09-07T00:00:00 0.739602544397 0.260397455603 7 0 7
2014-09-07T01:00:00 0.741060107644 0.258939892356 5 0 5
2014-09-07T02:00:00 0.76016528081 0.23983471919 4 0 4
2014-09-07T03:00:00 0.77843952589 0.22156047411 3 0 3
2014-09-07T04:00:00 0.77843952589 0.22156047411 3 0 3
2014-09-07T05:00:00 0.759200427133 0.240799572867 2 0 2
2014-09-07T06:00:00 0.740301155534 0.259698844466 3 0 3
2014-09-07T07:00:00 0.740301155534 0.259698844466 3 0 3
2014-09-07T08:00:00 0.734612041427 0.265387958574 2 0 2
2014-09-07T09:00:00 0.478968922563 0.521031077437 1 1 2
2014-09-07T10:00:00 0.604231961551 0.395768038449 2 1 3
2014-09-25T11:00:00 0.816337338697 0.183662661303 2 0 2
2014-10-07T14:00:00 0.743504192472 0.256495807528 4 1 5
2014-10-07T15:00:00 0.715948798007 0.284051201993 6 1 7
2014-10-07T16:00:00 0.686102282463 0.313897717538 6 2 8
2014-10-07T17:00:00 0.731720046047 0.268279953953 12 1 13
2014-10-07T18:00:00 0.703468361313 0.296531638687 15 2 17
2014-10-07T19:00:00 0.751972165478 0.248027834522 21 2 23
2014-10-07T20:00:00 0.747223920974 0.252776079026 23 2 25
2014-10-07T21:00:00 0.747708529957 0.252291470043 20 2 22
2014-10-07T22:00:00 0.746114719943 0.253885280057 22 2 24
2014-10-07T23:00:00 0.739487475905 0.260512524095 16 2 18
2014-10-08T00:00:00 0.731366443541 0.268633556459 12 2 14
2014-10-08T01:00:00 0.612841568237 0.387158431763 6 2 8
2014-10-08T02:00:00 0.58624905459 0.41375094541 4 2 6
2014-10-08T03:00:00 0.58624905459 0.41375094541 4 2 6
2014-10-08T04:00:00 0.489107613671 0.510892386329 1 1 2
2014-10-08T05:00:00 0.281104120614 0.718895879386 0 1 1
2014-10-08T06:00:00 0.0 0.0 0 0 0
2014-10-08T07:00:00 0.936889741622 0.0631102583782 1 0 1
2014-10-08T08:00:00 0.75618326987 0.243816730131 4 0 4
2014-10-08T09:00:00 0.679712084238 0.320287915762 12 1 13
2014-10-08T10:00:00 0.71611664596 0.28388335404 16 1 17
2014-10-08T11:00:00 0.710460462645 0.289539537355 17 1 18
2014-10-08T12:00:00 0.710460462645 0.289539537355 17 1 18
2014-10-08T13:00:00 0.695147907429 0.304852092571 17 1 18
2014-10-08T14:00:00 0.694987933058 0.305012066942 14 1 15
2014-10-08T15:00:00 0.705229207454 0.294770792546 6 1 7
2014-10-08T16:00:00 0.532959521984 0.467040478016 2 1 3
2014-10-08T17:00:00 0.431209258307 0.568790741694 2 2 4
2014-10-08T18:00:00 0.514504480313 0.485495519687 3 2 5
2014-10-08T19:00:00 0.621940002199 0.378059997801 5 2 7
2014-10-08T20:00:00 0.621940002199 0.378059997801 5 2 7
2014-10-08T21:00:00 0.671711757246 0.328288242754 5 1 6
2014-10-08T22:00:00 0.671711757246 0.328288242754 5 1 6
2014-10-08T23:00:00 0.822501682476 0.177498317524 4 0 4
2014-10-09T00:00:00 0.814107120521 0.185892879479 3 0 3
2014-10-09T01:00:00 0.0 0.0 0 0 0
2014-10-09T02:00:00 0.0 0.0 0 0 0
2014-10-09T03:00:00 0 0 0 0 0
2014-10-09T04:00:00 0 0 0 0 0
2014-10-09T05:00:00 0 0 0 0 0
2014-10-09T06:00:00 0 0 0 0 0
2014-10-09T07:00:00 0.374679654992 0.625320345008 0 1 1
2014-10-09T08:00:00 0.728247714207 0.271752285793 2 1 3
2014-10-09T09:00:00 0.701535414183 0.298464585817 3 1 4
2014-10-09T10:00:00 0.699510177987 0.300489822013 5 1 6
2014-10-09T11:00:00 0.717876883683 0.282123116317 6 1 7
2014-10-09T12:00:00 0.734833287889 0.265166712111 7 1 8
2014-10-09T13:00:00 0.775029883294 0.224970116706 8 0 8
2014-10-09T14:00:00 0.731695929787 0.268304070213 6 0 6
2014-10-09T15:00:00 0.784277801039 0.215722198961 6 0 6
2014-10-09T16:00:00 0.828686848761 0.171313151239 4 0 4
2014-10-09T17:00:00 0.828890092395 0.171109907605 3 0 3
2014-10-10T08:00:00 0 0 0 0 0
2014-10-10T09:00:00 0.791217444278 0.208782555722 3 0 3
2014-10-10T10:00:00 0.791217444278 0.208782555722 3 0 3
2014-10-10T11:00:00 0.791217444278 0.208782555722 3 0 3
2014-10-10T12:00:00 0.766021456509 0.233978543491 4 0 4
2014-10-10T13:00:00 0.766021456509 0.233978543491 4 0 4
2014-10-10T14:00:00 0.766021456509 0.233978543491 4 0 4
2014-10-10T15:00:00 0.690433493202 0.309566506798 1 0 1
2014-10-10T16:00:00 0.694094764397 0.305905235603 2 0 2
2014-10-10T17:00:00 0.694094764397 0.305905235603 2 0 2
2014-10-10T18:00:00 0.766950326252 0.233049673748 4 0 4
2014-10-10T19:00:00 0.805364606087 0.194635393913 8 0 8
2014-10-10T20:00:00 0.819978510035 0.180021489965 9 0 9
2014-10-10T21:00:00 0.811793196569 0.188206803431 10 0 10
2014-10-10T22:00:00 0.824463992233 0.175536007767 9 0 9
2014-10-10T23:00:00 0.824463992233 0.175536007767 9 0 9
2014-10-11T00:00:00 0.813859699503 0.186140300497 7 0 7
2014-10-11T01:00:00 0.837507558495 0.162492441505 2 0 2
2014-10-11T02:00:00 0.738125375368 0.261874624632 1 0 1
2014-10-11T03:00:00 0 0 0 0 0
2014-10-11T04:00:00 0 0 0 0 0
2014-10-11T05:00:00 0 0 0 0 0
2014-10-11T06:00:00 0 0 0 0 0
2014-10-18T12:00:00 0.714396038082 0.285603961918 7 0 7
2014-10-18T13:00:00 0.714396038082 0.285603961918 7 0 7
2014-10-18T14:00:00 0.714396038082 0.285603961918 7 0 7
2014-10-18T15:00:00 0.677313754159 0.322686245841 6 0 6
2014-10-18T16:00:00 0.662627551958 0.337372448042 5 0 5
2014-10-18T17:00:00 0.715888032606 0.284111967394 7 0 7
2014-10-18T18:00:00 0.778886819725 0.221113180275 10 0 10
2014-10-18T19:00:00 0.776846755307 0.223153244694 13 0 13
2014-10-18T20:00:00 0.788278397186 0.211721602814 14 0 14
2014-10-18T21:00:00 0.788926295341 0.211073704659 15 0 15
2014-10-18T22:00:00 0.809539069381 0.190460930619 15 0 15
2014-10-18T23:00:00 0.83325587183 0.16674412817 11 0 11
2014-10-19T00:00:00 0.830319329082 0.169680670919 6 0 6
2014-10-19T01:00:00 0.890592117583 0.109407882417 3 0 3
2014-10-19T02:00:00 0.867443305564 0.132556694436 2 0 2
2014-10-19T03:00:00 0.936889741622 0.0631102583782 1 0 1
2014-10-19T04:00:00 0.0 0.0 0 0 0
2014-10-19T05:00:00 0 0 0 0 0
2014-10-19T06:00:00 0 0 0 0 0
2014-10-19T07:00:00 0 0 0 0 0
2014-10-19T08:00:00 0.734658540637 0.265341459363 1 0 1
2014-10-19T09:00:00 0.689423077218 0.310576922782 3 0 3
2014-10-19T10:00:00 0.656703031784 0.343296968216 5 0 5
2014-10-19T11:00:00 0.685080675064 0.314919324936 6 0 6
2014-10-19T12:00:00 0.699153876713 0.300846123287 9 0 9
2014-10-19T13:00:00 0.712135665313 0.287864334687 11 0 11
2014-10-19T14:00:00 0.721019410961 0.278980589039 11 0 11
2014-10-19T15:00:00 0.733066981062 0.266933018938 9 0 9
2014-10-19T16:00:00 0.747930921339 0.252069078661 9 0 9
2014-10-19T17:00:00 0.738051175073 0.261948824927 8 0 8
2014-10-19T18:00:00 0.72577079558 0.27422920442 6 0 6
2014-10-19T19:00:00 0.806005815727 0.193994184273 8 0 8
2014-10-19T20:00:00 0.819069565584 0.180930434416 8 0 8
2014-10-19T21:00:00 0.819069565584 0.180930434416 8 0 8
2014-10-19T22:00:00 0.867255855819 0.132744144181 6 0 6
2014-10-19T23:00:00 0.867255855819 0.132744144181 6 0 6
2014-10-23T13:00:00 0.0 0.0 0 0 0
2014-10-23T14:00:00 0.0 0.0 0 0 0
2014-10-23T15:00:00 0.0 0.0 0 0 0
2014-10-23T16:00:00 0.0 0.0 0 0 0
2014-10-23T17:00:00 0.0 0.0 0 0 0
2014-10-23T18:00:00 0.836273134989 0.163726865011 1 0 1
2014-10-23T19:00:00 0.759057235434 0.240942764566 2 0 2
2014-10-23T20:00:00 0.74873512383 0.25126487617 3 0 3
2014-10-23T21:00:00 0.765174694512 0.234825305488 4 0 4
2014-10-23T22:00:00 0.765174694512 0.234825305488 4 0 4
2014-10-23T23:00:00 0.764074751 0.235925249 5 0 5
2014-10-24T00:00:00 0.746025155003 0.253974844997 4 0 4
2014-10-24T01:00:00 0.767419761378 0.232580238622 3 0 3
2014-10-24T02:00:00 0.787084191756 0.212915808245 2 0 2
2014-10-24T03:00:00 0.759674976954 0.240325023046 1 0 1
2014-10-24T04:00:00 0.759674976954 0.240325023046 1 0 1
2014-10-24T05:00:00 0 0 0 0 0
2014-10-24T06:00:00 0 0 0 0 0
2014-10-24T07:00:00 0.641658643566 0.358341356434 1 0 1
2014-10-24T08:00:00 0.72198307488 0.27801692512 3 0 3
2014-10-24T09:00:00 0.71642174273 0.28357825727 5 0 5
2014-10-24T10:00:00 0.74349942047 0.25650057953 7 0 7
2014-10-24T11:00:00 0.728461737642 0.271538262358 8 0 8
2014-10-24T12:00:00 0.728461737642 0.271538262358 8 0 8
2014-10-24T13:00:00 0.740862179652 0.259137820348 7 0 7
2014-10-24T14:00:00 0.732348935298 0.267651064702 5 0 5
2014-10-24T15:00:00 0.748528395828 0.251471604172 3 0 3
2014-10-24T16:00:00 0.675617972255 0.324382027745 2 0 2
2014-10-24T17:00:00 0.72803798667 0.27196201333 1 0 1
2014-10-24T18:00:00 0.74970617842 0.250293821579 2 0 2
2014-10-24T19:00:00 0.716396410343 0.283603589657 5 0 5
2014-10-24T20:00:00 0.715257019011 0.284742980989 6 0 6
2014-10-24T21:00:00 0.72042124222 0.27957875778 9 0 9
2014-10-24T22:00:00 0.718890018189 0.281109981811 9 0 9
2014-10-24T23:00:00 0.718890018189 0.281109981811 9 0 9
2014-10-25T00:00:00 0.712329474191 0.287670525809 8 0 8
2014-10-25T01:00:00 0.723213219731 0.276786780269 5 0 5
2014-10-25T02:00:00 0.726626509077 0.273373490923 4 0 4
2014-10-25T03:00:00 0.714256970387 0.285743029613 1 0 1
2014-10-25T04:00:00 0 0 0 0 0
2014-10-25T05:00:00 0.762565471355 0.237434528645 1 0 1
2014-10-25T06:00:00 0.762565471355 0.237434528645 1 0 1
2014-10-25T07:00:00 0.762565471355 0.237434528645 1 0 1
2014-10-25T08:00:00 0.849727606488 0.150272393512 2 0 2
2014-10-25T09:00:00 0.773881195372 0.226118804629 4 0 4
2014-10-25T10:00:00 0.747738718165 0.252261281835 7 0 7
2014-10-25T11:00:00 0.771121060023 0.228878939977 11 0 11
2014-10-25T12:00:00 0.746423928583 0.253576071417 14 1 15
2014-10-25T13:00:00 0.758703700736 0.241296299264 17 1 18
2014-10-25T14:00:00 0.745334637938 0.254665362062 17 1 18
2014-10-25T15:00:00 0.753308057303 0.246691942697 16 1 17
2014-10-25T16:00:00 0.76197076632 0.23802923368 13 1 14
2014-10-29T16:00:00 0 0 0 0 0
2014-10-29T17:00:00 0 0 0 0 0
2014-10-29T18:00:00 0 0 0 0 0
2014-10-29T19:00:00 0 0 0 0 0
2014-10-29T20:00:00 0 0 0 0 0
2014-10-29T21:00:00 0 0 0 0 0
2014-10-29T22:00:00 0 0 0 0 0
2014-10-29T23:00:00 0 0 0 0 0
2014-10-30T00:00:00 0 0 0 0 0
2014-10-30T01:00:00 0 0 0 0 0
2014-10-30T02:00:00 0 0 0 0 0
2014-10-30T03:00:00 0 0 0 0 0
2014-10-30T04:00:00 0 0 0 0 0
2014-10-30T05:00:00 0 0 0 0 0
2014-10-30T06:00:00 0 0 0 0 0
2014-10-30T07:00:00 0 0 0 0 0
2014-10-30T08:00:00 0 0 0 0 0
2014-10-30T09:00:00 0 0 0 0 0
2014-10-30T10:00:00 0 0 0 0 0
2014-10-30T11:00:00 0 0 0 0 0
2014-10-30T12:00:00 0 0 0 0 0
2014-10-30T13:00:00 0 0 0 0 0
2014-10-30T14:00:00 0 0 0 0 0
2014-10-31T05:00:00 0 0 0 0 0
2014-10-31T06:00:00 0 0 0 0 0
2014-10-31T07:00:00 0 0 0 0 0
2014-10-31T08:00:00 0 0 0 0 0
2014-10-31T09:00:00 0 0 0 0 0
2014-10-31T10:00:00 0 0 0 0 0
2014-10-31T11:00:00 0 0 0 0 0
2014-10-31T12:00:00 0 0 0 0 0
2014-10-31T13:00:00 0 0 0 0 0
