2013-06-05T04:00:00 0 0 0 0 0
2013-06-05T03:00:00 0 0 0 0 0
2013-06-05T02:00:00 0 0 0 0 0
2013-06-05T01:00:00 0 0 0 0 0
2013-06-05T00:00:00 0 0 0 0 0
2013-06-04T23:00:00 0 0 0 0 0
2013-06-04T22:00:00 0 0 0 0 0
2013-06-04T21:00:00 0 0 0 0 0
2013-06-04T20:00:00 0 0 0 0 0
2013-06-04T19:00:00 0 0 0 0 0
2013-06-04T18:00:00 0 0 0 0 0
2013-06-04T17:00:00 0 0 0 0 0
2013-06-09T13:00:00 0 0 0 0 0
2013-06-09T12:00:00 0 0 0 0 0
2013-06-09T11:00:00 0 0 0 0 0
2013-06-09T10:00:00 0 0 0 0 0
2013-06-09T09:00:00 0 0 0 0 0
2013-06-09T08:00:00 0 0 0 0 0
2013-06-09T07:00:00 0 0 0 0 0
2013-06-09T06:00:00 0 0 0 0 0
2013-06-09T05:00:00 0 0 0 0 0
2013-06-09T04:00:00 0 0 0 0 0
2013-06-09T03:00:00 0 0 0 0 0
2013-06-09T02:00:00 0 0 0 0 0
2013-06-17T10:00:00 0 0 0 0 0
2013-06-17T09:00:00 0 0 0 0 0
2013-06-17T08:00:00 0 0 0 0 0
2013-06-17T07:00:00 0 0 0 0 0
2013-06-17T06:00:00 0 0 0 0 0
2013-06-17T05:00:00 0 0 0 0 0
2013-06-17T04:00:00 0 0 0 0 0
2013-06-17T03:00:00 0 0 0 0 0
2013-06-17T02:00:00 0 0 0 0 0
2013-06-17T01:00:00 0 0 0 0 0
2013-06-17T00:00:00 0 0 0 0 0
2013-06-16T23:00:00 0 0 0 0 0
2013-06-27T13:00:00 0 0 0 0 0
2013-06-27T12:00:00 0 0 0 0 0
2013-06-27T11:00:00 0 0 0 0 0
2013-06-27T10:00:00 0 0 0 0 0
2013-06-27T09:00:00 0 0 0 0 0
2013-06-27T08:00:00 0 0 0 0 0
2013-06-27T07:00:00 0 0 0 0 0
2013-06-27T06:00:00 0 0 0 0 0
2013-06-27T05:00:00 0 0 0 0 0
2013-06-27T04:00:00 0 0 0 0 0
2013-06-27T03:00:00 0 0 0 0 0
2013-06-27T02:00:00 0 0 0 0 0
2013-07-20T09:00:00 0.727524394103 0.272475605897 2 0 2
2013-07-20T08:00:00 0 0 0 0 0
2013-07-20T07:00:00 0 0 0 0 0
2013-07-20T06:00:00 0 0 0 0 0
2013-07-20T05:00:00 0 0 0 0 0
2013-07-20T04:00:00 0 0 0 0 0
2013-07-20T03:00:00 0 0 0 0 0
2013-07-20T02:00:00 0.828481284149 0.171518715851 1 0 1
2013-07-20T01:00:00 0.828481284149 0.171518715851 1 0 1
2013-07-20T00:00:00 0.828481284149 0.171518715851 1 0 1
2013-07-19T23:00:00 0.828481284149 0.171518715851 1 0 1
2013-07-19T22:00:00 0.828481284149 0.171518715851 1 0 1
2013-08-17T09:00:00 0.799460017726 0.200539982274 5 0 5
2013-08-17T08:00:00 0.793514612029 0.206485387971 3 0 3
2013-08-17T07:00:00 0.806262126905 0.193737873096 2 0 2
2013-08-17T06:00:00 0.693901967651 0.306098032348 2 0 2
2013-08-17T05:00:00 0.693901967651 0.306098032348 2 0 2
2013-08-17T04:00:00 0.709415981556 0.290584018444 6 0 6
2013-08-17T03:00:00 0.709415981556 0.290584018444 6 0 6
2013-08-17T02:00:00 0.741912232994 0.258087767006 7 0 7
2013-08-17T01:00:00 0.752958519795 0.247041480205 6 0 6
2013-08-17T00:00:00 0.764632964401 0.235367035599 8 0 8
2013-08-16T23:00:00 0.764632964401 0.235367035599 8 0 8
2013-08-16T22:00:00 0.812092940293 0.187907059707 4 0 4
2013-09-13T09:00:00 0 0 0 0 0
2013-09-13T08:00:00 0 0 0 0 0
2013-09-13T07:00:00 0 0 0 0 0
2013-09-13T06:00:00 0 0 0 0 0
2013-09-13T05:00:00 0 0 0 0 0
2013-09-13T04:00:00 0 0 0 0 0
2013-09-13T03:00:00 0 0 0 0 0
2013-09-13T02:00:00 0.93410027564 0.0658997243604 1 0 1
2013-09-13T01:00:00 0.93410027564 0.0658997243604 1 0 1
2013-09-13T00:00:00 0.93410027564 0.0658997243604 1 0 1
2013-09-12T23:00:00 0.935495008631 0.0645049913693 2 0 2
2013-09-12T22:00:00 0.935495008631 0.0645049913693 2 0 2
2013-10-07T17:00:00 0.872485157267 0.127514842733 3 0 3
2013-10-07T16:00:00 0.838374118991 0.161625881009 4 0 4
2013-10-07T15:00:00 0.774112539259 0.225887460741 3 0 3
2013-10-07T14:00:00 0.611588442198 0.388411557802 3 1 4
2013-10-07T13:00:00 0.611588442198 0.388411557802 3 1 4
2013-10-07T12:00:00 0.611588442198 0.388411557802 3 1 4
2013-10-07T11:00:00 0.553632199004 0.446367800996 2 1 3
2013-10-07T10:00:00 0.462427796424 0.537572203575 1 1 2
2013-10-07T09:00:00 0.124016151014 0.875983848986 0 1 1
2013-10-07T08:00:00 0 0 0 0 0
2013-10-07T07:00:00 0.759923574505 0.240076425495 1 0 1
2013-10-07T06:00:00 0.759923574505 0.240076425495 1 0 1
2013-10-10T17:00:00 0.0 0.0 0 0 0
2013-10-10T16:00:00 0.0 0.0 0 0 0
2013-10-10T15:00:00 0.0 0.0 0 0 0
2013-10-10T14:00:00 0.0 0.0 0 0 0
2013-10-10T13:00:00 0 0 0 0 0
2013-10-10T12:00:00 0 0 0 0 0
2013-10-10T11:00:00 0 0 0 0 0
2013-10-10T10:00:00 0 0 0 0 0
2013-10-10T09:00:00 0 0 0 0 0
2013-10-10T08:00:00 0 0 0 0 0
2013-10-10T07:00:00 0 0 0 0 0
2013-10-10T06:00:00 0 0 0 0 0
2013-10-19T18:00:00 0.936889741622 0.0631102583782 1 0 1
2013-10-19T17:00:00 0 0 0 0 0
2013-10-19T16:00:00 0.642783901263 0.357216098737 1 0 1
2013-10-19T15:00:00 0.643789389951 0.356210610048 2 0 2
2013-10-19T14:00:00 0.723847096866 0.276152903134 4 0 4
2013-10-19T13:00:00 0.723847096866 0.276152903134 4 0 4
2013-10-19T12:00:00 0.730827728592 0.269172271408 5 0 5
2013-10-19T11:00:00 0.730827728592 0.269172271408 5 0 5
2013-10-19T10:00:00 0.752838685425 0.247161314575 4 0 4
2013-10-19T09:00:00 0.788853287686 0.211146712314 3 0 3
2013-10-29T17:00:00 0.75225933696 0.24774066304 1 0 1
2013-10-29T16:00:00 0.75225933696 0.24774066304 1 0 1
2013-10-29T15:00:00 0.75225933696 0.24774066304 1 0 1
2013-10-29T14:00:00 0 0 0 0 0
2013-10-29T13:00:00 0 0 0 0 0
2013-10-29T12:00:00 0 0 0 0 0
2013-10-29T11:00:00 0 0 0 0 0
2013-10-29T10:00:00 0 0 0 0 0
2013-10-29T09:00:00 0 0 0 0 0
2013-10-29T08:00:00 0 0 0 0 0
2013-10-29T07:00:00 0 0 0 0 0
2013-10-29T06:00:00 0.723706327863 0.276293672137 1 0 1
2013-11-09T19:00:00 0.648564161536 0.351435838464 3 1 4
2013-11-09T18:00:00 0.879893782535 0.120106217465 3 0 3
2013-11-09T17:00:00 0.879893782535 0.120106217465 3 0 3
2013-11-09T16:00:00 0.917416327629 0.0825836723708 3 0 3
2013-11-09T15:00:00 0.917416327629 0.0825836723708 3 0 3
2013-11-09T14:00:00 0.917416327629 0.0825836723708 3 0 3
2013-11-09T13:00:00 0.936889741622 0.0631102583782 2 0 2
2013-11-09T12:00:00 0.936889741622 0.0631102583782 1 0 1
2013-11-09T11:00:00 0.936889741622 0.0631102583782 1 0 1
2013-11-09T10:00:00 0 0 0 0 0
2013-11-09T09:00:00 0 0 0 0 0
2013-11-09T08:00:00 0 0 0 0 0
2013-11-14T16:00:00 0.767130176346 0.232869823654 13 0 13
2013-11-14T15:00:00 0.777450529846 0.222549470154 12 0 12
2013-11-14T14:00:00 0.808277155286 0.191722844715 10 0 10
2013-11-14T13:00:00 0.824750980354 0.175249019646 9 0 9
2013-11-14T12:00:00 0.817203045327 0.182796954674 10 0 10
2013-11-14T11:00:00 0.82395437713 0.17604562287 9 0 9
2013-11-14T10:00:00 0.807854417025 0.192145582975 7 0 7
2013-11-14T09:00:00 0.797564122554 0.202435877445 6 0 6
2013-11-14T08:00:00 0.75600183364 0.24399816636 3 0 3
2013-11-24T17:00:00 0.846886294537 0.153113705463 5 0 5
2013-11-24T16:00:00 0.836108923647 0.163891076353 4 0 4
2013-11-24T15:00:00 0.756441059094 0.243558940906 1 0 1
2013-11-24T14:00:00 0.780850933232 0.219149066768 2 0 2
2013-11-24T13:00:00 0.80526080737 0.19473919263 1 0 1
2013-11-24T12:00:00 0.80526080737 0.19473919263 1 0 1
2013-11-24T11:00:00 0.80526080737 0.19473919263 1 0 1
2013-11-24T10:00:00 0.80526080737 0.19473919263 1 0 1
2013-11-24T09:00:00 0.80526080737 0.19473919263 1 0 1
2013-11-24T08:00:00 0 0 0 0 0
2013-11-24T07:00:00 0 0 0 0 0
2013-11-24T06:00:00 0 0 0 0 0
2013-12-09T06:00:00 0.702376417229 0.29762358277 2 0 2
2013-12-09T05:00:00 0.702376417229 0.29762358277 2 0 2
2013-12-09T04:00:00 0.703221792797 0.296778207203 2 0 2
2013-12-09T03:00:00 0.703221792797 0.296778207203 2 0 2
2013-12-09T02:00:00 0.735605799734 0.264394200266 4 0 4
2013-12-09T01:00:00 0.753533709597 0.246466290403 11 0 11
2013-12-09T00:00:00 0.788599274291 0.211400725709 16 0 16
2013-12-08T23:00:00 0.780344102027 0.219655897973 20 0 20
2013-12-08T22:00:00 0.77113362623 0.22886637377 24 0 24
2013-12-08T21:00:00 0.767220497293 0.232779502707 30 0 30
2013-12-08T20:00:00 0.766223473106 0.233776526894 30 0 30
2013-12-08T19:00:00 0.776781651391 0.223218348609 28 0 28
2013-12-26T04:00:00 0.637694085675 0.362305914325 3 1 4
2013-12-26T03:00:00 0.637694085675 0.362305914325 3 1 4
2013-12-26T02:00:00 0.686556811296 0.313443188704 5 1 6
2013-12-26T01:00:00 0.714042952751 0.285957047249 9 1 10
2013-12-26T00:00:00 0.752757865054 0.247242134946 17 1 18
2013-12-25T23:00:00 0.773122419206 0.226877580795 25 1 26
2013-12-25T22:00:00 0.790690246151 0.20930975385 27 0 27
2013-12-25T21:00:00 0.790690246151 0.20930975385 27 0 27
2013-12-25T20:00:00 0.784224038614 0.215775961386 26 0 26
2013-12-25T19:00:00 0.789488015647 0.210511984353 22 0 22
2013-12-25T18:00:00 0.795814064561 0.204185935439 11 0 11
2013-12-25T17:00:00 0.738659432747 0.261340567253 4 0 4
2014-01-03T01:00:00 0.762533583791 0.237466416209 23 0 23
2014-01-03T00:00:00 0.759351336067 0.240648663933 21 0 21
2014-01-02T23:00:00 0.737875463858 0.262124536142 19 1 20
2014-01-02T22:00:00 0.726173724367 0.273826275633 16 1 17
2014-01-02T21:00:00 0.700141484283 0.299858515717 12 1 13
2014-01-02T20:00:00 0.701192184669 0.298807815331 10 1 11
2014-01-02T19:00:00 0.715218875471 0.284781124529 8 1 9
2014-01-02T18:00:00 0.717300483805 0.282699516195 9 2 11
2014-01-02T17:00:00 0.78510947657 0.214890523429 9 1 10
2014-01-02T16:00:00 0.823384689398 0.176615310602 11 1 12
2014-01-02T15:00:00 0.824434478543 0.175565521457 11 1 12
2014-01-02T14:00:00 0.81648360216 0.183516397839 10 1 11
2014-01-05T05:00:00 0.756441059094 0.243558940906 6 0 6
2014-01-05T04:00:00 0.756441059094 0.243558940906 6 0 6
2014-01-05T03:00:00 0.756441059094 0.243558940906 6 0 6
2014-01-05T02:00:00 0.756163618672 0.243836381328 7 0 7
2014-01-05T01:00:00 0.756052642503 0.243947357497 5 0 5
2014-01-05T00:00:00 0.757369744401 0.242630255599 5 0 5
2014-01-04T23:00:00 0.757104405742 0.242895594258 7 0 7
2014-01-04T22:00:00 0.78288278896 0.21711721104 7 0 7
2014-01-04T21:00:00 0.786535939071 0.213464060929 9 0 9
2014-01-04T20:00:00 0.757313566517 0.242686433483 11 0 11
2014-01-04T19:00:00 0.74733283904 0.25266716096 12 0 12
2014-01-04T18:00:00 0.744852644081 0.25514735592 10 0 10
2014-01-19T21:00:00 0.811198340323 0.188801659677 10 0 10
2014-01-19T20:00:00 0.795977947261 0.204022052739 7 0 7
2014-01-19T19:00:00 0.795977947261 0.204022052739 7 0 7
2014-01-19T18:00:00 0.781158656504 0.218841343496 6 1 7
2014-01-19T17:00:00 0.735771418201 0.264228581799 3 1 4
2014-01-19T16:00:00 0.704818741167 0.295181258833 2 1 3
2014-01-19T15:00:00 0.704818741167 0.295181258833 2 1 3
2014-01-19T14:00:00 0.704818741167 0.295181258833 2 1 3
2014-01-19T13:00:00 0.73068833584 0.26931166416 4 1 5
2014-01-19T12:00:00 0.787615137066 0.212384862934 3 0 3
2014-01-19T11:00:00 0.769492727849 0.230507272151 2 0 2
2014-01-19T10:00:00 0.769492727849 0.230507272151 2 0 2
2014-01-24T13:00:00 0.720553840253 0.279446159747 5 0 5
2014-01-24T12:00:00 0.732998175377 0.267001824623 6 0 6
2014-01-24T11:00:00 0.749689677429 0.250310322571 7 0 7
2014-01-24T10:00:00 0.73124043201 0.26875956799 8 0 8
2014-01-24T09:00:00 0.751632134848 0.248367865152 9 0 9
2014-01-24T08:00:00 0.754879515394 0.245120484606 11 0 11
2014-01-24T07:00:00 0.769492727849 0.230507272151 12 0 12
2014-01-24T06:00:00 0.769492727849 0.230507272151 12 0 12
2014-01-24T05:00:00 0.756883039722 0.243116960278 11 0 11
2014-01-24T04:00:00 0.754080886804 0.245919113196 9 0 9
2014-01-24T03:00:00 0.749677503649 0.250322496351 7 0 7
2014-01-24T02:00:00 0.741751413969 0.258248586031 5 0 5
2014-01-30T02:00:00 0.77710168048 0.22289831952 2 0 2
2014-01-30T01:00:00 0.77710168048 0.22289831952 2 0 2
2014-01-30T00:00:00 0.785987573685 0.214012426315 1 0 1
2014-01-29T23:00:00 0.785987573685 0.214012426315 1 0 1
2014-01-29T22:00:00 0.576830863789 0.423169136211 2 1 3
2014-01-29T21:00:00 0.472252508841 0.527747491159 1 1 2
2014-01-29T20:00:00 0.472252508841 0.527747491159 1 1 2
2014-01-29T19:00:00 0.472252508841 0.527747491159 1 1 2
2014-01-29T18:00:00 0.472252508841 0.527747491159 1 1 2
2014-01-29T17:00:00 0.583255275018 0.416744724982 2 1 3
2014-01-29T16:00:00 0.763658788702 0.236341211298 2 0 2
2014-01-29T15:00:00 0.713155224091 0.286844775909 3 0 3
2014-02-02T09:00:00 0.0 0.0 0 0 0
2014-02-02T08:00:00 0 0 0 0 0
2014-02-02T07:00:00 0 0 0 0 0
2014-02-02T06:00:00 0 0 0 0 0
2014-02-02T05:00:00 0 0 0 0 0
2014-02-02T04:00:00 0.336232579833 0.663767420167 0 1 1
2014-02-02T03:00:00 0.336232579833 0.663767420167 0 1 1
2014-02-02T02:00:00 0.336232579833 0.663767420167 0 1 1
2014-02-02T01:00:00 0.505387825465 0.494612174535 1 1 2
2014-02-02T00:00:00 0.505387825465 0.494612174535 1 1 2
2014-02-01T23:00:00 0.505387825465 0.494612174535 1 1 2
2014-02-01T22:00:00 0.674543071097 0.325456928903 1 0 1
2014-02-12T07:00:00 0 0 0 0 0
2014-02-12T06:00:00 0 0 0 0 0
2014-02-12T05:00:00 0.755293125238 0.244706874762 3 0 3
2014-02-12T04:00:00 0.755293125238 0.244706874762 3 0 3
2014-02-12T03:00:00 0.761992038414 0.238007961586 5 0 5
2014-02-12T02:00:00 0.761992038414 0.238007961586 5 0 5
2014-02-12T01:00:00 0.761992038414 0.238007961586 5 0 5
2014-02-12T00:00:00 0.761992038414 0.238007961586 5 0 5
2014-02-11T23:00:00 0.772040408178 0.227959591822 2 0 2
2014-02-11T22:00:00 0.770765534543 0.229234465457 3 0 3
2014-02-11T21:00:00 0.768215787274 0.231784212726 1 0 1
2014-02-11T20:00:00 0.714880504157 0.285119495843 2 0 2
2014-02-17T04:00:00 0.769237339734 0.230762660266 5 0 5
2014-02-17T03:00:00 0.772321164085 0.227678835915 6 0 6
2014-02-17T02:00:00 0.791115527026 0.208884472974 7 0 7
2014-02-17T01:00:00 0.810413820315 0.189586179685 9 0 9
2014-02-17T00:00:00 0.805257196789 0.194742803211 11 0 11
2014-02-16T23:00:00 0.80016089508 0.19983910492 14 0 14
2014-02-16T22:00:00 0.823161422681 0.176838577319 15 0 15
2014-02-16T21:00:00 0.815253156761 0.184746843239 15 0 15
2014-02-16T20:00:00 0.728989621357 0.271010378643 14 2 16
2014-02-16T19:00:00 0.712945769335 0.287054230666 13 2 15
2014-02-16T18:00:00 0.696822164241 0.303177835759 10 2 12
2014-02-16T17:00:00 0.668604733828 0.331395266172 7 2 9
2014-03-04T04:00:00 0.679991360456 0.320008639544 2 0 2
2014-03-04T03:00:00 0.679991360456 0.320008639544 2 0 2
2014-03-04T02:00:00 0.60789888906 0.39210111094 1 0 1
2014-03-04T01:00:00 0.666144662083 0.333855337917 3 0 3
2014-03-04T00:00:00 0.653028395713 0.346971604287 4 1 5
2014-03-03T23:00:00 0.664426428458 0.335573571542 5 1 6
2014-03-03T22:00:00 0.694376955641 0.305623044359 5 1 6
2014-03-03T21:00:00 0.712874527049 0.287125472951 6 1 7
2014-03-03T20:00:00 0.712874527049 0.287125472951 6 1 7
2014-03-03T19:00:00 0.71991731843 0.28008268157 4 1 5
2014-03-03T18:00:00 0.818725659391 0.181274340609 5 0 5
2014-03-03T17:00:00 0.843052926194 0.156947073807 4 0 4
2014-04-01T14:00:00 0.787389777968 0.212610222032 28 2 30
2014-04-01T13:00:00 0.806538441724 0.193461558276 42 2 44
2014-04-01T12:00:00 0.806538441724 0.193461558276 42 2 44
2014-04-01T11:00:00 0.8040883097 0.1959116903 41 2 43
2014-04-01T10:00:00 0.80069775144 0.19930224856 36 2 38
2014-04-01T09:00:00 0.818382271683 0.181617728317 28 1 29
2014-04-01T08:00:00 0.838902727652 0.161097272348 15 0 15
2014-04-01T07:00:00 0 0 0 0 0
2014-04-01T06:00:00 0 0 0 0 0
2014-04-01T05:00:00 0 0 0 0 0
2014-04-15T08:00:00 0.767247269675 0.232752730325 9 0 9
2014-04-15T07:00:00 0.769675147931 0.230324852069 7 0 7
2014-04-15T06:00:00 0.769492727849 0.230507272151 8 0 8
2014-04-15T05:00:00 0.767820447238 0.232179552762 10 0 10
2014-04-15T04:00:00 0.773164233763 0.226835766237 11 0 11
2014-04-15T03:00:00 0.783835161627 0.216164838373 13 0 13
2014-04-15T02:00:00 0.785591714697 0.214408285303 12 0 12
2014-04-15T01:00:00 0.753183213595 0.246816786405 13 1 14
2014-04-14T23:00:00 0.746986991148 0.253013008852 16 1 17
2014-04-14T22:00:00 0.744624237759 0.255375762241 15 1 16
2014-04-14T21:00:00 0.737472408266 0.262527591734 15 1 16
2014-04-23T19:00:00 0.728708214043 0.271291785957 7 0 7
2014-04-23T18:00:00 0.719799950789 0.280200049211 6 0 6
2014-04-23T17:00:00 0.703505424931 0.296494575069 4 0 4
2014-04-23T16:00:00 0.726815428719 0.273184571281 3 0 3
2014-04-23T15:00:00 0.676710214043 0.323289785957 5 1 6
2014-04-23T14:00:00 0.740301674505 0.259698325494 8 1 9
2014-04-23T13:00:00 0.720481021378 0.279518978622 11 1 12
2014-04-23T12:00:00 0.727645679285 0.272354320715 12 1 13
2014-04-23T11:00:00 0.727645679285 0.272354320715 12 1 13
2014-04-23T10:00:00 0.717547039635 0.282452960365 10 1 11
2014-04-23T09:00:00 0.751650304736 0.248349695264 8 0 8
2014-04-23T08:00:00 0.69916969004 0.30083030996 4 0 4
2014-05-16T00:00:00 0 0 0 0 0
2014-05-15T23:00:00 0 0 0 0 0
2014-05-15T22:00:00 0 0 0 0 0
2014-05-15T21:00:00 0 0 0 0 0
2014-05-15T20:00:00 0 0 0 0 0
2014-05-15T19:00:00 0 0 0 0 0
2014-05-15T18:00:00 0 0 0 0 0
2014-05-15T17:00:00 0 0 0 0 0
2014-05-15T16:00:00 0 0 0 0 0
2014-05-15T15:00:00 0 0 0 0 0
2014-05-15T14:00:00 0 0 0 0 0
2014-05-20T06:00:00 0 0 0 0 0
2014-05-20T05:00:00 0 0 0 0 0
2014-05-20T04:00:00 0 0 0 0 0
2014-05-20T03:00:00 0.615894275439 0.384105724561 1 0 1
2014-05-20T02:00:00 0.615894275439 0.384105724561 1 0 1
2014-05-20T01:00:00 0.615894275439 0.384105724561 1 0 1
2014-05-20T00:00:00 0.615894275439 0.384105724561 1 0 1
2014-05-19T23:00:00 0.615894275439 0.384105724561 1 0 1
2014-05-19T22:00:00 0.615894275439 0.384105724561 1 0 1
2014-05-19T21:00:00 0 0 0 0 0
2014-05-19T20:00:00 0 0 0 0 0
2014-05-19T19:00:00 0 0 0 0 0
2014-05-22T14:00:00 0.712640417398 0.287359582602 3 0 3
2014-05-22T13:00:00 0.818156171482 0.181843828518 6 0 6
2014-05-22T12:00:00 0.833556942597 0.166443057404 6 0 6
2014-05-22T11:00:00 0.833556942597 0.166443057404 6 0 6
2014-05-22T10:00:00 0.849075973823 0.150924026177 5 0 5
2014-05-22T09:00:00 0.849075973823 0.150924026177 5 0 5
2014-05-22T08:00:00 0.881432988943 0.118567011057 4 0 4
2014-05-22T07:00:00 0.754716179077 0.245283820923 1 0 1
2014-05-22T06:00:00 0 0 0 0 0
2014-05-22T05:00:00 0.652829224976 0.347170775024 1 0 1
2014-05-22T04:00:00 0.652829224976 0.347170775024 1 0 1
2014-05-22T03:00:00 0.652829224976 0.347170775024 1 0 1
2014-05-31T23:00:00 0.728825234614 0.271174765386 5 1 6
2014-05-31T22:00:00 0.796905024438 0.203094975562 5 0 5
2014-05-31T21:00:00 0.805716406359 0.194283593641 2 0 2
2014-05-31T20:00:00 0.848485304015 0.151514695985 4 0 4
2014-05-31T19:00:00 0.826702817459 0.173297182541 5 0 5
2014-05-31T18:00:00 0.826702817459 0.173297182541 5 0 5
2014-05-31T17:00:00 0.784679742458 0.215320257542 5 0 5
2014-05-31T16:00:00 0.754410887646 0.245589112354 6 0 6
2014-05-31T15:00:00 0.76451634677 0.23548365323 12 0 12
2014-05-31T14:00:00 0.78331478541 0.21668521459 13 0 13
2014-05-31T13:00:00 0.79937533391 0.20062466609 14 0 14
2014-05-31T12:00:00 0.77136388572 0.22863611428 14 1 15
2014-06-17T03:00:00 0.0 0.0 0 0 0
2014-06-17T02:00:00 0.0 0.0 0 0 0
2014-06-17T01:00:00 0.0 0.0 0 0 0
2014-06-17T00:00:00 0.784521823858 0.215478176142 1 0 1
2014-06-16T23:00:00 0.700460618669 0.299539381331 2 1 3
2014-06-16T22:00:00 0.606380703409 0.393619296591 2 2 4
2014-06-16T21:00:00 0.606380703409 0.393619296591 2 2 4
2014-06-16T20:00:00 0.606380703409 0.393619296591 2 2 4
2014-06-16T19:00:00 0.672482511051 0.327517488949 3 2 5
2014-06-16T18:00:00 0.64447268285 0.35552731715 2 2 4
2014-06-16T17:00:00 0.630515349624 0.369484650376 1 1 2
2014-06-16T16:00:00 0.936889741622 0.0631102583782 1 0 1
2014-07-19T00:00:00 0.0 0.0 0 0 0
2014-07-18T23:00:00 0.936889741622 0.0631102583782 1 0 1
2014-07-18T22:00:00 0.774470747023 0.225529252977 3 0 3
2014-07-18T21:00:00 0.774470747023 0.225529252977 3 0 3
2014-07-18T20:00:00 0.774470747023 0.225529252977 3 0 3
2014-07-18T19:00:00 0.774470747023 0.225529252977 3 0 3
2014-07-18T18:00:00 0.774470747023 0.225529252977 3 0 3
2014-07-18T17:00:00 0.693261249724 0.306738750276 2 0 2
2014-07-18T16:00:00 0 0 0 0 0
2014-07-18T15:00:00 0 0 0 0 0
2014-07-18T14:00:00 0 0 0 0 0
2014-07-18T13:00:00 0.391227028637 0.608772971363 0 1 1
2014-08-21T21:00:00 0.73331443497 0.26668556503 5 1 6
2014-08-21T20:00:00 0.819180887449 0.180819112551 4 0 4
2014-08-21T19:00:00 0.819180887449 0.180819112551 4 0 4
2014-08-21T18:00:00 0.816687542414 0.183312457587 2 0 2
2014-08-21T17:00:00 0.816687542414 0.183312457587 2 0 2
2014-08-21T16:00:00 0.696485343205 0.303514656795 1 0 1
2014-08-21T15:00:00 0.776911780657 0.223088219343 3 0 3
2014-08-21T14:00:00 0.770483527654 0.229516472346 5 0 5
2014-08-21T13:00:00 0.668970135502 0.331029864498 6 1 7
2014-08-21T12:00:00 0.668970135502 0.331029864498 6 1 7
2014-08-21T11:00:00 0.668970135502 0.331029864498 6 1 7
2014-08-21T10:00:00 0.668970135502 0.331029864498 6 1 7
2014-08-30T23:00:00 0.758480128664 0.241519871336 4 0 4
2014-08-30T22:00:00 0.758480128664 0.241519871336 4 0 4
2014-08-30T21:00:00 0.793721115723 0.206278884277 6 0 6
2014-08-30T20:00:00 0.793721115723 0.206278884277 6 0 6
2014-08-30T19:00:00 0.819114924027 0.180885075973 6 0 6
2014-08-30T18:00:00 0.778888753401 0.221111246599 7 0 7
2014-08-30T17:00:00 0.804348597271 0.195651402729 9 0 9
2014-08-30T16:00:00 0.817004374784 0.182995625216 14 0 14
2014-08-30T15:00:00 0.805649499037 0.194350500963 14 0 14
2014-08-30T14:00:00 0.795008659063 0.204991340937 17 0 17
2014-08-30T13:00:00 0.792021265474 0.207978734526 16 0 16
2014-08-30T12:00:00 0.802621631785 0.197378368216 16 0 16
2014-09-07T22:00:00 0.741258193994 0.258741806006 5 1 6
2014-09-07T21:00:00 0.760686611642 0.239313388358 6 1 7
2014-09-07T20:00:00 0.760686611642 0.239313388358 6 1 7
2014-09-07T19:00:00 0.738709123975 0.261290876025 6 1 7
2014-09-07T18:00:00 0.691213848484 0.308786151516 4 1 5
2014-09-07T17:00:00 0.758685141984 0.241314858016 8 0 8
2014-09-07T16:00:00 0.784067663778 0.215932336222 12 0 12
2014-09-07T15:00:00 0.798372290993 0.201627709007 11 0 11
2014-09-07T14:00:00 0.753127536143 0.246872463857 11 1 12
2014-09-07T13:00:00 0.75040755507 0.24959244493 10 1 11
2014-09-07T12:00:00 0.75040755507 0.24959244493 10 1 11
2014-09-07T11:00:00 0.736003816302 0.263996183698 6 1 7
2014-09-21T05:00:00 0.0 0.0 0 0 0
2014-09-21T04:00:00 0.0 0.0 0 0 0
2014-09-21T03:00:00 0.0 0.0 0 0 0
2014-09-21T02:00:00 0.0 0.0 0 0 0
2014-09-21T01:00:00 0.896675046476 0.103324953523 2 0 2
2014-09-21T00:00:00 0.896675046476 0.103324953523 2 0 2
2014-09-20T23:00:00 0.869474749084 0.130525250916 3 0 3
2014-09-20T22:00:00 0.869474749084 0.130525250916 3 0 3
2014-09-20T21:00:00 0.810326041891 0.189673958108 6 0 6
2014-09-20T20:00:00 0.810326041891 0.189673958108 6 0 6
2014-09-20T19:00:00 0.767151539599 0.232848460401 4 0 4
2014-09-20T18:00:00 0.767151539599 0.232848460401 4 0 4
2014-09-26T23:00:00 0.761284613841 0.238715386159 4 0 4
2014-09-26T22:00:00 0.770497905401 0.229502094599 4 0 4
2014-09-26T21:00:00 0.770497905401 0.229502094599 4 0 4
2014-09-26T20:00:00 0.751950387805 0.248049612195 5 0 5
2014-09-26T19:00:00 0.715376286593 0.284623713407 4 0 4
2014-09-26T18:00:00 0.711744565301 0.288255434699 3 0 3
2014-09-26T17:00:00 0.72161877919 0.27838122081 2 0 2
2014-09-26T16:00:00 0.677760317424 0.322239682576 1 0 1
2014-09-26T15:00:00 0.677760317424 0.322239682576 1 0 1
2014-09-26T14:00:00 0 0 0 0 0
2014-09-26T13:00:00 0 0 0 0 0
2014-10-04T00:00:00 0.745226232008 0.254773767992 11 1 12
2014-10-03T23:00:00 0.754885500793 0.245114499207 11 1 12
2014-10-03T22:00:00 0.741316583353 0.258683416647 14 1 15
2014-10-03T21:00:00 0.735787024598 0.264212975402 14 1 15
2014-10-03T20:00:00 0.758834256777 0.241165743223 14 1 15
2014-10-03T19:00:00 0.721071690789 0.278928309211 14 2 16
2014-10-03T18:00:00 0.69339702517 0.30660297483 14 3 17
2014-10-03T17:00:00 0.726955884128 0.273044115872 17 2 19
2014-10-03T16:00:00 0.707177654589 0.292822345411 15 3 18
2014-10-03T15:00:00 0.729742786081 0.270257213919 18 3 21
2014-10-11T18:00:00 0.779370599026 0.220629400974 9 0 9
2014-10-11T17:00:00 0.755458820669 0.24454117933 10 0 10
2014-10-11T16:00:00 0.756210555798 0.243789444202 12 0 12
2014-10-11T15:00:00 0.732078332944 0.267921667056 19 1 20
2014-10-11T14:00:00 0.736529397667 0.263470602333 22 1 23
2014-10-11T13:00:00 0.739043929216 0.260956070784 24 1 25
2014-10-11T12:00:00 0.717223211231 0.282776788769 20 1 21
2014-10-11T11:00:00 0.722583694806 0.277416305194 18 1 19
2014-10-11T10:00:00 0.718185396378 0.281814603622 16 1 17
2014-10-11T09:00:00 0.73801241657 0.26198758343 9 0 9
2014-10-11T08:00:00 0.71955802512 0.28044197488 5 0 5
2014-10-11T07:00:00 0.684325474067 0.315674525933 2 0 2
2014-10-26T04:00:00 0 0 0 0 0
2014-10-26T03:00:00 0 0 0 0 0
2014-10-26T02:00:00 0 0 0 0 0
2014-10-26T01:00:00 0 0 0 0 0
2014-10-26T00:00:00 0.722332081174 0.277667918826 2 0 2
2014-10-25T23:00:00 0.600658020534 0.399341979466 3 1 4
2014-10-25T22:00:00 0.667904364752 0.332095635248 4 1 5
2014-10-25T21:00:00 0.667904364752 0.332095635248 4 1 5
2014-10-25T20:00:00 0.687634147255 0.312365852745 5 1 6
2014-10-25T19:00:00 0.688864499255 0.311135500745 6 1 7
2014-10-25T18:00:00 0.729711877118 0.270288122882 7 1 8
2014-10-25T17:00:00 0.759375436565 0.240624563435 9 1 10
