2013-06-01T11:00:00Z 32 44 18 6 0.381818 108
2013-06-01T10:00:00Z 48 12 28 12 0.563636 97
2013-06-01T09:00:00Z 88 149 43 23 0.725000 82
2013-06-01T08:00:00Z 119 168 65 26 0.991667 52
2013-06-01T07:00:00Z 124 175 72 16 1.124833 29
2013-06-01T06:00:00Z 122 167 58 10 1.116667 26
2013-06-05T04:00:00Z 70 29 36 4 0.872727 30
2013-06-05T03:00:00Z 70 35 30 4 1.116667 32
2013-06-05T02:00:00Z 73 40 31 5 1.120000 36
2013-06-05T01:00:00Z 81 27 33 6 1.174917 45
2013-06-05T00:00:00Z 83 75 44 6 1.324917 38
2013-06-04T23:00:00Z 84 101 42 6 1.341583 41
2013-06-09T13:00:00Z 7 7 32 3 0.387500 42
2013-06-09T12:00:00Z 8 15 32 4 0.388889 41
2013-06-09T11:00:00Z -1 -1 -1 -1 -1.000000 -1
2013-06-09T10:00:00Z -1 -1 -1 -1 -1.000000 -1
2013-06-09T09:00:00Z 12 8 28 5 0.472727 33
2013-06-09T08:00:00Z 29 58 32 7 0.690909 27
2013-06-13T22:00:00Z 112 146 63 16 1.120000 126
2013-06-13T21:00:00Z 121 168 68 15 1.354182 124
2013-06-13T20:00:00Z 107 175 57 19 1.190818 178
2013-06-13T19:00:00Z 97 141 40 23 1.063636 222
2013-06-14T23:00:00Z 108 142 51 30 1.299900 140
2013-06-14T22:00:00Z 112 175 56 27 1.381636 167
2013-06-14T21:00:00Z 124 184 57 19 1.455333 170
2013-06-14T20:00:00Z 125 169 61 15 1.259800 192
2013-06-14T19:00:00Z 112 169 53 18 1.239800 230
2013-06-14T18:00:00Z 140 174 41 22 1.269800 261
2013-06-17T10:00:00Z 13 33 30 6 0.811111 72
2013-06-17T09:00:00Z 15 24 34 6 0.877667 56
2013-06-17T08:00:00Z 16 37 37 6 0.950000 42
2013-06-17T07:00:00Z 27 39 37 4 0.933222 39
2013-06-17T06:00:00Z 40 42 32 5 0.980000 39
2013-06-17T05:00:00Z 38 56 29 5 0.936182 40
2013-06-27T13:00:00Z 42 46 19 7 0.544444 161
2013-06-27T12:00:00Z 54 93 23 7 0.677778 141
2013-06-27T11:00:00Z 120 -1 34 16 1.166556 124
2013-06-27T10:00:00Z 169 109 45 24 1.733333 97
2013-06-27T09:00:00Z 148 190 52 19 1.622000 57
2013-06-27T08:00:00Z 105 136 50 9 1.144444 39
2013-06-29T19:00:00Z 142 174 62 9 2.249800 42
2013-06-29T18:00:00Z 146 196 57 9 2.339200 49
2013-06-29T17:00:00Z 148 195 52 9 2.429300 51
2013-06-29T16:00:00Z 150 187 50 9 2.379600 50
2013-06-29T15:00:00Z 143 195 50 8 2.329600 41
2013-06-29T14:00:00Z 128 155 48 8 2.169800 40
2013-07-20T09:00:00Z 111 68 44 9 1.060000 62
2013-07-20T08:00:00Z 114 112 48 6 1.020000 36
2013-07-20T07:00:00Z 106 100 43 4 0.920000 21
2013-07-20T06:00:00Z 109 132 48 4 0.920000 17
2013-07-20T05:00:00Z 108 162 54 4 0.940000 16
2013-07-20T04:00:00Z 93 166 60 4 0.890000 17
2013-07-28T07:00:00Z 61 63 39 7 1.300000 11
2013-07-28T06:00:00Z 76 -1 36 5 1.530000 8
2013-07-28T05:00:00Z 94 23 40 4 1.790000 8
2013-07-28T04:00:00Z 101 130 52 5 1.980000 6
2013-07-28T03:00:00Z 106 138 46 4 2.350000 2
2013-07-30T22:00:00Z 105 133 33 6 0.990000 149
2013-07-30T21:00:00Z 112 146 32 6 1.040000 171
2013-07-30T20:00:00Z 102 152 28 6 1.060000 202
2013-07-30T19:00:00Z 81 122 26 6 0.900000 214
2013-07-30T18:00:00Z 72 80 24 5 0.780000 235
2013-08-17T09:00:00Z 22 44 34 11 0.445455 41
2013-08-17T08:00:00Z 20 51 46 11 0.436364 32
2013-08-17T07:00:00Z 19 35 41 8 0.418182 31
2013-08-17T06:00:00Z 25 29 39 8 0.427273 26
2013-08-17T05:00:00Z 34 28 39 8 0.563636 25
2013-08-17T04:00:00Z 64 -1 53 6 0.675000 15
2013-09-13T09:00:00Z 56 67 56 3 0.925000 9
2013-09-13T08:00:00Z 52 61 53 2 0.850000 9
2013-09-13T07:00:00Z 47 48 49 2 0.775000 10
2013-09-13T06:00:00Z 51 49 39 1 0.708333 20
2013-09-13T05:00:00Z 44 50 29 1 0.708333 33
2013-09-13T04:00:00Z 48 44 17 2 0.633333 46
2013-09-20T05:00:00Z 81 6 34 3 1.041500 25
2013-09-20T04:00:00Z 101 150 30 2 1.291583 21
2013-09-20T03:00:00Z 115 146 39 2 1.466500 15
2013-09-20T02:00:00Z 117 145 45 2 1.574917 12
2013-09-20T01:00:00Z 109 125 47 3 1.666500 13
2013-09-20T00:00:00Z 111 131 46 2 1.683083 13
2013-10-07T17:00:00Z 17 18 25 14 0.466667 61
2013-10-07T16:00:00Z 12 17 21 14 0.400000 66
2013-10-07T15:00:00Z 15 18 18 15 0.433333 69
2013-10-07T14:00:00Z 22 27 18 17 0.420000 67
2013-10-07T13:00:00Z 19 36 19 18 0.480000 60
2013-10-07T12:00:00Z 18 36 21 20 0.540000 51
2013-10-10T17:00:00Z 114 155 60 12 1.185200 64
2013-10-10T16:00:00Z 121 162 63 13 1.244400 64
2013-10-10T15:00:00Z 127 169 67 14 1.301600 61
2013-10-10T14:00:00Z 133 176 70 14 1.364500 61
2013-10-10T13:00:00Z 138 185 73 15 1.423000 61
2013-10-10T12:00:00Z 143 188 77 16 1.483500 61
2013-10-19T18:00:00Z 10 19 24 5 0.344444 43
2013-10-19T17:00:00Z 9 17 20 4 0.275000 48
2013-10-19T16:00:00Z 9 17 15 4 0.262500 52
2013-10-19T15:00:00Z 11 22 15 5 0.288889 54
2013-10-19T14:00:00Z 11 23 15 7 0.300000 56
2013-10-19T13:00:00Z 10 21 15 7 0.288889 55
2013-10-22T19:00:00Z 83 107 67 28 1.027273 35
2013-10-22T18:00:00Z 127 158 87 57 1.272727 37
2013-10-22T17:00:00Z 139 157 84 89 1.281818 51
2013-10-22T16:00:00Z 139 160 72 101 1.350000 72
2013-10-29T17:00:00Z 12 21 32 7 0.354545 51
2013-10-29T16:00:00Z 9 22 21 6 0.327273 63
2013-10-29T15:00:00Z 10 18 18 5 0.290909 64
2013-10-29T14:00:00Z 6 8 15 5 0.300000 63
2013-10-29T13:00:00Z 6 6 15 5 0.336364 62
2013-10-29T12:00:00Z 6 6 15 4 0.336364 60
2013-11-09T19:00:00Z 12 88 17 5 0.281818 -1
2013-11-09T18:00:00Z 11 43 26 7 0.354545 -1
2013-11-09T17:00:00Z 17 42 36 17 0.463636 -1
2013-11-09T16:00:00Z 27 54 40 28 0.600000 -1
2013-11-09T15:00:00Z 37 52 44 35 0.727273 -1
2013-11-09T14:00:00Z 51 68 48 43 0.872727 -1
2013-11-14T16:00:00Z 31 83 28 12 0.462500 -1
2013-11-14T15:00:00Z 28 75 22 11 0.418182 -1
2013-11-14T14:00:00Z -1 -1 -1 -1 -1.000000 -1
2013-11-14T13:00:00Z 22 58 14 9 0.327273 -1
2013-11-14T12:00:00Z 20 63 15 8 0.327273 -1
2013-11-14T11:00:00Z 17 51 17 10 0.354545 -1
2013-11-24T17:00:00Z 60 190 26 14 0.460000 36
2013-11-24T16:00:00Z 60 204 21 12 0.420000 40
2013-11-24T15:00:00Z 61 207 19 13 0.430000 40
2013-11-24T14:00:00Z 58 205 18 14 0.460000 39
2013-11-24T13:00:00Z 55 191 20 14 0.510000 35
2013-11-24T12:00:00Z 55 175 33 24 0.710000 27
2013-12-09T06:00:00Z 7 6 18 9 0.557143 45
2013-12-09T05:00:00Z 8 7 17 8 0.557143 45
2013-12-09T04:00:00Z 8 7 19 10 0.516667 35
2013-12-09T03:00:00Z 8 7 19 8 0.471429 37
2013-12-09T02:00:00Z 5 6 13 6 0.442857 46
2013-12-09T01:00:00Z 6 6 12 7 0.457143 47
2013-12-26T04:00:00Z 7 15 14 6 0.291667 52
2013-12-26T03:00:00Z 9 18 15 7 0.333333 55
2013-12-26T02:00:00Z 9 14 13 7 0.325000 56
2013-12-26T01:00:00Z 9 19 12 6 0.341667 57
2013-12-26T00:00:00Z 12 32 12 6 0.283333 56
2013-12-25T23:00:00Z 11 44 11 4 0.281818 56
2014-01-03T01:00:00Z 126 164 89 78 3.058333 16
2014-01-03T00:00:00Z 151 195 105 89 4.108333 9
2014-01-02T23:00:00Z 167 241 120 82 4.658333 5
2014-01-02T22:00:00Z 166 220 123 88 4.591667 5
2014-01-02T21:00:00Z 162 238 123 82 4.408333 5
2014-01-02T20:00:00Z 156 229 122 79 4.208333 5
2014-01-05T05:00:00Z 130 175 81 40 3.658333 6
2014-01-05T04:00:00Z 148 185 88 38 3.254545 3
2014-01-05T03:00:00Z 157 190 89 42 3.581818 4
2014-01-05T02:00:00Z 155 193 88 43 3.616667 4
2014-01-05T01:00:00Z 169 198 88 45 3.733333 5
2014-01-05T00:00:00Z 159 192 89 46 3.666667 4
2014-01-11T22:00:00Z 150 139 96 78 2.950000 16
2014-01-11T21:00:00Z 185 183 107 90 3.075000 9
2014-01-11T20:00:00Z 196 204 119 103 3.025000 8
2014-01-11T19:00:00Z 184 230 123 109 3.158333 6
2014-01-11T18:00:00Z 164 202 121 97 2.700000 5
2014-01-11T17:00:00Z 144 175 124 91 2.566667 7
2014-01-14T01:00:00Z 120 126 90 83 3.066667 10
2014-01-14T00:00:00Z 132 174 102 81 3.575000 7
2014-01-13T23:00:00Z 147 188 109 91 3.958333 7
2014-01-13T22:00:00Z 133 170 106 84 3.308333 6
2014-01-13T21:00:00Z 139 177 102 74 2.741667 6
2014-01-13T20:00:00Z 136 177 102 69 2.333333 5
2014-01-17T05:00:00Z 161 284 68 78 2.300000 5
2014-01-17T04:00:00Z 221 304 77 81 3.175000 4
2014-01-17T03:00:00Z 257 327 84 91 3.766667 3
2014-01-17T02:00:00Z 276 350 88 99 4.150000 3
2014-01-17T01:00:00Z 296 341 94 103 4.391667 4
2014-01-17T00:00:00Z 316 349 100 102 4.591667 4
2014-01-18T00:00:00Z 187 146 77 42 2.700000 13
2014-01-17T23:00:00Z 219 234 88 49 3.088889 11
2014-01-17T22:00:00Z 233 293 92 51 3.044444 12
2014-01-17T21:00:00Z 230 274 93 48 2.988889 12
2014-01-17T20:00:00Z 166 237 97 49 2.975000 11
2014-01-17T19:00:00Z 169 205 99 48 2.591667 12
2014-01-19T21:00:00Z 20 336 16 6 0.300000 67
2014-01-19T20:00:00Z 43 380 27 14 0.558333 59
2014-01-19T19:00:00Z 97 296 53 35 1.525000 37
2014-01-19T18:00:00Z 164 240 96 66 2.875000 17
2014-01-19T17:00:00Z 193 224 114 94 3.158333 9
2014-01-19T16:00:00Z 187 213 113 101 3.191667 10
2014-01-24T13:00:00Z 150 159 94 78 2.590909 12
2014-01-24T12:00:00Z 189 190 105 98 3.316667 8
2014-01-24T11:00:00Z 194 212 102 106 3.416667 9
2014-01-24T10:00:00Z 197 214 102 106 3.566667 8
2014-01-24T09:00:00Z 205 230 105 108 3.791667 7
2014-01-24T08:00:00Z 202 229 103 104 3.575000 6
2014-01-30T02:00:00Z 155 176 71 82 2.741667 15
2014-01-30T01:00:00Z 176 186 82 89 2.841667 10
2014-01-30T00:00:00Z 182 199 90 96 2.872727 7
2014-01-29T23:00:00Z 195 206 93 96 3.008333 7
2014-01-29T22:00:00Z 200 208 100 96 3.250000 6
2014-01-29T21:00:00Z 192 213 100 80 2.966667 6
2014-01-31T07:00:00Z 113 144 52 65 1.558333 12
2014-01-31T06:00:00Z 131 164 53 67 1.750000 11
2014-01-31T05:00:00Z 156 191 54 65 1.833333 11
2014-01-31T04:00:00Z 177 221 51 56 1.641667 12
2014-01-31T03:00:00Z 228 286 46 55 1.466667 12
2014-01-31T02:00:00Z 276 355 45 60 1.316667 13
2014-02-02T09:00:00Z 117 144 51 42 2.091667 18
2014-02-02T08:00:00Z 139 158 57 31 2.591667 8
2014-02-02T07:00:00Z -1 -1 -1 -1 -1.000000 -1
2014-02-02T06:00:00Z 155 164 57 28 2.708333 3
2014-02-02T05:00:00Z 155 165 55 28 2.616667 3
2014-02-02T04:00:00Z 149 161 56 27 2.441667 4
2014-02-06T13:00:00Z 115 113 65 90 1.836364 27
2014-02-06T12:00:00Z 118 129 63 95 1.972727 22
2014-02-06T11:00:00Z 124 141 65 89 2.181818 15
2014-02-06T10:00:00Z 130 145 65 79 2.445455 10
2014-02-06T09:00:00Z 127 137 68 73 2.500000 6
2014-02-06T08:00:00Z -1 -1 -1 -1 -1.000000 -1
2014-02-12T07:00:00Z 115 135 84 46 2.550000 6
2014-02-12T06:00:00Z 122 88 79 49 2.566667 6
2014-02-12T05:00:00Z 128 -1 87 51 2.375000 7
2014-02-12T04:00:00Z 147 -1 81 61 2.425000 2
2014-02-12T03:00:00Z 164 216 87 60 4.800000 5
2014-02-12T02:00:00Z 165 215 97 109 3.383333 6
2014-02-17T04:00:00Z 127 -1 72 51 2.090000 13
2014-02-17T03:00:00Z 146 -1 66 54 2.060000 12
2014-02-17T02:00:00Z 175 -1 72 73 2.314286 13
2014-02-17T01:00:00Z 199 -1 81 79 2.360000 10
2014-02-17T00:00:00Z 227 -1 98 87 2.770000 9
2014-02-16T23:00:00Z 250 -1 102 84 3.130000 8
2014-03-04T04:00:00Z 169 235 77 71 2.450000 11
2014-03-04T03:00:00Z 203 269 82 72 2.911111 9
2014-03-04T02:00:00Z 238 285 93 83 3.708333 5
2014-03-04T01:00:00Z 239 296 98 98 3.916667 5
2014-03-04T00:00:00Z 231 285 99 99 3.933333 5
2014-03-03T23:00:00Z 231 271 102 105 4.150000 5
2014-03-11T19:00:00Z 134 173 88 49 1.666667 48
2014-03-11T18:00:00Z 172 209 87 64 1.858333 67
2014-03-11T17:00:00Z -1 -1 -1 -1 -1.000000 -1
2014-03-11T16:00:00Z 176 239 77 88 1.963636 88
2014-03-11T15:00:00Z 198 232 76 97 2.120000 87
2014-03-11T14:00:00Z 201 235 73 109 2.063636 73
2014-03-16T06:00:00Z 117 172 96 112 3.458333 8
2014-03-16T05:00:00Z 124 201 97 95 3.475000 8
2014-03-16T04:00:00Z 129 196 101 97 3.241667 8
2014-03-16T03:00:00Z 136 181 102 105 2.990909 8
2014-03-16T02:00:00Z 143 199 105 97 3.008333 10
2014-03-16T01:00:00Z 172 244 115 83 2.825000 8
2014-03-28T11:00:00Z 122 122 46 28 1.258333 47
2014-03-28T10:00:00Z 144 149 58 20 1.608333 28
2014-03-28T09:00:00Z 131 147 67 16 1.783333 11
2014-03-28T08:00:00Z 137 156 68 14 1.750000 7
2014-03-28T07:00:00Z 140 175 69 16 1.883333 7
2014-03-28T06:00:00Z 159 213 72 21 1.933333 8
2014-03-29T01:00:00Z 133 147 81 15 2.166667 15
2014-03-29T00:00:00Z 153 170 94 17 2.458333 14
2014-03-28T23:00:00Z 154 196 99 22 2.525000 14
2014-03-28T22:00:00Z 168 200 99 27 2.616667 15
2014-03-28T21:00:00Z 163 197 97 31 2.516667 27
2014-03-28T20:00:00Z 150 195 82 31 2.216667 52
2014-04-01T14:00:00Z -1 -1 -1 -1 -1.000000 -1
2014-04-01T13:00:00Z 146 159 66 28 1.050000 109
2014-04-01T12:00:00Z 148 154 64 34 1.116667 90
2014-04-01T11:00:00Z 166 139 64 38 1.250000 71
2014-04-01T10:00:00Z 184 201 74 33 1.463636 41
2014-04-01T09:00:00Z 171 195 74 21 1.491667 25
2014-04-15T08:00:00Z 140 180 87 9 1.241667 14
2014-04-15T07:00:00Z 140 180 87 9 1.241667 14
2014-04-15T06:00:00Z 140 180 87 9 1.241667 14
2014-04-15T05:00:00Z 140 180 87 9 1.241667 14
2014-04-15T04:00:00Z 133 175 77 10 1.127273 27
2014-04-15T03:00:00Z 134 135 65 12 1.109091 44
2014-04-23T19:00:00Z 126 165 38 27 0.966667 139
2014-04-23T18:00:00Z 148 174 37 38 1.166667 155
2014-04-23T17:00:00Z 155 174 35 39 1.183333 163
2014-04-23T16:00:00Z 170 163 32 36 1.191667 170
2014-04-23T15:00:00Z 176 164 32 35 1.175000 159
2014-04-23T14:00:00Z 174 192 34 34 1.225000 138
2014-04-25T22:00:00Z 89 240 24 3 0.336364 69
2014-04-25T21:00:00Z 100 264 25 5 0.390909 74
2014-04-25T20:00:00Z 108 278 30 6 0.408333 75
2014-04-25T19:00:00Z 110 270 36 8 0.433333 78
2014-04-25T18:00:00Z 111 260 34 12 0.508333 100
2014-04-25T17:00:00Z 111 183 30 20 0.608333 163
2014-05-07T07:00:00Z 122 183 82 21 1.645455 18
2014-05-07T06:00:00Z 120 162 77 17 1.818182 17
2014-05-07T05:00:00Z 119 149 77 20 1.827273 20
2014-05-07T04:00:00Z 117 150 69 22 1.972727 23
2014-05-07T03:00:00Z 117 155 76 28 1.990000 24
2014-05-07T02:00:00Z 117 151 76 29 1.918182 24
2014-05-16T00:00:00Z -1 -1 -1 -1 -1.000000 -1
2014-05-15T23:00:00Z 101 293 94 16 1.081818 37
2014-05-15T22:00:00Z 104 312 86 12 0.781818 53
2014-05-15T21:00:00Z 99 309 81 10 0.645455 62
2014-05-15T20:00:00Z 91 286 63 10 0.563636 87
2014-05-15T19:00:00Z 95 307 58 8 0.481818 101
2014-05-19T00:00:00Z 115 199 42 23 0.936364 139
2014-05-18T23:00:00Z 121 210 45 27 1.025000 153
2014-05-18T22:00:00Z -1 -1 -1 -1 -1.000000 -1
2014-05-18T21:00:00Z 142 234 44 38 1.145455 197
2014-05-18T20:00:00Z 151 266 42 47 1.275000 227
2014-05-18T19:00:00Z 141 261 41 52 1.266667 254
2014-05-20T06:00:00Z 127 169 49 9 1.191667 79
2014-05-20T05:00:00Z 170 223 79 10 1.491667 68
2014-05-20T04:00:00Z 192 257 72 13 1.641667 64
2014-05-20T03:00:00Z 194 262 81 15 1.591667 56
2014-05-20T02:00:00Z 183 250 81 14 1.550000 69
2014-05-20T01:00:00Z 170 244 80 14 1.525000 88
2014-05-22T14:00:00Z 116 58 25 78 1.054545 240
2014-05-22T13:00:00Z 178 188 38 88 1.772727 262
2014-05-22T12:00:00Z -1 -1 -1 -1 -1.000000 -1
2014-05-22T11:00:00Z 283 351 78 110 2.790000 150
2014-05-22T10:00:00Z 280 361 84 102 2.790000 98
2014-05-22T09:00:00Z 262 347 85 86 2.518182 57
2014-05-25T11:00:00Z 126 426 18 2 0.266667 80
2014-05-25T10:00:00Z 148 463 33 3 0.433333 61
2014-05-25T09:00:00Z -1 -1 -1 -1 -1.000000 -1
2014-05-25T08:00:00Z 139 211 36 4 0.966667 36
2014-05-25T07:00:00Z 125 159 37 2 1.300000 16
2014-05-25T06:00:00Z 124 161 33 2 1.308333 18
2014-05-30T18:00:00Z -1 -1 -1 -1 -1.000000 -1
2014-05-30T17:00:00Z 110 212 30 41 1.175000 328
2014-05-30T16:00:00Z 113 220 29 42 1.275000 344
2014-05-30T15:00:00Z 112 203 29 42 1.377778 341
2014-05-31T23:00:00Z -1 -1 -1 -1 -1.000000 -1
2014-05-31T22:00:00Z 122 376 33 18 1.362500 167
2014-05-31T21:00:00Z -1 -1 -1 -1 -1.000000 -1
2014-05-31T20:00:00Z 140 265 61 27 2.462500 212
2014-05-31T19:00:00Z 136 244 57 33 2.450000 265
2014-05-31T18:00:00Z 139 254 51 41 2.412500 294
2014-06-17T03:00:00Z 146 234 17 8 0.845455 127
2014-06-17T02:00:00Z 196 245 24 8 1.100000 127
2014-06-17T01:00:00Z 207 242 31 7 1.225000 127
2014-06-17T00:00:00Z 169 204 39 4 1.241667 118
2014-06-16T23:00:00Z -1 -1 -1 -1 -1.000000 -1
2014-06-16T22:00:00Z 120 159 49 3 1.100000 130
2014-06-17T17:00:00Z 117 137 32 3 1.008333 153
2014-06-17T16:00:00Z 138 170 32 4 1.130000 185
2014-06-17T15:00:00Z 138 140 31 6 1.136364 181
2014-06-17T14:00:00Z 119 137 33 5 1.100000 161
2014-07-05T11:00:00Z -1 -1 -1 -1 -1.000000 -1
2014-07-05T10:00:00Z 143 129 45 6 1.525000 91
2014-07-05T09:00:00Z 148 164 50 4 1.516667 61
2014-07-05T08:00:00Z 149 211 50 3 1.408333 41
2014-07-05T07:00:00Z 145 193 50 3 1.300000 27
2014-07-05T06:00:00Z 135 128 45 3 1.125000 21
2014-07-19T00:00:00Z 114 128 53 3 1.100000 90
2014-07-18T23:00:00Z 118 130 43 3 1.158333 133
2014-07-18T22:00:00Z 116 140 38 3 1.150000 136
2014-07-18T21:00:00Z 116 127 35 4 1.150000 155
2014-07-18T20:00:00Z -1 -1 -1 -1 -1.000000 -1
2014-07-18T19:00:00Z 126 155 29 4 1.200000 200
2014-07-29T12:00:00Z 119 -1 19 4 0.775000 181
2014-07-29T11:00:00Z 147 162 25 6 0.875000 168
2014-07-29T10:00:00Z -1 -1 -1 -1 -1.000000 -1
2014-07-29T09:00:00Z 193 213 46 10 1.133333 96
2014-07-29T08:00:00Z -1 -1 -1 -1 -1.000000 -1
2014-07-29T07:00:00Z 182 206 42 7 1.072727 72
2014-08-09T11:00:00Z 121 137 47 18 1.408333 146
2014-08-09T10:00:00Z -1 -1 -1 -1 -1.000000 -1
2014-08-09T09:00:00Z 140 197 69 16 1.533333 66
2014-08-09T08:00:00Z 131 181 77 13 1.550000 40
2014-08-21T21:00:00Z 120 153 30 11 1.100000 148
2014-08-21T20:00:00Z 159 221 42 15 1.530000 191
2014-08-21T19:00:00Z 145 193 38 14 1.410000 223
2014-08-21T18:00:00Z 144 194 34 13 1.310000 259
2014-08-21T17:00:00Z 141 176 33 12 1.200000 272
2014-08-21T16:00:00Z 160 206 39 12 1.216667 280
2014-08-23T22:00:00Z 131 192 47 4 1.241667 106
2014-08-23T21:00:00Z 131 183 46 4 1.250000 127
2014-08-23T20:00:00Z 124 161 39 5 1.200000 155
2014-08-23T19:00:00Z 116 159 34 6 1.116667 188
2014-08-30T23:00:00Z 116 -1 35 3 1.150000 77
2014-08-30T22:00:00Z 132 156 49 3 1.358333 53
2014-08-30T21:00:00Z 136 150 58 4 1.550000 49
2014-08-30T20:00:00Z 138 154 62 4 1.725000 53
2014-08-30T19:00:00Z 141 186 57 5 1.941667 65
2014-08-30T18:00:00Z 146 176 54 7 2.141667 71
2014-09-01T15:00:00Z 115 119 37 6 1.775000 107
2014-09-01T14:00:00Z 129 -1 43 6 1.925000 99
2014-09-01T13:00:00Z -1 -1 -1 -1 -1.000000 -1
2014-09-01T12:00:00Z 130 128 53 7 2.100000 62
2014-09-01T11:00:00Z -1 -1 -1 -1 -1.000000 -1
2014-09-01T10:00:00Z 118 123 60 5 1.975000 29
2014-09-07T22:00:00Z 133 178 45 7 1.416667 93
2014-09-07T21:00:00Z 130 175 38 9 1.366667 120
2014-09-07T20:00:00Z 129 161 40 11 1.366667 139
2014-09-07T19:00:00Z 127 171 32 12 1.333333 165
2014-09-07T18:00:00Z 121 175 28 14 1.250000 180
2014-09-07T17:00:00Z 116 157 24 16 1.208333 189
2014-09-21T05:00:00Z 114 106 46 14 2.183333 32
2014-09-21T04:00:00Z 138 122 46 10 1.900000 31
2014-09-21T03:00:00Z 149 118 45 7 1.727273 35
2014-09-21T02:00:00Z 169 179 47 6 1.525000 37
2014-09-21T01:00:00Z -1 -1 -1 -1 -1.000000 -1
2014-09-21T00:00:00Z 185 213 80 4 1.750000 42
2014-09-25T23:00:00Z -1 -1 -1 -1 -1.000000 -1
2014-09-25T22:00:00Z 138 204 63 4 1.458333 47
2014-09-25T21:00:00Z 140 138 68 4 1.408333 40
2014-09-25T20:00:00Z 136 153 71 3 1.345455 38
2014-09-25T19:00:00Z 131 143 61 3 1.241667 52
2014-09-25T18:00:00Z 134 142 52 4 1.172727 70
2014-09-26T23:00:00Z 131 -1 73 4 1.833333 8
2014-09-26T22:00:00Z 148 -1 78 4 1.925000 6
2014-09-26T21:00:00Z 155 -1 84 4 1.916667 5
2014-09-26T20:00:00Z 153 149 86 5 1.966667 6
2014-09-26T19:00:00Z 167 153 83 6 1.983333 14
2014-09-26T18:00:00Z 168 -1 78 7 1.983333 21
2014-10-04T00:00:00Z 131 144 63 4 2.600000 3
2014-10-03T23:00:00Z 131 144 63 4 2.600000 3
2014-10-03T22:00:00Z -1 -1 -1 -1 -1.000000 -1
2014-10-03T21:00:00Z 137 157 71 4 2.366667 2
2014-10-03T20:00:00Z 145 174 72 5 2.233333 11
2014-10-03T19:00:00Z 145 174 72 5 2.233333 11
2014-10-11T18:00:00Z 154 -1 61 8 1.363636 38
2014-10-11T17:00:00Z 234 -1 76 8 1.809091 51
2014-10-11T16:00:00Z -1 -1 -1 -1 -1.000000 -1
2014-10-11T15:00:00Z 239 -1 62 11 1.845455 73
2014-10-11T14:00:00Z -1 -1 -1 -1 -1.000000 -1
2014-10-11T13:00:00Z 238 195 61 12 1.872727 65
2014-10-18T04:00:00Z 116 175 100 6 1.383333 8
2014-10-18T03:00:00Z 125 182 107 6 1.483333 8
2014-10-18T02:00:00Z 136 207 119 7 1.750000 6
2014-10-18T01:00:00Z 138 222 126 9 1.900000 9
2014-10-18T00:00:00Z -1 -1 -1 -1 -1.000000 -1
2014-10-17T23:00:00Z 145 235 141 9 2.200000 9
2014-10-20T23:00:00Z 129 -1 63 9 1.300000 22
2014-10-20T22:00:00Z 181 218 70 9 1.630000 25
2014-10-20T21:00:00Z 215 222 74 6 1.780000 29
2014-10-20T20:00:00Z 220 234 87 4 1.830000 31
2014-10-26T04:00:00Z 198 -1 56 4 1.427273 27
2014-10-26T03:00:00Z -1 -1 -1 -1 -1.000000 -1
2014-10-26T02:00:00Z 262 329 79 4 2.380000 14
2014-10-26T01:00:00Z -1 -1 -1 -1 -1.000000 -1
2014-10-26T00:00:00Z 320 372 108 5 3.018182 6
2014-10-25T23:00:00Z -1 -1 -1 -1 -1.000000 -1
