2013-12-26T10:00:00Z 16 -1 12 12 0.400000 -1
2013-12-26T09:00:00Z 21 25 18 12 0.400000 -1
2013-12-26T08:00:00Z 19 -1 20 11 0.400000 -1
2013-12-26T07:00:00Z 18 -1 15 11 0.400000 -1
2013-12-26T06:00:00Z 19 -1 7 10 0.300000 -1
2013-12-26T05:00:00Z 19 -1 9 11 0.400000 -1
2014-01-03T01:00:00Z 174 181 160 51 3.700000 -1
2014-01-03T00:00:00Z 216 254 164 48 5.800000 -1
2014-01-02T23:00:00Z 209 243 169 51 5.200000 -1
2014-01-02T22:00:00Z 213 249 176 52 5.100000 -1
2014-01-02T21:00:00Z 200 262 179 47 5.700000 -1
2014-01-02T20:00:00Z 195 266 184 46 5.500000 -1
2014-01-06T03:00:00Z 117 -1 64 14 1.800000 -1
2014-01-06T02:00:00Z 121 125 63 15 1.800000 -1
2014-01-06T01:00:00Z 129 149 74 16 2.200000 -1
2014-01-06T00:00:00Z 130 162 79 18 2.500000 -1
2014-01-05T23:00:00Z 144 214 89 22 3.300000 -1
2014-01-11T05:00:00Z 132 182 92 118 5.200000 -1
2014-01-11T04:00:00Z 147 189 98 136 5.100000 -1
2014-01-11T03:00:00Z 181 -1 118 -1 6.700000 -1
2014-01-11T02:00:00Z 150 -1 117 115 6.200000 -1
2014-01-11T01:00:00Z 149 -1 117 101 4.900000 -1
2014-01-11T00:00:00Z 142 -1 108 102 4.000000 -1
2014-01-11T23:00:00Z 142 176 112 118 3.400000 -1
2014-01-11T22:00:00Z 157 206 110 99 3.600000 -1
2014-01-11T21:00:00Z 202 276 123 119 4.100000 -1
2014-01-11T20:00:00Z 206 249 128 122 3.200000 -1
2014-01-11T19:00:00Z 208 268 134 124 3.400000 -1
2014-01-11T18:00:00Z 208 278 144 124 3.800000 -1
2014-01-15T07:00:00Z 121 146 89 96 5.900000 -1
2014-01-15T06:00:00Z 145 168 98 102 6.800000 -1
2014-01-15T05:00:00Z 149 186 102 96 6.300000 -1
2014-01-15T04:00:00Z 162 215 109 108 6.700000 -1
2014-01-15T03:00:00Z 148 185 108 103 5.300000 -1
2014-01-15T02:00:00Z 134 188 103 83 5.800000 -1
2014-01-24T15:00:00Z 139 154 140 80 3.400000 2
2014-01-24T14:00:00Z 198 238 151 106 4.500000 1
2014-01-24T13:00:00Z 199 207 142 120 4.200000 1
2014-01-24T12:00:00Z 242 256 152 163 5.400000 1
2014-01-24T11:00:00Z 252 290 150 156 5.900000 1
2014-01-24T10:00:00Z 242 274 146 150 5.900000 1
2014-01-30T03:00:00Z 155 -1 106 79 3.700000 1
2014-01-30T02:00:00Z 172 181 109 95 2.900000 1
2014-01-30T01:00:00Z 176 187 111 114 2.700000 1
2014-01-30T00:00:00Z 178 194 118 119 2.800000 1
2014-01-29T23:00:00Z 211 224 126 123 3.500000 1
2014-01-29T22:00:00Z 218 228 136 125 4.300000 1
2014-01-31T07:00:00Z 125 144 79 68 1.600000 6
2014-01-31T06:00:00Z 123 151 80 68 1.700000 3
2014-01-31T05:00:00Z 171 206 84 69 1.800000 1
2014-01-31T04:00:00Z 255 300 -1 65 1.600000 -1
2014-01-31T03:00:00Z 349 418 80 75 1.400000 1
2014-01-31T02:00:00Z 254 326 76 51 1.000000 3
2014-02-02T09:00:00Z 157 -1 89 60 2.900000 2
2014-02-02T08:00:00Z 166 167 89 30 3.000000 1
2014-02-02T07:00:00Z -1 -1 -1 -1 -1.000000 -1
2014-02-02T06:00:00Z 174 -1 84 34 3.100000 1
2014-02-02T05:00:00Z 172 -1 83 37 2.700000 1
2014-02-02T04:00:00Z 169 170 84 38 2.600000 1
2014-02-12T09:00:00Z 155 159 124 104 4.100000 1
2014-02-12T08:00:00Z 156 171 127 60 5.000000 1
2014-02-12T07:00:00Z 149 -1 124 44 4.100000 1
2014-02-12T06:00:00Z 145 -1 124 46 3.900000 1
2014-02-12T05:00:00Z 150 -1 124 62 3.800000 1
2014-02-12T04:00:00Z 152 -1 -1 48 4.300000 -1
2014-02-17T02:00:00Z 138 -1 115 79 -1.000000 6
2014-02-17T01:00:00Z 160 -1 125 -1 2.000000 4
2014-02-17T00:00:00Z 184 -1 131 78 2.000000 6
2014-02-16T23:00:00Z 220 -1 140 85 2.400000 2
2014-02-16T22:00:00Z 269 -1 145 86 3.000000 1
2014-02-16T21:00:00Z 285 -1 150 87 3.100000 2
2014-03-04T05:00:00Z 117 -1 133 57 2.500000 2
2014-03-04T04:00:00Z 244 258 150 85 4.200000 2
2014-03-04T03:00:00Z 270 320 157 87 5.100000 2
2014-03-04T02:00:00Z 270 330 162 107 4.900000 2
2014-03-04T01:00:00Z 262 323 163 115 4.900000 2
2014-03-04T00:00:00Z 250 316 161 114 5.000000 2
2014-03-14T00:00:00Z 19 271 14 9 0.300000 69
2014-03-13T23:00:00Z 29 446 16 6 0.300000 71
2014-03-13T22:00:00Z 28 454 22 7 0.400000 71
2014-03-13T21:00:00Z 17 341 26 8 0.400000 69
2014-03-16T06:00:00Z 117 167 117 119 3.900000 2
2014-03-16T05:00:00Z 144 208 126 75 3.600000 2
2014-03-16T04:00:00Z 148 244 129 78 3.500000 2
2014-03-16T03:00:00Z 115 168 120 103 3.100000 2
2014-03-16T02:00:00Z 153 203 132 97 3.200000 2
2014-03-16T01:00:00Z 165 252 140 102 2.700000 2
2014-03-17T17:00:00Z 29 259 20 9 0.300000 66
2014-03-17T16:00:00Z 30 274 17 11 0.300000 71
2014-03-17T15:00:00Z 27 256 17 13 0.300000 72
2014-03-17T14:00:00Z 37 335 16 13 0.300000 71
2014-03-17T13:00:00Z -1 -1 -1 -1 -1.000000 -1
2014-03-17T12:00:00Z 39 250 30 14 0.400000 54
2014-03-28T12:00:00Z 127 -1 77 47 1.100000 41
2014-03-28T11:00:00Z 146 197 108 49 1.900000 8
2014-03-28T10:00:00Z 166 209 100 31 1.900000 2
2014-03-28T09:00:00Z 127 148 97 24 1.800000 2
2014-03-28T08:00:00Z 150 159 94 15 1.900000 2
2014-03-28T07:00:00Z 119 143 88 15 1.700000 2
2014-03-29T01:00:00Z 130 -1 110 21 1.900000 4
2014-03-29T00:00:00Z 166 220 131 22 2.700000 2
2014-03-28T23:00:00Z 162 194 135 26 2.600000 2
2014-03-28T22:00:00Z 164 208 137 30 2.600000 2
2014-03-28T21:00:00Z 158 197 120 36 2.200000 15
2014-03-28T20:00:00Z 146 210 113 34 2.100000 32
2014-04-01T14:00:00Z -1 -1 -1 -1 -1.000000 -1
2014-04-01T13:00:00Z 150 -1 115 28 1.100000 73
2014-04-01T12:00:00Z 139 -1 104 35 1.100000 61
2014-04-01T11:00:00Z 161 -1 102 43 1.200000 49
2014-04-01T10:00:00Z 206 -1 113 43 1.500000 23
2014-04-01T09:00:00Z 205 303 117 28 1.600000 4
2014-04-02T10:00:00Z 136 137 100 38 1.000000 42
2014-04-02T09:00:00Z 146 286 121 35 1.300000 11
2014-04-02T08:00:00Z 127 265 134 28 1.500000 2
2014-04-02T07:00:00Z 118 214 130 17 1.300000 2
2014-04-02T20:00:00Z 120 152 102 31 1.100000 58
2014-04-02T19:00:00Z 140 244 96 32 1.300000 67
2014-04-02T18:00:00Z 146 350 86 35 1.500000 83
2014-04-02T17:00:00Z 120 262 72 34 1.400000 116
2014-04-15T08:00:00Z 192 284 120 10 1.700000 2
2014-04-15T07:00:00Z 192 284 120 10 1.700000 2
2014-04-15T06:00:00Z 192 284 120 10 1.700000 2
2014-04-15T05:00:00Z 192 284 120 10 1.700000 2
2014-04-15T04:00:00Z 238 363 137 13 1.900000 2
2014-04-15T03:00:00Z 308 417 136 15 1.800000 2
2014-04-23T19:00:00Z 132 175 61 30 1.100000 90
2014-04-23T18:00:00Z 151 171 62 39 1.300000 100
2014-04-23T17:00:00Z 162 181 53 36 1.200000 110
2014-04-23T16:00:00Z 157 158 50 31 1.100000 114
2014-04-23T15:00:00Z 178 -1 46 34 1.200000 109
2014-04-23T14:00:00Z 171 193 51 34 1.300000 91
2014-04-25T21:00:00Z 77 249 33 6 0.400000 44
2014-04-25T20:00:00Z 89 276 34 7 0.400000 54
2014-04-25T19:00:00Z 87 258 37 9 0.400000 56
2014-04-25T18:00:00Z 95 286 36 11 0.500000 66
2014-04-25T17:00:00Z 138 359 40 14 0.500000 76
2014-05-01T17:00:00Z 158 177 39 39 1.200000 135
2014-05-01T16:00:00Z 173 215 41 48 1.300000 139
2014-05-01T15:00:00Z 167 219 42 45 1.300000 133
2014-05-01T14:00:00Z 166 218 42 47 1.200000 126
2014-05-01T13:00:00Z 164 202 40 42 1.200000 120
2014-05-01T12:00:00Z 163 239 50 35 1.000000 104
2014-05-07T08:00:00Z 126 147 90 33 1.400000 14
2014-05-07T07:00:00Z 122 170 103 15 1.500000 2
2014-05-07T06:00:00Z 118 171 106 10 1.700000 2
2014-05-07T05:00:00Z 121 147 -1 12 2.200000 2
2014-05-07T04:00:00Z 125 137 98 10 2.800000 -1
2014-05-07T03:00:00Z 127 176 103 14 2.600000 2
2014-05-16T07:00:00Z 84 292 110 13 0.900000 2
2014-05-16T06:00:00Z 90 305 118 11 0.900000 2
2014-05-16T05:00:00Z 86 256 -1 14 0.800000 2
2014-05-16T04:00:00Z 78 279 123 10 1.100000 -1
2014-05-16T03:00:00Z 84 281 130 15 1.000000 2
2014-05-18T23:00:00Z 115 212 66 32 0.900000 131
2014-05-18T22:00:00Z -1 -1 -1 -1 -1.000000 -1
2014-05-18T21:00:00Z 149 276 62 45 1.300000 163
2014-05-18T20:00:00Z 153 310 52 53 1.400000 207
2014-05-18T19:00:00Z 136 279 52 54 1.300000 237
2014-05-18T18:00:00Z 119 241 41 54 1.100000 249
2014-05-20T07:00:00Z 123 -1 72 13 1.200000 48
2014-05-20T06:00:00Z 178 249 124 9 1.600000 10
2014-05-20T05:00:00Z 176 254 123 9 1.500000 7
2014-05-20T04:00:00Z 173 246 118 9 1.400000 15
2014-05-20T03:00:00Z 177 248 106 12 1.400000 26
2014-05-20T02:00:00Z 183 288 130 11 1.500000 16
2014-05-21T01:00:00Z 126 141 73 26 1.600000 54
2014-05-21T00:00:00Z 156 219 47 29 2.400000 112
2014-05-20T23:00:00Z 134 225 52 32 2.300000 135
2014-05-20T22:00:00Z 130 368 70 23 2.200000 134
2014-05-22T13:00:00Z 167 -1 48 37 1.200000 239
2014-05-22T12:00:00Z -1 -1 -1 -1 -1.000000 -1
2014-05-22T11:00:00Z 291 371 113 -1 2.400000 115
2014-05-22T10:00:00Z 278 392 119 57 2.400000 66
2014-05-22T09:00:00Z 256 387 110 49 2.100000 40
2014-05-22T08:00:00Z 235 360 111 33 1.900000 14
2014-05-25T11:00:00Z 116 383 19 5 0.200000 71
2014-05-25T10:00:00Z 144 402 53 7 0.300000 36
2014-05-25T09:00:00Z -1 -1 -1 -1 -1.000000 -1
2014-05-25T08:00:00Z 124 135 33 9 0.500000 46
2014-05-25T07:00:00Z 126 -1 39 5 0.800000 15
2014-05-25T06:00:00Z 123 -1 33 5 0.800000 15
2014-06-17T04:00:00Z -1 -1 -1 -1 -1.000000 -1
2014-06-17T03:00:00Z 229 -1 16 11 1.000000 110
2014-06-17T02:00:00Z 233 237 24 8 1.100000 109
2014-06-17T01:00:00Z 202 -1 24 6 1.100000 108
2014-06-17T00:00:00Z 163 -1 47 6 1.000000 78
2014-06-16T23:00:00Z -1 -1 -1 -1 -1.000000 -1
2014-06-17T16:00:00Z 153 -1 46 8 1.100000 131
2014-06-17T15:00:00Z 147 -1 31 8 1.000000 146
2014-06-17T14:00:00Z 148 157 31 11 1.100000 127
2014-06-17T13:00:00Z 141 159 35 10 1.100000 104
2014-07-05T11:00:00Z -1 -1 -1 -1 -1.000000 -1
2014-07-05T10:00:00Z 175 -1 68 13 1.100000 63
2014-07-05T09:00:00Z 176 -1 64 12 1.100000 43
2014-07-05T08:00:00Z 172 176 73 10 1.100000 17
2014-07-05T07:00:00Z 130 148 63 11 0.900000 3
2014-07-18T19:00:00Z 119 154 47 9 0.900000 156
2014-07-18T18:00:00Z 115 -1 42 9 0.900000 160
2014-07-18T17:00:00Z -1 -1 -1 -1 -1.000000 -1
2014-07-18T16:00:00Z 122 -1 34 9 0.900000 158
2014-07-18T15:00:00Z -1 -1 -1 -1 -1.000000 -1
2014-07-18T14:00:00Z 181 -1 51 11 1.500000 181
2014-07-29T12:00:00Z 133 -1 25 8 0.500000 147
2014-07-29T11:00:00Z 132 -1 34 11 0.600000 128
2014-07-29T10:00:00Z -1 -1 -1 -1 -1.000000 -1
2014-07-29T09:00:00Z 177 204 63 20 0.900000 65
2014-07-29T08:00:00Z -1 -1 -1 -1 -1.000000 -1
2014-07-29T07:00:00Z 161 192 55 11 0.800000 48
2014-08-03T15:00:00Z -1 -1 -1 -1 -1.000000 -1
2014-08-03T14:00:00Z 121 191 33 11 1.000000 182
2014-08-03T13:00:00Z 124 -1 26 13 0.900000 203
2014-08-03T12:00:00Z 126 -1 32 9 0.900000 163
2014-08-03T11:00:00Z 123 -1 37 6 0.900000 123
2014-08-03T10:00:00Z -1 -1 -1 -1 -1.000000 -1
2014-08-09T12:00:00Z -1 -1 -1 -1 -1.000000 -1
2014-08-09T11:00:00Z 170 -1 108 17 1.400000 71
2014-08-09T10:00:00Z -1 -1 -1 -1 -1.000000 -1
2014-08-09T09:00:00Z 154 237 99 18 1.400000 26
2014-08-09T08:00:00Z 141 242 102 14 1.500000 11
2014-08-19T11:00:00Z 129 167 69 16 1.000000 118
2014-08-19T10:00:00Z -1 -1 -1 -1 -1.000000 -1
2014-08-19T09:00:00Z 140 218 95 16 1.200000 26
2014-08-19T08:00:00Z 131 190 100 9 1.100000 7
2014-08-20T18:00:00Z -1 -1 -1 -1 -1.000000 -1
2014-08-20T17:00:00Z 133 155 45 39 1.500000 225
2014-08-20T16:00:00Z -1 -1 -1 -1 -1.000000 -1
2014-08-20T15:00:00Z 132 232 39 47 1.500000 222
2014-08-20T14:00:00Z -1 -1 -1 -1 -1.000000 -1
2014-08-21T21:00:00Z 143 -1 39 19 1.100000 139
2014-08-21T20:00:00Z 166 237 70 16 1.600000 143
2014-08-21T19:00:00Z 146 191 57 12 1.300000 164
2014-08-21T18:00:00Z 153 211 42 9 1.100000 198
2014-08-21T17:00:00Z 163 247 54 14 1.100000 249
2014-08-21T16:00:00Z 196 288 70 16 1.200000 270
2014-08-23T22:00:00Z 147 162 68 10 1.200000 89
2014-08-23T21:00:00Z 154 242 72 10 1.300000 104
2014-08-23T20:00:00Z 146 198 61 11 1.300000 130
2014-08-23T19:00:00Z 134 202 53 10 1.100000 162
2014-08-30T23:00:00Z 147 -1 73 8 1.200000 19
2014-08-30T22:00:00Z 150 178 86 8 1.400000 11
2014-08-30T21:00:00Z 148 170 81 8 1.800000 7
2014-08-30T20:00:00Z 134 149 80 10 1.800000 12
2014-08-30T19:00:00Z 139 -1 73 12 1.800000 23
2014-08-30T18:00:00Z 144 165 74 12 2.000000 35
2014-09-07T22:00:00Z 150 174 80 12 1.500000 60
2014-09-07T21:00:00Z 147 232 66 15 1.400000 86
2014-09-07T20:00:00Z 140 217 50 22 1.400000 126
2014-09-07T19:00:00Z 130 204 48 24 1.300000 140
2014-09-21T06:00:00Z 117 -1 48 19 2.300000 21
2014-09-21T05:00:00Z 173 -1 52 11 1.800000 16
2014-09-21T04:00:00Z 186 -1 50 10 1.500000 -1
2014-09-21T03:00:00Z 189 -1 48 7 1.500000 26
2014-09-21T02:00:00Z 212 214 70 -1 1.500000 20
2014-09-21T01:00:00Z -1 -1 -1 -1 -1.000000 -1
2014-09-25T23:00:00Z -1 -1 -1 -1 -1.000000 -1
2014-09-25T22:00:00Z 147 -1 88 9 1.300000 14
2014-09-25T21:00:00Z 138 149 89 8 1.200000 14
2014-09-25T20:00:00Z 148 172 110 9 1.300000 2
2014-09-25T19:00:00Z 142 162 94 7 1.300000 19
2014-09-25T18:00:00Z 135 144 72 11 1.200000 47
2014-09-26T23:00:00Z 145 -1 81 9 1.800000 2
2014-09-26T22:00:00Z 149 -1 80 10 1.700000 2
2014-09-26T21:00:00Z 152 -1 93 10 1.600000 2
2014-09-26T20:00:00Z 163 -1 93 9 1.600000 2
2014-09-26T19:00:00Z 172 -1 93 10 1.700000 2
2014-09-26T18:00:00Z 184 -1 89 11 1.700000 7
2014-10-11T19:00:00Z -1 -1 -1 -1 -1.000000 -1
2014-10-11T18:00:00Z 235 -1 79 7 1.500000 19
2014-10-11T17:00:00Z 319 -1 97 8 2.000000 17
2014-10-11T16:00:00Z -1 -1 -1 -1 -1.000000 -1
2014-10-11T15:00:00Z 316 -1 79 10 1.900000 27
2014-10-11T14:00:00Z -1 -1 -1 -1 -1.000000 -1
2014-10-20T23:00:00Z 145 -1 -1 -1 -1.000000 -1
2014-10-20T22:00:00Z 181 -1 -1 -1 -1.000000 -1
2014-10-20T21:00:00Z 229 -1 -1 -1 -1.000000 -1
2014-10-20T20:00:00Z 230 245 -1 -1 -1.000000 -1
