2014-01-04T11:00:00Z 98 138 71 20 2.000000 -1
2014-01-04T10:00:00Z 83 122 76 17 2.100000 -1
2014-01-04T09:00:00Z 81 122 78 14 2.400000 -1
2014-01-04T08:00:00Z 68 103 79 13 2.000000 -1
2014-01-04T07:00:00Z 67 91 60 13 2.000000 -1
2014-01-04T06:00:00Z 66 94 67 17 1.800000 -1
2014-01-06T11:00:00Z 109 -1 51 18 1.500000 -1
2014-01-06T10:00:00Z 111 113 54 17 1.600000 -1
2014-01-06T09:00:00Z 106 110 53 16 1.500000 -1
2014-01-06T08:00:00Z 107 -1 55 15 1.500000 -1
2014-01-06T07:00:00Z 102 -1 51 14 1.400000 -1
2014-01-06T06:00:00Z 96 -1 45 13 1.400000 -1
2014-01-14T21:00:00Z 106 131 91 84 2.300000 -1
2014-01-14T20:00:00Z 96 124 91 80 2.100000 -1
2014-01-14T19:00:00Z 94 121 93 76 2.100000 -1
2014-01-14T18:00:00Z 92 101 90 65 1.900000 -1
2014-01-14T17:00:00Z 105 119 94 73 2.300000 -1
2014-01-22T16:00:00Z 92 102 150 63 1.900000 6
2014-01-22T15:00:00Z 96 104 140 65 1.900000 10
2014-01-22T14:00:00Z 95 98 121 76 2.000000 12
2014-01-22T13:00:00Z 100 -1 102 102 2.000000 11
2014-01-22T12:00:00Z 92 110 -1 111 1.800000 9
2014-01-22T11:00:00Z 87 94 -1 125 1.800000 7
2014-01-29T11:00:00Z 95 114 82 81 2.200000 7
2014-01-29T10:00:00Z 97 123 88 74 2.800000 1
2014-01-29T09:00:00Z 90 121 88 62 2.700000 1
2014-01-29T08:00:00Z 78 100 90 54 3.200000 1
2014-01-29T07:00:00Z 72 92 92 54 2.700000 1
2014-01-29T06:00:00Z 69 85 92 50 2.600000 1
2014-01-30T18:00:00Z 71 136 112 40 1.200000 35
2014-01-30T17:00:00Z 29 72 94 24 0.700000 46
2014-01-30T16:00:00Z 14 40 98 20 0.600000 42
2014-01-30T15:00:00Z 14 20 89 18 0.500000 47
2014-01-30T14:00:00Z 8 8 72 17 0.400000 50
2014-01-30T13:00:00Z 9 -1 62 14 0.400000 54
2014-01-31T16:00:00Z 106 131 76 62 1.200000 31
2014-01-31T15:00:00Z 94 110 73 75 1.100000 31
2014-01-31T14:00:00Z 82 104 67 74 1.100000 31
2014-01-31T13:00:00Z 80 99 64 68 1.200000 29
2014-01-31T12:00:00Z 73 95 58 72 1.100000 29
2014-01-31T11:00:00Z 76 96 62 70 1.200000 21
2014-02-05T22:00:00Z 112 135 97 69 1.200000 3
2014-02-05T21:00:00Z 103 120 83 56 1.100000 17
2014-02-05T20:00:00Z 86 91 83 59 1.000000 23
2014-02-05T19:00:00Z 93 107 87 83 1.000000 20
2014-02-05T18:00:00Z 88 91 83 81 1.000000 26
2014-02-05T17:00:00Z 98 -1 78 69 1.000000 32
2014-02-11T14:00:00Z 96 -1 111 67 1.800000 17
2014-02-11T13:00:00Z 92 -1 91 75 1.600000 18
2014-02-11T12:00:00Z -1 -1 -1 -1 -1.000000 -1
2014-02-11T11:00:00Z 94 100 -1 123 2.400000 9
2014-02-11T10:00:00Z 91 97 103 111 3.500000 1
2014-02-11T09:00:00Z 80 102 100 83 3.600000 1
2014-02-12T16:00:00Z 78 103 120 43 1.400000 30
2014-02-12T15:00:00Z 41 -1 93 25 0.900000 40
2014-02-12T14:00:00Z 34 -1 85 25 0.900000 39
2014-02-12T13:00:00Z 30 -1 72 28 0.900000 39
2014-02-12T12:00:00Z 42 -1 70 34 1.200000 35
2014-02-12T11:00:00Z 62 -1 86 80 1.600000 19
2014-02-19T22:00:00Z 112 130 148 39 1.500000 6
2014-02-19T21:00:00Z 72 103 144 28 1.200000 7
2014-02-19T20:00:00Z 28 29 144 20 0.900000 6
2014-02-19T19:00:00Z 27 -1 142 17 0.800000 8
2014-02-19T18:00:00Z 22 -1 135 15 0.700000 11
2014-02-19T17:00:00Z 17 -1 117 15 0.500000 16
2014-03-01T22:00:00Z 102 138 194 44 1.300000 10
2014-03-01T21:00:00Z 93 131 194 39 1.200000 16
2014-03-01T20:00:00Z 64 100 180 21 1.000000 23
2014-03-01T19:00:00Z 45 77 164 15 0.800000 33
2014-03-01T18:00:00Z 43 72 148 15 0.700000 54
2014-03-01T17:00:00Z 29 63 119 14 0.600000 58
2014-03-16T16:00:00Z 104 230 67 79 1.600000 86
2014-03-16T15:00:00Z 89 194 65 81 1.600000 77
2014-03-16T14:00:00Z 79 160 59 71 1.600000 73
2014-03-16T13:00:00Z 81 158 63 71 1.800000 65
2014-03-16T12:00:00Z 68 147 65 75 1.800000 53
2014-03-16T11:00:00Z 64 128 65 76 1.800000 44
2014-03-27T20:00:00Z 107 201 122 42 1.800000 2
2014-03-27T19:00:00Z 94 169 120 43 1.700000 2
2014-03-27T18:00:00Z 83 126 114 47 1.600000 2
2014-03-27T17:00:00Z 92 110 107 47 1.200000 2
2014-03-28T18:00:00Z 75 192 88 17 0.800000 60
2014-03-28T17:00:00Z 60 133 64 12 0.500000 72
2014-03-28T16:00:00Z 51 73 55 12 0.400000 76
2014-03-28T15:00:00Z -1 -1 -1 -1 -1.000000 -1
2014-03-28T14:00:00Z 72 -1 55 23 0.600000 69
2014-03-28T13:00:00Z 94 -1 62 37 0.800000 58
2014-03-31T02:00:00Z 81 234 143 20 0.900000 2
2014-03-31T01:00:00Z 62 154 140 14 0.800000 2
2014-03-31T00:00:00Z 50 152 142 12 0.700000 2
2014-03-30T23:00:00Z 44 158 138 10 0.800000 2
2014-03-30T22:00:00Z 38 149 126 9 0.700000 6
2014-03-30T21:00:00Z 25 113 112 7 0.600000 18
2014-04-17T21:00:00Z 110 127 91 17 1.200000 41
2014-04-17T20:00:00Z 94 113 82 17 1.100000 56
2014-04-17T19:00:00Z 86 105 86 20 1.200000 61
2014-04-17T18:00:00Z 78 92 78 21 1.200000 70
2014-04-17T17:00:00Z 79 87 66 20 1.200000 78
2014-04-17T16:00:00Z 79 86 52 28 1.200000 86
2014-04-23T07:00:00Z 113 150 78 13 1.000000 2
2014-04-23T06:00:00Z 106 130 58 11 0.900000 17
2014-04-23T05:00:00Z 102 129 59 11 0.800000 22
2014-04-23T04:00:00Z 85 130 64 11 0.800000 26
2014-04-23T03:00:00Z 77 132 72 13 0.800000 26
2014-04-23T02:00:00Z 80 137 69 14 0.800000 34
2014-05-01T02:00:00Z 109 167 73 15 0.800000 47
2014-05-01T01:00:00Z 99 167 69 16 0.800000 59
2014-05-01T00:00:00Z -1 -1 -1 -1 -1.000000 -1
2014-04-30T23:00:00Z 88 165 79 16 0.800000 67
2014-04-30T22:00:00Z 84 163 80 15 0.800000 76
2014-04-30T21:00:00Z 83 164 68 18 0.800000 96
2014-05-15T13:00:00Z 64 231 77 14 0.500000 57
2014-05-15T12:00:00Z 61 180 91 16 0.700000 34
2014-05-15T11:00:00Z 43 146 108 17 0.800000 12
2014-05-15T10:00:00Z 59 130 108 15 0.800000 3
2014-05-15T09:00:00Z 55 133 105 15 0.800000 2
2014-05-15T08:00:00Z 50 148 91 16 1.000000 2
2014-05-18T17:00:00Z 95 182 40 45 0.800000 235
2014-05-18T16:00:00Z 91 159 39 39 0.700000 221
2014-05-18T15:00:00Z 89 142 38 32 0.700000 219
2014-05-18T14:00:00Z 96 165 72 31 0.900000 193
2014-05-18T13:00:00Z 82 121 72 25 0.900000 150
2014-05-18T12:00:00Z -1 -1 -1 -1 -1.000000 -1
2014-05-21T14:00:00Z 109 196 80 37 1.700000 168
2014-05-21T13:00:00Z 105 159 86 34 1.600000 125
2014-05-21T12:00:00Z -1 -1 -1 -1 -1.000000 -1
2014-05-21T11:00:00Z 98 164 59 37 1.400000 93
2014-05-21T10:00:00Z 92 133 56 39 1.300000 77
2014-05-21T09:00:00Z 96 132 76 42 1.400000 37
2014-05-25T04:00:00Z 110 -1 25 5 0.800000 -1
2014-05-25T03:00:00Z 113 -1 30 5 0.800000 37
2014-05-25T02:00:00Z 98 -1 35 -1 0.800000 45
2014-05-25T01:00:00Z 97 -1 39 4 0.800000 37
2014-05-25T00:00:00Z 100 -1 28 4 0.800000 47
2014-05-24T23:00:00Z 102 -1 41 4 0.900000 37
2014-06-16T21:00:00Z 107 134 43 7 0.900000 137
2014-06-16T20:00:00Z 114 142 40 8 0.900000 160
2014-06-16T19:00:00Z -1 -1 -1 -1 -1.000000 -1
2014-06-16T18:00:00Z 113 152 35 8 0.800000 180
2014-06-16T17:00:00Z 114 138 26 9 0.700000 183
2014-07-28T01:00:00Z 110 175 47 14 0.700000 101
2014-07-28T00:00:00Z 109 173 45 15 0.800000 126
2014-07-27T23:00:00Z 102 172 52 16 0.800000 130
2014-07-27T22:00:00Z 98 144 45 17 0.700000 149
2014-07-27T21:00:00Z 107 150 38 18 0.800000 176
2014-07-27T20:00:00Z 114 166 36 20 0.800000 202
2014-07-30T08:00:00Z 113 -1 35 4 1.000000 64
2014-07-30T07:00:00Z -1 -1 -1 -1 -1.000000 -1
2014-07-30T06:00:00Z 70 -1 15 7 0.600000 79
2014-07-30T05:00:00Z 60 -1 19 7 0.500000 71
2014-07-30T04:00:00Z -1 -1 -1 -1 -1.000000 -1
2014-07-30T03:00:00Z 48 -1 16 6 0.500000 83
2014-08-20T03:00:00Z -1 -1 -1 -1 -1.000000 -1
2014-08-20T02:00:00Z 97 153 44 -1 0.700000 65
2014-08-20T01:00:00Z -1 -1 -1 -1 -1.000000 -1
2014-08-20T00:00:00Z 99 178 59 19 0.800000 82
2014-08-19T23:00:00Z 92 166 55 22 0.900000 98
2014-08-19T22:00:00Z 90 157 53 20 0.800000 117
2014-08-21T01:00:00Z 111 168 51 16 0.900000 77
2014-08-21T00:00:00Z 101 146 44 17 0.800000 102
2014-08-20T23:00:00Z -1 -1 -1 -1 -1.000000 -1
2014-08-20T22:00:00Z 89 143 52 15 0.800000 111
2014-08-20T21:00:00Z 90 129 50 20 0.800000 132
2014-08-20T20:00:00Z 101 164 48 23 1.000000 162
2014-08-30T02:00:00Z 96 143 111 -1 0.900000 2
2014-08-30T01:00:00Z -1 -1 -1 -1 -1.000000 -1
2014-08-30T00:00:00Z 80 120 86 8 0.900000 30
2014-08-29T23:00:00Z 77 121 83 8 0.900000 42
2014-08-29T22:00:00Z 73 130 98 5 1.000000 36
2014-08-29T21:00:00Z 70 130 78 6 0.900000 65
2014-09-01T09:00:00Z 102 124 76 7 1.800000 2
2014-09-01T08:00:00Z 93 98 73 6 1.700000 2
2014-09-01T07:00:00Z -1 -1 -1 -1 -1.000000 -1
2014-09-01T06:00:00Z 87 -1 59 4 1.600000 2
2014-09-01T05:00:00Z 75 -1 54 4 1.300000 4
2014-09-01T04:00:00Z 74 -1 42 3 1.000000 -1
2014-09-05T20:00:00Z 78 246 74 14 1.000000 118
2014-09-05T19:00:00Z -1 -1 -1 -1 -1.000000 -1
2014-09-05T18:00:00Z 55 62 36 16 0.600000 156
2014-09-05T17:00:00Z 58 122 33 17 0.600000 164
2014-09-05T16:00:00Z 66 -1 30 19 0.600000 172
2014-09-05T15:00:00Z -1 -1 -1 -1 -1.000000 -1
2014-09-25T08:00:00Z 83 146 62 8 1.300000 2
2014-09-25T07:00:00Z -1 -1 -1 -1 -1.000000 -1
2014-09-25T06:00:00Z 44 55 54 7 0.700000 2
2014-09-25T05:00:00Z 60 60 53 7 1.100000 2
2014-09-25T04:00:00Z 72 76 56 9 1.200000 -1
2014-09-25T03:00:00Z 86 -1 59 8 1.200000 2
2014-10-07T13:00:00Z 106 129 106 19 1.000000 46
2014-10-07T12:00:00Z 91 131 103 19 -1.000000 29
2014-10-07T11:00:00Z 80 124 113 14 0.900000 2
2014-10-07T10:00:00Z 80 124 113 14 0.900000 2
2014-10-17T14:00:00Z 111 174 153 21 1.300000 32
2014-10-17T13:00:00Z 110 184 144 22 1.300000 20
2014-10-17T12:00:00Z 93 174 132 24 1.200000 8
2014-10-17T11:00:00Z 89 172 113 23 1.200000 3
2014-10-17T10:00:00Z -1 -1 -1 -1 -1.000000 -1
2014-10-17T09:00:00Z 67 193 83 18 1.300000 2
2014-10-18T08:00:00Z 95 198 89 15 1.500000 2
2014-10-18T07:00:00Z 97 173 92 14 1.400000 2
2014-10-18T06:00:00Z -1 -1 -1 -1 -1.000000 -1
2014-10-18T05:00:00Z 104 199 111 15 1.300000 2
2014-10-29T15:00:00Z -1 -1 110 42 1.100000 21
2014-10-29T14:00:00Z 96 128 102 23 1.000000 26
2014-10-29T13:00:00Z -1 -1 -1 -1 -1.000000 -1
2014-10-29T12:00:00Z 98 132 101 24 1.100000 8
2014-10-29T11:00:00Z 100 154 98 20 1.200000 2
2014-10-29T10:00:00Z 107 204 98 17 1.500000 2
