2014-09-26T21:00:00Z 2014-09-26T23:00:00Z 61.970000 61.970000 0.880000 61.970000 61.970000 4.670000 340.000000 5 4 1
2014-09-26T20:00:00Z 2014-09-26T22:00:00Z 62.720000 62.720000 0.870000 62.720000 62.720000 2.480000 357.000000 5 4 1
2014-09-26T19:00:00Z 2014-09-26T21:00:00Z 65.710000 65.710000 0.850000 65.710000 65.710000 3.780000 344.000000 5 5 1
2014-09-26T18:00:00Z 2014-09-26T20:00:00Z 67.220000 67.220000 0.810000 67.220000 67.220000 3.300000 329.000000 5 5 1
2014-09-26T17:00:00Z 2014-09-26T19:00:00Z 69.840000 69.840000 0.740000 69.840000 69.840000 0.980000 11.000000 5 5 1
2014-09-25T17:00:00Z 2014-09-25T19:00:00Z 69.840000 69.840000 0.740000 69.840000 69.840000 4.920000 152.000000 5 4 1
2014-09-25T16:00:00Z 2014-09-25T18:00:00Z 70.240000 70.240000 0.730000 70.240000 70.240000 7.010000 163.000000 5 4 1
2014-09-25T15:00:00Z 2014-09-25T17:00:00Z 71.560000 71.560000 0.700000 71.560000 71.560000 7.700000 167.000000 5 5 1
2014-09-25T14:00:00Z 2014-09-25T16:00:00Z 70.580000 70.580000 0.710000 70.580000 70.580000 5.720000 173.000000 5 5 1
2014-09-21T05:00:00Z 2014-09-21T07:00:00Z 62.780000 62.780000 0.790000 62.780000 62.780000 2.200000 22.000000 5 3 1
2014-09-21T02:00:00Z 2014-09-21T04:00:00Z 64.940000 64.940000 0.740000 64.940000 64.940000 4.160000 109.000000 5 5 1
2014-09-20T20:00:00Z 2014-09-20T22:00:00Z 67.500000 67.500000 0.810000 67.500000 67.500000 1.830000 114.000000 5 5 1
2014-09-07T11:00:00Z 2014-09-07T13:00:00Z 80.170000 80.170000 0.660000 80.170000 80.170000 3.910000 243.000000 5 5 1
2014-09-06T14:00:00Z 2014-09-06T16:00:00Z 83.560000 83.560000 0.610000 83.560000 83.560000 6.730000 198.000000 5 4 1
2014-09-06T11:00:00Z 2014-09-06T13:00:00Z 80.500000 80.500000 0.650000 80.500000 80.500000 1.990000 71.000000 5 5 1
2014-09-06T08:00:00Z 2014-09-06T10:00:00Z 72.160000 72.160000 0.850000 72.160000 72.160000 3.730000 45.000000 5 5 1
2014-09-06T02:00:00Z 2014-09-06T04:00:00Z 71.050000 71.050000 0.920000 71.050000 71.050000 3.560000 101.000000 5 5 1
2014-09-05T23:00:00Z 2014-09-06T01:00:00Z 72.960000 72.960000 0.840000 72.960000 72.960000 3.920000 150.000000 5 4 0
2014-08-21T20:00:00Z 2014-08-21T22:00:00Z 77.590000 77.590000 0.580000 77.590000 77.590000 16.710000 42.000000 5 1 1
2014-08-21T17:00:00Z 2014-08-21T19:00:00Z 90.030000 90.030000 0.480000 90.030000 90.030000 6.560000 200.000000 5 4 1
2014-08-21T08:00:00Z 2014-08-21T10:00:00Z 76.610000 76.610000 0.780000 76.610000 76.610000 1.360000 73.000000 5 5 1
2014-08-20T11:00:00Z 2014-08-20T13:00:00Z 87.360000 87.360000 0.520000 87.360000 87.360000 6.620000 200.000000 5 3 1
2014-08-09T11:00:00Z 2014-08-09T13:00:00Z 83.790000 83.790000 0.530000 83.790000 83.790000 6.110000 245.000000 5 3 1
2014-08-03T05:00:00Z 2014-08-03T07:00:00Z 78.590000 78.590000 0.880000 78.590000 78.590000 3.440000 356.000000 5 5 0
2014-08-03T02:00:00Z 2014-08-03T04:00:00Z 78.850000 78.850000 0.870000 78.850000 78.850000 0.320000 145.000000 5 5 0
2014-08-02T14:00:00Z 2014-08-02T16:00:00Z 90.930000 90.930000 0.590000 90.930000 90.930000 3.930000 166.000000 5 4 0
2014-08-02T05:00:00Z 2014-08-02T07:00:00Z 76.660000 76.660000 0.880000 76.660000 76.660000 3.650000 117.000000 5 4 0
2014-08-02T02:00:00Z 2014-08-02T04:00:00Z 78.750000 78.750000 0.870000 78.750000 78.750000 2.630000 155.000000 5 5 0
2014-08-01T20:00:00Z 2014-08-01T22:00:00Z 81.860000 81.860000 0.740000 81.860000 81.860000 3.990000 164.000000 5 5 0
2014-08-01T11:00:00Z 2014-08-01T13:00:00Z 85.830000 85.830000 0.650000 85.830000 85.830000 4.810000 113.000000 5 5 0
2014-07-31T23:00:00Z 2014-08-01T01:00:00Z 78.930000 78.930000 0.790000 78.930000 78.930000 3.980000 159.000000 5 5 1
2014-07-31T17:00:00Z 2014-07-31T19:00:00Z 86.110000 86.110000 0.620000 86.110000 86.110000 7.460000 148.000000 5 4 1
2014-07-31T05:00:00Z 2014-07-31T07:00:00Z 74.380000 74.380000 0.940000 74.380000 74.380000 3.560000 115.000000 5 5 1
2014-07-31T02:00:00Z 2014-07-31T04:00:00Z 76.360000 76.360000 0.880000 76.360000 76.360000 3.420000 127.000000 5 5 1
2014-07-30T23:00:00Z 2014-07-31T01:00:00Z 75.000000 75.000000 0.940000 75.000000 75.000000 2.040000 93.000000 5 5 1
2014-07-30T20:00:00Z 2014-07-30T22:00:00Z 77.300000 77.300000 0.830000 77.300000 77.300000 4.120000 116.000000 5 5 1
2014-07-30T17:00:00Z 2014-07-30T19:00:00Z 82.290000 82.290000 0.700000 82.290000 82.290000 4.380000 122.000000 5 4 1
2014-07-30T14:00:00Z 2014-07-30T16:00:00Z 82.070000 82.070000 0.700000 82.070000 82.070000 6.340000 71.000000 5 5 1
2014-07-18T14:00:00Z 2014-07-18T16:00:00Z 91.070000 91.070000 0.590000 91.070000 91.070000 4.220000 177.000000 5 4 1
2014-07-18T05:00:00Z 2014-07-18T07:00:00Z 76.660000 76.660000 0.850000 76.660000 76.660000 1.680000 77.000000 5 4 1
2014-07-18T02:00:00Z 2014-07-18T04:00:00Z 78.390000 78.390000 0.760000 78.390000 78.390000 6.600000 120.000000 5 5 1
2014-07-17T23:00:00Z 2014-07-18T01:00:00Z 79.070000 79.070000 0.820000 79.070000 79.070000 2.100000 75.000000 5 5 1
2014-07-17T20:00:00Z 2014-07-17T22:00:00Z 79.120000 79.120000 0.800000 79.120000 79.120000 3.570000 78.000000 5 5 1
2014-07-17T17:00:00Z 2014-07-17T19:00:00Z 82.430000 82.430000 0.710000 82.430000 82.430000 4.090000 84.000000 5 5 1
2014-07-17T14:00:00Z 2014-07-17T16:00:00Z 82.420000 82.420000 0.700000 82.420000 82.420000 8.590000 167.000000 5 5 1
2014-07-08T05:00:00Z 2014-07-08T07:00:00Z 76.680000 76.680000 0.850000 76.680000 76.680000 1.730000 11.000000 5 4 1
2014-07-08T02:00:00Z 2014-07-08T04:00:00Z 75.410000 75.410000 0.830000 75.410000 75.410000 4.200000 198.000000 5 5 1
2014-07-07T23:00:00Z 2014-07-08T01:00:00Z 81.000000 81.000000 0.690000 81.000000 81.000000 6.990000 141.000000 5 5 1
2014-07-07T22:00:00Z 2014-07-08T00:00:00Z 81.310000 81.310000 0.700000 81.310000 81.310000 6.360000 141.000000 5 5 1
2014-07-07T21:00:00Z 2014-07-07T23:00:00Z 81.510000 81.510000 0.710000 81.510000 81.510000 5.030000 137.000000 5 5 1
2014-07-07T20:00:00Z 2014-07-07T22:00:00Z 81.850000 81.850000 0.720000 81.850000 81.850000 4.480000 130.000000 5 5 1
2014-07-07T17:00:00Z 2014-07-07T19:00:00Z 87.420000 87.420000 0.610000 87.420000 87.420000 7.230000 145.000000 5 5 1
2014-07-07T14:00:00Z 2014-07-07T16:00:00Z 87.560000 87.560000 0.610000 87.560000 87.560000 8.820000 145.000000 5 5 1
2014-07-06T17:00:00Z 2014-07-06T19:00:00Z 86.050000 86.050000 0.640000 86.050000 86.050000 7.140000 154.000000 5 5 1
2014-07-06T08:00:00Z 2014-07-06T10:00:00Z 76.980000 76.980000 0.870000 76.980000 76.980000 4.110000 132.000000 5 5 1
2014-07-06T05:00:00Z 2014-07-06T07:00:00Z 74.460000 74.460000 0.900000 74.460000 74.460000 6.640000 140.000000 5 5 1
2014-07-06T02:00:00Z 2014-07-06T04:00:00Z 76.460000 76.460000 0.880000 76.460000 76.460000 3.840000 125.000000 5 5 1
2014-07-05T08:00:00Z 2014-07-05T10:00:00Z 78.740000 78.740000 0.810000 78.740000 78.740000 3.400000 91.000000 5 5 0
2014-07-04T17:00:00Z 2014-07-04T19:00:00Z 85.280000 85.280000 0.690000 85.280000 85.280000 9.700000 167.000000 5 5 0
2014-07-04T14:00:00Z 2014-07-04T16:00:00Z 89.510000 89.510000 0.550000 89.510000 89.510000 4.200000 92.000000 5 5 0
2014-07-04T11:00:00Z 2014-07-04T13:00:00Z 85.830000 85.830000 0.640000 85.830000 85.830000 3.530000 74.000000 5 5 0
2014-07-03T08:00:00Z 2014-07-03T10:00:00Z 76.250000 76.250000 0.850000 76.250000 76.250000 3.480000 75.000000 5 5 0
2014-07-03T05:00:00Z 2014-07-03T07:00:00Z 72.380000 72.380000 0.900000 72.380000 72.380000 1.940000 166.000000 5 5 0
2014-06-26T08:00:00Z 2014-06-26T10:00:00Z 78.050000 78.050000 0.750000 78.050000 78.050000 2.210000 247.000000 5 4 1
2014-06-15T08:00:00Z 2014-06-15T10:00:00Z 80.210000 80.210000 0.610000 80.210000 80.210000 3.530000 93.000000 5 4 1
2014-05-22T08:00:00Z 2014-05-22T10:00:00Z 74.920000 74.920000 0.670000 74.920000 74.920000 3.500000 70.000000 5 6 1
2014-05-22T05:00:00Z 2014-05-22T07:00:00Z 65.670000 65.670000 0.830000 65.670000 65.670000 1.720000 71.000000 5 5 1
2014-05-21T23:00:00Z 2014-05-22T01:00:00Z 74.820000 74.820000 0.630000 74.820000 74.820000 6.990000 141.000000 5 5 1
2014-05-20T05:00:00Z 2014-05-20T07:00:00Z 66.790000 66.790000 0.650000 66.790000 66.790000 7.590000 20.000000 5 4 1
2014-05-20T02:00:00Z 2014-05-20T04:00:00Z 65.750000 65.750000 0.820000 65.750000 65.750000 1.310000 20.000000 5 5 1
2014-05-01T17:00:00Z 2014-05-01T19:00:00Z 72.600000 72.600000 0.310000 72.600000 72.600000 20.290000 297.000000 5 2 0
2014-05-01T14:00:00Z 2014-05-01T16:00:00Z 80.890000 80.890000 0.420000 80.890000 80.890000 10.720000 178.000000 5 5 0
2014-05-01T11:00:00Z 2014-05-01T13:00:00Z 78.580000 78.580000 0.490000 78.580000 78.580000 10.140000 197.000000 5 5 0
2014-04-25T11:00:00Z 2014-04-25T13:00:00Z 74.230000 74.230000 0.430000 74.230000 74.230000 2.160000 84.000000 5 3 1
2014-04-23T17:00:00Z 2014-04-23T19:00:00Z 74.510000 74.510000 0.420000 74.510000 74.510000 14.780000 190.000000 5 4 1
2014-04-23T14:00:00Z 2014-04-23T16:00:00Z 76.950000 76.950000 0.430000 76.950000 76.950000 8.800000 193.000000 5 5 1
2014-04-23T11:00:00Z 2014-04-23T13:00:00Z 71.930000 71.930000 0.530000 71.930000 71.930000 7.060000 177.000000 5 5 1
2014-04-18T20:00:00Z 2014-04-18T22:00:00Z 56.960000 56.960000 0.520000 56.960000 56.960000 8.470000 140.000000 5 3 1
2014-04-18T11:00:00Z 2014-04-18T13:00:00Z 67.060000 67.060000 0.570000 67.060000 67.060000 3.470000 203.000000 5 5 1
2014-04-18T08:00:00Z 2014-04-18T10:00:00Z 58.200000 58.200000 0.790000 58.200000 58.200000 1.900000 37.000000 5 5 1
2014-04-18T05:00:00Z 2014-04-18T07:00:00Z 53.290000 53.290000 0.930000 53.290000 53.290000 1.750000 102.000000 5 4 1
2014-04-15T08:00:00Z 2014-04-15T10:00:00Z 65.690000 65.690000 0.530000 65.690000 65.690000 7.380000 143.000000 5 2 1
2014-04-15T05:00:00Z 2014-04-15T07:00:00Z 60.340000 60.340000 0.610000 60.340000 60.340000 3.410000 150.000000 5 5 1
2014-04-15T02:00:00Z 2014-04-15T04:00:00Z 62.560000 62.560000 0.550000 62.560000 62.560000 3.770000 112.000000 5 5 1
2014-04-14T20:00:00Z 2014-04-14T22:00:00Z 66.760000 66.760000 0.580000 66.760000 66.760000 2.370000 151.000000 5 4 1
2014-04-14T17:00:00Z 2014-04-14T19:00:00Z 77.690000 77.690000 0.330000 77.690000 77.690000 9.060000 182.000000 5 5 1
2014-04-13T23:00:00Z 2014-04-14T01:00:00Z 60.780000 60.780000 0.570000 60.780000 60.780000 3.980000 94.000000 5 5 1
2014-04-13T20:00:00Z 2014-04-13T22:00:00Z 65.440000 65.440000 0.420000 65.440000 65.440000 6.880000 144.000000 5 5 1
2014-04-13T14:00:00Z 2014-04-13T16:00:00Z 73.270000 73.270000 0.240000 73.270000 73.270000 6.540000 178.000000 5 4 1
2014-04-01T11:00:00Z 2014-04-01T13:00:00Z 67.510000 67.510000 0.320000 67.510000 67.510000 1.530000 95.000000 5 4 0
2014-04-01T05:00:00Z 2014-04-01T07:00:00Z 45.700000 45.700000 0.880000 45.700000 45.700000 0.080000 137.000000 5 4 0
2014-03-31T14:00:00Z 2014-03-31T16:00:00Z 70.870000 70.870000 0.300000 70.870000 70.870000 7.240000 145.000000 5 3 1
2014-03-31T11:00:00Z 2014-03-31T13:00:00Z 63.950000 63.950000 0.420000 63.950000 63.950000 3.040000 50.000000 5 5 1
2014-03-28T23:00:00Z 2014-03-29T01:00:00Z 53.930000 53.930000 0.730000 53.930000 53.930000 1.930000 136.000000 5 4 1
2014-03-28T05:00:00Z 2014-03-28T07:00:00Z 54.340000 54.340000 0.720000 54.340000 54.340000 6.330000 311.000000 5 4 1
2014-03-26T02:00:00Z 2014-03-26T04:00:00Z 49.820000 49.820000 0.660000 49.820000 49.820000 3.770000 91.000000 5 6 1
2014-03-25T23:00:00Z 2014-03-26T01:00:00Z 54.000000 54.000000 0.580000 54.000000 54.000000 1.930000 84.000000 5 5 1
2014-03-25T20:00:00Z 2014-03-25T22:00:00Z 59.100000 59.100000 0.470000 59.100000 59.100000 4.030000 162.000000 5 5 1
2014-03-25T17:00:00Z 2014-03-25T19:00:00Z 71.730000 71.730000 0.250000 71.730000 71.730000 8.620000 197.000000 5 5 1
2014-03-25T08:00:00Z 2014-03-25T10:00:00Z 53.990000 53.990000 0.400000 53.990000 53.990000 7.840000 339.000000 5 5 1
2014-03-25T05:00:00Z 2014-03-25T07:00:00Z 44.820000 44.820000 0.600000 44.820000 44.820000 3.460000 341.000000 5 5 1
2014-03-24T23:00:00Z 2014-03-25T01:00:00Z 50.250000 50.250000 0.580000 50.250000 50.250000 1.810000 42.000000 5 6 1
2014-03-24T17:00:00Z 2014-03-24T19:00:00Z 68.470000 68.470000 0.230000 68.470000 68.470000 6.310000 227.000000 5 5 1
2014-03-24T14:00:00Z 2014-03-24T16:00:00Z 70.130000 70.130000 0.230000 70.130000 70.130000 6.910000 203.000000 5 5 1
2014-03-24T08:00:00Z 2014-03-24T10:00:00Z 49.520000 49.520000 0.540000 49.520000 49.520000 1.550000 90.000000 5 6 1
2014-03-24T05:00:00Z 2014-03-24T07:00:00Z 39.590000 39.590000 0.680000 39.590000 39.590000 1.600000 80.000000 5 5 1
2014-03-24T02:00:00Z 2014-03-24T04:00:00Z 43.640000 43.640000 0.550000 43.640000 43.640000 1.150000 350.000000 5 5 1
2014-03-23T23:00:00Z 2014-03-24T01:00:00Z 49.860000 49.860000 0.510000 49.860000 49.860000 1.990000 131.000000 5 5 1
2014-03-23T17:00:00Z 2014-03-23T19:00:00Z 63.520000 63.520000 0.240000 63.520000 63.520000 7.210000 157.000000 5 4 1
2014-03-17T05:00:00Z 2014-03-17T07:00:00Z 38.850000 38.850000 0.630000 38.850000 38.850000 2.240000 16.000000 5 5 1
2014-03-16T02:00:00Z 2014-03-16T04:00:00Z 44.630000 44.630000 0.300000 44.630000 44.630000 1.910000 70.000000 5 4 1
2014-03-15T23:00:00Z 2014-03-16T01:00:00Z 53.710000 53.710000 0.280000 53.710000 53.710000 10.930000 130.000000 5 5 1
2014-03-11T20:00:00Z 2014-03-11T22:00:00Z 50.860000 50.860000 0.210000 50.860000 50.860000 16.610000 29.000000 5 1 1
2014-03-11T14:00:00Z 2014-03-11T16:00:00Z 53.960000 53.960000 0.300000 53.960000 53.960000 2.250000 20.000000 5 5 1
2014-03-11T11:00:00Z 2014-03-11T13:00:00Z 49.680000 49.680000 0.330000 49.680000 49.680000 3.470000 8.000000 5 5 1
2014-03-11T08:00:00Z 2014-03-11T10:00:00Z 38.250000 38.250000 0.540000 38.250000 38.250000 5.930000 337.000000 5 5 1
2014-03-11T05:00:00Z 2014-03-11T07:00:00Z 32.180000 32.180000 0.740000 32.180000 32.180000 3.190000 4.000000 5 4 1
2014-03-03T11:00:00Z 2014-03-03T13:00:00Z 35.950000 35.950000 0.580000 35.950000 35.950000 1.570000 79.000000 5 5 0
2014-02-28T20:00:00Z 2014-02-28T22:00:00Z 33.760000 33.760000 0.550000 33.760000 33.760000 2.200000 195.000000 5 5 1
2014-02-24T14:00:00Z 2014-02-24T16:00:00Z 44.530000 44.530000 0.440000 44.530000 44.530000 1.830000 206.000000 5 6 1
2014-02-24T11:00:00Z 2014-02-24T13:00:00Z 41.910000 41.910000 0.490000 41.910000 41.910000 1.660000 32.000000 5 5 1
2014-02-24T08:00:00Z 2014-02-24T10:00:00Z 35.370000 35.370000 0.620000 35.370000 35.370000 1.760000 200.000000 5 5 1
2014-02-24T05:00:00Z 2014-02-24T07:00:00Z 35.260000 35.260000 0.630000 35.260000 35.260000 1.860000 21.000000 5 5 1
2014-02-24T02:00:00Z 2014-02-24T04:00:00Z 35.390000 35.390000 0.630000 35.390000 35.390000 0.180000 38.000000 5 5 1
2014-02-23T20:00:00Z 2014-02-23T22:00:00Z 35.530000 35.530000 0.620000 35.530000 35.530000 1.840000 34.000000 5 6 1
2014-02-23T17:00:00Z 2014-02-23T19:00:00Z 35.730000 35.730000 0.620000 35.730000 35.730000 0.850000 117.000000 5 5 1
2014-02-23T14:00:00Z 2014-02-23T16:00:00Z 35.720000 35.720000 0.580000 35.720000 35.720000 4.130000 128.000000 5 5 1
2014-02-23T11:00:00Z 2014-02-23T13:00:00Z 35.450000 35.450000 0.580000 35.450000 35.450000 4.090000 94.000000 5 5 1
2014-02-23T08:00:00Z 2014-02-23T10:00:00Z 35.210000 35.210000 0.590000 35.210000 35.210000 3.340000 26.000000 5 5 1
2014-02-23T05:00:00Z 2014-02-23T07:00:00Z 33.470000 33.470000 0.630000 33.470000 33.470000 0.360000 107.000000 5 5 1
2014-02-23T02:00:00Z 2014-02-23T04:00:00Z 33.470000 33.470000 0.670000 33.470000 33.470000 3.750000 155.000000 5 5 1
2014-02-22T23:00:00Z 2014-02-23T01:00:00Z 35.780000 35.780000 0.650000 35.780000 35.780000 3.930000 158.000000 5 5 1
2014-02-20T14:00:00Z 2014-02-20T16:00:00Z 34.430000 34.430000 0.530000 34.430000 34.430000 6.820000 176.000000 5 6 1
2014-02-20T11:00:00Z 2014-02-20T13:00:00Z 31.610000 31.610000 0.580000 31.610000 31.610000 6.240000 76.000000 5 5 1
2014-02-20T08:00:00Z 2014-02-20T10:00:00Z 26.520000 26.520000 0.810000 26.520000 26.520000 3.890000 151.000000 5 5 1
2014-02-20T05:00:00Z 2014-02-20T07:00:00Z 26.370000 26.370000 0.810000 26.370000 26.370000 1.660000 74.000000 5 5 1
2014-02-16T23:00:00Z 2014-02-17T01:00:00Z 33.860000 33.860000 0.540000 33.860000 33.860000 3.780000 156.000000 5 5 1
2014-02-16T17:00:00Z 2014-02-16T19:00:00Z 40.400000 40.400000 0.340000 40.400000 40.400000 7.850000 194.000000 5 6 1
2014-02-14T11:00:00Z 2014-02-14T13:00:00Z 31.450000 31.450000 0.580000 31.450000 31.450000 3.300000 117.000000 5 6 1
2014-02-14T05:00:00Z 2014-02-14T07:00:00Z 18.250000 18.250000 0.770000 18.250000 18.250000 1.390000 14.000000 5 5 1
2014-02-14T02:00:00Z 2014-02-14T04:00:00Z 19.380000 19.380000 0.800000 19.380000 19.380000 1.540000 83.000000 5 5 1
2014-02-13T20:00:00Z 2014-02-13T22:00:00Z 24.940000 24.940000 0.640000 24.940000 24.940000 3.230000 30.000000 5 6 1
2014-02-13T17:00:00Z 2014-02-13T19:00:00Z 31.320000 31.320000 0.530000 31.320000 31.320000 2.540000 179.000000 5 6 1
2014-02-13T14:00:00Z 2014-02-13T16:00:00Z 31.840000 31.840000 0.480000 31.840000 31.840000 6.800000 194.000000 5 5 1
2014-02-13T11:00:00Z 2014-02-13T13:00:00Z 27.930000 27.930000 0.510000 27.930000 27.930000 6.670000 141.000000 5 5 1
2014-02-13T08:00:00Z 2014-02-13T10:00:00Z 25.220000 25.220000 0.490000 25.220000 25.220000 5.920000 138.000000 5 5 1
2014-02-13T05:00:00Z 2014-02-13T07:00:00Z 25.410000 25.410000 0.560000 25.410000 25.410000 3.670000 73.000000 5 5 1
2014-02-13T02:00:00Z 2014-02-13T04:00:00Z 23.920000 23.920000 0.620000 23.920000 23.920000 3.480000 119.000000 5 5 1
2014-02-12T08:00:00Z 2014-02-12T10:00:00Z 23.350000 23.350000 0.490000 23.350000 23.350000 3.440000 359.000000 5 3 1
2014-02-12T02:00:00Z 2014-02-12T04:00:00Z 12.290000 12.290000 0.710000 12.290000 12.290000 8.020000 351.000000 5 5 1
2014-02-11T23:00:00Z 2014-02-12T01:00:00Z 16.180000 16.180000 0.670000 16.180000 16.180000 1.870000 41.000000 5 5 1
2014-02-11T20:00:00Z 2014-02-11T22:00:00Z 21.320000 21.320000 0.560000 21.320000 21.320000 1.510000 116.000000 5 5 1
2014-02-06T02:00:00Z 2014-02-06T04:00:00Z 22.170000 22.170000 0.540000 22.170000 22.170000 3.700000 58.000000 5 5 1
2014-02-02T08:00:00Z 2014-02-02T10:00:00Z 36.490000 36.490000 0.700000 36.490000 36.490000 10.130000 3.000000 5 3 0
2014-02-01T11:00:00Z 2014-02-01T13:00:00Z 37.780000 37.780000 0.550000 37.780000 37.780000 1.990000 29.000000 5 4 0
2014-02-01T08:00:00Z 2014-02-01T10:00:00Z 34.630000 34.630000 0.540000 34.630000 34.630000 3.850000 343.000000 5 5 0
2014-01-31T20:00:00Z 2014-01-31T22:00:00Z 35.150000 35.150000 0.600000 35.150000 35.150000 2.240000 30.000000 5 5 1
2014-01-31T05:00:00Z 2014-01-31T07:00:00Z 24.270000 24.270000 0.750000 24.270000 24.270000 2.120000 0.000000 5 4 1
2014-01-30T20:00:00Z 2014-01-30T22:00:00Z 33.550000 33.550000 0.580000 33.550000 33.550000 10.040000 129.000000 5 4 1
2014-01-30T02:00:00Z 2014-01-30T04:00:00Z 23.800000 23.800000 0.600000 23.800000 23.800000 1.220000 32.000000 5 3 1
2014-01-29T23:00:00Z 2014-01-30T01:00:00Z 28.070000 28.070000 0.610000 28.070000 28.070000 3.810000 88.000000 5 5 1
2014-01-29T20:00:00Z 2014-01-29T22:00:00Z 28.160000 28.160000 0.610000 28.160000 28.160000 4.140000 347.000000 5 5 1
2014-01-29T17:00:00Z 2014-01-29T19:00:00Z 34.590000 34.590000 0.470000 34.590000 34.590000 1.810000 291.000000 5 5 1
2014-01-24T14:00:00Z 2014-01-24T16:00:00Z 48.510000 48.510000 0.120000 48.510000 48.510000 8.330000 13.000000 5 2 1
2014-01-23T20:00:00Z 2014-01-23T22:00:00Z 21.790000 21.790000 0.530000 21.790000 21.790000 3.770000 19.000000 5 6 1
2014-01-23T17:00:00Z 2014-01-23T19:00:00Z 35.830000 35.830000 0.320000 35.830000 35.830000 1.930000 57.000000 5 5 1
2014-01-23T14:00:00Z 2014-01-23T16:00:00Z 36.190000 36.190000 0.290000 36.190000 36.190000 1.630000 112.000000 5 5 1
2014-01-23T11:00:00Z 2014-01-23T13:00:00Z 33.220000 33.220000 0.300000 33.220000 33.220000 1.160000 37.000000 5 5 1
2014-01-23T08:00:00Z 2014-01-23T10:00:00Z 20.530000 20.530000 0.500000 20.530000 20.530000 3.070000 349.000000 5 5 1
2014-01-23T05:00:00Z 2014-01-23T07:00:00Z 16.680000 16.680000 0.550000 16.680000 16.680000 3.260000 340.000000 5 5 1
2014-01-23T02:00:00Z 2014-01-23T04:00:00Z 19.290000 19.290000 0.530000 19.290000 19.290000 0.140000 196.000000 5 5 1
2014-01-22T23:00:00Z 2014-01-23T01:00:00Z 25.000000 25.000000 0.430000 25.000000 25.000000 1.930000 92.000000 5 5 1
2014-01-22T20:00:00Z 2014-01-22T22:00:00Z 28.110000 28.110000 0.370000 28.110000 28.110000 0.200000 142.000000 5 5 1
2014-01-19T17:00:00Z 2014-01-19T19:00:00Z 33.740000 33.740000 0.460000 33.740000 33.740000 5.290000 266.000000 5 1 1
2014-01-19T14:00:00Z 2014-01-19T16:00:00Z 36.860000 36.860000 0.420000 36.860000 36.860000 6.300000 216.000000 5 5 1
2014-01-18T23:00:00Z 2014-01-19T01:00:00Z 27.960000 27.960000 0.610000 27.960000 27.960000 6.860000 121.000000 5 4 1
2014-01-18T14:00:00Z 2014-01-18T16:00:00Z 44.130000 44.130000 0.140000 44.130000 44.130000 6.650000 197.000000 5 4 1
2014-01-18T02:00:00Z 2014-01-18T04:00:00Z 29.020000 29.020000 0.770000 29.020000 29.020000 7.110000 315.000000 5 2 1
2014-01-17T20:00:00Z 2014-01-17T22:00:00Z 35.850000 35.850000 0.190000 35.850000 35.850000 10.360000 274.000000 5 6 1
2014-01-17T17:00:00Z 2014-01-17T19:00:00Z 37.950000 37.950000 0.170000 37.950000 37.950000 10.460000 283.000000 5 5 1
2014-01-13T23:00:00Z 2014-01-14T01:00:00Z 19.070000 19.070000 0.470000 19.070000 19.070000 1.930000 20.000000 5 5 1
2014-01-13T20:00:00Z 2014-01-13T22:00:00Z 21.290000 21.290000 0.450000 21.290000 21.290000 1.740000 62.000000 5 5 1
2014-01-11T20:00:00Z 2014-01-11T22:00:00Z 25.210000 25.210000 0.570000 25.210000 25.210000 3.840000 351.000000 5 5 1
2014-01-06T20:00:00Z 2014-01-06T22:00:00Z 29.310000 29.310000 0.710000 29.310000 29.310000 1.870000 89.000000 5 5 1
2014-01-06T17:00:00Z 2014-01-06T19:00:00Z 29.730000 29.730000 0.700000 29.730000 29.730000 2.370000 113.000000 5 5 1
2014-01-06T14:00:00Z 2014-01-06T16:00:00Z 31.920000 31.920000 0.690000 31.920000 31.920000 6.610000 140.000000 5 5 1
2014-01-05T05:00:00Z 2014-01-05T07:00:00Z 18.990000 18.990000 0.790000 18.990000 18.990000 7.650000 357.000000 5 3 0
2014-01-05T02:00:00Z 2014-01-05T04:00:00Z 21.070000 21.070000 0.790000 21.070000 21.070000 8.600000 358.000000 5 5 0
2014-01-04T23:00:00Z 2014-01-05T01:00:00Z 23.070000 23.070000 0.740000 23.070000 23.070000 4.000000 0.000000 5 5 0
2014-01-04T20:00:00Z 2014-01-04T22:00:00Z 26.790000 26.790000 0.760000 26.790000 26.790000 1.980000 12.000000 5 5 0
2014-01-04T17:00:00Z 2014-01-04T19:00:00Z 31.970000 31.970000 0.570000 31.970000 31.970000 3.500000 29.000000 5 5 0
2014-01-04T14:00:00Z 2014-01-04T16:00:00Z 35.990000 35.990000 0.490000 35.990000 35.990000 2.230000 92.000000 5 5 0
2014-01-02T23:00:00Z 2014-01-03T01:00:00Z 33.930000 33.930000 0.520000 33.930000 33.930000 10.670000 350.000000 5 5 0
2014-01-02T20:00:00Z 2014-01-02T22:00:00Z 31.900000 31.900000 0.560000 31.900000 31.900000 1.990000 296.000000 5 5 0
2014-01-02T14:00:00Z 2014-01-02T16:00:00Z 44.890000 44.890000 0.310000 44.890000 44.890000 3.270000 83.000000 5 4 0
2013-12-31T02:00:00Z 2013-12-31T04:00:00Z 26.710000 26.710000 0.330000 26.710000 26.710000 1.910000 215.000000 5 5 1
