2014-09-26T23:00:00Z 2014-09-27T01:00:00Z 61.150000 61.150000 0.830000 61.150000 61.150000 6.620000 343.000000 4 3 1
2014-09-26T22:00:00Z 2014-09-27T00:00:00Z 61.530000 61.530000 0.850000 61.530000 61.530000 4.240000 344.000000 4 3 1
2014-09-26T15:00:00Z 2014-09-26T17:00:00Z 70.980000 70.980000 0.710000 70.980000 70.980000 4.900000 210.000000 4 5 1
2014-09-26T13:00:00Z 2014-09-26T15:00:00Z 72.210000 72.210000 0.690000 72.210000 72.210000 5.900000 191.000000 4 4 1
2014-09-25T22:00:00Z 2014-09-26T00:00:00Z 62.960000 62.960000 0.830000 62.960000 62.960000 5.410000 164.000000 4 3 1
2014-09-25T20:00:00Z 2014-09-25T22:00:00Z 65.280000 65.280000 0.820000 65.280000 65.280000 4.000000 150.000000 4 4 1
2014-09-25T19:00:00Z 2014-09-25T21:00:00Z 66.120000 66.120000 0.810000 66.120000 66.120000 4.020000 151.000000 4 4 1
2014-09-25T18:00:00Z 2014-09-25T20:00:00Z 68.050000 68.050000 0.770000 68.050000 68.050000 4.170000 154.000000 4 4 1
2014-09-25T13:00:00Z 2014-09-25T15:00:00Z 70.120000 70.120000 0.730000 70.120000 70.120000 4.950000 173.000000 4 5 1
2014-09-25T12:00:00Z 2014-09-25T14:00:00Z 68.340000 68.340000 0.760000 68.340000 68.340000 5.250000 146.000000 4 5 1
2014-09-25T10:00:00Z 2014-09-25T12:00:00Z 65.870000 65.870000 0.830000 65.870000 65.870000 2.110000 162.000000 4 4 1
2014-09-20T14:00:00Z 2014-09-20T16:00:00Z 80.240000 80.240000 0.470000 80.240000 80.240000 4.130000 255.000000 4 3 1
2014-09-20T11:00:00Z 2014-09-20T13:00:00Z 74.110000 74.110000 0.660000 74.110000 74.110000 3.600000 76.000000 4 3 1
2014-09-11T20:00:00Z 2014-09-11T22:00:00Z 68.140000 68.140000 0.890000 68.140000 68.140000 5.720000 1.000000 4 3 1
2014-09-07T20:00:00Z 2014-09-07T22:00:00Z 72.810000 72.810000 0.820000 72.810000 72.810000 3.530000 8.000000 4 4 1
2014-09-07T14:00:00Z 2014-09-07T16:00:00Z 85.290000 85.290000 0.480000 85.290000 85.290000 6.720000 218.000000 4 3 1
2014-09-07T02:00:00Z 2014-09-07T04:00:00Z 72.470000 72.470000 0.800000 72.470000 72.470000 2.220000 136.000000 4 4 1
2014-09-06T23:00:00Z 2014-09-07T01:00:00Z 75.000000 75.000000 0.740000 75.000000 75.000000 6.860000 151.000000 4 4 1
2014-09-06T20:00:00Z 2014-09-06T22:00:00Z 76.520000 76.520000 0.740000 76.520000 76.520000 6.680000 151.000000 4 4 1
2014-09-05T14:00:00Z 2014-09-05T16:00:00Z 85.680000 85.680000 0.500000 85.680000 85.680000 6.690000 193.000000 4 2 0
2014-09-01T20:00:00Z 2014-09-01T22:00:00Z 69.670000 69.670000 0.880000 69.670000 69.670000 6.600000 179.000000 4 2 0
2014-08-30T23:00:00Z 2014-08-31T01:00:00Z 70.110000 70.110000 0.930000 70.110000 70.110000 2.040000 3.000000 4 2 1
2014-08-30T20:00:00Z 2014-08-30T22:00:00Z 71.490000 71.490000 0.870000 71.490000 71.490000 3.340000 90.000000 4 4 1
2014-08-30T17:00:00Z 2014-08-30T19:00:00Z 72.980000 72.980000 0.880000 72.980000 72.980000 3.980000 79.000000 4 4 1
2014-08-30T11:00:00Z 2014-08-30T13:00:00Z 76.940000 76.940000 0.770000 76.940000 76.940000 2.960000 9.000000 4 4 1
2014-08-30T08:00:00Z 2014-08-30T10:00:00Z 72.470000 72.470000 0.840000 72.470000 72.470000 1.440000 21.000000 4 4 1
2014-08-23T20:00:00Z 2014-08-23T22:00:00Z 78.200000 78.200000 0.770000 78.200000 78.200000 1.980000 133.000000 4 4 1
2014-08-23T11:00:00Z 2014-08-23T13:00:00Z 85.560000 85.560000 0.580000 85.560000 85.560000 2.860000 73.000000 4 4 1
2014-08-21T11:00:00Z 2014-08-21T13:00:00Z 85.430000 85.430000 0.550000 85.430000 85.430000 1.960000 82.000000 4 4 1
2014-08-21T05:00:00Z 2014-08-21T07:00:00Z 72.750000 72.750000 0.830000 72.750000 72.750000 1.650000 59.000000 4 4 1
2014-08-21T02:00:00Z 2014-08-21T04:00:00Z 73.140000 73.140000 0.820000 73.140000 73.140000 1.730000 107.000000 4 4 1
2014-08-20T17:00:00Z 2014-08-20T19:00:00Z 89.850000 89.850000 0.420000 89.850000 89.850000 10.150000 188.000000 4 3 1
2014-08-20T05:00:00Z 2014-08-20T07:00:00Z 69.590000 69.590000 0.870000 69.590000 69.590000 3.270000 80.000000 4 4 1
2014-08-19T11:00:00Z 2014-08-19T13:00:00Z 85.330000 85.330000 0.510000 85.330000 85.330000 3.770000 219.000000 4 3 1
2014-08-03T14:00:00Z 2014-08-03T16:00:00Z 92.510000 92.510000 0.560000 92.510000 92.510000 8.170000 162.000000 4 3 0
2014-08-03T11:00:00Z 2014-08-03T13:00:00Z 92.310000 92.310000 0.560000 92.310000 92.310000 4.130000 1.000000 4 4 0
2014-08-02T23:00:00Z 2014-08-03T01:00:00Z 81.040000 81.040000 0.820000 81.040000 81.040000 3.860000 71.000000 4 5 0
2014-08-02T20:00:00Z 2014-08-02T22:00:00Z 89.260000 89.260000 0.580000 89.260000 89.260000 3.550000 215.000000 4 4 0
2014-08-02T08:00:00Z 2014-08-02T10:00:00Z 81.620000 81.620000 0.790000 81.620000 81.620000 1.910000 97.000000 4 5 0
2014-08-01T05:00:00Z 2014-08-01T07:00:00Z 74.750000 74.750000 0.900000 74.750000 74.750000 1.870000 70.000000 4 5 0
2014-08-01T02:00:00Z 2014-08-01T04:00:00Z 76.650000 76.650000 0.850000 76.650000 76.650000 2.060000 139.000000 4 4 0
2014-07-31T20:00:00Z 2014-07-31T22:00:00Z 80.720000 80.720000 0.740000 80.720000 80.720000 4.530000 156.000000 4 5 1
2014-07-29T11:00:00Z 2014-07-29T13:00:00Z 89.390000 89.390000 0.490000 89.390000 89.390000 10.500000 198.000000 4 3 1
2014-07-29T05:00:00Z 2014-07-29T07:00:00Z 76.320000 76.320000 0.790000 76.320000 76.320000 3.500000 131.000000 4 5 1
2014-07-28T05:00:00Z 2014-07-28T07:00:00Z 74.520000 74.520000 0.840000 74.520000 74.520000 2.040000 136.000000 4 5 1
2014-07-28T02:00:00Z 2014-07-28T04:00:00Z 78.290000 78.290000 0.750000 78.290000 78.290000 6.030000 132.000000 4 4 1
2014-07-27T17:00:00Z 2014-07-27T19:00:00Z 92.760000 92.760000 0.370000 92.760000 92.760000 10.540000 179.000000 4 3 1
2014-07-27T14:00:00Z 2014-07-27T16:00:00Z 96.560000 96.560000 0.320000 96.560000 96.560000 8.330000 197.000000 4 3 1
2014-07-26T05:00:00Z 2014-07-26T07:00:00Z 69.800000 69.800000 0.800000 69.800000 69.800000 1.590000 44.000000 4 3 1
2014-07-18T08:00:00Z 2014-07-18T10:00:00Z 80.650000 80.650000 0.750000 80.650000 80.650000 3.570000 112.000000 4 4 1
2014-07-08T08:00:00Z 2014-07-08T10:00:00Z 80.530000 80.530000 0.720000 80.530000 80.530000 5.760000 0.000000 4 5 1
2014-07-07T11:00:00Z 2014-07-07T13:00:00Z 85.680000 85.680000 0.640000 85.680000 85.680000 4.540000 192.000000 4 5 1
2014-07-07T05:00:00Z 2014-07-07T07:00:00Z 74.900000 74.900000 0.840000 74.900000 74.900000 6.390000 75.000000 4 3 1
2014-07-05T05:00:00Z 2014-07-05T07:00:00Z 72.690000 72.690000 0.900000 72.690000 72.690000 1.860000 79.000000 4 4 0
2014-07-04T23:00:00Z 2014-07-05T01:00:00Z 76.930000 76.930000 0.850000 76.930000 76.930000 3.930000 58.000000 4 4 0
2014-06-30T14:00:00Z 2014-06-30T16:00:00Z 94.080000 94.080000 0.330000 94.080000 94.080000 8.650000 182.000000 4 3 1
2014-06-17T14:00:00Z 2014-06-17T16:00:00Z 80.980000 80.980000 0.640000 80.980000 80.980000 4.130000 144.000000 4 5 1
2014-06-16T14:00:00Z 2014-06-16T16:00:00Z 83.990000 83.990000 0.530000 83.990000 83.990000 6.840000 216.000000 4 4 1
2014-05-25T11:00:00Z 2014-05-25T13:00:00Z 79.770000 79.770000 0.210000 79.770000 79.770000 28.820000 301.000000 4 1 1
2014-05-25T08:00:00Z 2014-05-25T10:00:00Z 74.040000 74.040000 0.400000 74.040000 74.040000 11.660000 228.000000 4 4 1
2014-05-21T20:00:00Z 2014-05-21T22:00:00Z 78.660000 78.660000 0.540000 78.660000 78.660000 4.300000 136.000000 4 4 1
2014-05-21T17:00:00Z 2014-05-21T19:00:00Z 87.430000 87.430000 0.380000 87.430000 87.430000 9.880000 185.000000 4 4 1
2014-05-20T23:00:00Z 2014-05-21T01:00:00Z 67.930000 67.930000 0.580000 67.930000 67.930000 3.990000 109.000000 4 4 1
2014-05-07T08:00:00Z 2014-05-07T10:00:00Z 63.060000 63.060000 0.500000 63.060000 63.060000 8.900000 340.000000 4 2 1
2014-05-07T05:00:00Z 2014-05-07T07:00:00Z 53.770000 53.770000 0.720000 53.770000 53.770000 4.040000 338.000000 4 4 1
2014-05-07T02:00:00Z 2014-05-07T04:00:00Z 53.940000 53.940000 0.730000 53.940000 53.940000 0.600000 77.000000 4 4 1
2014-05-01T08:00:00Z 2014-05-01T10:00:00Z 67.470000 67.470000 0.710000 67.470000 67.470000 6.130000 155.000000 4 5 0
2014-05-01T05:00:00Z 2014-05-01T07:00:00Z 58.580000 58.580000 0.810000 58.580000 58.580000 2.010000 161.000000 4 4 0
2014-04-30T08:00:00Z 2014-04-30T10:00:00Z 65.480000 65.480000 0.550000 65.480000 65.480000 2.040000 261.000000 4 4 1
2014-04-28T11:00:00Z 2014-04-28T13:00:00Z 75.910000 75.910000 0.240000 75.910000 75.910000 3.700000 41.000000 4 2 1
2014-04-25T17:00:00Z 2014-04-25T19:00:00Z 73.330000 73.330000 0.350000 73.330000 73.330000 10.870000 268.000000 4 3 1
2014-04-24T08:00:00Z 2014-04-24T10:00:00Z 63.600000 63.600000 0.650000 63.600000 63.600000 6.730000 161.000000 4 4 1
2014-04-23T08:00:00Z 2014-04-23T10:00:00Z 63.230000 63.230000 0.680000 63.230000 63.230000 6.270000 146.000000 4 4 1
2014-04-20T08:00:00Z 2014-04-20T10:00:00Z 54.630000 54.630000 0.540000 54.630000 54.630000 6.490000 337.000000 4 3 1
2014-04-18T02:00:00Z 2014-04-18T04:00:00Z 54.380000 54.380000 0.900000 54.380000 54.380000 3.470000 148.000000 4 4 1
2014-04-17T23:00:00Z 2014-04-18T01:00:00Z 58.820000 58.820000 0.730000 58.820000 58.820000 3.830000 158.000000 4 5 1
2014-04-02T20:00:00Z 2014-04-02T22:00:00Z 58.450000 58.450000 0.340000 58.450000 58.450000 3.120000 187.000000 4 3 0
2014-04-02T17:00:00Z 2014-04-02T19:00:00Z 65.430000 65.430000 0.260000 65.430000 65.430000 11.500000 154.000000 4 4 0
2014-04-02T08:00:00Z 2014-04-02T10:00:00Z 60.180000 60.180000 0.470000 60.180000 60.180000 1.630000 32.000000 4 4 0
2014-03-31T08:00:00Z 2014-03-31T10:00:00Z 60.270000 60.270000 0.440000 60.270000 60.270000 3.900000 136.000000 4 5 1
2014-03-31T05:00:00Z 2014-03-31T07:00:00Z 56.450000 56.450000 0.440000 56.450000 56.450000 3.800000 79.000000 4 4 1
2014-03-28T20:00:00Z 2014-03-28T22:00:00Z 60.400000 60.400000 0.580000 60.400000 60.400000 4.940000 139.000000 4 5 1
2014-03-28T11:00:00Z 2014-03-28T13:00:00Z 63.400000 63.400000 0.530000 63.400000 63.400000 7.670000 6.000000 4 3 1
2014-03-28T08:00:00Z 2014-03-28T10:00:00Z 56.410000 56.410000 0.740000 56.410000 56.410000 6.110000 19.000000 4 5 1
2014-03-28T02:00:00Z 2014-03-28T04:00:00Z 53.660000 53.660000 0.610000 53.660000 53.660000 1.690000 0.000000 4 4 1
2014-03-27T23:00:00Z 2014-03-28T01:00:00Z 54.000000 54.000000 0.530000 54.000000 54.000000 1.970000 68.000000 4 4 1
2014-03-23T20:00:00Z 2014-03-23T22:00:00Z 56.370000 56.370000 0.370000 56.370000 56.370000 8.530000 125.000000 4 5 1
2014-03-22T23:00:00Z 2014-03-23T01:00:00Z 50.000000 50.000000 0.220000 50.000000 50.000000 2.170000 92.000000 4 3 1
2014-03-17T02:00:00Z 2014-03-17T04:00:00Z 42.490000 42.490000 0.520000 42.490000 42.490000 3.470000 347.000000 4 5 1
2014-03-16T23:00:00Z 2014-03-17T01:00:00Z 45.890000 45.890000 0.410000 45.890000 45.890000 3.910000 166.000000 4 4 1
2014-03-16T20:00:00Z 2014-03-16T22:00:00Z 51.440000 51.440000 0.320000 51.440000 51.440000 4.180000 112.000000 4 4 1
2014-03-16T17:00:00Z 2014-03-16T19:00:00Z 60.200000 60.200000 0.220000 60.200000 60.200000 8.810000 147.000000 4 4 1
2014-03-16T05:00:00Z 2014-03-16T07:00:00Z 42.380000 42.380000 0.320000 42.380000 42.380000 1.510000 23.000000 4 2 1
2014-03-15T17:00:00Z 2014-03-15T19:00:00Z 67.870000 67.870000 0.110000 67.870000 67.870000 3.080000 186.000000 4 3 1
2014-03-11T02:00:00Z 2014-03-11T04:00:00Z 31.830000 31.830000 0.700000 31.830000 31.830000 1.520000 111.000000 4 4 1
2014-03-10T23:00:00Z 2014-03-11T01:00:00Z 36.040000 36.040000 0.600000 36.040000 36.040000 1.950000 42.000000 4 4 1
2014-03-10T20:00:00Z 2014-03-10T22:00:00Z 38.900000 38.900000 0.500000 38.900000 38.900000 0.450000 133.000000 4 4 1
2014-03-09T14:00:00Z 2014-03-09T16:00:00Z 49.530000 49.530000 0.190000 49.530000 49.530000 6.840000 180.000000 4 3 1
2014-03-09T11:00:00Z 2014-03-09T13:00:00Z 44.650000 44.650000 0.270000 44.650000 44.650000 1.840000 230.000000 4 5 1
2014-03-08T17:00:00Z 2014-03-08T19:00:00Z 47.730000 47.730000 0.270000 47.730000 47.730000 2.140000 175.000000 4 5 1
2014-03-04T05:00:00Z 2014-03-04T07:00:00Z 28.440000 28.440000 0.730000 28.440000 28.440000 6.210000 354.000000 4 1 0
2014-03-02T05:00:00Z 2014-03-02T07:00:00Z 29.130000 29.130000 0.690000 29.130000 29.130000 3.690000 137.000000 4 4 0
2014-03-02T02:00:00Z 2014-03-02T04:00:00Z 31.300000 31.300000 0.660000 31.300000 31.300000 3.500000 112.000000 4 4 0
2014-03-01T23:00:00Z 2014-03-02T01:00:00Z 36.000000 36.000000 0.380000 36.000000 36.000000 10.610000 111.000000 4 4 0
2014-02-20T02:00:00Z 2014-02-20T04:00:00Z 24.270000 24.270000 0.780000 24.270000 24.270000 3.900000 123.000000 4 4 1
2014-02-19T23:00:00Z 2014-02-20T01:00:00Z 27.000000 27.000000 0.690000 27.000000 27.000000 6.800000 130.000000 4 4 1
2014-02-19T02:00:00Z 2014-02-19T04:00:00Z 24.370000 24.370000 0.600000 24.370000 24.370000 1.380000 87.000000 4 3 1
2014-02-18T23:00:00Z 2014-02-19T01:00:00Z 27.960000 27.960000 0.510000 27.960000 27.960000 1.890000 52.000000 4 4 1
2014-02-17T02:00:00Z 2014-02-17T04:00:00Z 29.620000 29.620000 0.600000 29.620000 29.620000 1.370000 133.000000 4 3 1
2014-02-12T20:00:00Z 2014-02-12T22:00:00Z 34.480000 34.480000 0.320000 34.480000 34.480000 5.900000 214.000000 4 3 1
2014-02-12T17:00:00Z 2014-02-12T19:00:00Z 35.390000 35.390000 0.210000 35.390000 35.390000 3.570000 184.000000 4 5 1
2014-02-12T05:00:00Z 2014-02-12T07:00:00Z 17.910000 17.910000 0.600000 17.910000 17.910000 8.010000 330.000000 4 4 1
2014-02-11T17:00:00Z 2014-02-11T19:00:00Z 31.870000 31.870000 0.330000 31.870000 31.870000 6.530000 225.000000 4 5 1
2014-02-08T08:00:00Z 2014-02-08T10:00:00Z 24.070000 24.070000 0.820000 24.070000 24.070000 6.730000 344.000000 4 3 1
2014-02-06T23:00:00Z 2014-02-07T01:00:00Z 28.000000 28.000000 0.690000 28.000000 28.000000 3.860000 178.000000 4 2 1
2014-02-06T14:00:00Z 2014-02-06T16:00:00Z 35.340000 35.340000 0.290000 35.340000 35.340000 2.140000 71.000000 4 3 1
2014-02-06T11:00:00Z 2014-02-06T13:00:00Z 32.830000 32.830000 0.340000 32.830000 32.830000 2.300000 86.000000 4 4 1
2014-02-06T05:00:00Z 2014-02-06T07:00:00Z 18.720000 18.720000 0.630000 18.720000 18.720000 2.110000 358.000000 4 4 1
2014-02-05T02:00:00Z 2014-02-05T04:00:00Z 22.270000 22.270000 0.210000 22.270000 22.270000 1.970000 196.000000 4 3 0
2014-02-04T23:00:00Z 2014-02-05T01:00:00Z 23.140000 23.140000 0.220000 23.140000 23.140000 1.780000 76.000000 4 3 0
2014-02-01T20:00:00Z 2014-02-01T22:00:00Z 36.240000 36.240000 0.770000 36.240000 36.240000 6.270000 176.000000 4 4 0
2014-02-01T14:00:00Z 2014-02-01T16:00:00Z 38.640000 38.640000 0.640000 38.640000 38.640000 6.040000 168.000000 4 3 0
2014-01-31T17:00:00Z 2014-01-31T19:00:00Z 35.730000 35.730000 0.540000 35.730000 35.730000 1.880000 85.000000 4 5 1
2014-01-30T23:00:00Z 2014-01-31T01:00:00Z 27.960000 27.960000 0.700000 27.960000 27.960000 6.840000 71.000000 4 6 1
2014-01-29T14:00:00Z 2014-01-29T16:00:00Z 36.340000 36.340000 0.410000 36.340000 36.340000 1.770000 80.000000 4 5 1
2014-01-27T11:00:00Z 2014-01-27T13:00:00Z 36.360000 36.360000 0.370000 36.360000 36.360000 6.340000 332.000000 4 5 1
2014-01-27T08:00:00Z 2014-01-27T10:00:00Z 22.240000 22.240000 0.740000 22.240000 22.240000 6.130000 340.000000 4 4 1
2014-01-27T02:00:00Z 2014-01-27T04:00:00Z 20.960000 20.960000 0.790000 20.960000 20.960000 0.270000 204.000000 4 4 1
2014-01-26T20:00:00Z 2014-01-26T22:00:00Z 30.840000 30.840000 0.430000 30.840000 30.840000 6.200000 140.000000 4 5 1
2014-01-22T17:00:00Z 2014-01-22T19:00:00Z 36.060000 36.060000 0.180000 36.060000 36.060000 2.240000 102.000000 4 5 1
2014-01-22T02:00:00Z 2014-01-22T04:00:00Z 17.940000 17.940000 0.430000 17.940000 17.940000 3.120000 0.000000 4 4 1
2014-01-21T23:00:00Z 2014-01-22T01:00:00Z 19.220000 19.220000 0.390000 19.220000 19.220000 3.810000 82.000000 4 3 1
2014-01-19T11:00:00Z 2014-01-19T13:00:00Z 31.630000 31.630000 0.610000 31.630000 31.630000 1.360000 10.000000 4 5 1
2014-01-19T05:00:00Z 2014-01-19T07:00:00Z 26.550000 26.550000 0.680000 26.550000 26.550000 2.020000 105.000000 4 3 1
2014-01-19T02:00:00Z 2014-01-19T04:00:00Z 27.340000 27.340000 0.650000 27.340000 27.340000 3.880000 115.000000 4 4 1
2014-01-18T20:00:00Z 2014-01-18T22:00:00Z 33.090000 33.090000 0.340000 33.090000 33.090000 3.960000 151.000000 4 4 1
2014-01-17T11:00:00Z 2014-01-17T13:00:00Z 33.030000 33.030000 0.440000 33.030000 33.030000 1.880000 223.000000 4 4 1
2014-01-17T08:00:00Z 2014-01-17T10:00:00Z 26.030000 26.030000 0.580000 26.030000 26.030000 3.110000 128.000000 4 4 1
2014-01-15T05:00:00Z 2014-01-15T07:00:00Z 15.490000 15.490000 0.700000 15.490000 15.490000 1.530000 74.000000 4 4 1
2014-01-15T02:00:00Z 2014-01-15T04:00:00Z 14.160000 14.160000 0.560000 14.160000 14.160000 3.400000 12.000000 4 5 1
2014-01-14T23:00:00Z 2014-01-15T01:00:00Z 19.070000 19.070000 0.650000 19.070000 19.070000 2.000000 144.000000 4 4 1
2014-01-11T23:00:00Z 2014-01-12T01:00:00Z 33.610000 33.610000 0.190000 33.610000 33.610000 17.670000 320.000000 4 1 1
2014-01-11T05:00:00Z 2014-01-11T07:00:00Z 9.690000 9.690000 0.560000 9.690000 9.690000 6.090000 2.000000 4 3 1
2014-01-11T02:00:00Z 2014-01-11T04:00:00Z 14.340000 14.340000 0.490000 14.340000 14.340000 1.600000 1.000000 4 4 1
2014-01-10T23:00:00Z 2014-01-11T01:00:00Z 18.360000 18.360000 0.690000 18.360000 18.360000 1.840000 103.000000 4 4 1
2014-01-10T20:00:00Z 2014-01-10T22:00:00Z 26.580000 26.580000 0.240000 26.580000 26.580000 3.630000 202.000000 4 3 1
2014-01-06T02:00:00Z 2014-01-06T04:00:00Z 28.820000 28.820000 0.750000 28.820000 28.820000 1.960000 75.000000 4 3 1
2014-01-05T23:00:00Z 2014-01-06T01:00:00Z 26.930000 26.930000 0.690000 26.930000 26.930000 3.930000 120.000000 4 4 0
2014-01-05T08:00:00Z 2014-01-05T10:00:00Z 24.390000 24.390000 0.680000 24.390000 24.390000 7.920000 330.000000 4 3 0
2014-01-02T17:00:00Z 2014-01-02T19:00:00Z 37.150000 37.150000 0.390000 37.150000 37.150000 1.790000 192.000000 4 5 0
2013-12-25T20:00:00Z 2013-12-25T22:00:00Z 27.200000 27.200000 0.220000 27.200000 27.200000 25.320000 328.000000 4 3 1
2013-12-25T17:00:00Z 2013-12-25T19:00:00Z 35.550000 35.550000 0.190000 35.550000 35.550000 16.830000 327.000000 4 5 1
2013-12-25T14:00:00Z 2013-12-25T16:00:00Z 43.330000 43.330000 0.210000 43.330000 43.330000 12.870000 321.000000 4 4 1
