2014-10-01T21:00:00Z 2014-10-01T23:00:00Z 52.470000 52.470000 0.910000 52.470000 52.470000 2.490000 6.000000 3 2 0
2014-10-01T20:00:00Z 2014-10-01T22:00:00Z 52.390000 52.390000 0.900000 52.390000 52.390000 1.970000 25.000000 3 3 0
2014-09-29T03:00:00Z 2014-09-29T05:00:00Z 55.200000 55.200000 0.970000 55.200000 55.200000 1.540000 250.000000 3 3 1
2014-09-29T01:00:00Z 2014-09-29T03:00:00Z 57.130000 57.130000 0.960000 57.130000 57.130000 0.350000 210.000000 3 3 1
2014-09-27T00:00:00Z 2014-09-27T02:00:00Z 59.650000 59.650000 0.810000 59.650000 59.650000 3.970000 341.000000 3 2 1
2014-09-26T08:00:00Z 2014-09-26T10:00:00Z 62.870000 62.870000 0.880000 62.870000 62.870000 5.270000 137.000000 3 4 1
2014-09-26T07:00:00Z 2014-09-26T09:00:00Z 61.640000 61.640000 0.910000 61.640000 61.640000 3.730000 135.000000 3 4 1
2014-09-26T06:00:00Z 2014-09-26T08:00:00Z 59.740000 59.740000 0.940000 59.740000 59.740000 4.350000 132.000000 3 3 1
2014-09-26T05:00:00Z 2014-09-26T07:00:00Z 58.750000 58.750000 0.940000 58.750000 58.750000 3.480000 133.000000 3 3 1
2014-09-26T04:00:00Z 2014-09-26T06:00:00Z 58.920000 58.920000 0.940000 58.920000 58.920000 2.760000 148.000000 3 3 1
2014-09-26T00:00:00Z 2014-09-26T02:00:00Z 61.340000 61.340000 0.860000 61.340000 61.340000 5.360000 164.000000 3 2 1
2014-09-25T08:00:00Z 2014-09-25T10:00:00Z 62.230000 62.230000 0.900000 62.230000 62.230000 1.610000 70.000000 3 4 1
2014-09-25T03:00:00Z 2014-09-25T05:00:00Z 55.840000 55.840000 0.980000 55.840000 55.840000 1.900000 194.000000 3 2 1
2014-09-25T02:00:00Z 2014-09-25T04:00:00Z 56.350000 56.350000 0.980000 56.350000 56.350000 1.370000 177.000000 3 2 1
2014-09-25T01:00:00Z 2014-09-25T03:00:00Z 57.890000 57.890000 0.950000 57.890000 57.890000 2.380000 196.000000 3 3 1
2014-09-25T00:00:00Z 2014-09-25T02:00:00Z 59.070000 59.070000 0.940000 59.070000 59.070000 2.690000 177.000000 3 3 1
2014-09-22T02:00:00Z 2014-09-22T04:00:00Z 67.320000 67.320000 0.850000 67.320000 67.320000 1.870000 73.000000 3 3 1
2014-09-21T23:00:00Z 2014-09-22T01:00:00Z 69.930000 69.930000 0.730000 69.930000 69.930000 6.870000 129.000000 3 3 1
2014-09-21T20:00:00Z 2014-09-21T22:00:00Z 69.580000 69.580000 0.800000 69.580000 69.580000 4.120000 158.000000 3 3 1
2014-09-21T17:00:00Z 2014-09-21T19:00:00Z 72.860000 72.860000 0.660000 72.860000 72.860000 6.930000 154.000000 3 3 1
2014-09-20T17:00:00Z 2014-09-20T19:00:00Z 76.780000 76.780000 0.560000 76.780000 76.780000 1.860000 209.000000 3 4 1
2014-09-20T08:00:00Z 2014-09-20T10:00:00Z 66.900000 66.900000 0.850000 66.900000 66.900000 3.300000 18.000000 3 4 1
2014-09-20T02:00:00Z 2014-09-20T04:00:00Z 63.280000 63.280000 0.900000 63.280000 63.280000 3.360000 358.000000 3 3 1
2014-09-19T14:00:00Z 2014-09-19T16:00:00Z 75.200000 75.200000 0.520000 75.200000 75.200000 6.630000 156.000000 3 3 1
2014-09-19T11:00:00Z 2014-09-19T13:00:00Z 71.790000 71.790000 0.620000 71.790000 71.790000 4.170000 156.000000 3 3 1
2014-09-18T08:00:00Z 2014-09-18T10:00:00Z 64.540000 64.540000 0.670000 64.540000 64.540000 6.020000 338.000000 3 3 1
2014-09-17T14:00:00Z 2014-09-17T16:00:00Z 71.650000 71.650000 0.520000 71.650000 71.650000 6.500000 178.000000 3 2 1
2014-09-17T11:00:00Z 2014-09-17T13:00:00Z 67.400000 67.400000 0.610000 67.400000 67.400000 2.020000 246.000000 3 3 1
2014-09-14T08:00:00Z 2014-09-14T10:00:00Z 67.430000 67.430000 0.760000 67.430000 67.430000 6.510000 5.000000 3 1 1
2014-09-12T02:00:00Z 2014-09-12T04:00:00Z 67.470000 67.470000 0.920000 67.470000 67.470000 0.360000 299.000000 3 3 1
2014-09-11T17:00:00Z 2014-09-11T19:00:00Z 76.590000 76.590000 0.660000 76.590000 76.590000 3.890000 109.000000 3 4 1
2014-09-10T05:00:00Z 2014-09-10T07:00:00Z 63.360000 63.360000 0.840000 63.360000 63.360000 1.880000 96.000000 3 3 1
2014-09-07T17:00:00Z 2014-09-07T19:00:00Z 81.570000 81.570000 0.630000 81.570000 81.570000 3.970000 204.000000 3 4 1
2014-09-05T20:00:00Z 2014-09-05T22:00:00Z 76.410000 76.410000 0.780000 76.410000 76.410000 6.770000 148.000000 3 5 0
2014-09-05T08:00:00Z 2014-09-05T10:00:00Z 71.420000 71.420000 0.730000 71.420000 71.420000 2.990000 27.000000 3 3 0
2014-09-01T17:00:00Z 2014-09-01T19:00:00Z 72.760000 72.760000 0.950000 72.760000 72.760000 1.330000 139.000000 3 3 0
2014-09-01T08:00:00Z 2014-09-01T10:00:00Z 72.480000 72.480000 0.850000 72.480000 72.480000 1.940000 73.000000 3 4 0
2014-08-31T17:00:00Z 2014-08-31T19:00:00Z 72.450000 72.450000 0.840000 72.450000 72.450000 7.990000 63.000000 3 2 1
2014-08-29T05:00:00Z 2014-08-29T07:00:00Z 65.700000 65.700000 0.930000 65.700000 65.700000 1.830000 354.000000 3 3 1
2014-08-28T02:00:00Z 2014-08-28T04:00:00Z 74.340000 74.340000 0.660000 74.340000 74.340000 3.520000 86.000000 3 3 1
2014-08-23T17:00:00Z 2014-08-23T19:00:00Z 87.190000 87.190000 0.520000 87.190000 87.190000 6.350000 222.000000 3 4 1
2014-08-23T05:00:00Z 2014-08-23T07:00:00Z 71.570000 71.570000 0.920000 71.570000 71.570000 1.730000 67.000000 3 2 1
2014-08-23T02:00:00Z 2014-08-23T04:00:00Z 72.750000 72.750000 0.890000 72.750000 72.750000 3.710000 201.000000 3 3 1
2014-08-22T20:00:00Z 2014-08-22T22:00:00Z 76.780000 76.780000 0.770000 76.780000 76.780000 1.410000 103.000000 3 4 1
2014-08-20T20:00:00Z 2014-08-20T22:00:00Z 81.850000 81.850000 0.590000 81.850000 81.850000 3.920000 151.000000 3 3 1
2014-08-20T02:00:00Z 2014-08-20T04:00:00Z 72.540000 72.540000 0.790000 72.540000 72.540000 1.660000 115.000000 3 3 1
2014-08-19T20:00:00Z 2014-08-19T22:00:00Z 81.620000 81.620000 0.590000 81.620000 81.620000 9.750000 181.000000 3 3 1
2014-08-19T05:00:00Z 2014-08-19T07:00:00Z 67.590000 67.590000 0.870000 67.590000 67.590000 1.610000 100.000000 3 3 1
2014-08-19T02:00:00Z 2014-08-19T04:00:00Z 69.670000 69.670000 0.820000 69.670000 69.670000 3.380000 90.000000 3 3 1
2014-08-18T17:00:00Z 2014-08-18T19:00:00Z 85.530000 85.530000 0.470000 85.530000 85.530000 6.970000 160.000000 3 3 1
2014-08-16T23:00:00Z 2014-08-17T01:00:00Z 77.140000 77.140000 0.850000 77.140000 77.140000 7.030000 91.000000 3 3 1
2014-08-16T17:00:00Z 2014-08-16T19:00:00Z 87.900000 87.900000 0.430000 87.900000 87.900000 6.020000 163.000000 3 2 1
2014-08-09T14:00:00Z 2014-08-09T16:00:00Z 87.650000 87.650000 0.410000 87.650000 87.650000 8.770000 161.000000 3 2 1
2014-08-07T23:00:00Z 2014-08-08T01:00:00Z 75.000000 75.000000 0.660000 75.000000 75.000000 6.820000 140.000000 3 2 1
2014-08-07T05:00:00Z 2014-08-07T07:00:00Z 67.520000 67.520000 0.860000 67.520000 67.520000 6.460000 0.000000 3 3 1
2014-08-02T17:00:00Z 2014-08-02T19:00:00Z 90.800000 90.800000 0.560000 90.800000 90.800000 6.500000 159.000000 3 4 0
2014-07-30T08:00:00Z 2014-07-30T10:00:00Z 74.890000 74.890000 0.890000 74.890000 74.890000 1.730000 21.000000 3 4 1
2014-07-29T20:00:00Z 2014-07-29T22:00:00Z 85.420000 85.420000 0.590000 85.420000 85.420000 10.360000 158.000000 3 3 1
2014-07-29T02:00:00Z 2014-07-29T04:00:00Z 80.040000 80.040000 0.690000 80.040000 80.040000 7.850000 180.000000 3 4 1
2014-07-28T14:00:00Z 2014-07-28T16:00:00Z 96.540000 96.540000 0.340000 96.540000 96.540000 12.000000 188.000000 3 3 1
2014-07-27T23:00:00Z 2014-07-28T01:00:00Z 81.040000 81.040000 0.600000 81.040000 81.040000 3.990000 143.000000 3 3 1
2014-07-27T20:00:00Z 2014-07-27T22:00:00Z 85.870000 85.870000 0.510000 85.870000 85.870000 6.650000 151.000000 3 3 1
2014-07-27T05:00:00Z 2014-07-27T07:00:00Z 74.300000 74.300000 0.680000 74.300000 74.300000 3.710000 93.000000 3 4 1
2014-07-27T02:00:00Z 2014-07-27T04:00:00Z 78.220000 78.220000 0.530000 78.220000 78.220000 6.100000 143.000000 3 3 1
2014-07-26T02:00:00Z 2014-07-26T04:00:00Z 72.640000 72.640000 0.730000 72.640000 72.640000 1.800000 206.000000 3 4 1
2014-07-25T08:00:00Z 2014-07-25T10:00:00Z 80.650000 80.650000 0.620000 80.650000 80.650000 8.440000 11.000000 3 3 1
2014-07-25T05:00:00Z 2014-07-25T07:00:00Z 67.620000 67.620000 0.870000 67.620000 67.620000 1.920000 1.000000 3 3 1
2014-07-24T14:00:00Z 2014-07-24T16:00:00Z 83.600000 83.600000 0.590000 83.600000 83.600000 2.250000 80.000000 3 2 1
2014-07-20T17:00:00Z 2014-07-20T19:00:00Z 94.460000 94.460000 0.490000 94.460000 94.460000 14.300000 198.000000 3 3 1
2014-07-19T08:00:00Z 2014-07-19T10:00:00Z 87.200000 87.200000 0.670000 87.200000 87.200000 3.720000 217.000000 3 4 1
2014-07-19T02:00:00Z 2014-07-19T04:00:00Z 81.560000 81.560000 0.750000 81.560000 81.560000 1.990000 153.000000 3 4 1
2014-07-18T23:00:00Z 2014-07-19T01:00:00Z 83.930000 83.930000 0.750000 83.930000 83.930000 3.930000 160.000000 3 3 1
2014-07-07T08:00:00Z 2014-07-07T10:00:00Z 80.640000 80.640000 0.740000 80.640000 80.640000 6.760000 132.000000 3 4 1
2014-07-01T08:00:00Z 2014-07-01T10:00:00Z 81.570000 81.570000 0.590000 81.570000 81.570000 6.040000 75.000000 3 4 0
2014-06-29T23:00:00Z 2014-06-30T01:00:00Z 78.930000 78.930000 0.650000 78.930000 78.930000 2.050000 198.000000 3 2 1
2014-06-27T02:00:00Z 2014-06-27T04:00:00Z 72.500000 72.500000 0.630000 72.500000 72.500000 6.090000 347.000000 3 1 1
2014-06-26T17:00:00Z 2014-06-26T19:00:00Z 84.590000 84.590000 0.530000 84.590000 84.590000 9.080000 141.000000 3 3 1
2014-06-25T14:00:00Z 2014-06-25T16:00:00Z 78.160000 78.160000 0.670000 78.160000 78.160000 10.560000 192.000000 3 4 1
2014-06-25T05:00:00Z 2014-06-25T07:00:00Z 72.530000 72.530000 0.730000 72.530000 72.530000 3.660000 114.000000 3 3 1
2014-06-20T23:00:00Z 2014-06-21T01:00:00Z 69.930000 69.930000 0.810000 69.930000 69.930000 3.880000 188.000000 3 3 1
2014-06-18T17:00:00Z 2014-06-18T19:00:00Z 85.460000 85.460000 0.460000 85.460000 85.460000 9.690000 190.000000 3 2 1
2014-06-17T17:00:00Z 2014-06-17T19:00:00Z 68.870000 68.870000 0.840000 68.870000 68.870000 7.130000 266.000000 3 1 1
2014-06-16T20:00:00Z 2014-06-16T22:00:00Z 78.570000 78.570000 0.730000 78.570000 78.570000 4.100000 150.000000 3 3 1
2014-06-16T05:00:00Z 2014-06-16T07:00:00Z 71.210000 71.210000 0.870000 71.210000 71.210000 6.010000 153.000000 3 5 1
2014-06-15T23:00:00Z 2014-06-16T01:00:00Z 70.250000 70.250000 0.860000 70.250000 70.250000 2.070000 249.000000 3 3 1
2014-06-15T11:00:00Z 2014-06-15T13:00:00Z 87.590000 87.590000 0.440000 87.590000 87.590000 3.800000 101.000000 3 3 1
2014-06-13T08:00:00Z 2014-06-13T10:00:00Z 81.070000 81.070000 0.540000 81.070000 81.070000 1.810000 73.000000 3 3 1
2014-06-11T08:00:00Z 2014-06-11T10:00:00Z 71.990000 71.990000 0.640000 71.990000 71.990000 8.100000 40.000000 3 2 1
2014-06-11T05:00:00Z 2014-06-11T07:00:00Z 62.700000 62.700000 0.880000 62.700000 62.700000 8.070000 1.000000 3 2 1
2014-06-10T20:00:00Z 2014-06-10T22:00:00Z 69.790000 69.790000 0.770000 69.790000 69.790000 2.410000 81.000000 3 3 1
2014-06-10T11:00:00Z 2014-06-10T13:00:00Z 78.180000 78.180000 0.510000 78.180000 78.180000 3.340000 69.000000 3 3 1
2014-06-06T08:00:00Z 2014-06-06T10:00:00Z 76.530000 76.530000 0.640000 76.530000 76.530000 3.290000 73.000000 3 3 1
2014-06-06T05:00:00Z 2014-06-06T07:00:00Z 71.780000 71.780000 0.720000 71.780000 71.780000 1.510000 61.000000 3 3 1
2014-06-05T08:00:00Z 2014-06-05T10:00:00Z 76.400000 76.400000 0.630000 76.400000 76.400000 1.910000 200.000000 3 3 0
2014-05-25T02:00:00Z 2014-05-25T04:00:00Z 65.830000 65.830000 0.930000 65.830000 65.830000 3.640000 141.000000 3 3 1
2014-05-24T23:00:00Z 2014-05-25T01:00:00Z 66.070000 66.070000 0.930000 66.070000 66.070000 6.880000 120.000000 3 3 1
2014-05-24T20:00:00Z 2014-05-24T22:00:00Z 68.100000 68.100000 0.870000 68.100000 68.100000 3.810000 73.000000 3 3 1
2014-05-24T17:00:00Z 2014-05-24T19:00:00Z 68.530000 68.530000 0.850000 68.530000 68.530000 6.360000 110.000000 3 3 1
2014-05-24T05:00:00Z 2014-05-24T07:00:00Z 67.650000 67.650000 0.860000 67.650000 67.650000 3.920000 179.000000 3 2 1
2014-05-23T08:00:00Z 2014-05-23T10:00:00Z 81.140000 81.140000 0.430000 81.140000 81.140000 6.820000 200.000000 3 4 1
2014-05-23T05:00:00Z 2014-05-23T07:00:00Z 68.230000 68.230000 0.710000 68.230000 68.230000 3.480000 11.000000 3 3 1
2014-05-21T11:00:00Z 2014-05-21T13:00:00Z 80.990000 80.990000 0.430000 80.990000 80.990000 4.030000 114.000000 3 3 1
2014-05-21T08:00:00Z 2014-05-21T10:00:00Z 71.460000 71.460000 0.560000 71.460000 71.460000 6.380000 86.000000 3 3 1
2014-05-21T05:00:00Z 2014-05-21T07:00:00Z 62.890000 62.890000 0.750000 62.890000 62.890000 1.390000 62.000000 3 3 1
2014-05-21T02:00:00Z 2014-05-21T04:00:00Z 65.780000 65.780000 0.610000 65.780000 65.780000 4.070000 32.000000 3 3 1
2014-05-20T08:00:00Z 2014-05-20T10:00:00Z 73.920000 73.920000 0.400000 73.920000 73.920000 13.930000 20.000000 3 1 1
2014-05-19T23:00:00Z 2014-05-20T01:00:00Z 68.320000 68.320000 0.830000 68.320000 68.320000 3.580000 17.000000 3 5 1
2014-05-19T20:00:00Z 2014-05-19T22:00:00Z 72.360000 72.360000 0.640000 72.360000 72.360000 3.430000 103.000000 3 3 1
2014-05-19T17:00:00Z 2014-05-19T19:00:00Z 82.070000 82.070000 0.430000 82.070000 82.070000 5.150000 188.000000 3 3 1
2014-05-19T11:00:00Z 2014-05-19T13:00:00Z 74.930000 74.930000 0.600000 74.930000 74.930000 3.270000 87.000000 3 4 1
2014-05-19T08:00:00Z 2014-05-19T10:00:00Z 67.640000 67.640000 0.820000 67.640000 67.640000 1.320000 61.000000 3 3 1
2014-05-19T05:00:00Z 2014-05-19T07:00:00Z 63.180000 63.180000 0.920000 63.180000 63.180000 1.810000 68.000000 3 3 1
2014-05-19T02:00:00Z 2014-05-19T04:00:00Z 68.140000 68.140000 0.670000 68.140000 68.140000 10.350000 10.000000 3 3 1
2014-05-18T23:00:00Z 2014-05-19T01:00:00Z 76.860000 76.860000 0.470000 76.860000 76.860000 6.960000 142.000000 3 3 1
2014-05-18T17:00:00Z 2014-05-18T19:00:00Z 83.450000 83.450000 0.330000 83.450000 83.450000 11.700000 214.000000 3 4 1
2014-05-18T14:00:00Z 2014-05-18T16:00:00Z 85.610000 85.610000 0.290000 85.610000 85.610000 8.540000 167.000000 3 3 1
2014-05-17T11:00:00Z 2014-05-17T13:00:00Z 76.770000 76.770000 0.280000 76.770000 76.770000 9.130000 142.000000 3 2 1
2014-05-16T05:00:00Z 2014-05-16T07:00:00Z 58.820000 58.820000 0.610000 58.820000 58.820000 3.840000 0.000000 3 3 1
2014-05-16T02:00:00Z 2014-05-16T04:00:00Z 62.760000 62.760000 0.520000 62.760000 62.760000 1.710000 359.000000 3 3 1
2014-05-15T23:00:00Z 2014-05-16T01:00:00Z 69.930000 69.930000 0.360000 69.930000 69.930000 3.710000 40.000000 3 3 1
2014-05-15T17:00:00Z 2014-05-15T19:00:00Z 81.660000 81.660000 0.210000 81.660000 81.660000 7.750000 193.000000 3 3 1
2014-05-13T08:00:00Z 2014-05-13T10:00:00Z 67.370000 67.370000 0.600000 67.370000 67.370000 2.410000 37.000000 3 3 1
2014-05-09T17:00:00Z 2014-05-09T19:00:00Z 67.160000 67.160000 0.340000 67.160000 67.160000 9.640000 110.000000 3 2 1
2014-05-09T08:00:00Z 2014-05-09T10:00:00Z 62.510000 62.510000 0.460000 62.510000 62.510000 10.770000 92.000000 3 3 1
2014-05-08T08:00:00Z 2014-05-08T10:00:00Z 62.620000 62.620000 0.650000 62.620000 62.620000 3.790000 320.000000 3 3 1
2014-05-08T05:00:00Z 2014-05-08T07:00:00Z 49.660000 49.660000 0.890000 49.660000 49.660000 0.360000 148.000000 3 3 1
2014-05-08T02:00:00Z 2014-05-08T04:00:00Z 54.410000 54.410000 0.740000 54.410000 54.410000 3.720000 158.000000 3 4 1
2014-05-06T20:00:00Z 2014-05-06T22:00:00Z 63.000000 63.000000 0.520000 63.000000 63.000000 6.190000 40.000000 3 3 1
2014-05-06T17:00:00Z 2014-05-06T19:00:00Z 68.000000 68.000000 0.390000 68.000000 68.000000 4.480000 95.000000 3 3 1
2014-05-06T11:00:00Z 2014-05-06T13:00:00Z 65.770000 65.770000 0.360000 65.770000 65.770000 5.900000 43.000000 3 3 1
2014-05-01T02:00:00Z 2014-05-01T04:00:00Z 63.600000 63.600000 0.680000 63.600000 63.600000 3.870000 129.000000 3 4 0
2014-04-30T20:00:00Z 2014-04-30T22:00:00Z 72.870000 72.870000 0.410000 72.870000 72.870000 8.460000 190.000000 3 3 1
2014-04-30T17:00:00Z 2014-04-30T19:00:00Z 80.990000 80.990000 0.280000 80.990000 80.990000 10.510000 207.000000 3 3 1
2014-04-30T05:00:00Z 2014-04-30T07:00:00Z 54.880000 54.880000 0.750000 54.880000 54.880000 1.630000 74.000000 3 3 1
2014-04-30T02:00:00Z 2014-04-30T04:00:00Z 57.090000 57.090000 0.700000 57.090000 57.090000 3.150000 80.000000 3 3 1
2014-04-29T23:00:00Z 2014-04-30T01:00:00Z 67.930000 67.930000 0.450000 67.930000 67.930000 6.880000 190.000000 3 3 1
2014-04-29T20:00:00Z 2014-04-29T22:00:00Z 71.680000 71.680000 0.380000 71.680000 71.680000 8.420000 190.000000 3 3 1
2014-04-29T17:00:00Z 2014-04-29T19:00:00Z 78.820000 78.820000 0.230000 78.820000 78.820000 8.500000 199.000000 3 3 1
2014-04-29T14:00:00Z 2014-04-29T16:00:00Z 80.680000 80.680000 0.250000 80.680000 80.680000 6.430000 182.000000 3 4 1
2014-04-29T11:00:00Z 2014-04-29T13:00:00Z 72.880000 72.880000 0.310000 72.880000 72.880000 2.270000 196.000000 3 3 1
2014-04-29T08:00:00Z 2014-04-29T10:00:00Z 63.400000 63.400000 0.410000 63.400000 63.400000 1.530000 18.000000 3 3 1
2014-04-29T05:00:00Z 2014-04-29T07:00:00Z 49.880000 49.880000 0.750000 49.880000 49.880000 1.650000 34.000000 3 3 1
2014-04-28T08:00:00Z 2014-04-28T10:00:00Z 63.140000 63.140000 0.550000 63.140000 63.140000 6.570000 349.000000 3 3 1
2014-04-27T23:00:00Z 2014-04-28T01:00:00Z 60.860000 60.860000 0.570000 60.860000 60.860000 8.610000 160.000000 3 2 1
2014-04-25T20:00:00Z 2014-04-25T22:00:00Z 64.900000 64.900000 0.510000 64.900000 64.900000 13.750000 308.000000 3 3 1
2014-04-25T14:00:00Z 2014-04-25T16:00:00Z 77.880000 77.880000 0.310000 77.880000 77.880000 6.480000 224.000000 3 3 1
2014-04-24T05:00:00Z 2014-04-24T07:00:00Z 60.290000 60.290000 0.720000 60.290000 60.290000 2.070000 130.000000 3 3 1
2014-04-24T02:00:00Z 2014-04-24T04:00:00Z 60.630000 60.630000 0.720000 60.630000 60.630000 6.510000 180.000000 3 3 1
2014-04-23T20:00:00Z 2014-04-23T22:00:00Z 65.900000 65.900000 0.630000 65.900000 65.900000 2.250000 192.000000 3 2 1
2014-04-23T05:00:00Z 2014-04-23T07:00:00Z 58.240000 58.240000 0.760000 58.240000 58.240000 3.790000 155.000000 3 3 1
2014-04-23T02:00:00Z 2014-04-23T04:00:00Z 63.250000 63.250000 0.590000 63.250000 63.250000 7.980000 164.000000 3 3 1
2014-04-22T08:00:00Z 2014-04-22T10:00:00Z 64.370000 64.370000 0.330000 64.370000 64.370000 5.810000 338.000000 3 2 1
2014-04-22T02:00:00Z 2014-04-22T04:00:00Z 48.540000 48.540000 0.600000 48.540000 48.540000 3.740000 355.000000 3 3 1
2014-04-21T05:00:00Z 2014-04-21T07:00:00Z 47.720000 47.720000 0.640000 47.720000 47.720000 6.130000 341.000000 3 3 1
2014-04-21T02:00:00Z 2014-04-21T04:00:00Z 48.290000 48.290000 0.700000 48.290000 48.290000 0.130000 286.000000 3 3 1
2014-04-20T23:00:00Z 2014-04-21T01:00:00Z 54.250000 54.250000 0.570000 54.250000 54.250000 3.610000 60.000000 3 3 1
2014-04-20T05:00:00Z 2014-04-20T07:00:00Z 41.320000 41.320000 0.860000 41.320000 41.320000 6.090000 358.000000 3 4 1
2014-04-20T02:00:00Z 2014-04-20T04:00:00Z 45.580000 45.580000 0.840000 45.580000 45.580000 1.980000 58.000000 3 3 1
2014-04-19T23:00:00Z 2014-04-20T01:00:00Z 46.140000 46.140000 0.820000 46.140000 46.140000 3.860000 90.000000 3 3 1
2014-04-19T08:00:00Z 2014-04-19T10:00:00Z 56.550000 56.550000 0.510000 56.550000 56.550000 4.440000 141.000000 3 2 1
2014-04-17T20:00:00Z 2014-04-17T22:00:00Z 59.890000 59.890000 0.690000 59.890000 59.890000 2.440000 140.000000 3 4 1
2014-04-17T17:00:00Z 2014-04-17T19:00:00Z 60.450000 60.450000 0.680000 60.450000 60.450000 4.250000 148.000000 3 3 1
2014-04-17T14:00:00Z 2014-04-17T16:00:00Z 63.100000 63.100000 0.600000 63.100000 63.100000 2.340000 46.000000 3 3 1
2014-04-17T11:00:00Z 2014-04-17T13:00:00Z 53.570000 53.570000 0.750000 53.570000 53.570000 6.350000 351.000000 3 3 1
2014-04-17T08:00:00Z 2014-04-17T10:00:00Z 53.230000 53.230000 0.740000 53.230000 53.230000 3.510000 69.000000 3 3 1
2014-04-17T05:00:00Z 2014-04-17T07:00:00Z 54.560000 54.560000 0.580000 54.560000 54.560000 9.370000 211.000000 3 2 1
2014-04-17T02:00:00Z 2014-04-17T04:00:00Z 58.290000 58.290000 0.350000 58.290000 58.290000 4.070000 72.000000 3 3 1
2014-04-15T11:00:00Z 2014-04-15T13:00:00Z 71.210000 71.210000 0.410000 71.210000 71.210000 11.350000 114.000000 3 2 1
2014-04-02T11:00:00Z 2014-04-02T13:00:00Z 70.980000 70.980000 0.220000 70.980000 70.980000 9.170000 69.000000 3 2 0
2014-04-02T05:00:00Z 2014-04-02T07:00:00Z 49.800000 49.800000 0.600000 49.800000 49.800000 3.330000 175.000000 3 4 0
2014-04-02T02:00:00Z 2014-04-02T04:00:00Z 54.780000 54.780000 0.510000 54.780000 54.780000 0.440000 240.000000 3 4 0
2014-04-01T23:00:00Z 2014-04-02T01:00:00Z 59.250000 59.250000 0.440000 59.250000 59.250000 3.560000 94.000000 3 4 0
2014-03-31T02:00:00Z 2014-03-31T04:00:00Z 60.010000 60.010000 0.350000 60.010000 60.010000 3.890000 132.000000 3 5 1
2014-03-27T20:00:00Z 2014-03-27T22:00:00Z 55.170000 55.170000 0.520000 55.170000 55.170000 3.020000 352.000000 3 4 1
2014-03-27T17:00:00Z 2014-03-27T19:00:00Z 61.110000 61.110000 0.370000 61.110000 61.110000 1.200000 60.000000 3 3 1
2014-03-23T08:00:00Z 2014-03-23T10:00:00Z 50.550000 50.550000 0.350000 50.550000 50.550000 3.490000 70.000000 3 4 1
2014-03-23T05:00:00Z 2014-03-23T07:00:00Z 41.000000 41.000000 0.530000 41.000000 41.000000 1.850000 97.000000 3 3 1
2014-03-23T02:00:00Z 2014-03-23T04:00:00Z 45.050000 45.050000 0.380000 45.050000 45.050000 1.910000 81.000000 3 3 1
2014-03-22T08:00:00Z 2014-03-22T10:00:00Z 53.530000 53.530000 0.190000 53.530000 53.530000 5.840000 326.000000 3 2 1
2014-03-16T14:00:00Z 2014-03-16T16:00:00Z 62.340000 62.340000 0.150000 62.340000 62.340000 7.480000 120.000000 3 3 1
2014-03-16T08:00:00Z 2014-03-16T10:00:00Z 48.780000 48.780000 0.230000 48.780000 48.780000 6.670000 43.000000 3 2 1
2014-03-15T20:00:00Z 2014-03-15T22:00:00Z 54.970000 54.970000 0.240000 54.970000 54.970000 3.760000 103.000000 3 5 1
2014-03-15T14:00:00Z 2014-03-15T16:00:00Z 68.170000 68.170000 0.090000 68.170000 68.170000 2.500000 108.000000 3 3 1
2014-03-10T17:00:00Z 2014-03-10T19:00:00Z 46.130000 46.130000 0.340000 46.130000 46.130000 6.680000 155.000000 3 4 1
2014-03-10T14:00:00Z 2014-03-10T16:00:00Z 46.140000 46.140000 0.320000 46.140000 46.140000 6.220000 76.000000 3 3 1
2014-03-10T11:00:00Z 2014-03-10T13:00:00Z 38.970000 38.970000 0.450000 38.970000 38.970000 4.060000 94.000000 3 3 1
2014-03-08T05:00:00Z 2014-03-08T07:00:00Z 31.380000 31.380000 0.660000 31.380000 31.380000 1.940000 79.000000 3 3 1
2014-03-08T02:00:00Z 2014-03-08T04:00:00Z 34.960000 34.960000 0.330000 34.960000 34.960000 6.170000 90.000000 3 4 1
2014-03-07T08:00:00Z 2014-03-07T10:00:00Z 32.370000 32.370000 0.370000 32.370000 32.370000 3.580000 9.000000 3 2 1
2014-03-02T08:00:00Z 2014-03-02T10:00:00Z 31.110000 31.110000 0.560000 31.110000 31.110000 1.970000 36.000000 3 4 0
2014-02-28T17:00:00Z 2014-02-28T19:00:00Z 40.260000 40.260000 0.350000 40.260000 40.260000 4.220000 158.000000 3 5 1
2014-02-26T20:00:00Z 2014-02-26T22:00:00Z 42.590000 42.590000 0.750000 42.590000 42.590000 7.240000 3.000000 3 1 1
2014-02-19T08:00:00Z 2014-02-19T10:00:00Z 26.610000 26.610000 0.700000 26.610000 26.610000 6.290000 359.000000 3 2 1
2014-02-19T05:00:00Z 2014-02-19T07:00:00Z 19.040000 19.040000 0.740000 19.040000 19.040000 3.650000 2.000000 3 3 1
2014-02-17T20:00:00Z 2014-02-17T22:00:00Z 31.400000 31.400000 0.310000 31.400000 31.400000 11.540000 180.000000 3 2 1
2014-02-16T14:00:00Z 2014-02-16T16:00:00Z 44.010000 44.010000 0.220000 44.010000 44.010000 4.170000 132.000000 3 5 1
2014-02-12T23:00:00Z 2014-02-13T01:00:00Z 26.930000 26.930000 0.690000 26.930000 26.930000 8.910000 111.000000 3 5 1
2014-02-11T14:00:00Z 2014-02-11T16:00:00Z 31.970000 31.970000 0.260000 31.970000 31.970000 6.520000 186.000000 3 4 1
2014-02-11T11:00:00Z 2014-02-11T13:00:00Z 27.340000 27.340000 0.340000 27.340000 27.340000 3.080000 124.000000 3 3 1
2014-02-11T08:00:00Z 2014-02-11T10:00:00Z 15.110000 15.110000 0.620000 15.110000 15.110000 3.290000 8.000000 3 3 1
2014-02-07T20:00:00Z 2014-02-07T22:00:00Z 24.580000 24.580000 0.830000 24.580000 24.580000 6.510000 139.000000 3 4 1
2014-02-07T17:00:00Z 2014-02-07T19:00:00Z 26.630000 26.630000 0.780000 26.630000 26.630000 4.320000 150.000000 3 3 1
2014-02-07T14:00:00Z 2014-02-07T16:00:00Z 26.940000 26.940000 0.780000 26.940000 26.940000 6.750000 103.000000 3 3 1
2014-02-07T11:00:00Z 2014-02-07T13:00:00Z 24.870000 24.870000 0.790000 24.870000 24.870000 4.130000 77.000000 3 3 1
2014-02-07T08:00:00Z 2014-02-07T10:00:00Z 24.610000 24.610000 0.800000 24.610000 24.610000 1.890000 133.000000 3 3 1
2014-02-06T20:00:00Z 2014-02-06T22:00:00Z 27.740000 27.740000 0.470000 27.740000 27.740000 2.410000 143.000000 3 4 1
2014-02-06T17:00:00Z 2014-02-06T19:00:00Z 31.420000 31.420000 0.330000 31.420000 31.420000 2.820000 117.000000 3 3 1
2014-02-05T23:00:00Z 2014-02-06T01:00:00Z 25.000000 25.000000 0.530000 25.000000 25.000000 1.950000 52.000000 3 5 0
2014-02-05T20:00:00Z 2014-02-05T22:00:00Z 26.600000 26.600000 0.470000 26.600000 26.600000 1.730000 105.000000 3 3 0
2014-02-05T17:00:00Z 2014-02-05T19:00:00Z 29.900000 29.900000 0.390000 29.900000 29.900000 2.680000 136.000000 3 3 0
2014-02-05T14:00:00Z 2014-02-05T16:00:00Z 33.720000 33.720000 0.300000 33.720000 33.720000 6.520000 176.000000 3 3 0
2014-02-05T11:00:00Z 2014-02-05T13:00:00Z 29.390000 29.390000 0.250000 29.390000 29.390000 1.950000 264.000000 3 3 0
2014-02-04T20:00:00Z 2014-02-04T22:00:00Z 26.280000 26.280000 0.140000 26.280000 26.280000 1.680000 100.000000 3 3 0
2014-02-01T17:00:00Z 2014-02-01T19:00:00Z 38.510000 38.510000 0.700000 38.510000 38.510000 3.910000 146.000000 3 3 0
2014-01-31T14:00:00Z 2014-01-31T16:00:00Z 36.480000 36.480000 0.530000 36.480000 36.480000 2.060000 69.000000 3 3 1
2014-01-31T11:00:00Z 2014-01-31T13:00:00Z 34.710000 34.710000 0.530000 34.710000 34.710000 5.990000 37.000000 3 3 1
2014-01-31T08:00:00Z 2014-01-31T10:00:00Z 26.110000 26.110000 0.720000 26.110000 26.110000 6.780000 10.000000 3 3 1
2014-01-30T05:00:00Z 2014-01-30T07:00:00Z 23.220000 23.220000 0.500000 23.220000 23.220000 8.680000 344.000000 3 2 1
2014-01-29T08:00:00Z 2014-01-29T10:00:00Z 22.340000 22.340000 0.740000 22.340000 22.340000 3.530000 156.000000 3 3 1
2014-01-27T05:00:00Z 2014-01-27T07:00:00Z 18.960000 18.960000 0.740000 18.960000 18.960000 3.110000 19.000000 3 4 1
2014-01-26T17:00:00Z 2014-01-26T19:00:00Z 33.590000 33.590000 0.350000 33.590000 33.590000 4.100000 137.000000 3 3 1
2014-01-22T14:00:00Z 2014-01-22T16:00:00Z 40.780000 40.780000 0.140000 40.780000 40.780000 1.820000 97.000000 3 3 1
2014-01-22T11:00:00Z 2014-01-22T13:00:00Z 33.090000 33.090000 0.210000 33.090000 33.090000 1.510000 21.000000 3 3 1
2014-01-22T05:00:00Z 2014-01-22T07:00:00Z 16.100000 16.100000 0.460000 16.100000 16.100000 3.310000 350.000000 3 3 1
2014-01-21T20:00:00Z 2014-01-21T22:00:00Z 27.430000 27.430000 0.280000 27.430000 27.430000 3.660000 144.000000 3 4 1
2014-01-19T08:00:00Z 2014-01-19T10:00:00Z 27.470000 27.470000 0.680000 27.470000 27.470000 3.140000 11.000000 3 4 1
2014-01-18T17:00:00Z 2014-01-18T19:00:00Z 35.530000 35.530000 0.340000 35.530000 35.530000 6.870000 175.000000 3 3 1
2014-01-16T17:00:00Z 2014-01-16T19:00:00Z 35.500000 35.500000 0.450000 35.500000 35.500000 2.710000 146.000000 3 6 1
2014-01-15T17:00:00Z 2014-01-15T19:00:00Z 33.720000 33.720000 0.210000 33.720000 33.720000 2.470000 152.000000 3 6 1
2014-01-15T08:00:00Z 2014-01-15T10:00:00Z 19.650000 19.650000 0.710000 19.650000 19.650000 6.240000 319.000000 3 3 1
2014-01-14T20:00:00Z 2014-01-14T22:00:00Z 26.090000 26.090000 0.430000 26.090000 26.090000 1.720000 208.000000 3 4 1
2014-01-14T17:00:00Z 2014-01-14T19:00:00Z 33.410000 33.410000 0.270000 33.410000 33.410000 8.060000 202.000000 3 3 1
2014-01-14T11:00:00Z 2014-01-14T13:00:00Z 30.710000 30.710000 0.220000 30.710000 30.710000 1.290000 146.000000 3 2 1
2014-01-14T08:00:00Z 2014-01-14T10:00:00Z 17.140000 17.140000 0.540000 17.140000 17.140000 3.720000 12.000000 3 3 1
2014-01-14T05:00:00Z 2014-01-14T07:00:00Z 15.750000 15.750000 0.470000 15.750000 15.750000 3.290000 55.000000 3 3 1
2014-01-13T08:00:00Z 2014-01-13T10:00:00Z 15.450000 15.450000 0.570000 15.450000 15.450000 1.540000 49.000000 3 3 1
2014-01-13T02:00:00Z 2014-01-13T04:00:00Z 14.150000 14.150000 0.450000 14.150000 14.150000 3.270000 348.000000 3 3 1
2014-01-11T14:00:00Z 2014-01-11T16:00:00Z 40.060000 40.060000 0.120000 40.060000 40.060000 2.080000 222.000000 3 5 1
2014-01-11T08:00:00Z 2014-01-11T10:00:00Z 13.680000 13.680000 0.510000 13.680000 13.680000 3.220000 351.000000 3 2 1
2014-01-10T05:00:00Z 2014-01-10T07:00:00Z 10.240000 10.240000 0.440000 10.240000 10.240000 3.430000 338.000000 3 2 1
2014-01-06T08:00:00Z 2014-01-06T10:00:00Z 28.080000 28.080000 0.760000 28.080000 28.080000 5.580000 127.000000 3 3 1
2014-01-06T05:00:00Z 2014-01-06T07:00:00Z 28.140000 28.140000 0.760000 28.140000 28.140000 3.040000 138.000000 3 3 1
2014-01-04T11:00:00Z 2014-01-04T13:00:00Z 31.630000 31.630000 0.610000 31.630000 31.630000 3.200000 45.000000 3 4 0
2014-01-03T23:00:00Z 2014-01-04T01:00:00Z 29.820000 29.820000 0.640000 29.820000 29.820000 6.780000 111.000000 3 3 0
2014-01-03T02:00:00Z 2014-01-03T04:00:00Z 31.750000 31.750000 0.560000 31.750000 31.750000 2.340000 342.000000 3 1 0
2013-12-30T23:00:00Z 2013-12-31T01:00:00Z 36.960000 36.960000 0.170000 36.960000 36.960000 3.980000 201.000000 3 4 1
