2014-05-22T11:00:00Z 2014-05-22T13:00:00Z 86.110000 86.110000 0.460000 86.110000 86.110000 6.620000 175.000000 6 5 1
2014-04-14T14:00:00Z 2014-04-14T16:00:00Z 77.640000 77.640000 0.350000 77.640000 77.640000 6.230000 164.000000 6 5 1
2014-04-14T11:00:00Z 2014-04-14T13:00:00Z 69.970000 69.970000 0.460000 69.970000 69.970000 3.620000 247.000000 6 6 1
2014-04-14T08:00:00Z 2014-04-14T10:00:00Z 58.620000 58.620000 0.610000 58.620000 58.620000 3.270000 94.000000 6 6 1
2014-04-14T05:00:00Z 2014-04-14T07:00:00Z 49.930000 49.930000 0.770000 49.930000 49.930000 1.670000 67.000000 6 6 1
2014-04-14T02:00:00Z 2014-04-14T04:00:00Z 54.580000 54.580000 0.700000 54.580000 54.580000 3.440000 110.000000 6 6 1
2014-03-27T08:00:00Z 2014-03-27T10:00:00Z 57.990000 57.990000 0.620000 57.990000 57.990000 3.720000 77.000000 6 6 1
2014-03-27T05:00:00Z 2014-03-27T07:00:00Z 51.580000 51.580000 0.760000 51.580000 51.580000 1.870000 78.000000 6 6 1
2014-03-27T02:00:00Z 2014-03-27T04:00:00Z 52.040000 52.040000 0.750000 52.040000 52.040000 1.630000 60.000000 6 6 1
2014-03-26T23:00:00Z 2014-03-27T01:00:00Z 55.320000 55.320000 0.720000 55.320000 55.320000 1.680000 49.000000 6 6 1
2014-03-26T20:00:00Z 2014-03-26T22:00:00Z 61.690000 61.690000 0.530000 61.690000 61.690000 3.790000 152.000000 6 6 1
2014-03-26T17:00:00Z 2014-03-26T19:00:00Z 73.360000 73.360000 0.350000 73.360000 73.360000 6.320000 208.000000 6 6 1
2014-03-26T11:00:00Z 2014-03-26T13:00:00Z 65.740000 65.740000 0.460000 65.740000 65.740000 1.300000 118.000000 6 6 1
2014-03-26T08:00:00Z 2014-03-26T10:00:00Z 53.410000 53.410000 0.700000 53.410000 53.410000 1.610000 82.000000 6 6 1
2014-03-26T05:00:00Z 2014-03-26T07:00:00Z 47.670000 47.670000 0.750000 47.670000 47.670000 1.720000 74.000000 6 5 1
2014-03-25T14:00:00Z 2014-03-25T16:00:00Z 72.730000 72.730000 0.230000 72.730000 72.730000 3.780000 214.000000 6 5 1
2014-03-25T02:00:00Z 2014-03-25T04:00:00Z 46.150000 46.150000 0.660000 46.150000 46.150000 0.170000 63.000000 6 5 1
2014-03-24T11:00:00Z 2014-03-24T13:00:00Z 59.270000 59.270000 0.380000 59.270000 59.270000 3.080000 357.000000 6 5 1
2014-03-04T02:00:00Z 2014-03-04T04:00:00Z 32.150000 32.150000 0.580000 32.150000 32.150000 7.060000 341.000000 6 5 0
2014-03-03T23:00:00Z 2014-03-04T01:00:00Z 36.040000 36.040000 0.450000 36.040000 36.040000 7.000000 0.000000 6 6 0
2014-03-03T17:00:00Z 2014-03-03T19:00:00Z 37.410000 37.410000 0.480000 37.410000 37.410000 6.200000 4.000000 6 5 0
2014-03-03T14:00:00Z 2014-03-03T16:00:00Z 37.700000 37.700000 0.480000 37.700000 37.700000 3.780000 42.000000 6 6 0
2014-02-26T11:00:00Z 2014-02-26T13:00:00Z 44.670000 44.670000 0.610000 44.670000 44.670000 3.320000 125.000000 6 6 1
2014-02-26T08:00:00Z 2014-02-26T10:00:00Z 35.580000 35.580000 0.740000 35.580000 35.580000 1.820000 141.000000 6 6 1
2014-02-25T05:00:00Z 2014-02-25T07:00:00Z 28.290000 28.290000 0.810000 28.290000 28.290000 2.050000 340.000000 6 6 1
2014-02-25T02:00:00Z 2014-02-25T04:00:00Z 27.360000 27.360000 0.790000 27.360000 27.360000 1.950000 64.000000 6 6 1
2014-02-24T23:00:00Z 2014-02-25T01:00:00Z 30.250000 30.250000 0.750000 30.250000 30.250000 2.000000 90.000000 6 6 1
2014-02-23T23:00:00Z 2014-02-24T01:00:00Z 35.930000 35.930000 0.600000 35.930000 35.930000 2.050000 32.000000 6 6 1
2014-02-22T20:00:00Z 2014-02-22T22:00:00Z 37.890000 37.890000 0.650000 37.890000 37.890000 3.690000 151.000000 6 5 1
2014-02-22T11:00:00Z 2014-02-22T13:00:00Z 40.250000 40.250000 0.500000 40.250000 40.250000 3.730000 72.000000 6 6 1
2014-02-22T08:00:00Z 2014-02-22T10:00:00Z 34.670000 34.670000 0.630000 34.670000 34.670000 3.330000 2.000000 6 6 1
2014-02-22T05:00:00Z 2014-02-22T07:00:00Z 32.520000 32.520000 0.630000 32.520000 32.520000 3.480000 331.000000 6 6 1
2014-02-22T02:00:00Z 2014-02-22T04:00:00Z 30.900000 30.900000 0.660000 30.900000 30.900000 3.670000 339.000000 6 6 1
2014-02-21T23:00:00Z 2014-02-22T01:00:00Z 30.070000 30.070000 0.690000 30.070000 30.070000 4.000000 340.000000 6 6 1
2014-02-21T20:00:00Z 2014-02-21T22:00:00Z 28.410000 28.410000 0.690000 28.410000 28.410000 0.760000 22.000000 6 6 1
2014-02-21T17:00:00Z 2014-02-21T19:00:00Z 36.790000 36.790000 0.530000 36.790000 36.790000 2.130000 87.000000 6 6 1
2014-02-16T20:00:00Z 2014-02-16T22:00:00Z 36.390000 36.390000 0.510000 36.390000 36.390000 3.100000 215.000000 6 6 1
2014-02-16T11:00:00Z 2014-02-16T13:00:00Z 39.780000 39.780000 0.290000 39.780000 39.780000 2.300000 56.000000 6 4 1
2014-02-16T08:00:00Z 2014-02-16T10:00:00Z 26.140000 26.140000 0.690000 26.140000 26.140000 2.000000 355.000000 6 6 1
2014-02-16T05:00:00Z 2014-02-16T07:00:00Z 24.220000 24.220000 0.780000 24.220000 24.220000 8.220000 351.000000 6 6 1
2014-02-16T02:00:00Z 2014-02-16T04:00:00Z 24.650000 24.650000 0.740000 24.650000 24.650000 6.450000 331.000000 6 6 1
2014-02-15T23:00:00Z 2014-02-16T01:00:00Z 27.110000 27.110000 0.720000 27.110000 27.110000 4.000000 20.000000 6 6 1
2014-02-15T20:00:00Z 2014-02-15T22:00:00Z 25.810000 25.810000 0.670000 25.810000 25.810000 1.800000 39.000000 6 6 1
2014-02-15T19:00:00Z 2014-02-15T21:00:00Z 28.700000 28.700000 0.620000 28.700000 28.700000 4.270000 99.000000 6 6 1
2014-02-15T17:00:00Z 2014-02-15T19:00:00Z 36.460000 36.460000 0.480000 36.460000 36.460000 1.970000 157.000000 6 6 1
2014-02-15T14:00:00Z 2014-02-15T16:00:00Z 37.300000 37.300000 0.460000 37.300000 37.300000 3.670000 50.000000 6 6 1
2014-02-15T11:00:00Z 2014-02-15T13:00:00Z 33.590000 33.590000 0.520000 33.590000 33.590000 3.200000 38.000000 6 6 1
2014-02-15T08:00:00Z 2014-02-15T10:00:00Z 24.440000 24.440000 0.700000 24.440000 24.440000 1.600000 20.000000 6 6 1
2014-02-15T05:00:00Z 2014-02-15T07:00:00Z 22.620000 22.620000 0.810000 22.620000 22.620000 1.400000 328.000000 6 6 1
2014-02-15T02:00:00Z 2014-02-15T04:00:00Z 19.360000 19.360000 0.790000 19.360000 19.360000 3.120000 10.000000 6 6 1
2014-02-14T23:00:00Z 2014-02-15T01:00:00Z 23.390000 23.390000 0.730000 23.390000 23.390000 0.250000 220.000000 6 6 1
2014-02-14T20:00:00Z 2014-02-14T22:00:00Z 27.220000 27.220000 0.670000 27.220000 27.220000 1.620000 43.000000 6 6 1
2014-02-14T17:00:00Z 2014-02-14T19:00:00Z 34.360000 34.360000 0.470000 34.360000 34.360000 2.110000 195.000000 6 6 1
2014-02-14T14:00:00Z 2014-02-14T16:00:00Z 36.050000 36.050000 0.440000 36.050000 36.050000 3.330000 47.000000 6 6 1
2014-02-13T23:00:00Z 2014-02-14T01:00:00Z 25.070000 25.070000 0.630000 25.070000 25.070000 1.860000 44.000000 6 5 1
2014-01-31T02:00:00Z 2014-01-31T04:00:00Z 27.750000 27.750000 0.680000 27.750000 27.750000 6.410000 119.000000 6 6 1
2014-01-24T11:00:00Z 2014-01-24T13:00:00Z 40.410000 40.410000 0.220000 40.410000 40.410000 6.400000 354.000000 6 5 1
2014-01-24T08:00:00Z 2014-01-24T10:00:00Z 28.320000 28.320000 0.490000 28.320000 28.320000 1.570000 230.000000 6 5 1
2014-01-24T05:00:00Z 2014-01-24T07:00:00Z 26.650000 26.650000 0.490000 26.650000 26.650000 9.620000 349.000000 6 6 1
2014-01-24T02:00:00Z 2014-01-24T04:00:00Z 26.480000 26.480000 0.530000 26.480000 26.480000 6.460000 340.000000 6 6 1
2014-01-23T23:00:00Z 2014-01-24T01:00:00Z 23.180000 23.180000 0.570000 23.180000 23.180000 6.780000 9.000000 6 6 1
2014-01-17T02:00:00Z 2014-01-17T04:00:00Z 26.970000 26.970000 0.790000 26.970000 26.970000 7.930000 150.000000 6 6 1
2014-01-16T23:00:00Z 2014-01-17T01:00:00Z 29.890000 29.890000 0.810000 29.890000 29.890000 4.230000 128.000000 6 6 1
2014-01-16T20:00:00Z 2014-01-16T22:00:00Z 29.620000 29.620000 0.720000 29.620000 29.620000 3.140000 156.000000 6 6 1
2014-01-16T11:00:00Z 2014-01-16T13:00:00Z 34.920000 34.920000 0.350000 34.920000 34.920000 6.440000 14.000000 6 6 1
2014-01-16T08:00:00Z 2014-01-16T10:00:00Z 21.310000 21.310000 0.780000 21.310000 21.310000 3.390000 21.000000 6 6 1
2014-01-16T05:00:00Z 2014-01-16T07:00:00Z 26.040000 26.040000 0.700000 26.040000 26.040000 1.940000 49.000000 6 6 1
2014-01-16T02:00:00Z 2014-01-16T04:00:00Z 26.370000 26.370000 0.650000 26.370000 26.370000 3.480000 12.000000 6 6 1
2014-01-15T23:00:00Z 2014-01-16T01:00:00Z 26.930000 26.930000 0.540000 26.930000 26.930000 3.890000 81.000000 6 6 1
2013-12-25T11:00:00Z 2013-12-25T13:00:00Z 31.400000 31.400000 0.460000 31.400000 31.400000 6.260000 326.000000 6 6 1
2013-12-25T08:00:00Z 2013-12-25T10:00:00Z 20.480000 20.480000 0.740000 20.480000 20.480000 7.740000 349.000000 6 6 1
2013-12-25T05:00:00Z 2013-12-25T07:00:00Z 18.920000 18.920000 0.790000 18.920000 18.920000 1.520000 4.000000 6 6 1
2013-12-25T02:00:00Z 2013-12-25T04:00:00Z 19.070000 19.070000 0.790000 19.070000 19.070000 3.330000 10.000000 6 6 1
2013-12-24T23:00:00Z 2013-12-25T01:00:00Z 23.140000 23.140000 0.680000 23.140000 23.140000 1.790000 358.000000 6 6 1
