2013-06-04T07:00:00 0 0 0 0 0
2013-06-04T08:00:00 0 0 0 0 0
2013-06-04T09:00:00 0 0 0 0 0
2013-06-04T10:00:00 0 0 0 0 0
2013-06-04T11:00:00 0 0 0 0 0
2013-06-04T12:00:00 0 0 0 0 0
2013-06-04T13:00:00 0 0 0 0 0
2013-06-04T14:00:00 0 0 0 0 0
2013-06-04T15:00:00 0 0 0 0 0
2013-06-04T16:00:00 0 0 0 0 0
2013-06-04T17:00:00 0 0 0 0 0
2013-06-04T18:00:00 0 0 0 0 0
2013-06-04T19:00:00 0 0 0 0 0
2013-06-04T20:00:00 0 0 0 0 0
2013-06-04T21:00:00 0 0 0 0 0
2013-06-04T22:00:00 0 0 0 0 0
2013-06-04T23:00:00 0 0 0 0 0
2013-06-05T00:00:00 0 0 0 0 0
2013-06-05T01:00:00 0 0 0 0 0
2013-06-05T02:00:00 0 0 0 0 0
2013-06-05T03:00:00 0 0 0 0 0
2013-06-05T04:00:00 0 0 0 0 0
2013-06-05T05:00:00 0 0 0 0 0
2013-06-05T06:00:00 0 0 0 0 0
2013-06-08T14:00:00 0 0 0 0 0
2013-06-08T15:00:00 0 0 0 0 0
2013-06-08T16:00:00 0 0 0 0 0
2013-06-08T17:00:00 0 0 0 0 0
2013-06-08T18:00:00 0 0 0 0 0
2013-06-08T19:00:00 0 0 0 0 0
2013-06-08T20:00:00 0 0 0 0 0
2013-06-08T21:00:00 0 0 0 0 0
2013-06-08T22:00:00 0 0 0 0 0
2013-06-08T23:00:00 0 0 0 0 0
2013-06-09T00:00:00 0 0 0 0 0
2013-06-09T01:00:00 0 0 0 0 0
2013-06-09T02:00:00 0 0 0 0 0
2013-06-09T03:00:00 0 0 0 0 0
2013-06-09T04:00:00 0 0 0 0 0
2013-06-09T05:00:00 0 0 0 0 0
2013-06-09T06:00:00 0 0 0 0 0
2013-06-09T07:00:00 0 0 0 0 0
2013-06-09T08:00:00 0 0 0 0 0
2013-06-09T09:00:00 0 0 0 0 0
2013-06-09T10:00:00 0 0 0 0 0
2013-06-09T11:00:00 0 0 0 0 0
2013-06-09T12:00:00 0 0 0 0 0
2013-06-09T13:00:00 0 0 0 0 0
2013-06-16T08:00:00 0 0 0 0 0
2013-06-16T09:00:00 0 0 0 0 0
2013-06-16T10:00:00 0 0 0 0 0
2013-06-16T11:00:00 0 0 0 0 0
2013-06-16T12:00:00 0 0 0 0 0
2013-06-16T13:00:00 0 0 0 0 0
2013-06-16T14:00:00 0 0 0 0 0
2013-06-16T15:00:00 0 0 0 0 0
2013-06-16T16:00:00 0 0 0 0 0
2013-06-16T17:00:00 0 0 0 0 0
2013-06-16T18:00:00 0 0 0 0 0
2013-06-16T19:00:00 0 0 0 0 0
2013-06-16T20:00:00 0 0 0 0 0
2013-06-16T21:00:00 0 0 0 0 0
2013-06-16T22:00:00 0 0 0 0 0
2013-06-16T23:00:00 0 0 0 0 0
2013-06-17T00:00:00 0 0 0 0 0
2013-06-17T01:00:00 0 0 0 0 0
2013-06-17T02:00:00 0 0 0 0 0
2013-06-17T03:00:00 0 0 0 0 0
2013-06-17T04:00:00 0 0 0 0 0
2013-06-17T05:00:00 0 0 0 0 0
2013-06-17T06:00:00 0 0 0 0 0
2013-06-17T07:00:00 0 0 0 0 0
2013-06-17T08:00:00 0 0 0 0 0
2013-06-17T09:00:00 0 0 0 0 0
2013-06-17T10:00:00 0 0 0 0 0
2013-07-19T10:00:00 0.481056200558 0.518943799442 11 13 24
2013-07-19T11:00:00 0.457477285606 0.542522714394 14 20 34
2013-07-19T12:00:00 0.450522638608 0.549477361392 15 22 37
2013-07-19T13:00:00 0.423293693049 0.576706306951 13 26 39
2013-07-19T14:00:00 0.41274507195 0.58725492805 13 29 42
2013-07-19T15:00:00 0.435692598287 0.564307401713 20 31 51
2013-07-19T16:00:00 0.41410177636 0.58589822364 18 35 53
2013-07-19T17:00:00 0.416142934435 0.583857065565 19 34 53
2013-07-19T18:00:00 0.413550070602 0.586449929398 17 33 50
2013-07-19T19:00:00 0.407802614128 0.592197385872 17 36 53
2013-07-19T20:00:00 0.426549286895 0.573450713105 23 38 61
2013-07-19T21:00:00 0.411999968668 0.588000031332 19 40 59
2013-07-19T22:00:00 0.403271015534 0.596728984466 17 40 57
2013-07-19T23:00:00 0.392471226554 0.607528773446 14 42 56
2013-07-20T00:00:00 0.40372784956 0.59627215044 18 45 63
2013-07-20T01:00:00 0.41329724647 0.58670275353 18 40 58
2013-07-20T02:00:00 0.404762836682 0.595237163318 13 34 47
2013-07-20T03:00:00 0.39757639636 0.60242360364 9 26 35
2013-07-20T04:00:00 0.42504750401 0.57495249599 9 18 27
2013-07-20T05:00:00 0.449181678474 0.550818321526 8 11 19
2013-07-20T06:00:00 0.457471369106 0.542528630894 5 6 11
2013-07-20T07:00:00 0.404424687681 0.595575312319 4 9 13
2013-07-20T08:00:00 0.395961574677 0.604038425323 5 13 18
2013-07-20T09:00:00 0.399280861392 0.600719138608 10 24 34
2013-07-20T10:00:00 0.431394582292 0.568605417708 22 37 59
2013-08-16T10:00:00 0.403108279505 0.596891720495 5 13 18
2013-08-16T11:00:00 0.43316517263 0.56683482737 9 17 26
2013-08-16T12:00:00 0.450076324938 0.549923675062 12 20 32
2013-08-16T13:00:00 0.431376901077 0.568623098923 11 23 34
2013-08-16T14:00:00 0.439738523508 0.560261476492 14 25 39
2013-08-16T15:00:00 0.45023898009 0.54976101991 15 24 39
2013-08-16T16:00:00 0.458110425927 0.541889574073 19 26 45
2013-08-16T17:00:00 0.436257628245 0.563742371755 15 25 40
2013-08-16T18:00:00 0.415212742675 0.584787257325 14 29 43
2013-08-16T22:00:00 0.403070151756 0.596929848244 12 33 45
2013-08-16T23:00:00 0.414993633748 0.585006366252 15 36 51
2013-08-17T00:00:00 0.437064577108 0.562935422892 18 33 51
2013-08-17T01:00:00 0.43688273573 0.56311726427 20 37 57
2013-08-17T02:00:00 0.436131937215 0.563868062785 18 34 52
2013-08-17T03:00:00 0.432467595663 0.567532404337 15 30 45
2013-08-17T04:00:00 0.442252005674 0.557747994326 12 22 34
2013-08-17T05:00:00 0.446734731218 0.553265268782 9 16 25
2013-08-17T06:00:00 0.409478078039 0.590521921961 5 13 18
2013-08-17T07:00:00 0.354164249889 0.645835750111 3 13 16
2013-08-17T08:00:00 0.332444819248 0.667555180752 3 20 23
2013-08-17T09:00:00 0.356393268102 0.643606731898 6 24 30
2013-08-17T10:00:00 0.393227172868 0.606772827132 16 39 55
2013-08-17T11:00:00 0.420429250812 0.579570749188 30 54 84
2013-08-17T12:00:00 0.418492695559 0.581507304441 39 75 114
2013-09-12T16:00:00 0.385487830802 0.614512169198 14 38 52
2013-09-12T17:00:00 0.412434385976 0.587565614024 17 34 51
2013-09-12T18:00:00 0.454397358805 0.545602641195 19 25 44
2013-09-12T19:00:00 0.445472259741 0.554527740259 16 23 39
2013-09-12T20:00:00 0.474545462522 0.525454537478 16 18 34
2013-09-12T21:00:00 0.439041672966 0.560958327034 11 18 29
2013-09-12T22:00:00 0.462517217903 0.537482782097 14 18 32
2013-09-12T23:00:00 0.421117384649 0.578882615351 13 28 41
2013-09-13T00:00:00 0.409890785956 0.590109214044 13 29 42
2013-09-13T01:00:00 0.414712904974 0.585287095026 15 31 46
2013-09-13T02:00:00 0.420049118352 0.579950881648 15 29 44
2013-09-13T03:00:00 0.417327748713 0.582672251287 12 24 36
2013-09-13T04:00:00 0.398722609261 0.601277390739 9 22 31
2013-09-13T05:00:00 0.456192733256 0.543807266744 8 8 16
2013-09-13T06:00:00 0.393487060498 0.606512939502 3 7 10
2013-09-13T07:00:00 0.413360246079 0.586639753921 2 4 6
2013-09-13T08:00:00 0.43509486265 0.56490513735 5 8 13
2013-09-13T09:00:00 0.443912095934 0.556087904066 9 13 22
2013-09-13T10:00:00 0.437357869573 0.562642130427 10 16 26
2013-09-13T11:00:00 0.430115099792 0.569884900208 13 22 35
2013-09-13T12:00:00 0.441296973506 0.558703026494 16 23 39
2013-09-13T13:00:00 0.405203239687 0.594796760313 15 32 47
2013-10-06T21:00:00 0.467066507646 0.532933492354 41 51 92
2013-10-06T22:00:00 0.466477903174 0.533522096826 39 49 88
2013-10-06T23:00:00 0.46682288843 0.53317711157 41 52 93
2013-10-07T00:00:00 0.459943054348 0.540056945652 37 54 91
2013-10-07T01:00:00 0.447296138737 0.552703861263 33 56 89
2013-10-07T02:00:00 0.428108810262 0.571891189738 22 48 70
2013-10-07T03:00:00 0.4292189195 0.5707810805 17 36 53
2013-10-07T04:00:00 0.418606636096 0.581393363904 10 25 35
2013-10-07T05:00:00 0.383148518709 0.616851481291 5 20 25
2013-10-07T06:00:00 0.440155535547 0.559844464453 5 9 14
2013-10-07T07:00:00 0.543499245786 0.456500754214 9 5 14
2013-10-07T08:00:00 0.535836649282 0.464163350718 13 7 20
2013-10-07T09:00:00 0.523376060899 0.476623939101 23 15 38
2013-10-07T10:00:00 0.496821406695 0.503178593305 27 23 50
2013-10-07T11:00:00 0.492188180264 0.507811819736 34 31 65
2013-10-07T12:00:00 0.472708855672 0.527291144328 36 41 77
2013-10-07T13:00:00 0.451583614868 0.548416385132 33 46 79
2013-10-07T14:00:00 0.427635175856 0.572364824144 31 55 86
2013-10-07T15:00:00 0.400132899471 0.599867100529 23 56 79
2013-10-07T16:00:00 0.388588600146 0.611411399854 20 59 79
2013-10-07T17:00:00 0.369916017554 0.630083982446 14 53 67
2013-10-09T20:00:00 0.439602264079 0.560397735921 8 13 21
2013-10-09T21:00:00 0.426424890034 0.573575109966 8 15 23
2013-10-09T22:00:00 0.421083078967 0.578916921033 9 19 28
2013-10-09T23:00:00 0.424645174234 0.575354825766 11 22 33
2013-10-10T00:00:00 0.416410264386 0.583589735614 10 23 33
2013-10-10T01:00:00 0.428298509427 0.571701490573 10 20 30
2013-10-10T02:00:00 0.43246921329 0.56753078671 10 19 29
2013-10-10T03:00:00 0.428994159248 0.571005840752 8 15 23
2013-10-10T04:00:00 0.402323014005 0.597676985995 5 12 17
2013-10-10T05:00:00 0.461331289212 0.538668710788 4 5 9
2013-10-10T06:00:00 0.468391322648 0.531608677352 3 3 6
2013-10-10T07:00:00 0.450315959637 0.549684040363 3 4 7
2013-10-10T08:00:00 0.407266273151 0.592733726849 3 7 10
2013-10-10T09:00:00 0.429755584409 0.570244415591 6 11 17
2013-10-10T10:00:00 0.459884584368 0.540115415632 10 14 24
2013-10-10T11:00:00 0.45557164245 0.54442835755 12 17 29
2013-10-10T12:00:00 0.447847625517 0.552152374483 16 25 41
2013-10-10T13:00:00 0.446247214004 0.553752785996 22 34 56
2013-10-10T14:00:00 0.446941368652 0.553058631348 25 36 61
2013-10-10T15:00:00 0.44844811529 0.55155188471 22 31 53
2013-10-10T16:00:00 0.434440697603 0.565559302397 19 30 49
2013-10-10T17:00:00 0.439635168691 0.560364831309 20 30 50
2013-10-10T18:00:00 0.436495277499 0.563504722501 18 27 45
2013-10-17T20:00:00 0.410351391905 0.589648608095 9 19 28
2013-10-17T21:00:00 0.445639277889 0.554360722111 11 16 27
2013-10-17T22:00:00 0.444396708023 0.555603291977 10 15 25
2013-10-17T23:00:00 0.4792621537 0.5207378463 14 15 29
2013-10-18T00:00:00 0.498405415921 0.501594584079 15 14 29
2013-10-18T01:00:00 0.506064070104 0.493935929896 15 13 28
2013-10-18T02:00:00 0.486159443508 0.513840556492 11 12 23
2013-10-18T03:00:00 0.489584288356 0.510415711644 8 9 17
2013-10-19T09:00:00 0.453568970609 0.546431029391 8 11 19
2013-10-19T10:00:00 0.428690586714 0.571309413286 11 18 29
2013-10-19T11:00:00 0.412930902455 0.587069097545 16 31 47
2013-10-19T12:00:00 0.400906922765 0.599093077235 20 48 68
2013-10-19T13:00:00 0.383392787142 0.616607212858 23 65 88
2013-10-19T14:00:00 0.385419945202 0.614580054798 26 71 97
2013-10-19T15:00:00 0.376941107159 0.623058892841 27 81 108
2013-10-19T16:00:00 0.360837227981 0.639162772019 25 103 128
2013-10-19T17:00:00 0.359958797361 0.640041202639 24 100 124
2013-10-19T18:00:00 0.367099514798 0.632900485202 25 94 119
2013-10-19T19:00:00 0.37859293693 0.62140706307 25 84 109
2013-10-28T19:00:00 0.516446743049 0.483553256951 25 20 45
2013-10-28T20:00:00 0.51129488527 0.48870511473 25 21 46
2013-10-28T21:00:00 0.500768459119 0.499231540881 25 23 48
2013-10-28T22:00:00 0.490936399563 0.509063600437 23 22 45
2013-10-28T23:00:00 0.469102442442 0.530897557558 24 30 54
2013-10-29T00:00:00 0.463099271912 0.536900728088 22 29 51
2013-10-29T01:00:00 0.4840238057 0.5159761943 23 24 47
2013-10-29T02:00:00 0.487491966074 0.512508033926 20 20 40
2013-10-29T03:00:00 0.488598377445 0.511401622555 16 16 32
2013-10-29T04:00:00 0.484675050903 0.515324949097 12 13 25
2013-10-29T05:00:00 0.54731323355 0.45268676645 8 4 12
2013-10-29T06:00:00 0.523283808287 0.476716191713 3 2 5
2013-10-29T07:00:00 0.447007662484 0.552992337516 2 3 5
2013-10-29T08:00:00 0.402431289116 0.597568710884 3 8 11
2013-10-29T09:00:00 0.419457636429 0.580542363572 5 11 16
2013-10-29T10:00:00 0.400468460255 0.599531539745 6 16 22
2013-10-29T11:00:00 0.432471775114 0.567528224886 9 16 25
2013-10-29T12:00:00 0.412044623986 0.587955376014 10 23 33
2013-10-29T13:00:00 0.389978314292 0.610021685708 9 27 36
2013-10-29T14:00:00 0.368920868886 0.631079131114 8 32 40
2013-10-29T15:00:00 0.370685352828 0.629314647172 8 33 41
2013-10-29T16:00:00 0.39305206779 0.60694793221 11 33 44
2013-10-29T17:00:00 0.38903773242 0.61096226758 10 34 44
2013-11-02T21:00:00 0.464111456422 0.535888543578 40 51 91
2013-11-02T22:00:00 0.484615861131 0.515384138869 39 41 80
2013-11-02T23:00:00 0.49981074836 0.50018925164 40 37 77
2013-11-03T00:00:00 0.499450969131 0.500549030869 44 41 85
2013-11-03T01:00:00 0.495616055533 0.504383944467 39 39 78
2013-11-03T02:00:00 0.480367331909 0.519632668091 35 41 76
2013-11-03T03:00:00 0.461054271969 0.538945728031 24 35 59
2013-11-03T04:00:00 0.456634509379 0.543365490621 20 31 51
2013-11-03T05:00:00 0.440730071632 0.559269928368 13 24 37
2013-11-03T06:00:00 0.42359131076 0.57640868924 7 15 22
2013-11-03T07:00:00 0.474403178965 0.525596821035 11 13 24
2013-11-03T08:00:00 0.52273238748 0.47726761252 22 15 37
2013-11-03T09:00:00 0.470701139181 0.529298860819 28 31 59
2013-11-03T10:00:00 0.462235954919 0.537764045081 39 47 86
2013-11-03T11:00:00 0.453632315516 0.546367684484 49 63 112
2013-11-03T12:00:00 0.435089938075 0.564910061925 53 81 134
2013-11-03T13:00:00 0.425515218145 0.574484781855 53 91 144
2013-11-03T14:00:00 0.414727762043 0.585272237957 51 98 149
2013-11-03T15:00:00 0.422123362761 0.577876637239 51 90 141
2013-11-03T16:00:00 0.41587763473 0.58412236527 45 85 130
2013-11-03T17:00:00 0.404511775707 0.595488224293 39 86 125
2013-11-03T18:00:00 0.42141036706 0.57858963294 42 78 120
2013-11-08T21:00:00 0.431677920945 0.568322079055 59 132 191
2013-11-08T22:00:00 0.41856121596 0.58143878404 53 143 196
2013-11-08T23:00:00 0.425093707891 0.574906292109 61 148 209
2013-11-09T00:00:00 0.399030427798 0.600969572202 44 155 199
2013-11-09T01:00:00 0.392031115344 0.607968884656 39 153 192
2013-11-09T02:00:00 0.386100100257 0.613899899743 34 146 180
2013-11-09T03:00:00 0.392332118456 0.607667881544 31 122 153
2013-11-09T04:00:00 0.389790608417 0.610209391583 25 103 128
2013-11-09T05:00:00 0.374502119032 0.625497880968 14 81 95
2013-11-09T06:00:00 0.378312942998 0.621687057002 9 54 63
2013-11-09T07:00:00 0.392019170107 0.607980829893 9 43 52
2013-11-09T08:00:00 0.397592919288 0.602407080712 14 62 76
2013-11-09T09:00:00 0.399573575712 0.600426424288 19 82 101
2013-11-09T10:00:00 0.386188346126 0.613811653874 21 109 130
2013-11-09T11:00:00 0.388307347006 0.611692652994 30 145 175
2013-11-09T12:00:00 0.385854255304 0.614145744696 37 178 215
2013-11-09T13:00:00 0.391238000199 0.608761999801 45 193 238
2013-11-09T14:00:00 0.405572427594 0.594427572406 53 174 227
2013-11-09T15:00:00 0.399991658793 0.600008341207 50 171 221
2013-11-09T16:00:00 0.410205565481 0.589794434519 61 181 242
2013-11-09T17:00:00 0.411083419061 0.588916580939 61 171 232
2013-11-09T18:00:00 0.420596322646 0.579403677354 64 155 219
2013-11-09T19:00:00 0.428407484958 0.571592515042 72 154 226
2013-11-09T20:00:00 0.420219975741 0.579780024259 68 161 229
2013-11-09T21:00:00 0.427038345378 0.572961654622 72 157 229
2013-11-13T18:00:00 0.474286196027 0.525713803973 115 135 250
2013-11-13T19:00:00 0.46894244642 0.53105755358 108 137 245
2013-11-13T20:00:00 0.461050255754 0.538949744246 111 157 268
2013-11-13T21:00:00 0.461025960913 0.538974039087 111 158 269
2013-11-13T22:00:00 0.458020601359 0.541979398641 113 162 275
2013-11-13T23:00:00 0.456709814492 0.543290185508 125 186 311
2013-11-14T00:00:00 0.452951272369 0.547048727631 127 197 324
2013-11-14T01:00:00 0.452416579697 0.547583420303 133 204 337
2013-11-14T02:00:00 0.46390228635 0.53609771365 127 169 296
2013-11-14T08:00:00 0.476777915633 0.523222084367 41 48 89
2013-11-14T09:00:00 0.464109751485 0.535890248515 62 79 141
2013-11-14T10:00:00 0.465631523659 0.534368476341 88 110 198
2013-11-14T11:00:00 0.460235881617 0.539764118383 109 142 251
2013-11-14T12:00:00 0.453688462759 0.546311537241 129 179 308
2013-11-14T13:00:00 0.460597396201 0.539402603799 151 193 344
2013-11-14T14:00:00 0.451546715658 0.548453284342 154 213 367
2013-11-14T15:00:00 0.446731870326 0.553268129674 156 230 386
2013-11-14T16:00:00 0.437496298572 0.562503701428 147 242 389
2013-11-14T17:00:00 0.440057528264 0.559942471736 146 236 382
2013-11-23T21:00:00 0.457810489901 0.542189510099 104 149 253
2013-11-23T22:00:00 0.453782753741 0.546217246259 112 167 279
2013-11-23T23:00:00 0.4633075958 0.5366924042 139 184 323
2013-11-24T00:00:00 0.468166628626 0.531833371374 152 192 344
2013-11-24T01:00:00 0.465752134411 0.534247865589 144 188 332
2013-11-24T02:00:00 0.466862985401 0.533137014599 135 172 307
2013-11-24T03:00:00 0.464415782673 0.535584217327 113 147 260
2013-11-24T04:00:00 0.468472370898 0.531527629102 91 113 204
2013-11-24T05:00:00 0.450636966534 0.549363033466 52 80 132
2013-11-24T06:00:00 0.450447395278 0.549552604722 29 46 75
2013-11-24T07:00:00 0.512141479865 0.487858520135 33 27 60
2013-11-24T08:00:00 0.54750491538 0.45249508462 36 21 57
2013-11-24T09:00:00 0.552395702601 0.447604297399 53 28 81
2013-11-24T10:00:00 0.506216317614 0.493783682386 68 58 126
2013-11-24T11:00:00 0.499587403581 0.500412596419 91 83 174
2013-11-24T12:00:00 0.481758625195 0.518241374805 106 117 223
2013-11-24T13:00:00 0.460782202831 0.539217797169 117 160 277
2013-11-24T14:00:00 0.443893234987 0.556106765013 119 195 314
2013-11-24T15:00:00 0.43594677944 0.56405322056 121 214 335
2013-11-24T16:00:00 0.435319952397 0.564680047603 121 215 336
2013-11-24T17:00:00 0.427244830141 0.572755169859 120 236 356
2013-11-24T18:00:00 0.42854095366 0.57145904634 126 246 372
2013-11-24T19:00:00 0.433145574571 0.566854425429 131 238 369
2013-12-08T08:00:00 0.526438031969 0.473561968031 76 57 133
2013-12-08T09:00:00 0.54785932627 0.45214067373 134 83 217
2013-12-08T10:00:00 0.539099595555 0.460900404445 190 129 319
2013-12-08T11:00:00 0.525810104641 0.474189895359 246 190 436
2013-12-08T12:00:00 0.516176413759 0.483823586241 320 265 585
2013-12-08T13:00:00 0.50606928914 0.49393071086 363 333 696
2013-12-08T14:00:00 0.500088003152 0.499911996848 380 366 746
2013-12-08T15:00:00 0.493845340425 0.506154659575 366 370 736
2013-12-08T16:00:00 0.484844604264 0.515155395736 351 388 739
2013-12-08T17:00:00 0.479610956525 0.520389043475 354 411 765
2013-12-08T18:00:00 0.474117499992 0.525882500008 314 384 698
2013-12-08T19:00:00 0.474961456147 0.525038543853 298 358 656
2013-12-08T20:00:00 0.464245610308 0.535754389692 280 378 658
2013-12-08T21:00:00 0.454554449637 0.545445550363 274 408 682
2013-12-08T22:00:00 0.458195420308 0.541804579692 268 382 650
2013-12-08T23:00:00 0.460110971974 0.539889028026 259 363 622
2013-12-09T00:00:00 0.466840488597 0.533159511403 270 355 625
2013-12-09T01:00:00 0.468619032858 0.531380967142 260 338 598
2013-12-09T02:00:00 0.470827112756 0.529172887244 223 283 506
2013-12-09T03:00:00 0.479064413972 0.520935586028 184 217 401
2013-12-09T04:00:00 0.476097024894 0.523902975106 147 179 326
2013-12-09T05:00:00 0.474205350543 0.525794649457 93 114 207
2013-12-09T06:00:00 0.465422693845 0.534577306155 51 69 120
2013-12-25T07:00:00 0.511116375451 0.488883624549 92 82 174
2013-12-25T08:00:00 0.533538973071 0.466461026929 127 91 218
2013-12-25T09:00:00 0.541743915546 0.458256084454 185 121 306
2013-12-25T10:00:00 0.525404126181 0.474595873819 235 178 413
2013-12-25T11:00:00 0.511697096453 0.488302903547 266 230 496
2013-12-25T12:00:00 0.50871059329 0.49128940671 322 286 608
2013-12-25T13:00:00 0.492833122979 0.507166877021 323 335 658
2013-12-25T14:00:00 0.47776578502 0.52223421498 299 359 658
2013-12-25T15:00:00 0.470390348943 0.529609651057 276 359 635
2013-12-25T16:00:00 0.46292202218 0.53707797782 255 362 617
2013-12-25T17:00:00 0.4626412965 0.5373587035 264 376 640
2013-12-25T18:00:00 0.453242758663 0.546757241337 242 383 625
2013-12-25T19:00:00 0.455247824023 0.544752175977 261 404 665
2013-12-25T20:00:00 0.464350591196 0.535649408804 291 405 696
2013-12-25T21:00:00 0.465559251677 0.534440748323 317 431 748
2013-12-25T22:00:00 0.465684042152 0.534315957848 352 477 829
2013-12-25T23:00:00 0.465121655706 0.534878344294 391 525 916
2013-12-26T00:00:00 0.469967792797 0.530032207203 446 560 1006
2013-12-26T01:00:00 0.468946352649 0.531053647351 424 537 961
2013-12-26T02:00:00 0.465607195689 0.534392804311 378 499 877
2013-12-26T03:00:00 0.463381957914 0.536618042086 327 441 768
2013-12-26T04:00:00 0.463766469086 0.536233530914 255 339 594
2014-01-04T12:00:00 0.467983141883 0.532016858117 118 150 268
2014-01-04T13:00:00 0.466189432339 0.533810567661 142 186 328
2014-01-04T14:00:00 0.461600836983 0.538399163017 171 236 407
2014-01-04T15:00:00 0.45655217017 0.54344782983 187 272 459
2014-01-04T16:00:00 0.456248658665 0.543751341335 194 280 474
2014-01-04T17:00:00 0.452594980228 0.547405019772 199 304 503
2014-01-04T18:00:00 0.447719774212 0.552280225788 208 329 537
2014-01-04T19:00:00 0.450149236978 0.549850763022 224 346 570
2014-01-04T20:00:00 0.442032248935 0.557967751065 228 387 615
2014-01-04T21:00:00 0.446209794523 0.553790205477 244 399 643
2014-01-04T22:00:00 0.445653359138 0.554346640862 262 435 697
2014-01-04T23:00:00 0.444252301347 0.555747698653 278 462 740
2014-01-05T00:00:00 0.451783509947 0.548216490053 299 459 758
2014-01-05T01:00:00 0.449877146781 0.550122853219 285 447 732
2014-01-05T02:00:00 0.45624674217 0.54375325783 258 372 630
2014-01-05T03:00:00 0.459864611599 0.540135388401 223 307 530
2014-01-05T04:00:00 0.465217621922 0.534782378078 178 229 407
2014-01-05T05:00:00 0.474062127331 0.525937872669 125 148 273
2014-01-05T06:00:00 0.472946809434 0.527053190566 72 87 159
2014-01-06T01:00:00 0.4586178712 0.5413821288 378 525 903
2014-01-06T02:00:00 0.458593854559 0.541406145441 397 548 945
2014-01-06T03:00:00 0.462973883988 0.537026116012 376 496 872
2014-01-06T04:00:00 0.469258445306 0.530741554694 325 404 729
2014-01-06T05:00:00 0.477372505302 0.522627494698 240 272 512
2014-01-06T06:00:00 0.495896484961 0.504103515039 174 162 336
2014-01-06T07:00:00 0.514889334025 0.485110665975 120 89 209
2014-01-06T08:00:00 0.527009794525 0.472990205475 122 79 201
2014-01-06T09:00:00 0.513770432331 0.486229567669 130 97 227
2014-01-06T10:00:00 0.511196752846 0.488803247154 146 113 259
2014-01-06T11:00:00 0.497906697472 0.502093302528 167 151 318
2014-01-06T12:00:00 0.49653551913 0.50346448087 181 168 349
2014-01-06T13:00:00 0.485204157265 0.514795842735 191 204 395
2014-01-06T14:00:00 0.479255477397 0.520744522603 191 219 410
2014-01-06T15:00:00 0.472829659529 0.527170340471 189 234 423
2014-01-06T16:00:00 0.463063980218 0.536936019782 184 252 436
2014-01-06T17:00:00 0.457336022551 0.542663977449 179 259 438
2014-01-06T18:00:00 0.450559337453 0.549440662547 196 305 501
2014-01-06T19:00:00 0.451526053973 0.548473946027 207 316 523
2014-01-06T20:00:00 0.449359029376 0.550640970624 200 314 514
2014-01-06T21:00:00 0.449562745396 0.550437254604 207 324 531
2014-01-06T22:00:00 0.452946630397 0.547053369603 227 344 571
2014-01-06T23:00:00 0.456533613836 0.543466386164 239 352 591
2014-01-07T09:00:00 0.473809860697 0.526190139303 32 39 71
2014-01-07T10:00:00 0.472218971201 0.527781028799 40 47 87
2014-01-17T03:00:00 0.490551904001 0.509448095999 123 128 251
2014-01-17T04:00:00 0.474729343637 0.525270656363 85 104 189
2014-01-17T05:00:00 0.469428049512 0.530571950488 54 72 126
2014-01-17T06:00:00 0.461360217353 0.538639782647 38 53 91
2014-01-17T07:00:00 0.465940548769 0.534059451231 28 37 65
2014-01-17T08:00:00 0.471457240698 0.528542759302 33 41 74
2014-01-17T09:00:00 0.479443823544 0.520556176456 52 60 112
2014-01-17T10:00:00 0.470999757586 0.529000242414 75 92 167
2014-01-17T11:00:00 0.468286515377 0.531713484623 92 118 210
2014-01-17T12:00:00 0.466573137257 0.533426862743 105 136 241
2014-01-17T13:00:00 0.449046218469 0.550953781531 117 183 300
2014-01-17T14:00:00 0.438644277166 0.561355722834 123 214 337
2014-01-17T15:00:00 0.435337213127 0.564662786873 127 228 355
2014-01-17T16:00:00 0.440084320209 0.559915679791 134 227 361
2014-01-17T17:00:00 0.438749668072 0.561250331928 142 238 380
2014-01-17T18:00:00 0.433030367188 0.566969632812 145 265 410
2014-01-17T19:00:00 0.44039051123 0.55960948877 155 261 416
2014-01-17T20:00:00 0.446949731954 0.553050268046 165 263 428
2014-01-17T21:00:00 0.452687038266 0.547312961734 181 275 456
2014-01-17T22:00:00 0.452717799184 0.547282200816 199 303 502
2014-01-17T23:00:00 0.463186331564 0.536813668436 227 314 541
2014-01-18T00:00:00 0.470987363208 0.529012636792 248 315 563
2014-01-19T08:00:00 0.463340772611 0.536659227389 41 55 96
2014-01-19T09:00:00 0.477408791011 0.522591208989 52 59 111
2014-01-19T10:00:00 0.481124441663 0.518875558337 70 76 146
2014-01-19T11:00:00 0.451846306956 0.548153693044 85 123 208
2014-01-19T12:00:00 0.450207614129 0.549792385871 98 145 243
2014-01-19T13:00:00 0.448522780452 0.551477219548 111 166 277
2014-01-19T14:00:00 0.450259741415 0.549740258585 116 174 290
2014-01-19T15:00:00 0.440146399357 0.559853600643 116 194 310
2014-01-19T16:00:00 0.432205491199 0.567794508801 113 205 318
2014-01-19T17:00:00 0.44251060787 0.55748939213 115 187 302
2014-01-19T18:00:00 0.444888261934 0.555111738066 126 197 323
2014-01-19T19:00:00 0.448105525784 0.551894474216 140 213 353
2014-01-19T20:00:00 0.448906180502 0.551093819498 150 229 379
2014-01-19T21:00:00 0.461845769064 0.538154230936 193 258 451
2014-01-23T15:00:00 0.457168778857 0.542831221143 139 194 333
2014-01-23T16:00:00 0.448624287695 0.551375712305 133 210 343
2014-01-23T17:00:00 0.457691091407 0.542308908593 136 193 329
2014-01-23T18:00:00 0.455851892854 0.544148107146 133 194 327
2014-01-23T19:00:00 0.458456032064 0.541543967936 133 190 323
2014-01-23T20:00:00 0.472162017188 0.527837982812 151 187 338
2014-01-23T21:00:00 0.467322332519 0.532677667481 159 205 364
2014-01-23T22:00:00 0.464340040317 0.535659959683 166 219 385
2014-01-23T23:00:00 0.459327585424 0.540672414576 190 264 454
2014-01-24T00:00:00 0.459142456049 0.540857543951 198 274 472
2014-01-24T01:00:00 0.464845947676 0.535154052324 212 277 489
2014-01-24T02:00:00 0.454751463183 0.545248536817 186 271 457
2014-01-24T03:00:00 0.458327053427 0.541672946573 175 243 418
2014-01-24T04:00:00 0.467181959829 0.532818040171 157 197 354
2014-01-24T05:00:00 0.471411110493 0.528588889507 116 138 254
2014-01-24T06:00:00 0.479360523925 0.520639476075 86 96 182
2014-01-24T07:00:00 0.475779352954 0.524220647046 59 70 129
2014-01-24T08:00:00 0.483326278974 0.516673721026 62 69 131
2014-01-24T09:00:00 0.486070041363 0.513929958637 66 72 138
2014-01-24T10:00:00 0.475459784945 0.524540215055 74 93 167
2014-01-24T11:00:00 0.469888444991 0.530111555009 89 117 206
2014-01-24T12:00:00 0.465954153248 0.534045846752 101 135 236
2014-01-24T13:00:00 0.460663246349 0.539336753651 108 148 256
2014-02-01T11:00:00 0.489557628122 0.510442371878 85 86 171
2014-02-01T12:00:00 0.479086753136 0.520913246864 109 125 234
2014-02-01T13:00:00 0.472885761484 0.527114238516 133 163 296
2014-02-01T14:00:00 0.472223596421 0.527776403579 140 175 315
2014-02-01T15:00:00 0.458008063379 0.541991936621 130 186 316
2014-02-01T16:00:00 0.443557177095 0.556442822905 118 199 317
2014-02-01T17:00:00 0.441229160225 0.558770839775 115 198 313
2014-02-01T18:00:00 0.434891058481 0.565108941519 100 183 283
2014-02-01T19:00:00 0.436538002826 0.563461997174 94 171 265
2014-02-01T20:00:00 0.43257696925 0.56742303075 94 180 274
2014-02-01T21:00:00 0.432133695485 0.567866304515 103 194 297
2014-02-01T22:00:00 0.443033814816 0.556966185184 115 193 308
2014-02-01T23:00:00 0.446525789598 0.553474210402 122 201 323
2014-02-02T00:00:00 0.451545174807 0.548454825193 139 217 356
2014-02-02T01:00:00 0.449402023992 0.550597976008 133 208 341
2014-02-02T02:00:00 0.449956081858 0.550043918142 123 191 314
2014-02-02T03:00:00 0.458940002515 0.541059997485 106 154 260
2014-02-02T04:00:00 0.455814104063 0.544185895937 84 126 210
2014-02-02T05:00:00 0.454760195006 0.545239804994 60 89 149
2014-02-02T06:00:00 0.464145618239 0.535854381761 37 49 86
2014-02-02T07:00:00 0.485763636555 0.514236363445 27 31 58
2014-02-02T08:00:00 0.49530807858 0.50469192142 28 28 56
2014-02-02T09:00:00 0.475238090248 0.524761909752 44 51 95
2014-03-28T18:00:00 0.43998242642 0.56001757358 107 186 293
2014-03-28T19:00:00 0.440836498851 0.559163501149 111 187 298
2014-03-28T20:00:00 0.454644987788 0.545355012212 124 178 302
2014-03-28T21:00:00 0.456655724762 0.543344275238 142 198 340
2014-03-28T22:00:00 0.465698647462 0.534301352538 170 217 387
2014-03-28T23:00:00 0.467497050783 0.532502949217 203 255 458
2014-03-29T00:00:00 0.476254238802 0.523745761198 257 294 551
2014-03-29T01:00:00 0.471760878025 0.528239121975 265 318 583
2014-10-31T06:00:00 0 0 0 0 0
2014-10-31T07:00:00 0 0 0 0 0
2014-10-31T08:00:00 0 0 0 0 0
2014-10-31T09:00:00 0 0 0 0 0
2014-10-31T10:00:00 0 0 0 0 0
2014-10-31T11:00:00 0 0 0 0 0
2014-10-31T12:00:00 0 0 0 0 0
2014-10-31T13:00:00 0 0 0 0 0
2014-10-31T14:00:00 0 0 0 0 0
2014-10-31T15:00:00 0 0 0 0 0
2014-10-31T16:00:00 0 0 0 0 0
2014-10-31T17:00:00 0 0 0 0 0
2014-10-31T18:00:00 0 0 0 0 0
2014-10-31T19:00:00 0 0 0 0 0
2014-10-31T20:00:00 0 0 0 0 0
2014-10-31T21:00:00 0 0 0 0 0
2014-10-31T22:00:00 0 0 0 0 0
2014-10-31T23:00:00 0 0 0 0 0
2014-11-01T00:00:00 0 0 0 0 0
2014-11-01T01:00:00 0 0 0 0 0
2014-11-01T04:00:00 0 0 0 0 0
2014-11-01T05:00:00 0 0 0 0 0
2014-10-25T07:00:00 0.561227130027 0.438772869973 54 26 80
2014-10-25T08:00:00 0.509564836726 0.490435163274 68 58 126
2014-10-25T09:00:00 0.506354065334 0.493645934666 105 91 196
2014-10-25T10:00:00 0.505412351586 0.494587648414 128 112 240
2014-10-25T11:00:00 0.494922157519 0.505077842481 148 143 291
2014-10-25T12:00:00 0.499789006057 0.500210993943 180 165 345
2014-10-25T13:00:00 0.502181858404 0.497818141596 198 176 374
2014-10-25T14:00:00 0.52131779541 0.47868220459 234 166 400
2014-10-25T15:00:00 0.523936834773 0.476063165227 225 153 378
2014-10-25T16:00:00 0.518439823893 0.481560176107 221 158 379
2014-10-25T17:00:00 0.530372632527 0.469627367473 229 143 372
2014-10-25T18:00:00 0.527599923278 0.472400076722 229 146 375
2014-10-25T19:00:00 0.523347775882 0.476652224118 223 150 373
2014-10-25T20:00:00 0.513137680044 0.486862319956 204 155 359
2014-10-25T21:00:00 0.520491369997 0.479508630003 218 153 371
2014-10-25T22:00:00 0.526106627053 0.473893372947 259 171 430
2014-10-25T23:00:00 0.522965319853 0.477034680147 290 199 489
2014-10-26T00:00:00 0.526101179935 0.473898820065 316 211 527
2014-10-26T01:00:00 0.527134170065 0.472865829935 318 211 529
2014-10-26T02:00:00 0.522051710086 0.477948289914 282 199 481
2014-10-26T03:00:00 0.512100834499 0.487899165501 238 187 425
2014-10-26T04:00:00 0.509061749269 0.490938250731 179 145 324
2014-10-26T05:00:00 0.499207426135 0.500792573865 118 105 223
2014-10-19T21:00:00 0.468101412435 0.531898587565 165 217 382
2014-10-19T22:00:00 0.474276173724 0.525723826276 198 241 439
2014-10-19T23:00:00 0.480610020707 0.519389979293 219 250 469
2014-10-20T00:00:00 0.486482765499 0.513517234501 232 252 484
2014-10-20T01:00:00 0.495307084887 0.504692915113 237 236 473
2014-10-20T02:00:00 0.500708040991 0.499291959009 229 217 446
2014-10-20T03:00:00 0.511625316666 0.488374683334 208 177 385
2014-10-20T04:00:00 0.522467871997 0.477532128003 161 125 286
2014-10-20T05:00:00 0.541089158281 0.458910841719 122 78 200
2014-10-20T06:00:00 0.547492031403 0.452507968597 84 50 134
2014-10-20T07:00:00 0.540341697795 0.459658302205 65 41 106
2014-10-20T08:00:00 0.551062292461 0.448937707539 73 40 113
2014-10-20T09:00:00 0.527421323097 0.472578676903 82 59 141
2014-10-20T10:00:00 0.515326592453 0.484673407547 102 84 186
2014-10-20T11:00:00 0.506650126831 0.493349873169 126 114 240
2014-10-20T16:00:00 0.506889281277 0.493110718723 146 128 274
2014-10-20T20:00:00 0.494226064058 0.505773935942 121 117 238
2014-10-20T21:00:00 0.496527296157 0.503472703843 132 126 258
2014-10-20T22:00:00 0.500744166025 0.499255833975 148 136 284
2014-10-20T23:00:00 0.496763877848 0.503236122152 165 157 322
2014-10-10T23:00:00 0.486052541498 0.513947458502 419 468 887
2014-10-11T00:00:00 0.485907707183 0.514092292817 461 513 974
2014-10-11T01:00:00 0.497831820111 0.502168179889 512 505 1017
2014-10-11T02:00:00 0.504902439383 0.495097560617 497 454 951
2014-10-11T03:00:00 0.509014921046 0.490985078954 441 387 828
2014-10-11T04:00:00 0.520834241407 0.479165758593 387 298 685
2014-10-11T05:00:00 0.536003449553 0.463996550447 306 199 505
2014-10-11T06:00:00 0.57423124509 0.42576875491 244 104 348
2014-10-11T07:00:00 0.614175034154 0.385824965846 273 71 344
2014-10-11T08:00:00 0.613656085068 0.386343914932 376 97 473
2014-10-11T09:00:00 0.609611183859 0.390388816141 524 143 667
2014-10-11T10:00:00 0.603917127832 0.396082872168 624 186 810
2014-10-11T11:00:00 0.594661784678 0.405338215322 699 237 936
2014-10-11T12:00:00 0.584531308162 0.415468691838 768 294 1062
2014-10-11T13:00:00 0.572583663004 0.427416336996 747 327 1074
2014-10-11T14:00:00 0.558445434184 0.441554565816 659 342 1001
2014-10-11T15:00:00 0.541544370382 0.458455629618 526 328 854
2014-10-11T16:00:00 0.528758909519 0.471241090481 442 315 757
2014-10-11T17:00:00 0.516338069626 0.483661930374 391 314 705
2014-10-11T18:00:00 0.507247627159 0.492752372841 333 295 628
