2013-06-11T11:00:00 0 0 0 0 0
2013-06-11T12:00:00 0 0 0 0 0
2013-06-11T13:00:00 0 0 0 0 0
2013-06-11T14:00:00 0 0 0 0 0
2013-06-11T15:00:00 0 0 0 0 0
2013-06-11T16:00:00 0 0 0 0 0
2013-06-11T17:00:00 0 0 0 0 0
2013-06-11T18:00:00 0 0 0 0 0
2013-06-11T19:00:00 0 0 0 0 0
2013-06-11T20:00:00 0 0 0 0 0
2013-06-11T21:00:00 0 0 0 0 0
2013-06-11T22:00:00 0 0 0 0 0
2013-06-11T23:00:00 0 0 0 0 0
2013-06-12T00:00:00 0 0 0 0 0
2013-06-12T01:00:00 0 0 0 0 0
2013-06-12T02:00:00 0 0 0 0 0
2013-06-12T03:00:00 0 0 0 0 0
2013-06-12T04:00:00 0 0 0 0 0
2013-06-12T05:00:00 0 0 0 0 0
2013-06-12T06:00:00 0 0 0 0 0
2013-06-12T07:00:00 0 0 0 0 0
2013-06-12T08:00:00 0 0 0 0 0
2013-06-12T09:00:00 0 0 0 0 0
2013-06-12T10:00:00 0 0 0 0 0
2013-06-12T11:00:00 0 0 0 0 0
2013-08-19T00:00:00 0.442331411969 0.557668588031 20 29 49
2013-08-19T01:00:00 0.473451167225 0.526548832775 21 22 43
2013-08-19T02:00:00 0.496774209688 0.503225790312 17 15 32
2013-08-19T03:00:00 0.512813823953 0.487186176047 13 10 23
2013-08-19T04:00:00 0.552477850131 0.447522149869 10 5 15
2013-08-19T05:00:00 0.537927264126 0.462072735874 8 5 13
2013-08-19T06:00:00 0.519605219442 0.480394780558 7 5 12
2013-08-19T07:00:00 0.459240838673 0.540759161327 4 6 10
2013-08-19T08:00:00 0.477648887005 0.522351112995 5 6 11
2013-08-19T09:00:00 0.529953880133 0.470046119867 11 7 18
2013-08-19T10:00:00 0.539932589484 0.460067410516 14 8 22
2013-08-19T11:00:00 0.540243457054 0.459756542946 21 12 33
2013-08-19T14:00:00 0.507409728107 0.492590271893 26 19 45
2013-08-19T15:00:00 0.488326565425 0.511673434575 23 21 44
2013-08-19T16:00:00 0.479005737941 0.520994262059 22 22 44
2013-08-19T17:00:00 0.451694423065 0.548305576935 17 22 39
2013-08-19T18:00:00 0.454602320091 0.545397679909 17 22 39
2013-08-19T19:00:00 0.438899243298 0.561100756702 16 24 40
2013-08-19T20:00:00 0.441427188748 0.558572811252 18 27 45
2013-08-19T21:00:00 0.458273309151 0.541726690849 20 25 45
2013-08-19T22:00:00 0.461093662383 0.538906337617 21 26 47
2013-08-19T23:00:00 0.457230790771 0.542769209229 20 25 45
2013-08-30T00:00:00 0.344877185139 0.655122814861 13 60 73
2013-08-30T01:00:00 0.348872358173 0.651127641827 12 53 65
2013-08-30T02:00:00 0.362188768934 0.637811231066 13 47 60
2013-08-30T03:00:00 0.369857778514 0.630142221486 11 36 47
2013-08-30T04:00:00 0.352431316213 0.647568683787 7 30 37
2013-08-30T05:00:00 0.387516704083 0.612483295917 7 19 26
2013-08-30T06:00:00 0.385182555223 0.614817444777 7 17 24
2013-08-30T07:00:00 0.384165678015 0.615834321985 6 15 21
2013-08-30T08:00:00 0.40769849799 0.59230150201 11 22 33
2013-08-30T09:00:00 0.407021527446 0.592978472554 13 29 42
2013-08-30T10:00:00 0.392896093436 0.607103906564 14 38 52
2013-08-30T11:00:00 0.380436840328 0.619563159672 16 51 67
2013-08-30T12:00:00 0.382662766641 0.617337233359 19 60 79
2013-08-30T13:00:00 0.371226365069 0.628773634931 21 79 100
2013-08-30T14:00:00 0.347960372421 0.652039627579 15 83 98
2013-08-30T15:00:00 0.334937762318 0.665062237682 13 90 103
2013-08-30T16:00:00 0.33161427981 0.66838572019 13 91 104
2013-08-30T17:00:00 0.322485328984 0.677514671016 10 86 96
2013-08-30T18:00:00 0.324490077452 0.675509922548 10 83 93
2013-08-30T19:00:00 0.324673434037 0.675326565963 9 70 79
2013-08-30T20:00:00 0.332961291594 0.667038708406 10 70 80
2013-08-30T21:00:00 0.341951646649 0.658048353351 13 71 84
2013-08-30T22:00:00 0.345267386036 0.654732613964 14 76 90
2013-08-30T23:00:00 0.343663161215 0.656336838785 16 89 105
2013-08-31T00:00:00 0.339897254089 0.660102745911 15 89 104
2013-08-31T01:00:00 0.340563149182 0.659436850818 15 85 100
2013-08-31T02:00:00 0.341372819741 0.658627180259 14 74 88
2013-08-31T03:00:00 0.348938658173 0.651061341827 12 58 70
2013-08-31T04:00:00 0.355540388193 0.644459611807 10 42 52
2013-08-31T05:00:00 0.382450102187 0.617549897813 7 20 27
2013-08-31T06:00:00 0.377909748511 0.622090251489 4 12 16
2013-08-31T07:00:00 0.360243588627 0.639756411373 2 9 11
2013-08-31T08:00:00 0.360302646213 0.639697353787 4 16 20
2013-08-31T09:00:00 0.366096194079 0.633903805921 6 22 28
2013-08-31T10:00:00 0.389995611403 0.610004388597 13 32 45
2013-08-31T11:00:00 0.366041383234 0.633958616766 18 58 76
2013-08-31T12:00:00 0.348212591432 0.651787408568 21 92 113
2013-08-31T13:00:00 0.335104224245 0.664895775755 22 116 138
2013-08-31T14:00:00 0.332352448378 0.667647551622 26 138 164
2013-08-31T15:00:00 0.325122739822 0.674877260178 25 151 176
2013-08-31T16:00:00 0.318887217267 0.681112782733 23 153 176
2013-08-31T17:00:00 0.314771756082 0.685228243918 20 149 169
2013-08-31T18:00:00 0.322010028867 0.677989971133 21 134 155
2013-08-31T19:00:00 0.341868150595 0.658131849405 26 118 144
2013-08-31T20:00:00 0.354741986262 0.645258013738 28 103 131
2013-08-31T21:00:00 0.357080924791 0.642919075209 29 105 134
2013-08-31T22:00:00 0.350313146334 0.649686853666 28 116 144
2013-08-31T23:00:00 0.378426051921 0.621573948079 40 115 155
2013-09-01T00:00:00 0.369044457887 0.630955542113 37 115 152
2013-09-01T01:00:00 0.365341870694 0.634658129306 34 111 145
2013-09-01T02:00:00 0.357937867365 0.642062132635 26 99 125
2013-09-01T03:00:00 0.362809788238 0.637190211762 23 81 104
2013-09-01T04:00:00 0.372314605944 0.627685394056 19 61 80
2013-09-01T05:00:00 0.313991206303 0.686008793697 5 42 47
2013-09-01T06:00:00 0.321361984777 0.678638015223 3 24 27
2013-09-01T07:00:00 0.333231783474 0.666768216526 3 20 23
2013-09-01T08:00:00 0.365246138053 0.634753861947 8 28 36
2013-09-01T09:00:00 0.328810528303 0.671189471698 8 49 57
2013-09-01T10:00:00 0.337983663957 0.662016336043 13 63 76
2013-09-01T11:00:00 0.338131377294 0.661868622706 16 78 94
2013-09-01T12:00:00 0.3552863147 0.6447136853 24 88 112
2013-09-01T13:00:00 0.342666931534 0.657333068466 25 110 135
2013-09-01T14:00:00 0.345167748871 0.654832251129 26 114 140
2013-09-01T15:00:00 0.351235608214 0.648764391786 28 115 143
2013-09-01T16:00:00 0.349410678984 0.650589321016 25 112 137
2013-09-01T17:00:00 0.35082073297 0.64917926703 26 114 140
2013-09-01T18:00:00 0.338455773223 0.661544226777 21 117 138
2013-09-01T19:00:00 0.339200514555 0.660799485445 19 104 123
2013-09-01T20:00:00 0.328678577352 0.671321422648 14 93 107
2013-09-01T21:00:00 0.339451420709 0.660548579291 14 73 87
2013-09-01T22:00:00 0.341065673123 0.658934326877 14 67 81
2013-09-01T23:00:00 0.351112033337 0.648887966663 15 62 77
2013-09-06T00:00:00 0.379286545068 0.620713454932 14 41 55
2013-09-06T01:00:00 0.361286889945 0.638713110055 10 39 49
2013-09-06T02:00:00 0.363269665046 0.636730334954 9 33 42
2013-09-06T03:00:00 0.349062555056 0.650937444944 6 27 33
2013-09-06T04:00:00 0.392121998474 0.607878001526 6 16 22
2013-09-06T05:00:00 0.434899650695 0.565100349305 4 6 10
2013-09-06T06:00:00 0.418565310578 0.581434689422 1 2 3
2013-09-06T07:00:00 0.56038438495 0.43961561505 3 1 4
2013-09-06T08:00:00 0.497894158468 0.502105841532 7 6 13
2013-09-06T09:00:00 0.448535255374 0.551464744626 8 11 19
2013-09-06T10:00:00 0.43105725402 0.56894274598 10 17 27
2013-09-06T11:00:00 0.394516335345 0.605483664655 12 28 40
2013-09-06T12:00:00 0.390805841876 0.609194158124 14 35 49
2013-09-06T13:00:00 0.374071411979 0.625928588021 14 45 59
2013-09-06T14:00:00 0.365638744491 0.634361255509 12 42 54
2013-09-06T15:00:00 0.370787846331 0.629212153669 13 44 57
2013-09-06T16:00:00 0.351777152405 0.648222847595 11 47 58
2013-09-06T17:00:00 0.363538924599 0.636461075401 10 43 53
2013-09-06T18:00:00 0.367048214814 0.632951785186 11 43 54
2013-09-06T19:00:00 0.387641835165 0.612358164835 13 38 51
2013-09-06T20:00:00 0.381931838323 0.618068161677 13 40 53
2013-09-06T21:00:00 0.383023115015 0.616976884985 13 39 52
2013-09-06T22:00:00 0.3887902487 0.6112097513 15 43 58
2013-09-06T23:00:00 0.404005721767 0.595994278233 19 42 61
2013-10-15T00:00:00 0.480064394983 0.519935605017 25 26 51
2013-10-15T01:00:00 0.472234558173 0.527765441827 21 24 45
2013-10-15T02:00:00 0.454428515248 0.545571484752 16 22 38
2013-10-15T03:00:00 0.469524222604 0.530475777396 15 17 32
2013-10-15T04:00:00 0.467529367686 0.532470632314 11 12 23
2013-10-15T05:00:00 0.432755188352 0.567244811648 6 10 16
2013-10-15T06:00:00 0.425644095619 0.574355904381 2 3 5
2013-10-15T07:00:00 0.482221207623 0.517778792377 2 2 4
2013-10-15T08:00:00 0.528100211636 0.471899788364 8 5 13
2013-10-15T09:00:00 0.497001779445 0.502998220555 10 8 18
2013-10-15T10:00:00 0.471968311687 0.528031688313 13 13 26
2013-10-15T11:00:00 0.48255828535 0.51744171465 14 13 27
2013-10-15T12:00:00 0.472169938861 0.527830061139 16 16 32
2013-10-15T13:00:00 0.433735130733 0.566264869267 16 24 40
2013-10-15T14:00:00 0.413452569728 0.586547430272 15 29 44
2013-10-15T15:00:00 0.40225205509 0.59774794491 14 32 46
2013-10-15T16:00:00 0.393832123752 0.606167876248 12 31 43
2013-10-15T17:00:00 0.392389825784 0.607610174216 13 33 46
2013-11-26T18:00:00 0.444668730059 0.555331269941 263 424 687
2013-11-26T19:00:00 0.456730440473 0.543269559527 271 377 648
2013-11-26T20:00:00 0.471843475824 0.528156524176 282 331 613
2013-11-26T21:00:00 0.476244976484 0.523755023516 276 315 591
2013-11-26T22:00:00 0.477803938587 0.522196061413 279 315 594
2013-11-26T23:00:00 0.486211717755 0.513788282245 303 315 618
2013-11-27T00:00:00 0.483349983709 0.516650016291 298 321 619
2013-11-27T01:00:00 0.479710355573 0.520289644427 265 300 565
2013-11-27T02:00:00 0.476459474939 0.523540525061 217 255 472
2013-11-27T03:00:00 0.480948548984 0.519051451016 181 202 383
2013-11-27T04:00:00 0.480397460686 0.519602539314 137 153 290
2013-11-27T05:00:00 0.466833395048 0.533166604952 83 106 189
2013-11-27T06:00:00 0.46751150918 0.53248849082 48 58 106
2013-11-27T07:00:00 0.47469151736 0.52530848264 41 44 85
2013-11-27T08:00:00 0.498098394414 0.501901605586 77 66 143
2013-11-27T09:00:00 0.538525212044 0.461474787956 151 84 235
2013-11-27T10:00:00 0.528127206046 0.471872793954 193 123 316
2013-11-27T11:00:00 0.527012595219 0.472987404781 247 159 406
2013-11-27T12:00:00 0.526335582104 0.473664417896 286 186 472
2013-11-27T13:00:00 0.516249950947 0.483750049053 304 222 526
2013-11-27T14:00:00 0.51085418387 0.48914581613 310 242 552
2013-11-27T15:00:00 0.482485044712 0.517514955288 269 283 552
2013-11-27T16:00:00 0.470794610984 0.529205389016 260 307 567
2013-11-27T17:00:00 0.456357304795 0.543642695205 233 322 555
2013-11-27T18:00:00 0.455589626317 0.544410373683 230 326 556
2013-11-27T19:00:00 0.464434118774 0.535565881226 267 349 616
2013-11-27T20:00:00 0.464007070846 0.535992929154 277 366 643
2013-11-27T21:00:00 0.477064991712 0.522935008288 298 347 645
2013-11-27T22:00:00 0.488157915819 0.511842084181 331 348 679
2013-11-27T23:00:00 0.494627335993 0.505372664007 379 375 754
2013-12-29T00:00:00 0.448707216628 0.551292783372 181 289 470
2013-12-29T01:00:00 0.447985817652 0.552014182348 180 292 472
2013-12-29T02:00:00 0.454023338319 0.545976661681 170 256 426
2013-12-29T03:00:00 0.451179667339 0.548820332661 142 219 361
2013-12-29T04:00:00 0.461736858139 0.538263141861 123 166 289
2013-12-29T05:00:00 0.471382702385 0.528617297615 94 115 209
2013-12-29T06:00:00 0.457538497521 0.542461502479 51 75 126
2013-12-29T07:00:00 0.473394568805 0.526605431195 34 41 75
2013-12-29T08:00:00 0.469617929608 0.530382070392 37 45 82
2013-12-29T09:00:00 0.466910244331 0.533089755669 50 63 113
2013-12-29T10:00:00 0.459614780636 0.540385219364 69 94 163
2013-12-29T11:00:00 0.466177851011 0.533822148989 89 112 201
2013-12-29T12:00:00 0.454615489041 0.545384510959 106 151 257
2013-12-29T13:00:00 0.452046826033 0.547953173967 134 197 331
2013-12-29T14:00:00 0.447485516061 0.552514483939 157 240 397
2013-12-29T15:00:00 0.435697837085 0.564302162915 160 279 439
2013-12-29T16:00:00 0.43740167854 0.56259832146 168 287 455
2013-12-29T17:00:00 0.433011565074 0.566988434926 176 316 492
2013-12-29T18:00:00 0.436827999082 0.563172000918 189 327 516
2013-12-29T19:00:00 0.435182591571 0.564817408429 191 339 530
2013-12-29T20:00:00 0.438486442814 0.561513557186 196 347 543
2013-12-29T21:00:00 0.442966045065 0.557033954935 219 371 590
2013-12-29T22:00:00 0.44459085434 0.55540914566 233 394 627
2013-12-29T23:00:00 0.450275023402 0.549724976598 262 416 678
2014-02-09T17:00:00 0.428873681821 0.571126318179 117 221 338
2014-02-09T18:00:00 0.437738917688 0.562261082312 125 217 342
2014-02-09T19:00:00 0.448176299315 0.551823700685 127 200 327
2014-02-09T20:00:00 0.441152695299 0.558847304701 125 214 339
2014-02-09T21:00:00 0.454168609971 0.545831390029 137 208 345
2014-02-09T22:00:00 0.449821341019 0.550178658981 141 227 368
2014-02-09T23:00:00 0.466633885632 0.533366114368 172 226 398
2014-06-03T11:00:00 0.441692012967 0.558307987033 60 111 171
2014-06-03T12:00:00 0.436599792909 0.563400207091 79 152 231
2014-06-03T13:00:00 0.441936796809 0.558063203191 94 167 261
2014-06-03T14:00:00 0.446693737463 0.553306262537 101 172 273
2014-06-03T15:00:00 0.438818821076 0.561181178924 99 181 280
2014-06-03T16:00:00 0.440575313393 0.559424686607 99 175 274
2014-06-03T17:00:00 0.439474537124 0.560525462876 94 163 257
2014-06-03T18:00:00 0.454012255691 0.545987744309 89 131 220
2014-06-03T19:00:00 0.448894177725 0.551105822275 79 126 205
2014-06-03T20:00:00 0.438642838078 0.561357161922 81 143 224
2014-06-03T21:00:00 0.433012626986 0.566987373014 89 173 262
2014-06-03T22:00:00 0.440185112398 0.559814887602 97 173 270
2014-06-03T23:00:00 0.444959768227 0.555040231773 111 186 297
2014-06-08T22:00:00 0.433141719414 0.566858280586 155 270 425
2014-06-08T23:00:00 0.445729360817 0.554270639183 169 263 432
2014-06-09T00:00:00 0.454674607915 0.545325392085 182 261 443
2014-06-09T01:00:00 0.46269411069 0.53730588931 178 234 412
2014-06-09T02:00:00 0.467971728256 0.532028271744 156 195 351
2014-06-09T03:00:00 0.473951901903 0.526048098097 138 163 301
2014-06-09T04:00:00 0.466859947768 0.533140052232 102 133 235
2014-06-09T05:00:00 0.461992434173 0.538007565827 65 89 154
2014-06-09T06:00:00 0.450504455864 0.549495544136 35 54 89
2014-06-09T07:00:00 0.438369647891 0.561630352109 23 43 66
2014-06-09T08:00:00 0.441675625192 0.558324374808 30 53 83
2014-06-09T09:00:00 0.449501700372 0.550498299628 46 73 119
2014-06-09T10:00:00 0.438004188269 0.561995811731 52 93 145
2014-06-09T11:00:00 0.435103974989 0.564896025011 65 115 180
2014-06-09T12:00:00 0.432653436457 0.567346563543 74 133 207
2014-06-09T13:00:00 0.431061364434 0.568938635566 76 142 218
2014-06-09T14:00:00 0.435985572426 0.564014427574 84 146 230
2014-06-09T15:00:00 0.427889757316 0.572110242684 77 142 219
2014-07-12T00:00:00 0.455363330939 0.544636669061 246 357 603
2014-07-12T01:00:00 0.45249699713 0.54750300287 241 359 600
2014-07-12T02:00:00 0.456572501965 0.543427498035 229 326 555
2014-07-12T03:00:00 0.462085380926 0.537914619074 208 278 486
2014-07-12T04:00:00 0.458289886841 0.541710113159 166 232 398
2014-07-12T05:00:00 0.454151533719 0.545848466281 110 157 267
2014-07-12T06:00:00 0.43728252851 0.56271747149 66 109 175
2014-07-12T07:00:00 0.453051485436 0.546948514564 51 73 124
2014-07-12T08:00:00 0.433425965689 0.566574034311 50 89 139
2014-07-12T09:00:00 0.426078251024 0.573921748976 71 132 203
2014-07-12T10:00:00 0.439799602493 0.560200397507 97 155 252
2014-07-12T11:00:00 0.437896395309 0.562103604691 121 200 321
2014-07-12T12:00:00 0.431512028354 0.568487971646 146 254 400
2014-07-12T13:00:00 0.425263674045 0.574736325955 161 292 453
2014-07-12T17:00:00 0.419677389309 0.580322610691 151 287 438
2014-07-12T18:00:00 0.427016399659 0.572983600341 151 270 421
2014-07-12T19:00:00 0.425087205342 0.574912794658 146 275 421
2014-07-12T20:00:00 0.430023605612 0.569976394388 146 266 412
2014-07-12T21:00:00 0.436968752478 0.563031247522 169 286 455
2014-07-12T22:00:00 0.447116532479 0.552883467521 197 301 498
2014-07-12T23:00:00 0.44150440685 0.55849559315 211 343 554
2014-07-23T21:00:00 0.428997180353 0.571002819647 39 76 115
2014-07-23T22:00:00 0.446229830573 0.553770169427 44 72 116
2014-07-23T23:00:00 0.447413872621 0.552586127379 46 76 122
2014-07-24T00:00:00 0.455458425851 0.544541574149 48 72 120
2014-07-24T01:00:00 0.463641882544 0.536358117456 49 67 116
2014-07-24T02:00:00 0.467430005566 0.532569994434 45 59 104
2014-07-24T03:00:00 0.478119522256 0.521880477744 44 51 95
2014-07-24T14:00:00 0.458751509212 0.541248490788 57 84 141
2014-07-24T15:00:00 0.447980094047 0.552019905953 53 89 142
2014-07-24T16:00:00 0.45773842052 0.54226157948 58 87 145
2014-07-24T17:00:00 0.452212519799 0.547787480201 54 85 139
2014-07-24T18:00:00 0.441408770309 0.558591229691 51 89 140
2014-07-24T19:00:00 0.450472127422 0.549527872578 57 88 145
2014-07-24T20:00:00 0.447672927801 0.552327072199 54 85 139
2014-07-24T21:00:00 0.450728101649 0.549271898351 58 88 146
2014-07-24T22:00:00 0.440157627609 0.559842372391 70 117 187
2014-07-24T23:00:00 0.456878566191 0.543121433809 94 134 228
2014-08-06T11:00:00 0.465991050443 0.534008949557 75 97 172
2014-08-06T12:00:00 0.465938179377 0.534061820623 88 113 201
2014-08-06T13:00:00 0.452848025472 0.547151974528 91 134 225
2014-08-06T14:00:00 0.453890939509 0.546109060491 91 133 224
2014-08-06T15:00:00 0.460535664592 0.539464335408 92 126 218
2014-08-06T16:00:00 0.451282201253 0.548717798747 86 131 217
2014-08-06T17:00:00 0.45816023646 0.54183976354 92 129 221
2014-08-06T18:00:00 0.455037167752 0.544962832248 90 133 223
2014-08-06T19:00:00 0.463052519793 0.536947480207 99 133 232
2014-08-06T20:00:00 0.456449235257 0.543550764743 94 131 225
2014-08-06T21:00:00 0.450554161116 0.549445838884 97 146 243
2014-08-06T22:00:00 0.445342205184 0.554657794816 97 153 250
2014-08-06T23:00:00 0.444859725712 0.555140274288 103 166 269
2014-08-07T00:00:00 0.446467533559 0.553532466441 111 175 286
2014-08-07T01:00:00 0.452701442215 0.547298557785 111 165 276
2014-08-07T02:00:00 0.454667392175 0.545332607825 105 155 260
2014-08-07T03:00:00 0.456823449213 0.543176550787 87 126 213
2014-08-07T04:00:00 0.472360477446 0.527639522554 74 91 165
2014-08-07T05:00:00 0.466527591386 0.533472408614 50 64 114
2014-08-11T00:00:00 0.452776976214 0.547223023786 262 387 649
2014-08-11T01:00:00 0.450268823937 0.549731176063 260 394 654
2014-08-11T02:00:00 0.449179642852 0.550820357148 233 357 590
2014-08-11T03:00:00 0.450928129621 0.549071870379 210 317 527
2014-08-11T04:00:00 0.450687034174 0.549312965826 168 252 420
2014-08-11T05:00:00 0.448835734469 0.551164265531 115 179 294
2014-08-11T06:00:00 0.443278495818 0.556721504182 67 109 176
2014-08-11T07:00:00 0.450104010331 0.549895989669 59 84 143
2014-08-11T08:00:00 0.442039624567 0.557960375433 71 108 179
2014-08-11T09:00:00 0.436895562514 0.563104437486 92 146 238
2014-08-11T10:00:00 0.433325750882 0.566674249118 112 192 304
2014-08-11T14:00:00 0.423932264276 0.576067735724 178 367 545
2014-08-11T15:00:00 0.428096042718 0.571903957282 188 378 566
2014-08-11T16:00:00 0.428737577914 0.571262422086 185 368 553
2014-08-11T17:00:00 0.430770065881 0.569229934119 199 385 584
2014-08-11T18:00:00 0.440819699834 0.559180300166 208 361 569
2014-08-11T19:00:00 0.442667013542 0.557332986458 209 357 566
2014-08-11T20:00:00 0.44020527166 0.55979472834 220 387 607
2014-08-11T21:00:00 0.444147194971 0.555852805029 240 402 642
2014-08-11T22:00:00 0.448330419679 0.551669580321 291 467 758
2014-08-11T23:00:00 0.456626712314 0.543373287686 342 504 846
2014-08-12T00:00:00 0.464314742529 0.535685257471 399 538 937
2014-08-12T01:00:00 0.468474886953 0.531525113047 398 512 910
2014-08-12T08:00:00 0.440866650711 0.559133349289 74 122 196
2014-08-12T09:00:00 0.451634350051 0.548365649949 106 158 264
2014-08-12T10:00:00 0.453903719367 0.546096280633 140 202 342
2014-08-12T11:00:00 0.457629096823 0.542370903177 175 247 422
2014-08-12T12:00:00 0.454994428611 0.545005571389 194 286 480
2014-08-12T13:00:00 0.445823162581 0.554176837419 205 338 543
2014-08-12T14:00:00 0.451255949554 0.548744050446 265 414 679
2014-08-12T15:00:00 0.445920049441 0.554079950559 257 431 688
2014-08-12T16:00:00 0.442199846221 0.557800153779 254 447 701
2014-08-12T17:00:00 0.443107951648 0.556892048352 259 451 710
2014-08-12T18:00:00 0.44655827532 0.55344172468 277 461 738
2014-08-12T19:00:00 0.451095743092 0.548904256908 281 438 719
2014-08-12T20:00:00 0.441566571162 0.558433428838 223 385 608
2014-08-12T21:00:00 0.445475790894 0.554524209106 263 432 695
2014-08-12T22:00:00 0.452471029634 0.547528970366 328 505 833
2014-08-12T23:00:00 0.457287317061 0.542712682939 406 591 997
2014-08-13T09:00:00 0.470254553945 0.529745446055 143 175 318
2014-08-13T10:00:00 0.472931124267 0.527068875733 178 214 392
2014-08-13T11:00:00 0.47391527742 0.52608472258 208 253 461
2014-08-13T12:00:00 0.468788445545 0.531211554455 222 289 511
2014-08-13T13:00:00 0.468150367323 0.531849632677 238 307 545
2014-08-13T14:00:00 0.465239927448 0.534760072552 236 315 551
2014-08-13T15:00:00 0.450561793508 0.549438206492 213 331 544
2014-08-13T16:00:00 0.441758642812 0.558241357188 200 339 539
2014-08-13T17:00:00 0.438952817461 0.561047182539 200 346 546
2014-08-13T18:00:00 0.438422880412 0.561577119588 204 350 554
2014-08-13T19:00:00 0.434259000256 0.565740999744 201 363 564
2014-08-13T20:00:00 0.433185117862 0.566814882138 211 385 596
2014-08-13T21:00:00 0.436232282956 0.563767717044 225 401 626
2014-08-13T22:00:00 0.439661231585 0.560338768415 246 426 672
2014-08-13T23:00:00 0.441728102031 0.558271897969 252 431 683
2014-08-14T00:00:00 0.446954004198 0.553045995802 256 420 676
2014-08-14T01:00:00 0.447565051832 0.552434948168 237 388 625
2014-08-14T02:00:00 0.450513577284 0.549486422716 203 328 531
2014-08-14T03:00:00 0.458148202848 0.541851797152 166 246 412
2014-08-14T04:00:00 0.463560035304 0.536439964696 117 166 283
2014-08-14T05:00:00 0.473993874013 0.526006125987 76 99 175
2014-08-14T06:00:00 0.474935400943 0.525064599057 46 59 105
2014-08-14T07:00:00 0.468922295611 0.531077704389 29 39 68
2014-08-14T08:00:00 0.460946869583 0.539053130417 35 48 83
2014-08-14T09:00:00 0.444203450748 0.555796549252 43 73 116
2014-08-14T10:00:00 0.450153189798 0.549846810202 57 91 148
2014-08-14T11:00:00 0.442686796997 0.557313203003 67 115 182
2014-08-14T12:00:00 0.43886411526 0.56113588474 77 139 216
2014-08-14T13:00:00 0.441604496745 0.558395503255 93 164 257
2014-08-14T14:00:00 0.430939218027 0.569060781973 86 172 258
2014-08-14T15:00:00 0.435650995675 0.564349004325 89 167 256
2014-08-14T16:00:00 0.432276471585 0.567723528415 88 171 259
2014-08-14T17:00:00 0.441519893698 0.558480106302 99 173 272
2014-08-14T18:00:00 0.440721492228 0.559278507772 102 178 280
2014-08-14T19:00:00 0.437143350549 0.562856649451 100 186 286
2014-08-14T20:00:00 0.438418237509 0.561581762491 110 201 311
2014-08-14T21:00:00 0.446619056486 0.553380943514 126 210 336
2014-08-14T22:00:00 0.450270272459 0.549729727541 151 237 388
2014-08-14T23:00:00 0.455968607472 0.544031392528 181 264 445
2014-08-15T00:00:00 0.458703998058 0.541296001942 201 286 487
2014-08-15T01:00:00 0.464390401464 0.535609598536 206 273 479
2014-08-15T02:00:00 0.470387900644 0.529612099356 198 247 445
2014-08-15T03:00:00 0.463963295992 0.536036704008 170 228 398
2014-08-15T04:00:00 0.46697148372 0.53302851628 134 176 310
2014-08-15T05:00:00 0.455772901263 0.544227098737 84 129 213
2014-08-15T06:00:00 0.447519694739 0.552480305261 53 87 140
2014-08-15T07:00:00 0.445511384057 0.554488615943 52 82 134
2014-08-15T08:00:00 0.430224656769 0.569775343231 58 101 159
2014-08-15T09:00:00 0.443382845509 0.556617154491 86 130 216
2014-08-15T10:00:00 0.440419324919 0.559580675081 108 171 279
2014-08-24T15:00:00 0.435626416554 0.564373583446 317 546 863
2014-08-24T16:00:00 0.427272982072 0.572727017928 294 563 857
2014-08-24T17:00:00 0.429438475541 0.570561524459 285 532 817
2014-08-24T18:00:00 0.433305854688 0.566694145312 283 515 798
2014-08-24T19:00:00 0.428084041569 0.571915958431 262 504 766
2014-08-24T20:00:00 0.431069181446 0.568930818554 273 511 784
2014-08-24T21:00:00 0.428121091308 0.571878908692 277 536 813
2014-08-24T22:00:00 0.439994642064 0.560005357936 336 570 906
2014-08-24T23:00:00 0.445699160686 0.554300839314 391 623 1014
2014-08-25T00:00:00 0.454024724548 0.545975275452 449 657 1106
2014-08-25T01:00:00 0.459961504123 0.540038495877 467 645 1112
2014-08-25T02:00:00 0.460913089689 0.539086910311 446 612 1058
2014-08-26T12:00:00 0.459392572442 0.540607427558 76 106 182
2014-08-26T13:00:00 0.447353619913 0.552646380087 85 135 220
2014-08-26T14:00:00 0.450432177132 0.549567822868 95 144 239
2014-08-26T17:00:00 0.443053092228 0.556946907772 105 174 279
2014-08-26T18:00:00 0.439922996074 0.560077003926 107 188 295
2014-08-26T19:00:00 0.448653332074 0.551346667926 106 172 278
2014-08-26T20:00:00 0.449860321917 0.550139678083 108 173 281
2014-08-26T21:00:00 0.449770659066 0.550229340934 109 177 286
2014-08-26T22:00:00 0.458580184474 0.541419815526 126 183 309
2014-08-26T23:00:00 0.46058899317 0.53941100683 163 232 395
2014-08-27T00:00:00 0.462772058635 0.537227941365 193 263 456
2014-08-27T01:00:00 0.472901675533 0.527098324467 220 266 486
2014-08-27T02:00:00 0.470931890524 0.529068109476 212 263 475
2014-08-27T03:00:00 0.477474795286 0.522525204714 206 238 444
2014-08-27T04:00:00 0.475788573002 0.524211426998 181 212 393
2014-08-27T05:00:00 0.478284932493 0.521715067507 123 138 261
2014-08-27T06:00:00 0.484713112237 0.515286887763 78 82 160
2014-08-27T07:00:00 0.470513927 0.529486073 52 64 116
2014-08-27T08:00:00 0.486763324163 0.513236675837 75 78 153
2014-08-27T09:00:00 0.467704548425 0.532295451575 99 130 229
2014-08-27T10:00:00 0.454681563123 0.545318436877 116 178 294
2014-08-27T17:00:00 0.451782969077 0.548217030923 181 278 459
2014-08-27T18:00:00 0.441681316061 0.558318683939 161 284 445
2014-08-27T19:00:00 0.443267502743 0.556732497257 165 289 454
2014-08-27T20:00:00 0.452773510941 0.547226489059 183 290 473
2014-08-27T21:00:00 0.458845514415 0.541154485585 220 324 544
2014-08-27T22:00:00 0.463556175655 0.536443824345 259 363 622
2014-08-27T23:00:00 0.469424372248 0.530575627752 305 395 700
2014-08-28T00:00:00 0.478324959584 0.521675040416 341 398 739
2014-08-28T01:00:00 0.480310981142 0.519689018858 336 382 718
2014-08-28T02:00:00 0.482961219703 0.517038780297 306 336 642
2014-08-28T03:00:00 0.484323160193 0.515676839807 255 275 530
2014-08-28T04:00:00 0.485957525106 0.514042474894 195 205 400
2014-08-28T05:00:00 0.498492233294 0.501507766706 129 119 248
2014-09-08T16:00:00 0.448323280135 0.551676719865 127 191 318
2014-09-08T17:00:00 0.459850062115 0.540149937885 129 172 301
2014-09-08T18:00:00 0.450675499584 0.549324500416 115 169 284
2014-09-08T19:00:00 0.445329698067 0.554670301933 108 169 277
2014-09-08T20:00:00 0.445979856708 0.554020143292 108 166 274
2014-09-08T21:00:00 0.448128731409 0.551871268591 126 195 321
2014-09-08T22:00:00 0.453141828485 0.546858171515 152 225 377
2014-09-08T23:00:00 0.462751990416 0.537248009584 193 258 451
2014-09-09T00:00:00 0.47202542816 0.52797457184 230 280 510
2014-09-09T01:00:00 0.475158125628 0.524841874372 230 272 502
2014-09-09T02:00:00 0.471647206647 0.528352793353 206 255 461
2014-09-09T03:00:00 0.47791645429 0.52208354571 177 204 381
2014-09-09T04:00:00 0.488918309919 0.511081690081 137 140 277
2014-09-09T05:00:00 0.482123521948 0.517876478052 79 88 167
2014-09-09T06:00:00 0.47166692937 0.52833307063 37 47 84
2014-09-09T07:00:00 0.50020543927 0.49979456073 35 32 67
2014-09-09T08:00:00 0.52775028329 0.47224971671 45 31 76
2014-09-09T09:00:00 0.503858431847 0.496141568153 48 41 89
2014-09-09T10:00:00 0.490614358606 0.509385641394 66 65 131
2014-09-09T11:00:00 0.487661353068 0.512338646932 82 87 169
2014-09-09T12:00:00 0.479194375578 0.520805624422 97 110 207
2014-09-02T12:00:00 0.474820659421 0.525179340579 138 164 302
2014-09-02T13:00:00 0.468204885913 0.531795114087 160 206 366
2014-09-02T14:00:00 0.464419384094 0.535580615906 175 236 411
2014-09-02T15:00:00 0.458962823195 0.541037176805 183 258 441
2014-09-02T16:00:00 0.45787235286 0.54212764714 192 273 465
2014-09-02T17:00:00 0.456477174971 0.543522825029 202 295 497
2014-09-02T18:00:00 0.460482846524 0.539517153476 221 312 533
2014-09-02T19:00:00 0.460987107869 0.539012892131 230 317 547
2014-09-02T20:00:00 0.46541887697 0.53458112303 242 319 561
2014-09-02T21:00:00 0.467566535262 0.532433464738 262 339 601
2014-09-02T22:00:00 0.46083827819 0.53916172181 272 381 653
2014-09-02T23:00:00 0.455244752554 0.544755247446 278 418 696
2014-09-03T00:00:00 0.452573311996 0.547426688004 277 420 697
2014-09-03T01:00:00 0.448922433937 0.551077566063 257 406 663
2014-09-03T02:00:00 0.443395750243 0.556604249757 225 373 598
2014-09-03T03:00:00 0.436659364571 0.563340635429 171 306 477
2014-09-03T04:00:00 0.445789664133 0.554210335867 137 217 354
2014-09-03T05:00:00 0.448301355382 0.551698644618 94 138 232
2014-09-03T06:00:00 0.443944959566 0.556055040434 56 88 144
2014-09-03T07:00:00 0.437072246505 0.562927753495 44 74 118
2014-09-03T08:00:00 0.457288090422 0.542711909578 67 93 160
2014-09-03T09:00:00 0.449576786433 0.550423213567 90 136 226
2014-09-03T10:00:00 0.446258596012 0.553741403988 111 175 286
2014-09-03T13:00:00 0.453067496572 0.546932503428 158 237 395
2014-09-03T14:00:00 0.447590577559 0.552409422441 140 224 364
2014-09-03T15:00:00 0.453356638603 0.546643361397 131 199 330
2014-09-03T16:00:00 0.45012231962 0.54987768038 112 176 288
2014-09-03T17:00:00 0.459543816721 0.540456183279 111 158 269
2014-09-03T18:00:00 0.451654614789 0.548345385211 97 150 247
2014-09-03T19:00:00 0.463236925995 0.536763074005 90 124 214
2014-09-03T20:00:00 0.4835983955 0.5164016045 106 119 225
2014-09-03T21:00:00 0.48453911935 0.51546088065 106 117 223
2014-09-03T22:00:00 0.484488155914 0.515511844086 122 137 259
2014-09-03T23:00:00 0.486300370462 0.513699629538 138 152 290
2014-09-12T06:00:00 0.490526198892 0.509473801108 20 19 39
2014-09-12T07:00:00 0.43982949759 0.56017050241 15 24 39
2014-09-12T08:00:00 0.456000920531 0.543999079469 18 26 44
2014-09-12T09:00:00 0.447467903749 0.552532096251 22 34 56
2014-09-12T10:00:00 0.446444376022 0.553555623978 27 43 70
2014-09-12T11:00:00 0.457529301198 0.542470698802 32 45 77
2014-09-12T12:00:00 0.466300917867 0.533699082133 42 54 96
2014-09-12T13:00:00 0.461923565325 0.538076434675 44 60 104
2014-09-12T14:00:00 0.457604503756 0.542395496244 47 65 112
2014-09-12T15:00:00 0.455399255697 0.544600744303 46 67 113
2014-09-12T16:00:00 0.4641293986 0.5358706014 53 70 123
2014-09-12T17:00:00 0.45880840038 0.54119159962 56 79 135
2014-09-12T18:00:00 0.447713938915 0.552286061085 54 88 142
2014-09-12T19:00:00 0.441033034754 0.558966965246 56 100 156
2014-09-12T20:00:00 0.448110651721 0.551889348279 64 107 171
2014-09-12T21:00:00 0.454277073058 0.545722926942 81 127 208
2014-09-12T22:00:00 0.452950438723 0.547049561277 93 146 239
2014-09-12T23:00:00 0.454746953253 0.545253046747 114 170 284
2014-09-13T00:00:00 0.443249832117 0.556750167883 129 213 342
2014-09-13T01:00:00 0.450359494132 0.549640505868 130 197 327
2014-09-13T02:00:00 0.445113866984 0.554886133016 117 187 304
2014-09-13T03:00:00 0.437279941361 0.562720058639 96 163 259
2014-09-13T04:00:00 0.42966556718 0.57033443282 73 134 207
2014-09-13T05:00:00 0.417639234102 0.582360765898 45 97 142
2014-09-13T06:00:00 0.427888949778 0.572111050222 21 41 62
2014-09-13T07:00:00 0.41944973366 0.58055026634 19 40 59
2014-09-13T08:00:00 0.436627221905 0.563372778095 24 39 63
2014-09-13T09:00:00 0.456568819304 0.543431180696 34 46 80
2014-09-13T10:00:00 0.463933550584 0.536066449416 47 59 106
2014-09-14T08:00:00 0.439077208916 0.560922791084 29 46 75
2014-09-14T09:00:00 0.450907986541 0.549092013459 45 66 111
2014-09-14T10:00:00 0.444355102491 0.555644897509 61 98 159
2014-09-14T11:00:00 0.446615620311 0.553384379689 79 124 203
2014-09-14T12:00:00 0.444881016557 0.555118983443 103 167 270
2014-09-14T13:00:00 0.448255947562 0.551744052438 122 193 315
2014-09-14T14:00:00 0.449802954142 0.550197045858 135 212 347
2014-09-14T15:00:00 0.450697670903 0.549302329097 141 221 362
2014-09-14T16:00:00 0.456650840997 0.543349159003 144 213 357
2014-09-14T17:00:00 0.46193642667 0.53806357333 151 211 362
2014-09-14T18:00:00 0.465983614589 0.534016385411 149 198 347
2014-09-14T19:00:00 0.469294863106 0.530705136894 152 194 346
2014-09-14T20:00:00 0.466941631235 0.533058368765 161 211 372
2014-09-14T21:00:00 0.460764963692 0.539235036308 162 223 385
2014-09-14T22:00:00 0.465338343147 0.534661656853 177 230 407
2014-09-14T23:00:00 0.462757527733 0.537242472267 197 260 457
2014-09-15T00:00:00 0.467460334154 0.532539665846 211 270 481
2014-09-15T01:00:00 0.462877302927 0.537122697073 203 270 473
2014-09-15T02:00:00 0.467682975265 0.532317024735 178 223 401
2014-09-15T03:00:00 0.470949466074 0.529050533926 152 185 337
2014-09-15T04:00:00 0.463668464789 0.536331535211 117 154 271
2014-09-15T05:00:00 0.460652992279 0.539347007721 73 102 175
2014-09-15T06:00:00 0.43797481075 0.56202518925 37 62 99
2014-09-15T07:00:00 0.411160338073 0.588839661927 25 56 81
2014-09-15T08:00:00 0.387406777112 0.612593222888 25 74 99
2014-09-15T09:00:00 0.403209300549 0.596790699451 39 90 129
2014-09-15T10:00:00 0.415493975443 0.584506024557 54 110 164
2014-09-15T11:00:00 0.419686614103 0.580313385897 65 128 193
2014-09-15T12:00:00 0.428600893239 0.571399106761 80 145 225
2014-09-15T13:00:00 0.430977954666 0.569022045334 90 158 248
2014-09-15T14:00:00 0.435730532568 0.564269467432 111 190 301
2014-09-15T15:00:00 0.437349553364 0.562650446636 111 189 300
2014-09-15T16:00:00 0.433158970385 0.566841029615 104 187 291
2014-09-15T17:00:00 0.431833129928 0.568166870072 101 185 286
2014-09-15T18:00:00 0.432968397533 0.567031602467 102 186 288
2014-09-15T19:00:00 0.447064045023 0.552935954977 102 164 266
2014-09-15T20:00:00 0.463275487142 0.536724512858 97 132 229
2014-09-15T21:00:00 0.468734286876 0.531265713124 107 139 246
2014-09-15T22:00:00 0.473960867742 0.526039132258 128 156 284
2014-09-15T23:00:00 0.4809566189 0.5190433811 162 182 344
2014-09-16T00:00:00 0.474177711146 0.525822288854 171 208 379
2014-09-16T01:00:00 0.467674443477 0.532325556523 160 209 369
2014-09-16T02:00:00 0.460000541687 0.539999458313 138 196 334
2014-09-16T03:00:00 0.459018311675 0.540981688325 116 167 283
2014-09-16T04:00:00 0.455707536595 0.544292463405 89 133 222
2014-09-16T05:00:00 0.439935221305 0.560064778695 48 88 136
2014-09-16T06:00:00 0.437512980039 0.562487019961 24 44 68
2014-09-16T07:00:00 0.459558923311 0.540441076689 22 30 52
2014-09-16T08:00:00 0.504392219631 0.495607780369 38 31 69
2014-09-16T09:00:00 0.500153154977 0.499846845023 46 41 87
2014-09-16T10:00:00 0.503977815466 0.496022184534 57 50 107
2014-09-16T11:00:00 0.485041850253 0.514958149747 65 71 136
2014-09-16T12:00:00 0.48632582625 0.51367417375 82 88 170
2014-09-16T13:00:00 0.476553267403 0.523446732597 88 107 195
2014-09-16T14:00:00 0.46580459587 0.53419540413 91 125 216
2014-09-16T15:00:00 0.468078765696 0.531921234304 99 131 230
2014-09-16T16:00:00 0.465652474257 0.534347525743 98 135 233
2014-09-16T17:00:00 0.466442957926 0.533557042074 94 128 222
2014-09-16T18:00:00 0.456418657064 0.543581342936 83 125 208
2014-09-16T19:00:00 0.469894337708 0.530105662292 86 111 197
2014-09-16T20:00:00 0.464632573577 0.535367426423 86 119 205
2014-09-16T21:00:00 0.451069176807 0.548930823193 92 147 239
2014-09-16T22:00:00 0.450789722288 0.549210277712 112 174 286
2014-09-16T23:00:00 0.465313801147 0.534686198853 155 201 356
2014-09-17T00:00:00 0.468730915586 0.531269084414 191 239 430
2014-09-17T01:00:00 0.461755062723 0.538244937277 198 271 469
2014-09-17T02:00:00 0.463317126591 0.536682873409 184 245 429
2014-09-17T03:00:00 0.466483743496 0.533516256504 163 209 372
2014-09-17T04:00:00 0.469240325766 0.530759674234 134 168 302
2014-09-17T05:00:00 0.455689203949 0.544310796051 87 129 216
2014-09-17T06:00:00 0.438960285827 0.561039714173 45 84 129
2014-09-17T07:00:00 0.431943883844 0.568056116156 34 65 99
2014-09-17T08:00:00 0.44908215994 0.55091784006 56 88 144
2014-09-17T09:00:00 0.457926358038 0.542073641962 78 111 189
2014-09-17T10:00:00 0.455364042401 0.544635957599 96 140 236
2014-09-17T11:00:00 0.454380984609 0.545619015391 117 176 293
2014-09-17T12:00:00 0.455637117047 0.544362882953 139 206 345
2014-09-17T13:00:00 0.456363642671 0.543636357329 155 230 385
2014-09-17T14:00:00 0.453598062597 0.546401937403 151 231 382
2014-10-12T16:00:00 0.465851842517 0.534148157483 266 354 620
2014-10-12T19:00:00 0.46126124475 0.53873875525 242 334 576
2014-10-12T20:00:00 0.467852916472 0.532147083528 273 354 627
2014-10-12T21:00:00 0.468584874498 0.531415125502 298 383 681
2014-10-12T22:00:00 0.470376583339 0.529623416661 344 430 774
2014-10-12T23:00:00 0.466344722869 0.533655277131 370 481 851
2014-10-13T00:00:00 0.468693262756 0.531306737244 407 520 927
2014-10-13T01:00:00 0.466570260814 0.533429739186 400 529 929
2014-10-13T02:00:00 0.463834007471 0.536165992529 354 478 832
2014-10-13T03:00:00 0.460349817869 0.539650182131 288 404 692
2014-10-13T04:00:00 0.454753714235 0.545246285765 216 321 537
2014-10-13T05:00:00 0.453732972044 0.546267027956 155 232 387
2014-10-13T06:00:00 0.442721110255 0.557278889745 82 138 220
2014-10-13T07:00:00 0.426317035966 0.573682964034 50 93 143
2014-10-13T08:00:00 0.4295871309 0.5704128691 70 118 188
2014-10-13T09:00:00 0.422260111049 0.577739888951 103 179 282
2014-10-13T10:00:00 0.4285635384 0.5714364616 139 235 374
2014-10-13T11:00:00 0.426773097064 0.573226902936 161 281 442
2014-10-13T12:00:00 0.424866040776 0.575133959224 182 326 508
2014-10-13T13:00:00 0.424538273632 0.575461726368 195 351 546
2014-10-13T14:00:00 0.426000599251 0.573999400749 184 331 515
2014-10-13T15:00:00 0.436618761478 0.563381238522 166 278 444
2014-10-13T16:00:00 0.436596582914 0.563403417086 143 241 384
2014-10-13T17:00:00 0.446124545364 0.553875454636 138 214 352
2014-10-13T18:00:00 0.458926259762 0.541073740238 141 190 331
2014-10-13T19:00:00 0.467616165212 0.532383834788 139 173 312
2014-10-13T20:00:00 0.463824523978 0.536175476022 132 173 305
2014-10-13T21:00:00 0.475421989823 0.524578010177 154 177 331
2014-10-13T22:00:00 0.476997367404 0.523002632596 161 182 343
2014-10-13T23:00:00 0.461300709076 0.538699290924 169 220 389
2014-10-14T00:00:00 0.459707292095 0.540292707905 175 239 414
2014-10-14T01:00:00 0.458616963091 0.541383036909 176 244 420
2014-10-14T02:00:00 0.462604785875 0.537395214125 170 227 397
2014-10-14T03:00:00 0.449842912491 0.550157087509 132 202 334
2014-10-14T04:00:00 0.443926103689 0.556073896311 107 175 282
2014-10-14T05:00:00 0.459642843403 0.540357156597 78 112 190
2014-10-14T06:00:00 0.459571258197 0.540428741803 51 71 122
2014-10-14T07:00:00 0.467374519722 0.532625480278 42 54 96
2014-10-14T08:00:00 0.453744038174 0.546255961826 52 76 128
2014-10-14T09:00:00 0.455241000421 0.544758999579 78 113 191
2014-10-14T10:00:00 0.447100895648 0.552899104352 92 145 237
2014-10-14T11:00:00 0.452253571752 0.547746428248 110 164 274
2014-10-14T12:00:00 0.44800268151 0.55199731849 122 192 314
2014-10-14T13:00:00 0.449038796109 0.550961203891 129 205 334
2014-10-14T14:00:00 0.442588945606 0.557411054394 114 197 311
2014-10-14T15:00:00 0.440759225869 0.559240774131 103 182 285
2014-10-14T16:00:00 0.451525306924 0.548474693076 108 171 279
2014-10-14T17:00:00 0.450880457327 0.549119542673 112 176 288
2014-10-14T18:00:00 0.449723740278 0.550276259722 112 178 290
2014-10-14T19:00:00 0.447966744272 0.552033255728 119 188 307
2014-10-14T20:00:00 0.448490812235 0.551509187765 149 236 385
2014-10-14T21:00:00 0.455149241177 0.544850758823 171 252 423
2014-10-14T22:00:00 0.456524875209 0.543475124791 186 271 457
2014-10-14T23:00:00 0.452489079846 0.547510920154 204 314 518
2014-11-02T00:00:00 0 0 0 0 0
2014-11-02T01:00:00 0 0 0 0 0
2014-11-02T02:00:00 0 0 0 0 0
2014-11-02T03:00:00 0 0 0 0 0
2014-11-02T04:00:00 0 0 0 0 0
2014-11-02T05:00:00 0 0 0 0 0
2014-11-02T06:00:00 0 0 0 0 0
2014-11-02T07:00:00 0 0 0 0 0
2014-11-02T08:00:00 0 0 0 0 0
2014-11-02T09:00:00 0 0 0 0 0
2014-11-02T10:00:00 0 0 0 0 0
2014-11-02T11:00:00 0 0 0 0 0
2014-11-02T12:00:00 0 0 0 0 0
2014-11-02T13:00:00 0 0 0 0 0
2014-11-02T14:00:00 0 0 0 0 0
2014-11-02T15:00:00 0 0 0 0 0
2014-11-02T16:00:00 0 0 0 0 0
2014-11-02T17:00:00 0 0 0 0 0
2014-11-02T18:00:00 0 0 0 0 0
2014-11-02T19:00:00 0 0 0 0 0
2014-11-02T20:00:00 0 0 0 0 0
2014-11-02T21:00:00 0 0 0 0 0
2014-11-02T22:00:00 0 0 0 0 0
2014-11-02T23:00:00 0 0 0 0 0
