2014-10-02T17:00:00Z 2014-10-02T19:00:00Z 23.000000 51.000000 28.000000 13.000000 0.400000 41.000000 1 2 0
2014-09-30T16:00:00Z 2014-09-30T18:00:00Z 28.000000 52.000000 31.000000 8.000000 0.400000 41.000000 1 1 1
2014-09-30T15:00:00Z 2014-09-30T17:00:00Z 26.000000 52.000000 31.000000 9.000000 0.500000 39.000000 1 1 1
2014-09-30T14:00:00Z 2014-09-30T16:00:00Z 25.000000 47.000000 29.000000 10.000000 0.400000 35.000000 1 1 1
2014-09-30T13:00:00Z 2014-09-30T15:00:00Z 24.000000 50.000000 40.000000 11.000000 0.600000 22.000000 1 1 1
2014-09-30T12:00:00Z 2014-09-30T14:00:00Z 23.000000 60.000000 40.000000 11.000000 0.600000 18.000000 1 1 1
2014-09-30T11:00:00Z 2014-09-30T13:00:00Z 20.000000 57.000000 46.000000 11.000000 0.600000 11.000000 1 1 1
2014-09-30T09:00:00Z 2014-09-30T11:00:00Z 16.000000 50.000000 50.000000 10.000000 0.600000 4.000000 1 1 1
2014-09-30T07:00:00Z 2014-09-30T09:00:00Z 18.000000 49.000000 41.000000 11.000000 0.700000 9.000000 1 1 1
2014-09-30T05:00:00Z 2014-09-30T07:00:00Z 18.000000 40.000000 29.000000 7.000000 0.600000 12.000000 1 1 1
2014-09-30T02:00:00Z 2014-09-30T04:00:00Z 26.000000 70.000000 50.000000 11.000000 0.800000 2.000000 1 1 1
2014-09-30T00:00:00Z 2014-09-30T02:00:00Z 22.000000 65.000000 45.000000 5.000000 0.500000 9.000000 1 1 1
2014-09-29T22:00:00Z 2014-09-30T00:00:00Z 20.000000 46.000000 41.000000 2.000000 0.400000 18.000000 1 1 1
2014-09-29T21:00:00Z 2014-09-29T23:00:00Z 20.000000 106.000000 45.000000 2.000000 0.400000 21.000000 1 1 1
2014-09-29T20:00:00Z 2014-09-29T22:00:00Z 10.000000 50.000000 39.000000 2.000000 0.300000 34.000000 1 1 1
2014-09-29T19:00:00Z 2014-09-29T21:00:00Z 12.000000 47.000000 50.000000 2.000000 0.300000 28.000000 1 1 1
2014-09-29T18:00:00Z 2014-09-29T20:00:00Z 10.000000 45.000000 39.000000 2.000000 0.200000 41.000000 1 1 1
2014-09-29T17:00:00Z 2014-09-29T19:00:00Z 12.000000 34.000000 25.000000 2.000000 0.300000 56.000000 1 1 1
2014-09-29T15:00:00Z 2014-09-29T17:00:00Z 10.000000 29.000000 18.000000 2.000000 0.200000 64.000000 1 1 1
2014-09-29T14:00:00Z 2014-09-29T16:00:00Z 17.000000 38.000000 14.000000 2.000000 0.300000 67.000000 1 1 1
2014-09-29T13:00:00Z 2014-09-29T15:00:00Z 21.000000 44.000000 16.000000 2.000000 0.300000 63.000000 1 1 1
2014-09-28T18:00:00Z 2014-09-28T20:00:00Z 24.000000 93.000000 59.000000 10.000000 0.900000 49.000000 1 2 1
2014-09-27T17:00:00Z 2014-09-27T19:00:00Z 25.000000 37.000000 36.000000 2.000000 0.300000 85.000000 1 2 1
2014-09-27T15:00:00Z 2014-09-27T17:00:00Z 8.000000 30.000000 20.000000 5.000000 0.300000 83.000000 1 1 1
2014-09-27T10:00:00Z 2014-09-27T12:00:00Z 32.000000 44.000000 39.000000 5.000000 0.400000 29.000000 1 1 1
2014-09-27T09:00:00Z 2014-09-27T11:00:00Z 24.000000 31.000000 33.000000 3.000000 0.400000 29.000000 1 1 1
2014-09-24T18:00:00Z 2014-09-24T20:00:00Z 29.000000 106.000000 48.000000 5.000000 0.400000 77.000000 1 2 1
2014-09-24T17:00:00Z 2014-09-24T19:00:00Z 21.000000 23.000000 33.000000 6.000000 0.400000 77.000000 1 2 1
2014-09-17T19:00:00Z 2014-09-17T21:00:00Z 33.000000 79.000000 62.000000 2.000000 0.400000 54.000000 1 2 1
2014-09-17T09:00:00Z 2014-09-17T11:00:00Z 25.000000 75.000000 59.000000 4.000000 0.600000 2.000000 1 2 1
2014-09-17T08:00:00Z 2014-09-17T10:00:00Z 22.000000 56.000000 59.000000 4.000000 0.400000 5.000000 1 2 1
2014-09-17T07:00:00Z 2014-09-17T09:00:00Z 20.000000 46.000000 55.000000 3.000000 0.300000 14.000000 1 1 1
2014-09-17T06:00:00Z 2014-09-17T08:00:00Z 26.000000 89.000000 61.000000 3.000000 0.300000 6.000000 1 1 1
2014-09-17T05:00:00Z 2014-09-17T07:00:00Z 18.000000 87.000000 61.000000 4.000000 0.200000 12.000000 1 1 1
2014-09-17T04:00:00Z 2014-09-17T06:00:00Z 22.000000 75.000000 66.000000 3.000000 0.200000 11.000000 1 1 1
2014-09-17T03:00:00Z 2014-09-17T05:00:00Z 20.000000 57.000000 58.000000 4.000000 0.300000 18.000000 1 1 1
2014-09-17T02:00:00Z 2014-09-17T04:00:00Z 25.000000 51.000000 65.000000 4.000000 0.300000 9.000000 1 1 1
2014-09-16T13:00:00Z 2014-09-16T15:00:00Z 30.000000 80.000000 64.000000 5.000000 0.400000 22.000000 1 2 1
2014-09-16T12:00:00Z 2014-09-16T14:00:00Z 20.000000 85.000000 46.000000 5.000000 0.300000 28.000000 1 2 1
2014-09-16T10:00:00Z 2014-09-16T12:00:00Z 23.000000 64.000000 54.000000 3.000000 0.400000 17.000000 1 1 1
2014-09-16T09:00:00Z 2014-09-16T11:00:00Z 21.000000 64.000000 56.000000 4.000000 0.400000 12.000000 1 1 1
2014-09-16T08:00:00Z 2014-09-16T10:00:00Z 17.000000 60.000000 54.000000 3.000000 0.300000 11.000000 1 1 1
2014-09-16T07:00:00Z 2014-09-16T09:00:00Z 19.000000 46.000000 60.000000 4.000000 0.300000 7.000000 1 1 1
2014-09-16T06:00:00Z 2014-09-16T08:00:00Z 17.000000 26.000000 50.000000 4.000000 0.300000 12.000000 1 1 1
2014-09-16T01:00:00Z 2014-09-16T03:00:00Z 33.000000 108.000000 82.000000 2.000000 0.400000 2.000000 1 2 1
2014-09-16T00:00:00Z 2014-09-16T02:00:00Z 28.000000 118.000000 78.000000 4.000000 0.400000 2.000000 1 2 1
2014-09-15T22:00:00Z 2014-09-16T00:00:00Z 24.000000 116.000000 50.000000 5.000000 0.300000 36.000000 1 1 1
2014-09-15T19:00:00Z 2014-09-15T21:00:00Z 19.000000 81.000000 45.000000 3.000000 0.300000 69.000000 1 1 1
2014-09-15T17:00:00Z 2014-09-15T19:00:00Z 12.000000 71.000000 35.000000 4.000000 0.300000 81.000000 1 1 1
2014-09-15T16:00:00Z 2014-09-15T18:00:00Z 9.000000 23.000000 18.000000 5.000000 0.200000 79.000000 1 1 1
2014-09-15T15:00:00Z 2014-09-15T17:00:00Z 3.000000 18.000000 12.000000 4.000000 0.300000 78.000000 1 1 1
2014-09-15T12:00:00Z 2014-09-15T14:00:00Z 12.000000 25.000000 15.000000 5.000000 0.200000 54.000000 1 1 1
2014-09-15T10:00:00Z 2014-09-15T12:00:00Z 10.000000 51.000000 38.000000 18.000000 0.400000 18.000000 1 1 1
2014-09-15T07:00:00Z 2014-09-15T09:00:00Z 18.000000 33.000000 51.000000 4.000000 0.300000 2.000000 1 1 1
2014-09-15T04:00:00Z 2014-09-15T06:00:00Z 20.000000 35.000000 50.000000 3.000000 0.300000 2.000000 1 1 1
2014-09-15T03:00:00Z 2014-09-15T05:00:00Z 28.000000 66.000000 59.000000 4.000000 0.400000 2.000000 1 1 1
2014-09-14T20:00:00Z 2014-09-14T22:00:00Z 26.000000 87.000000 80.000000 2.000000 0.600000 2.000000 1 2 1
2014-09-14T19:00:00Z 2014-09-14T21:00:00Z 21.000000 44.000000 70.000000 2.000000 0.500000 2.000000 1 1 1
2014-09-14T18:00:00Z 2014-09-14T20:00:00Z 13.000000 38.000000 39.000000 2.000000 0.400000 28.000000 1 1 1
2014-09-14T16:00:00Z 2014-09-14T18:00:00Z 14.000000 38.000000 28.000000 2.000000 0.300000 42.000000 1 1 1
2014-09-14T15:00:00Z 2014-09-14T17:00:00Z 11.000000 29.000000 28.000000 2.000000 0.200000 40.000000 1 1 1
2014-09-14T13:00:00Z 2014-09-14T15:00:00Z 9.000000 10.000000 28.000000 2.000000 0.200000 41.000000 1 1 1
2014-09-09T12:00:00Z 2014-09-09T14:00:00Z 34.000000 72.000000 47.000000 5.000000 0.500000 88.000000 1 2 1
2014-09-09T09:00:00Z 2014-09-09T11:00:00Z 18.000000 60.000000 44.000000 4.000000 1.000000 36.000000 1 1 1
2014-09-09T07:00:00Z 2014-09-09T09:00:00Z 14.000000 38.000000 48.000000 4.000000 1.000000 22.000000 1 1 1
2014-09-09T06:00:00Z 2014-09-09T08:00:00Z 18.000000 29.000000 42.000000 4.000000 1.100000 27.000000 1 1 1
2014-09-08T22:00:00Z 2014-09-09T00:00:00Z 21.000000 72.000000 56.000000 4.000000 0.400000 56.000000 1 1 1
2014-09-08T20:00:00Z 2014-09-08T22:00:00Z 24.000000 95.000000 42.000000 4.000000 0.300000 89.000000 1 1 1
2014-09-08T19:00:00Z 2014-09-08T21:00:00Z 17.000000 71.000000 43.000000 4.000000 0.300000 95.000000 1 1 1
2014-09-08T18:00:00Z 2014-09-08T20:00:00Z 16.000000 52.000000 43.000000 4.000000 0.300000 88.000000 1 1 1
2014-09-08T16:00:00Z 2014-09-08T18:00:00Z 9.000000 10.000000 15.000000 6.000000 0.300000 100.000000 1 1 1
2014-09-08T14:00:00Z 2014-09-08T16:00:00Z 4.000000 8.000000 10.000000 6.000000 0.300000 89.000000 1 1 1
2014-09-08T12:00:00Z 2014-09-08T14:00:00Z 3.000000 8.000000 11.000000 5.000000 0.200000 73.000000 1 1 1
2014-09-08T10:00:00Z 2014-09-08T12:00:00Z 9.000000 25.000000 21.000000 10.000000 0.200000 54.000000 1 1 1
2014-09-08T08:00:00Z 2014-09-08T10:00:00Z 6.000000 12.000000 36.000000 6.000000 0.300000 36.000000 1 1 1
2014-09-08T06:00:00Z 2014-09-08T08:00:00Z 7.000000 16.000000 23.000000 4.000000 0.100000 46.000000 1 1 1
2014-09-08T04:00:00Z 2014-09-08T06:00:00Z 8.000000 17.000000 13.000000 3.000000 0.100000 57.000000 1 1 1
2014-09-08T02:00:00Z 2014-09-08T04:00:00Z 8.000000 18.000000 15.000000 4.000000 0.200000 65.000000 1 1 1
2014-09-04T19:00:00Z 2014-09-04T21:00:00Z 31.000000 110.000000 48.000000 7.000000 0.500000 144.000000 1 2 0
2014-09-04T17:00:00Z 2014-09-04T19:00:00Z 31.000000 203.000000 46.000000 9.000000 0.400000 166.000000 1 1 0
2014-09-04T15:00:00Z 2014-09-04T17:00:00Z 25.000000 58.000000 36.000000 9.000000 0.400000 154.000000 1 1 0
2014-09-03T08:00:00Z 2014-09-03T10:00:00Z 14.000000 27.000000 53.000000 3.000000 1.000000 8.000000 1 1 0
2014-09-03T05:00:00Z 2014-09-03T07:00:00Z 14.000000 16.000000 60.000000 3.000000 0.300000 2.000000 1 1 0
2014-09-03T02:00:00Z 2014-09-03T04:00:00Z 22.000000 29.000000 71.000000 4.000000 0.500000 2.000000 1 1 0
2014-09-03T01:00:00Z 2014-09-03T03:00:00Z 19.000000 24.000000 71.000000 4.000000 0.600000 2.000000 1 1 0
2014-09-03T00:00:00Z 2014-09-03T02:00:00Z 16.000000 18.000000 68.000000 4.000000 0.800000 2.000000 1 1 0
2014-09-02T22:00:00Z 2014-09-03T00:00:00Z 18.000000 19.000000 50.000000 3.000000 0.500000 24.000000 1 1 0
2014-09-02T20:00:00Z 2014-09-02T22:00:00Z 15.000000 22.000000 49.000000 3.000000 1.100000 34.000000 1 1 0
2014-09-02T19:00:00Z 2014-09-02T21:00:00Z 13.000000 26.000000 39.000000 3.000000 0.900000 48.000000 1 1 0
2014-09-02T17:00:00Z 2014-09-02T19:00:00Z 15.000000 31.000000 39.000000 4.000000 0.800000 50.000000 1 1 0
2014-08-27T08:00:00Z 2014-08-27T10:00:00Z 28.000000 81.000000 81.000000 4.000000 1.100000 22.000000 1 1 1
2014-08-26T22:00:00Z 2014-08-27T00:00:00Z 33.000000 144.000000 144.000000 7.000000 0.700000 2.000000 1 2 1
2014-08-26T21:00:00Z 2014-08-26T23:00:00Z 25.000000 94.000000 111.000000 6.000000 0.500000 30.000000 1 2 1
2014-08-26T20:00:00Z 2014-08-26T22:00:00Z 24.000000 74.000000 75.000000 6.000000 0.400000 95.000000 1 1 1
2014-08-26T19:00:00Z 2014-08-26T21:00:00Z 25.000000 79.000000 56.000000 8.000000 0.400000 142.000000 1 1 1
2014-08-26T18:00:00Z 2014-08-26T20:00:00Z 18.000000 68.000000 36.000000 10.000000 0.400000 150.000000 1 1 1
2014-08-26T09:00:00Z 2014-08-26T11:00:00Z 23.000000 71.000000 63.000000 5.000000 0.600000 27.000000 1 1 1
2014-08-26T07:00:00Z 2014-08-26T09:00:00Z 22.000000 64.000000 74.000000 3.000000 1.600000 6.000000 1 1 1
2014-08-26T02:00:00Z 2014-08-26T04:00:00Z 32.000000 103.000000 114.000000 6.000000 0.400000 2.000000 1 2 1
2014-08-25T22:00:00Z 2014-08-26T00:00:00Z 33.000000 89.000000 84.000000 3.000000 0.500000 48.000000 1 2 1
2014-08-25T21:00:00Z 2014-08-25T23:00:00Z 26.000000 78.000000 60.000000 3.000000 0.300000 83.000000 1 2 1
2014-08-25T20:00:00Z 2014-08-25T22:00:00Z 19.000000 77.000000 43.000000 3.000000 0.300000 104.000000 1 1 1
2014-08-25T19:00:00Z 2014-08-25T21:00:00Z 17.000000 78.000000 50.000000 3.000000 0.300000 98.000000 1 1 1
2014-08-25T18:00:00Z 2014-08-25T20:00:00Z 14.000000 39.000000 44.000000 3.000000 0.300000 92.000000 1 1 1
2014-08-25T17:00:00Z 2014-08-25T19:00:00Z 10.000000 18.000000 24.000000 4.000000 0.500000 107.000000 1 1 1
2014-08-25T13:00:00Z 2014-08-25T15:00:00Z 4.000000 5.000000 9.000000 2.000000 0.100000 89.000000 1 1 1
2014-08-25T12:00:00Z 2014-08-25T14:00:00Z 3.000000 5.000000 11.000000 2.000000 0.100000 75.000000 1 1 1
2014-08-25T05:00:00Z 2014-08-25T07:00:00Z 20.000000 41.000000 58.000000 2.000000 0.300000 2.000000 1 1 1
2014-08-25T02:00:00Z 2014-08-25T04:00:00Z 27.000000 36.000000 68.000000 3.000000 0.600000 7.000000 1 1 1
2014-08-24T20:00:00Z 2014-08-24T22:00:00Z 27.000000 192.000000 85.000000 4.000000 0.500000 35.000000 1 2 1
2014-08-24T19:00:00Z 2014-08-24T21:00:00Z 17.000000 20.000000 24.000000 5.000000 0.200000 84.000000 1 1 1
2014-08-24T16:00:00Z 2014-08-24T18:00:00Z 8.000000 13.000000 12.000000 6.000000 0.500000 101.000000 1 1 1
2014-08-24T15:00:00Z 2014-08-24T17:00:00Z 12.000000 23.000000 12.000000 6.000000 0.300000 99.000000 1 1 1
2014-08-24T14:00:00Z 2014-08-24T16:00:00Z 9.000000 18.000000 12.000000 7.000000 0.200000 91.000000 1 1 1
2014-08-24T13:00:00Z 2014-08-24T15:00:00Z 8.000000 12.000000 12.000000 8.000000 0.200000 84.000000 1 1 1
2014-08-24T12:00:00Z 2014-08-24T14:00:00Z 10.000000 14.000000 17.000000 9.000000 0.200000 70.000000 1 1 1
2014-08-24T10:00:00Z 2014-08-24T12:00:00Z 11.000000 19.000000 29.000000 18.000000 0.300000 49.000000 1 1 1
2014-08-22T10:00:00Z 2014-08-22T12:00:00Z 30.000000 62.000000 58.000000 3.000000 0.800000 37.000000 1 2 1
2014-08-22T09:00:00Z 2014-08-22T11:00:00Z 26.000000 38.000000 51.000000 3.000000 0.900000 34.000000 1 2 1
2014-08-22T06:00:00Z 2014-08-22T08:00:00Z 27.000000 40.000000 43.000000 2.000000 0.200000 33.000000 1 1 1
2014-08-22T05:00:00Z 2014-08-22T07:00:00Z 25.000000 39.000000 44.000000 2.000000 0.300000 44.000000 1 1 1
2014-08-22T02:00:00Z 2014-08-22T04:00:00Z 22.000000 32.000000 65.000000 2.000000 0.700000 45.000000 1 1 1
2014-08-21T23:00:00Z 2014-08-22T01:00:00Z 22.000000 88.000000 33.000000 2.000000 0.300000 91.000000 1 1 1
2014-08-18T08:00:00Z 2014-08-18T10:00:00Z 32.000000 69.000000 55.000000 4.000000 0.500000 50.000000 1 2 1
2014-08-18T06:00:00Z 2014-08-18T08:00:00Z 30.000000 37.000000 40.000000 3.000000 0.400000 58.000000 1 1 1
2014-08-18T05:00:00Z 2014-08-18T07:00:00Z 33.000000 41.000000 49.000000 4.000000 0.500000 50.000000 1 1 1
2014-08-17T19:00:00Z 2014-08-17T21:00:00Z 33.000000 76.000000 40.000000 5.000000 0.400000 164.000000 1 2 1
2014-08-17T18:00:00Z 2014-08-17T20:00:00Z 28.000000 47.000000 27.000000 6.000000 0.400000 171.000000 1 2 1
2014-06-03T09:00:00Z 2014-06-03T11:00:00Z 30.000000 75.000000 44.000000 4.000000 0.400000 74.000000 1 1 0
2014-06-03T08:00:00Z 2014-06-03T10:00:00Z 30.000000 59.000000 54.000000 2.000000 0.300000 57.000000 1 1 0
2014-06-03T06:00:00Z 2014-06-03T08:00:00Z 31.000000 51.000000 59.000000 2.000000 0.300000 36.000000 1 1 0
2014-06-02T20:00:00Z 2014-06-02T22:00:00Z 31.000000 56.000000 30.000000 3.000000 0.500000 143.000000 1 2 0
2014-06-02T19:00:00Z 2014-06-02T21:00:00Z 27.000000 44.000000 21.000000 4.000000 0.300000 155.000000 1 1 0
2014-06-02T18:00:00Z 2014-06-02T20:00:00Z 27.000000 40.000000 18.000000 4.000000 0.300000 155.000000 1 1 0
2014-06-02T16:00:00Z 2014-06-02T18:00:00Z 30.000000 45.000000 19.000000 5.000000 0.300000 153.000000 1 1 0
2014-06-02T14:00:00Z 2014-06-02T16:00:00Z 24.000000 30.000000 19.000000 4.000000 0.300000 136.000000 1 1 0
2014-06-02T09:00:00Z 2014-06-02T11:00:00Z 19.000000 26.000000 36.000000 2.000000 0.300000 94.000000 1 1 0
2014-06-02T08:00:00Z 2014-06-02T10:00:00Z 23.000000 43.000000 48.000000 3.000000 0.300000 69.000000 1 1 0
2014-06-02T07:00:00Z 2014-06-02T09:00:00Z 21.000000 47.000000 44.000000 2.000000 0.700000 84.000000 1 1 0
2014-06-02T06:00:00Z 2014-06-02T08:00:00Z 26.000000 49.000000 46.000000 2.000000 0.800000 67.000000 1 1 0
2014-06-01T15:00:00Z 2014-06-01T17:00:00Z 33.000000 48.000000 26.000000 5.000000 0.400000 177.000000 1 2 0
2014-06-01T13:00:00Z 2014-06-01T15:00:00Z 34.000000 50.000000 26.000000 6.000000 0.400000 149.000000 1 1 0
2014-06-01T11:00:00Z 2014-06-01T13:00:00Z 32.000000 53.000000 26.000000 5.000000 0.400000 137.000000 1 1 0
2014-05-27T02:00:00Z 2014-05-27T04:00:00Z 30.000000 125.000000 84.000000 7.000000 0.700000 2.000000 1 2 1
2014-05-27T01:00:00Z 2014-05-27T03:00:00Z 28.000000 166.000000 108.000000 7.000000 0.600000 2.000000 1 2 1
2014-05-26T21:00:00Z 2014-05-26T23:00:00Z 33.000000 121.000000 109.000000 5.000000 0.600000 9.000000 1 2 1
2014-05-26T20:00:00Z 2014-05-26T22:00:00Z 20.000000 112.000000 44.000000 4.000000 0.400000 79.000000 1 2 1
2014-05-26T14:00:00Z 2014-05-26T16:00:00Z 31.000000 81.000000 24.000000 7.000000 0.300000 145.000000 1 2 1
2014-05-26T11:00:00Z 2014-05-26T13:00:00Z 30.000000 87.000000 56.000000 6.000000 0.500000 82.000000 1 1 1
2014-05-26T06:00:00Z 2014-05-26T08:00:00Z 21.000000 116.000000 75.000000 3.000000 0.400000 2.000000 1 2 1
2014-05-26T05:00:00Z 2014-05-26T07:00:00Z 11.000000 76.000000 80.000000 2.000000 0.400000 2.000000 1 2 1
2014-05-26T03:00:00Z 2014-05-26T05:00:00Z 25.000000 106.000000 81.000000 3.000000 0.400000 2.000000 1 1 1
2014-05-26T02:00:00Z 2014-05-26T04:00:00Z 22.000000 60.000000 83.000000 3.000000 0.400000 2.000000 1 1 1
2014-05-26T01:00:00Z 2014-05-26T03:00:00Z 24.000000 70.000000 84.000000 2.000000 0.500000 2.000000 1 1 1
2014-05-26T00:00:00Z 2014-05-26T02:00:00Z 32.000000 120.000000 94.000000 4.000000 0.700000 2.000000 1 1 1
2014-05-25T23:00:00Z 2014-05-26T01:00:00Z 26.000000 84.000000 94.000000 3.000000 0.700000 2.000000 1 1 1
2014-05-25T22:00:00Z 2014-05-26T00:00:00Z 23.000000 110.000000 82.000000 2.000000 0.500000 10.000000 1 1 1
2014-05-25T21:00:00Z 2014-05-25T23:00:00Z 16.000000 34.000000 47.000000 2.000000 0.400000 49.000000 1 1 1
2014-05-25T20:00:00Z 2014-05-25T22:00:00Z 11.000000 54.000000 35.000000 2.000000 0.300000 65.000000 1 1 1
2014-05-25T19:00:00Z 2014-05-25T21:00:00Z 12.000000 53.000000 17.000000 2.000000 0.200000 89.000000 1 1 1
2014-05-25T18:00:00Z 2014-05-25T20:00:00Z 14.000000 78.000000 12.000000 4.000000 0.200000 97.000000 1 1 1
2014-05-25T17:00:00Z 2014-05-25T19:00:00Z 16.000000 103.000000 10.000000 4.000000 0.200000 103.000000 1 1 1
2014-05-25T16:00:00Z 2014-05-25T18:00:00Z 17.000000 52.000000 10.000000 3.000000 0.200000 102.000000 1 1 1
2014-05-25T15:00:00Z 2014-05-25T17:00:00Z 17.000000 88.000000 11.000000 2.000000 0.200000 99.000000 1 1 1
2014-05-25T13:00:00Z 2014-05-25T15:00:00Z 22.000000 46.000000 12.000000 2.000000 0.200000 93.000000 1 1 1
2014-05-20T19:00:00Z 2014-05-20T21:00:00Z 25.000000 97.000000 34.000000 5.000000 0.300000 166.000000 1 3 1
2014-05-20T18:00:00Z 2014-05-20T20:00:00Z 25.000000 95.000000 35.000000 4.000000 0.300000 174.000000 1 2 1
2014-05-20T17:00:00Z 2014-05-20T19:00:00Z 26.000000 57.000000 28.000000 7.000000 0.300000 172.000000 1 1 1
2014-05-20T16:00:00Z 2014-05-20T18:00:00Z 26.000000 57.000000 28.000000 7.000000 0.300000 172.000000 1 1 1
2014-05-20T15:00:00Z 2014-05-20T17:00:00Z 20.000000 24.000000 26.000000 9.000000 0.300000 153.000000 1 1 1
2014-05-20T14:00:00Z 2014-05-20T16:00:00Z 16.000000 23.000000 18.000000 8.000000 0.200000 140.000000 1 1 1
2014-05-16T20:00:00Z 2014-05-16T22:00:00Z 28.000000 109.000000 36.000000 5.000000 0.300000 117.000000 1 2 1
2014-05-16T19:00:00Z 2014-05-16T21:00:00Z 26.000000 84.000000 34.000000 2.000000 0.300000 121.000000 1 2 1
2014-05-16T18:00:00Z 2014-05-16T20:00:00Z 16.000000 38.000000 26.000000 2.000000 0.200000 132.000000 1 1 1
2014-05-16T17:00:00Z 2014-05-16T19:00:00Z 14.000000 41.000000 22.000000 2.000000 0.200000 137.000000 1 1 1
2014-05-16T16:00:00Z 2014-05-16T18:00:00Z 17.000000 34.000000 20.000000 2.000000 0.200000 134.000000 1 1 1
2014-05-16T15:00:00Z 2014-05-16T17:00:00Z 20.000000 40.000000 18.000000 2.000000 0.200000 130.000000 1 1 1
2014-05-16T13:00:00Z 2014-05-16T15:00:00Z 24.000000 30.000000 13.000000 2.000000 0.200000 116.000000 1 1 1
2014-05-16T12:00:00Z 2014-05-16T14:00:00Z 24.000000 25.000000 13.000000 2.000000 0.200000 112.000000 1 1 1
2014-05-16T11:00:00Z 2014-05-16T13:00:00Z 27.000000 60.000000 18.000000 3.000000 0.200000 104.000000 1 1 1
2014-05-15T06:00:00Z 2014-05-15T08:00:00Z 35.000000 116.000000 72.000000 6.000000 0.400000 2.000000 1 2 1
2014-05-15T00:00:00Z 2014-05-15T02:00:00Z 32.000000 97.000000 77.000000 9.000000 0.500000 14.000000 1 2 1
2014-05-14T23:00:00Z 2014-05-15T01:00:00Z 27.000000 102.000000 72.000000 8.000000 0.400000 24.000000 1 2 1
2014-05-14T22:00:00Z 2014-05-15T00:00:00Z 31.000000 94.000000 82.000000 7.000000 0.500000 19.000000 1 1 1
2014-05-14T21:00:00Z 2014-05-14T23:00:00Z 27.000000 84.000000 78.000000 7.000000 0.500000 24.000000 1 1 1
2014-05-14T20:00:00Z 2014-05-14T22:00:00Z 29.000000 79.000000 68.000000 7.000000 0.400000 40.000000 1 1 1
2014-05-14T19:00:00Z 2014-05-14T21:00:00Z 23.000000 40.000000 50.000000 7.000000 0.400000 58.000000 1 1 1
2014-05-14T18:00:00Z 2014-05-14T20:00:00Z 15.000000 32.000000 37.000000 6.000000 0.300000 72.000000 1 1 1
2014-05-14T17:00:00Z 2014-05-14T19:00:00Z 11.000000 35.000000 28.000000 4.000000 0.300000 76.000000 1 1 1
2014-05-14T16:00:00Z 2014-05-14T18:00:00Z 11.000000 24.000000 18.000000 2.000000 0.300000 88.000000 1 1 1
2014-05-14T15:00:00Z 2014-05-14T17:00:00Z 11.000000 28.000000 14.000000 2.000000 0.300000 91.000000 1 1 1
2014-05-14T14:00:00Z 2014-05-14T16:00:00Z 14.000000 24.000000 16.000000 2.000000 0.300000 81.000000 1 1 1
2014-05-14T13:00:00Z 2014-05-14T15:00:00Z 12.000000 41.000000 19.000000 2.000000 0.300000 68.000000 1 1 1
2014-05-14T10:00:00Z 2014-05-14T12:00:00Z 13.000000 46.000000 20.000000 6.000000 0.300000 59.000000 1 1 1
2014-05-14T08:00:00Z 2014-05-14T10:00:00Z 16.000000 64.000000 22.000000 8.000000 0.300000 54.000000 1 1 1
2014-05-14T07:00:00Z 2014-05-14T09:00:00Z 16.000000 75.000000 20.000000 8.000000 0.300000 57.000000 1 1 1
2014-05-14T06:00:00Z 2014-05-14T08:00:00Z 18.000000 82.000000 16.000000 9.000000 0.200000 65.000000 1 1 1
2014-05-14T05:00:00Z 2014-05-14T07:00:00Z 22.000000 96.000000 18.000000 10.000000 0.200000 65.000000 1 1 1
2014-05-14T04:00:00Z 2014-05-14T06:00:00Z 31.000000 133.000000 31.000000 6.000000 0.200000 53.000000 1 1 1
2014-05-14T03:00:00Z 2014-05-14T05:00:00Z 26.000000 125.000000 24.000000 3.000000 0.200000 63.000000 1 1 1
2014-05-14T01:00:00Z 2014-05-14T03:00:00Z 35.000000 190.000000 15.000000 3.000000 0.200000 73.000000 1 1 1
2014-05-14T00:00:00Z 2014-05-14T02:00:00Z 29.000000 146.000000 17.000000 4.000000 0.200000 78.000000 1 2 1
2014-05-13T23:00:00Z 2014-05-14T01:00:00Z 29.000000 101.000000 40.000000 4.000000 0.300000 58.000000 1 1 1
2014-05-13T22:00:00Z 2014-05-14T00:00:00Z 26.000000 100.000000 37.000000 5.000000 0.300000 67.000000 1 1 1
2014-05-13T19:00:00Z 2014-05-13T21:00:00Z 31.000000 93.000000 24.000000 8.000000 0.300000 103.000000 1 2 1
2014-05-13T18:00:00Z 2014-05-13T20:00:00Z 31.000000 83.000000 19.000000 9.000000 0.300000 110.000000 1 2 1
2014-05-12T17:00:00Z 2014-05-12T19:00:00Z 26.000000 93.000000 29.000000 9.000000 0.300000 147.000000 1 2 1
2014-05-12T16:00:00Z 2014-05-12T18:00:00Z 23.000000 88.000000 36.000000 7.000000 0.300000 132.000000 1 2 1
2014-05-12T15:00:00Z 2014-05-12T17:00:00Z 23.000000 64.000000 31.000000 6.000000 0.200000 128.000000 1 1 1
2014-05-12T14:00:00Z 2014-05-12T16:00:00Z 25.000000 44.000000 28.000000 7.000000 0.300000 125.000000 1 1 1
2014-05-12T03:00:00Z 2014-05-12T05:00:00Z 25.000000 27.000000 47.000000 4.000000 0.600000 2.000000 1 2 1
2014-05-12T02:00:00Z 2014-05-12T04:00:00Z 25.000000 28.000000 50.000000 4.000000 0.700000 2.000000 1 2 1
2014-05-12T01:00:00Z 2014-05-12T03:00:00Z 24.000000 32.000000 60.000000 2.000000 0.700000 5.000000 1 1 1
2014-05-12T00:00:00Z 2014-05-12T02:00:00Z 26.000000 28.000000 51.000000 3.000000 0.600000 24.000000 1 1 1
2014-05-11T23:00:00Z 2014-05-12T01:00:00Z 20.000000 26.000000 46.000000 3.000000 0.600000 38.000000 1 1 1
2014-05-11T22:00:00Z 2014-05-12T00:00:00Z 26.000000 32.000000 45.000000 3.000000 0.600000 45.000000 1 1 1
2014-05-11T21:00:00Z 2014-05-11T23:00:00Z 25.000000 30.000000 39.000000 4.000000 0.500000 61.000000 1 1 1
2014-05-11T20:00:00Z 2014-05-11T22:00:00Z 20.000000 34.000000 44.000000 4.000000 0.600000 65.000000 1 1 1
2014-05-11T19:00:00Z 2014-05-11T21:00:00Z 13.000000 20.000000 38.000000 4.000000 0.600000 73.000000 1 1 1
2014-05-11T18:00:00Z 2014-05-11T20:00:00Z 10.000000 13.000000 31.000000 5.000000 0.500000 85.000000 1 1 1
2014-05-11T02:00:00Z 2014-05-11T04:00:00Z 33.000000 35.000000 53.000000 5.000000 1.200000 33.000000 1 2 1
2014-05-09T19:00:00Z 2014-05-09T21:00:00Z 34.000000 112.000000 42.000000 13.000000 0.400000 113.000000 1 2 1
2014-05-09T18:00:00Z 2014-05-09T20:00:00Z 35.000000 80.000000 36.000000 17.000000 0.500000 127.000000 1 2 1
2014-05-07T23:00:00Z 2014-05-08T01:00:00Z 33.000000 80.000000 47.000000 3.000000 0.400000 49.000000 1 3 1
2014-05-07T17:00:00Z 2014-05-07T19:00:00Z 14.000000 44.000000 19.000000 4.000000 0.400000 97.000000 1 2 1
2014-05-07T16:00:00Z 2014-05-07T18:00:00Z 18.000000 48.000000 18.000000 5.000000 0.500000 105.000000 1 3 1
2014-05-07T15:00:00Z 2014-05-07T17:00:00Z 20.000000 67.000000 16.000000 6.000000 0.400000 108.000000 1 1 1
2014-05-07T14:00:00Z 2014-05-07T16:00:00Z 26.000000 86.000000 17.000000 7.000000 0.400000 109.000000 1 1 1
2014-05-05T20:00:00Z 2014-05-05T22:00:00Z 30.000000 57.000000 33.000000 4.000000 0.400000 89.000000 1 2 0
2014-05-05T19:00:00Z 2014-05-05T21:00:00Z 34.000000 75.000000 23.000000 4.000000 0.300000 104.000000 1 2 0
2014-05-05T18:00:00Z 2014-05-05T20:00:00Z 34.000000 74.000000 28.000000 3.000000 0.300000 106.000000 1 1 0
2014-05-05T16:00:00Z 2014-05-05T18:00:00Z 23.000000 44.000000 31.000000 4.000000 0.400000 84.000000 1 1 0
2014-05-05T15:00:00Z 2014-05-05T17:00:00Z 19.000000 22.000000 15.000000 4.000000 0.400000 95.000000 1 2 0
2014-05-05T13:00:00Z 2014-05-05T15:00:00Z 17.000000 23.000000 8.000000 3.000000 0.300000 97.000000 1 1 0
2014-05-05T08:00:00Z 2014-05-05T10:00:00Z 34.000000 91.000000 37.000000 2.000000 0.400000 46.000000 1 2 0
2014-05-05T07:00:00Z 2014-05-05T09:00:00Z 35.000000 40.000000 60.000000 2.000000 0.400000 13.000000 1 2 0
2014-05-05T06:00:00Z 2014-05-05T08:00:00Z 31.000000 71.000000 71.000000 5.000000 0.400000 2.000000 1 1 0
2014-05-04T21:00:00Z 2014-05-04T23:00:00Z 32.000000 43.000000 36.000000 2.000000 0.400000 44.000000 1 2 0
2014-05-04T20:00:00Z 2014-05-04T22:00:00Z 27.000000 40.000000 25.000000 2.000000 0.500000 62.000000 1 1 0
2014-05-04T19:00:00Z 2014-05-04T21:00:00Z 28.000000 33.000000 14.000000 2.000000 0.400000 76.000000 1 1 0
2014-05-04T17:00:00Z 2014-05-04T19:00:00Z 30.000000 37.000000 9.000000 2.000000 0.300000 82.000000 1 1 0
2014-05-04T16:00:00Z 2014-05-04T18:00:00Z 28.000000 41.000000 7.000000 2.000000 0.400000 85.000000 1 2 0
2014-05-04T15:00:00Z 2014-05-04T17:00:00Z 34.000000 35.000000 8.000000 2.000000 0.400000 86.000000 1 1 0
2014-05-04T14:00:00Z 2014-05-04T16:00:00Z 33.000000 58.000000 7.000000 2.000000 0.400000 87.000000 1 1 0
2014-05-04T04:00:00Z 2014-05-04T06:00:00Z 34.000000 37.000000 18.000000 3.000000 0.300000 66.000000 1 2 0
2014-05-04T03:00:00Z 2014-05-04T05:00:00Z 33.000000 34.000000 20.000000 2.000000 0.300000 63.000000 1 2 0
2014-05-04T02:00:00Z 2014-05-04T04:00:00Z 35.000000 36.000000 15.000000 2.000000 0.300000 70.000000 1 1 0
2014-05-02T23:00:00Z 2014-05-03T01:00:00Z 26.000000 76.000000 95.000000 2.000000 0.700000 2.000000 1 2 0
2014-05-02T22:00:00Z 2014-05-03T00:00:00Z 30.000000 71.000000 99.000000 2.000000 0.500000 2.000000 1 2 0
2014-05-02T21:00:00Z 2014-05-02T23:00:00Z 17.000000 47.000000 70.000000 2.000000 0.400000 20.000000 1 1 0
2014-05-02T20:00:00Z 2014-05-02T22:00:00Z 18.000000 19.000000 23.000000 2.000000 0.400000 76.000000 1 1 0
2014-05-02T19:00:00Z 2014-05-02T21:00:00Z 12.000000 22.000000 20.000000 2.000000 0.300000 81.000000 1 1 0
2014-05-02T18:00:00Z 2014-05-02T20:00:00Z 21.000000 131.000000 15.000000 2.000000 0.300000 88.000000 1 1 0
2014-05-02T17:00:00Z 2014-05-02T19:00:00Z 29.000000 56.000000 14.000000 2.000000 0.200000 92.000000 1 1 0
2014-05-02T07:00:00Z 2014-05-02T09:00:00Z 30.000000 41.000000 9.000000 2.000000 0.200000 94.000000 1 2 0
2014-04-26T06:00:00Z 2014-04-26T08:00:00Z 22.000000 33.000000 23.000000 2.000000 0.200000 42.000000 1 1 1
2014-04-26T04:00:00Z 2014-04-26T06:00:00Z 23.000000 46.000000 26.000000 2.000000 0.200000 43.000000 1 1 1
2014-04-26T02:00:00Z 2014-04-26T04:00:00Z 23.000000 35.000000 28.000000 2.000000 0.300000 32.000000 1 1 1
2014-04-21T16:00:00Z 2014-04-21T18:00:00Z 34.000000 111.000000 45.000000 6.000000 0.300000 98.000000 1 2 1
2014-04-21T15:00:00Z 2014-04-21T17:00:00Z 33.000000 66.000000 30.000000 8.000000 0.300000 89.000000 1 2 1
2014-04-21T14:00:00Z 2014-04-21T16:00:00Z 24.000000 58.000000 22.000000 7.000000 0.300000 93.000000 1 1 1
2014-04-21T13:00:00Z 2014-04-21T15:00:00Z 26.000000 41.000000 19.000000 5.000000 0.300000 96.000000 1 1 1
2014-04-20T15:00:00Z 2014-04-20T17:00:00Z 20.000000 35.000000 25.000000 5.000000 0.400000 85.000000 1 2 1
2014-04-20T14:00:00Z 2014-04-20T16:00:00Z 21.000000 22.000000 22.000000 3.000000 0.400000 82.000000 1 2 1
2014-04-20T13:00:00Z 2014-04-20T15:00:00Z 3.000000 5.000000 15.000000 4.000000 0.300000 79.000000 1 1 1
2014-04-20T11:00:00Z 2014-04-20T13:00:00Z 30.000000 35.000000 52.000000 19.000000 0.600000 35.000000 1 1 1
2014-04-16T00:00:00Z 2014-04-16T02:00:00Z 35.000000 71.000000 62.000000 9.000000 0.500000 16.000000 1 2 1
2014-04-05T18:00:00Z 2014-04-05T20:00:00Z 29.000000 132.000000 36.000000 6.000000 0.400000 88.000000 1 2 0
2014-04-05T17:00:00Z 2014-04-05T19:00:00Z 14.000000 46.000000 13.000000 6.000000 0.400000 97.000000 1 2 0
2014-04-05T16:00:00Z 2014-04-05T18:00:00Z 15.000000 50.000000 12.000000 6.000000 0.500000 97.000000 1 1 0
2014-04-05T15:00:00Z 2014-04-05T17:00:00Z 15.000000 53.000000 11.000000 8.000000 0.400000 95.000000 1 1 0
2014-04-05T14:00:00Z 2014-04-05T16:00:00Z 11.000000 48.000000 11.000000 5.000000 0.300000 92.000000 1 1 0
2014-04-05T13:00:00Z 2014-04-05T15:00:00Z 13.000000 37.000000 10.000000 2.000000 0.300000 89.000000 1 1 0
2014-04-05T12:00:00Z 2014-04-05T14:00:00Z 8.000000 44.000000 10.000000 2.000000 0.300000 84.000000 1 1 0
2014-04-05T11:00:00Z 2014-04-05T13:00:00Z 9.000000 39.000000 12.000000 2.000000 0.300000 78.000000 1 1 0
2014-04-05T10:00:00Z 2014-04-05T12:00:00Z 6.000000 43.000000 9.000000 2.000000 0.300000 79.000000 1 1 0
2014-04-05T09:00:00Z 2014-04-05T11:00:00Z 9.000000 64.000000 11.000000 2.000000 0.300000 74.000000 1 1 0
2014-04-05T08:00:00Z 2014-04-05T10:00:00Z 16.000000 74.000000 31.000000 2.000000 0.300000 53.000000 1 1 0
2014-04-05T07:00:00Z 2014-04-05T09:00:00Z 17.000000 75.000000 49.000000 4.000000 0.400000 30.000000 1 1 0
2014-04-05T06:00:00Z 2014-04-05T08:00:00Z 24.000000 82.000000 60.000000 6.000000 0.500000 20.000000 1 1 0
2014-04-05T04:00:00Z 2014-04-05T06:00:00Z 34.000000 133.000000 71.000000 10.000000 0.600000 12.000000 1 1 0
2014-04-05T03:00:00Z 2014-04-05T05:00:00Z 31.000000 137.000000 57.000000 11.000000 0.500000 30.000000 1 2 0
2014-04-05T01:00:00Z 2014-04-05T03:00:00Z 35.000000 163.000000 71.000000 13.000000 0.600000 23.000000 1 1 0
2014-04-05T00:00:00Z 2014-04-05T02:00:00Z 35.000000 161.000000 56.000000 12.000000 0.600000 37.000000 1 2 0
2014-04-04T22:00:00Z 2014-04-05T00:00:00Z 23.000000 137.000000 38.000000 3.000000 0.400000 54.000000 1 1 0
2014-04-04T21:00:00Z 2014-04-04T23:00:00Z 18.000000 124.000000 28.000000 2.000000 0.300000 67.000000 1 2 0
2014-04-03T15:00:00Z 2014-04-03T17:00:00Z 10.000000 67.000000 8.000000 2.000000 0.300000 98.000000 1 1 0
2014-04-03T13:00:00Z 2014-04-03T15:00:00Z 17.000000 212.000000 7.000000 2.000000 0.300000 97.000000 1 1 0
2014-04-03T12:00:00Z 2014-04-03T14:00:00Z 34.000000 331.000000 8.000000 2.000000 0.300000 93.000000 1 1 0
2014-04-03T11:00:00Z 2014-04-03T13:00:00Z 12.000000 67.000000 16.000000 5.000000 0.400000 77.000000 1 1 0
2014-04-03T10:00:00Z 2014-04-03T12:00:00Z 18.000000 57.000000 17.000000 4.000000 0.400000 72.000000 1 1 0
2014-04-03T08:00:00Z 2014-04-03T10:00:00Z 10.000000 10.000000 30.000000 2.000000 0.300000 54.000000 1 1 0
2014-04-02T16:00:00Z 2014-04-02T18:00:00Z 27.000000 159.000000 34.000000 28.000000 0.900000 158.000000 1 4 0
2014-03-30T20:00:00Z 2014-03-30T22:00:00Z 33.000000 104.000000 78.000000 6.000000 0.500000 38.000000 1 2 1
2014-03-30T19:00:00Z 2014-03-30T21:00:00Z 23.000000 73.000000 70.000000 5.000000 0.400000 51.000000 1 2 1
2014-03-30T18:00:00Z 2014-03-30T20:00:00Z 28.000000 71.000000 47.000000 5.000000 0.400000 76.000000 1 1 1
2014-03-30T17:00:00Z 2014-03-30T19:00:00Z 24.000000 41.000000 28.000000 5.000000 0.300000 91.000000 1 1 1
2014-03-30T16:00:00Z 2014-03-30T18:00:00Z 13.000000 18.000000 14.000000 5.000000 0.300000 104.000000 1 1 1
2014-03-30T14:00:00Z 2014-03-30T16:00:00Z 3.000000 5.000000 11.000000 5.000000 0.300000 103.000000 1 1 1
2014-03-30T12:00:00Z 2014-03-30T14:00:00Z 19.000000 27.000000 24.000000 9.000000 0.400000 86.000000 1 1 1
2014-03-30T07:00:00Z 2014-03-30T09:00:00Z 25.000000 72.000000 85.000000 12.000000 0.500000 2.000000 1 2 1
2014-03-30T06:00:00Z 2014-03-30T08:00:00Z 34.000000 50.000000 84.000000 12.000000 0.500000 2.000000 1 2 1
2014-03-29T19:00:00Z 2014-03-29T21:00:00Z 28.000000 53.000000 30.000000 12.000000 0.400000 84.000000 1 2 1
2014-03-29T18:00:00Z 2014-03-29T20:00:00Z 28.000000 34.000000 12.000000 9.000000 0.300000 106.000000 1 2 1
2014-03-29T17:00:00Z 2014-03-29T19:00:00Z 27.000000 39.000000 9.000000 8.000000 0.300000 108.000000 1 1 1
2014-03-29T16:00:00Z 2014-03-29T18:00:00Z 25.000000 42.000000 8.000000 6.000000 0.300000 106.000000 1 1 1
2014-03-29T15:00:00Z 2014-03-29T17:00:00Z 23.000000 32.000000 6.000000 4.000000 0.300000 106.000000 1 1 1
2014-03-29T14:00:00Z 2014-03-29T16:00:00Z 24.000000 34.000000 4.000000 4.000000 0.200000 105.000000 1 1 1
2014-03-29T13:00:00Z 2014-03-29T15:00:00Z 24.000000 43.000000 5.000000 5.000000 0.300000 98.000000 1 1 1
2014-03-29T12:00:00Z 2014-03-29T14:00:00Z 22.000000 38.000000 6.000000 5.000000 0.200000 92.000000 1 1 1
2014-03-29T11:00:00Z 2014-03-29T13:00:00Z 24.000000 47.000000 8.000000 5.000000 0.300000 81.000000 1 1 1
2014-03-29T10:00:00Z 2014-03-29T12:00:00Z 24.000000 59.000000 9.000000 5.000000 0.300000 72.000000 1 1 1
2014-03-29T09:00:00Z 2014-03-29T11:00:00Z 28.000000 66.000000 16.000000 7.000000 0.200000 55.000000 1 1 1
2014-03-29T08:00:00Z 2014-03-29T10:00:00Z 25.000000 59.000000 28.000000 8.000000 0.300000 38.000000 1 1 1
2014-03-29T07:00:00Z 2014-03-29T09:00:00Z 26.000000 59.000000 33.000000 9.000000 0.300000 29.000000 1 1 1
2014-03-29T06:00:00Z 2014-03-29T08:00:00Z 23.000000 44.000000 31.000000 10.000000 0.300000 30.000000 1 1 1
2014-03-29T05:00:00Z 2014-03-29T07:00:00Z 22.000000 44.000000 38.000000 9.000000 0.200000 27.000000 1 1 1
2014-03-29T04:00:00Z 2014-03-29T06:00:00Z 21.000000 30.000000 26.000000 8.000000 0.200000 39.000000 1 1 1
2014-03-29T03:00:00Z 2014-03-29T05:00:00Z 5.000000 9.000000 31.000000 11.000000 0.300000 37.000000 1 1 1
2014-03-22T16:00:00Z 2014-03-22T18:00:00Z 16.000000 56.000000 18.000000 2.000000 0.300000 98.000000 1 1 1
2014-03-22T15:00:00Z 2014-03-22T17:00:00Z 19.000000 60.000000 15.000000 7.000000 0.400000 95.000000 1 1 1
2014-03-22T14:00:00Z 2014-03-22T16:00:00Z 15.000000 52.000000 13.000000 6.000000 0.400000 93.000000 1 1 1
2014-03-22T13:00:00Z 2014-03-22T15:00:00Z 24.000000 53.000000 20.000000 8.000000 0.400000 86.000000 1 1 1
2014-03-21T18:00:00Z 2014-03-21T20:00:00Z 28.000000 100.000000 44.000000 6.000000 0.400000 76.000000 1 2 1
2014-03-21T17:00:00Z 2014-03-21T19:00:00Z 24.000000 84.000000 35.000000 3.000000 0.400000 80.000000 1 2 1
2014-03-21T16:00:00Z 2014-03-21T18:00:00Z 23.000000 86.000000 28.000000 3.000000 0.400000 90.000000 1 1 1
2014-03-21T15:00:00Z 2014-03-21T17:00:00Z 23.000000 58.000000 23.000000 4.000000 0.400000 100.000000 1 1 1
2014-03-21T14:00:00Z 2014-03-21T16:00:00Z 21.000000 50.000000 21.000000 4.000000 0.400000 88.000000 1 1 1
2014-03-21T13:00:00Z 2014-03-21T15:00:00Z 27.000000 52.000000 38.000000 7.000000 0.500000 72.000000 1 1 1
2014-03-21T12:00:00Z 2014-03-21T14:00:00Z 20.000000 41.000000 57.000000 9.000000 0.700000 42.000000 1 1 1
2014-03-21T11:00:00Z 2014-03-21T13:00:00Z 26.000000 49.000000 62.000000 17.000000 0.800000 25.000000 1 1 1
2014-03-21T10:00:00Z 2014-03-21T12:00:00Z 24.000000 54.000000 58.000000 24.000000 0.900000 19.000000 1 1 1
2014-03-21T09:00:00Z 2014-03-21T11:00:00Z 28.000000 68.000000 62.000000 30.000000 0.900000 14.000000 1 1 1
2014-03-21T07:00:00Z 2014-03-21T09:00:00Z 23.000000 100.000000 79.000000 23.000000 0.900000 2.000000 1 1 1
2014-03-21T06:00:00Z 2014-03-21T08:00:00Z 21.000000 86.000000 78.000000 21.000000 0.800000 2.000000 1 2 1
2014-03-21T05:00:00Z 2014-03-21T07:00:00Z 29.000000 109.000000 79.000000 23.000000 0.600000 2.000000 1 1 1
2014-03-21T04:00:00Z 2014-03-21T06:00:00Z 13.000000 33.000000 61.000000 16.000000 0.500000 9.000000 1 1 1
2014-03-21T03:00:00Z 2014-03-21T05:00:00Z 14.000000 31.000000 54.000000 4.000000 0.400000 18.000000 1 1 1
2014-03-21T02:00:00Z 2014-03-21T04:00:00Z 10.000000 28.000000 44.000000 2.000000 0.300000 31.000000 1 1 1
2014-03-21T01:00:00Z 2014-03-21T03:00:00Z 8.000000 22.000000 22.000000 2.000000 0.300000 57.000000 1 1 1
2014-03-21T00:00:00Z 2014-03-21T02:00:00Z 9.000000 23.000000 19.000000 2.000000 0.300000 61.000000 1 1 1
2014-03-20T23:00:00Z 2014-03-21T01:00:00Z 10.000000 28.000000 32.000000 2.000000 0.400000 48.000000 1 1 1
2014-03-20T22:00:00Z 2014-03-21T00:00:00Z 9.000000 28.000000 39.000000 2.000000 0.400000 41.000000 1 1 1
2014-03-20T21:00:00Z 2014-03-20T23:00:00Z 15.000000 38.000000 51.000000 2.000000 0.500000 33.000000 1 1 1
2014-03-20T20:00:00Z 2014-03-20T22:00:00Z 20.000000 37.000000 51.000000 2.000000 0.600000 32.000000 1 1 1
2014-03-20T19:00:00Z 2014-03-20T21:00:00Z 9.000000 27.000000 26.000000 2.000000 0.400000 63.000000 1 1 1
2014-03-20T18:00:00Z 2014-03-20T20:00:00Z 12.000000 31.000000 16.000000 3.000000 0.400000 79.000000 1 1 1
2014-03-20T17:00:00Z 2014-03-20T19:00:00Z 11.000000 29.000000 9.000000 2.000000 0.300000 88.000000 1 1 1
2014-03-20T16:00:00Z 2014-03-20T18:00:00Z 14.000000 36.000000 8.000000 3.000000 0.300000 90.000000 1 1 1
2014-03-20T15:00:00Z 2014-03-20T17:00:00Z 15.000000 42.000000 9.000000 3.000000 0.300000 89.000000 1 1 1
2014-03-20T14:00:00Z 2014-03-20T16:00:00Z 13.000000 41.000000 9.000000 4.000000 0.300000 87.000000 1 1 1
2014-03-20T13:00:00Z 2014-03-20T15:00:00Z 17.000000 36.000000 9.000000 4.000000 0.300000 84.000000 1 1 1
2014-03-20T12:00:00Z 2014-03-20T14:00:00Z 10.000000 29.000000 10.000000 6.000000 0.400000 77.000000 1 1 1
2014-03-20T11:00:00Z 2014-03-20T13:00:00Z 15.000000 26.000000 12.000000 6.000000 0.300000 71.000000 1 1 1
2014-03-20T10:00:00Z 2014-03-20T12:00:00Z 12.000000 29.000000 15.000000 9.000000 0.400000 65.000000 1 1 1
2014-03-20T09:00:00Z 2014-03-20T11:00:00Z 10.000000 30.000000 21.000000 9.000000 0.400000 55.000000 1 1 1
2014-03-20T08:00:00Z 2014-03-20T10:00:00Z 11.000000 34.000000 40.000000 12.000000 0.500000 34.000000 1 1 1
2014-03-20T07:00:00Z 2014-03-20T09:00:00Z 13.000000 16.000000 35.000000 11.000000 0.400000 36.000000 1 1 1
2014-03-20T06:00:00Z 2014-03-20T08:00:00Z 11.000000 20.000000 28.000000 7.000000 0.300000 46.000000 1 1 1
2014-03-20T05:00:00Z 2014-03-20T07:00:00Z 9.000000 24.000000 37.000000 5.000000 0.300000 37.000000 1 1 1
2014-03-20T04:00:00Z 2014-03-20T06:00:00Z 5.000000 16.000000 33.000000 2.000000 0.300000 40.000000 1 1 1
2014-03-20T03:00:00Z 2014-03-20T05:00:00Z 8.000000 16.000000 22.000000 2.000000 0.300000 55.000000 1 1 1
2014-03-20T02:00:00Z 2014-03-20T04:00:00Z 6.000000 19.000000 16.000000 2.000000 0.300000 61.000000 1 1 1
2014-03-20T01:00:00Z 2014-03-20T03:00:00Z 8.000000 23.000000 12.000000 2.000000 0.300000 67.000000 1 1 1
2014-03-20T00:00:00Z 2014-03-20T02:00:00Z 9.000000 51.000000 7.000000 2.000000 0.300000 75.000000 1 1 1
2014-03-19T23:00:00Z 2014-03-20T01:00:00Z 16.000000 138.000000 8.000000 2.000000 0.300000 76.000000 1 1 1
2014-03-19T22:00:00Z 2014-03-20T00:00:00Z 17.000000 174.000000 9.000000 2.000000 0.300000 76.000000 1 1 1
2014-03-19T21:00:00Z 2014-03-19T23:00:00Z 14.000000 97.000000 15.000000 2.000000 0.300000 72.000000 1 1 1
2014-03-19T20:00:00Z 2014-03-19T22:00:00Z 23.000000 147.000000 16.000000 2.000000 0.400000 72.000000 1 1 1
2014-03-19T00:00:00Z 2014-03-19T02:00:00Z 35.000000 86.000000 55.000000 9.000000 0.500000 33.000000 1 2 1
2014-03-18T23:00:00Z 2014-03-19T01:00:00Z 30.000000 86.000000 39.000000 10.000000 0.500000 52.000000 1 2 1
2014-03-18T12:00:00Z 2014-03-18T14:00:00Z 34.000000 112.000000 35.000000 12.000000 0.500000 73.000000 1 2 1
2014-03-18T11:00:00Z 2014-03-18T13:00:00Z 19.000000 57.000000 24.000000 4.000000 0.300000 82.000000 1 2 1
2014-03-18T10:00:00Z 2014-03-18T12:00:00Z 18.000000 69.000000 36.000000 8.000000 0.400000 58.000000 1 1 1
2014-03-18T09:00:00Z 2014-03-18T11:00:00Z 27.000000 88.000000 58.000000 13.000000 0.500000 33.000000 1 1 1
2014-03-18T08:00:00Z 2014-03-18T10:00:00Z 22.000000 78.000000 61.000000 10.000000 0.500000 27.000000 1 1 1
2014-03-18T07:00:00Z 2014-03-18T09:00:00Z 15.000000 68.000000 63.000000 6.000000 0.400000 24.000000 1 1 1
2014-03-18T06:00:00Z 2014-03-18T08:00:00Z 14.000000 75.000000 50.000000 6.000000 0.300000 33.000000 1 1 1
2014-03-18T05:00:00Z 2014-03-18T07:00:00Z 16.000000 73.000000 40.000000 6.000000 0.300000 42.000000 1 1 1
2014-03-18T03:00:00Z 2014-03-18T05:00:00Z 19.000000 95.000000 57.000000 10.000000 0.400000 19.000000 1 1 1
2014-03-18T01:00:00Z 2014-03-18T03:00:00Z 20.000000 81.000000 30.000000 14.000000 0.400000 47.000000 1 1 1
2014-03-17T23:00:00Z 2014-03-18T01:00:00Z 18.000000 94.000000 31.000000 9.000000 0.400000 51.000000 1 1 1
2014-03-17T21:00:00Z 2014-03-17T23:00:00Z 23.000000 138.000000 39.000000 7.000000 0.400000 41.000000 1 1 1
2014-03-17T20:00:00Z 2014-03-17T22:00:00Z 25.000000 171.000000 33.000000 6.000000 0.400000 46.000000 1 1 1
2014-03-17T19:00:00Z 2014-03-17T21:00:00Z 23.000000 187.000000 22.000000 5.000000 0.300000 61.000000 1 1 1
2014-03-17T18:00:00Z 2014-03-17T20:00:00Z 24.000000 247.000000 14.000000 4.000000 0.300000 71.000000 1 1 1
2014-03-17T17:00:00Z 2014-03-17T19:00:00Z 27.000000 381.000000 11.000000 5.000000 0.300000 75.000000 1 1 1
2014-03-17T16:00:00Z 2014-03-17T18:00:00Z 25.000000 253.000000 10.000000 6.000000 0.300000 78.000000 1 1 1
2014-03-17T15:00:00Z 2014-03-17T17:00:00Z 34.000000 272.000000 10.000000 8.000000 0.300000 80.000000 1 1 1
2014-03-14T19:00:00Z 2014-03-14T21:00:00Z 32.000000 98.000000 36.000000 10.000000 0.500000 68.000000 1 2 1
2014-03-14T18:00:00Z 2014-03-14T20:00:00Z 29.000000 126.000000 28.000000 8.000000 0.400000 81.000000 1 2 1
2014-03-14T16:00:00Z 2014-03-14T18:00:00Z 20.000000 78.000000 26.000000 5.000000 0.400000 77.000000 1 1 1
2014-03-14T14:00:00Z 2014-03-14T16:00:00Z 18.000000 48.000000 18.000000 8.000000 0.400000 85.000000 1 1 1
2014-03-14T13:00:00Z 2014-03-14T15:00:00Z 16.000000 36.000000 24.000000 8.000000 0.400000 68.000000 1 1 1
2014-03-14T12:00:00Z 2014-03-14T14:00:00Z 6.000000 13.000000 25.000000 13.000000 0.500000 60.000000 1 1 1
2014-03-14T10:00:00Z 2014-03-14T12:00:00Z 11.000000 32.000000 19.000000 13.000000 0.500000 62.000000 1 1 1
2014-03-14T08:00:00Z 2014-03-14T10:00:00Z 14.000000 40.000000 43.000000 26.000000 0.600000 33.000000 1 1 1
2014-03-14T07:00:00Z 2014-03-14T09:00:00Z 8.000000 33.000000 37.000000 22.000000 0.500000 37.000000 1 1 1
2014-03-14T06:00:00Z 2014-03-14T08:00:00Z 12.000000 35.000000 33.000000 14.000000 0.400000 41.000000 1 1 1
2014-03-14T05:00:00Z 2014-03-14T07:00:00Z 10.000000 51.000000 21.000000 10.000000 0.400000 55.000000 1 1 1
2014-03-14T04:00:00Z 2014-03-14T06:00:00Z 14.000000 58.000000 21.000000 6.000000 0.400000 56.000000 1 1 1
2014-03-14T03:00:00Z 2014-03-14T05:00:00Z 8.000000 75.000000 18.000000 6.000000 0.400000 60.000000 1 1 1
2014-03-14T02:00:00Z 2014-03-14T04:00:00Z 15.000000 105.000000 18.000000 7.000000 0.400000 59.000000 1 1 1
2014-03-14T01:00:00Z 2014-03-14T03:00:00Z 20.000000 178.000000 15.000000 5.000000 0.400000 60.000000 1 1 1
2014-03-14T00:00:00Z 2014-03-14T02:00:00Z 23.000000 277.000000 12.000000 3.000000 0.400000 64.000000 1 1 1
2014-03-13T22:00:00Z 2014-03-14T00:00:00Z 27.000000 390.000000 12.000000 2.000000 0.400000 72.000000 1 1 1
2014-03-13T20:00:00Z 2014-03-13T22:00:00Z 35.000000 116.000000 54.000000 15.000000 0.700000 39.000000 1 1 1
2014-03-13T19:00:00Z 2014-03-13T21:00:00Z 30.000000 110.000000 38.000000 11.000000 0.500000 59.000000 1 2 1
2014-03-13T18:00:00Z 2014-03-13T20:00:00Z 22.000000 98.000000 29.000000 8.000000 0.500000 68.000000 1 1 1
2014-03-13T16:00:00Z 2014-03-13T18:00:00Z 20.000000 71.000000 23.000000 6.000000 0.400000 79.000000 1 1 1
2014-03-13T14:00:00Z 2014-03-13T16:00:00Z 24.000000 43.000000 28.000000 11.000000 0.500000 67.000000 1 1 1
2014-03-13T13:00:00Z 2014-03-13T15:00:00Z 15.000000 22.000000 31.000000 11.000000 0.600000 57.000000 1 1 1
2014-03-13T12:00:00Z 2014-03-13T14:00:00Z 11.000000 17.000000 29.000000 14.000000 0.600000 57.000000 1 1 1
2014-03-13T11:00:00Z 2014-03-13T13:00:00Z 21.000000 31.000000 38.000000 18.000000 0.700000 46.000000 1 1 1
2014-03-13T10:00:00Z 2014-03-13T12:00:00Z 28.000000 47.000000 49.000000 30.000000 0.900000 30.000000 1 1 1
2014-03-13T09:00:00Z 2014-03-13T11:00:00Z 27.000000 50.000000 62.000000 35.000000 1.000000 16.000000 1 1 1
2014-03-11T23:00:00Z 2014-03-12T01:00:00Z 12.000000 59.000000 19.000000 12.000000 0.300000 62.000000 1 1 1
2014-03-11T22:00:00Z 2014-03-12T00:00:00Z 13.000000 91.000000 26.000000 7.000000 0.400000 52.000000 1 1 1
2014-03-10T04:00:00Z 2014-03-10T06:00:00Z 19.000000 31.000000 45.000000 18.000000 0.800000 2.000000 1 2 1
2014-03-10T03:00:00Z 2014-03-10T05:00:00Z 18.000000 26.000000 43.000000 14.000000 0.600000 2.000000 1 1 1
2014-03-10T02:00:00Z 2014-03-10T04:00:00Z 22.000000 31.000000 51.000000 16.000000 0.800000 2.000000 1 1 1
2014-03-07T17:00:00Z 2014-03-07T19:00:00Z 32.000000 50.000000 51.000000 12.000000 0.700000 42.000000 1 2 1
2014-03-07T16:00:00Z 2014-03-07T18:00:00Z 21.000000 30.000000 30.000000 9.000000 0.600000 58.000000 1 2 1
2014-03-07T15:00:00Z 2014-03-07T17:00:00Z 16.000000 19.000000 18.000000 6.000000 0.500000 67.000000 1 1 1
2014-03-07T14:00:00Z 2014-03-07T16:00:00Z 6.000000 10.000000 14.000000 6.000000 0.500000 73.000000 1 1 1
2014-03-07T13:00:00Z 2014-03-07T15:00:00Z 12.000000 17.000000 20.000000 8.000000 0.500000 65.000000 1 1 1
2014-03-07T12:00:00Z 2014-03-07T14:00:00Z 24.000000 30.000000 25.000000 12.000000 0.700000 58.000000 1 1 1
2014-03-04T19:00:00Z 2014-03-04T21:00:00Z 3.000000 28.000000 23.000000 12.000000 0.500000 58.000000 1 1 0
2014-03-04T18:00:00Z 2014-03-04T20:00:00Z 4.000000 27.000000 18.000000 12.000000 0.400000 65.000000 1 1 0
2014-03-04T17:00:00Z 2014-03-04T19:00:00Z 12.000000 20.000000 12.000000 6.000000 0.400000 74.000000 1 1 0
2014-03-04T16:00:00Z 2014-03-04T18:00:00Z 8.000000 16.000000 10.000000 6.000000 0.400000 77.000000 1 1 0
2014-03-04T15:00:00Z 2014-03-04T17:00:00Z 7.000000 11.000000 9.000000 7.000000 0.400000 78.000000 1 1 0
2014-03-04T14:00:00Z 2014-03-04T16:00:00Z 7.000000 21.000000 9.000000 7.000000 0.400000 78.000000 1 1 0
2014-03-04T13:00:00Z 2014-03-04T15:00:00Z 9.000000 16.000000 9.000000 8.000000 0.400000 74.000000 1 1 0
2014-03-04T12:00:00Z 2014-03-04T14:00:00Z 3.000000 5.000000 11.000000 7.000000 0.400000 69.000000 1 1 0
2014-03-04T08:00:00Z 2014-03-04T10:00:00Z 3.000000 5.000000 43.000000 20.000000 0.600000 27.000000 1 1 0
2014-03-01T18:00:00Z 2014-03-01T20:00:00Z 34.000000 63.000000 35.000000 12.000000 0.600000 76.000000 1 2 0
2014-03-01T17:00:00Z 2014-03-01T19:00:00Z 20.000000 34.000000 16.000000 10.000000 0.400000 82.000000 1 2 0
2014-03-01T16:00:00Z 2014-03-01T18:00:00Z 3.000000 9.000000 11.000000 8.000000 0.400000 81.000000 1 1 0
2014-03-01T15:00:00Z 2014-03-01T17:00:00Z 3.000000 11.000000 12.000000 10.000000 0.400000 76.000000 1 1 0
2014-03-01T14:00:00Z 2014-03-01T16:00:00Z 3.000000 5.000000 12.000000 8.000000 0.400000 74.000000 1 1 0
2014-03-01T13:00:00Z 2014-03-01T15:00:00Z 3.000000 10.000000 17.000000 14.000000 0.500000 67.000000 1 1 0
2014-03-01T12:00:00Z 2014-03-01T14:00:00Z 5.000000 14.000000 24.000000 21.000000 0.600000 55.000000 1 1 0
2014-03-01T11:00:00Z 2014-03-01T13:00:00Z 10.000000 16.000000 26.000000 29.000000 0.700000 48.000000 1 1 0
2014-03-01T10:00:00Z 2014-03-01T12:00:00Z 31.000000 33.000000 43.000000 52.000000 1.100000 29.000000 1 1 0
2014-02-27T22:00:00Z 2014-02-28T00:00:00Z 34.000000 45.000000 85.000000 14.000000 1.100000 2.000000 1 1 1
2014-02-19T19:00:00Z 2014-02-19T21:00:00Z 31.000000 48.000000 62.000000 15.000000 0.700000 20.000000 1 3 1
2014-02-19T18:00:00Z 2014-02-19T20:00:00Z 24.000000 33.000000 48.000000 14.000000 0.600000 34.000000 1 2 1
2014-02-19T10:00:00Z 2014-02-19T12:00:00Z 32.000000 33.000000 33.000000 40.000000 1.000000 35.000000 1 1 1
2014-02-18T00:00:00Z 2014-02-18T02:00:00Z 32.000000 42.000000 41.000000 21.000000 0.700000 28.000000 1 2 1
2014-02-10T19:00:00Z 2014-02-10T21:00:00Z 31.000000 34.000000 48.000000 18.000000 0.800000 41.000000 1 2 1
2014-02-10T18:00:00Z 2014-02-10T20:00:00Z 22.000000 25.000000 32.000000 11.000000 0.600000 57.000000 1 2 1
2014-02-10T13:00:00Z 2014-02-10T15:00:00Z 15.000000 20.000000 26.000000 22.000000 0.600000 51.000000 1 1 1
2014-02-10T12:00:00Z 2014-02-10T14:00:00Z 14.000000 14.000000 24.000000 25.000000 0.600000 49.000000 1 1 1
2014-02-10T11:00:00Z 2014-02-10T13:00:00Z 16.000000 16.000000 26.000000 26.000000 0.600000 44.000000 1 1 1
2014-02-10T10:00:00Z 2014-02-10T12:00:00Z 11.000000 13.000000 25.000000 20.000000 0.600000 44.000000 1 1 1
2014-02-10T09:00:00Z 2014-02-10T11:00:00Z 8.000000 15.000000 36.000000 18.000000 0.600000 31.000000 1 1 1
2014-02-10T08:00:00Z 2014-02-10T10:00:00Z 12.000000 14.000000 40.000000 15.000000 0.600000 25.000000 1 1 1
2014-02-10T01:00:00Z 2014-02-10T03:00:00Z 5.000000 6.000000 10.000000 9.000000 0.400000 59.000000 1 1 1
2014-02-09T23:00:00Z 2014-02-10T01:00:00Z 16.000000 16.000000 32.000000 27.000000 0.600000 37.000000 1 1 1
2014-02-09T22:00:00Z 2014-02-10T00:00:00Z 13.000000 24.000000 33.000000 35.000000 0.600000 36.000000 1 1 1
2014-02-09T21:00:00Z 2014-02-09T23:00:00Z 7.000000 17.000000 25.000000 21.000000 0.600000 45.000000 1 1 1
2014-02-09T20:00:00Z 2014-02-09T22:00:00Z 12.000000 15.000000 26.000000 16.000000 0.600000 47.000000 1 1 1
2014-02-09T19:00:00Z 2014-02-09T21:00:00Z 14.000000 16.000000 26.000000 13.000000 0.600000 48.000000 1 1 1
2014-02-09T18:00:00Z 2014-02-09T20:00:00Z 8.000000 12.000000 15.000000 9.000000 0.400000 61.000000 1 1 1
2014-02-09T17:00:00Z 2014-02-09T19:00:00Z 4.000000 6.000000 12.000000 8.000000 0.400000 65.000000 1 1 1
2014-02-09T15:00:00Z 2014-02-09T17:00:00Z 3.000000 7.000000 9.000000 11.000000 0.400000 67.000000 1 1 1
2014-02-09T12:00:00Z 2014-02-09T14:00:00Z 5.000000 6.000000 9.000000 17.000000 0.400000 62.000000 1 1 1
2014-02-09T10:00:00Z 2014-02-09T12:00:00Z 10.000000 10.000000 13.000000 23.000000 0.500000 56.000000 1 1 1
2014-02-09T09:00:00Z 2014-02-09T11:00:00Z 9.000000 13.000000 20.000000 27.000000 0.500000 46.000000 1 1 1
2014-02-09T08:00:00Z 2014-02-09T10:00:00Z 7.000000 10.000000 19.000000 24.000000 0.500000 46.000000 1 1 1
2014-02-09T07:00:00Z 2014-02-09T09:00:00Z 6.000000 6.000000 15.000000 15.000000 0.400000 49.000000 1 1 1
2014-02-09T04:00:00Z 2014-02-09T06:00:00Z 5.000000 6.000000 9.000000 11.000000 0.400000 57.000000 1 1 1
2014-02-09T00:00:00Z 2014-02-09T02:00:00Z 3.000000 6.000000 8.000000 6.000000 0.400000 61.000000 1 1 1
2014-02-08T23:00:00Z 2014-02-09T01:00:00Z 3.000000 6.000000 6.000000 3.000000 0.300000 66.000000 1 1 1
2014-02-08T22:00:00Z 2014-02-09T00:00:00Z 4.000000 6.000000 6.000000 4.000000 0.300000 67.000000 1 1 1
2014-02-08T21:00:00Z 2014-02-08T23:00:00Z 6.000000 6.000000 8.000000 5.000000 0.300000 66.000000 1 1 1
2014-02-08T20:00:00Z 2014-02-08T22:00:00Z 5.000000 8.000000 12.000000 7.000000 0.400000 64.000000 1 1 1
2014-02-08T19:00:00Z 2014-02-08T21:00:00Z 5.000000 6.000000 14.000000 4.000000 0.400000 63.000000 1 1 1
2014-02-08T18:00:00Z 2014-02-08T20:00:00Z 3.000000 6.000000 11.000000 3.000000 0.300000 66.000000 1 1 1
2014-02-04T18:00:00Z 2014-02-04T20:00:00Z 29.000000 39.000000 50.000000 18.000000 0.800000 28.000000 1 2 0
2014-02-04T16:00:00Z 2014-02-04T18:00:00Z 11.000000 12.000000 24.000000 21.000000 0.500000 53.000000 1 1 0
2014-02-04T13:00:00Z 2014-02-04T15:00:00Z 5.000000 6.000000 7.000000 4.000000 0.400000 68.000000 1 1 0
2014-02-04T12:00:00Z 2014-02-04T14:00:00Z 7.000000 8.000000 7.000000 6.000000 0.400000 66.000000 1 1 0
2014-02-04T11:00:00Z 2014-02-04T13:00:00Z 5.000000 8.000000 10.000000 9.000000 0.400000 62.000000 1 1 0
2014-02-04T10:00:00Z 2014-02-04T12:00:00Z 10.000000 10.000000 16.000000 18.000000 0.500000 55.000000 1 1 0
2014-02-04T09:00:00Z 2014-02-04T11:00:00Z 11.000000 21.000000 21.000000 24.000000 0.600000 47.000000 1 1 0
2014-02-04T07:00:00Z 2014-02-04T09:00:00Z 4.000000 24.000000 14.000000 18.000000 0.500000 52.000000 1 1 0
2014-02-04T05:00:00Z 2014-02-04T07:00:00Z 3.000000 16.000000 6.000000 9.000000 0.400000 65.000000 1 1 0
2014-02-04T04:00:00Z 2014-02-04T06:00:00Z 4.000000 12.000000 7.000000 4.000000 0.400000 64.000000 1 1 0
2014-02-04T03:00:00Z 2014-02-04T05:00:00Z 3.000000 13.000000 5.000000 3.000000 0.400000 66.000000 1 1 0
2014-02-04T02:00:00Z 2014-02-04T04:00:00Z 5.000000 10.000000 5.000000 3.000000 0.400000 68.000000 1 1 0
2014-02-04T00:00:00Z 2014-02-04T02:00:00Z 3.000000 20.000000 6.000000 2.000000 0.400000 66.000000 1 1 0
2014-02-03T22:00:00Z 2014-02-04T00:00:00Z 8.000000 28.000000 15.000000 6.000000 0.400000 56.000000 1 1 0
2014-02-03T21:00:00Z 2014-02-03T23:00:00Z 9.000000 37.000000 12.000000 6.000000 0.400000 60.000000 1 1 0
2014-02-03T20:00:00Z 2014-02-03T22:00:00Z 3.000000 39.000000 11.000000 6.000000 0.400000 63.000000 1 1 0
2014-02-03T19:00:00Z 2014-02-03T21:00:00Z 3.000000 47.000000 11.000000 4.000000 0.400000 64.000000 1 1 0
2014-02-03T18:00:00Z 2014-02-03T20:00:00Z 5.000000 47.000000 7.000000 2.000000 0.300000 68.000000 1 1 0
2014-02-03T17:00:00Z 2014-02-03T19:00:00Z 4.000000 45.000000 6.000000 2.000000 0.300000 71.000000 1 1 0
2014-02-03T16:00:00Z 2014-02-03T18:00:00Z 10.000000 66.000000 5.000000 3.000000 0.300000 73.000000 1 1 0
2014-02-03T15:00:00Z 2014-02-03T17:00:00Z 8.000000 74.000000 5.000000 4.000000 0.300000 74.000000 1 1 0
2014-02-03T14:00:00Z 2014-02-03T16:00:00Z 8.000000 61.000000 4.000000 4.000000 0.300000 75.000000 1 1 0
2014-02-03T13:00:00Z 2014-02-03T15:00:00Z 4.000000 31.000000 5.000000 6.000000 0.400000 72.000000 1 1 0
2014-02-03T12:00:00Z 2014-02-03T14:00:00Z 7.000000 12.000000 5.000000 9.000000 0.400000 70.000000 1 1 0
2014-02-03T11:00:00Z 2014-02-03T13:00:00Z 3.000000 7.000000 5.000000 8.000000 0.400000 67.000000 1 1 0
2014-02-03T10:00:00Z 2014-02-03T12:00:00Z 3.000000 6.000000 6.000000 12.000000 0.400000 65.000000 1 1 0
2014-02-03T09:00:00Z 2014-02-03T11:00:00Z 4.000000 6.000000 11.000000 6.000000 0.400000 62.000000 1 1 0
2014-02-03T08:00:00Z 2014-02-03T10:00:00Z 4.000000 6.000000 12.000000 8.000000 0.400000 59.000000 1 1 0
2014-02-03T06:00:00Z 2014-02-03T08:00:00Z 3.000000 6.000000 3.000000 3.000000 0.300000 68.000000 1 1 0
2014-02-03T04:00:00Z 2014-02-03T06:00:00Z 5.000000 35.000000 4.000000 5.000000 0.300000 74.000000 1 1 0
2014-02-03T03:00:00Z 2014-02-03T05:00:00Z 6.000000 52.000000 4.000000 8.000000 0.300000 74.000000 1 1 0
2014-02-03T02:00:00Z 2014-02-03T04:00:00Z 9.000000 46.000000 7.000000 7.000000 0.400000 69.000000 1 1 0
2014-02-03T00:00:00Z 2014-02-03T02:00:00Z 3.000000 6.000000 9.000000 7.000000 0.300000 66.000000 1 1 0
2014-02-02T22:00:00Z 2014-02-03T00:00:00Z 3.000000 12.000000 12.000000 7.000000 0.300000 61.000000 1 1 0
2014-02-02T21:00:00Z 2014-02-02T23:00:00Z 7.000000 9.000000 12.000000 10.000000 0.300000 63.000000 1 1 0
2014-02-02T20:00:00Z 2014-02-02T22:00:00Z 7.000000 20.000000 11.000000 8.000000 0.400000 64.000000 1 1 0
2014-02-02T19:00:00Z 2014-02-02T21:00:00Z 11.000000 21.000000 12.000000 10.000000 0.400000 64.000000 1 1 0
2014-02-02T18:00:00Z 2014-02-02T20:00:00Z 3.000000 39.000000 12.000000 7.000000 0.300000 63.000000 1 1 0
2014-02-02T17:00:00Z 2014-02-02T19:00:00Z 13.000000 54.000000 9.000000 6.000000 0.300000 68.000000 1 1 0
2014-02-02T16:00:00Z 2014-02-02T18:00:00Z 13.000000 76.000000 9.000000 8.000000 0.300000 70.000000 1 1 0
2014-02-02T15:00:00Z 2014-02-02T17:00:00Z 21.000000 105.000000 9.000000 13.000000 0.400000 75.000000 1 1 0
2014-02-02T14:00:00Z 2014-02-02T16:00:00Z 15.000000 77.000000 8.000000 8.000000 0.300000 74.000000 1 1 0
2014-02-02T13:00:00Z 2014-02-02T15:00:00Z 11.000000 65.000000 9.000000 6.000000 0.300000 73.000000 1 1 0
2014-02-02T12:00:00Z 2014-02-02T14:00:00Z 13.000000 112.000000 9.000000 6.000000 0.400000 73.000000 1 1 0
2014-02-02T11:00:00Z 2014-02-02T13:00:00Z 15.000000 179.000000 8.000000 7.000000 0.400000 71.000000 1 1 0
2014-02-02T10:00:00Z 2014-02-02T12:00:00Z 34.000000 73.000000 17.000000 15.000000 0.600000 59.000000 1 1 0
2014-01-30T18:00:00Z 2014-01-30T20:00:00Z 31.000000 52.000000 38.000000 18.000000 0.700000 54.000000 1 3 1
2014-01-30T17:00:00Z 2014-01-30T19:00:00Z 22.000000 40.000000 33.000000 16.000000 0.600000 57.000000 1 2 1
2014-01-30T16:00:00Z 2014-01-30T18:00:00Z 15.000000 26.000000 30.000000 12.000000 0.600000 58.000000 1 1 1
2014-01-30T15:00:00Z 2014-01-30T17:00:00Z 17.000000 21.000000 22.000000 12.000000 0.500000 64.000000 1 1 1
2014-01-30T14:00:00Z 2014-01-30T16:00:00Z 16.000000 16.000000 16.000000 12.000000 0.500000 70.000000 1 1 1
2014-01-30T11:00:00Z 2014-01-30T13:00:00Z 16.000000 20.000000 22.000000 14.000000 0.600000 56.000000 1 1 1
2014-01-30T10:00:00Z 2014-01-30T12:00:00Z 12.000000 22.000000 23.000000 13.000000 0.600000 53.000000 1 1 1
2014-01-30T09:00:00Z 2014-01-30T11:00:00Z 12.000000 22.000000 40.000000 24.000000 0.600000 33.000000 1 1 1
2014-01-30T08:00:00Z 2014-01-30T10:00:00Z 11.000000 18.000000 48.000000 18.000000 0.600000 23.000000 1 1 1
2014-01-30T07:00:00Z 2014-01-30T09:00:00Z 12.000000 13.000000 26.000000 17.000000 0.600000 48.000000 1 1 1
2014-01-30T06:00:00Z 2014-01-30T08:00:00Z 18.000000 19.000000 18.000000 18.000000 0.600000 54.000000 1 1 1
2014-01-30T05:00:00Z 2014-01-30T07:00:00Z 31.000000 32.000000 25.000000 25.000000 0.900000 46.000000 1 1 1
2014-01-28T11:00:00Z 2014-01-28T13:00:00Z 17.000000 17.000000 46.000000 20.000000 0.800000 27.000000 1 2 1
2014-01-28T10:00:00Z 2014-01-28T12:00:00Z 19.000000 30.000000 65.000000 33.000000 1.300000 5.000000 1 2 1
2014-01-28T09:00:00Z 2014-01-28T11:00:00Z 20.000000 46.000000 74.000000 19.000000 1.100000 1.000000 1 1 1
2014-01-28T08:00:00Z 2014-01-28T10:00:00Z 18.000000 30.000000 88.000000 14.000000 0.800000 1.000000 1 1 1
2014-01-28T06:00:00Z 2014-01-28T08:00:00Z 14.000000 15.000000 32.000000 22.000000 0.700000 33.000000 1 1 1
2014-01-28T04:00:00Z 2014-01-28T06:00:00Z 6.000000 10.000000 22.000000 18.000000 0.500000 44.000000 1 1 1
2014-01-28T03:00:00Z 2014-01-28T05:00:00Z 6.000000 13.000000 13.000000 11.000000 0.500000 54.000000 1 1 1
2014-01-28T02:00:00Z 2014-01-28T04:00:00Z 8.000000 13.000000 16.000000 11.000000 0.400000 53.000000 1 1 1
2014-01-28T01:00:00Z 2014-01-28T03:00:00Z 4.000000 13.000000 22.000000 14.000000 0.400000 48.000000 1 1 1
2014-01-28T00:00:00Z 2014-01-28T02:00:00Z 5.000000 12.000000 22.000000 11.000000 0.400000 49.000000 1 1 1
2014-01-27T19:00:00Z 2014-01-27T21:00:00Z 14.000000 95.000000 27.000000 11.000000 0.500000 53.000000 1 1 1
2014-01-27T18:00:00Z 2014-01-27T20:00:00Z 15.000000 94.000000 24.000000 6.000000 0.500000 59.000000 1 1 1
2014-01-26T13:00:00Z 2014-01-26T15:00:00Z 29.000000 52.000000 17.000000 44.000000 0.500000 57.000000 1 2 1
2014-01-26T12:00:00Z 2014-01-26T14:00:00Z 24.000000 50.000000 16.000000 44.000000 0.400000 56.000000 1 2 1
2014-01-26T11:00:00Z 2014-01-26T13:00:00Z 24.000000 58.000000 22.000000 49.000000 0.400000 46.000000 1 1 1
2014-01-26T10:00:00Z 2014-01-26T12:00:00Z 24.000000 53.000000 28.000000 42.000000 0.500000 40.000000 1 1 1
2014-01-26T09:00:00Z 2014-01-26T11:00:00Z 21.000000 52.000000 34.000000 33.000000 0.600000 30.000000 1 1 1
2014-01-26T08:00:00Z 2014-01-26T10:00:00Z 17.000000 47.000000 38.000000 21.000000 0.500000 28.000000 1 1 1
2014-01-26T07:00:00Z 2014-01-26T09:00:00Z 16.000000 44.000000 27.000000 21.000000 0.400000 35.000000 1 1 1
2014-01-26T06:00:00Z 2014-01-26T08:00:00Z 19.000000 51.000000 16.000000 17.000000 0.500000 43.000000 1 1 1
2014-01-26T05:00:00Z 2014-01-26T07:00:00Z 19.000000 44.000000 15.000000 18.000000 0.700000 46.000000 1 1 1
2014-01-26T04:00:00Z 2014-01-26T06:00:00Z 20.000000 43.000000 15.000000 20.000000 0.500000 47.000000 1 1 1
2014-01-26T03:00:00Z 2014-01-26T05:00:00Z 25.000000 51.000000 26.000000 24.000000 0.600000 34.000000 1 1 1
2014-01-26T02:00:00Z 2014-01-26T04:00:00Z 27.000000 69.000000 40.000000 20.000000 0.900000 19.000000 1 1 1
2014-01-26T01:00:00Z 2014-01-26T03:00:00Z 19.000000 56.000000 28.000000 18.000000 0.400000 34.000000 1 1 1
2014-01-26T00:00:00Z 2014-01-26T02:00:00Z 32.000000 71.000000 39.000000 24.000000 0.600000 25.000000 1 1 1
2014-01-25T10:00:00Z 2014-01-25T12:00:00Z 15.000000 29.000000 22.000000 20.000000 0.600000 50.000000 1 1 1
2014-01-25T09:00:00Z 2014-01-25T11:00:00Z 8.000000 14.000000 17.000000 14.000000 0.400000 54.000000 1 1 1
2014-01-25T08:00:00Z 2014-01-25T10:00:00Z 7.000000 14.000000 10.000000 12.000000 0.300000 58.000000 1 1 1
2014-01-25T07:00:00Z 2014-01-25T09:00:00Z 6.000000 31.000000 6.000000 9.000000 0.400000 64.000000 1 1 1
2014-01-25T06:00:00Z 2014-01-25T08:00:00Z 12.000000 13.000000 26.000000 30.000000 0.500000 40.000000 1 1 1
2014-01-24T21:00:00Z 2014-01-24T23:00:00Z 35.000000 45.000000 55.000000 34.000000 0.900000 16.000000 1 2 1
2014-01-24T18:00:00Z 2014-01-24T20:00:00Z 30.000000 35.000000 58.000000 23.000000 0.800000 13.000000 1 2 1
2014-01-21T14:00:00Z 2014-01-21T16:00:00Z 34.000000 39.000000 50.000000 31.000000 1.000000 25.000000 1 2 1
2014-01-21T13:00:00Z 2014-01-21T15:00:00Z 23.000000 24.000000 36.000000 27.000000 0.800000 28.000000 1 2 1
2014-01-21T11:00:00Z 2014-01-21T13:00:00Z 23.000000 29.000000 18.000000 28.000000 0.700000 38.000000 1 1 1
2014-01-21T09:00:00Z 2014-01-21T11:00:00Z 19.000000 35.000000 44.000000 38.000000 0.800000 11.000000 1 1 1
2014-01-21T08:00:00Z 2014-01-21T10:00:00Z 19.000000 29.000000 46.000000 35.000000 0.700000 7.000000 1 1 1
2014-01-21T07:00:00Z 2014-01-21T09:00:00Z 17.000000 22.000000 24.000000 32.000000 0.600000 25.000000 1 1 1
2014-01-21T06:00:00Z 2014-01-21T08:00:00Z 14.000000 21.000000 22.000000 27.000000 0.500000 28.000000 1 1 1
2014-01-21T05:00:00Z 2014-01-21T07:00:00Z 14.000000 20.000000 18.000000 26.000000 0.500000 28.000000 1 1 1
2014-01-21T03:00:00Z 2014-01-21T05:00:00Z 10.000000 16.000000 6.000000 8.000000 0.400000 41.000000 1 1 1
2014-01-20T08:00:00Z 2014-01-20T10:00:00Z 7.000000 20.000000 16.000000 12.000000 0.500000 39.000000 1 1 1
2014-01-20T07:00:00Z 2014-01-20T09:00:00Z 7.000000 19.000000 6.000000 11.000000 0.400000 48.000000 1 1 1
2014-01-20T06:00:00Z 2014-01-20T08:00:00Z 6.000000 10.000000 3.000000 8.000000 0.400000 54.000000 1 1 1
2014-01-20T05:00:00Z 2014-01-20T07:00:00Z 3.000000 11.000000 8.000000 8.000000 0.400000 49.000000 1 1 1
2014-01-20T04:00:00Z 2014-01-20T06:00:00Z 5.000000 21.000000 7.000000 5.000000 0.400000 49.000000 1 1 1
2014-01-20T03:00:00Z 2014-01-20T05:00:00Z 6.000000 49.000000 6.000000 5.000000 0.400000 51.000000 1 1 1
2014-01-20T02:00:00Z 2014-01-20T04:00:00Z 9.000000 81.000000 4.000000 7.000000 0.400000 54.000000 1 1 1
2014-01-20T01:00:00Z 2014-01-20T03:00:00Z 11.000000 123.000000 2.000000 8.000000 0.400000 56.000000 1 1 1
2014-01-20T00:00:00Z 2014-01-20T02:00:00Z 16.000000 191.000000 1.000000 8.000000 0.400000 58.000000 1 1 1
2014-01-19T23:00:00Z 2014-01-20T01:00:00Z 16.000000 228.000000 2.000000 9.000000 0.400000 59.000000 1 1 1
2014-01-19T22:00:00Z 2014-01-20T00:00:00Z 20.000000 321.000000 3.000000 8.000000 0.400000 59.000000 1 1 1
2014-01-19T21:00:00Z 2014-01-19T23:00:00Z 19.000000 327.000000 3.000000 7.000000 0.500000 59.000000 1 1 1
2014-01-19T20:00:00Z 2014-01-19T22:00:00Z 27.000000 461.000000 8.000000 10.000000 0.500000 60.000000 1 1 1
2014-01-18T12:00:00Z 2014-01-18T14:00:00Z 35.000000 60.000000 43.000000 55.000000 1.100000 26.000000 1 4 1
2014-01-18T09:00:00Z 2014-01-18T11:00:00Z 35.000000 87.000000 65.000000 62.000000 1.300000 1.000000 1 2 1
2014-01-18T08:00:00Z 2014-01-18T10:00:00Z 28.000000 68.000000 64.000000 57.000000 1.100000 1.000000 1 2 1
2014-01-18T07:00:00Z 2014-01-18T09:00:00Z 19.000000 32.000000 50.000000 50.000000 0.800000 5.000000 1 1 1
2014-01-18T06:00:00Z 2014-01-18T08:00:00Z 15.000000 37.000000 53.000000 41.000000 0.700000 1.000000 1 1 1
2014-01-18T05:00:00Z 2014-01-18T07:00:00Z 14.000000 28.000000 34.000000 35.000000 0.700000 16.000000 1 1 1
2014-01-18T03:00:00Z 2014-01-18T05:00:00Z 14.000000 29.000000 30.000000 20.000000 0.600000 15.000000 1 1 1
2014-01-18T02:00:00Z 2014-01-18T04:00:00Z 17.000000 32.000000 40.000000 18.000000 0.700000 11.000000 1 1 1
2014-01-18T01:00:00Z 2014-01-18T03:00:00Z 20.000000 24.000000 52.000000 29.000000 0.800000 7.000000 1 1 1
2014-01-17T18:00:00Z 2014-01-17T20:00:00Z 11.000000 25.000000 30.000000 17.000000 0.600000 37.000000 1 3 1
2014-01-17T17:00:00Z 2014-01-17T19:00:00Z 8.000000 19.000000 13.000000 12.000000 0.500000 56.000000 1 3 1
2014-01-17T15:00:00Z 2014-01-17T17:00:00Z 12.000000 52.000000 7.000000 14.000000 0.500000 61.000000 1 1 1
2014-01-14T05:00:00Z 2014-01-14T07:00:00Z 32.000000 35.000000 63.000000 40.000000 1.100000 1.000000 1 2 1
2014-01-13T07:00:00Z 2014-01-13T09:00:00Z 34.000000 52.000000 63.000000 63.000000 1.100000 1.000000 1 2 1
2014-01-12T19:00:00Z 2014-01-12T21:00:00Z 32.000000 55.000000 62.000000 19.000000 0.900000 14.000000 1 2 1
2014-01-12T18:00:00Z 2014-01-12T20:00:00Z 29.000000 49.000000 55.000000 25.000000 0.800000 23.000000 1 2 1
2014-01-12T17:00:00Z 2014-01-12T19:00:00Z 18.000000 40.000000 42.000000 18.000000 0.700000 35.000000 1 1 1
2014-01-12T10:00:00Z 2014-01-12T12:00:00Z 14.000000 28.000000 25.000000 35.000000 0.700000 38.000000 1 1 1
2014-01-12T09:00:00Z 2014-01-12T11:00:00Z 11.000000 20.000000 30.000000 30.000000 0.600000 31.000000 1 1 1
2014-01-12T07:00:00Z 2014-01-12T09:00:00Z 16.000000 22.000000 44.000000 28.000000 0.600000 15.000000 1 1 1
2014-01-12T05:00:00Z 2014-01-12T07:00:00Z 14.000000 20.000000 32.000000 22.000000 0.600000 21.000000 1 1 1
2014-01-12T03:00:00Z 2014-01-12T05:00:00Z 14.000000 43.000000 20.000000 18.000000 0.500000 25.000000 1 1 1
2014-01-12T01:00:00Z 2014-01-12T03:00:00Z 17.000000 113.000000 25.000000 18.000000 0.600000 28.000000 1 1 1
2014-01-12T00:00:00Z 2014-01-12T02:00:00Z 16.000000 64.000000 22.000000 11.000000 0.600000 31.000000 1 1 1
2014-01-10T09:00:00Z 2014-01-10T11:00:00Z 32.000000 64.000000 56.000000 49.000000 1.400000 1.000000 1 2 1
2014-01-10T08:00:00Z 2014-01-10T10:00:00Z 28.000000 42.000000 57.000000 43.000000 1.100000 1.000000 1 2 1
2014-01-10T07:00:00Z 2014-01-10T09:00:00Z 23.000000 30.000000 48.000000 34.000000 0.800000 1.000000 1 1 1
2014-01-09T06:00:00Z 2014-01-09T08:00:00Z 10.000000 16.000000 23.000000 6.000000 0.500000 31.000000 1 1 1
2014-01-09T05:00:00Z 2014-01-09T07:00:00Z 9.000000 14.000000 15.000000 6.000000 0.400000 37.000000 1 1 1
2014-01-08T21:00:00Z 2014-01-08T23:00:00Z 17.000000 29.000000 58.000000 31.000000 1.000000 4.000000 1 2 1
2014-01-08T20:00:00Z 2014-01-08T22:00:00Z 18.000000 26.000000 42.000000 25.000000 0.900000 17.000000 1 1 1
2014-01-08T19:00:00Z 2014-01-08T21:00:00Z 15.000000 21.000000 36.000000 26.000000 0.800000 26.000000 1 1 1
2014-01-08T18:00:00Z 2014-01-08T20:00:00Z 14.000000 22.000000 28.000000 10.000000 0.600000 34.000000 1 1 1
2014-01-08T17:00:00Z 2014-01-08T19:00:00Z 16.000000 18.000000 30.000000 13.000000 0.500000 32.000000 1 1 1
2014-01-08T16:00:00Z 2014-01-08T18:00:00Z 11.000000 16.000000 15.000000 14.000000 0.500000 43.000000 1 1 1
2014-01-08T10:00:00Z 2014-01-08T12:00:00Z 14.000000 16.000000 18.000000 12.000000 0.600000 31.000000 1 1 1
2014-01-08T09:00:00Z 2014-01-08T11:00:00Z 12.000000 12.000000 14.000000 13.000000 0.500000 33.000000 1 1 1
2014-01-08T07:00:00Z 2014-01-08T09:00:00Z 11.000000 15.000000 13.000000 17.000000 0.500000 34.000000 1 1 1
2014-01-08T04:00:00Z 2014-01-08T06:00:00Z 8.000000 10.000000 8.000000 8.000000 0.400000 44.000000 1 1 1
2014-01-08T03:00:00Z 2014-01-08T05:00:00Z 9.000000 18.000000 10.000000 7.000000 0.400000 44.000000 1 1 1
2014-01-08T02:00:00Z 2014-01-08T04:00:00Z 8.000000 10.000000 11.000000 8.000000 0.400000 43.000000 1 1 1
2014-01-08T01:00:00Z 2014-01-08T03:00:00Z 8.000000 15.000000 9.000000 8.000000 0.400000 46.000000 1 1 1
2014-01-08T00:00:00Z 2014-01-08T02:00:00Z 9.000000 16.000000 9.000000 7.000000 0.400000 48.000000 1 1 1
2014-01-07T23:00:00Z 2014-01-08T01:00:00Z 7.000000 19.000000 17.000000 7.000000 0.400000 41.000000 1 1 1
2014-01-07T22:00:00Z 2014-01-08T00:00:00Z 16.000000 55.000000 34.000000 13.000000 0.500000 32.000000 1 1 1
2014-01-07T20:00:00Z 2014-01-07T22:00:00Z 27.000000 28.000000 66.000000 35.000000 1.000000 4.000000 1 1 1
2014-01-07T19:00:00Z 2014-01-07T21:00:00Z 26.000000 40.000000 63.000000 31.000000 0.900000 6.000000 1 1 1
2014-01-05T18:00:00Z 2014-01-05T20:00:00Z 31.000000 52.000000 70.000000 21.000000 0.900000 7.000000 1 2 0
2014-01-05T17:00:00Z 2014-01-05T19:00:00Z 31.000000 41.000000 54.000000 21.000000 0.700000 20.000000 1 2 0
2014-01-03T19:00:00Z 2014-01-03T21:00:00Z 35.000000 97.000000 77.000000 20.000000 1.000000 1.000000 1 2 0
2014-01-03T18:00:00Z 2014-01-03T20:00:00Z 32.000000 84.000000 72.000000 20.000000 0.800000 3.000000 1 2 0
2014-01-03T17:00:00Z 2014-01-03T19:00:00Z 20.000000 44.000000 38.000000 18.000000 0.500000 33.000000 1 1 0
2014-01-03T16:00:00Z 2014-01-03T18:00:00Z 17.000000 32.000000 14.000000 16.000000 0.400000 58.000000 1 1 0
2014-01-03T15:00:00Z 2014-01-03T17:00:00Z 16.000000 39.000000 10.000000 17.000000 0.400000 60.000000 1 1 0
2014-01-03T14:00:00Z 2014-01-03T16:00:00Z 16.000000 31.000000 6.000000 14.000000 0.400000 63.000000 1 1 0
2014-01-03T13:00:00Z 2014-01-03T15:00:00Z 20.000000 43.000000 8.000000 17.000000 0.400000 60.000000 1 1 0
2014-01-03T12:00:00Z 2014-01-03T14:00:00Z 24.000000 65.000000 14.000000 22.000000 0.500000 52.000000 1 1 0
2014-01-03T11:00:00Z 2014-01-03T13:00:00Z 24.000000 83.000000 15.000000 21.000000 0.500000 49.000000 1 1 0
2014-01-03T10:00:00Z 2014-01-03T12:00:00Z 31.000000 108.000000 31.000000 24.000000 0.600000 34.000000 1 1 0
2014-01-03T09:00:00Z 2014-01-03T11:00:00Z 28.000000 114.000000 30.000000 21.000000 0.500000 31.000000 1 1 0
2014-01-03T08:00:00Z 2014-01-03T10:00:00Z 33.000000 129.000000 33.000000 24.000000 0.500000 29.000000 1 1 0
2014-01-03T07:00:00Z 2014-01-03T09:00:00Z 35.000000 144.000000 27.000000 26.000000 0.500000 33.000000 1 1 0
2014-01-03T05:00:00Z 2014-01-03T07:00:00Z 34.000000 172.000000 19.000000 19.000000 0.500000 40.000000 1 1 0
2014-01-01T15:00:00Z 2014-01-01T17:00:00Z 19.000000 54.000000 11.000000 11.000000 0.500000 60.000000 1 1 0
2014-01-01T14:00:00Z 2014-01-01T16:00:00Z 22.000000 56.000000 10.000000 13.000000 0.500000 61.000000 1 1 0
2014-01-01T13:00:00Z 2014-01-01T15:00:00Z 22.000000 67.000000 9.000000 15.000000 0.500000 61.000000 1 1 0
2014-01-01T12:00:00Z 2014-01-01T14:00:00Z 23.000000 70.000000 13.000000 17.000000 0.500000 56.000000 1 1 0
2014-01-01T11:00:00Z 2014-01-01T13:00:00Z 25.000000 80.000000 26.000000 21.000000 0.700000 44.000000 1 1 0
2014-01-01T10:00:00Z 2014-01-01T12:00:00Z 32.000000 130.000000 63.000000 27.000000 1.200000 16.000000 1 1 0
2014-01-01T08:00:00Z 2014-01-01T10:00:00Z 20.000000 89.000000 52.000000 18.000000 0.700000 17.000000 1 1 0
2014-01-01T07:00:00Z 2014-01-01T09:00:00Z 31.000000 93.000000 68.000000 23.000000 0.900000 4.000000 1 2 0
2014-01-01T00:00:00Z 2014-01-01T02:00:00Z 20.000000 90.000000 61.000000 17.000000 0.700000 6.000000 1 3 0
2013-12-31T23:00:00Z 2014-01-01T01:00:00Z 21.000000 99.000000 54.000000 19.000000 0.800000 13.000000 1 2 1
2013-12-31T22:00:00Z 2014-01-01T00:00:00Z 22.000000 92.000000 50.000000 18.000000 0.700000 17.000000 1 1 1
2013-12-31T21:00:00Z 2013-12-31T23:00:00Z 18.000000 101.000000 42.000000 18.000000 0.700000 25.000000 1 1 1
2013-12-31T20:00:00Z 2013-12-31T22:00:00Z 16.000000 99.000000 31.000000 10.000000 0.600000 34.000000 1 1 1
2013-12-31T19:00:00Z 2013-12-31T21:00:00Z 17.000000 97.000000 24.000000 7.000000 0.600000 41.000000 1 1 1
2013-12-31T18:00:00Z 2013-12-31T20:00:00Z 16.000000 92.000000 25.000000 10.000000 0.500000 42.000000 1 1 1
2013-12-31T17:00:00Z 2013-12-31T19:00:00Z 16.000000 95.000000 14.000000 7.000000 0.400000 53.000000 1 1 1
2013-12-31T16:00:00Z 2013-12-31T18:00:00Z 16.000000 94.000000 6.000000 4.000000 0.400000 64.000000 1 1 1
2013-12-31T15:00:00Z 2013-12-31T17:00:00Z 20.000000 90.000000 6.000000 6.000000 0.400000 65.000000 1 1 1
2013-12-31T14:00:00Z 2013-12-31T16:00:00Z 23.000000 122.000000 5.000000 5.000000 0.400000 66.000000 1 1 1
2013-12-31T13:00:00Z 2013-12-31T15:00:00Z 29.000000 138.000000 6.000000 10.000000 0.400000 65.000000 1 1 1
2013-12-31T12:00:00Z 2013-12-31T14:00:00Z 33.000000 274.000000 7.000000 11.000000 0.400000 63.000000 1 1 1
2013-12-30T19:00:00Z 2013-12-30T21:00:00Z 34.000000 88.000000 78.000000 31.000000 1.000000 1.000000 1 3 1
2013-12-27T17:00:00Z 2013-12-27T19:00:00Z 12.000000 33.000000 37.000000 17.000000 0.600000 27.000000 1 2 1
2013-12-27T16:00:00Z 2013-12-27T18:00:00Z 13.000000 16.000000 24.000000 16.000000 0.600000 43.000000 1 1 1
2013-12-27T13:00:00Z 2013-12-27T15:00:00Z 18.000000 23.000000 26.000000 22.000000 0.700000 38.000000 1 1 1
2013-12-27T12:00:00Z 2013-12-27T14:00:00Z 18.000000 24.000000 27.000000 26.000000 0.600000 34.000000 1 1 1
2013-12-27T11:00:00Z 2013-12-27T13:00:00Z 21.000000 27.000000 30.000000 26.000000 0.700000 30.000000 1 1 1
2013-12-27T03:00:00Z 2013-12-27T05:00:00Z 13.000000 19.000000 39.000000 22.000000 0.600000 19.000000 1 1 1
2013-12-27T01:00:00Z 2013-12-27T03:00:00Z 15.000000 19.000000 40.000000 19.000000 0.600000 17.000000 1 1 1
2013-12-27T00:00:00Z 2013-12-27T02:00:00Z 11.000000 13.000000 29.000000 16.000000 0.600000 28.000000 1 1 1
2013-12-26T23:00:00Z 2013-12-27T01:00:00Z 12.000000 18.000000 33.000000 14.000000 0.600000 27.000000 1 1 1
2013-12-26T22:00:00Z 2013-12-27T00:00:00Z 15.000000 15.000000 30.000000 13.000000 0.600000 33.000000 1 1 1
2013-12-26T21:00:00Z 2013-12-26T23:00:00Z 13.000000 14.000000 34.000000 14.000000 0.800000 34.000000 1 1 1
2013-12-26T20:00:00Z 2013-12-26T22:00:00Z 17.000000 20.000000 40.000000 11.000000 0.700000 29.000000 1 1 1
2013-12-26T19:00:00Z 2013-12-26T21:00:00Z 13.000000 28.000000 39.000000 15.000000 0.700000 27.000000 1 1 1
2013-12-26T18:00:00Z 2013-12-26T20:00:00Z 9.000000 30.000000 21.000000 9.000000 0.600000 43.000000 1 1 1
2013-12-26T17:00:00Z 2013-12-26T19:00:00Z 10.000000 30.000000 13.000000 7.000000 0.500000 51.000000 1 1 1
2013-12-26T16:00:00Z 2013-12-26T18:00:00Z 9.000000 29.000000 8.000000 10.000000 0.400000 56.000000 1 1 1
2013-12-26T15:00:00Z 2013-12-26T17:00:00Z 9.000000 30.000000 6.000000 9.000000 0.400000 56.000000 1 1 1
2013-12-26T13:00:00Z 2013-12-26T15:00:00Z 10.000000 27.000000 5.000000 7.000000 0.400000 55.000000 1 1 1
2013-12-26T10:00:00Z 2013-12-26T12:00:00Z 11.000000 21.000000 22.000000 16.000000 0.500000 48.000000 1 1 1
2013-12-26T09:00:00Z 2013-12-26T11:00:00Z 10.000000 35.000000 25.000000 17.000000 0.500000 43.000000 1 1 1
2013-12-26T08:00:00Z 2013-12-26T10:00:00Z 6.000000 16.000000 24.000000 16.000000 0.400000 44.000000 1 1 1
2013-12-26T07:00:00Z 2013-12-26T09:00:00Z 8.000000 15.000000 25.000000 17.000000 0.400000 42.000000 1 1 1
2013-12-26T06:00:00Z 2013-12-26T08:00:00Z 7.000000 13.000000 20.000000 13.000000 0.400000 46.000000 1 1 1
2013-12-26T05:00:00Z 2013-12-26T07:00:00Z 5.000000 18.000000 15.000000 9.000000 0.300000 51.000000 1 1 1
2013-12-26T04:00:00Z 2013-12-26T06:00:00Z 6.000000 53.000000 16.000000 6.000000 0.300000 51.000000 1 1 1
2013-12-26T03:00:00Z 2013-12-26T05:00:00Z 7.000000 20.000000 16.000000 4.000000 0.300000 50.000000 1 1 1
2013-12-26T02:00:00Z 2013-12-26T04:00:00Z 8.000000 20.000000 20.000000 7.000000 0.400000 45.000000 1 1 1
2013-12-26T01:00:00Z 2013-12-26T03:00:00Z 8.000000 18.000000 18.000000 8.000000 0.400000 46.000000 1 1 1
2013-12-26T00:00:00Z 2013-12-26T02:00:00Z 10.000000 32.000000 18.000000 6.000000 0.400000 44.000000 1 1 1
2013-12-25T23:00:00Z 2013-12-26T01:00:00Z 9.000000 51.000000 18.000000 4.000000 0.400000 43.000000 1 1 1
2013-12-25T22:00:00Z 2013-12-26T00:00:00Z 9.000000 77.000000 15.000000 4.000000 0.400000 48.000000 1 1 1
2013-12-25T21:00:00Z 2013-12-25T23:00:00Z 12.000000 96.000000 15.000000 3.000000 0.500000 48.000000 1 1 1
2013-12-25T20:00:00Z 2013-12-25T22:00:00Z 20.000000 176.000000 18.000000 8.000000 0.500000 47.000000 1 1 1
2013-12-25T19:00:00Z 2013-12-25T21:00:00Z 24.000000 350.000000 15.000000 8.000000 0.500000 54.000000 1 1 1
2013-12-25T17:00:00Z 2013-12-25T19:00:00Z 28.000000 99.000000 26.000000 19.000000 0.700000 49.000000 1 1 1
