2014-10-03T18:00:00Z 2014-10-03T20:00:00Z 164.000000 176.000000 91.000000 8.000000 2.200000 2.000000 5 4 0
2014-10-03T17:00:00Z 2014-10-03T19:00:00Z 175.000000 188.000000 85.000000 7.000000 2.300000 16.000000 5 4 0
2014-09-25T14:00:00Z 2014-09-25T16:00:00Z 170.000000 179.000000 95.000000 5.000000 1.300000 12.000000 5 5 1
2014-09-21T00:00:00Z 2014-09-21T02:00:00Z 219.000000 263.000000 144.000000 3.000000 1.800000 2.000000 5 5 1
2014-09-20T22:00:00Z 2014-09-21T00:00:00Z 194.000000 254.000000 156.000000 4.000000 1.700000 5.000000 5 5 1
2014-09-20T20:00:00Z 2014-09-20T22:00:00Z 161.000000 222.000000 85.000000 5.000000 1.100000 118.000000 5 5 1
2014-09-20T19:00:00Z 2014-09-20T21:00:00Z 157.000000 229.000000 79.000000 8.000000 1.100000 151.000000 5 5 1
2014-09-07T22:00:00Z 2014-09-08T00:00:00Z 152.000000 197.000000 73.000000 2.000000 1.400000 72.000000 5 3 1
2014-09-07T09:00:00Z 2014-09-07T11:00:00Z 195.000000 219.000000 98.000000 2.000000 1.300000 2.000000 5 5 1
2014-09-07T07:00:00Z 2014-09-07T09:00:00Z 172.000000 194.000000 79.000000 2.000000 1.000000 9.000000 5 5 1
2014-09-06T14:00:00Z 2014-09-06T16:00:00Z 164.000000 178.000000 50.000000 6.000000 2.100000 171.000000 5 4 1
2014-09-06T12:00:00Z 2014-09-06T14:00:00Z 160.000000 167.000000 47.000000 5.000000 2.100000 117.000000 5 5 1
2014-09-06T11:00:00Z 2014-09-06T13:00:00Z 154.000000 162.000000 48.000000 3.000000 1.800000 90.000000 5 5 1
2014-09-06T04:00:00Z 2014-09-06T06:00:00Z 151.000000 172.000000 92.000000 3.000000 1.300000 2.000000 5 4 1
2014-09-05T21:00:00Z 2014-09-05T23:00:00Z 156.000000 179.000000 47.000000 5.000000 1.000000 178.000000 5 4 0
2014-08-30T13:00:00Z 2014-08-30T15:00:00Z 163.000000 179.000000 78.000000 2.000000 2.100000 23.000000 5 4 1
2014-08-30T12:00:00Z 2014-08-30T14:00:00Z 156.000000 170.000000 71.000000 2.000000 2.100000 24.000000 5 5 1
2014-08-23T21:00:00Z 2014-08-23T23:00:00Z 153.000000 180.000000 66.000000 3.000000 1.100000 124.000000 5 2 1
2014-08-21T20:00:00Z 2014-08-21T22:00:00Z 158.000000 219.000000 53.000000 4.000000 1.300000 168.000000 5 1 1
2014-08-21T16:00:00Z 2014-08-21T18:00:00Z 165.000000 227.000000 54.000000 5.000000 1.100000 264.000000 5 4 1
2014-08-21T09:00:00Z 2014-08-21T11:00:00Z 178.000000 229.000000 108.000000 4.000000 1.600000 11.000000 5 5 1
2014-08-21T08:00:00Z 2014-08-21T10:00:00Z 156.000000 213.000000 114.000000 4.000000 1.100000 2.000000 5 5 1
2014-05-31T16:00:00Z 2014-05-31T18:00:00Z 151.000000 336.000000 87.000000 62.000000 2.500000 271.000000 5 4 1
2014-05-25T11:00:00Z 2014-05-25T13:00:00Z 155.000000 478.000000 14.000000 2.000000 0.200000 83.000000 5 1 1
2014-05-25T10:00:00Z 2014-05-25T12:00:00Z 199.000000 601.000000 22.000000 2.000000 0.300000 72.000000 5 2 1
2014-05-22T07:00:00Z 2014-05-22T09:00:00Z 226.000000 342.000000 94.000000 17.000000 1.600000 3.000000 5 6 1
2014-05-22T06:00:00Z 2014-05-22T08:00:00Z 201.000000 297.000000 115.000000 14.000000 1.900000 2.000000 5 6 1
2014-05-22T00:00:00Z 2014-05-22T02:00:00Z 151.000000 246.000000 149.000000 17.000000 1.900000 14.000000 5 5 1
2014-05-21T23:00:00Z 2014-05-22T01:00:00Z 174.000000 307.000000 141.000000 19.000000 1.900000 38.000000 5 4 1
2014-05-21T22:00:00Z 2014-05-22T00:00:00Z 167.000000 328.000000 123.000000 21.000000 1.700000 87.000000 5 5 1
2014-05-21T21:00:00Z 2014-05-21T23:00:00Z 155.000000 345.000000 90.000000 25.000000 1.500000 144.000000 5 5 1
2014-05-20T05:00:00Z 2014-05-20T07:00:00Z 192.000000 224.000000 80.000000 14.000000 1.400000 58.000000 5 3 1
2014-05-20T04:00:00Z 2014-05-20T06:00:00Z 220.000000 300.000000 107.000000 16.000000 1.700000 15.000000 5 4 1
2014-05-20T03:00:00Z 2014-05-20T05:00:00Z 217.000000 310.000000 92.000000 18.000000 1.600000 25.000000 5 5 1
2014-05-20T02:00:00Z 2014-05-20T04:00:00Z 211.000000 329.000000 107.000000 18.000000 1.500000 30.000000 5 5 1
2014-05-20T01:00:00Z 2014-05-20T03:00:00Z 204.000000 332.000000 99.000000 16.000000 1.500000 54.000000 5 5 1
2014-05-20T00:00:00Z 2014-05-20T02:00:00Z 184.000000 322.000000 122.000000 11.000000 1.600000 54.000000 5 5 1
2014-05-19T23:00:00Z 2014-05-20T01:00:00Z 157.000000 317.000000 152.000000 10.000000 1.700000 28.000000 5 5 1
2014-05-19T16:00:00Z 2014-05-19T18:00:00Z 154.000000 229.000000 42.000000 28.000000 1.000000 238.000000 5 3 1
2014-05-19T15:00:00Z 2014-05-19T17:00:00Z 186.000000 293.000000 44.000000 33.000000 1.200000 228.000000 5 4 1
2014-05-19T14:00:00Z 2014-05-19T16:00:00Z 173.000000 245.000000 42.000000 32.000000 1.300000 212.000000 5 5 1
2014-05-19T13:00:00Z 2014-05-19T15:00:00Z 157.000000 234.000000 38.000000 34.000000 1.100000 182.000000 5 5 1
2014-05-16T03:00:00Z 2014-05-16T05:00:00Z 159.000000 270.000000 113.000000 25.000000 0.900000 2.000000 5 3 1
2014-05-01T17:00:00Z 2014-05-01T19:00:00Z 162.000000 216.000000 28.000000 37.000000 1.000000 192.000000 5 2 0
2014-05-01T16:00:00Z 2014-05-01T18:00:00Z 168.000000 227.000000 31.000000 39.000000 1.000000 191.000000 5 3 0
2014-05-01T15:00:00Z 2014-05-01T17:00:00Z 165.000000 209.000000 26.000000 42.000000 1.000000 198.000000 5 5 0
2014-05-01T14:00:00Z 2014-05-01T16:00:00Z 154.000000 188.000000 28.000000 37.000000 0.900000 186.000000 5 5 0
2014-05-01T13:00:00Z 2014-05-01T15:00:00Z 162.000000 203.000000 28.000000 40.000000 0.900000 173.000000 5 5 0
2014-05-01T12:00:00Z 2014-05-01T14:00:00Z 157.000000 210.000000 33.000000 39.000000 0.800000 158.000000 5 5 0
2014-05-01T11:00:00Z 2014-05-01T13:00:00Z 167.000000 204.000000 50.000000 33.000000 0.800000 117.000000 5 5 0
2014-05-01T10:00:00Z 2014-05-01T12:00:00Z 181.000000 234.000000 66.000000 26.000000 0.900000 73.000000 5 5 0
2014-05-01T09:00:00Z 2014-05-01T11:00:00Z 158.000000 192.000000 102.000000 19.000000 0.900000 25.000000 5 5 0
2014-04-25T12:00:00Z 2014-04-25T14:00:00Z 192.000000 239.000000 115.000000 40.000000 1.400000 86.000000 5 4 1
2014-04-25T11:00:00Z 2014-04-25T13:00:00Z 207.000000 255.000000 123.000000 36.000000 1.500000 46.000000 5 5 1
2014-04-25T10:00:00Z 2014-04-25T12:00:00Z 207.000000 246.000000 128.000000 37.000000 1.600000 15.000000 5 5 1
2014-04-25T09:00:00Z 2014-04-25T11:00:00Z 177.000000 223.000000 115.000000 37.000000 1.600000 12.000000 5 5 1
2014-04-23T17:00:00Z 2014-04-23T19:00:00Z 164.000000 206.000000 35.000000 39.000000 1.000000 150.000000 5 4 1
2014-04-23T16:00:00Z 2014-04-23T18:00:00Z 159.000000 171.000000 37.000000 39.000000 1.000000 160.000000 5 4 1
2014-04-23T15:00:00Z 2014-04-23T17:00:00Z 177.000000 186.000000 38.000000 38.000000 1.100000 141.000000 5 5 1
2014-04-23T14:00:00Z 2014-04-23T16:00:00Z 202.000000 232.000000 35.000000 36.000000 1.100000 121.000000 5 5 1
2014-04-23T13:00:00Z 2014-04-23T15:00:00Z 198.000000 207.000000 41.000000 40.000000 1.000000 115.000000 5 5 1
2014-04-23T11:00:00Z 2014-04-23T13:00:00Z 193.000000 211.000000 56.000000 30.000000 0.900000 56.000000 5 5 1
2014-04-23T09:00:00Z 2014-04-23T11:00:00Z 153.000000 187.000000 46.000000 28.000000 0.800000 41.000000 5 5 1
2014-04-18T18:00:00Z 2014-04-18T20:00:00Z 165.000000 180.000000 68.000000 13.000000 1.200000 107.000000 5 3 1
2014-04-18T11:00:00Z 2014-04-18T13:00:00Z 188.000000 202.000000 85.000000 28.000000 1.400000 41.000000 5 5 1
2014-04-18T10:00:00Z 2014-04-18T12:00:00Z 169.000000 191.000000 85.000000 26.000000 1.400000 20.000000 5 5 1
2014-04-18T04:00:00Z 2014-04-18T06:00:00Z 153.000000 164.000000 67.000000 13.000000 1.400000 2.000000 5 4 1
2014-04-18T02:00:00Z 2014-04-18T04:00:00Z 158.000000 176.000000 77.000000 19.000000 2.000000 2.000000 5 5 1
2014-04-14T20:00:00Z 2014-04-14T22:00:00Z 248.000000 278.000000 62.000000 34.000000 1.500000 127.000000 5 5 1
2014-04-14T18:00:00Z 2014-04-14T20:00:00Z 215.000000 242.000000 44.000000 42.000000 1.500000 168.000000 5 5 1
2014-04-14T17:00:00Z 2014-04-14T19:00:00Z 188.000000 216.000000 41.000000 41.000000 1.300000 180.000000 5 6 1
2014-04-14T08:00:00Z 2014-04-14T10:00:00Z 238.000000 257.000000 88.000000 35.000000 1.800000 2.000000 5 6 1
2014-04-14T07:00:00Z 2014-04-14T09:00:00Z 203.000000 253.000000 88.000000 21.000000 1.800000 2.000000 5 6 1
2014-04-14T06:00:00Z 2014-04-14T08:00:00Z 243.000000 259.000000 92.000000 20.000000 2.000000 2.000000 5 5 1
2014-04-14T03:00:00Z 2014-04-14T05:00:00Z 244.000000 262.000000 114.000000 20.000000 2.300000 2.000000 5 6 1
2014-04-14T02:00:00Z 2014-04-14T04:00:00Z 231.000000 270.000000 121.000000 20.000000 2.400000 2.000000 5 6 1
2014-04-14T01:00:00Z 2014-04-14T03:00:00Z 234.000000 281.000000 142.000000 22.000000 2.000000 2.000000 5 5 1
2014-04-14T00:00:00Z 2014-04-14T02:00:00Z 228.000000 308.000000 164.000000 28.000000 2.200000 2.000000 5 5 1
2014-04-13T23:00:00Z 2014-04-14T01:00:00Z 204.000000 268.000000 147.000000 31.000000 1.500000 12.000000 5 5 1
2014-04-13T22:00:00Z 2014-04-14T00:00:00Z 191.000000 250.000000 109.000000 31.000000 1.200000 54.000000 5 5 1
2014-04-13T21:00:00Z 2014-04-13T23:00:00Z 171.000000 233.000000 76.000000 27.000000 1.100000 102.000000 5 5 1
2014-04-13T18:00:00Z 2014-04-13T20:00:00Z 176.000000 211.000000 65.000000 30.000000 1.100000 176.000000 5 4 1
2014-04-13T17:00:00Z 2014-04-13T19:00:00Z 178.000000 216.000000 62.000000 29.000000 1.000000 180.000000 5 4 1
2014-04-13T16:00:00Z 2014-04-13T18:00:00Z 188.000000 208.000000 53.000000 30.000000 1.000000 197.000000 5 5 1
2014-04-13T15:00:00Z 2014-04-13T17:00:00Z 201.000000 214.000000 55.000000 33.000000 1.000000 197.000000 5 5 1
2014-04-13T14:00:00Z 2014-04-13T16:00:00Z 214.000000 230.000000 64.000000 37.000000 1.100000 178.000000 5 5 1
2014-04-13T13:00:00Z 2014-04-13T15:00:00Z 216.000000 239.000000 98.000000 38.000000 1.300000 112.000000 5 5 1
2014-04-13T12:00:00Z 2014-04-13T14:00:00Z 220.000000 229.000000 108.000000 40.000000 1.500000 64.000000 5 5 1
2014-04-02T09:00:00Z 2014-04-02T11:00:00Z 155.000000 228.000000 93.000000 35.000000 1.100000 16.000000 5 2 0
2014-04-01T09:00:00Z 2014-04-01T11:00:00Z 164.000000 177.000000 72.000000 28.000000 1.300000 28.000000 5 5 0
2014-04-01T07:00:00Z 2014-04-01T09:00:00Z 152.000000 159.000000 91.000000 9.000000 1.300000 2.000000 5 5 0
2014-03-31T15:00:00Z 2014-03-31T17:00:00Z 222.000000 233.000000 83.000000 65.000000 2.600000 108.000000 5 2 1
2014-03-31T11:00:00Z 2014-03-31T13:00:00Z 224.000000 293.000000 102.000000 60.000000 3.100000 29.000000 5 6 1
2014-03-31T10:00:00Z 2014-03-31T12:00:00Z 180.000000 242.000000 106.000000 51.000000 2.800000 14.000000 5 6 1
2014-03-31T09:00:00Z 2014-03-31T11:00:00Z 170.000000 227.000000 103.000000 49.000000 2.700000 6.000000 5 5 1
2014-03-31T04:00:00Z 2014-03-31T06:00:00Z 164.000000 220.000000 96.000000 31.000000 1.600000 2.000000 5 4 1
2014-03-29T00:00:00Z 2014-03-29T02:00:00Z 204.000000 249.000000 120.000000 23.000000 3.000000 2.000000 5 2 1
2014-03-28T23:00:00Z 2014-03-29T01:00:00Z 193.000000 251.000000 113.000000 25.000000 2.800000 2.000000 5 4 1
2014-03-28T22:00:00Z 2014-03-29T00:00:00Z 177.000000 199.000000 105.000000 30.000000 2.500000 11.000000 5 5 1
2014-03-28T21:00:00Z 2014-03-28T23:00:00Z 166.000000 193.000000 106.000000 34.000000 2.400000 18.000000 5 5 1
2014-03-28T06:00:00Z 2014-03-28T08:00:00Z 158.000000 188.000000 82.000000 24.000000 1.600000 2.000000 5 3 1
2014-03-26T05:00:00Z 2014-03-26T07:00:00Z 250.000000 302.000000 142.000000 27.000000 1.900000 2.000000 5 6 1
2014-03-26T04:00:00Z 2014-03-26T06:00:00Z 247.000000 300.000000 151.000000 32.000000 1.800000 2.000000 5 6 1
2014-03-26T03:00:00Z 2014-03-26T05:00:00Z 248.000000 320.000000 160.000000 34.000000 1.900000 2.000000 5 5 1
2014-03-26T02:00:00Z 2014-03-26T04:00:00Z 219.000000 246.000000 154.000000 36.000000 1.800000 2.000000 5 5 1
2014-03-26T01:00:00Z 2014-03-26T03:00:00Z 181.000000 218.000000 131.000000 31.000000 1.400000 2.000000 5 5 1
2014-03-26T00:00:00Z 2014-03-26T02:00:00Z 192.000000 314.000000 134.000000 36.000000 1.300000 2.000000 5 5 1
2014-03-25T23:00:00Z 2014-03-26T01:00:00Z 166.000000 208.000000 130.000000 43.000000 1.100000 15.000000 5 5 1
2014-03-25T22:00:00Z 2014-03-26T00:00:00Z 152.000000 182.000000 116.000000 43.000000 1.000000 31.000000 5 5 1
2014-03-25T20:00:00Z 2014-03-25T22:00:00Z 155.000000 187.000000 102.000000 46.000000 1.000000 68.000000 5 5 1
2014-03-25T19:00:00Z 2014-03-25T21:00:00Z 176.000000 208.000000 77.000000 47.000000 1.100000 127.000000 5 4 1
2014-03-25T18:00:00Z 2014-03-25T20:00:00Z 171.000000 221.000000 67.000000 41.000000 1.000000 144.000000 5 5 1
2014-03-25T17:00:00Z 2014-03-25T19:00:00Z 200.000000 238.000000 74.000000 45.000000 1.200000 158.000000 5 5 1
2014-03-25T16:00:00Z 2014-03-25T18:00:00Z 223.000000 272.000000 82.000000 54.000000 1.300000 168.000000 5 5 1
2014-03-25T14:00:00Z 2014-03-25T16:00:00Z 188.000000 252.000000 84.000000 61.000000 1.600000 148.000000 5 5 1
2014-03-25T12:00:00Z 2014-03-25T14:00:00Z 234.000000 264.000000 85.000000 53.000000 1.600000 104.000000 5 5 1
2014-03-25T10:00:00Z 2014-03-25T12:00:00Z 227.000000 241.000000 118.000000 50.000000 1.900000 18.000000 5 5 1
2014-03-25T09:00:00Z 2014-03-25T11:00:00Z 234.000000 253.000000 123.000000 53.000000 2.000000 2.000000 5 5 1
2014-03-25T08:00:00Z 2014-03-25T10:00:00Z 238.000000 268.000000 126.000000 43.000000 2.000000 2.000000 5 5 1
2014-03-25T07:00:00Z 2014-03-25T09:00:00Z 244.000000 256.000000 126.000000 38.000000 1.800000 2.000000 5 5 1
2014-03-25T06:00:00Z 2014-03-25T08:00:00Z 232.000000 245.000000 132.000000 38.000000 1.800000 2.000000 5 5 1
2014-03-25T00:00:00Z 2014-03-25T02:00:00Z 242.000000 290.000000 159.000000 45.000000 2.200000 2.000000 5 6 1
2014-03-24T23:00:00Z 2014-03-25T01:00:00Z 250.000000 397.000000 162.000000 46.000000 2.000000 2.000000 5 6 1
2014-03-24T17:00:00Z 2014-03-24T19:00:00Z 156.000000 185.000000 63.000000 60.000000 1.100000 130.000000 5 5 1
2014-03-24T16:00:00Z 2014-03-24T18:00:00Z 229.000000 258.000000 102.000000 65.000000 1.500000 109.000000 5 5 1
2014-03-24T15:00:00Z 2014-03-24T17:00:00Z 245.000000 265.000000 129.000000 56.000000 1.900000 87.000000 5 5 1
2014-03-24T14:00:00Z 2014-03-24T16:00:00Z 203.000000 239.000000 111.000000 55.000000 1.900000 94.000000 5 5 1
2014-03-24T13:00:00Z 2014-03-24T15:00:00Z 228.000000 257.000000 110.000000 64.000000 2.000000 84.000000 5 5 1
2014-03-24T08:00:00Z 2014-03-24T10:00:00Z 248.000000 281.000000 107.000000 45.000000 2.100000 2.000000 5 6 1
2014-03-24T07:00:00Z 2014-03-24T09:00:00Z 250.000000 280.000000 111.000000 31.000000 2.000000 2.000000 5 6 1
2014-03-24T06:00:00Z 2014-03-24T08:00:00Z 243.000000 287.000000 115.000000 35.000000 1.900000 2.000000 5 5 1
2014-03-24T05:00:00Z 2014-03-24T07:00:00Z 239.000000 279.000000 117.000000 37.000000 1.900000 2.000000 5 5 1
2014-03-24T04:00:00Z 2014-03-24T06:00:00Z 246.000000 274.000000 124.000000 37.000000 2.000000 2.000000 5 5 1
2014-03-24T03:00:00Z 2014-03-24T05:00:00Z 233.000000 246.000000 129.000000 43.000000 2.400000 2.000000 5 5 1
2014-03-24T02:00:00Z 2014-03-24T04:00:00Z 235.000000 254.000000 137.000000 46.000000 2.800000 2.000000 5 5 1
2014-03-24T01:00:00Z 2014-03-24T03:00:00Z 235.000000 260.000000 141.000000 48.000000 2.700000 2.000000 5 5 1
2014-03-24T00:00:00Z 2014-03-24T02:00:00Z 233.000000 263.000000 140.000000 54.000000 2.000000 4.000000 5 5 1
2014-03-23T23:00:00Z 2014-03-24T01:00:00Z 216.000000 250.000000 102.000000 60.000000 1.800000 47.000000 5 5 1
2014-03-23T22:00:00Z 2014-03-24T00:00:00Z 176.000000 263.000000 127.000000 46.000000 1.500000 38.000000 5 5 1
2014-03-23T18:00:00Z 2014-03-23T20:00:00Z 152.000000 190.000000 58.000000 38.000000 1.400000 146.000000 5 3 1
2014-03-23T17:00:00Z 2014-03-23T19:00:00Z 164.000000 207.000000 54.000000 48.000000 1.300000 152.000000 5 4 1
2014-03-23T16:00:00Z 2014-03-23T18:00:00Z 162.000000 198.000000 54.000000 52.000000 1.300000 147.000000 5 5 1
2014-03-17T10:00:00Z 2014-03-17T12:00:00Z 163.000000 518.000000 88.000000 46.000000 1.900000 9.000000 5 2 1
2014-03-17T09:00:00Z 2014-03-17T11:00:00Z 154.000000 256.000000 101.000000 67.000000 2.400000 2.000000 5 2 1
2014-03-17T05:00:00Z 2014-03-17T07:00:00Z 167.000000 396.000000 106.000000 45.000000 2.000000 2.000000 5 4 1
2014-03-16T01:00:00Z 2014-03-16T03:00:00Z 180.000000 257.000000 116.000000 87.000000 2.900000 2.000000 5 4 1
2014-03-16T00:00:00Z 2014-03-16T02:00:00Z 180.000000 283.000000 127.000000 94.000000 2.600000 2.000000 5 4 1
2014-03-15T23:00:00Z 2014-03-16T01:00:00Z 169.000000 271.000000 134.000000 83.000000 1.800000 2.000000 5 5 1
2014-03-15T22:00:00Z 2014-03-16T00:00:00Z 162.000000 265.000000 138.000000 60.000000 1.900000 2.000000 5 5 1
2014-03-15T21:00:00Z 2014-03-15T23:00:00Z 162.000000 302.000000 146.000000 48.000000 2.400000 2.000000 5 5 1
2014-03-11T16:00:00Z 2014-03-11T18:00:00Z 163.000000 190.000000 61.000000 76.000000 1.700000 97.000000 5 4 1
2014-03-11T14:00:00Z 2014-03-11T16:00:00Z 182.000000 213.000000 70.000000 98.000000 1.900000 76.000000 5 5 1
2014-03-11T13:00:00Z 2014-03-11T15:00:00Z 204.000000 238.000000 89.000000 125.000000 2.500000 45.000000 5 5 1
2014-03-11T12:00:00Z 2014-03-11T14:00:00Z 244.000000 272.000000 98.000000 168.000000 2.900000 27.000000 5 5 1
2014-03-11T11:00:00Z 2014-03-11T13:00:00Z 247.000000 313.000000 118.000000 169.000000 3.400000 3.000000 5 5 1
2014-03-11T10:00:00Z 2014-03-11T12:00:00Z 206.000000 255.000000 107.000000 152.000000 3.000000 2.000000 5 5 1
2014-03-11T09:00:00Z 2014-03-11T11:00:00Z 182.000000 222.000000 97.000000 149.000000 2.800000 2.000000 5 5 1
2014-03-11T08:00:00Z 2014-03-11T10:00:00Z 178.000000 221.000000 100.000000 97.000000 3.300000 2.000000 5 5 1
2014-03-11T07:00:00Z 2014-03-11T09:00:00Z 167.000000 209.000000 104.000000 83.000000 3.300000 2.000000 5 5 1
2014-03-11T06:00:00Z 2014-03-11T08:00:00Z 163.000000 206.000000 106.000000 79.000000 3.200000 2.000000 5 5 1
2014-03-11T05:00:00Z 2014-03-11T07:00:00Z 159.000000 199.000000 108.000000 78.000000 3.200000 2.000000 5 5 1
2014-03-11T04:00:00Z 2014-03-11T06:00:00Z 163.000000 202.000000 108.000000 78.000000 3.000000 2.000000 5 5 1
2014-03-11T03:00:00Z 2014-03-11T05:00:00Z 172.000000 211.000000 112.000000 86.000000 3.200000 2.000000 5 5 1
2014-03-11T02:00:00Z 2014-03-11T04:00:00Z 185.000000 236.000000 116.000000 95.000000 3.500000 2.000000 5 5 1
2014-03-11T01:00:00Z 2014-03-11T03:00:00Z 190.000000 251.000000 124.000000 92.000000 4.000000 2.000000 5 5 1
2014-03-11T00:00:00Z 2014-03-11T02:00:00Z 179.000000 224.000000 122.000000 74.000000 3.600000 2.000000 5 5 1
2014-03-10T23:00:00Z 2014-03-11T01:00:00Z 158.000000 187.000000 115.000000 60.000000 2.500000 2.000000 5 5 1
2014-03-10T22:00:00Z 2014-03-11T00:00:00Z 158.000000 199.000000 121.000000 73.000000 2.700000 2.000000 5 5 1
2014-03-09T14:00:00Z 2014-03-09T16:00:00Z 155.000000 174.000000 90.000000 64.000000 2.100000 35.000000 5 3 1
2014-03-08T19:00:00Z 2014-03-08T21:00:00Z 179.000000 209.000000 122.000000 76.000000 2.100000 9.000000 5 5 1
2014-03-08T18:00:00Z 2014-03-08T20:00:00Z 174.000000 208.000000 98.000000 66.000000 2.100000 34.000000 5 5 1
2014-03-08T17:00:00Z 2014-03-08T19:00:00Z 176.000000 193.000000 92.000000 71.000000 2.100000 43.000000 5 5 1
2014-03-03T23:00:00Z 2014-03-04T01:00:00Z 247.000000 301.000000 101.000000 128.000000 4.500000 2.000000 5 6 0
2014-03-03T22:00:00Z 2014-03-04T00:00:00Z 234.000000 282.000000 98.000000 121.000000 4.300000 2.000000 5 6 0
2014-03-03T21:00:00Z 2014-03-03T23:00:00Z 233.000000 277.000000 98.000000 124.000000 4.400000 2.000000 5 5 0
2014-03-03T19:00:00Z 2014-03-03T21:00:00Z 229.000000 266.000000 100.000000 126.000000 4.400000 2.000000 5 5 0
2014-03-03T17:00:00Z 2014-03-03T19:00:00Z 239.000000 272.000000 100.000000 112.000000 4.600000 2.000000 5 5 0
2014-03-03T12:00:00Z 2014-03-03T14:00:00Z 243.000000 271.000000 108.000000 144.000000 5.100000 2.000000 5 6 0
2014-03-03T11:00:00Z 2014-03-03T13:00:00Z 225.000000 261.000000 100.000000 160.000000 5.300000 2.000000 5 6 0
2014-03-03T09:00:00Z 2014-03-03T11:00:00Z 212.000000 249.000000 95.000000 156.000000 5.800000 2.000000 5 5 0
2014-03-03T07:00:00Z 2014-03-03T09:00:00Z 189.000000 211.000000 90.000000 107.000000 5.300000 2.000000 5 5 0
2014-02-28T21:00:00Z 2014-02-28T23:00:00Z 156.000000 173.000000 102.000000 50.000000 2.000000 2.000000 5 5 1
2014-02-28T20:00:00Z 2014-02-28T22:00:00Z 162.000000 185.000000 102.000000 50.000000 2.000000 2.000000 5 5 1
2014-02-24T15:00:00Z 2014-02-24T17:00:00Z 241.000000 307.000000 120.000000 122.000000 3.700000 8.000000 5 6 1
2014-02-24T14:00:00Z 2014-02-24T16:00:00Z 187.000000 260.000000 92.000000 119.000000 3.200000 22.000000 5 6 1
2014-02-24T13:00:00Z 2014-02-24T15:00:00Z 173.000000 263.000000 94.000000 139.000000 3.400000 15.000000 5 5 1
2014-02-24T10:00:00Z 2014-02-24T12:00:00Z 206.000000 293.000000 112.000000 161.000000 5.100000 1.000000 5 3 1
2014-02-24T08:00:00Z 2014-02-24T10:00:00Z 198.000000 275.000000 104.000000 154.000000 4.200000 1.000000 5 5 1
2014-02-24T07:00:00Z 2014-02-24T09:00:00Z 198.000000 272.000000 105.000000 152.000000 4.200000 1.000000 5 5 1
2014-02-24T06:00:00Z 2014-02-24T08:00:00Z 210.000000 274.000000 105.000000 156.000000 4.200000 1.000000 5 5 1
2014-02-24T05:00:00Z 2014-02-24T07:00:00Z 223.000000 302.000000 108.000000 165.000000 4.600000 1.000000 5 5 1
2014-02-24T04:00:00Z 2014-02-24T06:00:00Z 231.000000 317.000000 111.000000 171.000000 4.800000 1.000000 5 5 1
2014-02-24T03:00:00Z 2014-02-24T05:00:00Z 228.000000 321.000000 114.000000 185.000000 4.900000 1.000000 5 5 1
2014-02-24T02:00:00Z 2014-02-24T04:00:00Z 225.000000 316.000000 111.000000 171.000000 4.800000 1.000000 5 5 1
2014-02-24T01:00:00Z 2014-02-24T03:00:00Z 228.000000 317.000000 110.000000 160.000000 4.800000 1.000000 5 5 1
2014-02-24T00:00:00Z 2014-02-24T02:00:00Z 221.000000 318.000000 109.000000 155.000000 4.900000 1.000000 5 5 1
2014-02-23T23:00:00Z 2014-02-24T01:00:00Z 219.000000 300.000000 107.000000 155.000000 4.700000 1.000000 5 5 1
2014-02-23T22:00:00Z 2014-02-24T00:00:00Z 220.000000 305.000000 105.000000 151.000000 4.700000 1.000000 5 5 1
2014-02-23T21:00:00Z 2014-02-23T23:00:00Z 246.000000 308.000000 105.000000 153.000000 4.800000 1.000000 5 5 1
2014-02-23T20:00:00Z 2014-02-23T22:00:00Z 215.000000 297.000000 104.000000 152.000000 4.500000 1.000000 5 5 1
2014-02-23T19:00:00Z 2014-02-23T21:00:00Z 237.000000 296.000000 106.000000 154.000000 4.300000 1.000000 5 5 1
2014-02-23T18:00:00Z 2014-02-23T20:00:00Z 204.000000 284.000000 106.000000 161.000000 4.300000 1.000000 5 5 1
2014-02-23T17:00:00Z 2014-02-23T19:00:00Z 216.000000 277.000000 97.000000 163.000000 4.100000 1.000000 5 5 1
2014-02-23T16:00:00Z 2014-02-23T18:00:00Z 209.000000 284.000000 95.000000 180.000000 4.400000 1.000000 5 5 1
2014-02-23T15:00:00Z 2014-02-23T17:00:00Z 187.000000 252.000000 94.000000 180.000000 4.200000 1.000000 5 5 1
2014-02-23T14:00:00Z 2014-02-23T16:00:00Z 170.000000 227.000000 84.000000 156.000000 3.500000 4.000000 5 5 1
2014-02-23T12:00:00Z 2014-02-23T14:00:00Z 170.000000 204.000000 82.000000 160.000000 3.400000 1.000000 5 5 1
2014-02-23T11:00:00Z 2014-02-23T13:00:00Z 166.000000 203.000000 80.000000 160.000000 3.500000 1.000000 5 5 1
2014-02-23T10:00:00Z 2014-02-23T12:00:00Z 157.000000 190.000000 81.000000 135.000000 3.000000 1.000000 5 5 1
2014-02-23T09:00:00Z 2014-02-23T11:00:00Z 184.000000 185.000000 80.000000 138.000000 3.000000 1.000000 5 5 1
2014-02-23T07:00:00Z 2014-02-23T09:00:00Z 180.000000 181.000000 82.000000 140.000000 3.300000 1.000000 5 5 1
2014-02-23T02:00:00Z 2014-02-23T04:00:00Z 197.000000 199.000000 60.000000 63.000000 2.800000 9.000000 5 5 1
2014-02-23T00:00:00Z 2014-02-23T02:00:00Z 206.000000 210.000000 83.000000 66.000000 2.300000 6.000000 5 5 1
2014-02-22T22:00:00Z 2014-02-23T00:00:00Z 234.000000 258.000000 98.000000 83.000000 2.900000 1.000000 5 5 1
2014-02-22T21:00:00Z 2014-02-22T23:00:00Z 212.000000 276.000000 106.000000 89.000000 3.000000 1.000000 5 5 1
2014-02-22T20:00:00Z 2014-02-22T22:00:00Z 207.000000 273.000000 110.000000 86.000000 3.300000 1.000000 5 5 1
2014-02-22T19:00:00Z 2014-02-22T21:00:00Z 211.000000 267.000000 108.000000 83.000000 3.200000 1.000000 5 5 1
2014-02-22T12:00:00Z 2014-02-22T14:00:00Z 244.000000 276.000000 90.000000 136.000000 2.900000 8.000000 5 5 1
2014-02-21T23:00:00Z 2014-02-22T01:00:00Z 246.000000 294.000000 119.000000 60.000000 3.400000 1.000000 5 6 1
2014-02-21T22:00:00Z 2014-02-22T00:00:00Z 244.000000 284.000000 119.000000 75.000000 3.000000 1.000000 5 6 1
2014-02-21T20:00:00Z 2014-02-21T22:00:00Z 240.000000 291.000000 124.000000 86.000000 2.800000 1.000000 5 5 1
2014-02-21T18:00:00Z 2014-02-21T20:00:00Z 236.000000 274.000000 107.000000 79.000000 2.300000 9.000000 5 5 1
2014-02-21T17:00:00Z 2014-02-21T19:00:00Z 245.000000 273.000000 113.000000 83.000000 2.400000 10.000000 5 5 1
2014-02-21T16:00:00Z 2014-02-21T18:00:00Z 250.000000 283.000000 99.000000 86.000000 2.400000 18.000000 5 5 1
2014-02-21T15:00:00Z 2014-02-21T17:00:00Z 242.000000 274.000000 92.000000 89.000000 2.300000 21.000000 5 5 1
2014-02-21T13:00:00Z 2014-02-21T15:00:00Z 220.000000 252.000000 86.000000 102.000000 2.400000 17.000000 5 5 1
2014-02-20T14:00:00Z 2014-02-20T16:00:00Z 185.000000 216.000000 82.000000 56.000000 2.300000 8.000000 5 6 1
2014-02-20T13:00:00Z 2014-02-20T15:00:00Z 204.000000 211.000000 77.000000 48.000000 2.300000 3.000000 5 6 1
2014-02-20T12:00:00Z 2014-02-20T14:00:00Z 190.000000 197.000000 74.000000 54.000000 2.200000 3.000000 5 5 1
2014-02-20T11:00:00Z 2014-02-20T13:00:00Z 170.000000 174.000000 78.000000 64.000000 2.400000 2.000000 5 5 1
2014-02-16T18:00:00Z 2014-02-16T20:00:00Z 218.000000 226.000000 89.000000 81.000000 3.000000 32.000000 5 6 1
2014-02-13T20:00:00Z 2014-02-13T22:00:00Z 233.000000 233.000000 100.000000 94.000000 4.000000 1.000000 5 5 1
2014-02-13T19:00:00Z 2014-02-13T21:00:00Z 219.000000 230.000000 98.000000 86.000000 3.600000 1.000000 5 5 1
2014-02-13T17:00:00Z 2014-02-13T19:00:00Z 187.000000 187.000000 86.000000 62.000000 2.400000 1.000000 5 5 1
2014-02-13T09:00:00Z 2014-02-13T11:00:00Z 157.000000 157.000000 83.000000 71.000000 2.500000 1.000000 5 5 1
2014-02-13T00:00:00Z 2014-02-13T02:00:00Z 152.000000 177.000000 112.000000 68.000000 3.500000 1.000000 5 5 1
2014-02-12T21:00:00Z 2014-02-12T23:00:00Z 151.000000 155.000000 113.000000 53.000000 2.200000 1.000000 5 4 1
2014-02-12T19:00:00Z 2014-02-12T21:00:00Z 160.000000 169.000000 107.000000 67.000000 2.200000 1.000000 5 5 1
2014-02-12T00:00:00Z 2014-02-12T02:00:00Z 172.000000 172.000000 105.000000 87.000000 4.100000 1.000000 5 5 1
2014-02-11T19:00:00Z 2014-02-11T21:00:00Z 168.000000 171.000000 96.000000 98.000000 2.500000 7.000000 5 4 1
2014-02-06T03:00:00Z 2014-02-06T05:00:00Z 154.000000 154.000000 73.000000 51.000000 2.600000 1.000000 5 4 1
2014-02-06T01:00:00Z 2014-02-06T03:00:00Z 166.000000 172.000000 81.000000 71.000000 3.500000 1.000000 5 5 1
2014-02-04T22:00:00Z 2014-02-05T00:00:00Z 157.000000 185.000000 48.000000 64.000000 1.000000 26.000000 5 2 0
2014-02-02T06:00:00Z 2014-02-02T08:00:00Z 151.000000 153.000000 54.000000 24.000000 2.600000 1.000000 5 4 0
2014-02-01T11:00:00Z 2014-02-01T13:00:00Z 170.000000 184.000000 71.000000 81.000000 2.200000 1.000000 5 3 0
2014-02-01T10:00:00Z 2014-02-01T12:00:00Z 158.000000 171.000000 63.000000 77.000000 1.900000 1.000000 5 4 0
2014-02-01T09:00:00Z 2014-02-01T11:00:00Z 155.000000 162.000000 63.000000 75.000000 1.800000 1.000000 5 5 0
2014-01-31T04:00:00Z 2014-01-31T06:00:00Z 151.000000 181.000000 54.000000 75.000000 1.900000 5.000000 5 4 1
2014-01-31T03:00:00Z 2014-01-31T05:00:00Z 226.000000 275.000000 50.000000 61.000000 1.600000 2.000000 5 4 1
2014-01-31T00:00:00Z 2014-01-31T02:00:00Z 152.000000 203.000000 55.000000 51.000000 1.200000 1.000000 5 6 1
2014-01-30T23:00:00Z 2014-01-31T01:00:00Z 158.000000 200.000000 62.000000 68.000000 1.400000 1.000000 5 6 1
2014-01-30T02:00:00Z 2014-01-30T04:00:00Z 170.000000 179.000000 75.000000 100.000000 3.000000 1.000000 5 2 1
2014-01-30T01:00:00Z 2014-01-30T03:00:00Z 187.000000 198.000000 92.000000 122.000000 3.100000 1.000000 5 3 1
2014-01-30T00:00:00Z 2014-01-30T02:00:00Z 207.000000 220.000000 97.000000 138.000000 3.400000 1.000000 5 5 1
2014-01-29T23:00:00Z 2014-01-30T01:00:00Z 208.000000 224.000000 96.000000 142.000000 3.300000 1.000000 5 5 1
2014-01-29T22:00:00Z 2014-01-30T00:00:00Z 216.000000 231.000000 105.000000 141.000000 3.700000 1.000000 5 5 1
2014-01-29T21:00:00Z 2014-01-29T23:00:00Z 189.000000 207.000000 101.000000 84.000000 2.700000 1.000000 5 5 1
2014-01-29T20:00:00Z 2014-01-29T22:00:00Z 189.000000 207.000000 100.000000 78.000000 2.600000 1.000000 5 5 1
2014-01-29T19:00:00Z 2014-01-29T21:00:00Z 176.000000 198.000000 103.000000 74.000000 2.600000 1.000000 5 5 1
2014-01-29T18:00:00Z 2014-01-29T20:00:00Z 167.000000 181.000000 102.000000 69.000000 2.400000 1.000000 5 5 1
2014-01-29T17:00:00Z 2014-01-29T19:00:00Z 171.000000 183.000000 98.000000 84.000000 2.300000 1.000000 5 5 1
2014-01-29T16:00:00Z 2014-01-29T18:00:00Z 158.000000 177.000000 94.000000 93.000000 2.200000 5.000000 5 5 1
2014-01-29T15:00:00Z 2014-01-29T17:00:00Z 155.000000 170.000000 84.000000 98.000000 2.000000 10.000000 5 5 1
2014-01-24T13:00:00Z 2014-01-24T15:00:00Z 152.000000 166.000000 97.000000 91.000000 2.700000 1.000000 5 3 1
2014-01-24T12:00:00Z 2014-01-24T14:00:00Z 162.000000 174.000000 94.000000 94.000000 2.800000 1.000000 5 3 1
2014-01-24T11:00:00Z 2014-01-24T13:00:00Z 188.000000 198.000000 93.000000 106.000000 3.000000 1.000000 5 5 1
2014-01-24T10:00:00Z 2014-01-24T12:00:00Z 180.000000 188.000000 94.000000 100.000000 3.000000 1.000000 5 5 1
2014-01-24T09:00:00Z 2014-01-24T11:00:00Z 206.000000 237.000000 107.000000 125.000000 3.300000 1.000000 5 5 1
2014-01-24T08:00:00Z 2014-01-24T10:00:00Z 223.000000 248.000000 116.000000 123.000000 3.400000 1.000000 5 5 1
2014-01-24T07:00:00Z 2014-01-24T09:00:00Z 221.000000 252.000000 118.000000 125.000000 3.600000 1.000000 5 5 1
2014-01-24T06:00:00Z 2014-01-24T08:00:00Z 215.000000 233.000000 110.000000 124.000000 3.500000 1.000000 5 5 1
2014-01-24T05:00:00Z 2014-01-24T07:00:00Z 235.000000 253.000000 115.000000 135.000000 4.200000 1.000000 5 5 1
2014-01-23T20:00:00Z 2014-01-23T22:00:00Z 250.000000 311.000000 132.000000 104.000000 4.800000 1.000000 5 6 1
2014-01-23T19:00:00Z 2014-01-23T21:00:00Z 230.000000 287.000000 134.000000 117.000000 4.200000 1.000000 5 6 1
2014-01-23T18:00:00Z 2014-01-23T20:00:00Z 212.000000 243.000000 136.000000 138.000000 3.400000 1.000000 5 5 1
2014-01-23T17:00:00Z 2014-01-23T19:00:00Z 206.000000 235.000000 141.000000 149.000000 3.200000 1.000000 5 5 1
2014-01-23T16:00:00Z 2014-01-23T18:00:00Z 202.000000 223.000000 123.000000 153.000000 2.900000 1.000000 5 5 1
2014-01-23T15:00:00Z 2014-01-23T17:00:00Z 200.000000 217.000000 113.000000 156.000000 2.700000 3.000000 5 5 1
2014-01-23T14:00:00Z 2014-01-23T16:00:00Z 200.000000 223.000000 116.000000 161.000000 3.100000 1.000000 5 5 1
2014-01-23T13:00:00Z 2014-01-23T15:00:00Z 223.000000 249.000000 126.000000 164.000000 3.600000 1.000000 5 5 1
2014-01-23T12:00:00Z 2014-01-23T14:00:00Z 208.000000 242.000000 126.000000 150.000000 3.800000 1.000000 5 5 1
2014-01-23T11:00:00Z 2014-01-23T13:00:00Z 190.000000 229.000000 132.000000 142.000000 3.800000 1.000000 5 5 1
2014-01-23T09:00:00Z 2014-01-23T11:00:00Z 178.000000 210.000000 122.000000 136.000000 3.800000 1.000000 5 5 1
2014-01-23T07:00:00Z 2014-01-23T09:00:00Z 173.000000 186.000000 119.000000 115.000000 4.100000 1.000000 5 5 1
2014-01-23T06:00:00Z 2014-01-23T08:00:00Z 190.000000 202.000000 115.000000 115.000000 4.400000 1.000000 5 5 1
2014-01-23T05:00:00Z 2014-01-23T07:00:00Z 216.000000 228.000000 116.000000 118.000000 4.600000 1.000000 5 5 1
2014-01-23T04:00:00Z 2014-01-23T06:00:00Z 250.000000 269.000000 119.000000 128.000000 5.300000 1.000000 5 5 1
2014-01-23T00:00:00Z 2014-01-23T02:00:00Z 168.000000 192.000000 121.000000 91.000000 4.100000 1.000000 5 6 1
2014-01-22T23:00:00Z 2014-01-23T01:00:00Z 172.000000 192.000000 123.000000 90.000000 3.900000 1.000000 5 6 1
2014-01-22T22:00:00Z 2014-01-23T00:00:00Z 180.000000 207.000000 124.000000 97.000000 2.800000 1.000000 5 5 1
2014-01-22T21:00:00Z 2014-01-22T23:00:00Z 178.000000 212.000000 124.000000 94.000000 2.500000 1.000000 5 5 1
2014-01-22T20:00:00Z 2014-01-22T22:00:00Z 176.000000 211.000000 128.000000 93.000000 2.500000 1.000000 5 5 1
2014-01-22T19:00:00Z 2014-01-22T21:00:00Z 164.000000 201.000000 136.000000 89.000000 2.700000 1.000000 5 5 1
2014-01-19T17:00:00Z 2014-01-19T19:00:00Z 182.000000 219.000000 124.000000 98.000000 3.500000 1.000000 5 1 1
2014-01-19T16:00:00Z 2014-01-19T18:00:00Z 171.000000 213.000000 117.000000 101.000000 3.500000 1.000000 5 4 1
2014-01-19T14:00:00Z 2014-01-19T16:00:00Z 173.000000 186.000000 90.000000 116.000000 3.000000 6.000000 5 5 1
2014-01-17T23:00:00Z 2014-01-18T01:00:00Z 239.000000 285.000000 111.000000 48.000000 4.000000 1.000000 5 1 1
2014-01-17T21:00:00Z 2014-01-17T23:00:00Z 176.000000 243.000000 100.000000 42.000000 3.300000 4.000000 5 5 1
2014-01-16T18:00:00Z 2014-01-16T20:00:00Z 230.000000 261.000000 126.000000 132.000000 2.800000 1.000000 5 6 1
2014-01-13T22:00:00Z 2014-01-14T00:00:00Z 153.000000 189.000000 126.000000 101.000000 3.300000 1.000000 5 4 1
2014-01-11T22:00:00Z 2014-01-12T00:00:00Z 184.000000 236.000000 133.000000 97.000000 4.000000 1.000000 5 1 1
2014-01-11T21:00:00Z 2014-01-11T23:00:00Z 173.000000 217.000000 127.000000 92.000000 3.400000 1.000000 5 3 1
2014-01-11T20:00:00Z 2014-01-11T22:00:00Z 176.000000 222.000000 130.000000 99.000000 3.200000 1.000000 5 5 1
2014-01-11T19:00:00Z 2014-01-11T21:00:00Z 179.000000 233.000000 129.000000 112.000000 3.000000 1.000000 5 5 1
2014-01-11T18:00:00Z 2014-01-11T20:00:00Z 160.000000 222.000000 135.000000 100.000000 3.100000 1.000000 5 5 1
2014-01-11T17:00:00Z 2014-01-11T19:00:00Z 163.000000 237.000000 158.000000 94.000000 3.400000 1.000000 5 5 1
2014-01-11T04:00:00Z 2014-01-11T06:00:00Z 156.000000 224.000000 101.000000 101.000000 4.600000 1.000000 5 3 1
2014-01-07T09:00:00Z 2014-01-07T11:00:00Z 163.000000 166.000000 71.000000 62.000000 2.700000 1.000000 5 4 1
2014-01-06T21:00:00Z 2014-01-06T23:00:00Z 157.000000 163.000000 86.000000 72.000000 2.400000 1.000000 5 5 1
2014-01-06T20:00:00Z 2014-01-06T22:00:00Z 160.000000 171.000000 87.000000 80.000000 2.400000 1.000000 5 5 1
2014-01-05T05:00:00Z 2014-01-05T07:00:00Z 170.000000 233.000000 92.000000 41.000000 3.700000 1.000000 5 4 0
2014-01-05T03:00:00Z 2014-01-05T05:00:00Z 153.000000 193.000000 93.000000 56.000000 2.800000 1.000000 5 5 0
2014-01-04T23:00:00Z 2014-01-05T01:00:00Z 183.000000 226.000000 100.000000 82.000000 3.500000 1.000000 5 4 0
2014-01-04T22:00:00Z 2014-01-05T00:00:00Z 184.000000 225.000000 95.000000 76.000000 3.500000 1.000000 5 4 0
2014-01-04T21:00:00Z 2014-01-04T23:00:00Z 167.000000 213.000000 98.000000 71.000000 3.000000 1.000000 5 5 0
2014-01-04T20:00:00Z 2014-01-04T22:00:00Z 179.000000 236.000000 106.000000 61.000000 3.200000 1.000000 5 5 0
2014-01-04T19:00:00Z 2014-01-04T21:00:00Z 185.000000 230.000000 101.000000 56.000000 2.800000 1.000000 5 5 0
2014-01-04T18:00:00Z 2014-01-04T20:00:00Z 176.000000 217.000000 99.000000 54.000000 2.600000 1.000000 5 5 0
2014-01-04T17:00:00Z 2014-01-04T19:00:00Z 174.000000 210.000000 97.000000 54.000000 2.500000 1.000000 5 5 0
2014-01-04T16:00:00Z 2014-01-04T18:00:00Z 154.000000 190.000000 91.000000 61.000000 2.300000 1.000000 5 5 0
2014-01-03T01:00:00Z 2014-01-03T03:00:00Z 166.000000 219.000000 107.000000 112.000000 3.900000 1.000000 5 2 0
2014-01-03T00:00:00Z 2014-01-03T02:00:00Z 197.000000 291.000000 120.000000 138.000000 4.800000 1.000000 5 3 0
2014-01-02T23:00:00Z 2014-01-03T01:00:00Z 197.000000 299.000000 134.000000 140.000000 5.000000 1.000000 5 5 0
2014-01-02T22:00:00Z 2014-01-03T00:00:00Z 180.000000 265.000000 127.000000 146.000000 4.600000 1.000000 5 5 0
2014-01-02T21:00:00Z 2014-01-02T23:00:00Z 181.000000 253.000000 127.000000 123.000000 4.200000 1.000000 5 5 0
2014-01-02T20:00:00Z 2014-01-02T22:00:00Z 159.000000 239.000000 126.000000 86.000000 4.100000 1.000000 5 5 0
2014-01-02T17:00:00Z 2014-01-02T19:00:00Z 169.000000 201.000000 106.000000 78.000000 2.900000 1.000000 5 4 0
2013-12-25T08:00:00Z 2013-12-25T10:00:00Z 235.000000 269.000000 145.000000 116.000000 5.700000 1.000000 5 6 1
2013-12-25T07:00:00Z 2013-12-25T09:00:00Z 248.000000 280.000000 144.000000 101.000000 5.900000 1.000000 5 6 1
