2014-10-05T08:00:00Z 2014-10-05T10:00:00Z 46.000000 62.000000 48.000000 2.000000 0.900000 3.000000 2 1 0
2014-10-03T13:00:00Z 2014-10-03T15:00:00Z 46.000000 64.000000 40.000000 6.000000 0.900000 2.000000 2 4 0
2014-10-03T11:00:00Z 2014-10-03T13:00:00Z 46.000000 64.000000 40.000000 6.000000 0.900000 2.000000 2 2 0
2014-10-03T09:00:00Z 2014-10-03T11:00:00Z 51.000000 75.000000 41.000000 5.000000 0.900000 2.000000 2 2 0
2014-10-03T08:00:00Z 2014-10-03T10:00:00Z 54.000000 66.000000 43.000000 5.000000 0.900000 2.000000 2 2 0
2014-10-03T07:00:00Z 2014-10-03T09:00:00Z 54.000000 65.000000 49.000000 6.000000 1.000000 2.000000 2 2 0
2014-10-03T04:00:00Z 2014-10-03T06:00:00Z 75.000000 105.000000 66.000000 5.000000 1.200000 2.000000 2 3 0
2014-10-02T23:00:00Z 2014-10-03T01:00:00Z 67.000000 133.000000 87.000000 8.000000 1.100000 2.000000 2 3 0
2014-10-02T22:00:00Z 2014-10-03T00:00:00Z 67.000000 133.000000 87.000000 8.000000 1.100000 2.000000 2 3 0
2014-10-02T21:00:00Z 2014-10-02T23:00:00Z 58.000000 129.000000 79.000000 7.000000 1.300000 2.000000 2 2 0
2014-10-02T20:00:00Z 2014-10-02T22:00:00Z 58.000000 141.000000 82.000000 8.000000 1.600000 2.000000 2 2 0
2014-10-02T19:00:00Z 2014-10-02T21:00:00Z 50.000000 128.000000 87.000000 6.000000 0.900000 2.000000 2 2 0
2014-10-02T08:00:00Z 2014-10-02T10:00:00Z 71.000000 82.000000 55.000000 5.000000 1.000000 2.000000 2 3 0
2014-10-01T08:00:00Z 2014-10-01T10:00:00Z 60.000000 99.000000 57.000000 9.000000 0.700000 2.000000 2 2 0
2014-10-01T07:00:00Z 2014-10-01T09:00:00Z 43.000000 82.000000 57.000000 8.000000 0.600000 2.000000 2 2 0
2014-10-01T06:00:00Z 2014-10-01T08:00:00Z 50.000000 88.000000 61.000000 8.000000 0.600000 2.000000 2 2 0
2014-10-01T04:00:00Z 2014-10-01T06:00:00Z 64.000000 125.000000 69.000000 10.000000 0.700000 2.000000 2 2 0
2014-09-30T23:00:00Z 2014-10-01T01:00:00Z 64.000000 118.000000 62.000000 10.000000 0.800000 8.000000 2 3 1
2014-09-30T22:00:00Z 2014-10-01T00:00:00Z 56.000000 111.000000 65.000000 7.000000 0.700000 9.000000 2 3 1
2014-09-30T21:00:00Z 2014-09-30T23:00:00Z 50.000000 100.000000 70.000000 7.000000 0.700000 9.000000 2 2 1
2014-09-28T21:00:00Z 2014-09-28T23:00:00Z 50.000000 98.000000 105.000000 8.000000 1.000000 2.000000 2 3 1
2014-09-28T20:00:00Z 2014-09-28T22:00:00Z 46.000000 81.000000 84.000000 8.000000 0.900000 24.000000 2 2 1
2014-09-28T11:00:00Z 2014-09-28T13:00:00Z 58.000000 130.000000 76.000000 12.000000 1.300000 2.000000 2 3 1
2014-09-28T10:00:00Z 2014-09-28T12:00:00Z 45.000000 115.000000 65.000000 8.000000 0.900000 2.000000 2 3 1
2014-09-28T09:00:00Z 2014-09-28T11:00:00Z 38.000000 93.000000 60.000000 7.000000 0.700000 2.000000 2 2 1
2014-09-28T07:00:00Z 2014-09-28T09:00:00Z 44.000000 106.000000 66.000000 7.000000 0.600000 2.000000 2 2 1
2014-09-28T05:00:00Z 2014-09-28T07:00:00Z 46.000000 94.000000 70.000000 7.000000 0.600000 2.000000 2 2 1
2014-09-28T04:00:00Z 2014-09-28T06:00:00Z 59.000000 105.000000 88.000000 9.000000 0.700000 2.000000 2 2 1
2014-09-28T03:00:00Z 2014-09-28T05:00:00Z 73.000000 145.000000 100.000000 8.000000 1.000000 2.000000 2 2 1
2014-09-28T02:00:00Z 2014-09-28T04:00:00Z 74.000000 156.000000 111.000000 10.000000 1.500000 2.000000 2 2 1
2014-09-27T19:00:00Z 2014-09-27T21:00:00Z 37.000000 75.000000 69.000000 4.000000 0.400000 54.000000 2 2 1
2014-09-27T06:00:00Z 2014-09-27T08:00:00Z 41.000000 94.000000 44.000000 2.000000 0.500000 19.000000 2 1 1
2014-09-25T06:00:00Z 2014-09-25T08:00:00Z 68.000000 96.000000 70.000000 7.000000 1.100000 2.000000 2 3 1
2014-09-24T22:00:00Z 2014-09-25T00:00:00Z 75.000000 90.000000 76.000000 4.000000 1.100000 26.000000 2 3 1
2014-09-24T20:00:00Z 2014-09-24T22:00:00Z 58.000000 92.000000 57.000000 4.000000 0.800000 58.000000 2 2 1
2014-09-21T11:00:00Z 2014-09-21T13:00:00Z 58.000000 79.000000 62.000000 20.000000 1.500000 38.000000 2 3 1
2014-09-21T09:00:00Z 2014-09-21T11:00:00Z 58.000000 66.000000 62.000000 16.000000 1.900000 32.000000 2 2 1
2014-09-19T19:00:00Z 2014-09-19T21:00:00Z 59.000000 83.000000 51.000000 7.000000 0.600000 109.000000 2 3 1
2014-09-19T18:00:00Z 2014-09-19T20:00:00Z 64.000000 83.000000 46.000000 8.000000 0.500000 114.000000 2 3 1
2014-09-19T17:00:00Z 2014-09-19T19:00:00Z 70.000000 83.000000 45.000000 10.000000 0.500000 107.000000 2 2 1
2014-09-19T16:00:00Z 2014-09-19T18:00:00Z 74.000000 83.000000 36.000000 10.000000 0.500000 121.000000 2 2 1
2014-09-19T02:00:00Z 2014-09-19T04:00:00Z 69.000000 129.000000 92.000000 4.000000 0.500000 20.000000 2 3 1
2014-09-19T00:00:00Z 2014-09-19T02:00:00Z 55.000000 136.000000 70.000000 4.000000 0.500000 48.000000 2 2 1
2014-09-18T22:00:00Z 2014-09-19T00:00:00Z 62.000000 143.000000 96.000000 6.000000 0.700000 32.000000 2 2 1
2014-09-18T20:00:00Z 2014-09-18T22:00:00Z 46.000000 85.000000 84.000000 2.000000 0.600000 66.000000 2 2 1
2014-09-18T19:00:00Z 2014-09-18T21:00:00Z 41.000000 129.000000 64.000000 4.000000 0.500000 99.000000 2 2 1
2014-09-18T18:00:00Z 2014-09-18T20:00:00Z 40.000000 92.000000 54.000000 4.000000 0.400000 119.000000 2 2 1
2014-09-18T17:00:00Z 2014-09-18T19:00:00Z 52.000000 93.000000 52.000000 6.000000 0.400000 137.000000 2 2 1
2014-09-17T22:00:00Z 2014-09-18T00:00:00Z 56.000000 112.000000 89.000000 3.000000 0.800000 4.000000 2 2 1
2014-09-17T20:00:00Z 2014-09-17T22:00:00Z 38.000000 99.000000 68.000000 3.000000 0.500000 37.000000 2 2 1
2014-09-17T01:00:00Z 2014-09-17T03:00:00Z 36.000000 74.000000 70.000000 5.000000 0.500000 2.000000 2 1 1
2014-09-17T00:00:00Z 2014-09-17T02:00:00Z 50.000000 93.000000 80.000000 7.000000 0.600000 2.000000 2 1 1
2014-09-16T22:00:00Z 2014-09-17T00:00:00Z 64.000000 136.000000 96.000000 10.000000 0.600000 2.000000 2 2 1
2014-09-16T17:00:00Z 2014-09-16T19:00:00Z 68.000000 178.000000 125.000000 8.000000 0.700000 6.000000 2 3 1
2014-09-16T15:00:00Z 2014-09-16T17:00:00Z 40.000000 93.000000 94.000000 7.000000 0.600000 16.000000 2 2 1
2014-09-16T04:00:00Z 2014-09-16T06:00:00Z 38.000000 84.000000 69.000000 7.000000 0.300000 2.000000 2 1 1
2014-09-16T02:00:00Z 2014-09-16T04:00:00Z 39.000000 114.000000 73.000000 8.000000 0.500000 2.000000 2 2 1
2014-09-15T01:00:00Z 2014-09-15T03:00:00Z 45.000000 106.000000 74.000000 6.000000 0.800000 2.000000 2 1 1
2014-09-14T22:00:00Z 2014-09-15T00:00:00Z 38.000000 150.000000 82.000000 4.000000 0.700000 2.000000 2 2 1
2014-09-13T02:00:00Z 2014-09-13T04:00:00Z 66.000000 116.000000 90.000000 4.000000 0.700000 2.000000 2 2 1
2014-09-13T01:00:00Z 2014-09-13T03:00:00Z 66.000000 124.000000 93.000000 3.000000 0.800000 2.000000 2 2 1
2014-09-13T00:00:00Z 2014-09-13T02:00:00Z 66.000000 124.000000 94.000000 4.000000 0.800000 2.000000 2 2 1
2014-09-12T22:00:00Z 2014-09-13T00:00:00Z 59.000000 100.000000 80.000000 3.000000 0.700000 10.000000 2 2 1
2014-09-12T20:00:00Z 2014-09-12T22:00:00Z 58.000000 94.000000 92.000000 4.000000 0.700000 9.000000 2 2 1
2014-09-12T18:00:00Z 2014-09-12T20:00:00Z 61.000000 112.000000 78.000000 6.000000 0.600000 46.000000 2 2 1
2014-09-12T16:00:00Z 2014-09-12T18:00:00Z 43.000000 62.000000 54.000000 9.000000 0.500000 87.000000 2 2 1
2014-09-12T13:00:00Z 2014-09-12T15:00:00Z 64.000000 78.000000 81.000000 4.000000 0.700000 35.000000 2 2 1
2014-09-12T09:00:00Z 2014-09-12T11:00:00Z 56.000000 65.000000 70.000000 2.000000 0.600000 14.000000 2 2 1
2014-09-11T02:00:00Z 2014-09-11T04:00:00Z 65.000000 175.000000 113.000000 2.000000 1.200000 18.000000 2 3 1
2014-09-11T01:00:00Z 2014-09-11T03:00:00Z 63.000000 159.000000 136.000000 7.000000 1.300000 10.000000 2 2 1
2014-09-11T00:00:00Z 2014-09-11T02:00:00Z 75.000000 166.000000 154.000000 10.000000 1.200000 17.000000 2 2 1
2014-09-10T22:00:00Z 2014-09-11T00:00:00Z 61.000000 150.000000 123.000000 7.000000 0.800000 36.000000 2 2 1
2014-09-10T20:00:00Z 2014-09-10T22:00:00Z 56.000000 141.000000 81.000000 13.000000 0.700000 99.000000 2 2 1
2014-09-10T19:00:00Z 2014-09-10T21:00:00Z 52.000000 120.000000 60.000000 14.000000 0.700000 147.000000 2 2 1
2014-09-10T17:00:00Z 2014-09-10T19:00:00Z 42.000000 106.000000 43.000000 12.000000 0.600000 152.000000 2 2 1
2014-09-10T03:00:00Z 2014-09-10T05:00:00Z 55.000000 128.000000 66.000000 8.000000 0.700000 30.000000 2 3 1
2014-09-10T02:00:00Z 2014-09-10T04:00:00Z 51.000000 119.000000 81.000000 10.000000 0.900000 29.000000 2 3 1
2014-09-10T01:00:00Z 2014-09-10T03:00:00Z 51.000000 124.000000 86.000000 9.000000 0.800000 42.000000 2 2 1
2014-09-10T00:00:00Z 2014-09-10T02:00:00Z 57.000000 116.000000 80.000000 12.000000 0.800000 57.000000 2 2 1
2014-09-09T23:00:00Z 2014-09-10T01:00:00Z 70.000000 171.000000 132.000000 8.000000 1.000000 23.000000 2 2 1
2014-09-09T22:00:00Z 2014-09-10T00:00:00Z 69.000000 194.000000 147.000000 3.000000 1.000000 4.000000 2 2 1
2014-09-09T21:00:00Z 2014-09-09T23:00:00Z 57.000000 156.000000 108.000000 6.000000 1.000000 56.000000 2 2 1
2014-09-09T20:00:00Z 2014-09-09T22:00:00Z 50.000000 129.000000 66.000000 8.000000 0.600000 108.000000 2 2 1
2014-09-09T18:00:00Z 2014-09-09T20:00:00Z 41.000000 119.000000 45.000000 8.000000 0.400000 138.000000 2 2 1
2014-09-09T16:00:00Z 2014-09-09T18:00:00Z 52.000000 100.000000 34.000000 9.000000 0.500000 179.000000 2 2 1
2014-09-09T14:00:00Z 2014-09-09T16:00:00Z 61.000000 115.000000 52.000000 9.000000 0.600000 149.000000 2 2 1
2014-09-09T04:00:00Z 2014-09-09T06:00:00Z 37.000000 85.000000 84.000000 3.000000 0.500000 2.000000 2 1 1
2014-09-09T01:00:00Z 2014-09-09T03:00:00Z 36.000000 100.000000 107.000000 5.000000 0.500000 2.000000 2 1 1
2014-09-05T06:00:00Z 2014-09-05T08:00:00Z 75.000000 149.000000 105.000000 5.000000 1.300000 2.000000 2 3 0
2014-09-05T01:00:00Z 2014-09-05T03:00:00Z 72.000000 207.000000 138.000000 7.000000 0.900000 2.000000 2 3 0
2014-09-05T00:00:00Z 2014-09-05T02:00:00Z 64.000000 164.000000 96.000000 7.000000 0.900000 48.000000 2 2 0
2014-09-04T23:00:00Z 2014-09-05T01:00:00Z 60.000000 143.000000 55.000000 11.000000 0.700000 102.000000 2 2 0
2014-09-04T21:00:00Z 2014-09-04T23:00:00Z 57.000000 144.000000 69.000000 9.000000 0.600000 122.000000 2 2 0
2014-09-04T13:00:00Z 2014-09-04T15:00:00Z 59.000000 101.000000 136.000000 8.000000 1.000000 85.000000 2 1 0
2014-08-31T19:00:00Z 2014-08-31T21:00:00Z 61.000000 63.000000 31.000000 2.000000 0.600000 116.000000 2 3 1
2014-08-31T15:00:00Z 2014-08-31T17:00:00Z 73.000000 74.000000 24.000000 2.000000 0.900000 149.000000 2 3 1
2014-08-29T14:00:00Z 2014-08-29T16:00:00Z 71.000000 82.000000 42.000000 3.000000 0.800000 135.000000 2 3 1
2014-08-29T12:00:00Z 2014-08-29T14:00:00Z 56.000000 66.000000 27.000000 2.000000 0.700000 130.000000 2 2 1
2014-08-29T10:00:00Z 2014-08-29T12:00:00Z 59.000000 71.000000 31.000000 2.000000 0.800000 94.000000 2 2 1
2014-08-28T09:00:00Z 2014-08-28T11:00:00Z 62.000000 95.000000 38.000000 4.000000 0.500000 119.000000 2 2 1
2014-08-28T06:00:00Z 2014-08-28T08:00:00Z 68.000000 107.000000 50.000000 4.000000 0.900000 87.000000 2 2 1
2014-08-27T20:00:00Z 2014-08-27T22:00:00Z 74.000000 149.000000 60.000000 14.000000 0.600000 133.000000 2 3 1
2014-08-27T19:00:00Z 2014-08-27T21:00:00Z 71.000000 134.000000 42.000000 18.000000 0.500000 166.000000 2 3 1
2014-08-27T18:00:00Z 2014-08-27T20:00:00Z 73.000000 131.000000 30.000000 18.000000 0.500000 182.000000 2 2 1
2014-08-27T06:00:00Z 2014-08-27T08:00:00Z 38.000000 101.000000 100.000000 5.000000 0.800000 2.000000 2 1 1
2014-08-27T05:00:00Z 2014-08-27T07:00:00Z 40.000000 107.000000 106.000000 7.000000 0.700000 2.000000 2 1 1
2014-08-27T04:00:00Z 2014-08-27T06:00:00Z 51.000000 140.000000 115.000000 9.000000 0.700000 2.000000 2 2 1
2014-08-27T03:00:00Z 2014-08-27T05:00:00Z 56.000000 193.000000 131.000000 9.000000 0.800000 2.000000 2 2 1
2014-08-27T02:00:00Z 2014-08-27T04:00:00Z 51.000000 146.000000 133.000000 6.000000 0.800000 2.000000 2 2 1
2014-08-27T01:00:00Z 2014-08-27T03:00:00Z 40.000000 119.000000 137.000000 5.000000 0.900000 2.000000 2 2 1
2014-08-27T00:00:00Z 2014-08-27T02:00:00Z 44.000000 212.000000 141.000000 6.000000 0.800000 2.000000 2 2 1
2014-08-26T23:00:00Z 2014-08-27T01:00:00Z 41.000000 160.000000 144.000000 8.000000 0.900000 2.000000 2 2 1
2014-08-26T05:00:00Z 2014-08-26T07:00:00Z 38.000000 104.000000 96.000000 6.000000 0.500000 2.000000 2 1 1
2014-08-26T03:00:00Z 2014-08-26T05:00:00Z 38.000000 116.000000 111.000000 7.000000 0.500000 2.000000 2 2 1
2014-08-26T01:00:00Z 2014-08-26T03:00:00Z 40.000000 127.000000 117.000000 5.000000 0.500000 2.000000 2 2 1
2014-08-26T00:00:00Z 2014-08-26T02:00:00Z 45.000000 170.000000 117.000000 6.000000 0.600000 6.000000 2 1 1
2014-08-25T23:00:00Z 2014-08-26T01:00:00Z 39.000000 116.000000 109.000000 4.000000 0.500000 22.000000 2 2 1
2014-08-24T23:00:00Z 2014-08-25T01:00:00Z 46.000000 62.000000 50.000000 2.000000 0.700000 72.000000 2 1 1
2014-08-24T22:00:00Z 2014-08-25T00:00:00Z 44.000000 72.000000 37.000000 2.000000 0.600000 102.000000 2 2 1
2014-08-22T12:00:00Z 2014-08-22T14:00:00Z 42.000000 56.000000 68.000000 2.000000 0.600000 48.000000 2 2 1
2014-08-19T18:00:00Z 2014-08-19T20:00:00Z 54.000000 105.000000 29.000000 5.000000 0.500000 185.000000 2 3 1
2014-08-19T17:00:00Z 2014-08-19T19:00:00Z 57.000000 70.000000 27.000000 6.000000 0.500000 181.000000 2 3 1
2014-08-19T16:00:00Z 2014-08-19T18:00:00Z 60.000000 96.000000 27.000000 6.000000 0.500000 198.000000 2 2 1
2014-08-19T15:00:00Z 2014-08-19T17:00:00Z 62.000000 99.000000 26.000000 6.000000 0.600000 210.000000 2 2 1
2014-08-19T02:00:00Z 2014-08-19T04:00:00Z 73.000000 106.000000 38.000000 6.000000 0.700000 79.000000 2 3 1
2014-08-19T00:00:00Z 2014-08-19T02:00:00Z 73.000000 123.000000 37.000000 8.000000 1.000000 122.000000 2 2 1
2014-08-18T20:00:00Z 2014-08-18T22:00:00Z 75.000000 130.000000 39.000000 5.000000 0.600000 135.000000 2 3 1
2014-08-18T09:00:00Z 2014-08-18T11:00:00Z 54.000000 106.000000 68.000000 5.000000 0.600000 46.000000 2 2 1
2014-08-17T21:00:00Z 2014-08-17T23:00:00Z 52.000000 88.000000 48.000000 8.000000 0.900000 146.000000 2 3 1
2014-08-17T20:00:00Z 2014-08-17T22:00:00Z 45.000000 144.000000 49.000000 6.000000 0.600000 166.000000 2 2 1
2014-08-17T16:00:00Z 2014-08-17T18:00:00Z 44.000000 64.000000 28.000000 6.000000 0.400000 189.000000 2 1 1
2014-06-03T04:00:00Z 2014-06-03T06:00:00Z 38.000000 57.000000 86.000000 2.000000 0.300000 25.000000 2 1 0
2014-06-03T03:00:00Z 2014-06-03T05:00:00Z 51.000000 70.000000 116.000000 2.000000 0.500000 2.000000 2 1 0
2014-06-03T01:00:00Z 2014-06-03T03:00:00Z 47.000000 99.000000 103.000000 2.000000 0.700000 16.000000 2 2 0
2014-06-02T22:00:00Z 2014-06-03T00:00:00Z 38.000000 63.000000 62.000000 2.000000 0.600000 79.000000 2 2 0
2014-06-01T17:00:00Z 2014-06-01T19:00:00Z 72.000000 168.000000 32.000000 4.000000 0.800000 159.000000 2 2 0
2014-06-01T09:00:00Z 2014-06-01T11:00:00Z 42.000000 62.000000 38.000000 4.000000 0.400000 101.000000 2 1 0
2014-06-01T07:00:00Z 2014-06-01T09:00:00Z 49.000000 53.000000 33.000000 4.000000 0.500000 107.000000 2 2 0
2014-05-27T04:00:00Z 2014-05-27T06:00:00Z 45.000000 67.000000 97.000000 7.000000 0.500000 2.000000 2 2 1
2014-05-26T23:00:00Z 2014-05-27T01:00:00Z 39.000000 62.000000 118.000000 6.000000 0.800000 2.000000 2 1 1
2014-05-26T16:00:00Z 2014-05-26T18:00:00Z 39.000000 135.000000 40.000000 7.000000 0.300000 150.000000 2 1 1
2014-05-26T07:00:00Z 2014-05-26T09:00:00Z 42.000000 192.000000 71.000000 5.000000 0.600000 2.000000 2 1 1
2014-05-24T07:00:00Z 2014-05-24T09:00:00Z 66.000000 70.000000 30.000000 4.000000 0.500000 74.000000 2 3 1
2014-05-24T06:00:00Z 2014-05-24T08:00:00Z 70.000000 81.000000 39.000000 4.000000 0.500000 70.000000 2 3 1
2014-05-23T20:00:00Z 2014-05-23T22:00:00Z 68.000000 155.000000 46.000000 13.000000 0.500000 152.000000 2 3 1
2014-05-23T18:00:00Z 2014-05-23T20:00:00Z 55.000000 92.000000 34.000000 14.000000 0.400000 174.000000 2 2 1
2014-05-23T17:00:00Z 2014-05-23T19:00:00Z 59.000000 140.000000 27.000000 14.000000 0.400000 189.000000 2 2 1
2014-05-23T16:00:00Z 2014-05-23T18:00:00Z 57.000000 143.000000 24.000000 13.000000 0.400000 183.000000 2 2 1
2014-05-23T00:00:00Z 2014-05-23T02:00:00Z 72.000000 138.000000 54.000000 14.000000 0.500000 112.000000 2 3 1
2014-05-22T23:00:00Z 2014-05-23T01:00:00Z 69.000000 77.000000 44.000000 11.000000 0.400000 118.000000 2 3 1
2014-05-22T22:00:00Z 2014-05-23T00:00:00Z 67.000000 155.000000 58.000000 9.000000 0.500000 89.000000 2 2 1
2014-05-22T21:00:00Z 2014-05-22T23:00:00Z 63.000000 121.000000 52.000000 10.000000 0.500000 110.000000 2 2 1
2014-05-22T20:00:00Z 2014-05-22T22:00:00Z 60.000000 198.000000 40.000000 10.000000 0.500000 131.000000 2 2 1
2014-05-22T19:00:00Z 2014-05-22T21:00:00Z 43.000000 166.000000 27.000000 9.000000 0.400000 136.000000 2 2 1
2014-05-22T18:00:00Z 2014-05-22T20:00:00Z 50.000000 60.000000 25.000000 9.000000 0.400000 148.000000 2 2 1
2014-05-22T17:00:00Z 2014-05-22T19:00:00Z 62.000000 166.000000 25.000000 10.000000 0.400000 166.000000 2 2 1
2014-05-22T16:00:00Z 2014-05-22T18:00:00Z 64.000000 170.000000 25.000000 11.000000 0.400000 182.000000 2 2 1
2014-05-22T15:00:00Z 2014-05-22T17:00:00Z 72.000000 144.000000 26.000000 12.000000 0.400000 183.000000 2 2 1
2014-05-20T20:00:00Z 2014-05-20T22:00:00Z 38.000000 107.000000 45.000000 7.000000 0.600000 154.000000 2 4 1
2014-05-20T12:00:00Z 2014-05-20T14:00:00Z 51.000000 96.000000 21.000000 4.000000 0.300000 110.000000 2 1 1
2014-05-20T11:00:00Z 2014-05-20T13:00:00Z 67.000000 170.000000 19.000000 4.000000 0.200000 99.000000 2 1 1
2014-05-20T10:00:00Z 2014-05-20T12:00:00Z 63.000000 210.000000 22.000000 6.000000 0.300000 82.000000 2 2 1
2014-05-20T09:00:00Z 2014-05-20T11:00:00Z 39.000000 42.000000 25.000000 8.000000 0.400000 70.000000 2 2 1
2014-05-19T03:00:00Z 2014-05-19T05:00:00Z 65.000000 120.000000 27.000000 11.000000 0.400000 128.000000 2 3 1
2014-05-18T09:00:00Z 2014-05-18T11:00:00Z 75.000000 176.000000 91.000000 32.000000 1.000000 16.000000 2 3 1
2014-05-18T01:00:00Z 2014-05-18T03:00:00Z 58.000000 153.000000 110.000000 10.000000 0.700000 29.000000 2 3 1
2014-05-17T23:00:00Z 2014-05-18T01:00:00Z 50.000000 160.000000 46.000000 12.000000 0.600000 110.000000 2 2 1
2014-05-17T21:00:00Z 2014-05-17T23:00:00Z 63.000000 196.000000 52.000000 13.000000 0.700000 126.000000 2 2 1
2014-05-17T20:00:00Z 2014-05-17T22:00:00Z 50.000000 128.000000 50.000000 14.000000 0.600000 149.000000 2 2 1
2014-05-17T19:00:00Z 2014-05-17T21:00:00Z 45.000000 107.000000 32.000000 15.000000 0.500000 172.000000 2 2 1
2014-05-17T18:00:00Z 2014-05-17T20:00:00Z 46.000000 97.000000 32.000000 16.000000 0.600000 185.000000 2 2 1
2014-05-17T17:00:00Z 2014-05-17T19:00:00Z 60.000000 149.000000 29.000000 22.000000 0.700000 212.000000 2 2 1
2014-05-17T16:00:00Z 2014-05-17T18:00:00Z 72.000000 160.000000 28.000000 20.000000 0.700000 197.000000 2 2 1
2014-05-17T08:00:00Z 2014-05-17T10:00:00Z 74.000000 189.000000 116.000000 27.000000 1.100000 2.000000 2 3 1
2014-05-17T06:00:00Z 2014-05-17T08:00:00Z 67.000000 141.000000 119.000000 28.000000 0.900000 2.000000 2 2 1
2014-05-17T05:00:00Z 2014-05-17T07:00:00Z 68.000000 176.000000 99.000000 23.000000 0.900000 10.000000 2 3 1
2014-05-17T04:00:00Z 2014-05-17T06:00:00Z 71.000000 156.000000 102.000000 29.000000 0.800000 17.000000 2 2 1
2014-05-17T03:00:00Z 2014-05-17T05:00:00Z 68.000000 164.000000 116.000000 28.000000 1.000000 4.000000 2 2 1
2014-05-17T02:00:00Z 2014-05-17T04:00:00Z 61.000000 174.000000 106.000000 21.000000 1.000000 19.000000 2 2 1
2014-05-17T01:00:00Z 2014-05-17T03:00:00Z 59.000000 121.000000 74.000000 23.000000 1.200000 57.000000 2 2 1
2014-05-17T00:00:00Z 2014-05-17T02:00:00Z 65.000000 147.000000 68.000000 24.000000 1.200000 65.000000 2 2 1
2014-05-16T22:00:00Z 2014-05-17T00:00:00Z 73.000000 222.000000 54.000000 25.000000 1.300000 104.000000 2 2 1
2014-05-16T21:00:00Z 2014-05-16T23:00:00Z 50.000000 182.000000 44.000000 12.000000 0.600000 113.000000 2 3 1
2014-05-16T02:00:00Z 2014-05-16T04:00:00Z 74.000000 235.000000 111.000000 27.000000 0.800000 2.000000 2 3 1
2014-05-15T13:00:00Z 2014-05-15T15:00:00Z 73.000000 221.000000 53.000000 12.000000 0.500000 72.000000 2 3 1
2014-05-15T12:00:00Z 2014-05-15T14:00:00Z 54.000000 162.000000 60.000000 13.000000 0.600000 49.000000 2 3 1
2014-05-15T11:00:00Z 2014-05-15T13:00:00Z 42.000000 124.000000 68.000000 10.000000 0.600000 30.000000 2 2 1
2014-05-15T10:00:00Z 2014-05-15T12:00:00Z 40.000000 128.000000 67.000000 7.000000 0.900000 18.000000 2 2 1
2014-05-15T09:00:00Z 2014-05-15T11:00:00Z 44.000000 126.000000 66.000000 6.000000 0.900000 13.000000 2 2 1
2014-05-15T08:00:00Z 2014-05-15T10:00:00Z 45.000000 118.000000 76.000000 10.000000 0.600000 2.000000 2 2 1
2014-05-15T07:00:00Z 2014-05-15T09:00:00Z 40.000000 61.000000 73.000000 8.000000 0.500000 2.000000 2 2 1
2014-05-15T04:00:00Z 2014-05-15T06:00:00Z 52.000000 127.000000 76.000000 8.000000 0.500000 2.000000 2 1 1
2014-05-15T03:00:00Z 2014-05-15T05:00:00Z 60.000000 172.000000 76.000000 7.000000 0.600000 2.000000 2 2 1
2014-05-15T02:00:00Z 2014-05-15T04:00:00Z 58.000000 166.000000 86.000000 9.000000 0.800000 2.000000 2 2 1
2014-05-14T02:00:00Z 2014-05-14T04:00:00Z 47.000000 148.000000 16.000000 3.000000 0.200000 72.000000 2 1 1
2014-05-13T21:00:00Z 2014-05-13T23:00:00Z 36.000000 98.000000 27.000000 3.000000 0.300000 85.000000 2 1 1
2014-05-13T20:00:00Z 2014-05-13T22:00:00Z 39.000000 117.000000 30.000000 5.000000 0.300000 88.000000 2 1 1
2014-05-13T17:00:00Z 2014-05-13T19:00:00Z 39.000000 89.000000 15.000000 7.000000 0.300000 115.000000 2 1 1
2014-05-13T15:00:00Z 2014-05-13T17:00:00Z 41.000000 114.000000 15.000000 8.000000 0.400000 123.000000 2 2 1
2014-05-13T06:00:00Z 2014-05-13T08:00:00Z 62.000000 165.000000 95.000000 10.000000 0.800000 2.000000 2 3 1
2014-05-13T05:00:00Z 2014-05-13T07:00:00Z 49.000000 135.000000 83.000000 12.000000 0.600000 2.000000 2 3 1
2014-05-13T04:00:00Z 2014-05-13T06:00:00Z 43.000000 113.000000 73.000000 13.000000 0.600000 24.000000 2 2 1
2014-05-13T03:00:00Z 2014-05-13T05:00:00Z 44.000000 103.000000 74.000000 14.000000 0.600000 31.000000 2 2 1
2014-05-13T02:00:00Z 2014-05-13T04:00:00Z 43.000000 121.000000 69.000000 16.000000 0.600000 42.000000 2 2 1
2014-05-13T01:00:00Z 2014-05-13T03:00:00Z 47.000000 116.000000 62.000000 17.000000 0.600000 57.000000 2 2 1
2014-05-13T00:00:00Z 2014-05-13T02:00:00Z 55.000000 130.000000 58.000000 20.000000 0.600000 67.000000 2 2 1
2014-05-12T23:00:00Z 2014-05-13T01:00:00Z 59.000000 148.000000 50.000000 20.000000 0.600000 77.000000 2 2 1
2014-05-12T22:00:00Z 2014-05-13T00:00:00Z 59.000000 158.000000 54.000000 16.000000 0.500000 80.000000 2 2 1
2014-05-12T21:00:00Z 2014-05-12T23:00:00Z 56.000000 177.000000 49.000000 18.000000 0.500000 106.000000 2 2 1
2014-05-12T20:00:00Z 2014-05-12T22:00:00Z 55.000000 160.000000 58.000000 13.000000 0.500000 114.000000 2 2 1
2014-05-12T19:00:00Z 2014-05-12T21:00:00Z 44.000000 151.000000 56.000000 11.000000 0.500000 117.000000 2 2 1
2014-05-12T18:00:00Z 2014-05-12T20:00:00Z 39.000000 147.000000 45.000000 12.000000 0.400000 132.000000 2 2 1
2014-05-12T08:00:00Z 2014-05-12T10:00:00Z 50.000000 54.000000 79.000000 7.000000 1.000000 2.000000 2 2 1
2014-05-12T07:00:00Z 2014-05-12T09:00:00Z 60.000000 82.000000 82.000000 5.000000 1.000000 2.000000 2 2 1
2014-05-12T06:00:00Z 2014-05-12T08:00:00Z 56.000000 61.000000 70.000000 6.000000 1.000000 2.000000 2 2 1
2014-05-12T04:00:00Z 2014-05-12T06:00:00Z 44.000000 46.000000 60.000000 5.000000 0.700000 2.000000 2 2 1
2014-05-11T03:00:00Z 2014-05-11T05:00:00Z 36.000000 37.000000 37.000000 6.000000 1.300000 45.000000 2 2 1
2014-05-11T01:00:00Z 2014-05-11T03:00:00Z 40.000000 47.000000 65.000000 7.000000 1.200000 23.000000 2 2 1
2014-05-11T00:00:00Z 2014-05-11T02:00:00Z 42.000000 79.000000 58.000000 10.000000 1.200000 33.000000 2 1 1
2014-05-10T23:00:00Z 2014-05-11T01:00:00Z 45.000000 143.000000 54.000000 18.000000 1.100000 56.000000 2 2 1
2014-05-10T22:00:00Z 2014-05-11T00:00:00Z 49.000000 86.000000 64.000000 29.000000 1.400000 49.000000 2 2 1
2014-05-10T20:00:00Z 2014-05-10T22:00:00Z 72.000000 122.000000 89.000000 25.000000 1.500000 45.000000 2 2 1
2014-05-10T19:00:00Z 2014-05-10T21:00:00Z 66.000000 117.000000 67.000000 27.000000 1.200000 75.000000 2 3 1
2014-05-10T18:00:00Z 2014-05-10T20:00:00Z 71.000000 121.000000 63.000000 28.000000 1.200000 92.000000 2 2 1
2014-05-10T17:00:00Z 2014-05-10T19:00:00Z 66.000000 107.000000 57.000000 30.000000 1.100000 99.000000 2 2 1
2014-05-10T16:00:00Z 2014-05-10T18:00:00Z 73.000000 101.000000 51.000000 33.000000 1.100000 101.000000 2 2 1
2014-05-10T15:00:00Z 2014-05-10T17:00:00Z 69.000000 101.000000 48.000000 37.000000 1.200000 100.000000 2 2 1
2014-05-10T14:00:00Z 2014-05-10T16:00:00Z 65.000000 106.000000 58.000000 43.000000 1.300000 78.000000 2 2 1
2014-05-10T13:00:00Z 2014-05-10T15:00:00Z 60.000000 96.000000 55.000000 44.000000 1.300000 71.000000 2 2 1
2014-05-10T12:00:00Z 2014-05-10T14:00:00Z 56.000000 96.000000 48.000000 40.000000 1.200000 76.000000 2 2 1
2014-05-10T11:00:00Z 2014-05-10T13:00:00Z 72.000000 99.000000 45.000000 40.000000 1.100000 74.000000 2 2 1
2014-05-10T10:00:00Z 2014-05-10T12:00:00Z 62.000000 93.000000 48.000000 37.000000 1.200000 67.000000 2 2 1
2014-05-10T09:00:00Z 2014-05-10T11:00:00Z 52.000000 95.000000 48.000000 36.000000 1.200000 62.000000 2 2 1
2014-05-10T08:00:00Z 2014-05-10T10:00:00Z 49.000000 102.000000 65.000000 36.000000 1.100000 44.000000 2 2 1
2014-05-10T07:00:00Z 2014-05-10T09:00:00Z 46.000000 84.000000 70.000000 32.000000 1.100000 38.000000 2 2 1
2014-05-10T06:00:00Z 2014-05-10T08:00:00Z 46.000000 84.000000 53.000000 28.000000 1.000000 49.000000 2 2 1
2014-05-10T05:00:00Z 2014-05-10T07:00:00Z 47.000000 88.000000 47.000000 29.000000 1.000000 56.000000 2 2 1
2014-05-10T04:00:00Z 2014-05-10T06:00:00Z 40.000000 82.000000 53.000000 26.000000 1.000000 54.000000 2 2 1
2014-05-10T03:00:00Z 2014-05-10T05:00:00Z 40.000000 78.000000 48.000000 28.000000 1.000000 63.000000 2 2 1
2014-05-10T02:00:00Z 2014-05-10T04:00:00Z 44.000000 72.000000 42.000000 28.000000 1.100000 73.000000 2 2 1
2014-05-10T01:00:00Z 2014-05-10T03:00:00Z 49.000000 85.000000 48.000000 24.000000 1.100000 74.000000 2 2 1
2014-05-10T00:00:00Z 2014-05-10T02:00:00Z 54.000000 94.000000 47.000000 24.000000 1.100000 81.000000 2 2 1
2014-05-09T23:00:00Z 2014-05-10T01:00:00Z 57.000000 108.000000 44.000000 25.000000 1.000000 92.000000 2 2 1
2014-05-09T22:00:00Z 2014-05-10T00:00:00Z 52.000000 118.000000 42.000000 26.000000 1.000000 97.000000 2 2 1
2014-05-09T21:00:00Z 2014-05-09T23:00:00Z 46.000000 147.000000 45.000000 23.000000 1.000000 95.000000 2 2 1
2014-05-09T20:00:00Z 2014-05-09T22:00:00Z 37.000000 140.000000 43.000000 14.000000 0.600000 103.000000 2 2 1
2014-05-09T17:00:00Z 2014-05-09T19:00:00Z 60.000000 107.000000 59.000000 28.000000 0.900000 91.000000 2 1 1
2014-05-09T04:00:00Z 2014-05-09T06:00:00Z 64.000000 92.000000 44.000000 19.000000 0.500000 64.000000 2 3 1
2014-05-09T03:00:00Z 2014-05-09T05:00:00Z 62.000000 108.000000 51.000000 22.000000 0.600000 55.000000 2 2 1
2014-05-09T02:00:00Z 2014-05-09T04:00:00Z 62.000000 95.000000 44.000000 22.000000 0.800000 79.000000 2 2 1
2014-05-09T01:00:00Z 2014-05-09T03:00:00Z 71.000000 107.000000 56.000000 32.000000 0.900000 79.000000 2 2 1
2014-05-09T00:00:00Z 2014-05-09T02:00:00Z 72.000000 124.000000 67.000000 39.000000 0.900000 68.000000 2 2 1
2014-05-08T23:00:00Z 2014-05-09T01:00:00Z 64.000000 131.000000 68.000000 40.000000 0.900000 70.000000 2 2 1
2014-05-08T22:00:00Z 2014-05-09T00:00:00Z 52.000000 107.000000 56.000000 24.000000 0.800000 85.000000 2 2 1
2014-05-08T21:00:00Z 2014-05-08T23:00:00Z 62.000000 126.000000 63.000000 24.000000 1.200000 88.000000 2 2 1
2014-05-08T20:00:00Z 2014-05-08T22:00:00Z 69.000000 129.000000 60.000000 23.000000 1.100000 106.000000 2 2 1
2014-05-08T19:00:00Z 2014-05-08T21:00:00Z 64.000000 129.000000 42.000000 18.000000 0.800000 140.000000 2 2 1
2014-05-08T18:00:00Z 2014-05-08T20:00:00Z 66.000000 126.000000 36.000000 19.000000 0.700000 163.000000 2 2 1
2014-05-08T17:00:00Z 2014-05-08T19:00:00Z 67.000000 116.000000 32.000000 17.000000 0.600000 165.000000 2 2 1
2014-05-08T13:00:00Z 2014-05-08T15:00:00Z 62.000000 87.000000 25.000000 17.000000 0.700000 140.000000 2 3 1
2014-05-08T12:00:00Z 2014-05-08T14:00:00Z 60.000000 106.000000 27.000000 18.000000 0.700000 130.000000 2 3 1
2014-05-08T11:00:00Z 2014-05-08T13:00:00Z 64.000000 83.000000 30.000000 21.000000 0.800000 118.000000 2 2 1
2014-05-08T00:00:00Z 2014-05-08T02:00:00Z 64.000000 226.000000 78.000000 16.000000 1.000000 22.000000 2 3 1
2014-05-07T22:00:00Z 2014-05-08T00:00:00Z 47.000000 58.000000 42.000000 3.000000 0.400000 59.000000 2 2 1
2014-05-07T21:00:00Z 2014-05-07T23:00:00Z 52.000000 75.000000 66.000000 4.000000 0.500000 32.000000 2 1 1
2014-05-07T20:00:00Z 2014-05-07T22:00:00Z 38.000000 55.000000 58.000000 2.000000 0.400000 44.000000 2 2 1
2014-05-07T09:00:00Z 2014-05-07T11:00:00Z 57.000000 166.000000 31.000000 13.000000 0.600000 72.000000 2 1 1
2014-05-06T18:00:00Z 2014-05-06T20:00:00Z 69.000000 160.000000 57.000000 39.000000 1.000000 119.000000 2 3 1
2014-05-06T11:00:00Z 2014-05-06T13:00:00Z 71.000000 91.000000 60.000000 39.000000 0.800000 59.000000 2 3 1
2014-05-06T03:00:00Z 2014-05-06T05:00:00Z 55.000000 84.000000 61.000000 15.000000 0.700000 24.000000 2 2 1
2014-05-06T02:00:00Z 2014-05-06T04:00:00Z 56.000000 65.000000 43.000000 19.000000 0.600000 46.000000 2 2 1
2014-05-06T01:00:00Z 2014-05-06T03:00:00Z 58.000000 73.000000 56.000000 16.000000 0.700000 38.000000 2 2 1
2014-05-06T00:00:00Z 2014-05-06T02:00:00Z 54.000000 76.000000 57.000000 13.000000 0.600000 43.000000 2 2 1
2014-05-05T23:00:00Z 2014-05-06T01:00:00Z 50.000000 76.000000 82.000000 9.000000 0.600000 27.000000 2 2 0
2014-05-05T22:00:00Z 2014-05-06T00:00:00Z 42.000000 81.000000 80.000000 6.000000 0.600000 32.000000 2 2 0
2014-05-05T21:00:00Z 2014-05-05T23:00:00Z 39.000000 73.000000 46.000000 6.000000 0.400000 70.000000 2 2 0
2014-05-05T17:00:00Z 2014-05-05T19:00:00Z 36.000000 48.000000 33.000000 4.000000 0.400000 88.000000 2 1 0
2014-05-05T09:00:00Z 2014-05-05T11:00:00Z 40.000000 52.000000 13.000000 2.000000 0.300000 76.000000 2 2 0
2014-05-05T05:00:00Z 2014-05-05T07:00:00Z 38.000000 68.000000 74.000000 7.000000 0.500000 2.000000 2 1 0
2014-05-05T04:00:00Z 2014-05-05T06:00:00Z 58.000000 82.000000 74.000000 9.000000 0.600000 2.000000 2 1 0
2014-05-05T03:00:00Z 2014-05-05T05:00:00Z 68.000000 92.000000 79.000000 8.000000 0.700000 2.000000 2 2 0
2014-05-05T02:00:00Z 2014-05-05T04:00:00Z 66.000000 80.000000 83.000000 8.000000 0.800000 2.000000 2 2 0
2014-05-05T01:00:00Z 2014-05-05T03:00:00Z 59.000000 70.000000 79.000000 7.000000 0.900000 2.000000 2 2 0
2014-05-04T23:00:00Z 2014-05-05T01:00:00Z 39.000000 104.000000 79.000000 5.000000 0.700000 2.000000 2 2 0
2014-05-04T18:00:00Z 2014-05-04T20:00:00Z 36.000000 37.000000 11.000000 2.000000 0.300000 80.000000 2 1 0
2014-05-04T13:00:00Z 2014-05-04T15:00:00Z 46.000000 101.000000 6.000000 2.000000 0.400000 88.000000 2 1 0
2014-05-04T12:00:00Z 2014-05-04T14:00:00Z 51.000000 76.000000 8.000000 2.000000 0.400000 88.000000 2 1 0
2014-05-04T11:00:00Z 2014-05-04T13:00:00Z 55.000000 106.000000 8.000000 2.000000 0.400000 88.000000 2 2 0
2014-05-04T10:00:00Z 2014-05-04T12:00:00Z 50.000000 144.000000 10.000000 2.000000 0.400000 83.000000 2 2 0
2014-05-04T05:00:00Z 2014-05-04T07:00:00Z 40.000000 40.000000 14.000000 4.000000 0.300000 67.000000 2 2 0
2014-05-04T01:00:00Z 2014-05-04T03:00:00Z 39.000000 58.000000 13.000000 3.000000 0.300000 71.000000 2 1 0
2014-05-04T00:00:00Z 2014-05-04T02:00:00Z 51.000000 77.000000 10.000000 2.000000 0.300000 75.000000 2 1 0
2014-05-03T23:00:00Z 2014-05-04T01:00:00Z 45.000000 104.000000 8.000000 2.000000 0.300000 80.000000 2 2 0
2014-05-03T22:00:00Z 2014-05-04T00:00:00Z 44.000000 117.000000 10.000000 3.000000 0.300000 79.000000 2 2 0
2014-05-03T21:00:00Z 2014-05-03T23:00:00Z 42.000000 179.000000 9.000000 2.000000 0.300000 77.000000 2 2 0
2014-05-03T18:00:00Z 2014-05-03T20:00:00Z 63.000000 405.000000 10.000000 2.000000 0.300000 88.000000 2 2 0
2014-05-03T17:00:00Z 2014-05-03T19:00:00Z 50.000000 179.000000 12.000000 6.000000 0.300000 98.000000 2 3 0
2014-05-03T15:00:00Z 2014-05-03T17:00:00Z 43.000000 48.000000 30.000000 11.000000 0.500000 83.000000 2 2 0
2014-05-03T08:00:00Z 2014-05-03T10:00:00Z 60.000000 100.000000 75.000000 11.000000 0.600000 2.000000 2 3 0
2014-05-03T07:00:00Z 2014-05-03T09:00:00Z 56.000000 116.000000 80.000000 11.000000 0.700000 2.000000 2 3 0
2014-05-03T06:00:00Z 2014-05-03T08:00:00Z 57.000000 141.000000 83.000000 10.000000 0.900000 2.000000 2 2 0
2014-05-03T04:00:00Z 2014-05-03T06:00:00Z 36.000000 95.000000 70.000000 5.000000 0.400000 2.000000 2 2 0
2014-05-03T03:00:00Z 2014-05-03T05:00:00Z 42.000000 96.000000 73.000000 3.000000 0.400000 2.000000 2 1 0
2014-05-03T02:00:00Z 2014-05-03T04:00:00Z 62.000000 113.000000 88.000000 6.000000 0.800000 2.000000 2 2 0
2014-05-03T01:00:00Z 2014-05-03T03:00:00Z 44.000000 137.000000 99.000000 3.000000 0.800000 2.000000 2 2 0
2014-05-02T09:00:00Z 2014-05-02T11:00:00Z 66.000000 161.000000 8.000000 2.000000 0.300000 84.000000 2 2 0
2014-05-02T08:00:00Z 2014-05-02T10:00:00Z 36.000000 94.000000 12.000000 2.000000 0.300000 82.000000 2 2 0
2014-05-02T00:00:00Z 2014-05-02T02:00:00Z 51.000000 52.000000 18.000000 5.000000 0.300000 58.000000 2 2 0
2014-05-01T23:00:00Z 2014-05-02T01:00:00Z 39.000000 53.000000 22.000000 4.000000 0.400000 54.000000 2 2 0
2014-05-01T22:00:00Z 2014-05-02T00:00:00Z 48.000000 114.000000 14.000000 2.000000 0.300000 70.000000 2 2 0
2014-05-01T21:00:00Z 2014-05-01T23:00:00Z 53.000000 122.000000 15.000000 4.000000 0.300000 72.000000 2 2 0
2014-05-01T19:00:00Z 2014-05-01T21:00:00Z 67.000000 292.000000 29.000000 8.000000 0.500000 60.000000 2 2 0
2014-04-30T01:00:00Z 2014-04-30T03:00:00Z 61.000000 162.000000 82.000000 30.000000 1.100000 44.000000 2 3 1
2014-04-25T23:00:00Z 2014-04-26T01:00:00Z 64.000000 119.000000 25.000000 4.000000 0.300000 50.000000 2 1 1
2014-04-23T22:00:00Z 2014-04-24T00:00:00Z 72.000000 133.000000 51.000000 14.000000 0.600000 89.000000 2 3 1
2014-04-22T23:00:00Z 2014-04-23T01:00:00Z 52.000000 162.000000 54.000000 16.000000 0.600000 76.000000 2 3 1
2014-04-22T22:00:00Z 2014-04-23T00:00:00Z 51.000000 113.000000 74.000000 14.000000 0.500000 60.000000 2 3 1
2014-04-22T21:00:00Z 2014-04-22T23:00:00Z 61.000000 150.000000 66.000000 18.000000 0.500000 72.000000 2 2 1
2014-04-22T16:00:00Z 2014-04-22T18:00:00Z 56.000000 156.000000 31.000000 9.000000 0.400000 148.000000 2 2 1
2014-04-22T15:00:00Z 2014-04-22T17:00:00Z 64.000000 106.000000 27.000000 6.000000 0.300000 138.000000 2 2 1
2014-04-22T14:00:00Z 2014-04-22T16:00:00Z 75.000000 155.000000 50.000000 8.000000 0.400000 128.000000 2 2 1
2014-04-22T13:00:00Z 2014-04-22T15:00:00Z 75.000000 136.000000 70.000000 9.000000 0.500000 93.000000 2 2 1
2014-04-22T12:00:00Z 2014-04-22T14:00:00Z 69.000000 95.000000 68.000000 10.000000 0.500000 74.000000 2 2 1
2014-04-22T10:00:00Z 2014-04-22T12:00:00Z 72.000000 101.000000 73.000000 6.000000 0.600000 28.000000 2 2 1
2014-04-22T08:00:00Z 2014-04-22T10:00:00Z 65.000000 71.000000 72.000000 7.000000 0.500000 19.000000 2 2 1
2014-04-22T07:00:00Z 2014-04-22T09:00:00Z 56.000000 65.000000 106.000000 15.000000 0.800000 2.000000 2 2 1
2014-04-22T06:00:00Z 2014-04-22T08:00:00Z 68.000000 139.000000 101.000000 10.000000 0.800000 2.000000 2 2 1
2014-04-22T05:00:00Z 2014-04-22T07:00:00Z 74.000000 156.000000 108.000000 13.000000 0.800000 2.000000 2 2 1
2014-04-22T04:00:00Z 2014-04-22T06:00:00Z 65.000000 118.000000 108.000000 11.000000 0.700000 2.000000 2 2 1
2014-04-22T03:00:00Z 2014-04-22T05:00:00Z 74.000000 82.000000 116.000000 10.000000 0.700000 2.000000 2 2 1
2014-04-22T01:00:00Z 2014-04-22T03:00:00Z 70.000000 208.000000 127.000000 9.000000 0.700000 2.000000 2 2 1
2014-04-22T00:00:00Z 2014-04-22T02:00:00Z 70.000000 201.000000 128.000000 10.000000 0.800000 2.000000 2 3 1
2014-04-21T23:00:00Z 2014-04-22T01:00:00Z 57.000000 153.000000 93.000000 8.000000 0.600000 26.000000 2 2 1
2014-04-21T22:00:00Z 2014-04-22T00:00:00Z 51.000000 122.000000 65.000000 7.000000 0.500000 68.000000 2 2 1
2014-04-21T21:00:00Z 2014-04-21T23:00:00Z 52.000000 113.000000 60.000000 5.000000 0.400000 76.000000 2 2 1
2014-04-21T20:00:00Z 2014-04-21T22:00:00Z 38.000000 93.000000 50.000000 5.000000 0.400000 84.000000 2 2 1
2014-04-21T19:00:00Z 2014-04-21T21:00:00Z 74.000000 85.000000 42.000000 4.000000 0.300000 93.000000 2 2 1
2014-04-21T18:00:00Z 2014-04-21T20:00:00Z 39.000000 128.000000 44.000000 4.000000 0.300000 100.000000 2 2 1
2014-04-21T17:00:00Z 2014-04-21T19:00:00Z 44.000000 153.000000 43.000000 5.000000 0.300000 105.000000 2 2 1
2014-04-21T11:00:00Z 2014-04-21T13:00:00Z 60.000000 71.000000 45.000000 5.000000 0.400000 58.000000 2 1 1
2014-04-21T08:00:00Z 2014-04-21T10:00:00Z 70.000000 116.000000 88.000000 14.000000 0.800000 2.000000 2 2 1
2014-04-21T06:00:00Z 2014-04-21T08:00:00Z 69.000000 128.000000 97.000000 13.000000 0.800000 2.000000 2 2 1
2014-04-21T05:00:00Z 2014-04-21T07:00:00Z 75.000000 157.000000 87.000000 11.000000 0.700000 2.000000 2 3 1
2014-04-21T04:00:00Z 2014-04-21T06:00:00Z 75.000000 157.000000 87.000000 11.000000 0.700000 2.000000 2 2 1
2014-04-21T03:00:00Z 2014-04-21T05:00:00Z 75.000000 157.000000 87.000000 11.000000 0.700000 2.000000 2 2 1
2014-04-21T02:00:00Z 2014-04-21T04:00:00Z 75.000000 157.000000 87.000000 11.000000 0.700000 2.000000 2 2 1
2014-04-20T22:00:00Z 2014-04-21T00:00:00Z 65.000000 124.000000 102.000000 11.000000 0.500000 27.000000 2 3 1
2014-04-20T21:00:00Z 2014-04-20T23:00:00Z 63.000000 130.000000 80.000000 10.000000 0.500000 58.000000 2 2 1
2014-04-20T20:00:00Z 2014-04-20T22:00:00Z 60.000000 124.000000 46.000000 9.000000 0.500000 96.000000 2 2 1
2014-04-20T19:00:00Z 2014-04-20T21:00:00Z 61.000000 114.000000 60.000000 8.000000 0.500000 92.000000 2 2 1
2014-04-20T18:00:00Z 2014-04-20T20:00:00Z 60.000000 114.000000 56.000000 8.000000 0.400000 106.000000 2 2 1
2014-04-20T17:00:00Z 2014-04-20T19:00:00Z 52.000000 102.000000 50.000000 8.000000 0.400000 111.000000 2 2 1
2014-04-20T16:00:00Z 2014-04-20T18:00:00Z 41.000000 100.000000 40.000000 6.000000 0.400000 97.000000 2 2 1
2014-04-19T22:00:00Z 2014-04-20T00:00:00Z 68.000000 96.000000 70.000000 9.000000 0.600000 38.000000 2 3 1
2014-04-19T21:00:00Z 2014-04-19T23:00:00Z 66.000000 92.000000 56.000000 8.000000 0.600000 57.000000 2 3 1
2014-04-19T20:00:00Z 2014-04-19T22:00:00Z 62.000000 90.000000 57.000000 8.000000 0.600000 61.000000 2 2 1
2014-04-19T19:00:00Z 2014-04-19T21:00:00Z 56.000000 81.000000 49.000000 11.000000 0.500000 80.000000 2 2 1
2014-04-19T18:00:00Z 2014-04-19T20:00:00Z 60.000000 80.000000 64.000000 12.000000 0.500000 65.000000 2 2 1
2014-04-19T17:00:00Z 2014-04-19T19:00:00Z 62.000000 104.000000 66.000000 15.000000 0.700000 61.000000 2 2 1
2014-04-19T16:00:00Z 2014-04-19T18:00:00Z 56.000000 107.000000 66.000000 14.000000 0.600000 59.000000 2 2 1
2014-04-19T15:00:00Z 2014-04-19T17:00:00Z 46.000000 90.000000 65.000000 12.000000 0.600000 58.000000 2 2 1
2014-04-19T14:00:00Z 2014-04-19T16:00:00Z 39.000000 107.000000 43.000000 14.000000 0.500000 75.000000 2 2 1
2014-04-19T13:00:00Z 2014-04-19T15:00:00Z 41.000000 80.000000 34.000000 13.000000 0.600000 83.000000 2 2 1
2014-04-19T11:00:00Z 2014-04-19T13:00:00Z 56.000000 100.000000 77.000000 31.000000 1.000000 45.000000 2 2 1
2014-04-19T09:00:00Z 2014-04-19T11:00:00Z 73.000000 129.000000 110.000000 24.000000 1.100000 7.000000 2 2 1
2014-04-19T08:00:00Z 2014-04-19T10:00:00Z 71.000000 132.000000 108.000000 20.000000 0.800000 3.000000 2 2 1
2014-04-19T07:00:00Z 2014-04-19T09:00:00Z 60.000000 136.000000 106.000000 18.000000 0.700000 2.000000 2 2 1
2014-04-19T06:00:00Z 2014-04-19T08:00:00Z 61.000000 117.000000 108.000000 16.000000 0.700000 2.000000 2 2 1
2014-04-19T05:00:00Z 2014-04-19T07:00:00Z 69.000000 137.000000 111.000000 17.000000 0.800000 2.000000 2 2 1
2014-04-19T04:00:00Z 2014-04-19T06:00:00Z 74.000000 136.000000 118.000000 19.000000 0.900000 2.000000 2 2 1
2014-04-19T02:00:00Z 2014-04-19T04:00:00Z 74.000000 140.000000 114.000000 18.000000 0.900000 8.000000 2 2 1
2014-04-19T01:00:00Z 2014-04-19T03:00:00Z 71.000000 168.000000 87.000000 14.000000 0.700000 31.000000 2 3 1
2014-04-19T00:00:00Z 2014-04-19T02:00:00Z 66.000000 132.000000 68.000000 16.000000 0.600000 56.000000 2 2 1
2014-04-18T23:00:00Z 2014-04-19T01:00:00Z 65.000000 91.000000 60.000000 18.000000 0.600000 78.000000 2 2 1
2014-04-18T22:00:00Z 2014-04-19T00:00:00Z 74.000000 122.000000 75.000000 20.000000 1.000000 60.000000 2 2 1
2014-04-17T13:00:00Z 2014-04-17T15:00:00Z 73.000000 88.000000 53.000000 32.000000 1.300000 74.000000 2 3 1
2014-04-17T12:00:00Z 2014-04-17T14:00:00Z 67.000000 92.000000 66.000000 22.000000 1.400000 44.000000 2 3 1
2014-04-17T11:00:00Z 2014-04-17T13:00:00Z 69.000000 77.000000 70.000000 21.000000 1.300000 44.000000 2 2 1
2014-04-16T21:00:00Z 2014-04-16T23:00:00Z 72.000000 194.000000 118.000000 17.000000 1.100000 6.000000 2 3 1
2014-04-16T20:00:00Z 2014-04-16T22:00:00Z 65.000000 188.000000 90.000000 16.000000 0.900000 42.000000 2 3 1
2014-04-16T19:00:00Z 2014-04-16T21:00:00Z 65.000000 184.000000 82.000000 15.000000 0.800000 65.000000 2 2 1
2014-04-16T18:00:00Z 2014-04-16T20:00:00Z 57.000000 164.000000 76.000000 13.000000 0.700000 71.000000 2 2 1
2014-04-16T17:00:00Z 2014-04-16T19:00:00Z 56.000000 166.000000 82.000000 11.000000 0.700000 56.000000 2 2 1
2014-04-16T14:00:00Z 2014-04-16T16:00:00Z 61.000000 97.000000 57.000000 12.000000 0.700000 62.000000 2 1 1
2014-04-16T12:00:00Z 2014-04-16T14:00:00Z 74.000000 89.000000 65.000000 16.000000 0.800000 43.000000 2 2 1
2014-04-16T07:00:00Z 2014-04-16T09:00:00Z 60.000000 176.000000 81.000000 13.000000 0.800000 2.000000 2 3 1
2014-04-16T06:00:00Z 2014-04-16T08:00:00Z 58.000000 153.000000 83.000000 13.000000 0.700000 2.000000 2 3 1
2014-04-16T05:00:00Z 2014-04-16T07:00:00Z 52.000000 145.000000 82.000000 11.000000 0.600000 2.000000 2 2 1
2014-04-16T04:00:00Z 2014-04-16T06:00:00Z 68.000000 154.000000 84.000000 12.000000 0.600000 2.000000 2 2 1
2014-04-16T03:00:00Z 2014-04-16T05:00:00Z 43.000000 107.000000 79.000000 8.000000 0.500000 2.000000 2 2 1
2014-04-16T02:00:00Z 2014-04-16T04:00:00Z 47.000000 130.000000 75.000000 9.000000 0.400000 6.000000 2 2 1
2014-04-16T01:00:00Z 2014-04-16T03:00:00Z 36.000000 104.000000 72.000000 9.000000 0.500000 13.000000 2 2 1
2014-04-15T23:00:00Z 2014-04-16T01:00:00Z 37.000000 84.000000 62.000000 9.000000 0.500000 16.000000 2 2 1
2014-04-15T22:00:00Z 2014-04-16T00:00:00Z 42.000000 112.000000 61.000000 11.000000 0.600000 18.000000 2 1 1
2014-04-15T21:00:00Z 2014-04-15T23:00:00Z 50.000000 130.000000 63.000000 11.000000 0.600000 18.000000 2 2 1
2014-04-15T20:00:00Z 2014-04-15T22:00:00Z 51.000000 161.000000 72.000000 9.000000 0.800000 16.000000 2 2 1
2014-04-15T19:00:00Z 2014-04-15T21:00:00Z 60.000000 139.000000 63.000000 8.000000 0.600000 27.000000 2 2 1
2014-04-15T18:00:00Z 2014-04-15T20:00:00Z 66.000000 139.000000 53.000000 13.000000 0.600000 35.000000 2 2 1
2014-04-15T16:00:00Z 2014-04-15T18:00:00Z 68.000000 228.000000 43.000000 18.000000 0.500000 53.000000 2 2 1
2014-04-15T04:00:00Z 2014-04-15T06:00:00Z 59.000000 141.000000 80.000000 11.000000 0.500000 2.000000 2 5 1
2014-04-15T03:00:00Z 2014-04-15T05:00:00Z 55.000000 94.000000 65.000000 11.000000 0.500000 6.000000 2 5 1
2014-04-15T02:00:00Z 2014-04-15T04:00:00Z 69.000000 158.000000 78.000000 15.000000 0.600000 2.000000 2 2 1
2014-04-15T01:00:00Z 2014-04-15T03:00:00Z 52.000000 77.000000 52.000000 14.000000 0.500000 42.000000 2 2 1
2014-04-15T00:00:00Z 2014-04-15T02:00:00Z 61.000000 82.000000 41.000000 18.000000 0.500000 64.000000 2 2 1
2014-04-05T19:00:00Z 2014-04-05T21:00:00Z 37.000000 144.000000 33.000000 7.000000 0.500000 92.000000 2 2 0
2014-04-05T05:00:00Z 2014-04-05T07:00:00Z 36.000000 135.000000 84.000000 8.000000 0.500000 2.000000 2 1 0
2014-04-05T02:00:00Z 2014-04-05T04:00:00Z 36.000000 161.000000 73.000000 12.000000 0.600000 20.000000 2 1 0
2014-04-04T23:00:00Z 2014-04-05T01:00:00Z 39.000000 170.000000 55.000000 12.000000 0.600000 41.000000 2 1 0
2014-04-03T04:00:00Z 2014-04-03T06:00:00Z 56.000000 183.000000 77.000000 13.000000 0.600000 2.000000 2 1 0
2014-04-03T03:00:00Z 2014-04-03T05:00:00Z 57.000000 174.000000 70.000000 13.000000 0.600000 2.000000 2 2 0
2014-04-03T02:00:00Z 2014-04-03T04:00:00Z 52.000000 145.000000 68.000000 14.000000 0.600000 9.000000 2 2 0
2014-04-03T01:00:00Z 2014-04-03T03:00:00Z 60.000000 142.000000 72.000000 21.000000 0.600000 19.000000 2 2 0
2014-04-03T00:00:00Z 2014-04-03T02:00:00Z 68.000000 141.000000 74.000000 25.000000 0.700000 24.000000 2 2 0
2014-04-02T23:00:00Z 2014-04-03T01:00:00Z 63.000000 137.000000 54.000000 22.000000 0.700000 49.000000 2 2 0
2014-04-02T12:00:00Z 2014-04-02T14:00:00Z 48.000000 57.000000 27.000000 13.000000 0.500000 133.000000 2 3 0
2014-04-02T11:00:00Z 2014-04-02T13:00:00Z 73.000000 78.000000 38.000000 20.000000 0.600000 105.000000 2 2 0
2014-04-01T20:00:00Z 2014-04-01T22:00:00Z 65.000000 118.000000 54.000000 12.000000 0.600000 105.000000 2 3 0
2014-04-01T19:00:00Z 2014-04-01T21:00:00Z 62.000000 94.000000 60.000000 12.000000 0.500000 111.000000 2 3 0
2014-04-01T18:00:00Z 2014-04-01T20:00:00Z 54.000000 100.000000 54.000000 12.000000 0.500000 113.000000 2 2 0
2014-04-01T17:00:00Z 2014-04-01T19:00:00Z 45.000000 69.000000 49.000000 12.000000 0.500000 127.000000 2 2 0
2014-04-01T16:00:00Z 2014-04-01T18:00:00Z 43.000000 65.000000 49.000000 13.000000 0.600000 130.000000 2 2 0
2014-03-31T00:00:00Z 2014-03-31T02:00:00Z 60.000000 167.000000 109.000000 14.000000 0.700000 6.000000 2 4 1
2014-03-30T23:00:00Z 2014-03-31T01:00:00Z 57.000000 208.000000 122.000000 11.000000 0.700000 2.000000 2 3 1
2014-03-30T22:00:00Z 2014-03-31T00:00:00Z 50.000000 155.000000 114.000000 13.000000 0.700000 3.000000 2 2 1
2014-03-30T21:00:00Z 2014-03-30T23:00:00Z 40.000000 116.000000 87.000000 9.000000 0.600000 27.000000 2 2 1
2014-03-30T10:00:00Z 2014-03-30T12:00:00Z 40.000000 84.000000 61.000000 16.000000 0.600000 34.000000 2 1 1
2014-03-30T09:00:00Z 2014-03-30T11:00:00Z 37.000000 86.000000 66.000000 14.000000 0.600000 22.000000 2 1 1
2014-03-30T08:00:00Z 2014-03-30T10:00:00Z 40.000000 90.000000 80.000000 13.000000 0.600000 4.000000 2 2 1
2014-03-30T05:00:00Z 2014-03-30T07:00:00Z 46.000000 57.000000 89.000000 14.000000 0.600000 2.000000 2 1 1
2014-03-30T04:00:00Z 2014-03-30T06:00:00Z 57.000000 158.000000 98.000000 17.000000 0.800000 2.000000 2 1 1
2014-03-30T03:00:00Z 2014-03-30T05:00:00Z 70.000000 228.000000 107.000000 17.000000 0.800000 2.000000 2 2 1
2014-03-30T02:00:00Z 2014-03-30T04:00:00Z 65.000000 215.000000 107.000000 16.000000 0.900000 2.000000 2 2 1
2014-03-30T01:00:00Z 2014-03-30T03:00:00Z 54.000000 155.000000 101.000000 11.000000 0.700000 2.000000 2 2 1
2014-03-30T00:00:00Z 2014-03-30T02:00:00Z 57.000000 162.000000 101.000000 10.000000 0.600000 12.000000 2 2 1
2014-03-29T23:00:00Z 2014-03-30T01:00:00Z 54.000000 169.000000 93.000000 11.000000 0.500000 25.000000 2 2 1
2014-03-29T22:00:00Z 2014-03-30T00:00:00Z 53.000000 152.000000 82.000000 9.000000 0.600000 33.000000 2 2 1
2014-03-29T21:00:00Z 2014-03-29T23:00:00Z 45.000000 125.000000 67.000000 7.000000 0.600000 50.000000 2 2 1
2014-03-29T20:00:00Z 2014-03-29T22:00:00Z 39.000000 119.000000 50.000000 7.000000 0.400000 69.000000 2 2 1
2014-03-28T17:00:00Z 2014-03-28T19:00:00Z 66.000000 103.000000 36.000000 14.000000 0.500000 94.000000 2 4 1
2014-03-28T16:00:00Z 2014-03-28T18:00:00Z 56.000000 126.000000 23.000000 10.000000 0.400000 101.000000 2 3 1
2014-03-22T21:00:00Z 2014-03-22T23:00:00Z 41.000000 130.000000 95.000000 10.000000 1.100000 18.000000 2 4 1
2014-03-22T12:00:00Z 2014-03-22T14:00:00Z 45.000000 83.000000 42.000000 18.000000 0.700000 65.000000 2 1 1
2014-03-22T10:00:00Z 2014-03-22T12:00:00Z 75.000000 158.000000 92.000000 36.000000 1.300000 11.000000 2 2 1
2014-03-22T02:00:00Z 2014-03-22T04:00:00Z 61.000000 140.000000 77.000000 16.000000 0.900000 2.000000 2 3 1
2014-03-22T01:00:00Z 2014-03-22T03:00:00Z 59.000000 140.000000 89.000000 18.000000 0.800000 2.000000 2 3 1
2014-03-22T00:00:00Z 2014-03-22T02:00:00Z 57.000000 137.000000 74.000000 17.000000 0.700000 12.000000 2 2 1
2014-03-21T23:00:00Z 2014-03-22T01:00:00Z 54.000000 134.000000 64.000000 15.000000 0.600000 31.000000 2 2 1
2014-03-21T22:00:00Z 2014-03-22T00:00:00Z 49.000000 136.000000 56.000000 15.000000 0.600000 48.000000 2 2 1
2014-03-21T21:00:00Z 2014-03-21T23:00:00Z 48.000000 124.000000 62.000000 13.000000 0.600000 51.000000 2 2 1
2014-03-21T20:00:00Z 2014-03-21T22:00:00Z 46.000000 126.000000 74.000000 8.000000 0.600000 43.000000 2 2 1
2014-03-21T19:00:00Z 2014-03-21T21:00:00Z 38.000000 113.000000 56.000000 8.000000 0.500000 62.000000 2 2 1
2014-03-19T19:00:00Z 2014-03-19T21:00:00Z 40.000000 58.000000 41.000000 11.000000 0.600000 63.000000 2 1 1
2014-03-19T18:00:00Z 2014-03-19T20:00:00Z 40.000000 55.000000 30.000000 11.000000 0.600000 79.000000 2 1 1
2014-03-19T17:00:00Z 2014-03-19T19:00:00Z 48.000000 80.000000 36.000000 12.000000 0.600000 76.000000 2 2 1
2014-03-19T16:00:00Z 2014-03-19T18:00:00Z 58.000000 92.000000 39.000000 16.000000 0.700000 70.000000 2 2 1
2014-03-19T14:00:00Z 2014-03-19T16:00:00Z 70.000000 117.000000 62.000000 24.000000 1.000000 36.000000 2 2 1
2014-03-19T12:00:00Z 2014-03-19T14:00:00Z 70.000000 111.000000 82.000000 34.000000 1.200000 11.000000 2 2 1
2014-03-19T08:00:00Z 2014-03-19T10:00:00Z 75.000000 137.000000 87.000000 27.000000 1.300000 2.000000 2 3 1
2014-03-19T07:00:00Z 2014-03-19T09:00:00Z 63.000000 140.000000 86.000000 18.000000 0.900000 2.000000 2 3 1
2014-03-19T06:00:00Z 2014-03-19T08:00:00Z 62.000000 105.000000 84.000000 22.000000 0.900000 2.000000 2 2 1
2014-03-19T04:00:00Z 2014-03-19T06:00:00Z 53.000000 107.000000 47.000000 16.000000 0.700000 15.000000 2 2 1
2014-03-19T03:00:00Z 2014-03-19T05:00:00Z 49.000000 102.000000 40.000000 16.000000 0.700000 33.000000 2 2 1
2014-03-19T02:00:00Z 2014-03-19T04:00:00Z 37.000000 71.000000 36.000000 12.000000 0.600000 45.000000 2 2 1
2014-03-19T01:00:00Z 2014-03-19T03:00:00Z 37.000000 80.000000 56.000000 11.000000 0.600000 34.000000 2 2 1
2014-03-18T22:00:00Z 2014-03-19T00:00:00Z 39.000000 89.000000 48.000000 11.000000 0.700000 50.000000 2 1 1
2014-03-18T21:00:00Z 2014-03-18T23:00:00Z 47.000000 106.000000 45.000000 15.000000 1.000000 60.000000 2 1 1
2014-03-18T20:00:00Z 2014-03-18T22:00:00Z 53.000000 138.000000 44.000000 15.000000 0.900000 69.000000 2 2 1
2014-03-18T19:00:00Z 2014-03-18T21:00:00Z 55.000000 182.000000 37.000000 14.000000 0.500000 88.000000 2 2 1
2014-03-18T18:00:00Z 2014-03-18T20:00:00Z 60.000000 235.000000 36.000000 16.000000 0.600000 93.000000 2 2 1
2014-03-18T17:00:00Z 2014-03-18T19:00:00Z 67.000000 297.000000 37.000000 18.000000 0.600000 100.000000 2 2 1
2014-03-18T16:00:00Z 2014-03-18T18:00:00Z 73.000000 312.000000 43.000000 26.000000 1.000000 87.000000 2 2 1
2014-03-18T15:00:00Z 2014-03-18T17:00:00Z 73.000000 282.000000 48.000000 37.000000 1.100000 71.000000 2 2 1
2014-03-18T14:00:00Z 2014-03-18T16:00:00Z 69.000000 242.000000 41.000000 37.000000 1.000000 75.000000 2 2 1
2014-03-18T13:00:00Z 2014-03-18T15:00:00Z 63.000000 225.000000 43.000000 34.000000 0.900000 69.000000 2 2 1
2014-03-17T14:00:00Z 2014-03-17T16:00:00Z 43.000000 336.000000 10.000000 7.000000 0.300000 77.000000 2 1 1
2014-03-17T12:00:00Z 2014-03-17T14:00:00Z 36.000000 287.000000 17.000000 9.000000 0.400000 65.000000 2 2 1
2014-03-16T11:00:00Z 2014-03-16T13:00:00Z 69.000000 147.000000 57.000000 66.000000 1.800000 47.000000 2 3 1
2014-03-16T10:00:00Z 2014-03-16T12:00:00Z 61.000000 127.000000 65.000000 69.000000 1.900000 30.000000 2 3 1
2014-03-16T09:00:00Z 2014-03-16T11:00:00Z 63.000000 144.000000 76.000000 74.000000 2.100000 15.000000 2 2 1
2014-03-16T08:00:00Z 2014-03-16T10:00:00Z 73.000000 160.000000 84.000000 86.000000 2.400000 7.000000 2 2 1
2014-03-15T10:00:00Z 2014-03-15T12:00:00Z 73.000000 152.000000 64.000000 42.000000 1.200000 12.000000 2 3 1
2014-03-15T07:00:00Z 2014-03-15T09:00:00Z 72.000000 151.000000 77.000000 43.000000 1.600000 2.000000 2 3 1
2014-03-15T06:00:00Z 2014-03-15T08:00:00Z 71.000000 148.000000 77.000000 40.000000 1.600000 2.000000 2 3 1
2014-03-15T05:00:00Z 2014-03-15T07:00:00Z 72.000000 157.000000 80.000000 42.000000 1.500000 2.000000 2 2 1
2014-03-15T03:00:00Z 2014-03-15T05:00:00Z 72.000000 187.000000 90.000000 46.000000 1.900000 2.000000 2 2 1
2014-03-15T02:00:00Z 2014-03-15T04:00:00Z 63.000000 170.000000 82.000000 44.000000 1.400000 2.000000 2 3 1
2014-03-15T01:00:00Z 2014-03-15T03:00:00Z 64.000000 190.000000 73.000000 38.000000 0.900000 2.000000 2 2 1
2014-03-15T00:00:00Z 2014-03-15T02:00:00Z 51.000000 177.000000 63.000000 37.000000 0.800000 12.000000 2 2 1
2014-03-14T23:00:00Z 2014-03-15T01:00:00Z 57.000000 172.000000 60.000000 41.000000 0.800000 16.000000 2 2 1
2014-03-14T22:00:00Z 2014-03-15T00:00:00Z 54.000000 143.000000 68.000000 30.000000 0.800000 21.000000 2 2 1
2014-03-14T21:00:00Z 2014-03-14T23:00:00Z 49.000000 135.000000 80.000000 20.000000 0.800000 19.000000 2 2 1
2014-03-14T20:00:00Z 2014-03-14T22:00:00Z 38.000000 116.000000 67.000000 15.000000 0.700000 34.000000 2 2 1
2014-03-13T23:00:00Z 2014-03-14T01:00:00Z 36.000000 434.000000 12.000000 2.000000 0.400000 68.000000 2 1 1
2014-03-13T21:00:00Z 2014-03-13T23:00:00Z 40.000000 220.000000 37.000000 11.000000 0.500000 52.000000 2 2 1
2014-03-11T20:00:00Z 2014-03-11T22:00:00Z 74.000000 84.000000 63.000000 22.000000 0.900000 30.000000 2 1 1
2014-03-10T13:00:00Z 2014-03-10T15:00:00Z 65.000000 90.000000 60.000000 63.000000 1.400000 31.000000 2 3 1
2014-03-10T10:00:00Z 2014-03-10T12:00:00Z 72.000000 100.000000 69.000000 72.000000 2.000000 5.000000 2 3 1
2014-03-10T09:00:00Z 2014-03-10T11:00:00Z 55.000000 82.000000 70.000000 68.000000 2.000000 2.000000 2 3 1
2014-03-10T08:00:00Z 2014-03-10T10:00:00Z 57.000000 79.000000 74.000000 58.000000 2.200000 2.000000 2 2 1
2014-03-10T07:00:00Z 2014-03-10T09:00:00Z 60.000000 73.000000 75.000000 45.000000 2.000000 2.000000 2 2 1
2014-03-10T06:00:00Z 2014-03-10T08:00:00Z 49.000000 57.000000 69.000000 33.000000 1.500000 2.000000 2 2 1
2014-03-10T01:00:00Z 2014-03-10T03:00:00Z 42.000000 56.000000 70.000000 26.000000 1.100000 2.000000 2 1 1
2014-03-10T00:00:00Z 2014-03-10T02:00:00Z 62.000000 97.000000 78.000000 35.000000 1.900000 2.000000 2 1 1
2014-03-09T23:00:00Z 2014-03-10T01:00:00Z 71.000000 110.000000 84.000000 41.000000 1.700000 2.000000 2 2 1
2014-03-09T22:00:00Z 2014-03-10T00:00:00Z 74.000000 114.000000 82.000000 40.000000 1.300000 10.000000 2 2 1
2014-03-07T23:00:00Z 2014-03-08T01:00:00Z 65.000000 109.000000 94.000000 30.000000 1.200000 2.000000 2 4 1
2014-03-07T22:00:00Z 2014-03-08T00:00:00Z 58.000000 100.000000 85.000000 26.000000 1.000000 4.000000 2 3 1
2014-03-07T21:00:00Z 2014-03-07T23:00:00Z 44.000000 84.000000 67.000000 18.000000 0.800000 19.000000 2 2 1
2014-03-07T20:00:00Z 2014-03-07T22:00:00Z 36.000000 75.000000 63.000000 15.000000 0.700000 23.000000 2 2 1
2014-03-07T19:00:00Z 2014-03-07T21:00:00Z 37.000000 63.000000 57.000000 15.000000 0.700000 32.000000 2 2 1
2014-03-07T18:00:00Z 2014-03-07T20:00:00Z 38.000000 66.000000 63.000000 17.000000 0.800000 29.000000 2 2 1
2014-03-07T11:00:00Z 2014-03-07T13:00:00Z 42.000000 52.000000 40.000000 28.000000 0.900000 38.000000 2 1 1
2014-03-07T08:00:00Z 2014-03-07T10:00:00Z 71.000000 94.000000 67.000000 63.000000 1.700000 2.000000 2 2 1
2014-03-01T21:00:00Z 2014-03-01T23:00:00Z 65.000000 109.000000 64.000000 25.000000 0.900000 41.000000 2 3 0
2014-03-01T20:00:00Z 2014-03-01T22:00:00Z 47.000000 75.000000 55.000000 16.000000 0.800000 46.000000 2 3 0
2014-03-01T19:00:00Z 2014-03-01T21:00:00Z 42.000000 68.000000 42.000000 13.000000 0.700000 67.000000 2 2 0
2014-02-28T17:00:00Z 2014-02-28T19:00:00Z 69.000000 76.000000 48.000000 39.000000 0.900000 53.000000 2 4 1
2014-02-28T10:00:00Z 2014-02-28T12:00:00Z 68.000000 76.000000 64.000000 28.000000 1.600000 2.000000 2 3 1
2014-02-28T09:00:00Z 2014-02-28T11:00:00Z 57.000000 60.000000 63.000000 21.000000 1.500000 2.000000 2 3 1
2014-02-28T08:00:00Z 2014-02-28T10:00:00Z 50.000000 50.000000 62.000000 13.000000 1.200000 2.000000 2 2 1
2014-02-28T04:00:00Z 2014-02-28T06:00:00Z 67.000000 94.000000 60.000000 6.000000 1.200000 2.000000 2 2 1
2014-02-28T02:00:00Z 2014-02-28T04:00:00Z 70.000000 103.000000 90.000000 38.000000 1.700000 2.000000 2 2 1
2014-02-27T23:00:00Z 2014-02-28T01:00:00Z 45.000000 75.000000 90.000000 20.000000 1.300000 2.000000 2 2 1
2014-02-19T20:00:00Z 2014-02-19T22:00:00Z 39.000000 60.000000 63.000000 17.000000 0.800000 20.000000 2 4 1
2014-02-19T09:00:00Z 2014-02-19T11:00:00Z 39.000000 39.000000 50.000000 52.000000 1.200000 15.000000 2 1 1
2014-02-18T15:00:00Z 2014-02-18T17:00:00Z 70.000000 74.000000 38.000000 26.000000 0.800000 53.000000 2 3 1
2014-02-18T14:00:00Z 2014-02-18T16:00:00Z 69.000000 71.000000 42.000000 36.000000 0.900000 49.000000 2 3 1
2014-02-18T12:00:00Z 2014-02-18T14:00:00Z 71.000000 81.000000 57.000000 62.000000 1.300000 31.000000 2 2 1
2014-02-18T11:00:00Z 2014-02-18T13:00:00Z 59.000000 69.000000 55.000000 64.000000 1.100000 29.000000 2 2 1
2014-02-18T10:00:00Z 2014-02-18T12:00:00Z 68.000000 74.000000 68.000000 61.000000 1.300000 11.000000 2 2 1
2014-02-18T09:00:00Z 2014-02-18T11:00:00Z 61.000000 90.000000 75.000000 45.000000 1.400000 1.000000 2 2 1
2014-02-18T08:00:00Z 2014-02-18T10:00:00Z 56.000000 68.000000 76.000000 29.000000 1.300000 1.000000 2 2 1
2014-02-18T07:00:00Z 2014-02-18T09:00:00Z 50.000000 50.000000 76.000000 22.000000 1.200000 1.000000 2 2 1
2014-02-18T06:00:00Z 2014-02-18T08:00:00Z 50.000000 57.000000 71.000000 23.000000 1.200000 1.000000 2 2 1
2014-02-18T05:00:00Z 2014-02-18T07:00:00Z 47.000000 58.000000 63.000000 25.000000 1.000000 8.000000 2 2 1
2014-02-18T04:00:00Z 2014-02-18T06:00:00Z 43.000000 48.000000 55.000000 22.000000 1.100000 14.000000 2 2 1
2014-02-17T23:00:00Z 2014-02-18T01:00:00Z 37.000000 44.000000 58.000000 32.000000 1.200000 15.000000 2 2 1
2014-02-17T22:00:00Z 2014-02-18T00:00:00Z 59.000000 95.000000 61.000000 39.000000 1.300000 16.000000 2 1 1
2014-02-17T21:00:00Z 2014-02-17T23:00:00Z 65.000000 151.000000 52.000000 34.000000 1.000000 32.000000 2 2 1
2014-02-17T20:00:00Z 2014-02-17T22:00:00Z 75.000000 110.000000 60.000000 46.000000 1.000000 39.000000 2 2 1
2014-02-17T19:00:00Z 2014-02-17T21:00:00Z 73.000000 83.000000 59.000000 32.000000 1.000000 45.000000 2 2 1
2014-02-17T09:00:00Z 2014-02-17T11:00:00Z 62.000000 64.000000 80.000000 107.000000 2.600000 7.000000 2 3 1
2014-02-12T15:00:00Z 2014-02-12T17:00:00Z 44.000000 45.000000 41.000000 26.000000 1.000000 26.000000 2 3 1
2014-02-11T08:00:00Z 2014-02-11T10:00:00Z 54.000000 60.000000 56.000000 44.000000 1.700000 1.000000 2 2 1
2014-02-10T22:00:00Z 2014-02-11T00:00:00Z 52.000000 55.000000 64.000000 26.000000 1.100000 18.000000 2 2 1
2014-02-10T21:00:00Z 2014-02-10T23:00:00Z 42.000000 43.000000 58.000000 24.000000 1.000000 26.000000 2 2 1
2014-02-10T20:00:00Z 2014-02-10T22:00:00Z 37.000000 42.000000 58.000000 23.000000 0.900000 28.000000 2 2 1
2014-02-05T10:00:00Z 2014-02-05T12:00:00Z 63.000000 69.000000 48.000000 81.000000 1.700000 5.000000 2 3 0
2014-02-05T09:00:00Z 2014-02-05T11:00:00Z 58.000000 64.000000 50.000000 60.000000 1.800000 1.000000 2 3 0
2014-02-05T02:00:00Z 2014-02-05T04:00:00Z 57.000000 68.000000 38.000000 34.000000 1.200000 22.000000 2 4 0
2014-02-05T01:00:00Z 2014-02-05T03:00:00Z 62.000000 75.000000 42.000000 34.000000 1.100000 25.000000 2 3 0
2014-02-05T00:00:00Z 2014-02-05T02:00:00Z 66.000000 90.000000 39.000000 38.000000 1.100000 32.000000 2 2 0
2014-02-04T20:00:00Z 2014-02-04T22:00:00Z 59.000000 80.000000 47.000000 35.000000 1.000000 35.000000 2 5 0
2014-02-04T19:00:00Z 2014-02-04T21:00:00Z 45.000000 68.000000 54.000000 31.000000 1.000000 27.000000 2 3 0
2014-01-31T13:00:00Z 2014-01-31T15:00:00Z 55.000000 77.000000 31.000000 68.000000 0.900000 41.000000 2 3 1
2014-01-31T12:00:00Z 2014-01-31T14:00:00Z 58.000000 75.000000 30.000000 67.000000 0.900000 38.000000 2 3 1
2014-01-31T11:00:00Z 2014-01-31T13:00:00Z 61.000000 82.000000 31.000000 66.000000 1.000000 36.000000 2 2 1
2014-01-31T10:00:00Z 2014-01-31T12:00:00Z 73.000000 93.000000 39.000000 70.000000 1.100000 25.000000 2 2 1
2014-01-30T19:00:00Z 2014-01-30T21:00:00Z 41.000000 62.000000 48.000000 25.000000 0.700000 43.000000 2 3 1
2014-01-29T08:00:00Z 2014-01-29T10:00:00Z 71.000000 102.000000 67.000000 60.000000 2.200000 1.000000 2 3 1
2014-01-29T07:00:00Z 2014-01-29T09:00:00Z 69.000000 88.000000 67.000000 57.000000 2.100000 1.000000 2 3 1
2014-01-29T06:00:00Z 2014-01-29T08:00:00Z 62.000000 73.000000 64.000000 42.000000 1.900000 1.000000 2 2 1
2014-01-29T05:00:00Z 2014-01-29T07:00:00Z 66.000000 79.000000 64.000000 43.000000 2.200000 1.000000 2 2 1
2014-01-29T04:00:00Z 2014-01-29T06:00:00Z 64.000000 72.000000 64.000000 46.000000 2.400000 1.000000 2 2 1
2014-01-29T03:00:00Z 2014-01-29T05:00:00Z 57.000000 67.000000 67.000000 53.000000 2.200000 1.000000 2 2 1
2014-01-29T02:00:00Z 2014-01-29T04:00:00Z 59.000000 72.000000 70.000000 56.000000 2.300000 1.000000 2 2 1
2014-01-29T01:00:00Z 2014-01-29T03:00:00Z 58.000000 78.000000 70.000000 44.000000 2.000000 1.000000 2 2 1
2014-01-29T00:00:00Z 2014-01-29T02:00:00Z 69.000000 97.000000 70.000000 36.000000 1.800000 1.000000 2 2 1
2014-01-28T23:00:00Z 2014-01-29T01:00:00Z 67.000000 102.000000 62.000000 39.000000 1.700000 7.000000 2 2 1
2014-01-28T22:00:00Z 2014-01-29T00:00:00Z 66.000000 114.000000 59.000000 34.000000 1.300000 14.000000 2 2 1
2014-01-28T20:00:00Z 2014-01-28T22:00:00Z 59.000000 104.000000 59.000000 26.000000 0.900000 31.000000 2 2 1
2014-01-28T15:00:00Z 2014-01-28T17:00:00Z 58.000000 138.000000 27.000000 26.000000 0.900000 64.000000 2 3 1
2014-01-28T13:00:00Z 2014-01-28T15:00:00Z 64.000000 112.000000 31.000000 36.000000 0.900000 50.000000 2 2 1
2014-01-28T12:00:00Z 2014-01-28T14:00:00Z 47.000000 112.000000 36.000000 30.000000 0.900000 39.000000 2 2 1
2014-01-27T17:00:00Z 2014-01-27T19:00:00Z 60.000000 99.000000 55.000000 37.000000 1.000000 38.000000 2 1 1
2014-01-26T19:00:00Z 2014-01-26T21:00:00Z 74.000000 104.000000 63.000000 62.000000 1.000000 20.000000 2 3 1
2014-01-26T18:00:00Z 2014-01-26T20:00:00Z 61.000000 85.000000 54.000000 49.000000 0.900000 30.000000 2 3 1
2014-01-26T17:00:00Z 2014-01-26T19:00:00Z 69.000000 88.000000 46.000000 55.000000 0.900000 43.000000 2 2 1
2014-01-26T16:00:00Z 2014-01-26T18:00:00Z 66.000000 90.000000 34.000000 53.000000 0.800000 52.000000 2 2 1
2014-01-26T15:00:00Z 2014-01-26T17:00:00Z 50.000000 72.000000 26.000000 52.000000 0.700000 53.000000 2 2 1
2014-01-26T14:00:00Z 2014-01-26T16:00:00Z 41.000000 62.000000 23.000000 50.000000 0.600000 53.000000 2 2 1
2014-01-25T23:00:00Z 2014-01-26T01:00:00Z 55.000000 140.000000 62.000000 39.000000 1.000000 5.000000 2 1 1
2014-01-25T02:00:00Z 2014-01-25T04:00:00Z 56.000000 66.000000 73.000000 58.000000 1.700000 1.000000 2 1 1
2014-01-24T20:00:00Z 2014-01-24T22:00:00Z 43.000000 56.000000 67.000000 38.000000 1.000000 7.000000 2 1 1
2014-01-24T19:00:00Z 2014-01-24T21:00:00Z 39.000000 48.000000 64.000000 32.000000 0.900000 7.000000 2 1 1
2014-01-24T17:00:00Z 2014-01-24T19:00:00Z 38.000000 41.000000 54.000000 22.000000 0.900000 18.000000 2 2 1
2014-01-24T16:00:00Z 2014-01-24T18:00:00Z 63.000000 77.000000 62.000000 31.000000 1.300000 17.000000 2 1 1
2014-01-22T11:00:00Z 2014-01-22T13:00:00Z 73.000000 93.000000 50.000000 48.000000 1.400000 12.000000 2 3 1
2014-01-22T10:00:00Z 2014-01-22T12:00:00Z 65.000000 79.000000 50.000000 48.000000 1.300000 6.000000 2 3 1
2014-01-22T09:00:00Z 2014-01-22T11:00:00Z 64.000000 76.000000 58.000000 60.000000 1.400000 1.000000 2 2 1
2014-01-22T08:00:00Z 2014-01-22T10:00:00Z 74.000000 101.000000 76.000000 62.000000 1.900000 1.000000 2 2 1
2014-01-22T07:00:00Z 2014-01-22T09:00:00Z 75.000000 82.000000 67.000000 66.000000 1.600000 1.000000 2 2 1
2014-01-21T19:00:00Z 2014-01-21T21:00:00Z 54.000000 86.000000 72.000000 27.000000 1.100000 9.000000 2 3 1
2014-01-21T18:00:00Z 2014-01-21T20:00:00Z 56.000000 83.000000 54.000000 29.000000 1.000000 29.000000 2 3 1
2014-01-21T17:00:00Z 2014-01-21T19:00:00Z 56.000000 78.000000 42.000000 36.000000 1.000000 44.000000 2 2 1
2014-01-21T16:00:00Z 2014-01-21T18:00:00Z 43.000000 60.000000 37.000000 31.000000 0.900000 45.000000 2 2 1
2014-01-21T15:00:00Z 2014-01-21T17:00:00Z 48.000000 63.000000 43.000000 39.000000 1.000000 37.000000 2 2 1
2014-01-18T13:00:00Z 2014-01-18T15:00:00Z 42.000000 66.000000 57.000000 49.000000 1.300000 26.000000 2 3 1
2014-01-18T11:00:00Z 2014-01-18T13:00:00Z 39.000000 65.000000 51.000000 61.000000 1.300000 16.000000 2 2 1
2014-01-18T10:00:00Z 2014-01-18T12:00:00Z 38.000000 64.000000 57.000000 62.000000 1.400000 9.000000 2 1 1
2014-01-15T17:00:00Z 2014-01-15T19:00:00Z 60.000000 74.000000 90.000000 53.000000 1.700000 3.000000 2 6 1
2014-01-15T15:00:00Z 2014-01-15T17:00:00Z 46.000000 47.000000 72.000000 47.000000 1.300000 13.000000 2 2 1
2014-01-15T12:00:00Z 2014-01-15T14:00:00Z 49.000000 50.000000 58.000000 49.000000 1.300000 16.000000 2 2 1
2014-01-15T11:00:00Z 2014-01-15T13:00:00Z 48.000000 54.000000 58.000000 51.000000 1.400000 12.000000 2 2 1
2014-01-15T10:00:00Z 2014-01-15T12:00:00Z 44.000000 57.000000 57.000000 50.000000 1.300000 6.000000 2 2 1
2014-01-15T09:00:00Z 2014-01-15T11:00:00Z 40.000000 50.000000 58.000000 54.000000 1.300000 1.000000 2 2 1
2014-01-15T08:00:00Z 2014-01-15T10:00:00Z 46.000000 47.000000 70.000000 59.000000 1.400000 1.000000 2 2 1
2014-01-15T06:00:00Z 2014-01-15T08:00:00Z 69.000000 143.000000 71.000000 58.000000 1.800000 1.000000 2 2 1
2014-01-15T05:00:00Z 2014-01-15T07:00:00Z 72.000000 96.000000 70.000000 71.000000 1.900000 1.000000 2 2 1
2014-01-14T08:00:00Z 2014-01-14T10:00:00Z 71.000000 111.000000 73.000000 72.000000 2.500000 1.000000 2 4 1
2014-01-14T07:00:00Z 2014-01-14T09:00:00Z 42.000000 47.000000 65.000000 55.000000 1.400000 1.000000 2 3 1
2014-01-14T06:00:00Z 2014-01-14T08:00:00Z 43.000000 46.000000 64.000000 46.000000 1.400000 1.000000 2 2 1
2014-01-13T14:00:00Z 2014-01-13T16:00:00Z 66.000000 76.000000 69.000000 62.000000 1.500000 14.000000 2 2 1
2014-01-13T10:00:00Z 2014-01-13T12:00:00Z 58.000000 78.000000 55.000000 71.000000 1.500000 7.000000 2 3 1
2014-01-13T09:00:00Z 2014-01-13T11:00:00Z 54.000000 75.000000 62.000000 73.000000 1.400000 1.000000 2 2 1
2014-01-13T08:00:00Z 2014-01-13T10:00:00Z 44.000000 58.000000 64.000000 74.000000 1.300000 1.000000 2 2 1
2014-01-13T05:00:00Z 2014-01-13T07:00:00Z 73.000000 83.000000 73.000000 81.000000 1.900000 1.000000 2 1 1
2014-01-13T04:00:00Z 2014-01-13T06:00:00Z 72.000000 96.000000 75.000000 84.000000 2.300000 1.000000 2 1 1
2014-01-13T00:00:00Z 2014-01-13T02:00:00Z 52.000000 101.000000 76.000000 55.000000 1.200000 2.000000 2 3 1
2014-01-12T23:00:00Z 2014-01-13T01:00:00Z 55.000000 86.000000 78.000000 47.000000 1.200000 1.000000 2 2 1
2014-01-12T22:00:00Z 2014-01-13T00:00:00Z 53.000000 94.000000 78.000000 39.000000 1.200000 1.000000 2 2 1
2014-01-12T21:00:00Z 2014-01-12T23:00:00Z 44.000000 76.000000 71.000000 34.000000 1.100000 6.000000 2 2 1
2014-01-12T20:00:00Z 2014-01-12T22:00:00Z 37.000000 60.000000 59.000000 20.000000 0.900000 17.000000 2 2 1
2014-01-11T15:00:00Z 2014-01-11T17:00:00Z 68.000000 72.000000 91.000000 52.000000 1.900000 4.000000 2 5 1
2014-01-11T14:00:00Z 2014-01-11T16:00:00Z 65.000000 68.000000 87.000000 55.000000 1.800000 4.000000 2 3 1
2014-01-11T13:00:00Z 2014-01-11T15:00:00Z 61.000000 76.000000 80.000000 59.000000 2.000000 3.000000 2 2 1
2014-01-11T12:00:00Z 2014-01-11T14:00:00Z 56.000000 67.000000 68.000000 53.000000 1.700000 4.000000 2 2 1
2014-01-11T11:00:00Z 2014-01-11T13:00:00Z 49.000000 72.000000 60.000000 57.000000 1.600000 1.000000 2 2 1
2014-01-11T10:00:00Z 2014-01-11T12:00:00Z 44.000000 57.000000 52.000000 70.000000 1.400000 1.000000 2 2 1
2014-01-11T09:00:00Z 2014-01-11T11:00:00Z 43.000000 54.000000 56.000000 64.000000 1.500000 1.000000 2 2 1
2014-01-11T08:00:00Z 2014-01-11T10:00:00Z 39.000000 43.000000 57.000000 61.000000 1.300000 1.000000 2 2 1
2014-01-10T17:00:00Z 2014-01-10T19:00:00Z 63.000000 106.000000 102.000000 58.000000 2.000000 1.000000 2 3 1
2014-01-10T16:00:00Z 2014-01-10T18:00:00Z 48.000000 113.000000 82.000000 52.000000 1.600000 4.000000 2 3 1
2014-01-10T14:00:00Z 2014-01-10T16:00:00Z 56.000000 69.000000 72.000000 76.000000 1.600000 10.000000 2 2 1
2014-01-10T12:00:00Z 2014-01-10T14:00:00Z 53.000000 65.000000 64.000000 69.000000 1.600000 6.000000 2 2 1
2014-01-10T11:00:00Z 2014-01-10T13:00:00Z 62.000000 107.000000 69.000000 67.000000 1.900000 1.000000 2 2 1
2014-01-10T10:00:00Z 2014-01-10T12:00:00Z 48.000000 93.000000 63.000000 61.000000 2.000000 1.000000 2 2 1
2014-01-10T04:00:00Z 2014-01-10T06:00:00Z 43.000000 64.000000 62.000000 48.000000 1.300000 1.000000 2 1 1
2014-01-10T03:00:00Z 2014-01-10T05:00:00Z 63.000000 73.000000 68.000000 53.000000 1.500000 1.000000 2 2 1
2014-01-10T02:00:00Z 2014-01-10T04:00:00Z 67.000000 103.000000 79.000000 64.000000 2.100000 1.000000 2 2 1
2014-01-10T01:00:00Z 2014-01-10T03:00:00Z 62.000000 107.000000 66.000000 48.000000 1.400000 4.000000 2 2 1
2014-01-10T00:00:00Z 2014-01-10T02:00:00Z 57.000000 78.000000 63.000000 52.000000 1.100000 5.000000 2 2 1
2014-01-09T23:00:00Z 2014-01-10T01:00:00Z 47.000000 68.000000 64.000000 40.000000 1.100000 4.000000 2 2 1
2014-01-09T22:00:00Z 2014-01-10T00:00:00Z 53.000000 79.000000 72.000000 47.000000 1.200000 2.000000 2 2 1
2014-01-09T21:00:00Z 2014-01-09T23:00:00Z 46.000000 78.000000 69.000000 36.000000 1.100000 4.000000 2 2 1
2014-01-09T20:00:00Z 2014-01-09T22:00:00Z 47.000000 76.000000 69.000000 31.000000 1.000000 5.000000 2 2 1
2014-01-09T19:00:00Z 2014-01-09T21:00:00Z 54.000000 82.000000 65.000000 28.000000 1.000000 11.000000 2 2 1
2014-01-05T21:00:00Z 2014-01-05T23:00:00Z 54.000000 84.000000 83.000000 36.000000 1.100000 1.000000 2 3 0
2014-01-05T20:00:00Z 2014-01-05T22:00:00Z 46.000000 78.000000 86.000000 24.000000 1.200000 1.000000 2 3 0
2014-01-05T19:00:00Z 2014-01-05T21:00:00Z 38.000000 64.000000 80.000000 22.000000 1.100000 1.000000 2 2 0
2014-01-04T08:00:00Z 2014-01-04T10:00:00Z 72.000000 107.000000 62.000000 52.000000 2.000000 1.000000 2 3 0
2014-01-04T07:00:00Z 2014-01-04T09:00:00Z 73.000000 103.000000 63.000000 45.000000 1.800000 1.000000 2 3 0
2014-01-04T06:00:00Z 2014-01-04T08:00:00Z 74.000000 90.000000 60.000000 31.000000 1.800000 1.000000 2 2 0
2014-01-04T05:00:00Z 2014-01-04T07:00:00Z 66.000000 94.000000 61.000000 27.000000 1.700000 1.000000 2 2 0
2014-01-04T04:00:00Z 2014-01-04T06:00:00Z 66.000000 102.000000 60.000000 29.000000 1.700000 1.000000 2 2 0
2014-01-04T03:00:00Z 2014-01-04T05:00:00Z 69.000000 102.000000 61.000000 33.000000 1.800000 1.000000 2 2 0
2014-01-04T02:00:00Z 2014-01-04T04:00:00Z 73.000000 118.000000 65.000000 40.000000 2.000000 1.000000 2 2 0
2014-01-03T22:00:00Z 2014-01-04T00:00:00Z 65.000000 167.000000 89.000000 51.000000 1.700000 1.000000 2 3 0
2014-01-03T21:00:00Z 2014-01-03T23:00:00Z 46.000000 123.000000 87.000000 34.000000 1.600000 1.000000 2 3 0
2014-01-03T20:00:00Z 2014-01-03T22:00:00Z 36.000000 87.000000 83.000000 21.000000 1.200000 1.000000 2 2 0
2014-01-03T03:00:00Z 2014-01-03T05:00:00Z 53.000000 95.000000 38.000000 22.000000 0.600000 4.000000 2 1 0
2014-01-01T09:00:00Z 2014-01-01T11:00:00Z 38.000000 142.000000 86.000000 25.000000 1.200000 1.000000 2 1 0
2014-01-01T06:00:00Z 2014-01-01T08:00:00Z 58.000000 160.000000 91.000000 45.000000 1.900000 1.000000 2 1 0
2013-12-31T10:00:00Z 2013-12-31T12:00:00Z 45.000000 369.000000 14.000000 9.000000 0.500000 54.000000 2 1 1
2013-12-31T09:00:00Z 2013-12-31T11:00:00Z 46.000000 250.000000 34.000000 16.000000 0.600000 33.000000 2 2 1
2013-12-31T08:00:00Z 2013-12-31T10:00:00Z 49.000000 236.000000 72.000000 30.000000 1.100000 6.000000 2 2 1
2013-12-31T07:00:00Z 2013-12-31T09:00:00Z 61.000000 236.000000 83.000000 55.000000 1.700000 1.000000 2 2 1
2013-12-30T20:00:00Z 2013-12-30T22:00:00Z 67.000000 142.000000 102.000000 33.000000 1.700000 1.000000 2 3 1
2013-12-25T15:00:00Z 2013-12-25T17:00:00Z 49.000000 79.000000 31.000000 32.000000 0.900000 47.000000 2 1 1
2013-12-25T14:00:00Z 2013-12-25T16:00:00Z 71.000000 133.000000 41.000000 38.000000 1.100000 41.000000 2 1 1
