2014-05-22T11:00:00Z 2014-05-22T13:00:00Z 282.000000 354.000000 78.000000 42.000000 2.400000 150.000000 6 5 1
2014-05-22T09:00:00Z 2014-05-22T11:00:00Z 276.000000 392.000000 90.000000 30.000000 2.200000 40.000000 6 6 1
2014-05-22T08:00:00Z 2014-05-22T10:00:00Z 254.000000 370.000000 88.000000 26.000000 1.900000 16.000000 6 6 1
2014-04-14T21:00:00Z 2014-04-14T23:00:00Z 260.000000 325.000000 76.000000 28.000000 1.600000 87.000000 6 3 1
2014-04-14T19:00:00Z 2014-04-14T21:00:00Z 251.000000 272.000000 45.000000 38.000000 1.500000 170.000000 6 6 1
2014-04-14T15:00:00Z 2014-04-14T17:00:00Z 264.000000 289.000000 75.000000 40.000000 1.700000 192.000000 6 5 1
2014-04-14T14:00:00Z 2014-04-14T16:00:00Z 268.000000 300.000000 91.000000 47.000000 1.900000 164.000000 6 6 1
2014-04-14T13:00:00Z 2014-04-14T15:00:00Z 278.000000 322.000000 107.000000 56.000000 2.200000 118.000000 6 6 1
2014-04-14T12:00:00Z 2014-04-14T14:00:00Z 286.000000 339.000000 116.000000 63.000000 2.300000 75.000000 6 6 1
2014-04-14T11:00:00Z 2014-04-14T13:00:00Z 263.000000 295.000000 81.000000 58.000000 2.300000 72.000000 6 6 1
2014-04-14T10:00:00Z 2014-04-14T12:00:00Z 293.000000 328.000000 100.000000 53.000000 2.100000 29.000000 6 6 1
2014-04-14T09:00:00Z 2014-04-14T11:00:00Z 276.000000 316.000000 104.000000 46.000000 2.100000 4.000000 6 6 1
2014-04-14T05:00:00Z 2014-04-14T07:00:00Z 253.000000 268.000000 98.000000 22.000000 2.100000 2.000000 6 5 1
2014-04-14T04:00:00Z 2014-04-14T06:00:00Z 253.000000 276.000000 111.000000 20.000000 2.100000 2.000000 6 5 1
2014-03-31T14:00:00Z 2014-03-31T16:00:00Z 270.000000 319.000000 95.000000 74.000000 3.100000 91.000000 6 4 1
2014-03-31T13:00:00Z 2014-03-31T15:00:00Z 261.000000 315.000000 106.000000 76.000000 3.400000 60.000000 6 5 1
2014-03-31T12:00:00Z 2014-03-31T14:00:00Z 257.000000 316.000000 112.000000 65.000000 3.400000 32.000000 6 6 1
2014-03-27T12:00:00Z 2014-03-27T14:00:00Z 396.000000 477.000000 119.000000 65.000000 6.000000 2.000000 6 5 1
2014-03-27T10:00:00Z 2014-03-27T12:00:00Z 311.000000 381.000000 104.000000 42.000000 2.300000 2.000000 6 6 1
2014-03-27T08:00:00Z 2014-03-27T10:00:00Z 305.000000 375.000000 109.000000 28.000000 2.100000 2.000000 6 6 1
2014-03-27T07:00:00Z 2014-03-27T09:00:00Z 314.000000 346.000000 113.000000 26.000000 1.900000 2.000000 6 6 1
2014-03-27T06:00:00Z 2014-03-27T08:00:00Z 288.000000 319.000000 115.000000 24.000000 1.800000 2.000000 6 6 1
2014-03-27T05:00:00Z 2014-03-27T07:00:00Z 299.000000 349.000000 123.000000 25.000000 1.900000 2.000000 6 6 1
2014-03-27T04:00:00Z 2014-03-27T06:00:00Z 316.000000 366.000000 131.000000 28.000000 2.000000 2.000000 6 6 1
2014-03-27T03:00:00Z 2014-03-27T05:00:00Z 335.000000 397.000000 143.000000 29.000000 2.200000 2.000000 6 6 1
2014-03-27T02:00:00Z 2014-03-27T04:00:00Z 398.000000 438.000000 154.000000 29.000000 2.500000 2.000000 6 6 1
2014-03-27T01:00:00Z 2014-03-27T03:00:00Z 409.000000 468.000000 163.000000 38.000000 2.500000 2.000000 6 6 1
2014-03-27T00:00:00Z 2014-03-27T02:00:00Z 389.000000 486.000000 160.000000 35.000000 2.900000 2.000000 6 6 1
2014-03-26T23:00:00Z 2014-03-27T01:00:00Z 370.000000 428.000000 152.000000 33.000000 2.700000 2.000000 6 6 1
2014-03-26T22:00:00Z 2014-03-27T00:00:00Z 383.000000 478.000000 162.000000 41.000000 2.900000 2.000000 6 6 1
2014-03-26T21:00:00Z 2014-03-26T23:00:00Z 374.000000 471.000000 162.000000 47.000000 2.600000 2.000000 6 6 1
2014-03-26T20:00:00Z 2014-03-26T22:00:00Z 358.000000 417.000000 109.000000 60.000000 2.200000 58.000000 6 6 1
2014-03-26T19:00:00Z 2014-03-26T21:00:00Z 324.000000 381.000000 74.000000 74.000000 1.800000 127.000000 6 6 1
2014-03-26T18:00:00Z 2014-03-26T20:00:00Z 301.000000 349.000000 61.000000 85.000000 1.700000 171.000000 6 6 1
2014-03-26T17:00:00Z 2014-03-26T19:00:00Z 272.000000 310.000000 56.000000 80.000000 1.700000 177.000000 6 6 1
2014-03-26T16:00:00Z 2014-03-26T18:00:00Z 265.000000 302.000000 69.000000 68.000000 1.500000 175.000000 6 6 1
2014-03-26T15:00:00Z 2014-03-26T17:00:00Z 322.000000 346.000000 138.000000 54.000000 1.800000 120.000000 6 6 1
2014-03-26T13:00:00Z 2014-03-26T15:00:00Z 318.000000 338.000000 117.000000 70.000000 1.900000 69.000000 6 6 1
2014-03-26T11:00:00Z 2014-03-26T13:00:00Z 321.000000 391.000000 135.000000 70.000000 2.400000 15.000000 6 6 1
2014-03-26T10:00:00Z 2014-03-26T12:00:00Z 302.000000 375.000000 121.000000 59.000000 2.300000 10.000000 6 6 1
2014-03-26T09:00:00Z 2014-03-26T11:00:00Z 283.000000 347.000000 124.000000 48.000000 2.300000 2.000000 6 6 1
2014-03-26T08:00:00Z 2014-03-26T10:00:00Z 269.000000 346.000000 123.000000 33.000000 2.200000 2.000000 6 6 1
2014-03-26T07:00:00Z 2014-03-26T09:00:00Z 258.000000 312.000000 130.000000 27.000000 1.900000 2.000000 6 6 1
2014-03-26T06:00:00Z 2014-03-26T08:00:00Z 253.000000 317.000000 136.000000 26.000000 1.900000 2.000000 6 6 1
2014-03-25T04:00:00Z 2014-03-25T06:00:00Z 264.000000 286.000000 137.000000 27.000000 1.800000 2.000000 6 5 1
2014-03-25T03:00:00Z 2014-03-25T05:00:00Z 267.000000 317.000000 131.000000 26.000000 1.900000 2.000000 6 5 1
2014-03-25T02:00:00Z 2014-03-25T04:00:00Z 273.000000 358.000000 151.000000 37.000000 2.500000 2.000000 6 6 1
2014-03-25T01:00:00Z 2014-03-25T03:00:00Z 267.000000 366.000000 175.000000 51.000000 2.500000 2.000000 6 6 1
2014-03-24T12:00:00Z 2014-03-24T14:00:00Z 279.000000 300.000000 117.000000 74.000000 2.200000 49.000000 6 5 1
2014-03-24T11:00:00Z 2014-03-24T13:00:00Z 269.000000 298.000000 107.000000 75.000000 2.100000 31.000000 6 5 1
2014-03-24T10:00:00Z 2014-03-24T12:00:00Z 269.000000 285.000000 107.000000 68.000000 2.100000 18.000000 6 6 1
2014-03-24T09:00:00Z 2014-03-24T11:00:00Z 256.000000 268.000000 107.000000 65.000000 2.100000 5.000000 6 6 1
2014-03-04T03:00:00Z 2014-03-04T05:00:00Z 261.000000 305.000000 86.000000 76.000000 3.600000 2.000000 6 2 0
2014-03-04T02:00:00Z 2014-03-04T04:00:00Z 265.000000 309.000000 88.000000 97.000000 4.300000 2.000000 6 5 0
2014-03-04T01:00:00Z 2014-03-04T03:00:00Z 274.000000 329.000000 109.000000 134.000000 4.800000 2.000000 6 6 0
2014-03-04T00:00:00Z 2014-03-04T02:00:00Z 262.000000 324.000000 104.000000 133.000000 4.500000 2.000000 6 6 0
2014-03-03T16:00:00Z 2014-03-03T18:00:00Z 271.000000 308.000000 103.000000 118.000000 5.000000 2.000000 6 5 0
2014-03-03T15:00:00Z 2014-03-03T17:00:00Z 280.000000 321.000000 105.000000 127.000000 5.300000 2.000000 6 5 0
2014-03-03T14:00:00Z 2014-03-03T16:00:00Z 268.000000 307.000000 100.000000 133.000000 5.000000 2.000000 6 6 0
2014-03-03T13:00:00Z 2014-03-03T15:00:00Z 263.000000 292.000000 108.000000 136.000000 5.100000 2.000000 6 6 0
2014-02-26T09:00:00Z 2014-02-26T11:00:00Z 445.000000 445.000000 121.000000 113.000000 4.600000 2.000000 6 6 1
2014-02-26T08:00:00Z 2014-02-26T10:00:00Z 425.000000 426.000000 146.000000 66.000000 5.400000 2.000000 6 6 1
2014-02-25T10:00:00Z 2014-02-25T12:00:00Z 293.000000 326.000000 90.000000 91.000000 3.700000 1.000000 6 6 1
2014-02-25T09:00:00Z 2014-02-25T11:00:00Z 299.000000 307.000000 80.000000 85.000000 3.400000 1.000000 6 6 1
2014-02-25T08:00:00Z 2014-02-25T10:00:00Z 345.000000 350.000000 97.000000 81.000000 4.400000 1.000000 6 6 1
2014-02-25T07:00:00Z 2014-02-25T09:00:00Z 394.000000 400.000000 116.000000 82.000000 5.700000 1.000000 6 6 1
2014-02-25T06:00:00Z 2014-02-25T08:00:00Z 413.000000 415.000000 121.000000 73.000000 6.400000 1.000000 6 6 1
2014-02-25T05:00:00Z 2014-02-25T07:00:00Z 416.000000 418.000000 125.000000 68.000000 6.700000 1.000000 6 6 1
2014-02-25T04:00:00Z 2014-02-25T06:00:00Z 422.000000 428.000000 131.000000 71.000000 6.900000 1.000000 6 6 1
2014-02-25T03:00:00Z 2014-02-25T05:00:00Z 427.000000 442.000000 138.000000 86.000000 7.400000 1.000000 6 6 1
2014-02-25T02:00:00Z 2014-02-25T04:00:00Z 411.000000 429.000000 140.000000 95.000000 7.100000 1.000000 6 6 1
2014-02-25T01:00:00Z 2014-02-25T03:00:00Z 377.000000 397.000000 136.000000 94.000000 6.500000 1.000000 6 6 1
2014-02-25T00:00:00Z 2014-02-25T02:00:00Z 283.000000 309.000000 115.000000 55.000000 4.500000 1.000000 6 6 1
2014-02-24T18:00:00Z 2014-02-24T20:00:00Z 358.000000 434.000000 159.000000 115.000000 5.100000 1.000000 6 6 1
2014-02-24T16:00:00Z 2014-02-24T18:00:00Z 262.000000 344.000000 137.000000 125.000000 4.100000 1.000000 6 6 1
2014-02-22T10:00:00Z 2014-02-22T12:00:00Z 272.000000 331.000000 106.000000 118.000000 3.800000 1.000000 6 5 1
2014-02-22T09:00:00Z 2014-02-22T11:00:00Z 264.000000 314.000000 104.000000 118.000000 3.500000 1.000000 6 6 1
2014-02-22T08:00:00Z 2014-02-22T10:00:00Z 274.000000 317.000000 111.000000 108.000000 3.900000 1.000000 6 6 1
2014-02-22T07:00:00Z 2014-02-22T09:00:00Z 275.000000 333.000000 116.000000 108.000000 4.300000 1.000000 6 6 1
2014-02-22T06:00:00Z 2014-02-22T08:00:00Z 271.000000 314.000000 108.000000 108.000000 3.900000 1.000000 6 6 1
2014-02-22T05:00:00Z 2014-02-22T07:00:00Z 291.000000 325.000000 105.000000 94.000000 3.800000 1.000000 6 6 1
2014-02-22T04:00:00Z 2014-02-22T06:00:00Z 303.000000 356.000000 113.000000 106.000000 4.500000 1.000000 6 6 1
2014-02-22T03:00:00Z 2014-02-22T05:00:00Z 278.000000 350.000000 114.000000 102.000000 4.400000 1.000000 6 6 1
2014-02-22T02:00:00Z 2014-02-22T04:00:00Z 262.000000 295.000000 96.000000 80.000000 3.000000 1.000000 6 6 1
2014-02-22T01:00:00Z 2014-02-22T03:00:00Z 312.000000 318.000000 108.000000 103.000000 3.500000 1.000000 6 6 1
2014-02-22T00:00:00Z 2014-02-22T02:00:00Z 264.000000 334.000000 122.000000 92.000000 4.100000 1.000000 6 6 1
2014-02-16T00:00:00Z 2014-02-16T02:00:00Z 499.000000 501.000000 142.000000 136.000000 5.600000 1.000000 6 6 1
2014-02-15T23:00:00Z 2014-02-16T01:00:00Z 502.000000 510.000000 144.000000 130.000000 6.100000 1.000000 6 6 1
2014-02-15T22:00:00Z 2014-02-16T00:00:00Z 480.000000 492.000000 146.000000 104.000000 5.300000 1.000000 6 6 1
2014-02-15T16:00:00Z 2014-02-15T18:00:00Z 505.000000 507.000000 132.000000 145.000000 3.900000 14.000000 6 6 1
2014-02-15T15:00:00Z 2014-02-15T17:00:00Z 455.000000 455.000000 120.000000 135.000000 3.600000 17.000000 6 6 1
2014-02-15T09:00:00Z 2014-02-15T11:00:00Z 313.000000 319.000000 102.000000 83.000000 4.000000 1.000000 6 6 1
2014-02-15T01:00:00Z 2014-02-15T03:00:00Z 525.000000 554.000000 127.000000 153.000000 4.800000 1.000000 6 6 1
2014-02-15T00:00:00Z 2014-02-15T02:00:00Z 583.000000 654.000000 132.000000 157.000000 4.800000 1.000000 6 6 1
2014-02-14T23:00:00Z 2014-02-15T01:00:00Z 500.000000 560.000000 130.000000 133.000000 3.600000 1.000000 6 6 1
2014-02-14T22:00:00Z 2014-02-15T00:00:00Z 480.000000 544.000000 137.000000 126.000000 4.500000 1.000000 6 6 1
2014-02-14T21:00:00Z 2014-02-14T23:00:00Z 342.000000 385.000000 129.000000 78.000000 3.600000 1.000000 6 6 1
2014-02-14T20:00:00Z 2014-02-14T22:00:00Z 292.000000 310.000000 127.000000 52.000000 3.200000 1.000000 6 6 1
2014-02-14T19:00:00Z 2014-02-14T21:00:00Z 297.000000 305.000000 135.000000 69.000000 2.900000 1.000000 6 6 1
2014-02-14T18:00:00Z 2014-02-14T20:00:00Z 294.000000 310.000000 132.000000 72.000000 2.900000 1.000000 6 6 1
2014-01-31T02:00:00Z 2014-01-31T04:00:00Z 289.000000 359.000000 49.000000 68.000000 1.400000 1.000000 6 5 1
2014-01-31T01:00:00Z 2014-01-31T03:00:00Z 332.000000 414.000000 51.000000 83.000000 0.900000 1.000000 6 5 1
2014-01-24T03:00:00Z 2014-01-24T05:00:00Z 261.000000 293.000000 112.000000 121.000000 4.300000 1.000000 6 5 1
2014-01-24T02:00:00Z 2014-01-24T04:00:00Z 257.000000 285.000000 123.000000 144.000000 5.300000 1.000000 6 6 1
2014-01-24T01:00:00Z 2014-01-24T03:00:00Z 276.000000 306.000000 144.000000 182.000000 5.300000 1.000000 6 6 1
2014-01-24T00:00:00Z 2014-01-24T02:00:00Z 286.000000 330.000000 144.000000 197.000000 5.700000 1.000000 6 6 1
2014-01-23T23:00:00Z 2014-01-24T01:00:00Z 280.000000 323.000000 135.000000 168.000000 5.500000 1.000000 6 6 1
2014-01-23T22:00:00Z 2014-01-24T00:00:00Z 280.000000 329.000000 134.000000 137.000000 5.500000 1.000000 6 6 1
2014-01-23T21:00:00Z 2014-01-23T23:00:00Z 265.000000 315.000000 131.000000 133.000000 4.600000 1.000000 6 6 1
2014-01-23T03:00:00Z 2014-01-23T05:00:00Z 276.000000 306.000000 129.000000 130.000000 5.700000 1.000000 6 5 1
2014-01-23T02:00:00Z 2014-01-23T04:00:00Z 286.000000 318.000000 138.000000 134.000000 5.800000 1.000000 6 5 1
2014-01-23T01:00:00Z 2014-01-23T03:00:00Z 257.000000 307.000000 136.000000 132.000000 5.500000 1.000000 6 6 1
2014-01-17T22:00:00Z 2014-01-18T00:00:00Z 282.000000 355.000000 124.000000 45.000000 4.700000 1.000000 6 2 1
2014-01-17T00:00:00Z 2014-01-17T02:00:00Z 277.000000 287.000000 97.000000 121.000000 4.600000 1.000000 6 5 1
2014-01-16T23:00:00Z 2014-01-17T01:00:00Z 253.000000 261.000000 95.000000 107.000000 3.800000 1.000000 6 6 1
2014-01-16T22:00:00Z 2014-01-17T00:00:00Z 273.000000 295.000000 99.000000 111.000000 3.800000 1.000000 6 6 1
2014-01-16T21:00:00Z 2014-01-16T23:00:00Z 356.000000 426.000000 122.000000 128.000000 5.100000 1.000000 6 6 1
2014-01-16T20:00:00Z 2014-01-16T22:00:00Z 350.000000 401.000000 126.000000 122.000000 4.100000 1.000000 6 6 1
2014-01-16T19:00:00Z 2014-01-16T21:00:00Z 280.000000 358.000000 129.000000 122.000000 3.500000 1.000000 6 6 1
2014-01-16T10:00:00Z 2014-01-16T12:00:00Z 395.000000 442.000000 145.000000 161.000000 5.800000 1.000000 6 6 1
2014-01-16T09:00:00Z 2014-01-16T11:00:00Z 389.000000 430.000000 135.000000 135.000000 5.700000 1.000000 6 6 1
2014-01-16T08:00:00Z 2014-01-16T10:00:00Z 383.000000 431.000000 137.000000 152.000000 5.800000 1.000000 6 6 1
2014-01-16T07:00:00Z 2014-01-16T09:00:00Z 398.000000 426.000000 141.000000 160.000000 5.900000 1.000000 6 6 1
2014-01-16T06:00:00Z 2014-01-16T08:00:00Z 475.000000 499.000000 150.000000 141.000000 6.600000 1.000000 6 6 1
2014-01-16T05:00:00Z 2014-01-16T07:00:00Z 520.000000 586.000000 160.000000 120.000000 7.200000 1.000000 6 6 1
2014-01-16T04:00:00Z 2014-01-16T06:00:00Z 535.000000 597.000000 164.000000 127.000000 7.800000 1.000000 6 6 1
2014-01-16T03:00:00Z 2014-01-16T05:00:00Z 538.000000 612.000000 169.000000 132.000000 8.100000 1.000000 6 6 1
2014-01-16T02:00:00Z 2014-01-16T04:00:00Z 529.000000 610.000000 174.000000 130.000000 7.700000 1.000000 6 6 1
2014-01-16T01:00:00Z 2014-01-16T03:00:00Z 511.000000 640.000000 179.000000 147.000000 6.100000 1.000000 6 6 1
2014-01-16T00:00:00Z 2014-01-16T02:00:00Z 498.000000 554.000000 170.000000 128.000000 5.500000 1.000000 6 6 1
2014-01-15T23:00:00Z 2014-01-16T01:00:00Z 494.000000 548.000000 164.000000 144.000000 5.300000 1.000000 6 6 1
2013-12-25T13:00:00Z 2013-12-25T15:00:00Z 296.000000 324.000000 158.000000 131.000000 5.200000 4.000000 6 2 1
2013-12-25T12:00:00Z 2013-12-25T14:00:00Z 315.000000 374.000000 173.000000 144.000000 6.500000 1.000000 6 2 1
2013-12-25T11:00:00Z 2013-12-25T13:00:00Z 321.000000 389.000000 172.000000 139.000000 7.300000 1.000000 6 6 1
2013-12-25T10:00:00Z 2013-12-25T12:00:00Z 261.000000 310.000000 150.000000 145.000000 6.200000 1.000000 6 6 1
2013-12-25T09:00:00Z 2013-12-25T11:00:00Z 258.000000 306.000000 151.000000 132.000000 6.400000 1.000000 6 6 1
2013-12-25T06:00:00Z 2013-12-25T08:00:00Z 265.000000 298.000000 150.000000 115.000000 6.300000 1.000000 6 5 1
2013-12-25T05:00:00Z 2013-12-25T07:00:00Z 258.000000 294.000000 147.000000 129.000000 6.200000 2.000000 6 5 1
2013-12-25T03:00:00Z 2013-12-25T05:00:00Z 254.000000 288.000000 110.000000 100.000000 4.500000 1.000000 6 6 1
2013-12-25T02:00:00Z 2013-12-25T04:00:00Z 277.000000 330.000000 130.000000 129.000000 6.600000 1.000000 6 6 1
2013-12-25T01:00:00Z 2013-12-25T03:00:00Z 266.000000 317.000000 146.000000 174.000000 6.200000 1.000000 6 6 1
