2014-10-04T00:00:00Z 2014-10-04T02:00:00Z 150.000000 159.000000 83.000000 7.000000 3.000000 2.000000 4 3 0
2014-10-03T23:00:00Z 2014-10-04T01:00:00Z 150.000000 159.000000 83.000000 7.000000 3.000000 2.000000 4 3 0
2014-10-03T21:00:00Z 2014-10-03T23:00:00Z 125.000000 162.000000 76.000000 7.000000 2.200000 2.000000 4 4 0
2014-10-03T19:00:00Z 2014-10-03T21:00:00Z 126.000000 144.000000 77.000000 8.000000 1.900000 2.000000 4 4 0
2014-10-03T16:00:00Z 2014-10-03T18:00:00Z 132.000000 142.000000 78.000000 13.000000 1.800000 4.000000 4 5 0
2014-10-03T15:00:00Z 2014-10-03T17:00:00Z 132.000000 142.000000 78.000000 13.000000 1.800000 4.000000 4 5 0
2014-09-25T19:00:00Z 2014-09-25T21:00:00Z 128.000000 133.000000 97.000000 6.000000 1.100000 20.000000 4 4 1
2014-09-25T18:00:00Z 2014-09-25T20:00:00Z 142.000000 151.000000 83.000000 6.000000 1.000000 35.000000 4 4 1
2014-09-25T13:00:00Z 2014-09-25T15:00:00Z 148.000000 150.000000 96.000000 5.000000 1.500000 2.000000 4 5 1
2014-09-22T14:00:00Z 2014-09-22T16:00:00Z 138.000000 237.000000 96.000000 9.000000 3.100000 3.000000 4 3 1
2014-09-22T13:00:00Z 2014-09-22T15:00:00Z 129.000000 188.000000 90.000000 8.000000 3.000000 6.000000 4 4 1
2014-09-22T12:00:00Z 2014-09-22T14:00:00Z 117.000000 156.000000 89.000000 7.000000 3.100000 5.000000 4 4 1
2014-09-21T04:00:00Z 2014-09-21T06:00:00Z 142.000000 144.000000 73.000000 5.000000 2.200000 4.000000 4 3 1
2014-09-20T18:00:00Z 2014-09-20T20:00:00Z 131.000000 235.000000 82.000000 8.000000 1.000000 150.000000 4 5 1
2014-09-19T11:00:00Z 2014-09-19T13:00:00Z 123.000000 228.000000 147.000000 11.000000 1.200000 3.000000 4 4 1
2014-09-10T11:00:00Z 2014-09-10T13:00:00Z 125.000000 173.000000 96.000000 9.000000 1.500000 49.000000 4 3 1
2014-09-07T20:00:00Z 2014-09-07T22:00:00Z 142.000000 188.000000 40.000000 2.000000 1.300000 149.000000 4 5 1
2014-09-07T19:00:00Z 2014-09-07T21:00:00Z 134.000000 191.000000 44.000000 3.000000 1.200000 150.000000 4 4 1
2014-09-07T18:00:00Z 2014-09-07T20:00:00Z 128.000000 201.000000 40.000000 3.000000 1.100000 162.000000 4 4 1
2014-09-07T04:00:00Z 2014-09-07T06:00:00Z 148.000000 228.000000 86.000000 2.000000 0.900000 33.000000 4 5 1
2014-09-07T02:00:00Z 2014-09-07T04:00:00Z 145.000000 181.000000 95.000000 3.000000 0.800000 40.000000 4 4 1
2014-09-07T01:00:00Z 2014-09-07T03:00:00Z 144.000000 179.000000 71.000000 2.000000 0.800000 65.000000 4 4 1
2014-09-06T23:00:00Z 2014-09-07T01:00:00Z 143.000000 187.000000 58.000000 3.000000 0.800000 95.000000 4 4 1
2014-09-06T21:00:00Z 2014-09-06T23:00:00Z 142.000000 192.000000 57.000000 3.000000 0.900000 112.000000 4 4 1
2014-09-06T20:00:00Z 2014-09-06T22:00:00Z 126.000000 189.000000 45.000000 4.000000 0.800000 132.000000 4 4 1
2014-09-06T16:00:00Z 2014-09-06T18:00:00Z 133.000000 149.000000 38.000000 4.000000 1.100000 188.000000 4 3 1
2014-09-06T03:00:00Z 2014-09-06T05:00:00Z 146.000000 148.000000 53.000000 2.000000 1.300000 74.000000 4 4 1
2014-09-06T01:00:00Z 2014-09-06T03:00:00Z 148.000000 158.000000 63.000000 3.000000 1.300000 78.000000 4 4 1
2014-09-05T23:00:00Z 2014-09-06T01:00:00Z 147.000000 169.000000 50.000000 6.000000 1.100000 102.000000 4 4 0
2014-09-05T20:00:00Z 2014-09-05T22:00:00Z 126.000000 249.000000 54.000000 7.000000 1.100000 160.000000 4 5 0
2014-09-01T12:00:00Z 2014-09-01T14:00:00Z 145.000000 145.000000 88.000000 2.000000 2.300000 12.000000 4 4 0
2014-09-01T10:00:00Z 2014-09-01T12:00:00Z 129.000000 132.000000 72.000000 2.000000 2.000000 3.000000 4 4 0
2014-08-30T10:00:00Z 2014-08-30T12:00:00Z 146.000000 152.000000 64.000000 2.000000 1.300000 31.000000 4 5 1
2014-08-30T08:00:00Z 2014-08-30T10:00:00Z 134.000000 152.000000 82.000000 2.000000 1.600000 2.000000 4 4 1
2014-08-30T06:00:00Z 2014-08-30T08:00:00Z 140.000000 158.000000 87.000000 2.000000 1.700000 2.000000 4 4 1
2014-08-30T00:00:00Z 2014-08-30T02:00:00Z 125.000000 164.000000 95.000000 2.000000 0.900000 36.000000 4 3 1
2014-08-29T22:00:00Z 2014-08-30T00:00:00Z 122.000000 163.000000 96.000000 2.000000 1.100000 49.000000 4 4 1
2014-08-29T21:00:00Z 2014-08-29T23:00:00Z 120.000000 159.000000 80.000000 2.000000 1.100000 82.000000 4 4 1
2014-08-23T20:00:00Z 2014-08-23T22:00:00Z 124.000000 222.000000 58.000000 3.000000 1.000000 145.000000 4 5 1
2014-08-23T18:00:00Z 2014-08-23T20:00:00Z 119.000000 139.000000 52.000000 2.000000 0.800000 213.000000 4 4 1
2014-08-23T17:00:00Z 2014-08-23T19:00:00Z 128.000000 188.000000 60.000000 4.000000 0.900000 247.000000 4 3 1
2014-08-23T10:00:00Z 2014-08-23T12:00:00Z 142.000000 150.000000 68.000000 3.000000 1.300000 68.000000 4 4 1
2014-08-23T09:00:00Z 2014-08-23T11:00:00Z 135.000000 190.000000 82.000000 3.000000 1.000000 24.000000 4 4 1
2014-08-23T03:00:00Z 2014-08-23T05:00:00Z 123.000000 177.000000 111.000000 4.000000 1.000000 2.000000 4 3 1
2014-08-23T02:00:00Z 2014-08-23T04:00:00Z 116.000000 194.000000 127.000000 6.000000 1.200000 2.000000 4 3 1
2014-08-22T22:00:00Z 2014-08-23T00:00:00Z 130.000000 200.000000 146.000000 4.000000 1.300000 4.000000 4 3 1
2014-08-21T19:00:00Z 2014-08-21T21:00:00Z 139.000000 190.000000 54.000000 4.000000 1.100000 180.000000 4 4 1
2014-08-21T18:00:00Z 2014-08-21T20:00:00Z 141.000000 181.000000 43.000000 6.000000 1.000000 219.000000 4 5 1
2014-08-21T17:00:00Z 2014-08-21T19:00:00Z 139.000000 175.000000 43.000000 8.000000 1.000000 244.000000 4 4 1
2014-08-21T07:00:00Z 2014-08-21T09:00:00Z 149.000000 205.000000 114.000000 3.000000 1.000000 2.000000 4 5 1
2014-08-21T06:00:00Z 2014-08-21T08:00:00Z 135.000000 173.000000 112.000000 2.000000 1.000000 2.000000 4 5 1
2014-08-21T05:00:00Z 2014-08-21T07:00:00Z 131.000000 184.000000 106.000000 2.000000 0.900000 2.000000 4 4 1
2014-08-21T04:00:00Z 2014-08-21T06:00:00Z 127.000000 200.000000 74.000000 4.000000 0.700000 22.000000 4 4 1
2014-08-21T03:00:00Z 2014-08-21T05:00:00Z 124.000000 170.000000 54.000000 4.000000 0.700000 51.000000 4 4 1
2014-08-21T02:00:00Z 2014-08-21T04:00:00Z 116.000000 155.000000 55.000000 7.000000 0.700000 70.000000 4 4 1
2014-08-20T17:00:00Z 2014-08-20T19:00:00Z 126.000000 172.000000 33.000000 20.000000 1.300000 243.000000 4 3 1
2014-08-20T11:00:00Z 2014-08-20T13:00:00Z 150.000000 192.000000 91.000000 3.000000 1.100000 92.000000 4 3 1
2014-08-20T10:00:00Z 2014-08-20T12:00:00Z 149.000000 216.000000 110.000000 2.000000 1.100000 35.000000 4 4 1
2014-08-20T09:00:00Z 2014-08-20T11:00:00Z 141.000000 203.000000 97.000000 2.000000 1.000000 20.000000 4 4 1
2014-08-20T07:00:00Z 2014-08-20T09:00:00Z 118.000000 155.000000 65.000000 2.000000 0.900000 14.000000 4 4 1
2014-08-19T11:00:00Z 2014-08-19T13:00:00Z 120.000000 136.000000 48.000000 2.000000 1.000000 147.000000 4 3 1
2014-08-19T09:00:00Z 2014-08-19T11:00:00Z 149.000000 225.000000 92.000000 3.000000 1.200000 39.000000 4 4 1
2014-08-19T07:00:00Z 2014-08-19T09:00:00Z 116.000000 162.000000 116.000000 3.000000 1.300000 2.000000 4 4 1
2014-08-19T06:00:00Z 2014-08-19T08:00:00Z 126.000000 152.000000 105.000000 2.000000 1.100000 2.000000 4 4 1
2014-05-31T20:00:00Z 2014-05-31T22:00:00Z 147.000000 289.000000 76.000000 21.000000 2.500000 192.000000 4 4 1
2014-05-31T18:00:00Z 2014-05-31T20:00:00Z 141.000000 298.000000 59.000000 34.000000 1.900000 271.000000 4 4 1
2014-05-31T17:00:00Z 2014-05-31T19:00:00Z 144.000000 254.000000 64.000000 45.000000 2.000000 277.000000 4 4 1
2014-05-31T15:00:00Z 2014-05-31T17:00:00Z 142.000000 289.000000 80.000000 73.000000 2.500000 241.000000 4 4 1
2014-05-31T14:00:00Z 2014-05-31T16:00:00Z 140.000000 264.000000 87.000000 77.000000 2.600000 207.000000 4 5 1
2014-05-31T13:00:00Z 2014-05-31T15:00:00Z 139.000000 293.000000 93.000000 81.000000 2.700000 174.000000 4 4 1
2014-05-31T11:00:00Z 2014-05-31T13:00:00Z 123.000000 283.000000 103.000000 93.000000 3.300000 85.000000 4 4 1
2014-05-30T15:00:00Z 2014-05-30T17:00:00Z 122.000000 234.000000 42.000000 51.000000 1.200000 328.000000 4 3 1
2014-05-23T09:00:00Z 2014-05-23T11:00:00Z 118.000000 238.000000 74.000000 40.000000 0.900000 98.000000 4 3 1
2014-05-22T01:00:00Z 2014-05-22T03:00:00Z 147.000000 233.000000 126.000000 18.000000 1.600000 13.000000 4 5 1
2014-05-21T20:00:00Z 2014-05-21T22:00:00Z 141.000000 258.000000 63.000000 31.000000 1.400000 220.000000 4 5 1
2014-05-21T19:00:00Z 2014-05-21T21:00:00Z 138.000000 242.000000 42.000000 35.000000 1.400000 261.000000 4 5 1
2014-05-21T18:00:00Z 2014-05-21T20:00:00Z 132.000000 256.000000 43.000000 37.000000 1.300000 255.000000 4 4 1
2014-05-21T17:00:00Z 2014-05-21T19:00:00Z 126.000000 228.000000 36.000000 36.000000 1.200000 263.000000 4 4 1
2014-05-21T15:00:00Z 2014-05-21T17:00:00Z 127.000000 226.000000 53.000000 33.000000 1.600000 233.000000 4 4 1
2014-05-20T23:00:00Z 2014-05-21T01:00:00Z 124.000000 212.000000 64.000000 26.000000 1.900000 116.000000 4 3 1
2014-05-20T22:00:00Z 2014-05-21T00:00:00Z 130.000000 268.000000 53.000000 22.000000 2.300000 156.000000 4 3 1
2014-05-19T22:00:00Z 2014-05-20T00:00:00Z 132.000000 307.000000 171.000000 10.000000 1.500000 2.000000 4 5 1
2014-05-19T17:00:00Z 2014-05-19T19:00:00Z 138.000000 219.000000 44.000000 22.000000 0.800000 224.000000 4 3 1
2014-05-18T21:00:00Z 2014-05-18T23:00:00Z 135.000000 231.000000 41.000000 36.000000 0.900000 186.000000 4 3 1
2014-05-18T19:00:00Z 2014-05-18T21:00:00Z 144.000000 295.000000 39.000000 57.000000 1.100000 247.000000 4 4 1
2014-05-15T21:00:00Z 2014-05-15T23:00:00Z 122.000000 416.000000 113.000000 11.000000 0.700000 23.000000 4 3 1
2014-05-15T18:00:00Z 2014-05-15T20:00:00Z 121.000000 358.000000 44.000000 8.000000 0.400000 117.000000 4 3 1
2014-05-15T17:00:00Z 2014-05-15T19:00:00Z 123.000000 446.000000 40.000000 8.000000 0.400000 118.000000 4 3 1
2014-05-08T09:00:00Z 2014-05-08T11:00:00Z 147.000000 204.000000 98.000000 25.000000 1.500000 21.000000 4 2 1
2014-05-08T08:00:00Z 2014-05-08T10:00:00Z 139.000000 194.000000 100.000000 20.000000 1.400000 4.000000 4 4 1
2014-05-08T07:00:00Z 2014-05-08T09:00:00Z 130.000000 166.000000 93.000000 16.000000 1.500000 2.000000 4 4 1
2014-05-08T06:00:00Z 2014-05-08T08:00:00Z 135.000000 182.000000 83.000000 12.000000 1.400000 2.000000 4 4 1
2014-05-08T05:00:00Z 2014-05-08T07:00:00Z 134.000000 196.000000 94.000000 13.000000 1.300000 2.000000 4 4 1
2014-05-08T04:00:00Z 2014-05-08T06:00:00Z 132.000000 178.000000 86.000000 13.000000 1.200000 2.000000 4 4 1
2014-05-08T03:00:00Z 2014-05-08T05:00:00Z 122.000000 157.000000 84.000000 12.000000 1.100000 10.000000 4 4 1
2014-05-07T08:00:00Z 2014-05-07T10:00:00Z 135.000000 227.000000 82.000000 31.000000 1.200000 23.000000 4 1 1
2014-05-07T07:00:00Z 2014-05-07T09:00:00Z 123.000000 199.000000 103.000000 28.000000 1.400000 2.000000 4 2 1
2014-05-07T06:00:00Z 2014-05-07T08:00:00Z 129.000000 189.000000 104.000000 25.000000 1.800000 2.000000 4 4 1
2014-05-07T05:00:00Z 2014-05-07T07:00:00Z 136.000000 194.000000 104.000000 29.000000 2.400000 2.000000 4 4 1
2014-05-07T04:00:00Z 2014-05-07T06:00:00Z 131.000000 204.000000 100.000000 27.000000 2.700000 2.000000 4 4 1
2014-05-07T03:00:00Z 2014-05-07T05:00:00Z 132.000000 187.000000 104.000000 45.000000 2.700000 2.000000 4 4 1
2014-05-07T02:00:00Z 2014-05-07T04:00:00Z 135.000000 174.000000 95.000000 47.000000 2.700000 3.000000 4 4 1
2014-05-07T01:00:00Z 2014-05-07T03:00:00Z 130.000000 194.000000 99.000000 40.000000 2.400000 5.000000 4 4 1
2014-05-07T00:00:00Z 2014-05-07T02:00:00Z 121.000000 227.000000 104.000000 34.000000 1.900000 12.000000 4 4 1
2014-05-06T23:00:00Z 2014-05-07T01:00:00Z 118.000000 250.000000 108.000000 42.000000 1.500000 22.000000 4 4 1
2014-05-06T22:00:00Z 2014-05-07T00:00:00Z 118.000000 230.000000 87.000000 44.000000 1.400000 50.000000 4 4 1
2014-05-01T08:00:00Z 2014-05-01T10:00:00Z 139.000000 210.000000 116.000000 18.000000 1.000000 8.000000 4 5 0
2014-05-01T07:00:00Z 2014-05-01T09:00:00Z 150.000000 155.000000 88.000000 12.000000 0.800000 12.000000 4 5 0
2014-05-01T06:00:00Z 2014-05-01T08:00:00Z 142.000000 212.000000 88.000000 10.000000 0.700000 11.000000 4 4 0
2014-05-01T05:00:00Z 2014-05-01T07:00:00Z 140.000000 191.000000 96.000000 14.000000 0.700000 20.000000 4 4 0
2014-05-01T04:00:00Z 2014-05-01T06:00:00Z 130.000000 190.000000 89.000000 16.000000 0.700000 37.000000 4 4 0
2014-05-01T03:00:00Z 2014-05-01T05:00:00Z 118.000000 176.000000 65.000000 16.000000 0.600000 66.000000 4 4 0
2014-04-30T08:00:00Z 2014-04-30T10:00:00Z 149.000000 241.000000 133.000000 20.000000 1.200000 2.000000 4 5 1
2014-04-30T07:00:00Z 2014-04-30T09:00:00Z 117.000000 204.000000 132.000000 17.000000 1.200000 2.000000 4 5 1
2014-04-29T16:00:00Z 2014-04-29T18:00:00Z 131.000000 137.000000 38.000000 13.000000 0.600000 188.000000 4 3 1
2014-04-29T12:00:00Z 2014-04-29T14:00:00Z 130.000000 144.000000 70.000000 31.000000 1.100000 92.000000 4 3 1
2014-04-29T11:00:00Z 2014-04-29T13:00:00Z 133.000000 155.000000 87.000000 33.000000 1.100000 46.000000 4 3 1
2014-04-29T10:00:00Z 2014-04-29T12:00:00Z 124.000000 163.000000 82.000000 31.000000 1.100000 34.000000 4 4 1
2014-04-29T09:00:00Z 2014-04-29T11:00:00Z 121.000000 171.000000 82.000000 33.000000 1.000000 25.000000 4 4 1
2014-04-25T20:00:00Z 2014-04-25T22:00:00Z 118.000000 300.000000 28.000000 9.000000 0.400000 69.000000 4 3 1
2014-04-24T09:00:00Z 2014-04-24T11:00:00Z 121.000000 158.000000 68.000000 19.000000 0.800000 41.000000 4 4 1
2014-04-23T20:00:00Z 2014-04-23T22:00:00Z 116.000000 211.000000 56.000000 24.000000 0.800000 92.000000 4 2 1
2014-04-23T19:00:00Z 2014-04-23T21:00:00Z 126.000000 198.000000 34.000000 33.000000 0.900000 139.000000 4 3 1
2014-04-23T18:00:00Z 2014-04-23T20:00:00Z 141.000000 196.000000 36.000000 44.000000 1.100000 147.000000 4 4 1
2014-04-23T08:00:00Z 2014-04-23T10:00:00Z 138.000000 193.000000 55.000000 20.000000 0.800000 28.000000 4 5 1
2014-04-23T07:00:00Z 2014-04-23T09:00:00Z 123.000000 164.000000 46.000000 17.000000 0.700000 34.000000 4 5 1
2014-04-18T19:00:00Z 2014-04-18T21:00:00Z 141.000000 162.000000 90.000000 21.000000 1.700000 52.000000 4 3 1
2014-04-18T09:00:00Z 2014-04-18T11:00:00Z 125.000000 161.000000 77.000000 21.000000 1.200000 11.000000 4 5 1
2014-04-18T08:00:00Z 2014-04-18T10:00:00Z 146.000000 160.000000 82.000000 13.000000 1.100000 2.000000 4 5 1
2014-04-18T07:00:00Z 2014-04-18T09:00:00Z 134.000000 154.000000 83.000000 12.000000 1.100000 2.000000 4 4 1
2014-04-18T06:00:00Z 2014-04-18T08:00:00Z 147.000000 158.000000 86.000000 11.000000 1.500000 2.000000 4 4 1
2014-04-18T03:00:00Z 2014-04-18T05:00:00Z 128.000000 161.000000 60.000000 14.000000 1.500000 2.000000 4 4 1
2014-04-18T01:00:00Z 2014-04-18T03:00:00Z 123.000000 163.000000 90.000000 20.000000 2.200000 6.000000 4 4 1
2014-04-18T00:00:00Z 2014-04-18T02:00:00Z 119.000000 144.000000 92.000000 17.000000 1.900000 12.000000 4 5 1
2014-04-17T20:00:00Z 2014-04-17T22:00:00Z 127.000000 139.000000 60.000000 19.000000 1.000000 87.000000 4 3 1
2014-04-17T19:00:00Z 2014-04-17T21:00:00Z 130.000000 147.000000 70.000000 23.000000 1.200000 87.000000 4 3 1
2014-04-17T18:00:00Z 2014-04-17T20:00:00Z 116.000000 131.000000 68.000000 23.000000 1.200000 89.000000 4 4 1
2014-04-15T11:00:00Z 2014-04-15T13:00:00Z 116.000000 135.000000 57.000000 34.000000 1.100000 75.000000 4 3 1
2014-04-15T10:00:00Z 2014-04-15T12:00:00Z 128.000000 147.000000 69.000000 32.000000 1.100000 48.000000 4 3 1
2014-04-13T20:00:00Z 2014-04-13T22:00:00Z 141.000000 184.000000 47.000000 25.000000 1.000000 144.000000 4 5 1
2014-04-13T19:00:00Z 2014-04-13T21:00:00Z 148.000000 180.000000 48.000000 26.000000 0.900000 162.000000 4 5 1
2014-04-02T19:00:00Z 2014-04-02T21:00:00Z 129.000000 224.000000 64.000000 31.000000 1.100000 87.000000 4 3 0
2014-04-02T18:00:00Z 2014-04-02T20:00:00Z 138.000000 272.000000 60.000000 32.000000 1.200000 102.000000 4 3 0
2014-04-02T17:00:00Z 2014-04-02T19:00:00Z 131.000000 326.000000 57.000000 37.000000 1.500000 124.000000 4 4 0
2014-04-02T08:00:00Z 2014-04-02T10:00:00Z 140.000000 225.000000 100.000000 28.000000 1.200000 2.000000 4 4 0
2014-04-02T07:00:00Z 2014-04-02T09:00:00Z 126.000000 188.000000 106.000000 21.000000 1.000000 2.000000 4 5 0
2014-04-02T06:00:00Z 2014-04-02T08:00:00Z 127.000000 190.000000 117.000000 22.000000 1.000000 2.000000 4 4 0
2014-04-01T05:00:00Z 2014-04-01T07:00:00Z 143.000000 167.000000 90.000000 8.000000 1.200000 2.000000 4 5 0
2014-03-31T08:00:00Z 2014-03-31T10:00:00Z 149.000000 214.000000 103.000000 38.000000 2.200000 2.000000 4 5 1
2014-03-31T07:00:00Z 2014-03-31T09:00:00Z 132.000000 184.000000 102.000000 32.000000 1.600000 2.000000 4 5 1
2014-03-31T06:00:00Z 2014-03-31T08:00:00Z 121.000000 166.000000 103.000000 33.000000 1.700000 2.000000 4 4 1
2014-03-31T03:00:00Z 2014-03-31T05:00:00Z 150.000000 268.000000 67.000000 26.000000 1.000000 25.000000 4 4 1
2014-03-31T02:00:00Z 2014-03-31T04:00:00Z 128.000000 279.000000 81.000000 24.000000 1.100000 39.000000 4 5 1
2014-03-28T20:00:00Z 2014-03-28T22:00:00Z 140.000000 176.000000 87.000000 35.000000 2.000000 45.000000 4 5 1
2014-03-28T19:00:00Z 2014-03-28T21:00:00Z 142.000000 202.000000 83.000000 36.000000 1.900000 65.000000 4 5 1
2014-03-28T09:00:00Z 2014-03-28T11:00:00Z 117.000000 140.000000 70.000000 15.000000 1.800000 5.000000 4 3 1
2014-03-28T07:00:00Z 2014-03-28T09:00:00Z 121.000000 146.000000 73.000000 17.000000 1.500000 2.000000 4 4 1
2014-03-28T04:00:00Z 2014-03-28T06:00:00Z 143.000000 234.000000 69.000000 31.000000 1.500000 2.000000 4 5 1
2014-03-28T03:00:00Z 2014-03-28T05:00:00Z 137.000000 209.000000 61.000000 30.000000 1.400000 2.000000 4 5 1
2014-03-28T02:00:00Z 2014-03-28T04:00:00Z 145.000000 232.000000 69.000000 32.000000 1.800000 2.000000 4 4 1
2014-03-28T01:00:00Z 2014-03-28T03:00:00Z 146.000000 253.000000 82.000000 33.000000 1.800000 2.000000 4 4 1
2014-03-28T00:00:00Z 2014-03-28T02:00:00Z 116.000000 199.000000 88.000000 41.000000 2.000000 2.000000 4 4 1
2014-03-27T23:00:00Z 2014-03-28T01:00:00Z 116.000000 199.000000 88.000000 41.000000 2.000000 2.000000 4 4 1
2014-03-27T21:00:00Z 2014-03-27T23:00:00Z 116.000000 171.000000 86.000000 47.000000 1.900000 2.000000 4 4 1
2014-03-25T21:00:00Z 2014-03-25T23:00:00Z 146.000000 181.000000 127.000000 40.000000 1.000000 25.000000 4 5 1
2014-03-23T21:00:00Z 2014-03-23T23:00:00Z 131.000000 198.000000 120.000000 37.000000 1.000000 51.000000 4 5 1
2014-03-23T19:00:00Z 2014-03-23T21:00:00Z 143.000000 173.000000 72.000000 35.000000 1.200000 127.000000 4 4 1
2014-03-23T15:00:00Z 2014-03-23T17:00:00Z 149.000000 177.000000 43.000000 46.000000 1.100000 151.000000 4 5 1
2014-03-23T09:00:00Z 2014-03-23T11:00:00Z 145.000000 248.000000 115.000000 50.000000 2.100000 2.000000 4 4 1
2014-03-23T08:00:00Z 2014-03-23T10:00:00Z 132.000000 224.000000 110.000000 43.000000 1.900000 2.000000 4 5 1
2014-03-22T23:00:00Z 2014-03-23T01:00:00Z 141.000000 256.000000 78.000000 52.000000 1.900000 46.000000 4 3 1
2014-03-17T08:00:00Z 2014-03-17T10:00:00Z 147.000000 232.000000 106.000000 61.000000 2.600000 2.000000 4 5 1
2014-03-17T07:00:00Z 2014-03-17T09:00:00Z 143.000000 220.000000 105.000000 51.000000 2.400000 2.000000 4 5 1
2014-03-17T06:00:00Z 2014-03-17T08:00:00Z 142.000000 222.000000 102.000000 42.000000 2.100000 2.000000 4 4 1
2014-03-17T04:00:00Z 2014-03-17T06:00:00Z 138.000000 214.000000 108.000000 53.000000 1.900000 2.000000 4 4 1
2014-03-17T03:00:00Z 2014-03-17T05:00:00Z 147.000000 248.000000 105.000000 49.000000 1.800000 2.000000 4 5 1
2014-03-17T02:00:00Z 2014-03-17T04:00:00Z 135.000000 191.000000 76.000000 49.000000 1.800000 24.000000 4 4 1
2014-03-17T01:00:00Z 2014-03-17T03:00:00Z 140.000000 204.000000 67.000000 46.000000 1.700000 36.000000 4 4 1
2014-03-17T00:00:00Z 2014-03-17T02:00:00Z 132.000000 189.000000 67.000000 51.000000 1.500000 38.000000 4 4 1
2014-03-16T23:00:00Z 2014-03-17T01:00:00Z 136.000000 188.000000 63.000000 52.000000 1.300000 47.000000 4 4 1
2014-03-16T22:00:00Z 2014-03-17T00:00:00Z 132.000000 194.000000 54.000000 54.000000 1.300000 67.000000 4 4 1
2014-03-16T21:00:00Z 2014-03-16T23:00:00Z 138.000000 196.000000 64.000000 61.000000 1.300000 65.000000 4 4 1
2014-03-16T20:00:00Z 2014-03-16T22:00:00Z 140.000000 214.000000 52.000000 65.000000 1.100000 85.000000 4 4 1
2014-03-16T19:00:00Z 2014-03-16T21:00:00Z 136.000000 235.000000 61.000000 68.000000 1.300000 82.000000 4 4 1
2014-03-16T18:00:00Z 2014-03-16T20:00:00Z 128.000000 238.000000 60.000000 62.000000 1.300000 93.000000 4 4 1
2014-03-16T17:00:00Z 2014-03-16T19:00:00Z 117.000000 231.000000 51.000000 60.000000 1.300000 106.000000 4 4 1
2014-03-16T06:00:00Z 2014-03-16T08:00:00Z 116.000000 245.000000 103.000000 128.000000 3.700000 2.000000 4 2 1
2014-03-16T04:00:00Z 2014-03-16T06:00:00Z 119.000000 273.000000 82.000000 93.000000 3.100000 2.000000 4 4 1
2014-03-16T03:00:00Z 2014-03-16T05:00:00Z 119.000000 209.000000 79.000000 98.000000 2.800000 2.000000 4 4 1
2014-03-16T02:00:00Z 2014-03-16T04:00:00Z 137.000000 224.000000 93.000000 116.000000 3.500000 2.000000 4 4 1
2014-03-15T20:00:00Z 2014-03-15T22:00:00Z 136.000000 278.000000 148.000000 42.000000 2.300000 2.000000 4 5 1
2014-03-15T19:00:00Z 2014-03-15T21:00:00Z 117.000000 241.000000 143.000000 39.000000 1.400000 2.000000 4 5 1
2014-03-15T18:00:00Z 2014-03-15T20:00:00Z 121.000000 216.000000 114.000000 42.000000 1.100000 48.000000 4 4 1
2014-03-15T17:00:00Z 2014-03-15T19:00:00Z 135.000000 234.000000 118.000000 44.000000 1.300000 67.000000 4 4 1
2014-03-15T16:00:00Z 2014-03-15T18:00:00Z 131.000000 221.000000 129.000000 48.000000 1.500000 39.000000 4 4 1
2014-03-15T15:00:00Z 2014-03-15T17:00:00Z 116.000000 183.000000 112.000000 47.000000 1.500000 46.000000 4 4 1
2014-03-11T18:00:00Z 2014-03-11T20:00:00Z 131.000000 157.000000 81.000000 62.000000 1.700000 63.000000 4 2 1
2014-03-10T21:00:00Z 2014-03-10T23:00:00Z 142.000000 183.000000 122.000000 72.000000 2.600000 2.000000 4 5 1
2014-03-10T20:00:00Z 2014-03-10T22:00:00Z 128.000000 167.000000 117.000000 70.000000 2.200000 2.000000 4 5 1
2014-03-10T19:00:00Z 2014-03-10T21:00:00Z 118.000000 145.000000 101.000000 72.000000 1.900000 14.000000 4 4 1
2014-03-09T13:00:00Z 2014-03-09T15:00:00Z 143.000000 159.000000 84.000000 60.000000 1.900000 25.000000 4 4 1
2014-03-09T12:00:00Z 2014-03-09T14:00:00Z 131.000000 147.000000 77.000000 56.000000 1.800000 21.000000 4 5 1
2014-03-09T11:00:00Z 2014-03-09T13:00:00Z 116.000000 132.000000 69.000000 53.000000 1.700000 16.000000 4 4 1
2014-03-08T07:00:00Z 2014-03-08T09:00:00Z 123.000000 170.000000 79.000000 50.000000 3.000000 2.000000 4 4 1
2014-03-08T05:00:00Z 2014-03-08T07:00:00Z 119.000000 147.000000 97.000000 109.000000 3.000000 2.000000 4 4 1
2014-03-08T02:00:00Z 2014-03-08T04:00:00Z 126.000000 165.000000 98.000000 92.000000 2.000000 2.000000 4 3 1
2014-03-08T01:00:00Z 2014-03-08T03:00:00Z 120.000000 189.000000 97.000000 84.000000 1.800000 2.000000 4 3 1
2014-03-02T09:00:00Z 2014-03-02T11:00:00Z 116.000000 141.000000 74.000000 108.000000 3.200000 6.000000 4 4 0
2014-03-02T06:00:00Z 2014-03-02T08:00:00Z 118.000000 137.000000 80.000000 58.000000 2.900000 2.000000 4 3 0
2014-03-02T05:00:00Z 2014-03-02T07:00:00Z 127.000000 152.000000 81.000000 48.000000 2.900000 2.000000 4 3 0
2014-03-02T03:00:00Z 2014-03-02T05:00:00Z 127.000000 163.000000 85.000000 37.000000 2.500000 2.000000 4 4 0
2014-03-02T02:00:00Z 2014-03-02T04:00:00Z 136.000000 210.000000 94.000000 48.000000 2.400000 2.000000 4 3 0
2014-03-02T01:00:00Z 2014-03-02T03:00:00Z 117.000000 182.000000 102.000000 52.000000 1.500000 2.000000 4 4 0
2014-02-28T19:00:00Z 2014-02-28T21:00:00Z 148.000000 189.000000 99.000000 42.000000 1.800000 2.000000 4 5 1
2014-02-20T10:00:00Z 2014-02-20T12:00:00Z 139.000000 157.000000 74.000000 47.000000 2.200000 1.000000 4 5 1
2014-02-20T09:00:00Z 2014-02-20T11:00:00Z 140.000000 151.000000 72.000000 40.000000 2.100000 1.000000 4 5 1
2014-02-20T08:00:00Z 2014-02-20T10:00:00Z 143.000000 162.000000 74.000000 35.000000 2.200000 1.000000 4 4 1
2014-02-20T07:00:00Z 2014-02-20T09:00:00Z 128.000000 153.000000 73.000000 32.000000 2.400000 1.000000 4 4 1
2014-02-20T03:00:00Z 2014-02-20T05:00:00Z 139.000000 149.000000 62.000000 23.000000 1.400000 1.000000 4 4 1
2014-02-20T02:00:00Z 2014-02-20T04:00:00Z 138.000000 157.000000 62.000000 23.000000 1.500000 1.000000 4 4 1
2014-02-20T01:00:00Z 2014-02-20T03:00:00Z 130.000000 155.000000 72.000000 35.000000 1.400000 1.000000 4 4 1
2014-02-20T00:00:00Z 2014-02-20T02:00:00Z 130.000000 166.000000 81.000000 41.000000 1.700000 1.000000 4 4 1
2014-02-19T23:00:00Z 2014-02-20T01:00:00Z 142.000000 168.000000 89.000000 52.000000 2.000000 1.000000 4 4 1
2014-02-19T22:00:00Z 2014-02-20T00:00:00Z 121.000000 141.000000 83.000000 44.000000 1.700000 10.000000 4 4 1
2014-02-19T01:00:00Z 2014-02-19T03:00:00Z 131.000000 152.000000 85.000000 71.000000 2.300000 1.000000 4 3 1
2014-02-19T00:00:00Z 2014-02-19T02:00:00Z 116.000000 141.000000 86.000000 58.000000 2.100000 1.000000 4 3 1
2014-02-18T23:00:00Z 2014-02-19T01:00:00Z 117.000000 139.000000 87.000000 51.000000 2.000000 1.000000 4 4 1
2014-02-11T18:00:00Z 2014-02-11T20:00:00Z 122.000000 127.000000 80.000000 79.000000 2.000000 17.000000 4 5 1
2014-02-11T15:00:00Z 2014-02-11T17:00:00Z 124.000000 136.000000 93.000000 73.000000 2.300000 15.000000 4 3 1
2014-02-06T22:00:00Z 2014-02-07T00:00:00Z 127.000000 156.000000 73.000000 92.000000 2.500000 10.000000 4 3 1
2014-02-06T10:00:00Z 2014-02-06T12:00:00Z 126.000000 126.000000 56.000000 77.000000 2.200000 2.000000 4 4 1
2014-02-06T09:00:00Z 2014-02-06T11:00:00Z 118.000000 122.000000 58.000000 67.000000 2.100000 1.000000 4 3 1
2014-02-06T04:00:00Z 2014-02-06T06:00:00Z 148.000000 151.000000 69.000000 46.000000 2.500000 1.000000 4 4 1
2014-02-05T22:00:00Z 2014-02-06T00:00:00Z 139.000000 157.000000 58.000000 65.000000 1.200000 13.000000 4 4 0
2014-02-02T08:00:00Z 2014-02-02T10:00:00Z 136.000000 138.000000 58.000000 28.000000 2.500000 1.000000 4 1 0
2014-02-01T12:00:00Z 2014-02-01T14:00:00Z 134.000000 139.000000 57.000000 74.000000 1.700000 5.000000 4 3 0
2014-02-01T08:00:00Z 2014-02-01T10:00:00Z 150.000000 158.000000 67.000000 81.000000 1.800000 1.000000 4 5 0
2014-02-01T04:00:00Z 2014-02-01T06:00:00Z 144.000000 150.000000 65.000000 63.000000 1.900000 1.000000 4 4 0
2014-01-31T21:00:00Z 2014-01-31T23:00:00Z 137.000000 161.000000 65.000000 63.000000 1.600000 1.000000 4 4 1
2014-01-31T20:00:00Z 2014-01-31T22:00:00Z 130.000000 147.000000 67.000000 62.000000 1.500000 1.000000 4 4 1
2014-01-31T19:00:00Z 2014-01-31T21:00:00Z 134.000000 151.000000 63.000000 61.000000 1.300000 4.000000 4 4 1
2014-01-31T18:00:00Z 2014-01-31T20:00:00Z 130.000000 148.000000 47.000000 60.000000 1.200000 23.000000 4 4 1
2014-01-31T17:00:00Z 2014-01-31T19:00:00Z 129.000000 148.000000 40.000000 62.000000 1.200000 33.000000 4 4 1
2014-01-31T16:00:00Z 2014-01-31T18:00:00Z 119.000000 164.000000 42.000000 65.000000 1.200000 32.000000 4 4 1
2014-01-31T06:00:00Z 2014-01-31T08:00:00Z 117.000000 140.000000 58.000000 76.000000 1.700000 3.000000 4 3 1
2014-01-31T05:00:00Z 2014-01-31T07:00:00Z 121.000000 148.000000 54.000000 80.000000 1.800000 6.000000 4 3 1
2014-01-30T22:00:00Z 2014-01-31T00:00:00Z 119.000000 186.000000 59.000000 63.000000 1.400000 12.000000 4 5 1
2014-01-29T14:00:00Z 2014-01-29T16:00:00Z 144.000000 160.000000 77.000000 100.000000 1.900000 10.000000 4 5 1
2014-01-27T12:00:00Z 2014-01-27T14:00:00Z 133.000000 149.000000 75.000000 126.000000 2.000000 8.000000 4 4 1
2014-01-27T11:00:00Z 2014-01-27T13:00:00Z 136.000000 162.000000 79.000000 112.000000 2.400000 1.000000 4 4 1
2014-01-27T10:00:00Z 2014-01-27T12:00:00Z 133.000000 154.000000 77.000000 106.000000 2.500000 1.000000 4 4 1
2014-01-27T09:00:00Z 2014-01-27T11:00:00Z 121.000000 148.000000 78.000000 105.000000 2.500000 1.000000 4 4 1
2014-01-27T08:00:00Z 2014-01-27T10:00:00Z 123.000000 143.000000 81.000000 84.000000 2.700000 1.000000 4 4 1
2014-01-27T07:00:00Z 2014-01-27T09:00:00Z 120.000000 139.000000 77.000000 74.000000 2.300000 1.000000 4 4 1
2014-01-22T18:00:00Z 2014-01-22T20:00:00Z 136.000000 177.000000 135.000000 74.000000 2.300000 1.000000 4 5 1
2014-01-22T17:00:00Z 2014-01-22T19:00:00Z 116.000000 154.000000 124.000000 74.000000 2.500000 1.000000 4 5 1
2014-01-22T06:00:00Z 2014-01-22T08:00:00Z 116.000000 127.000000 81.000000 86.000000 3.000000 1.000000 4 2 1
2014-01-22T04:00:00Z 2014-01-22T06:00:00Z 124.000000 152.000000 81.000000 95.000000 3.000000 1.000000 4 4 1
2014-01-22T02:00:00Z 2014-01-22T04:00:00Z 148.000000 178.000000 98.000000 126.000000 3.600000 1.000000 4 4 1
2014-01-22T00:00:00Z 2014-01-22T02:00:00Z 119.000000 179.000000 94.000000 90.000000 2.800000 1.000000 4 4 1
2014-01-19T18:00:00Z 2014-01-19T20:00:00Z 143.000000 311.000000 80.000000 63.000000 2.400000 16.000000 4 1 1
2014-01-19T12:00:00Z 2014-01-19T14:00:00Z 142.000000 164.000000 75.000000 126.000000 3.000000 1.000000 4 5 1
2014-01-19T11:00:00Z 2014-01-19T13:00:00Z 122.000000 145.000000 76.000000 109.000000 3.200000 1.000000 4 5 1
2014-01-19T10:00:00Z 2014-01-19T12:00:00Z 119.000000 142.000000 80.000000 112.000000 3.300000 1.000000 4 4 1
2014-01-19T09:00:00Z 2014-01-19T11:00:00Z 116.000000 137.000000 76.000000 101.000000 3.200000 1.000000 4 4 1
2014-01-19T02:00:00Z 2014-01-19T04:00:00Z 127.000000 151.000000 91.000000 69.000000 3.100000 1.000000 4 3 1
2014-01-19T01:00:00Z 2014-01-19T03:00:00Z 142.000000 164.000000 102.000000 109.000000 4.000000 1.000000 4 3 1
2014-01-19T00:00:00Z 2014-01-19T02:00:00Z 138.000000 169.000000 108.000000 110.000000 3.600000 1.000000 4 4 1
2014-01-18T22:00:00Z 2014-01-19T00:00:00Z 128.000000 156.000000 103.000000 83.000000 2.900000 1.000000 4 4 1
2014-01-18T14:00:00Z 2014-01-18T16:00:00Z 144.000000 211.000000 120.000000 56.000000 2.800000 12.000000 4 3 1
2014-01-16T17:00:00Z 2014-01-16T19:00:00Z 135.000000 281.000000 122.000000 154.000000 2.900000 7.000000 4 6 1
2014-01-14T02:00:00Z 2014-01-14T04:00:00Z 118.000000 149.000000 90.000000 104.000000 3.100000 1.000000 4 2 1
2014-01-14T01:00:00Z 2014-01-14T03:00:00Z 125.000000 161.000000 97.000000 126.000000 3.200000 1.000000 4 3 1
2014-01-14T00:00:00Z 2014-01-14T02:00:00Z 144.000000 182.000000 108.000000 140.000000 3.500000 1.000000 4 4 1
2014-01-13T23:00:00Z 2014-01-14T01:00:00Z 141.000000 180.000000 115.000000 123.000000 3.300000 1.000000 4 4 1
2014-01-13T21:00:00Z 2014-01-13T23:00:00Z 149.000000 192.000000 120.000000 100.000000 3.300000 1.000000 4 4 1
2014-01-06T19:00:00Z 2014-01-06T21:00:00Z 148.000000 159.000000 85.000000 64.000000 2.200000 1.000000 4 5 1
2014-01-06T18:00:00Z 2014-01-06T20:00:00Z 133.000000 143.000000 79.000000 48.000000 1.700000 1.000000 4 5 1
2014-01-06T17:00:00Z 2014-01-06T19:00:00Z 134.000000 146.000000 74.000000 51.000000 1.700000 1.000000 4 4 1
2014-01-06T16:00:00Z 2014-01-06T18:00:00Z 135.000000 146.000000 65.000000 55.000000 1.600000 7.000000 4 4 1
2014-01-06T15:00:00Z 2014-01-06T17:00:00Z 135.000000 148.000000 60.000000 54.000000 1.600000 7.000000 4 4 1
2014-01-06T02:00:00Z 2014-01-06T04:00:00Z 137.000000 158.000000 68.000000 69.000000 3.800000 1.000000 4 4 1
2014-01-06T01:00:00Z 2014-01-06T03:00:00Z 137.000000 168.000000 85.000000 74.000000 3.800000 1.000000 4 4 1
2014-01-06T00:00:00Z 2014-01-06T02:00:00Z 124.000000 131.000000 79.000000 62.000000 3.200000 1.000000 4 4 1
2014-01-05T09:00:00Z 2014-01-05T11:00:00Z 120.000000 178.000000 75.000000 63.000000 2.500000 1.000000 4 2 0
2014-01-05T07:00:00Z 2014-01-05T09:00:00Z 121.000000 132.000000 80.000000 53.000000 2.400000 1.000000 4 4 0
2014-01-05T06:00:00Z 2014-01-05T08:00:00Z 146.000000 178.000000 92.000000 52.000000 3.000000 1.000000 4 3 0
2014-01-05T04:00:00Z 2014-01-05T06:00:00Z 146.000000 180.000000 88.000000 47.000000 3.000000 1.000000 4 4 0
2014-01-05T02:00:00Z 2014-01-05T04:00:00Z 145.000000 188.000000 94.000000 63.000000 2.900000 1.000000 4 4 0
2014-01-05T01:00:00Z 2014-01-05T03:00:00Z 142.000000 177.000000 91.000000 51.000000 2.800000 1.000000 4 5 0
2014-01-05T00:00:00Z 2014-01-05T02:00:00Z 147.000000 176.000000 90.000000 66.000000 2.600000 1.000000 4 4 0
2014-01-04T14:00:00Z 2014-01-04T16:00:00Z 146.000000 173.000000 79.000000 69.000000 2.200000 2.000000 4 5 0
2014-01-04T12:00:00Z 2014-01-04T14:00:00Z 133.000000 168.000000 73.000000 65.000000 2.400000 1.000000 4 4 0
2014-01-02T19:00:00Z 2014-01-02T21:00:00Z 146.000000 226.000000 120.000000 83.000000 3.800000 1.000000 4 5 0
2014-01-02T18:00:00Z 2014-01-02T20:00:00Z 131.000000 216.000000 120.000000 88.000000 3.400000 1.000000 4 5 0
