2014-09-25T14:00:00Z 2014-09-25T16:00:00Z 174.000000 198.000000 97.000000 8.000000 1.400000 3.000000 5 5 1
2014-09-21T00:00:00Z 2014-09-21T02:00:00Z 194.000000 211.000000 114.000000 8.000000 1.600000 2.000000 5 5 1
2014-09-20T22:00:00Z 2014-09-21T00:00:00Z 182.000000 222.000000 88.000000 9.000000 1.400000 59.000000 5 5 1
2014-09-20T20:00:00Z 2014-09-20T22:00:00Z 152.000000 204.000000 100.000000 12.000000 1.300000 82.000000 5 5 1
2014-09-07T09:00:00Z 2014-09-07T11:00:00Z 201.000000 206.000000 78.000000 7.000000 1.200000 2.000000 5 5 1
2014-09-07T07:00:00Z 2014-09-07T09:00:00Z 177.000000 218.000000 70.000000 10.000000 1.100000 2.000000 5 5 1
2014-09-06T06:00:00Z 2014-09-06T08:00:00Z 160.000000 179.000000 77.000000 8.000000 1.400000 3.000000 5 5 1
2014-09-06T02:00:00Z 2014-09-06T04:00:00Z 152.000000 154.000000 49.000000 13.000000 1.500000 75.000000 5 5 1
2014-09-05T23:00:00Z 2014-09-06T01:00:00Z 155.000000 173.000000 58.000000 15.000000 1.200000 91.000000 5 4 0
2014-08-30T15:00:00Z 2014-08-30T17:00:00Z 163.000000 186.000000 72.000000 13.000000 1.700000 34.000000 5 4 1
2014-08-23T21:00:00Z 2014-08-23T23:00:00Z 154.000000 242.000000 72.000000 10.000000 1.300000 104.000000 5 2 1
2014-08-21T20:00:00Z 2014-08-21T22:00:00Z 166.000000 237.000000 70.000000 16.000000 1.600000 143.000000 5 1 1
2014-08-21T18:00:00Z 2014-08-21T20:00:00Z 153.000000 211.000000 42.000000 9.000000 1.100000 198.000000 5 5 1
2014-08-21T17:00:00Z 2014-08-21T19:00:00Z 163.000000 247.000000 54.000000 14.000000 1.100000 249.000000 5 4 1
2014-08-21T16:00:00Z 2014-08-21T18:00:00Z 196.000000 288.000000 70.000000 16.000000 1.200000 270.000000 5 5 1
2014-08-21T09:00:00Z 2014-08-21T11:00:00Z 172.000000 266.000000 109.000000 13.000000 1.200000 7.000000 5 4 1
2014-08-21T08:00:00Z 2014-08-21T10:00:00Z 151.000000 228.000000 111.000000 10.000000 1.100000 2.000000 5 5 1
2014-08-20T11:00:00Z 2014-08-20T13:00:00Z 159.000000 244.000000 91.000000 11.000000 1.000000 91.000000 5 3 1
2014-08-20T10:00:00Z 2014-08-20T12:00:00Z 154.000000 234.000000 83.000000 14.000000 0.900000 57.000000 5 4 1
2014-08-09T09:00:00Z 2014-08-09T11:00:00Z 154.000000 237.000000 99.000000 18.000000 1.400000 26.000000 5 5 1
2014-08-03T06:00:00Z 2014-08-03T08:00:00Z 183.000000 210.000000 82.000000 8.000000 1.200000 6.000000 5 5 0
2014-08-03T05:00:00Z 2014-08-03T07:00:00Z 184.000000 186.000000 95.000000 8.000000 1.200000 2.000000 5 5 0
2014-08-03T04:00:00Z 2014-08-03T06:00:00Z 190.000000 210.000000 83.000000 8.000000 1.200000 14.000000 5 5 0
2014-08-03T03:00:00Z 2014-08-03T05:00:00Z 182.000000 218.000000 104.000000 8.000000 1.200000 6.000000 5 5 0
2014-08-03T02:00:00Z 2014-08-03T04:00:00Z 176.000000 217.000000 98.000000 6.000000 1.100000 17.000000 5 5 0
2014-08-03T01:00:00Z 2014-08-03T03:00:00Z 152.000000 175.000000 84.000000 6.000000 1.100000 25.000000 5 5 0
2014-08-02T10:00:00Z 2014-08-02T12:00:00Z 171.000000 213.000000 70.000000 7.000000 1.000000 19.000000 5 5 0
2014-08-02T00:00:00Z 2014-08-02T02:00:00Z 180.000000 207.000000 68.000000 6.000000 1.400000 52.000000 5 5 0
2014-08-01T22:00:00Z 2014-08-02T00:00:00Z 172.000000 188.000000 70.000000 6.000000 1.400000 86.000000 5 5 0
2014-08-01T11:00:00Z 2014-08-01T13:00:00Z 200.000000 202.000000 82.000000 8.000000 1.500000 19.000000 5 5 0
2014-08-01T00:00:00Z 2014-08-01T02:00:00Z 199.000000 218.000000 40.000000 9.000000 1.700000 122.000000 5 4 0
2014-07-31T22:00:00Z 2014-08-01T00:00:00Z 162.000000 191.000000 55.000000 7.000000 1.400000 110.000000 5 5 1
2014-07-31T01:00:00Z 2014-07-31T03:00:00Z 209.000000 211.000000 37.000000 5.000000 1.600000 40.000000 5 5 1
2014-07-31T00:00:00Z 2014-07-31T02:00:00Z 218.000000 240.000000 41.000000 6.000000 1.700000 42.000000 5 5 1
2014-07-30T23:00:00Z 2014-07-31T01:00:00Z 211.000000 257.000000 46.000000 8.000000 1.800000 52.000000 5 5 1
2014-07-30T22:00:00Z 2014-07-31T00:00:00Z 193.000000 212.000000 49.000000 7.000000 1.600000 65.000000 5 5 1
2014-07-30T21:00:00Z 2014-07-30T23:00:00Z 171.000000 175.000000 41.000000 8.000000 1.500000 91.000000 5 5 1
2014-07-30T20:00:00Z 2014-07-30T22:00:00Z 166.000000 186.000000 46.000000 8.000000 1.500000 104.000000 5 5 1
2014-07-30T13:00:00Z 2014-07-30T15:00:00Z 172.000000 188.000000 38.000000 7.000000 1.500000 50.000000 5 5 1
2014-07-29T09:00:00Z 2014-07-29T11:00:00Z 177.000000 204.000000 63.000000 20.000000 0.900000 65.000000 5 4 1
2014-07-29T07:00:00Z 2014-07-29T09:00:00Z 161.000000 192.000000 55.000000 11.000000 0.800000 48.000000 5 5 1
2014-07-28T09:00:00Z 2014-07-28T11:00:00Z 171.000000 216.000000 61.000000 13.000000 0.900000 62.000000 5 5 1
2014-07-28T07:00:00Z 2014-07-28T09:00:00Z 151.000000 178.000000 70.000000 8.000000 0.900000 23.000000 5 5 1
2014-07-17T21:00:00Z 2014-07-17T23:00:00Z 194.000000 202.000000 87.000000 9.000000 2.600000 41.000000 5 5 1
2014-07-17T18:00:00Z 2014-07-17T20:00:00Z 177.000000 179.000000 53.000000 9.000000 2.000000 97.000000 5 5 1
2014-07-17T09:00:00Z 2014-07-17T11:00:00Z 151.000000 163.000000 57.000000 9.000000 2.100000 20.000000 5 4 1
2014-07-08T02:00:00Z 2014-07-08T04:00:00Z 241.000000 248.000000 51.000000 11.000000 1.200000 62.000000 5 5 1
2014-07-08T01:00:00Z 2014-07-08T03:00:00Z 233.000000 295.000000 61.000000 12.000000 1.100000 56.000000 5 5 1
2014-07-08T00:00:00Z 2014-07-08T02:00:00Z 203.000000 239.000000 51.000000 12.000000 0.900000 82.000000 5 5 1
2014-07-07T23:00:00Z 2014-07-08T01:00:00Z 202.000000 236.000000 57.000000 12.000000 1.000000 89.000000 5 5 1
2014-07-07T22:00:00Z 2014-07-08T00:00:00Z 204.000000 237.000000 83.000000 13.000000 1.200000 82.000000 5 5 1
2014-07-07T21:00:00Z 2014-07-07T23:00:00Z 211.000000 267.000000 73.000000 13.000000 1.200000 110.000000 5 5 1
2014-07-07T20:00:00Z 2014-07-07T22:00:00Z 191.000000 229.000000 54.000000 13.000000 1.000000 149.000000 5 5 1
2014-07-07T19:00:00Z 2014-07-07T21:00:00Z 200.000000 236.000000 54.000000 12.000000 1.000000 155.000000 5 5 1
2014-07-07T18:00:00Z 2014-07-07T20:00:00Z 204.000000 214.000000 50.000000 15.000000 1.000000 162.000000 5 5 1
2014-07-07T17:00:00Z 2014-07-07T19:00:00Z 227.000000 249.000000 42.000000 13.000000 1.000000 178.000000 5 5 1
2014-07-07T16:00:00Z 2014-07-07T18:00:00Z 225.000000 280.000000 42.000000 13.000000 0.900000 174.000000 5 5 1
2014-07-06T17:00:00Z 2014-07-06T19:00:00Z 158.000000 166.000000 29.000000 17.000000 0.700000 181.000000 5 5 1
2014-07-06T01:00:00Z 2014-07-06T03:00:00Z 193.000000 204.000000 58.000000 13.000000 1.500000 85.000000 5 5 1
2014-07-06T00:00:00Z 2014-07-06T02:00:00Z 165.000000 198.000000 68.000000 13.000000 1.300000 80.000000 5 5 1
2014-07-05T08:00:00Z 2014-07-05T10:00:00Z 172.000000 176.000000 73.000000 10.000000 1.100000 17.000000 5 5 0
2014-07-04T17:00:00Z 2014-07-04T19:00:00Z 234.000000 254.000000 42.000000 8.000000 1.500000 195.000000 5 5 0
2014-06-16T07:00:00Z 2014-06-16T09:00:00Z 172.000000 199.000000 48.000000 6.000000 1.000000 20.000000 5 4 1
2014-06-15T08:00:00Z 2014-06-15T10:00:00Z 170.000000 250.000000 97.000000 14.000000 1.200000 19.000000 5 4 1
2014-05-22T08:00:00Z 2014-05-22T10:00:00Z 235.000000 360.000000 111.000000 33.000000 1.900000 14.000000 5 6 1
2014-05-22T07:00:00Z 2014-05-22T09:00:00Z 197.000000 335.000000 123.000000 15.000000 1.800000 2.000000 5 6 1
2014-05-22T06:00:00Z 2014-05-22T08:00:00Z 171.000000 308.000000 135.000000 13.000000 1.700000 2.000000 5 5 1
2014-05-22T03:00:00Z 2014-05-22T05:00:00Z 180.000000 294.000000 116.000000 17.000000 1.600000 39.000000 5 5 1
2014-05-22T01:00:00Z 2014-05-22T03:00:00Z 181.000000 279.000000 176.000000 16.000000 2.200000 28.000000 5 5 1
2014-05-21T00:00:00Z 2014-05-21T02:00:00Z 156.000000 219.000000 47.000000 29.000000 2.400000 112.000000 5 3 1
2014-05-20T06:00:00Z 2014-05-20T08:00:00Z 178.000000 249.000000 124.000000 9.000000 1.600000 10.000000 5 3 1
2014-05-20T05:00:00Z 2014-05-20T07:00:00Z 176.000000 254.000000 123.000000 9.000000 1.500000 7.000000 5 4 1
2014-05-20T04:00:00Z 2014-05-20T06:00:00Z 173.000000 246.000000 118.000000 9.000000 1.400000 15.000000 5 5 1
2014-05-20T03:00:00Z 2014-05-20T05:00:00Z 177.000000 248.000000 106.000000 12.000000 1.400000 26.000000 5 5 1
2014-05-20T02:00:00Z 2014-05-20T04:00:00Z 183.000000 288.000000 130.000000 11.000000 1.500000 16.000000 5 5 1
2014-05-20T01:00:00Z 2014-05-20T03:00:00Z 176.000000 306.000000 128.000000 11.000000 1.500000 20.000000 5 5 1
2014-05-01T17:00:00Z 2014-05-01T19:00:00Z 158.000000 177.000000 39.000000 39.000000 1.200000 135.000000 5 2 0
2014-05-01T16:00:00Z 2014-05-01T18:00:00Z 173.000000 215.000000 41.000000 48.000000 1.300000 139.000000 5 2 0
2014-05-01T15:00:00Z 2014-05-01T17:00:00Z 167.000000 219.000000 42.000000 45.000000 1.300000 133.000000 5 5 0
2014-05-01T14:00:00Z 2014-05-01T16:00:00Z 166.000000 218.000000 42.000000 47.000000 1.200000 126.000000 5 5 0
2014-05-01T13:00:00Z 2014-05-01T15:00:00Z 164.000000 202.000000 40.000000 42.000000 1.200000 120.000000 5 5 0
2014-05-01T12:00:00Z 2014-05-01T14:00:00Z 163.000000 239.000000 50.000000 35.000000 1.000000 104.000000 5 5 0
2014-05-01T11:00:00Z 2014-05-01T13:00:00Z 166.000000 288.000000 78.000000 29.000000 1.100000 65.000000 5 5 0
2014-05-01T10:00:00Z 2014-05-01T12:00:00Z 165.000000 256.000000 98.000000 26.000000 1.000000 33.000000 5 5 0
2014-04-25T11:00:00Z 2014-04-25T13:00:00Z 155.000000 219.000000 104.000000 36.000000 1.300000 55.000000 5 3 1
2014-04-23T18:00:00Z 2014-04-23T20:00:00Z 151.000000 171.000000 62.000000 39.000000 1.300000 100.000000 5 3 1
2014-04-23T17:00:00Z 2014-04-23T19:00:00Z 162.000000 181.000000 53.000000 36.000000 1.200000 110.000000 5 4 1
2014-04-23T16:00:00Z 2014-04-23T18:00:00Z 157.000000 158.000000 50.000000 31.000000 1.100000 114.000000 5 5 1
2014-04-23T14:00:00Z 2014-04-23T16:00:00Z 171.000000 193.000000 51.000000 34.000000 1.300000 91.000000 5 5 1
2014-04-23T13:00:00Z 2014-04-23T15:00:00Z 183.000000 185.000000 56.000000 36.000000 1.200000 86.000000 5 5 1
2014-04-23T11:00:00Z 2014-04-23T13:00:00Z 152.000000 169.000000 61.000000 33.000000 1.000000 51.000000 5 5 1
2014-04-18T10:00:00Z 2014-04-18T12:00:00Z 160.000000 186.000000 99.000000 28.000000 2.000000 11.000000 5 5 1
2014-04-18T08:00:00Z 2014-04-18T10:00:00Z 165.000000 174.000000 96.000000 14.000000 1.600000 2.000000 5 5 1
2014-04-15T08:00:00Z 2014-04-15T10:00:00Z 192.000000 284.000000 120.000000 10.000000 1.700000 2.000000 5 2 1
2014-04-15T07:00:00Z 2014-04-15T09:00:00Z 192.000000 284.000000 120.000000 10.000000 1.700000 2.000000 5 2 1
2014-04-15T06:00:00Z 2014-04-15T08:00:00Z 192.000000 284.000000 120.000000 10.000000 1.700000 2.000000 5 5 1
2014-04-15T05:00:00Z 2014-04-15T07:00:00Z 192.000000 284.000000 120.000000 10.000000 1.700000 2.000000 5 5 1
2014-04-15T04:00:00Z 2014-04-15T06:00:00Z 238.000000 363.000000 137.000000 13.000000 1.900000 2.000000 5 5 1
2014-04-15T02:00:00Z 2014-04-15T04:00:00Z 209.000000 289.000000 115.000000 16.000000 1.200000 2.000000 5 5 1
2014-04-14T21:00:00Z 2014-04-14T23:00:00Z 233.000000 316.000000 114.000000 31.000000 1.800000 56.000000 5 2 1
2014-04-14T20:00:00Z 2014-04-14T22:00:00Z 225.000000 312.000000 102.000000 30.000000 1.700000 85.000000 5 4 1
2014-04-14T19:00:00Z 2014-04-14T21:00:00Z 228.000000 287.000000 95.000000 34.000000 1.800000 113.000000 5 5 1
2014-04-14T18:00:00Z 2014-04-14T20:00:00Z 187.000000 266.000000 66.000000 36.000000 1.500000 120.000000 5 5 1
2014-04-14T17:00:00Z 2014-04-14T19:00:00Z 180.000000 218.000000 56.000000 37.000000 1.400000 150.000000 5 5 1
2014-04-14T16:00:00Z 2014-04-14T18:00:00Z 215.000000 261.000000 65.000000 37.000000 1.700000 165.000000 5 5 1
2014-04-14T01:00:00Z 2014-04-14T03:00:00Z 221.000000 336.000000 160.000000 22.000000 1.800000 2.000000 5 6 1
2014-04-14T00:00:00Z 2014-04-14T02:00:00Z 215.000000 324.000000 176.000000 27.000000 1.700000 2.000000 5 6 1
2014-04-13T23:00:00Z 2014-04-14T01:00:00Z 207.000000 269.000000 179.000000 29.000000 1.600000 2.000000 5 5 1
2014-04-13T22:00:00Z 2014-04-14T00:00:00Z 204.000000 245.000000 138.000000 30.000000 1.400000 35.000000 5 5 1
2014-04-13T21:00:00Z 2014-04-13T23:00:00Z 208.000000 239.000000 112.000000 30.000000 1.300000 68.000000 5 5 1
2014-04-13T20:00:00Z 2014-04-13T22:00:00Z 151.000000 233.000000 92.000000 25.000000 1.300000 99.000000 5 5 1
2014-04-13T18:00:00Z 2014-04-13T20:00:00Z 157.000000 196.000000 59.000000 26.000000 1.200000 149.000000 5 5 1
2014-04-13T14:00:00Z 2014-04-13T16:00:00Z 205.000000 234.000000 64.000000 35.000000 1.200000 154.000000 5 4 1
2014-04-13T13:00:00Z 2014-04-13T15:00:00Z 208.000000 263.000000 116.000000 38.000000 1.400000 97.000000 5 5 1
2014-04-13T12:00:00Z 2014-04-13T14:00:00Z 188.000000 220.000000 140.000000 37.000000 1.600000 46.000000 5 5 1
2014-04-01T09:00:00Z 2014-04-01T11:00:00Z 205.000000 303.000000 117.000000 28.000000 1.600000 4.000000 5 5 0
2014-03-31T14:00:00Z 2014-03-31T16:00:00Z 245.000000 318.000000 140.000000 66.000000 3.200000 58.000000 5 3 1
2014-03-31T13:00:00Z 2014-03-31T15:00:00Z 243.000000 313.000000 139.000000 63.000000 3.100000 45.000000 5 5 1
2014-03-31T12:00:00Z 2014-03-31T14:00:00Z 230.000000 316.000000 134.000000 64.000000 3.100000 33.000000 5 5 1
2014-03-31T11:00:00Z 2014-03-31T13:00:00Z 205.000000 371.000000 139.000000 52.000000 2.900000 20.000000 5 5 1
2014-03-31T10:00:00Z 2014-03-31T12:00:00Z 163.000000 271.000000 138.000000 48.000000 2.300000 9.000000 5 5 1
2014-03-29T00:00:00Z 2014-03-29T02:00:00Z 166.000000 220.000000 131.000000 22.000000 2.700000 2.000000 5 1 1
2014-03-28T23:00:00Z 2014-03-29T01:00:00Z 162.000000 194.000000 135.000000 26.000000 2.600000 2.000000 5 4 1
2014-03-28T22:00:00Z 2014-03-29T00:00:00Z 164.000000 208.000000 137.000000 30.000000 2.600000 2.000000 5 5 1
2014-03-28T21:00:00Z 2014-03-28T23:00:00Z 158.000000 197.000000 120.000000 36.000000 2.200000 15.000000 5 5 1
2014-03-28T10:00:00Z 2014-03-28T12:00:00Z 166.000000 209.000000 100.000000 31.000000 1.900000 2.000000 5 4 1
2014-03-28T05:00:00Z 2014-03-28T07:00:00Z 153.000000 232.000000 105.000000 31.000000 1.800000 2.000000 5 4 1
2014-03-26T07:00:00Z 2014-03-26T09:00:00Z 247.000000 327.000000 161.000000 27.000000 1.900000 2.000000 5 6 1
2014-03-26T06:00:00Z 2014-03-26T08:00:00Z 246.000000 335.000000 167.000000 21.000000 2.000000 2.000000 5 6 1
2014-03-26T03:00:00Z 2014-03-26T05:00:00Z 249.000000 334.000000 192.000000 29.000000 1.700000 2.000000 5 6 1
2014-03-26T02:00:00Z 2014-03-26T04:00:00Z 230.000000 287.000000 197.000000 28.000000 1.900000 2.000000 5 6 1
2014-03-26T01:00:00Z 2014-03-26T03:00:00Z 218.000000 285.000000 200.000000 34.000000 1.900000 2.000000 5 5 1
2014-03-26T00:00:00Z 2014-03-26T02:00:00Z 203.000000 258.000000 200.000000 37.000000 1.900000 2.000000 5 5 1
2014-03-25T23:00:00Z 2014-03-26T01:00:00Z 181.000000 212.000000 178.000000 42.000000 1.500000 8.000000 5 5 1
2014-03-25T22:00:00Z 2014-03-26T00:00:00Z 162.000000 201.000000 157.000000 50.000000 1.200000 29.000000 5 5 1
2014-03-25T20:00:00Z 2014-03-25T22:00:00Z 157.000000 207.000000 158.000000 47.000000 1.300000 55.000000 5 5 1
2014-03-25T19:00:00Z 2014-03-25T21:00:00Z 170.000000 207.000000 146.000000 49.000000 1.400000 84.000000 5 4 1
2014-03-25T18:00:00Z 2014-03-25T20:00:00Z 177.000000 210.000000 120.000000 49.000000 1.200000 121.000000 5 5 1
2014-03-25T17:00:00Z 2014-03-25T19:00:00Z 192.000000 207.000000 114.000000 52.000000 1.300000 140.000000 5 5 1
2014-03-25T16:00:00Z 2014-03-25T18:00:00Z 222.000000 247.000000 121.000000 58.000000 1.400000 143.000000 5 5 1
2014-03-25T12:00:00Z 2014-03-25T14:00:00Z 171.000000 280.000000 110.000000 67.000000 1.700000 88.000000 5 6 1
2014-03-25T10:00:00Z 2014-03-25T12:00:00Z 193.000000 243.000000 138.000000 67.000000 1.900000 14.000000 5 5 1
2014-03-25T08:00:00Z 2014-03-25T10:00:00Z 224.000000 323.000000 128.000000 50.000000 2.200000 2.000000 5 5 1
2014-03-25T07:00:00Z 2014-03-25T09:00:00Z 234.000000 263.000000 117.000000 42.000000 2.000000 2.000000 5 5 1
2014-03-25T06:00:00Z 2014-03-25T08:00:00Z 245.000000 306.000000 122.000000 37.000000 2.000000 2.000000 5 5 1
2014-03-25T05:00:00Z 2014-03-25T07:00:00Z 235.000000 260.000000 131.000000 40.000000 1.800000 2.000000 5 5 1
2014-03-25T04:00:00Z 2014-03-25T06:00:00Z 240.000000 276.000000 136.000000 33.000000 1.900000 2.000000 5 5 1
2014-03-25T00:00:00Z 2014-03-25T02:00:00Z 233.000000 290.000000 168.000000 53.000000 2.100000 2.000000 5 6 1
2014-03-24T23:00:00Z 2014-03-25T01:00:00Z 154.000000 276.000000 167.000000 51.000000 2.200000 2.000000 5 6 1
2014-03-24T17:00:00Z 2014-03-24T19:00:00Z 160.000000 186.000000 80.000000 74.000000 1.300000 116.000000 5 5 1
2014-03-24T16:00:00Z 2014-03-24T18:00:00Z 208.000000 228.000000 97.000000 71.000000 1.600000 113.000000 5 5 1
2014-03-24T14:00:00Z 2014-03-24T16:00:00Z 210.000000 241.000000 116.000000 68.000000 2.100000 98.000000 5 5 1
2014-03-24T13:00:00Z 2014-03-24T15:00:00Z 235.000000 253.000000 110.000000 75.000000 2.100000 93.000000 5 6 1
2014-03-24T08:00:00Z 2014-03-24T10:00:00Z 249.000000 303.000000 126.000000 61.000000 2.400000 2.000000 5 6 1
2014-03-24T07:00:00Z 2014-03-24T09:00:00Z 240.000000 281.000000 125.000000 52.000000 2.200000 2.000000 5 6 1
2014-03-24T06:00:00Z 2014-03-24T08:00:00Z 244.000000 288.000000 128.000000 48.000000 2.100000 2.000000 5 5 1
2014-03-24T05:00:00Z 2014-03-24T07:00:00Z 244.000000 336.000000 132.000000 40.000000 2.400000 2.000000 5 5 1
2014-03-24T04:00:00Z 2014-03-24T06:00:00Z 233.000000 299.000000 140.000000 44.000000 2.400000 2.000000 5 5 1
2014-03-24T03:00:00Z 2014-03-24T05:00:00Z 230.000000 294.000000 144.000000 38.000000 2.500000 2.000000 5 5 1
2014-03-24T02:00:00Z 2014-03-24T04:00:00Z 230.000000 258.000000 142.000000 41.000000 2.400000 2.000000 5 5 1
2014-03-24T01:00:00Z 2014-03-24T03:00:00Z 231.000000 251.000000 126.000000 55.000000 2.200000 12.000000 5 5 1
2014-03-24T00:00:00Z 2014-03-24T02:00:00Z 228.000000 262.000000 122.000000 56.000000 2.200000 23.000000 5 5 1
2014-03-23T23:00:00Z 2014-03-24T01:00:00Z 219.000000 288.000000 97.000000 63.000000 2.100000 52.000000 5 5 1
2014-03-23T22:00:00Z 2014-03-24T00:00:00Z 152.000000 195.000000 149.000000 52.000000 1.400000 28.000000 5 5 1
2014-03-23T18:00:00Z 2014-03-23T20:00:00Z 177.000000 178.000000 61.000000 51.000000 1.400000 138.000000 5 4 1
2014-03-23T17:00:00Z 2014-03-23T19:00:00Z 163.000000 209.000000 55.000000 56.000000 1.400000 148.000000 5 4 1
2014-03-23T16:00:00Z 2014-03-23T18:00:00Z 159.000000 205.000000 51.000000 58.000000 1.300000 150.000000 5 5 1
2014-03-23T15:00:00Z 2014-03-23T17:00:00Z 152.000000 193.000000 48.000000 54.000000 1.200000 142.000000 5 5 1
2014-03-17T10:00:00Z 2014-03-17T12:00:00Z 168.000000 526.000000 126.000000 68.000000 3.000000 2.000000 5 2 1
2014-03-17T09:00:00Z 2014-03-17T11:00:00Z 165.000000 319.000000 134.000000 75.000000 3.400000 2.000000 5 4 1
2014-03-17T07:00:00Z 2014-03-17T09:00:00Z 158.000000 279.000000 128.000000 62.000000 2.700000 2.000000 5 5 1
2014-03-17T03:00:00Z 2014-03-17T05:00:00Z 152.000000 234.000000 112.000000 42.000000 2.000000 2.000000 5 5 1
2014-03-16T02:00:00Z 2014-03-16T04:00:00Z 153.000000 203.000000 132.000000 97.000000 3.200000 2.000000 5 4 1
2014-03-16T01:00:00Z 2014-03-16T03:00:00Z 165.000000 252.000000 140.000000 102.000000 2.700000 2.000000 5 3 1
2014-03-16T00:00:00Z 2014-03-16T02:00:00Z 165.000000 271.000000 145.000000 111.000000 2.200000 2.000000 5 5 1
2014-03-15T23:00:00Z 2014-03-16T01:00:00Z 177.000000 289.000000 158.000000 102.000000 2.100000 2.000000 5 5 1
2014-03-15T22:00:00Z 2014-03-16T00:00:00Z 153.000000 295.000000 163.000000 69.000000 2.200000 2.000000 5 5 1
2014-03-11T20:00:00Z 2014-03-11T22:00:00Z 200.000000 232.000000 161.000000 95.000000 2.700000 5.000000 5 1 1
2014-03-11T18:00:00Z 2014-03-11T20:00:00Z 174.000000 210.000000 115.000000 77.000000 2.000000 52.000000 5 5 1
2014-03-11T16:00:00Z 2014-03-11T18:00:00Z 168.000000 191.000000 84.000000 108.000000 1.800000 89.000000 5 5 1
2014-03-11T14:00:00Z 2014-03-11T16:00:00Z 217.000000 240.000000 105.000000 147.000000 2.400000 60.000000 5 5 1
2014-03-11T13:00:00Z 2014-03-11T15:00:00Z 228.000000 242.000000 105.000000 162.000000 2.400000 57.000000 5 5 1
2014-03-11T12:00:00Z 2014-03-11T14:00:00Z 221.000000 260.000000 119.000000 182.000000 2.500000 33.000000 5 5 1
2014-03-11T11:00:00Z 2014-03-11T13:00:00Z 198.000000 234.000000 119.000000 144.000000 2.800000 13.000000 5 5 1
2014-03-11T10:00:00Z 2014-03-11T12:00:00Z 210.000000 272.000000 124.000000 166.000000 3.300000 4.000000 5 5 1
2014-03-11T09:00:00Z 2014-03-11T11:00:00Z 170.000000 229.000000 121.000000 130.000000 3.500000 2.000000 5 5 1
2014-03-11T08:00:00Z 2014-03-11T10:00:00Z 156.000000 202.000000 113.000000 90.000000 3.300000 2.000000 5 5 1
2014-03-09T13:00:00Z 2014-03-09T15:00:00Z 168.000000 179.000000 93.000000 85.000000 2.300000 44.000000 5 4 1
2014-03-09T12:00:00Z 2014-03-09T14:00:00Z 171.000000 213.000000 105.000000 95.000000 2.700000 26.000000 5 4 1
2014-03-08T19:00:00Z 2014-03-08T21:00:00Z 168.000000 217.000000 156.000000 79.000000 2.500000 2.000000 5 5 1
2014-03-08T18:00:00Z 2014-03-08T20:00:00Z 170.000000 206.000000 129.000000 80.000000 2.200000 27.000000 5 5 1
2014-03-04T04:00:00Z 2014-03-04T06:00:00Z 244.000000 258.000000 150.000000 85.000000 4.200000 2.000000 5 1 0
2014-03-04T00:00:00Z 2014-03-04T02:00:00Z 250.000000 316.000000 161.000000 114.000000 5.000000 2.000000 5 6 0
2014-03-03T22:00:00Z 2014-03-04T00:00:00Z 246.000000 304.000000 157.000000 118.000000 5.400000 2.000000 5 5 0
2014-03-03T21:00:00Z 2014-03-03T23:00:00Z 249.000000 304.000000 159.000000 116.000000 5.200000 2.000000 5 6 0
2014-03-03T19:00:00Z 2014-03-03T21:00:00Z 249.000000 304.000000 166.000000 112.000000 4.800000 2.000000 5 5 0
2014-03-03T13:00:00Z 2014-03-03T15:00:00Z 249.000000 290.000000 169.000000 145.000000 5.000000 2.000000 5 6 0
2014-03-03T12:00:00Z 2014-03-03T14:00:00Z 224.000000 272.000000 158.000000 152.000000 5.200000 2.000000 5 6 0
2014-03-03T11:00:00Z 2014-03-03T13:00:00Z 207.000000 234.000000 152.000000 165.000000 5.000000 2.000000 5 5 0
2014-03-03T09:00:00Z 2014-03-03T11:00:00Z 215.000000 259.000000 149.000000 125.000000 6.000000 2.000000 5 5 0
2014-03-03T07:00:00Z 2014-03-03T09:00:00Z 213.000000 226.000000 144.000000 46.000000 4.600000 2.000000 5 5 0
2014-02-24T15:00:00Z 2014-02-24T17:00:00Z 241.000000 323.000000 229.000000 135.000000 4.400000 1.000000 5 6 1
2014-02-24T14:00:00Z 2014-02-24T16:00:00Z 210.000000 273.000000 205.000000 138.000000 4.000000 2.000000 5 6 1
2014-02-24T13:00:00Z 2014-02-24T15:00:00Z 228.000000 248.000000 179.000000 142.000000 3.700000 3.000000 5 5 1
2014-02-24T12:00:00Z 2014-02-24T14:00:00Z 217.000000 281.000000 176.000000 157.000000 4.400000 1.000000 5 5 1
2014-02-24T11:00:00Z 2014-02-24T13:00:00Z 219.000000 296.000000 175.000000 160.000000 4.700000 1.000000 5 5 1
2014-02-24T10:00:00Z 2014-02-24T12:00:00Z 212.000000 280.000000 166.000000 158.000000 4.400000 1.000000 5 5 1
2014-02-24T09:00:00Z 2014-02-24T11:00:00Z 214.000000 284.000000 168.000000 153.000000 4.500000 1.000000 5 5 1
2014-02-24T08:00:00Z 2014-02-24T10:00:00Z 218.000000 294.000000 172.000000 160.000000 4.700000 1.000000 5 5 1
2014-02-24T07:00:00Z 2014-02-24T09:00:00Z 219.000000 303.000000 174.000000 160.000000 5.100000 1.000000 5 5 1
2014-02-24T06:00:00Z 2014-02-24T08:00:00Z 222.000000 288.000000 166.000000 156.000000 5.100000 1.000000 5 5 1
2014-02-24T03:00:00Z 2014-02-24T05:00:00Z 247.000000 335.000000 184.000000 176.000000 6.000000 1.000000 5 5 1
2014-02-24T02:00:00Z 2014-02-24T04:00:00Z 248.000000 338.000000 189.000000 175.000000 6.100000 1.000000 5 5 1
2014-02-23T21:00:00Z 2014-02-23T23:00:00Z 228.000000 322.000000 190.000000 181.000000 4.900000 1.000000 5 6 1
2014-02-23T20:00:00Z 2014-02-23T22:00:00Z 215.000000 296.000000 182.000000 159.000000 4.500000 1.000000 5 6 1
2014-02-23T19:00:00Z 2014-02-23T21:00:00Z 210.000000 279.000000 177.000000 149.000000 4.100000 1.000000 5 5 1
2014-02-23T18:00:00Z 2014-02-23T20:00:00Z 215.000000 272.000000 174.000000 156.000000 4.000000 1.000000 5 5 1
2014-02-23T17:00:00Z 2014-02-23T19:00:00Z 220.000000 285.000000 176.000000 176.000000 4.500000 1.000000 5 5 1
2014-02-23T16:00:00Z 2014-02-23T18:00:00Z 191.000000 252.000000 171.000000 161.000000 4.100000 1.000000 5 5 1
2014-02-23T15:00:00Z 2014-02-23T17:00:00Z 185.000000 230.000000 164.000000 134.000000 3.300000 2.000000 5 5 1
2014-02-23T14:00:00Z 2014-02-23T16:00:00Z 210.000000 258.000000 161.000000 134.000000 3.200000 2.000000 5 5 1
2014-02-22T22:00:00Z 2014-02-23T00:00:00Z 226.000000 260.000000 173.000000 104.000000 2.600000 2.000000 5 5 1
2014-02-22T19:00:00Z 2014-02-22T21:00:00Z 248.000000 330.000000 199.000000 118.000000 4.200000 1.000000 5 6 1
2014-02-20T14:00:00Z 2014-02-20T16:00:00Z 228.000000 238.000000 144.000000 71.000000 2.800000 3.000000 5 6 1
2014-02-20T13:00:00Z 2014-02-20T15:00:00Z 182.000000 202.000000 138.000000 80.000000 2.700000 4.000000 5 5 1
2014-02-20T12:00:00Z 2014-02-20T14:00:00Z 170.000000 182.000000 128.000000 74.000000 2.700000 4.000000 5 5 1
2014-02-20T11:00:00Z 2014-02-20T13:00:00Z 157.000000 162.000000 123.000000 74.000000 2.700000 3.000000 5 5 1
2014-02-20T10:00:00Z 2014-02-20T12:00:00Z 159.000000 159.000000 121.000000 62.000000 2.900000 3.000000 5 5 1
2014-02-20T09:00:00Z 2014-02-20T11:00:00Z 163.000000 163.000000 120.000000 58.000000 2.600000 2.000000 5 5 1
2014-02-20T08:00:00Z 2014-02-20T10:00:00Z 163.000000 170.000000 118.000000 51.000000 2.700000 2.000000 5 5 1
2014-02-20T07:00:00Z 2014-02-20T09:00:00Z 158.000000 166.000000 118.000000 44.000000 2.800000 2.000000 5 5 1
2014-02-13T10:00:00Z 2014-02-13T12:00:00Z 184.000000 189.000000 109.000000 65.000000 2.700000 1.000000 5 5 1
2014-02-12T18:00:00Z 2014-02-12T20:00:00Z 170.000000 180.000000 154.000000 67.000000 2.100000 13.000000 5 4 1
2014-02-12T09:00:00Z 2014-02-12T11:00:00Z 155.000000 159.000000 124.000000 104.000000 4.100000 1.000000 5 2 1
2014-02-12T08:00:00Z 2014-02-12T10:00:00Z 156.000000 171.000000 127.000000 60.000000 5.000000 1.000000 5 3 1
2014-02-12T01:00:00Z 2014-02-12T03:00:00Z 166.000000 168.000000 148.000000 80.000000 3.900000 1.000000 5 5 1
2014-02-11T22:00:00Z 2014-02-12T00:00:00Z 190.000000 192.000000 154.000000 86.000000 3.300000 1.000000 5 5 1
2014-02-11T19:00:00Z 2014-02-11T21:00:00Z 191.000000 203.000000 160.000000 95.000000 2.700000 3.000000 5 5 1
2014-02-06T02:00:00Z 2014-02-06T04:00:00Z 169.000000 174.000000 103.000000 64.000000 3.700000 1.000000 5 5 1
2014-02-06T01:00:00Z 2014-02-06T03:00:00Z 157.000000 164.000000 106.000000 82.000000 3.600000 1.000000 5 5 1
2014-02-02T08:00:00Z 2014-02-02T10:00:00Z 166.000000 167.000000 89.000000 30.000000 3.000000 1.000000 5 3 0
2014-02-02T04:00:00Z 2014-02-02T06:00:00Z 169.000000 170.000000 84.000000 38.000000 2.600000 1.000000 5 5 0
2014-02-01T11:00:00Z 2014-02-01T13:00:00Z 190.000000 195.000000 99.000000 69.000000 3.100000 1.000000 5 4 0
2014-02-01T10:00:00Z 2014-02-01T12:00:00Z 177.000000 186.000000 96.000000 61.000000 2.800000 1.000000 5 4 0
2014-02-01T09:00:00Z 2014-02-01T11:00:00Z 170.000000 173.000000 92.000000 56.000000 2.200000 1.000000 5 5 0
2014-02-01T08:00:00Z 2014-02-01T10:00:00Z 173.000000 175.000000 91.000000 52.000000 2.400000 1.000000 5 5 0
2014-02-01T04:00:00Z 2014-02-01T06:00:00Z 160.000000 173.000000 91.000000 47.000000 2.200000 1.000000 5 5 0
2014-01-31T21:00:00Z 2014-01-31T23:00:00Z 200.000000 214.000000 92.000000 74.000000 1.800000 1.000000 5 5 1
2014-01-31T20:00:00Z 2014-01-31T22:00:00Z 172.000000 198.000000 98.000000 69.000000 1.500000 3.000000 5 5 1
2014-01-31T19:00:00Z 2014-01-31T21:00:00Z 156.000000 173.000000 92.000000 64.000000 1.400000 12.000000 5 5 1
2014-01-31T05:00:00Z 2014-01-31T07:00:00Z 171.000000 206.000000 84.000000 69.000000 1.800000 1.000000 5 4 1
2014-01-31T00:00:00Z 2014-01-31T02:00:00Z 161.000000 230.000000 94.000000 58.000000 1.600000 1.000000 5 6 1
2014-01-30T21:00:00Z 2014-01-30T23:00:00Z 194.000000 288.000000 110.000000 83.000000 2.000000 16.000000 5 4 1
2014-01-30T20:00:00Z 2014-01-30T22:00:00Z 157.000000 242.000000 129.000000 75.000000 2.000000 18.000000 5 4 1
2014-01-30T02:00:00Z 2014-01-30T04:00:00Z 172.000000 181.000000 109.000000 95.000000 2.900000 1.000000 5 3 1
2014-01-30T01:00:00Z 2014-01-30T03:00:00Z 176.000000 187.000000 111.000000 114.000000 2.700000 1.000000 5 5 1
2014-01-30T00:00:00Z 2014-01-30T02:00:00Z 178.000000 194.000000 118.000000 119.000000 2.800000 1.000000 5 5 1
2014-01-29T23:00:00Z 2014-01-30T01:00:00Z 211.000000 224.000000 126.000000 123.000000 3.500000 1.000000 5 5 1
2014-01-29T22:00:00Z 2014-01-30T00:00:00Z 218.000000 228.000000 136.000000 125.000000 4.300000 1.000000 5 5 1
2014-01-29T21:00:00Z 2014-01-29T23:00:00Z 219.000000 254.000000 140.000000 105.000000 4.500000 1.000000 5 5 1
2014-01-29T20:00:00Z 2014-01-29T22:00:00Z 192.000000 224.000000 136.000000 99.000000 3.600000 1.000000 5 5 1
2014-01-29T19:00:00Z 2014-01-29T21:00:00Z 173.000000 205.000000 137.000000 103.000000 2.500000 1.000000 5 5 1
2014-01-29T18:00:00Z 2014-01-29T20:00:00Z 168.000000 195.000000 139.000000 112.000000 2.300000 1.000000 5 5 1
2014-01-29T17:00:00Z 2014-01-29T19:00:00Z 172.000000 190.000000 134.000000 119.000000 2.200000 2.000000 5 5 1
2014-01-29T16:00:00Z 2014-01-29T18:00:00Z 165.000000 184.000000 125.000000 122.000000 2.000000 7.000000 5 5 1
2014-01-29T15:00:00Z 2014-01-29T17:00:00Z 155.000000 180.000000 114.000000 141.000000 2.000000 10.000000 5 5 1
2014-01-27T12:00:00Z 2014-01-27T14:00:00Z 154.000000 159.000000 94.000000 113.000000 2.300000 10.000000 5 5 1
2014-01-26T22:00:00Z 2014-01-27T00:00:00Z 151.000000 168.000000 108.000000 90.000000 1.900000 1.000000 5 4 1
2014-01-24T14:00:00Z 2014-01-24T16:00:00Z 198.000000 238.000000 151.000000 106.000000 4.500000 1.000000 5 2 1
2014-01-24T13:00:00Z 2014-01-24T15:00:00Z 199.000000 207.000000 142.000000 120.000000 4.200000 1.000000 5 4 1
2014-01-24T12:00:00Z 2014-01-24T14:00:00Z 242.000000 256.000000 152.000000 163.000000 5.400000 1.000000 5 5 1
2014-01-24T10:00:00Z 2014-01-24T12:00:00Z 242.000000 274.000000 146.000000 150.000000 5.900000 1.000000 5 5 1
2014-01-23T20:00:00Z 2014-01-23T22:00:00Z 247.000000 314.000000 169.000000 144.000000 5.200000 1.000000 5 6 1
2014-01-23T19:00:00Z 2014-01-23T21:00:00Z 234.000000 303.000000 169.000000 167.000000 4.100000 1.000000 5 6 1
2014-01-23T18:00:00Z 2014-01-23T20:00:00Z 228.000000 294.000000 170.000000 168.000000 3.600000 1.000000 5 5 1
2014-01-23T17:00:00Z 2014-01-23T19:00:00Z 219.000000 248.000000 170.000000 158.000000 3.100000 2.000000 5 5 1
2014-01-23T16:00:00Z 2014-01-23T18:00:00Z 215.000000 243.000000 162.000000 161.000000 3.000000 5.000000 5 5 1
2014-01-23T15:00:00Z 2014-01-23T17:00:00Z 215.000000 255.000000 163.000000 169.000000 3.200000 6.000000 5 5 1
2014-01-23T14:00:00Z 2014-01-23T16:00:00Z 223.000000 256.000000 160.000000 161.000000 3.500000 6.000000 5 5 1
2014-01-23T13:00:00Z 2014-01-23T15:00:00Z 218.000000 247.000000 153.000000 186.000000 3.500000 4.000000 5 5 1
2014-01-23T12:00:00Z 2014-01-23T14:00:00Z 202.000000 233.000000 144.000000 153.000000 3.600000 4.000000 5 5 1
2014-01-23T11:00:00Z 2014-01-23T13:00:00Z 203.000000 257.000000 147.000000 135.000000 4.800000 1.000000 5 5 1
2014-01-23T10:00:00Z 2014-01-23T12:00:00Z 189.000000 223.000000 144.000000 123.000000 4.400000 1.000000 5 5 1
2014-01-23T09:00:00Z 2014-01-23T11:00:00Z 184.000000 229.000000 141.000000 109.000000 4.800000 1.000000 5 5 1
2014-01-23T08:00:00Z 2014-01-23T10:00:00Z 174.000000 211.000000 141.000000 106.000000 4.100000 1.000000 5 5 1
2014-01-23T07:00:00Z 2014-01-23T09:00:00Z 176.000000 202.000000 138.000000 105.000000 4.100000 1.000000 5 5 1
2014-01-23T06:00:00Z 2014-01-23T08:00:00Z 168.000000 185.000000 137.000000 104.000000 4.100000 1.000000 5 5 1
2014-01-23T05:00:00Z 2014-01-23T07:00:00Z 171.000000 184.000000 138.000000 109.000000 4.400000 1.000000 5 5 1
2014-01-23T04:00:00Z 2014-01-23T06:00:00Z 199.000000 220.000000 141.000000 120.000000 5.100000 1.000000 5 5 1
2014-01-23T03:00:00Z 2014-01-23T05:00:00Z 234.000000 262.000000 147.000000 140.000000 5.900000 2.000000 5 5 1
2014-01-23T02:00:00Z 2014-01-23T04:00:00Z 229.000000 272.000000 148.000000 142.000000 6.200000 2.000000 5 5 1
2014-01-23T01:00:00Z 2014-01-23T03:00:00Z 214.000000 239.000000 152.000000 147.000000 5.800000 2.000000 5 5 1
2014-01-23T00:00:00Z 2014-01-23T02:00:00Z 218.000000 253.000000 156.000000 144.000000 6.800000 2.000000 5 5 1
2014-01-22T23:00:00Z 2014-01-23T01:00:00Z 211.000000 260.000000 160.000000 104.000000 5.700000 1.000000 5 5 1
2014-01-22T22:00:00Z 2014-01-23T00:00:00Z 220.000000 266.000000 159.000000 112.000000 3.700000 1.000000 5 5 1
2014-01-22T21:00:00Z 2014-01-22T23:00:00Z 208.000000 267.000000 164.000000 98.000000 3.500000 1.000000 5 5 1
2014-01-22T20:00:00Z 2014-01-22T22:00:00Z 193.000000 236.000000 171.000000 95.000000 3.200000 1.000000 5 5 1
2014-01-22T19:00:00Z 2014-01-22T21:00:00Z 168.000000 207.000000 173.000000 88.000000 3.000000 1.000000 5 5 1
2014-01-19T17:00:00Z 2014-01-19T19:00:00Z 207.000000 236.000000 137.000000 99.000000 3.500000 2.000000 5 1 1
2014-01-19T16:00:00Z 2014-01-19T18:00:00Z 193.000000 215.000000 135.000000 104.000000 3.300000 4.000000 5 4 1
2014-01-19T14:00:00Z 2014-01-19T16:00:00Z 181.000000 189.000000 110.000000 123.000000 3.300000 8.000000 5 5 1
2014-01-19T12:00:00Z 2014-01-19T14:00:00Z 152.000000 161.000000 92.000000 124.000000 3.200000 4.000000 5 5 1
2014-01-18T23:00:00Z 2014-01-19T01:00:00Z 161.000000 165.000000 114.000000 82.000000 2.900000 4.000000 5 4 1
