2013-05-28T00:00:00Z 79 36 127 47 52 48 19 18
2013-05-28T01:00:00Z 83 39 125 49 54 50 20 16
2013-05-28T02:00:00Z 83 50 144 46 58 49 20 17
2013-05-28T03:00:00Z 90 44 159 37 63 62 16 23
2013-05-28T04:00:00Z 90 55 175 44 73 60 21 23
2013-05-28T05:00:00Z 78 59 177 47 81 87 26 23
2013-05-28T06:00:00Z 76 70 182 72 86 97 22 25
2013-05-28T07:00:00Z 80 65 183 62 95 92 20 29
2013-05-28T08:00:00Z 86 82 174 82 96 99 23 31
2013-05-28T09:00:00Z 86 65 194 104 92 96 20 38
2013-05-28T10:00:00Z 91 57 194 97 86 95 15 56
2013-05-28T11:00:00Z 97 62 164 107 91 100 15 98
2013-05-28T12:00:00Z 98 53 173 69 109 106 25 104
2013-05-28T13:00:00Z 69 52 181 66 108 109 19 83
2013-05-28T14:00:00Z 59 46 123 85 94 109 13 92
2013-05-28T15:00:00Z 58 42 45 73 71 118 10 63
2013-05-28T16:00:00Z 64 40 39 95 64 122 7 60
2013-05-28T17:00:00Z 65 39 45 65 102 100 7 101
2013-05-28T18:00:00Z 67 65 45 49 121 85 5 69
2013-05-28T19:00:00Z 67 28 43 39 121 60 7 53
2013-05-28T20:00:00Z 77 25 47 40 107 77 15 52
2013-05-28T21:00:00Z 85 24 57 43 91 81 29 63
2013-05-28T22:00:00Z 70 30 72 53 75 68 36 60
2013-05-28T23:00:00Z 69 33 93 56 75 83 29 61
2013-05-29T00:00:00Z 74 32 83 73 82 90 42 48
2013-05-29T01:00:00Z 69 30 73 79 91 87 14 58
2013-05-29T02:00:00Z 74 30 61 70 90 95 13 67
2013-05-29T03:00:00Z 57 19 51 39 81 102 20 59
2013-05-29T04:00:00Z 24 15 42 40 59 100 19 49
2013-05-29T05:00:00Z 14 18 32 26 41 95 12 46
2013-05-29T06:00:00Z 11 19 32 23 27 57 9 34
2013-05-29T07:00:00Z 10 18 36 19 21 39 12 35
2013-05-29T08:00:00Z 12 16 29 27 18 33 9 31
2013-05-29T09:00:00Z 12 13 22 19 16 20 12 21
2013-05-29T10:00:00Z 12 8 19 32 19 18 7 12
2013-05-29T11:00:00Z 9 7 15 27 16 13 7 9
2013-05-29T12:00:00Z 14 8 13 14 19 11 3 7
2013-05-29T13:00:00Z 26 6 9 13 17 9 9 6
2013-05-29T14:00:00Z 7 4 8 10 18 8 7 4
2013-05-29T15:00:00Z 7 4 5 13 18 7 5 6
2013-05-29T16:00:00Z 7 4 4 12 18 9 8 10
2013-05-29T17:00:00Z 6 5 6 12 18 10 8 10
2013-05-29T18:00:00Z 7 5 6 13 21 8 9 8
2013-05-29T19:00:00Z 10 9 17 15 24 14 12 10
2013-05-29T20:00:00Z 14 14 38 17 24 13 11 16
2013-05-29T21:00:00Z 21 50 46 27 28 19 20 20
2013-05-29T22:00:00Z 24 23 62 36 33 25 67 30
2013-05-29T23:00:00Z 26 27 80 50 43 24 17 24
2013-05-30T00:00:00Z 27 27 75 64 45 26 16 29
2013-05-30T01:00:00Z 34 26 66 56 43 36 15 31
2013-05-30T02:00:00Z 42 26 86 73 50 45 19 26
2013-05-30T03:00:00Z 54 23 67 76 55 56 15 46
2013-05-30T04:00:00Z 60 21 71 96 59 51 15 41
2013-05-30T05:00:00Z 72 25 80 95 63 69 11 43
2013-05-30T06:00:00Z 91 26 67 105 66 75 11 46
2013-05-30T07:00:00Z 97 31 104 103 71 75 13 50
2013-05-30T08:00:00Z 108 27 106 109 76 79 8 70
2013-05-30T09:00:00Z 115 19 126 99 82 88 9 76
2013-05-30T10:00:00Z 110 21 106 65 84 102 11 79
2013-05-30T11:00:00Z 99 26 63 79 83 92 11 90
2013-05-30T12:00:00Z 87 22 40 64 77 84 6 76
2013-05-30T13:00:00Z 72 21 36 45 70 73 7 89
2013-05-30T14:00:00Z 60 14 37 44 57 56 9 79
2013-05-30T15:00:00Z 44 10 31 41 48 55 7 44
2013-05-30T16:00:00Z 39 8 29 51 49 58 7 47
2013-05-30T17:00:00Z 35 7 39 37 47 51 41 50
2013-05-30T18:00:00Z 25 11 69 40 50 42 3 44
2013-05-30T19:00:00Z 32 15 53 44 53 199 25 41
2013-05-30T20:00:00Z 37 23 56 58 59 62 7 41
2013-05-30T21:00:00Z 38 29 50 72 56 67 18 41
2013-05-30T22:00:00Z 43 34 53 62 52 80 28 45
2013-05-30T23:00:00Z 48 48 64 52 50 58 33 43
2013-06-10T00:00:00Z 15 16 27 19 11 23 39 14
2013-06-10T01:00:00Z 16 17 26 18 10 22 37 16
2013-06-10T02:00:00Z 18 21 31 19 15 27 27 14
2013-06-10T03:00:00Z 19 21 34 23 15 31 23 20
2013-06-10T04:00:00Z 19 20 37 25 16 32 17 37
2013-06-10T05:00:00Z 20 18 38 25 16 35 20 32
2013-06-10T06:00:00Z 22 18 41 15 16 28 24 20
2013-06-10T07:00:00Z 22 23 45 25 16 31 25 27
2013-06-10T08:00:00Z 23 24 53 29 17 24 14 23
2013-06-10T09:00:00Z 19 31 58 24 19 38 10 23
2013-06-10T10:00:00Z 26 27 50 17 18 36 8 15
2013-06-10T11:00:00Z 34 23 39 12 18 43 8 12
2013-06-10T12:00:00Z 33 21 25 8 20 44 5 8
2013-06-10T13:00:00Z 29 23 18 9 20 40 5 6
2013-06-10T14:00:00Z 27 17 13 8 21 28 7 7
2013-06-10T15:00:00Z 21 14 16 11 18 30 7 8
2013-06-10T16:00:00Z 24 19 20 14 21 28 27 7
2013-06-10T17:00:00Z 25 20 20 14 22 31 6 9
2013-06-10T18:00:00Z 32 19 24 16 22 26 9 9
2013-06-10T19:00:00Z 37 18 21 25 21 23 9 11
2013-06-10T20:00:00Z 39 17 27 37 23 26 13 13
2013-06-10T21:00:00Z 38 18 39 42 29 39 21 14
2013-06-10T22:00:00Z 40 32 45 47 33 68 28 11
2013-06-10T23:00:00Z 53 34 49 46 37 62 39 8
2013-06-11T00:00:00Z 66 36 72 47 44 58 43 23
2013-06-11T01:00:00Z 54 37 63 49 47 51 45 8
2013-06-11T02:00:00Z 49 30 70 53 50 53 33 7
2013-06-11T03:00:00Z 52 29 65 61 54 55 33 11
2013-06-11T04:00:00Z 55 26 64 80 60 53 26 8
2013-06-11T05:00:00Z 58 30 74 87 56 53 24 12
2013-06-11T06:00:00Z 65 30 77 102 58 47 20 10
2013-06-11T07:00:00Z 60 32 95 104 47 52 19 12
2013-06-11T08:00:00Z 61 30 98 94 48 95 14 12
2013-06-11T09:00:00Z 61 35 119 90 55 56 10 12
2013-06-11T10:00:00Z 68 30 61 72 63 42 7 12
2013-06-11T11:00:00Z 85 28 46 74 55 33 6 14
2013-06-11T12:00:00Z 76 30 32 73 56 31 4 12
2013-06-11T13:00:00Z 78 29 29 71 54 31 6 14
2013-06-11T14:00:00Z 66 22 22 50 49 29 5 14
2013-06-11T15:00:00Z 61 16 20 34 39 20 5 13
2013-06-11T16:00:00Z 57 12 19 34 31 15 4 17
2013-06-11T17:00:00Z 71 13 26 32 27 11 4 13
2013-06-11T18:00:00Z 91 16 26 31 23 12 5 11
2013-06-11T19:00:00Z 95 19 27 41 27 17 7 9
2013-06-11T20:00:00Z 48 54 31 39 33 28 11 11
2013-06-11T21:00:00Z 42 10 39 49 39 31 11 9
2013-06-11T22:00:00Z 48 14 43 84 40 37 17 11
2013-06-11T23:00:00Z 40 21 42 80 46 41 24 13
2013-06-18T00:00:00Z 140 27 185 283 97 94 14 39
2013-06-18T01:00:00Z 160 25 124 295 103 100 17 34
2013-06-18T02:00:00Z 157 21 83 297 105 97 20 33
2013-06-18T03:00:00Z 152 26 64 193 112 88 23 30
2013-06-18T04:00:00Z 142 23 70 89 117 101 29 43
2013-06-18T05:00:00Z 154 24 56 76 123 91 24 45
2013-06-18T06:00:00Z 167 24 67 70 129 96 22 57
2013-06-18T07:00:00Z 187 28 77 68 131 104 25 66
2013-06-18T08:00:00Z 196 32 79 81 145 118 24 74
2013-06-18T09:00:00Z 203 22 78 82 165 123 20 86
2013-06-18T10:00:00Z 186 21 116 99 177 131 12 121
2013-06-18T11:00:00Z 176 24 125 88 181 117 9 145
2013-06-18T12:00:00Z 157 27 143 73 160 120 9 134
2013-06-18T13:00:00Z 110 26 149 69 117 108 8 140
2013-06-18T14:00:00Z 70 18 157 44 120 99 9 70
2013-06-18T15:00:00Z 61 13 143 33 124 103 7 53
2013-06-18T16:00:00Z 57 13 107 38 108 108 6 49
2013-06-18T17:00:00Z 46 15 92 30 100 87 4 53
2013-06-18T18:00:00Z 43 14 97 28 89 104 5 33
2013-06-18T19:00:00Z 48 20 101 30 91 134 4 22
2013-06-18T20:00:00Z 48 21 96 38 95 113 5 18
2013-06-18T21:00:00Z 55 22 94 55 97 49 8 38
2013-06-18T22:00:00Z 80 21 102 106 100 39 11 24
2013-06-18T23:00:00Z 106 20 117 115 86 44 20 24
2013-06-19T00:00:00Z 104 22 145 131 56 90 27 24
2013-06-19T01:00:00Z 65 21 170 134 54 89 41 21
2013-06-19T02:00:00Z 44 21 182 139 63 97 17 29
2013-06-19T03:00:00Z 43 22 182 164 70 101 13 16
2013-06-19T04:00:00Z 42 29 193 201 77 90 12 23
2013-06-19T05:00:00Z 42 28 170 195 85 72 12 28
2013-06-19T06:00:00Z 45 22 202 157 88 77 13 23
2013-06-19T07:00:00Z 51 24 215 135 85 78 14 29
2013-06-19T08:00:00Z 61 23 253 131 87 85 12 33
2013-06-19T09:00:00Z 61 21 248 120 97 79 8 28
2013-06-19T10:00:00Z 66 20 189 125 93 69 5 29
2013-06-20T01:00:00Z 74 32 24 102 68 93 20 53
2013-06-20T02:00:00Z 88 30 22 95 81 93 24 68
2013-06-20T03:00:00Z 94 26 22 97 97 76 27 61
2013-06-20T04:00:00Z 119 28 23 87 116 86 26 62
2013-06-20T05:00:00Z 140 25 21 86 139 92 22 84
2013-06-20T06:00:00Z 155 24 21 90 172 101 16 92
2013-06-20T07:00:00Z 148 30 24 79 194 177 15 85
2013-06-20T08:00:00Z 134 33 25 97 207 211 16 70
2013-06-20T09:00:00Z 133 27 26 93 209 201 13 60
2013-06-20T10:00:00Z 92 19 34 109 197 159 13 31
2013-06-20T11:00:00Z 82 12 34 115 157 78 9 23
2013-06-20T12:00:00Z 87 10 28 73 115 75 7 19
2013-06-20T13:00:00Z 99 10 25 90 114 43 11 13
2013-06-20T14:00:00Z 104 7 19 92 115 39 7 13
2013-06-20T15:00:00Z 121 10 16 70 84 35 7 12
2013-06-20T16:00:00Z 173 13 20 65 54 46 10 17
2013-06-20T17:00:00Z 109 45 18 64 29 43 10 13
2013-06-20T18:00:00Z 72 11 21 61 26 41 11 13
2013-06-20T19:00:00Z 84 12 23 59 39 35 13 14
2013-06-20T20:00:00Z 82 10 24 68 45 39 17 12
2013-06-20T21:00:00Z 88 15 28 53 44 37 26 17
2013-06-20T22:00:00Z 63 20 30 43 37 39 28 23
2013-06-20T23:00:00Z 50 21 36 42 41 39 25 30
2013-06-21T00:00:00Z 64 29 38 57 46 37 45 27
2013-06-21T01:00:00Z 83 26 41 61 46 37 31 25
2013-06-21T02:00:00Z 71 31 50 58 52 31 23 31
2013-06-21T03:00:00Z 73 32 58 57 58 29 22 41
2013-06-21T04:00:00Z 85 30 48 51 87 34 17 53
2013-06-21T05:00:00Z 72 36 40 52 102 46 22 54
2013-06-21T06:00:00Z 61 34 49 38 97 63 17 53
2013-06-21T07:00:00Z 60 34 44 39 84 83 13 53
2013-06-21T08:00:00Z 60 29 41 44 80 118 15 55
2013-06-21T09:00:00Z 52 24 43 51 78 107 11 55
2013-06-21T10:00:00Z 48 21 39 47 68 90 13 52
2013-06-21T11:00:00Z 43 16 54 51 71 83 9 55
2013-06-21T12:00:00Z 44 14 63 54 62 76 8 45
2013-06-21T13:00:00Z 42 17 69 59 62 59 5 34
2013-06-21T14:00:00Z 51 12 56 65 75 50 3 26
2013-06-21T15:00:00Z 65 16 45 68 88 49 9 28
2013-06-21T16:00:00Z 70 9 38 79 96 78 11 25
2013-06-21T17:00:00Z 89 8 40 76 98 80 9 34
2013-06-21T18:00:00Z 87 11 44 71 79 87 9 59
2013-06-21T19:00:00Z 82 12 48 70 92 100 10 94
2013-06-21T20:00:00Z 80 16 52 83 106 130 15 94
2013-06-21T21:00:00Z 79 20 58 80 113 143 18 88
2013-06-21T22:00:00Z 74 26 87 87 130 151 25 107
2013-06-21T23:00:00Z 88 35 82 90 139 149 32 123
2013-06-22T00:00:00Z 98 41 64 75 126 168 27 134
2013-06-22T01:00:00Z 87 38 53 71 119 193 28 130
2013-06-22T02:00:00Z 76 37 49 68 115 191 34 148
2013-06-22T03:00:00Z 76 34 51 70 117 209 31 145
2013-06-22T04:00:00Z 104 43 47 67 118 210 31 118
2013-06-22T05:00:00Z 113 40 50 52 124 185 31 89
2013-06-22T06:00:00Z 121 37 48 44 122 166 30 69
2013-06-22T07:00:00Z 131 32 41 43 115 143 32 60
2013-06-22T08:00:00Z 124 36 32 38 95 108 35 52
2013-06-22T09:00:00Z 126 44 25 35 87 125 31 43
2013-06-22T10:00:00Z 128 59 24 32 86 154 27 27
2013-06-22T11:00:00Z 122 36 19 33 86 125 23 38
2013-06-22T12:00:00Z 119 24 20 28 88 104 25 40
2013-06-22T13:00:00Z 114 20 17 27 81 95 27 37
2013-06-22T14:00:00Z 96 16 14 70 77 89 32 31
2013-06-22T15:00:00Z 79 18 15 64 81 56 37 29
2013-06-22T16:00:00Z 52 14 16 80 73 85 36 25
2013-06-22T17:00:00Z 51 13 23 45 72 61 35 27
2013-06-22T18:00:00Z 50 19 21 105 73 78 25 27
2013-06-22T19:00:00Z 58 17 19 40 74 103 18 24
2013-06-22T20:00:00Z 69 17 22 33 78 103 21 23
2013-06-22T21:00:00Z 81 26 27 31 88 98 20 27
2013-06-22T22:00:00Z 82 65 31 28 90 103 21 34
2013-06-22T23:00:00Z 79 27 33 29 77 110 50 39
2013-06-23T00:00:00Z 77 29 26 29 77 104 19 38
2013-06-23T01:00:00Z 79 31 26 27 82 95 24 42
2013-06-23T02:00:00Z 72 29 26 39 90 101 29 44
2013-06-23T03:00:00Z 71 25 29 41 97 95 25 61
2013-06-23T04:00:00Z 65 27 36 50 94 75 24 54
2013-06-23T05:00:00Z 77 34 37 55 105 85 21 55
2013-06-23T06:00:00Z 86 30 37 61 114 98 20 55
2013-06-23T07:00:00Z 100 28 43 58 119 116 18 73
2013-06-23T08:00:00Z 102 31 41 69 127 132 18 72
2013-06-23T09:00:00Z 101 37 42 33 134 164 20 56
2013-06-23T10:00:00Z 96 34 39 23 143 180 16 48
2013-06-23T11:00:00Z 75 30 34 15 145 187 17 63
2013-06-23T12:00:00Z 69 23 33 19 138 157 12 48
2013-06-23T13:00:00Z 60 14 32 15 119 108 9 49
2013-06-23T14:00:00Z 60 12 25 21 96 83 11 53
2013-06-23T15:00:00Z 55 8 29 25 109 85 11 55
2013-06-23T16:00:00Z 53 12 29 22 115 96 11 66
2013-06-23T17:00:00Z 52 13 35 23 107 104 9 59
2013-06-23T18:00:00Z 45 11 40 21 111 111 11 58
2013-06-23T19:00:00Z 43 13 39 32 134 145 9 71
2013-06-23T20:00:00Z 46 16 44 47 136 177 9 70
2013-06-23T21:00:00Z 52 20 59 63 150 191 18 77
2013-06-23T22:00:00Z 70 23 82 99 156 208 45 70
2013-06-23T23:00:00Z 86 25 82 112 165 209 15 61
2013-06-24T00:00:00Z 99 33 61 77 170 232 17 71
2013-06-24T01:00:00Z 110 31 69 86 183 248 22 70
2013-06-24T02:00:00Z 107 32 72 51 184 257 16 69
2013-06-24T03:00:00Z 108 34 89 55 180 260 14 62
2013-06-24T04:00:00Z 107 36 112 37 176 245 24 68
2013-06-24T05:00:00Z 101 38 121 31 170 245 29 82
2013-06-24T06:00:00Z 105 41 119 55 170 256 33 80
2013-06-24T07:00:00Z 128 38 103 59 178 261 35 70
2013-06-24T08:00:00Z 164 38 101 64 188 282 31 83
2013-06-24T09:00:00Z 166 37 106 95 178 311 32 83
2013-06-24T10:00:00Z 147 55 79 109 144 301 25 83
2013-06-24T11:00:00Z 83 79 71 99 123 274 18 80
2013-07-23T00:00:00Z 160 85 60 124 77 63 22 41
2013-07-23T01:00:00Z 124 76 43 102 78 62 26 47
2013-07-23T02:00:00Z 96 77 31 39 78 66 25 59
2013-07-23T03:00:00Z 99 81 25 30 81 71 32 59
2013-07-23T04:00:00Z 91 74 21 29 75 70 31 62
2013-07-23T05:00:00Z 84 81 20 28 71 80 34 70
2013-07-23T06:00:00Z 61 67 28 31 63 88 39 81
2013-07-23T07:00:00Z 54 81 29 30 61 88 50 86
2013-07-23T08:00:00Z 51 83 35 36 57 77 48 90
2013-07-23T09:00:00Z 47 83 42 22 56 86 45 101
2013-07-23T10:00:00Z 37 85 37 13 54 94 56 94
2013-07-23T11:00:00Z 27 70 33 9 46 73 73 106
2013-07-23T12:00:00Z 20 86 25 7 39 55 61 89
2013-07-23T13:00:00Z 17 87 18 7 35 52 53 94
2013-07-23T14:00:00Z 18 70 16 8 37 43 44 101
2013-07-23T15:00:00Z 17 56 16 14 40 28 43 79
2013-07-23T16:00:00Z 19 46 22 16 42 23 32 67
2013-07-23T17:00:00Z 19 34 28 24 42 21 18 32
2013-07-23T18:00:00Z 18 38 43 30 38 18 13 29
2013-07-23T19:00:00Z 21 39 49 30 33 17 11 35
2013-07-23T20:00:00Z 35 39 54 31 39 20 9 56
2013-07-23T21:00:00Z 34 45 48 41 38 31 15 94
2013-07-23T22:00:00Z 43 46 65 55 37 54 27 99
2013-07-23T23:00:00Z 47 47 56 59 43 53 43 98
2013-07-24T00:00:00Z 56 53 74 60 48 41 27 75
2013-07-24T01:00:00Z 62 63 88 61 55 41 26 72
2013-07-24T02:00:00Z 64 54 85 72 60 42 25 72
2013-07-24T03:00:00Z 69 55 108 80 63 54 23 71
2013-07-24T04:00:00Z 77 56 105 89 65 53 23 73
2013-07-24T05:00:00Z 77 58 108 106 68 59 21 78
2013-07-24T06:00:00Z 81 67 109 93 73 66 21 91
2013-07-24T07:00:00Z 93 75 118 115 80 66 25 93
2013-07-24T08:00:00Z 105 65 103 120 91 76 17 86
2013-07-24T09:00:00Z 113 50 83 110 103 82 13 83
2013-07-24T10:00:00Z 95 36 68 89 108 77 11 74
2013-07-24T11:00:00Z 84 21 59 58 88 67 8 61
2013-07-24T12:00:00Z 63 10 68 49 64 64 11 58
2013-07-24T13:00:00Z 42 9 60 42 46 51 7 56
2013-07-24T14:00:00Z 33 7 44 42 34 50 7 40
2013-07-24T15:00:00Z 23 6 38 35 31 29 7 48
2013-07-24T16:00:00Z 15 6 56 23 29 17 8 38
2013-07-24T17:00:00Z 15 6 97 22 28 13 6 54
2013-07-24T18:00:00Z 13 8 90 27 33 10 4 84
2013-07-24T19:00:00Z 14 10 70 25 38 16 8 87
2013-07-24T20:00:00Z 19 8 71 34 51 17 6 141
2013-07-24T21:00:00Z 31 10 79 55 64 21 16 187
2013-07-24T22:00:00Z 45 27 95 62 68 45 23 216
2013-07-24T23:00:00Z 56 31 112 79 71 39 27 198
2013-07-25T00:00:00Z 64 28 142 93 77 41 29 203
2013-07-25T01:00:00Z 75 20 139 113 91 46 21 173
2013-07-25T02:00:00Z 78 18 156 121 105 53 27 115
2013-07-25T03:00:00Z 85 19 159 120 119 48 21 105
2013-07-25T04:00:00Z 92 21 143 147 130 45 18 87
2013-07-25T05:00:00Z 90 19 100 131 145 56 17 70
2013-07-25T06:00:00Z 74 22 98 124 156 70 16 55
2013-07-25T07:00:00Z 53 22 95 140 165 101 17 27
2013-07-25T08:00:00Z 46 22 108 146 155 161 12 11
2013-07-25T09:00:00Z 37 20 101 139 133 112 9 8
2013-07-25T10:00:00Z 31 14 76 78 131 81 14 7
2013-07-25T11:00:00Z 34 10 90 29 92 53 9 6
2013-07-25T12:00:00Z 40 7 92 13 75 48 15 10
2013-07-25T13:00:00Z 61 7 105 8 83 38 12 10
2013-07-25T14:00:00Z 41 8 107 11 67 31 6 6
2013-07-25T15:00:00Z 48 7 108 9 49 31 8 6
2013-07-25T16:00:00Z 66 6 136 14 43 25 9 7
2013-07-25T17:00:00Z 61 8 128 23 36 24 8 7
2013-07-25T18:00:00Z 55 8 129 32 34 18 6 9
2013-07-25T19:00:00Z 62 10 129 47 32 18 46 9
2013-07-25T20:00:00Z 55 14 112 61 31 20 13 14
2013-07-25T21:00:00Z 52 17 126 78 30 21 22 13
2013-07-25T22:00:00Z 45 26 171 90 29 21 25 19
2013-07-25T23:00:00Z 52 23 161 91 25 29 26 24
2013-08-01T00:00:00Z 26 30 38 67 40 188 44 111
2013-08-01T01:00:00Z 32 29 40 21 21 95 52 113
2013-08-01T02:00:00Z 34 25 49 67 31 16 55 122
2013-08-01T03:00:00Z 35 20 57 76 35 28 43 122
2013-08-01T04:00:00Z 34 13 51 25 38 36 46 72
2013-08-01T05:00:00Z 33 24 53 28 34 51 35 127
2013-08-01T06:00:00Z 36 61 52 114 45 75 32 81
2013-08-01T07:00:00Z 41 27 45 122 54 82 29 82
2013-08-01T08:00:00Z 48 28 45 47 60 106 37 79
2013-08-01T09:00:00Z 48 23 53 45 71 111 39 81
2013-08-01T10:00:00Z 51 25 54 33 77 113 33 96
2013-08-01T11:00:00Z 59 25 51 41 86 96 35 126
2013-08-01T12:00:00Z 60 26 39 39 95 107 40 121
2013-08-01T13:00:00Z 62 23 29 41 107 116 38 119
2013-08-01T14:00:00Z 47 21 37 43 107 128 33 112
2013-08-01T15:00:00Z 31 19 46 45 91 148 24 108
2013-08-01T16:00:00Z 32 24 38 93 65 146 17 99
2013-08-01T17:00:00Z 33 31 36 55 45 118 17 100
2013-08-01T18:00:00Z 26 32 38 23 44 65 18 97
2013-08-01T19:00:00Z 26 28 45 24 47 47 16 78
2013-08-01T20:00:00Z 33 35 45 45 49 46 18 81
2013-08-01T21:00:00Z 42 38 48 51 53 61 23 94
2013-08-01T22:00:00Z 53 42 49 45 59 63 24 83
2013-08-01T23:00:00Z 58 55 48 52 60 73 21 59
2013-08-02T00:00:00Z 62 42 45 56 66 84 24 50
2013-08-02T01:00:00Z 69 41 46 68 74 88 26 44
2013-08-02T02:00:00Z 68 54 54 57 80 85 23 50
2013-08-02T03:00:00Z 82 46 63 72 80 124 28 55
2013-08-02T04:00:00Z 96 45 60 60 87 143 69 47
2013-08-02T05:00:00Z 94 45 77 80 98 142 26 44
2013-08-02T06:00:00Z 103 42 74 69 106 158 26 42
2013-08-02T07:00:00Z 98 38 90 77 115 152 29 40
2013-08-02T08:00:00Z 99 42 75 85 130 149 25 40
2013-08-02T09:00:00Z 108 42 97 42 144 132 26 33
2013-08-02T10:00:00Z 112 38 88 52 143 111 24 32
2013-08-02T11:00:00Z 117 38 98 35 143 146 27 43
2013-08-02T12:00:00Z 123 47 134 41 136 139 53 28
2013-08-02T13:00:00Z 108 43 140 41 126 123 36 25
2013-08-02T14:00:00Z 146 36 151 49 127 113 29 48
2013-08-02T15:00:00Z 138 36 152 69 135 118 30 30
2013-08-02T16:00:00Z 137 34 135 57 137 114 46 21
2013-08-02T17:00:00Z 140 43 127 56 145 99 31 24
2013-08-02T18:00:00Z 124 57 122 67 151 94 40 20
2013-08-02T19:00:00Z 123 66 133 78 153 116 23 15
2013-08-02T20:00:00Z 126 82 138 81 143 145 26 20
2013-08-02T21:00:00Z 140 87 146 80 133 160 24 24
2013-08-02T22:00:00Z 150 87 148 86 136 165 29 28
2013-08-02T23:00:00Z 145 93 154 99 138 179 20 29
2013-08-18T18:00:00Z 4 6 10 20 21 10 12 6
2013-08-18T19:00:00Z 9 11 14 18 23 12 7 6
2013-08-18T20:00:00Z 14 16 19 19 26 17 18 9
2013-08-18T21:00:00Z 32 21 24 29 37 21 26 17
2013-08-18T22:00:00Z 50 22 27 29 50 24 32 22
2013-08-18T23:00:00Z 40 25 32 40 53 22 45 21
2013-08-19T14:00:00Z 31 12 25 21 61 59 4 9
2013-08-19T15:00:00Z 24 10 23 21 61 60 4 8
2013-08-19T16:00:00Z 19 8 20 26 58 52 5 10
2013-08-19T17:00:00Z 19 7 22 35 56 60 7 10
2013-08-19T18:00:00Z 19 9 27 38 53 65 8 8
2013-08-20T09:00:00Z 106 27 74 103 48 60 20 27
2013-08-20T10:00:00Z 107 19 53 98 45 46 20 28
2013-08-20T11:00:00Z 102 17 57 89 42 46 26 26
2013-08-20T12:00:00Z 106 14 75 56 40 45 27 25
2013-08-20T13:00:00Z 89 16 67 48 31 39 36 32
2013-08-20T14:00:00Z 89 11 62 44 28 31 31 12
2013-08-20T15:00:00Z 73 10 57 42 24 20 32 15
2013-08-20T16:00:00Z 64 10 55 42 28 21 37 18
2013-08-20T17:00:00Z 62 17 73 53 30 17 54 16
2013-08-20T18:00:00Z 59 18 56 55 29 17 36 22
2013-08-20T19:00:00Z 56 18 62 48 26 21 37 26
2013-08-21T10:00:00Z 55 64 99 63 41 48 44 40
2013-08-21T11:00:00Z 54 46 105 67 37 41 46 39
2013-08-21T12:00:00Z 54 44 100 83 41 32 54 33
2013-08-21T13:00:00Z -1 -1 -1 -1 -1 -1 -1 -1
2013-08-21T14:00:00Z 55 44 89 76 42 29 33 20
2013-08-21T15:00:00Z 58 34 94 73 45 29 37 18
2013-08-21T16:00:00Z 57 29 96 66 51 32 34 16
2013-08-21T17:00:00Z 59 32 120 66 53 29 29 16
2013-08-21T18:00:00Z 58 38 131 71 59 30 32 20
2013-08-21T19:00:00Z 59 34 148 79 66 31 37 23
2013-08-21T20:00:00Z 71 42 157 74 69 34 62 36
2013-08-21T21:00:00Z 92 89 172 95 83 38 75 42
2013-08-21T22:00:00Z 110 48 179 117 90 47 80 43
2013-08-21T23:00:00Z 128 55 151 108 93 63 89 72
2013-08-22T00:00:00Z -1 -1 -1 -1 -1 -1 -1 -1
2013-08-22T01:00:00Z 139 59 155 112 108 78 80 80
2013-08-22T02:00:00Z 141 51 167 115 122 75 75 86
2013-08-22T03:00:00Z 139 64 158 118 127 97 64 78
2013-08-22T04:00:00Z 149 72 156 116 133 92 47 72
2013-08-22T05:00:00Z 141 69 138 110 146 97 59 82
2013-08-22T06:00:00Z 144 71 139 101 171 95 57 104
2013-08-22T07:00:00Z 154 61 129 124 176 136 46 100
2013-08-22T08:00:00Z 160 72 115 96 177 161 65 107
2013-08-22T09:00:00Z 154 75 106 77 167 127 47 122
2013-08-22T10:00:00Z -1 -1 -1 -1 -1 -1 -1 -1
2013-08-22T11:00:00Z 148 79 106 79 118 94 42 86
2013-08-22T12:00:00Z -1 -1 -1 -1 -1 -1 -1 -1
2013-08-22T13:00:00Z 144 76 102 110 87 90 30 72
2013-08-22T14:00:00Z 140 78 120 112 101 99 25 86
2013-08-22T15:00:00Z 131 75 117 110 108 112 14 73
2013-08-22T16:00:00Z 113 67 122 110 105 110 18 61
2013-08-22T17:00:00Z 120 54 125 122 107 123 17 70
2013-08-22T18:00:00Z 120 57 138 117 114 108 14 69
2013-08-22T19:00:00Z 116 51 153 108 122 110 17 74
2013-08-22T20:00:00Z 136 61 156 91 129 126 23 85
2013-08-22T21:00:00Z 162 79 125 104 134 130 41 64
2013-08-22T22:00:00Z 163 69 129 112 137 128 50 69
2013-08-22T23:00:00Z 132 63 133 95 143 121 41 49
2013-08-23T00:00:00Z 152 64 138 99 141 118 36 56
2013-08-23T01:00:00Z 142 56 132 101 147 146 36 46
2013-08-23T16:00:00Z 11 6 12 14 32 12 4 43
2013-08-23T17:00:00Z 10 5 10 14 32 10 4 51
2013-08-23T18:00:00Z 9 9 9 20 32 19 5 42
2013-08-23T19:00:00Z 11 13 11 25 38 36 8 51
2013-08-23T20:00:00Z 22 21 13 29 47 50 12 75
2013-08-23T21:00:00Z 28 28 17 50 68 56 21 94
2013-08-23T22:00:00Z 43 29 32 74 85 74 23 93
2013-08-23T23:00:00Z 50 32 29 63 93 71 24 92
2013-08-24T00:00:00Z 52 28 42 70 89 107 21 78
2013-08-24T01:00:00Z 63 29 48 83 89 124 21 74
2013-08-24T02:00:00Z 76 27 41 69 93 144 18 68
2013-08-24T03:00:00Z 82 25 43 57 103 203 19 73
2013-08-24T04:00:00Z 105 27 48 58 113 204 12 70
2013-08-24T05:00:00Z 95 29 42 60 118 202 10 65
2013-08-24T06:00:00Z 98 29 42 54 120 196 10 55
2013-08-24T07:00:00Z 110 27 40 48 132 202 16 64
2013-08-24T08:00:00Z 111 27 37 34 148 242 15 65
2013-08-24T09:00:00Z 111 20 38 28 156 236 11 64
2013-08-24T10:00:00Z 130 16 37 26 149 260 16 50
2013-08-24T11:00:00Z 114 12 32 30 127 334 11 48
2013-08-24T12:00:00Z 56 13 29 31 101 300 14 44
2013-08-24T13:00:00Z 30 11 32 38 87 231 12 48
2013-08-24T14:00:00Z 20 9 29 31 86 144 11 53
2013-08-24T15:00:00Z 15 7 30 24 84 129 8 61
2013-08-24T16:00:00Z 14 6 35 21 73 108 9 42
2013-08-24T17:00:00Z 19 6 41 31 55 96 13 42
2013-08-24T18:00:00Z 18 6 37 33 61 99 11 45
2013-08-24T19:00:00Z 17 10 35 37 65 77 11 49
2013-08-24T20:00:00Z 34 13 37 50 64 84 23 62
2013-08-24T21:00:00Z 51 25 39 49 61 93 39 64
2013-08-24T22:00:00Z -1 -1 -1 -1 -1 -1 -1 -1
2013-08-24T23:00:00Z 61 80 36 61 60 108 45 85
2013-08-28T15:00:00Z 86 26 82 118 121 105 30 40
2013-08-28T16:00:00Z 86 24 50 130 138 105 25 50
2013-08-28T17:00:00Z 92 33 35 152 142 123 25 56
2013-08-28T18:00:00Z 131 27 28 136 132 85 33 61
2013-08-28T19:00:00Z 123 26 27 167 133 53 30 53
2013-08-28T20:00:00Z 119 28 27 164 143 59 26 43
2013-08-28T21:00:00Z 121 40 31 190 147 49 26 40
2013-08-28T22:00:00Z 121 38 34 175 134 51 33 49
2013-08-28T23:00:00Z 131 38 32 169 129 65 37 50
2013-08-29T00:00:00Z 124 45 30 164 127 62 39 55
2013-08-29T01:00:00Z 120 37 36 155 121 70 39 42
2013-08-29T02:00:00Z 149 45 37 156 114 83 26 43
2013-08-29T03:00:00Z 117 42 35 148 112 59 22 48
2013-08-29T04:00:00Z 110 39 35 138 114 68 29 46
2013-08-29T05:00:00Z 100 36 38 124 122 68 29 36
2013-08-29T06:00:00Z 77 32 42 118 132 66 18 39
2013-08-29T07:00:00Z 25 29 41 90 124 82 37 38
2013-08-29T08:00:00Z 17 29 43 52 83 81 13 38
2013-08-29T09:00:00Z 8 33 50 33 35 98 11 29
2013-08-29T10:00:00Z 7 24 55 26 19 77 4 30
2013-08-29T11:00:00Z 6 13 46 21 16 34 4 29
2013-08-29T12:00:00Z 8 9 25 18 15 19 3 27
2013-08-29T13:00:00Z 7 6 17 12 15 12 4 27
2013-08-29T14:00:00Z 5 6 11 9 19 7 6 32
2013-08-29T15:00:00Z 5 9 6 10 17 8 6 30
2013-08-29T16:00:00Z 9 8 7 5 18 10 5 21
2013-08-29T17:00:00Z 7 7 7 8 18 14 5 18
2013-08-29T18:00:00Z 7 6 9 13 17 12 3 23
2013-08-29T19:00:00Z 4 9 11 17 17 20 5 27
2013-08-29T20:00:00Z 6 8 10 22 18 34 6 23
2013-08-29T21:00:00Z 7 9 11 24 17 32 8 15
2013-08-29T22:00:00Z 7 8 15 22 17 29 7 14
2013-08-29T23:00:00Z 12 6 16 22 20 30 8 10
2013-08-30T00:00:00Z 11 6 12 19 23 24 8 10
2013-08-30T01:00:00Z 10 10 11 28 22 16 9 8
2013-08-30T02:00:00Z 11 12 10 25 20 20 7 9
2013-08-30T03:00:00Z 13 14 9 21 17 26 9 9
2013-08-30T04:00:00Z 11 12 12 24 16 29 10 9
2013-08-30T05:00:00Z 9 15 12 20 18 25 11 11
2013-08-30T06:00:00Z 9 12 14 22 14 26 11 9
2013-08-30T07:00:00Z 11 18 21 25 14 24 13 13
2013-08-30T08:00:00Z 15 18 23 25 14 24 60 10
2013-08-30T09:00:00Z 10 16 17 23 16 29 8 9
2013-08-30T10:00:00Z 8 14 14 12 14 27 8 9
2013-08-30T11:00:00Z 4 8 15 8 12 19 6 7
2013-08-30T12:00:00Z 5 9 10 5 11 13 5 6
2013-08-30T13:00:00Z -1 -1 -1 -1 -1 -1 -1 -1
2013-08-30T14:00:00Z 5 5 9 3 13 11 4 8
2013-08-30T15:00:00Z 6 4 10 4 13 14 3 9
2013-08-30T16:00:00Z 5 4 9 4 14 13 4 7
2013-08-30T17:00:00Z 5 4 10 4 14 10 5 9
2013-08-30T18:00:00Z 6 6 17 5 13 8 5 23
2013-08-30T19:00:00Z 9 8 22 11 14 9 7 7
2013-08-30T20:00:00Z 16 13 27 18 19 14 25 14
2013-08-30T21:00:00Z 29 18 28 29 34 21 17 15
2013-08-30T22:00:00Z 32 28 34 40 36 27 27 29
2013-08-30T23:00:00Z 32 29 33 35 36 28 28 37
2013-08-31T00:00:00Z 24 30 39 42 39 20 27 37
2013-08-31T01:00:00Z 22 26 47 43 44 16 27 41
2013-08-31T02:00:00Z 28 23 44 47 53 19 18 31
2013-08-31T03:00:00Z 35 24 37 41 66 33 19 27
2013-08-31T04:00:00Z 36 18 40 49 67 35 15 25
2013-08-31T05:00:00Z 40 19 40 65 67 34 16 20
2013-08-31T06:00:00Z 38 14 41 75 66 34 20 20
2013-08-31T07:00:00Z 37 16 44 61 64 40 20 31
2013-08-31T08:00:00Z 40 17 38 60 60 54 45 21
2013-08-31T09:00:00Z -1 -1 -1 -1 -1 -1 -1 -1
2013-08-31T10:00:00Z 27 9 41 37 36 59 10 12
2013-08-31T11:00:00Z -1 -1 -1 -1 -1 -1 -1 -1
2013-08-31T12:00:00Z 15 5 28 15 25 40 6 8
2013-08-31T13:00:00Z 12 8 18 12 22 32 5 8
2013-08-31T14:00:00Z 9 6 11 11 21 24 5 8
2013-08-31T15:00:00Z 7 5 11 8 22 15 51 6
2013-08-31T16:00:00Z 8 3 10 12 21 12 8 10
2013-08-31T17:00:00Z -1 -1 -1 -1 -1 -1 -1 -1
2013-08-31T18:00:00Z 14 7 17 15 22 10 6 9
2013-08-31T19:00:00Z 16 12 17 20 29 28 7 8
2013-08-31T20:00:00Z 31 14 20 26 39 57 31 6
2013-08-31T21:00:00Z 32 26 28 31 49 58 34 8
2013-08-31T22:00:00Z 39 25 37 39 54 39 52 8
2013-08-31T23:00:00Z 38 33 42 41 50 33 49 6
2013-09-01T00:00:00Z 36 27 43 47 46 37 33 3
2013-09-01T01:00:00Z 49 17 44 63 29 31 30 4
2013-09-01T02:00:00Z 58 14 47 67 20 30 29 10
2013-09-01T03:00:00Z 63 16 68 76 16 27 28 13
2013-09-01T04:00:00Z 60 14 49 104 19 35 23 16
2013-09-01T05:00:00Z 60 13 46 104 25 87 25 17
2013-09-01T06:00:00Z 51 15 49 124 40 122 17 17
2013-09-01T07:00:00Z 37 22 49 129 51 103 15 18
2013-09-01T08:00:00Z 43 28 53 125 66 107 18 21
2013-09-01T09:00:00Z 54 23 54 83 70 137 17 26
2013-09-01T10:00:00Z 53 16 51 42 63 192 12 24
2013-09-01T11:00:00Z 48 21 48 35 57 117 10 18
2013-09-01T12:00:00Z -1 -1 -1 -1 -1 -1 -1 -1
2013-09-01T13:00:00Z 52 13 55 52 60 93 8 9
2013-09-01T14:00:00Z 50 7 51 54 54 91 11 7
2013-09-01T15:00:00Z 50 8 51 61 55 96 12 7
2013-09-01T16:00:00Z 47 5 43 59 53 78 9 7
2013-09-01T17:00:00Z 47 5 47 49 54 63 13 9
2013-09-01T18:00:00Z 43 5 49 52 58 81 12 11
2013-09-01T19:00:00Z -1 -1 -1 -1 -1 -1 -1 -1
2013-09-01T20:00:00Z 61 16 64 71 55 99 17 12
2013-09-01T21:00:00Z 76 15 72 74 67 84 27 13
2013-09-01T22:00:00Z 77 21 71 71 75 94 33 20
2013-09-01T23:00:00Z 70 21 69 68 73 112 33 34
2013-09-02T00:00:00Z 53 27 89 73 66 108 38 10
2013-09-02T01:00:00Z 49 16 93 77 68 109 21 17
2013-09-02T02:00:00Z 65 18 90 82 73 97 24 16
2013-09-02T03:00:00Z 62 18 96 90 76 83 21 21
2013-09-02T04:00:00Z 72 18 105 88 80 57 24 26
2013-09-02T05:00:00Z 89 20 91 92 87 37 23 27
2013-09-02T06:00:00Z 102 20 64 122 93 47 21 20
2013-09-02T07:00:00Z 70 22 70 123 64 62 19 16
2013-09-02T08:00:00Z 62 20 68 92 45 48 24 13
2013-09-02T09:00:00Z 50 17 85 89 36 36 25 17
2013-09-02T10:00:00Z 43 18 91 81 37 35 16 17
2013-09-02T11:00:00Z 39 20 73 85 35 35 13 15
2013-09-02T12:00:00Z 41 15 75 91 35 38 14 9
2013-09-02T13:00:00Z 44 12 80 76 36 41 16 11
2013-09-02T14:00:00Z 43 11 77 79 38 40 12 10
2013-09-02T15:00:00Z 47 12 76 90 34 39 7 11
2013-09-02T16:00:00Z 53 11 72 100 34 38 7 12
2013-09-02T17:00:00Z 52 11 77 82 35 26 7 13
2013-09-02T18:00:00Z 58 9 110 81 38 27 7 13
2013-09-02T19:00:00Z 60 11 111 77 39 35 6 21
2013-09-02T20:00:00Z 56 20 127 84 40 37 17 26
2013-09-02T21:00:00Z 56 28 126 87 47 59 61 30
2013-09-02T22:00:00Z 52 31 133 81 50 69 29 34
2013-09-02T23:00:00Z 52 28 157 89 55 69 27 37
2013-09-03T00:00:00Z 59 32 188 82 61 69 26 34
2013-09-03T01:00:00Z 74 30 199 85 55 63 21 39
2013-09-03T02:00:00Z 82 21 193 86 49 70 19 32
2013-09-03T03:00:00Z 101 19 173 89 57 104 15 30
2013-09-03T04:00:00Z 98 17 176 88 54 119 18 28
2013-09-03T05:00:00Z 106 20 169 88 57 130 19 30
2013-09-03T06:00:00Z 97 19 171 93 59 167 20 31
2013-09-03T07:00:00Z 93 20 158 96 59 204 18 34
2013-09-03T08:00:00Z 93 18 154 100 68 198 16 38
2013-09-03T09:00:00Z 69 15 148 96 65 230 14 41
2013-09-03T10:00:00Z 80 11 120 90 72 159 11 40
2013-09-03T11:00:00Z 71 10 109 86 77 99 28 26
2013-09-03T12:00:00Z 88 10 114 94 76 80 36 20
2013-09-03T13:00:00Z 80 9 97 92 75 67 24 12
2013-09-03T14:00:00Z 74 6 86 86 77 82 19 13
2013-09-03T15:00:00Z 75 5 88 86 75 79 20 12
2013-09-03T16:00:00Z 80 6 105 92 76 89 13 10
2013-09-03T17:00:00Z 95 5 100 96 76 85 11 12
2013-09-03T18:00:00Z 93 7 71 100 83 72 15 9
2013-09-03T19:00:00Z 93 16 58 103 84 79 22 10
2013-09-03T20:00:00Z 98 30 55 115 88 56 30 12
2013-09-03T21:00:00Z 108 42 81 121 87 55 56 29
2013-09-03T22:00:00Z 117 40 101 126 102 51 64 17
2013-09-03T23:00:00Z 125 39 105 126 111 64 45 23
2013-09-04T00:00:00Z 134 31 85 150 105 87 36 30
2013-09-04T01:00:00Z 133 27 65 161 113 72 36 39
2013-09-04T02:00:00Z 137 25 67 159 117 71 37 30
2013-09-04T03:00:00Z 142 22 71 147 116 72 42 28
2013-09-04T04:00:00Z 145 21 67 117 114 81 36 30
2013-09-04T05:00:00Z 133 17 74 130 109 112 37 33
2013-09-04T06:00:00Z 120 16 77 128 106 126 39 28
2013-09-04T07:00:00Z 98 25 84 120 100 113 42 35
2013-09-04T08:00:00Z 72 29 88 114 90 119 42 43
2013-09-04T09:00:00Z 62 25 90 108 61 120 44 31
2013-09-04T10:00:00Z 64 22 123 92 55 103 40 17
2013-09-04T11:00:00Z 78 26 156 77 51 66 41 17
2013-09-04T12:00:00Z 72 20 168 64 39 42 34 21
2013-09-04T13:00:00Z 83 20 156 65 34 33 26 29
2013-09-04T14:00:00Z 95 22 150 45 36 38 27 27
2013-09-04T15:00:00Z 73 26 142 44 34 34 30 21
2013-09-04T16:00:00Z 63 49 260 34 33 29 36 20
2013-09-04T17:00:00Z 56 48 218 33 34 24 32 19
2013-09-04T18:00:00Z 45 50 145 39 41 21 31 18
2013-09-04T19:00:00Z 48 47 146 46 42 30 32 14
2013-09-04T20:00:00Z 46 49 158 57 41 34 31 19
2013-09-04T21:00:00Z 44 47 186 62 41 42 37 17
2013-09-04T22:00:00Z 48 42 62 62 45 63 40 28
2013-09-04T23:00:00Z 55 41 48 65 50 90 45 39
2013-09-05T00:00:00Z 58 39 75 71 49 66 40 31
2013-09-05T01:00:00Z 57 29 69 71 59 61 38 29
2013-09-05T02:00:00Z 46 -1 82 70 62 50 37 30
2013-09-05T03:00:00Z 28 21 85 71 50 56 35 38
2013-09-05T04:00:00Z 23 23 90 72 43 63 35 41
2013-09-05T05:00:00Z 18 19 89 76 47 51 33 37
2013-09-05T06:00:00Z 14 14 65 73 53 60 36 36
2013-09-05T07:00:00Z 12 17 62 71 59 66 35 42
2013-09-05T08:00:00Z 15 29 77 76 63 92 35 38
2013-09-05T09:00:00Z 16 18 87 72 62 97 29 30
2013-09-05T10:00:00Z 13 16 65 69 47 78 25 30
2013-09-05T11:00:00Z 11 11 45 49 37 79 16 37
2013-09-05T12:00:00Z 11 15 49 28 34 64 16 19
2013-09-05T13:00:00Z 13 22 48 21 39 50 12 23
2013-09-05T14:00:00Z 18 18 53 21 42 43 12 25
2013-09-05T15:00:00Z 17 15 46 23 43 32 8 20
2013-09-05T16:00:00Z 19 10 37 22 47 40 7 19
2013-09-05T17:00:00Z 25 8 32 14 57 40 10 19
2013-09-05T18:00:00Z 30 10 35 22 55 44 10 17
2013-09-05T19:00:00Z 38 12 42 19 54 52 10 18
2013-09-05T20:00:00Z 38 15 32 27 54 47 18 22
2013-09-05T21:00:00Z 47 23 42 45 56 62 29 21
2013-09-05T22:00:00Z 51 44 61 55 64 54 42 24
2013-09-05T23:00:00Z 52 17 72 50 65 55 27 24
2013-09-06T00:00:00Z 53 18 67 53 68 58 23 26
2013-09-06T01:00:00Z 51 19 65 60 69 66 31 31
2013-09-06T02:00:00Z 53 18 79 83 68 56 19 34
2013-09-06T03:00:00Z 50 18 81 81 70 54 17 32
2013-09-06T04:00:00Z 50 16 78 90 72 67 18 27
2013-09-06T05:00:00Z 61 19 72 91 73 61 13 23
2013-09-06T06:00:00Z 62 12 68 92 75 59 18 22
2013-09-06T07:00:00Z 60 14 75 97 79 73 17 24
2013-09-06T08:00:00Z 54 16 91 113 87 87 22 29
2013-09-06T09:00:00Z 50 16 108 113 89 129 18 23
2013-09-06T10:00:00Z 57 13 113 103 93 114 12 27
2013-09-06T11:00:00Z 75 15 113 107 89 100 9 27
2013-09-06T12:00:00Z 80 13 105 82 78 106 8 22
2013-09-06T13:00:00Z 89 14 124 72 74 137 4 21
2013-09-06T14:00:00Z 82 17 136 79 59 140 3 18
2013-09-06T15:00:00Z 71 15 140 79 53 70 3 12
2013-09-06T16:00:00Z 63 16 148 88 56 81 3 12
2013-09-06T17:00:00Z 72 19 151 95 59 90 3 12
2013-09-06T18:00:00Z 77 18 154 107 60 83 5 13
2013-09-06T19:00:00Z 69 13 157 125 60 68 7 25
2013-09-06T20:00:00Z 61 23 173 133 64 78 13 37
2013-09-06T21:00:00Z -1 -1 -1 -1 -1 -1 -1 -1
2013-09-06T22:00:00Z 95 24 203 155 64 101 27 70
2013-09-06T23:00:00Z 100 22 179 155 61 101 25 72
2013-09-07T00:00:00Z 106 20 172 154 61 93 20 84
2013-09-07T01:00:00Z 102 18 186 167 63 105 15 80
2013-09-07T02:00:00Z 99 16 186 161 69 114 17 77
2013-09-07T03:00:00Z 95 17 197 166 68 132 19 82
2013-09-07T04:00:00Z 94 19 198 170 76 208 17 63
2013-09-07T05:00:00Z 107 14 193 159 84 210 12 65
2013-09-07T06:00:00Z 89 14 201 135 92 188 14 84
2013-09-07T07:00:00Z 92 20 206 117 97 208 14 79
2013-09-07T08:00:00Z 107 24 211 109 105 240 12 75
2013-09-07T09:00:00Z 122 23 211 115 109 269 11 64
2013-09-07T10:00:00Z 118 18 203 112 104 284 12 55
2013-09-07T11:00:00Z 100 17 184 118 104 275 8 31
2013-09-07T12:00:00Z -1 -1 -1 -1 -1 -1 -1 -1
2013-09-07T13:00:00Z 90 11 168 101 89 154 6 23
2013-09-07T14:00:00Z 59 11 146 84 85 111 8 19
2013-09-07T15:00:00Z 48 9 139 69 80 101 6 23
2013-09-07T16:00:00Z 41 7 143 60 79 81 5 29
2013-09-07T17:00:00Z 43 14 147 60 79 78 4 37
2013-09-07T18:00:00Z -1 -1 -1 -1 -1 -1 -1 -1
2013-09-07T19:00:00Z 56 21 179 73 88 71 12 49
2013-09-07T20:00:00Z 72 29 190 86 105 81 31 52
2013-09-07T21:00:00Z 93 29 197 87 105 145 63 66
2013-09-07T22:00:00Z 115 35 224 79 115 208 43 84
2013-09-07T23:00:00Z 133 35 218 86 120 141 38 88
2013-09-08T00:00:00Z 132 35 206 98 121 139 34 88
2013-09-08T01:00:00Z 142 32 181 81 126 155 29 80
2013-09-08T02:00:00Z 137 32 181 78 125 148 26 74
2013-09-08T03:00:00Z 132 27 183 95 119 142 28 69
2013-09-08T04:00:00Z 132 21 181 94 115 151 21 70
2013-09-08T05:00:00Z 143 19 187 101 124 140 23 64
2013-09-08T06:00:00Z 145 20 193 100 124 196 23 56
2013-09-08T07:00:00Z 146 32 187 99 121 233 23 68
2013-09-08T08:00:00Z 153 27 188 102 123 274 23 54
2013-09-08T09:00:00Z 140 25 197 106 138 277 23 51
2013-09-08T10:00:00Z 152 23 205 104 125 306 17 56
2013-09-08T11:00:00Z -1 -1 -1 -1 -1 -1 -1 -1
2013-09-08T12:00:00Z 159 19 188 106 143 312 54 74
2013-09-08T13:00:00Z -1 -1 -1 -1 -1 -1 -1 -1
2013-09-08T14:00:00Z 169 18 192 122 146 169 52 62
2013-09-08T15:00:00Z 128 17 189 109 118 144 52 54
2013-09-08T16:00:00Z -1 -1 -1 -1 -1 -1 -1 -1
2013-09-08T17:00:00Z 151 16 235 125 85 130 66 53
2013-09-08T18:00:00Z 176 16 250 133 88 126 54 57
2013-09-08T19:00:00Z 180 25 272 126 94 125 51 76
2013-09-08T20:00:00Z 179 36 211 148 97 153 43 77
2013-09-08T21:00:00Z 163 45 174 137 96 179 43 94
2013-09-08T22:00:00Z -1 -1 -1 -1 -1 -1 -1 -1
2013-09-08T23:00:00Z 139 74 136 129 106 191 41 92
2013-09-09T00:00:00Z 141 68 109 135 107 217 45 103
2013-09-09T01:00:00Z 140 76 54 124 98 203 33 99
2013-09-09T02:00:00Z 131 69 42 107 92 181 33 101
2013-09-09T03:00:00Z 125 66 37 92 92 151 39 93
2013-09-09T04:00:00Z 114 54 38 84 88 132 53 102
2013-09-09T05:00:00Z 118 68 47 74 93 116 39 98
2013-09-09T06:00:00Z 106 80 72 46 98 118 42 107
2013-09-09T07:00:00Z 99 76 80 44 101 111 45 122
2013-09-09T08:00:00Z 94 93 86 34 94 107 47 137
2013-09-09T09:00:00Z 98 88 96 32 90 119 57 143
2013-09-09T10:00:00Z 95 86 87 32 88 117 47 144
2013-09-09T11:00:00Z 80 81 76 38 89 111 53 150
2013-09-09T12:00:00Z 73 74 73 34 85 103 37 140
2013-09-09T13:00:00Z 64 62 80 27 78 79 31 137
2013-09-09T14:00:00Z 70 59 84 27 76 73 30 171
2013-09-09T15:00:00Z 75 55 80 24 75 52 28 173
2013-09-09T16:00:00Z 76 39 83 26 78 51 31 170
2013-09-09T17:00:00Z 77 44 97 34 84 70 28 142
2013-09-09T18:00:00Z 77 47 94 36 87 69 38 150
2013-09-09T19:00:00Z 83 41 96 52 89 79 44 116
2013-09-09T20:00:00Z 93 58 97 56 93 81 50 109
2013-09-09T21:00:00Z 110 84 108 53 94 80 85 104
2013-09-09T22:00:00Z 98 85 114 67 98 90 28 97
2013-09-09T23:00:00Z 98 68 100 69 98 104 26 111
2013-09-10T00:00:00Z 110 75 110 57 105 103 31 117
2013-09-10T01:00:00Z 107 77 121 61 115 92 34 122
2013-09-10T02:00:00Z 106 86 158 65 123 93 33 130
2013-09-10T03:00:00Z 108 68 170 63 125 98 35 137
2013-09-10T04:00:00Z 110 74 168 80 123 107 37 141
2013-09-10T05:00:00Z 108 72 171 78 126 131 37 125
2013-09-10T06:00:00Z 112 77 164 93 137 126 31 129
2013-09-10T07:00:00Z 115 80 164 87 150 149 29 132
2013-09-10T08:00:00Z 121 64 180 65 157 149 27 122
2013-09-10T09:00:00Z 123 78 195 86 140 139 18 117
2013-09-10T10:00:00Z 117 86 191 75 120 124 11 120
2013-09-10T11:00:00Z 95 75 203 63 111 121 6 122
2013-09-10T12:00:00Z 69 25 190 43 93 115 9 113
2013-09-10T13:00:00Z 44 15 136 39 84 97 6 108
2013-09-10T14:00:00Z 32 9 109 34 74 82 4 92
2013-09-10T15:00:00Z 18 10 102 26 55 54 3 98
2013-09-10T16:00:00Z 9 31 110 25 48 42 3 102
2013-09-10T17:00:00Z -1 -1 -1 -1 -1 -1 -1 -1
2013-09-10T18:00:00Z 12 9 111 41 37 24 8 108
2013-09-10T19:00:00Z 19 16 140 38 40 52 6 110
2013-09-10T20:00:00Z 36 18 171 53 53 63 17 116
2013-09-10T21:00:00Z 47 33 148 78 70 66 46 125
2013-09-10T22:00:00Z 60 31 151 71 78 76 58 110
2013-09-10T23:00:00Z -1 -1 -1 -1 -1 -1 -1 -1
2013-09-11T00:00:00Z 88 30 164 82 87 192 30 79
2013-09-11T01:00:00Z 80 27 155 90 99 215 23 69
2013-09-11T02:00:00Z 77 21 166 97 97 201 23 67
2013-09-11T03:00:00Z 75 19 144 91 100 210 51 72
2013-09-11T04:00:00Z 83 17 124 99 104 239 17 76
2013-09-11T05:00:00Z 78 18 122 83 116 208 16 70
2013-09-11T06:00:00Z 81 19 134 93 118 199 15 58
2013-09-11T07:00:00Z 92 16 159 99 128 221 19 60
2013-09-11T08:00:00Z 102 21 161 93 133 189 19 52
2013-09-11T09:00:00Z 111 26 162 72 138 221 13 53
2013-09-11T10:00:00Z 127 18 163 77 126 169 8 40
2013-09-21T00:00:00Z 98 24 92 36 83 63 31 48
2013-09-21T01:00:00Z 104 20 79 36 83 75 29 37
2013-09-21T02:00:00Z 86 18 70 43 86 68 30 49
2013-09-21T03:00:00Z 70 19 75 48 86 96 31 40
2013-09-21T04:00:00Z 76 19 100 58 88 145 29 33
2013-09-21T05:00:00Z 74 18 98 68 89 199 30 33
2013-09-21T06:00:00Z 72 17 82 59 94 203 25 42
2013-09-21T07:00:00Z 69 21 49 60 97 177 22 46
2013-09-21T08:00:00Z 80 18 47 81 108 183 21 37
2013-09-21T09:00:00Z 84 18 49 76 111 192 22 36
2013-09-21T10:00:00Z 76 18 58 54 92 192 21 40
2013-09-21T11:00:00Z 72 15 56 37 67 121 20 31
2013-09-21T12:00:00Z 69 12 43 35 52 120 15 28
2013-09-21T13:00:00Z 64 11 52 28 40 62 16 27
2013-09-21T14:00:00Z 65 11 40 27 34 53 14 23
2013-09-21T15:00:00Z -1 -1 -1 -1 -1 -1 -1 -1
2013-09-21T16:00:00Z 74 12 29 20 29 49 18 21
2013-09-21T17:00:00Z 65 17 29 28 29 38 16 26
2013-09-21T18:00:00Z 52 19 -1 29 -1 29 19 35
2013-09-21T19:00:00Z 51 26 33 37 35 33 46 59
2013-09-21T20:00:00Z 52 46 33 44 38 34 27 83
2013-09-21T21:00:00Z 45 54 35 39 42 41 30 88
2013-09-21T22:00:00Z 44 56 42 45 53 51 37 90
2013-09-21T23:00:00Z 45 58 44 44 56 50 33 85
2013-09-22T00:00:00Z 46 56 48 49 49 51 33 62
2013-09-22T01:00:00Z 48 51 50 44 52 75 47 67
2013-09-22T02:00:00Z 45 49 53 47 57 150 34 51
2013-09-22T03:00:00Z 40 49 54 47 54 248 33 50
2013-09-22T04:00:00Z 41 48 62 39 56 189 40 45
2013-09-22T05:00:00Z 45 47 51 37 53 173 31 43
2013-09-22T06:00:00Z 49 44 59 33 52 148 30 44
2013-09-22T07:00:00Z 47 52 68 35 55 169 31 49
2013-09-22T08:00:00Z 48 45 61 31 57 229 33 51
2013-09-22T09:00:00Z 51 54 73 36 60 231 33 61
2013-09-22T10:00:00Z 53 54 74 35 60 189 38 60
2013-09-22T11:00:00Z 55 52 63 36 63 181 34 71
2013-09-22T12:00:00Z 50 56 62 35 54 166 27 85
2013-09-22T13:00:00Z 47 56 60 33 62 151 20 75
2013-09-22T14:00:00Z 51 43 62 29 59 109 22 56
2013-09-22T15:00:00Z 63 43 64 30 50 102 25 67
2013-09-22T16:00:00Z 61 44 77 31 48 75 48 47
2013-09-22T17:00:00Z 66 48 67 40 47 59 26 43
2013-09-22T18:00:00Z 73 38 73 51 49 60 28 46
2013-09-22T19:00:00Z 85 50 78 55 56 71 35 63
2013-09-22T20:00:00Z 89 57 75 50 62 96 38 56
2013-09-22T21:00:00Z 94 55 77 57 66 105 47 45
2013-09-22T22:00:00Z 86 50 79 53 66 102 51 39
2013-09-22T23:00:00Z 91 48 61 60 79 101 51 43
2013-09-23T00:00:00Z 95 41 58 60 77 108 55 38
2013-09-23T01:00:00Z 93 49 60 55 84 101 54 44
2013-09-23T02:00:00Z 93 46 67 57 85 96 33 41
2013-09-23T03:00:00Z 94 49 65 48 95 85 27 41
2013-09-23T04:00:00Z 81 46 66 41 97 80 21 39
2013-09-23T05:00:00Z 67 50 77 47 90 48 45 46
2013-09-23T06:00:00Z 57 45 80 51 90 42 19 54
2013-09-23T07:00:00Z 49 39 83 54 75 43 14 58
2013-09-23T08:00:00Z 24 22 81 44 62 72 11 43
2013-09-23T09:00:00Z 15 16 107 36 37 100 15 34
2013-09-23T10:00:00Z 10 12 108 35 21 53 14 29
2013-09-23T11:00:00Z 9 10 70 25 14 38 8 27
2013-09-23T12:00:00Z 10 11 38 20 10 29 10 21
2013-09-23T13:00:00Z 7 10 31 21 9 23 9 13
2013-09-23T14:00:00Z 5 8 25 18 8 21 6 14
2013-09-23T15:00:00Z 5 7 23 15 8 17 7 14
2013-09-23T16:00:00Z 6 8 22 22 8 19 8 14
2013-09-23T17:00:00Z 5 8 17 17 10 17 8 12
2013-09-23T18:00:00Z 5 10 20 11 10 21 6 15
2013-09-23T19:00:00Z 11 9 19 12 12 22 6 14
2013-09-23T20:00:00Z 14 14 27 16 11 22 9 13
2013-09-23T21:00:00Z 16 17 32 18 13 27 18 16
2013-09-23T22:00:00Z 20 21 34 18 17 33 26 17
2013-09-23T23:00:00Z 20 23 37 18 20 32 16 14
2013-09-24T00:00:00Z 26 29 38 23 19 33 18 18
2013-09-24T01:00:00Z 25 51 38 30 21 32 20 14
2013-09-24T02:00:00Z 23 16 38 30 27 38 15 11
2013-09-24T03:00:00Z 23 16 35 28 29 45 13 8
2013-09-24T04:00:00Z 24 17 37 26 28 48 14 13
2013-09-24T05:00:00Z 19 11 40 27 26 48 15 12
2013-09-24T06:00:00Z 12 12 39 28 22 43 14 7
2013-09-24T07:00:00Z 13 14 39 30 25 45 14 12
2013-09-24T08:00:00Z 11 16 46 30 24 45 11 8
2013-09-24T09:00:00Z 8 20 44 31 26 45 6 8
2013-09-24T10:00:00Z 8 14 54 19 24 33 6 5
2013-09-24T11:00:00Z 7 12 46 15 15 20 5 7
2013-09-24T12:00:00Z 6 9 43 17 10 13 5 5
2013-09-24T13:00:00Z 7 6 31 14 12 11 4 10
2013-09-24T14:00:00Z 6 4 24 11 12 8 3 10
2013-09-24T15:00:00Z 4 4 27 8 14 10 4 7
2013-09-24T16:00:00Z 4 5 26 11 11 16 4 7
2013-09-24T17:00:00Z 5 5 23 13 10 24 3 8
2013-09-24T18:00:00Z 7 4 27 16 9 16 4 9
2013-09-24T19:00:00Z 9 5 31 25 13 10 9 11
2013-09-24T20:00:00Z 24 11 36 30 25 23 15 18
2013-09-24T21:00:00Z 45 24 44 34 38 43 23 28
2013-09-24T22:00:00Z 43 63 47 39 41 46 25 45
2013-09-24T23:00:00Z 32 11 46 38 45 31 28 62
2013-09-25T00:00:00Z 29 13 49 34 48 39 35 41
2013-09-25T01:00:00Z 27 15 53 35 57 39 31 34
2013-09-25T02:00:00Z 27 15 78 32 44 41 25 34
2013-09-25T03:00:00Z 24 15 63 38 37 45 20 19
2013-09-25T04:00:00Z 28 14 54 41 29 50 23 23
2013-09-25T05:00:00Z 23 14 54 36 24 50 23 24
2013-09-25T06:00:00Z 17 14 57 48 22 49 20 17
2013-09-25T07:00:00Z 18 21 55 47 22 37 17 21
2013-09-25T08:00:00Z 22 26 54 55 27 31 23 24
2013-09-25T09:00:00Z 28 19 49 53 25 23 23 27
2013-09-25T10:00:00Z 26 13 40 47 20 25 17 26
2013-09-25T11:00:00Z 18 10 30 32 14 22 14 23
2013-09-25T12:00:00Z 12 8 26 16 10 13 12 14
2013-09-25T13:00:00Z 10 8 18 8 12 180 8 9
2013-09-25T14:00:00Z 8 5 12 6 14 77 5 10
2013-09-25T15:00:00Z 4 6 7 6 14 4 5 10
2013-09-25T16:00:00Z 5 6 4 6 14 4 3 16
2013-09-25T17:00:00Z 6 6 4 15 17 7 4 13
2013-09-25T18:00:00Z 6 6 7 18 18 9 6 10
2013-09-25T19:00:00Z 12 8 16 17 20 14 6 15
2013-09-25T20:00:00Z 17 17 26 24 26 14 14 21
2013-09-25T21:00:00Z 19 23 32 37 29 22 18 23
2013-09-25T22:00:00Z 17 30 40 41 31 22 48 27
2013-09-25T23:00:00Z 20 30 45 49 33 22 25 38
2013-10-13T00:00:00Z 89 29 140 103 28 31 26 25
2013-10-13T01:00:00Z 100 35 125 109 28 43 33 17
2013-10-13T02:00:00Z 87 36 124 100 30 44 42 16
2013-10-13T03:00:00Z 67 41 116 86 34 49 88 11
2013-10-13T04:00:00Z 39 49 113 74 37 48 58 16
2013-10-13T05:00:00Z 22 53 106 66 36 35 55 16
2013-10-13T06:00:00Z 22 52 104 54 38 29 69 11
2013-10-13T07:00:00Z 26 46 95 49 38 28 70 23
2013-10-13T08:00:00Z 22 36 79 41 37 30 73 13
2013-10-13T09:00:00Z 22 31 89 42 39 28 52 10
2013-10-13T10:00:00Z 20 29 68 46 38 28 51 20
2013-10-13T11:00:00Z 22 30 58 42 39 31 42 21
2013-10-13T12:00:00Z 21 22 60 43 36 31 23 15
2013-10-13T13:00:00Z 22 20 58 39 39 28 28 13
2013-10-13T14:00:00Z 25 16 53 41 40 29 29 9
2013-10-13T15:00:00Z 26 14 64 40 39 32 29 23
2013-10-13T16:00:00Z 32 17 64 48 41 32 77 15
2013-10-13T17:00:00Z 30 19 70 46 38 40 49 21
2013-10-13T18:00:00Z 29 25 71 52 39 55 55 23
2013-10-13T19:00:00Z 34 22 77 67 40 71 75 23
2013-10-13T20:00:00Z 41 28 84 68 40 76 90 20
2013-10-13T21:00:00Z 40 30 76 57 41 74 88 19
2013-10-13T22:00:00Z 38 33 74 55 41 71 63 14
2013-10-13T23:00:00Z 38 31 86 52 47 54 24 20
2013-10-14T00:00:00Z 44 25 85 62 45 47 17 28
2013-10-14T01:00:00Z 55 27 93 62 45 46 12 22
2013-10-14T02:00:00Z 59 29 97 57 42 55 11 19
2013-10-14T03:00:00Z 64 28 104 57 43 64 14 28
2013-10-14T04:00:00Z 59 30 109 61 46 66 12 42
2013-10-14T05:00:00Z 61 28 97 58 48 78 12 45
2013-10-14T06:00:00Z 62 28 98 59 48 72 15 43
2013-10-14T07:00:00Z 66 26 96 68 48 85 18 37
2013-10-14T08:00:00Z 65 24 95 72 51 95 20 38
2013-10-14T09:00:00Z 66 24 72 75 52 75 20 35
2013-10-14T10:00:00Z -1 -1 -1 -1 -1 -1 -1 -1
2013-10-14T11:00:00Z 15 11 57 95 48 29 12 31
2013-10-14T12:00:00Z 13 11 54 102 24 22 13 19
2013-10-14T13:00:00Z 11 12 65 93 20 23 14 16
2013-10-14T14:00:00Z 12 9 70 45 21 20 45 11
2013-10-14T15:00:00Z 14 8 86 43 21 23 8 8
2013-10-14T16:00:00Z 11 9 77 42 22 22 7 12
2013-10-14T17:00:00Z 12 8 49 33 20 33 5 10
2013-10-14T18:00:00Z 13 7 46 27 23 36 8 9
2013-10-14T19:00:00Z 24 8 42 30 30 36 12 12
2013-10-14T20:00:00Z 45 13 45 38 34 40 14 21
2013-10-14T21:00:00Z 47 20 42 40 37 40 18 28
2013-10-14T22:00:00Z 37 21 46 40 36 51 48 21
2013-10-14T23:00:00Z 38 25 37 40 31 43 18 14
2013-11-11T00:00:00Z 47 23 99 108 73 68 27 46
2013-11-11T01:00:00Z 53 26 103 119 73 82 25 34
2013-11-11T02:00:00Z 58 23 113 97 69 86 25 24
2013-11-11T03:00:00Z 49 27 101 97 56 58 26 27
2013-11-11T04:00:00Z 41 27 101 91 51 47 23 29
2013-11-11T05:00:00Z 30 29 78 91 59 40 30 31
2013-11-11T06:00:00Z 24 26 91 92 68 57 27 34
2013-11-11T07:00:00Z 21 29 89 94 67 75 27 40
2013-11-11T08:00:00Z 24 31 91 104 67 63 33 39
2013-11-11T09:00:00Z 31 39 100 120 75 89 37 35
2013-11-11T10:00:00Z 29 35 97 103 64 65 38 31
2013-11-11T11:00:00Z 18 27 79 93 40 50 31 26
2013-11-11T12:00:00Z 13 19 45 39 29 44 22 19
2013-11-11T13:00:00Z 11 12 33 34 20 35 15 20
2013-11-11T14:00:00Z 13 8 24 34 22 24 21 19
2013-11-11T15:00:00Z 14 6 23 36 23 17 16 19
2013-11-11T16:00:00Z 20 7 30 -1 25 -1 8 12
2013-11-11T17:00:00Z 24 9 37 38 28 31 12 18
2013-11-11T18:00:00Z -1 -1 -1 -1 -1 -1 -1 -1
2013-11-11T19:00:00Z 48 27 54 64 44 60 16 26
2013-11-11T20:00:00Z 57 39 52 69 57 71 22 37
2013-11-11T21:00:00Z 62 57 60 70 66 54 25 42
2013-11-11T22:00:00Z 62 60 70 90 74 63 47 72
2013-11-11T23:00:00Z 65 56 83 117 76 78 38 60
2013-11-18T00:00:00Z 11 21 51 34 14 28 13 19
2013-11-18T01:00:00Z 11 19 86 37 15 23 19 15
2013-11-18T02:00:00Z 13 22 73 49 17 17 17 17
2013-11-18T03:00:00Z 18 27 71 60 22 18 19 18
2013-11-18T04:00:00Z 17 15 70 59 25 21 18 15
2013-11-18T05:00:00Z 18 18 76 73 25 16 18 15
2013-11-18T06:00:00Z 14 21 72 76 25 15 23 17
2013-11-18T07:00:00Z 19 29 74 85 18 14 27 21
2013-11-18T08:00:00Z 13 17 73 96 16 20 39 26
2013-11-18T09:00:00Z 9 13 82 110 16 22 57 28
2013-11-18T10:00:00Z 11 11 102 103 16 28 36 21
2013-11-18T11:00:00Z 11 13 121 76 14 21 27 17
2013-11-18T12:00:00Z 8 9 104 43 14 15 17 14
2013-11-18T13:00:00Z 6 6 56 35 12 10 10 22
2013-11-18T14:00:00Z 6 6 50 32 14 11 7 8
2013-11-18T15:00:00Z 6 10 39 31 15 9 9 8
2013-11-18T16:00:00Z 7 10 44 34 16 9 6 9
2013-11-18T17:00:00Z 10 24 50 37 17 12 11 15
2013-11-18T18:00:00Z 17 72 59 42 19 22 14 17
2013-11-18T19:00:00Z 30 9 69 69 23 30 17 18
2013-11-28T00:00:00Z 13 10 67 27 49 18 23 14
2013-11-28T01:00:00Z 10 8 80 24 24 19 15 14
2013-11-28T02:00:00Z 9 15 81 26 11 17 16 12
2013-11-28T03:00:00Z 11 21 85 19 38 19 47 15
2013-11-28T04:00:00Z 11 14 53 24 102 20 16 14
2013-11-28T05:00:00Z 10 13 38 23 35 17 45 17
2013-11-28T06:00:00Z 9 15 36 31 53 18 36 19
2013-11-28T07:00:00Z 7 15 32 26 68 17 37 20
2013-11-28T08:00:00Z 12 12 30 48 64 20 77 23
2013-11-28T09:00:00Z 14 13 26 42 67 25 41 24
2013-11-28T10:00:00Z 18 10 24 44 109 31 39 22
2013-11-28T11:00:00Z 19 8 27 37 21 27 24 21
2013-11-28T12:00:00Z 18 6 18 46 16 20 12 17
2013-11-28T13:00:00Z 13 4 16 28 18 17 6 17
2013-11-28T14:00:00Z 14 5 13 32 16 13 5 13
2013-11-28T15:00:00Z 19 5 14 13 17 12 5 17
2013-11-28T16:00:00Z 18 5 14 55 21 12 7 14
2013-11-28T17:00:00Z 20 7 14 30 23 16 4 15
2013-11-28T18:00:00Z 26 9 21 25 30 27 9 20
2013-11-28T19:00:00Z 44 8 28 64 49 41 22 22
2013-11-28T20:00:00Z 53 16 43 109 56 52 40 27
2013-11-28T21:00:00Z 73 17 63 153 56 74 29 32
2013-11-28T22:00:00Z 74 19 56 130 66 82 54 32
2013-11-28T23:00:00Z 69 22 44 118 67 88 61 31
2013-11-29T00:00:00Z 80 18 47 92 91 77 65 35
2013-11-29T01:00:00Z 83 20 47 107 100 68 52 38
2013-11-29T02:00:00Z 97 20 40 103 96 75 51 42
2013-11-29T03:00:00Z 104 21 38 98 93 82 55 43
2013-11-29T04:00:00Z 104 22 36 91 87 74 19 42
2013-11-29T05:00:00Z 105 22 34 84 87 78 21 39
2013-11-29T06:00:00Z 102 25 37 95 90 96 23 40
2013-11-29T07:00:00Z 111 27 42 86 107 92 25 44
2013-11-29T08:00:00Z 112 27 40 142 131 92 30 49
2013-11-29T09:00:00Z 138 39 48 156 154 99 34 65
2013-11-29T10:00:00Z 168 50 46 188 191 87 32 70
2013-11-29T11:00:00Z 165 47 38 198 194 83 34 47
2013-11-29T12:00:00Z 137 40 37 128 148 69 28 39
2013-11-29T13:00:00Z 101 28 34 64 106 51 21 31
2013-11-29T14:00:00Z 76 20 33 47 75 31 17 31
2013-11-29T15:00:00Z 63 15 40 43 57 21 22 36
2013-11-29T16:00:00Z 48 14 44 25 52 26 19 38
2013-11-29T17:00:00Z 38 11 50 23 56 61 38 47
2013-11-29T18:00:00Z 42 17 71 29 67 142 40 40
2013-11-29T19:00:00Z 64 29 124 40 81 164 62 42
2013-11-29T20:00:00Z 85 30 131 46 99 158 -1 52
2013-11-29T21:00:00Z 96 55 125 42 113 133 -1 65
2013-11-29T22:00:00Z 89 60 128 59 118 112 -1 70
2013-11-29T23:00:00Z 85 73 140 97 123 113 75 81
2013-12-28T00:00:00Z 77 47 118 232 84 62 55 74
2013-12-28T01:00:00Z 75 48 119 235 110 76 46 71
2013-12-28T02:00:00Z 55 42 106 209 97 70 35 53
2013-12-28T03:00:00Z 67 42 94 146 72 58 38 43
2013-12-28T04:00:00Z 93 37 81 70 53 60 30 42
2013-12-28T05:00:00Z 21 33 66 39 51 56 26 36
2013-12-28T06:00:00Z 19 29 61 36 41 67 30 33
2013-12-28T07:00:00Z 15 28 58 41 30 87 27 36
2013-12-28T08:00:00Z 20 28 54 38 21 91 26 41
2013-12-28T09:00:00Z 63 43 56 50 18 63 30 54
2013-12-28T10:00:00Z 23 67 62 94 21 63 33 61
2013-12-28T11:00:00Z 17 27 52 107 21 58 33 56
2013-12-28T12:00:00Z 16 18 45 44 19 38 21 41
2013-12-28T13:00:00Z 12 13 38 19 18 32 14 33
2013-12-28T14:00:00Z 13 11 29 10 18 23 11 28
2013-12-28T15:00:00Z 11 9 24 15 18 19 8 21
2013-12-28T16:00:00Z 12 8 21 12 17 17 10 19
2013-12-28T17:00:00Z 11 10 24 19 17 16 11 19
2013-12-28T18:00:00Z 20 11 38 33 23 22 13 17
2013-12-28T19:00:00Z 35 16 56 58 30 41 60 24
2013-12-28T20:00:00Z -1 38 90 67 44 48 61 27
2013-12-28T21:00:00Z 62 42 85 81 63 54 64 32
2013-12-28T22:00:00Z -1 57 116 97 72 63 43 30
2013-12-28T23:00:00Z 75 58 118 89 77 52 57 40
2013-12-29T00:00:00Z 86 56 107 65 79 51 55 46
2013-12-29T01:00:00Z 101 54 110 86 80 63 71 49
2013-12-29T02:00:00Z 109 57 60 63 88 78 57 54
2013-12-29T03:00:00Z 128 45 51 58 100 86 46 66
2013-12-29T04:00:00Z 130 44 40 48 106 83 53 66
2013-12-29T05:00:00Z 122 38 39 37 111 91 42 41
2013-12-29T06:00:00Z 136 37 36 39 113 105 41 44
2013-12-29T07:00:00Z 136 45 34 49 126 110 44 42
2013-12-29T08:00:00Z 135 45 32 48 127 113 68 44
2013-12-29T09:00:00Z 143 63 29 49 133 109 62 46
2013-12-29T10:00:00Z 128 60 29 67 138 100 64 47
2013-12-29T11:00:00Z 127 58 26 60 139 105 65 48
2013-12-29T12:00:00Z 120 54 19 57 133 83 42 49
2013-12-29T13:00:00Z 106 56 17 44 124 66 27 49
2013-12-29T14:00:00Z 68 41 17 34 93 45 17 44
2013-12-29T15:00:00Z -1 -1 -1 -1 -1 -1 -1 -1
2013-12-29T16:00:00Z 58 23 14 27 52 31 12 44
2013-12-29T17:00:00Z 62 19 20 24 53 48 31 42
2013-12-29T18:00:00Z 74 25 36 34 54 92 32 50
2013-12-29T19:00:00Z 89 47 50 73 65 119 56 55
2013-12-29T20:00:00Z 109 65 56 98 86 125 49 67
2013-12-29T21:00:00Z 187 71 54 125 94 132 72 74
2013-12-29T22:00:00Z 184 63 56 145 98 132 62 95
2013-12-29T23:00:00Z 143 82 63 134 99 134 78 99
2013-12-30T00:00:00Z 145 69 49 107 103 132 89 98
2013-12-30T01:00:00Z -1 -1 43 -1 110 -1 -1 -1
2013-12-30T02:00:00Z 96 73 38 66 119 125 82 94
2013-12-30T03:00:00Z 59 57 32 70 124 130 81 92
2013-12-30T04:00:00Z 40 55 31 93 125 132 66 78
2013-12-30T05:00:00Z 43 52 34 48 109 138 74 78
2013-12-30T06:00:00Z 51 54 37 50 108 132 59 87
2013-12-30T07:00:00Z 65 48 38 46 93 115 56 72
2013-12-30T08:00:00Z 73 63 40 45 105 102 57 94
2013-12-30T09:00:00Z 70 82 41 43 146 83 36 91
2013-12-30T10:00:00Z 83 92 44 47 163 74 43 107
2013-12-30T11:00:00Z 118 81 42 41 158 59 34 89
2013-12-30T12:00:00Z 93 62 28 38 158 48 32 47
2013-12-30T13:00:00Z -1 -1 -1 -1 -1 -1 -1 -1
2013-12-30T14:00:00Z 20 27 20 24 90 29 19 26
2013-12-30T15:00:00Z 18 14 25 17 54 24 13 23
2013-12-30T16:00:00Z 17 10 25 17 40 22 19 21
2013-12-30T17:00:00Z 19 11 28 16 33 23 27 21
2013-12-30T18:00:00Z 31 16 34 31 36 24 34 23
2013-12-30T19:00:00Z 56 32 46 81 46 39 61 37
2013-12-30T20:00:00Z 81 40 45 170 64 65 61 50
2013-12-30T21:00:00Z 94 66 52 199 81 61 53 44
2013-12-30T22:00:00Z 120 65 38 214 100 63 44 60
2013-12-30T23:00:00Z 138 56 35 118 110 51 58 53
2013-12-31T00:00:00Z 142 61 35 66 115 50 49 59
2013-12-31T01:00:00Z 143 60 43 113 107 49 45 64
2013-12-31T02:00:00Z 140 55 41 84 108 78 48 60
2013-12-31T03:00:00Z 149 48 47 77 109 103 65 62
2013-12-31T04:00:00Z 159 48 50 52 113 112 51 81
2013-12-31T05:00:00Z 182 53 45 42 110 113 56 102
2013-12-31T06:00:00Z 185 45 42 33 113 130 49 87
2013-12-31T07:00:00Z 182 56 35 37 111 129 54 105
2013-12-31T08:00:00Z 184 54 32 49 115 146 55 118
2013-12-31T09:00:00Z 194 79 32 51 133 146 46 127
2013-12-31T10:00:00Z 182 84 34 53 135 115 46 122
2013-12-31T11:00:00Z 121 65 35 69 128 62 46 127
2013-12-31T12:00:00Z 45 60 33 62 86 46 36 75
2013-12-31T13:00:00Z 27 39 27 43 69 37 23 40
2013-12-31T14:00:00Z 22 21 20 27 45 30 17 34
2013-12-31T15:00:00Z 23 14 18 17 35 23 17 27
2013-12-31T16:00:00Z 24 11 18 22 31 21 15 22
2013-12-31T17:00:00Z 28 13 24 29 35 23 17 24
2013-12-31T18:00:00Z 35 11 23 38 42 33 18 30
2013-12-31T19:00:00Z 43 14 25 56 52 34 27 40
2013-12-31T20:00:00Z 63 19 28 77 74 34 28 43
2013-12-31T21:00:00Z 86 22 30 103 85 35 37 58
2013-12-31T22:00:00Z 112 14 36 73 92 40 45 57
2013-12-31T23:00:00Z 134 18 39 71 102 42 43 63
2014-01-08T00:00:00Z 36 33 274 257 46 61 56 31
2014-01-08T01:00:00Z 34 32 274 277 45 70 46 31
2014-01-08T02:00:00Z 30 35 272 232 47 72 33 31
2014-01-08T03:00:00Z 26 28 306 177 48 56 29 25
2014-01-08T04:00:00Z 25 33 364 164 50 44 31 18
2014-01-08T05:00:00Z 21 35 387 150 54 44 28 18
2014-01-08T06:00:00Z 23 24 382 89 54 75 31 19
2014-01-08T07:00:00Z 19 28 323 56 40 59 39 22
2014-01-08T08:00:00Z 15 26 271 48 29 83 38 25
2014-01-08T09:00:00Z 20 31 196 46 29 89 44 27
2014-01-08T10:00:00Z 24 30 119 50 33 47 43 19
2014-01-08T11:00:00Z 25 20 94 50 32 39 33 21
2014-01-08T12:00:00Z 23 15 78 44 22 35 25 24
2014-01-08T13:00:00Z 15 11 74 40 30 22 16 22
2014-01-08T14:00:00Z 16 13 60 36 28 20 12 21
2014-01-08T15:00:00Z 15 15 46 34 18 16 11 20
2014-01-08T16:00:00Z 18 14 54 38 18 15 13 15
2014-01-08T17:00:00Z 16 13 57 37 18 19 15 16
2014-01-08T18:00:00Z 20 16 57 46 18 22 23 21
2014-01-08T19:00:00Z 28 23 65 63 26 28 32 31
2014-01-08T20:00:00Z 32 28 89 81 32 33 49 29
2014-01-09T19:00:00Z 43 28 91 116 36 24 27 19
2014-01-09T20:00:00Z 57 37 132 144 41 40 74 21
2014-01-09T21:00:00Z 59 49 165 168 46 63 83 28
2014-01-09T22:00:00Z 64 70 176 175 60 57 64 34
2014-01-09T23:00:00Z 81 61 198 173 74 60 60 40
2014-02-09T18:00:00Z 14 11 32 23 11 16 11 16
2014-02-09T19:00:00Z 14 16 31 35 13 24 13 17
2014-02-09T20:00:00Z 22 26 29 51 16 33 21 20
2014-02-09T21:00:00Z 33 24 29 67 20 40 29 21
2014-02-09T22:00:00Z 38 21 30 71 26 50 33 23
2014-02-09T23:00:00Z 48 22 32 87 37 64 34 21
2014-03-20T00:00:00Z 25 15 76 53 116 97 16 24
2014-03-20T01:00:00Z 19 17 41 36 79 92 16 25
2014-03-20T02:00:00Z 13 17 30 30 36 47 18 24
2014-03-20T03:00:00Z 14 18 29 31 21 34 22 23
2014-03-20T04:00:00Z 12 18 32 22 17 30 18 19
2014-03-20T05:00:00Z 10 21 28 26 19 26 26 18
2014-03-20T06:00:00Z 9 23 25 34 23 23 26 17
2014-03-20T07:00:00Z 13 21 25 44 33 21 30 21
2014-03-20T08:00:00Z 15 28 24 59 41 22 32 17
2014-03-20T09:00:00Z 20 32 27 54 40 24 27 16
2014-03-20T10:00:00Z 15 22 27 39 36 17 23 16
2014-03-20T11:00:00Z 11 15 22 19 27 17 15 18
2014-03-20T12:00:00Z 14 10 16 14 19 16 10 18
2014-03-20T13:00:00Z 12 12 14 13 19 12 7 19
2014-03-20T14:00:00Z 13 9 18 9 19 14 7 20
2014-03-20T15:00:00Z 15 6 9 9 23 12 5 23
2014-03-20T16:00:00Z 13 7 9 11 22 12 4 22
2014-03-20T17:00:00Z 12 8 10 13 26 14 4 25
2014-03-20T18:00:00Z 15 12 12 11 28 12 4 29
2014-03-20T19:00:00Z 15 15 21 18 33 13 7 25
2014-03-20T20:00:00Z 26 24 33 33 38 23 12 19
2014-03-20T21:00:00Z 29 29 41 38 48 43 19 27
2014-03-20T22:00:00Z 34 30 51 38 66 56 12 36
2014-03-20T23:00:00Z 43 36 49 48 71 59 25 55
2014-04-28T00:00:00Z 36 33 83 61 60 61 25 25
2014-04-28T01:00:00Z 41 34 95 61 59 65 8 28
2014-04-28T02:00:00Z 54 34 101 70 63 108 24 27
2014-04-28T03:00:00Z 57 33 88 66 66 88 24 27
2014-04-28T04:00:00Z 60 34 96 65 67 91 16 31
2014-04-28T05:00:00Z 63 26 106 68 74 87 16 28
2014-04-28T06:00:00Z 66 22 111 86 74 82 18 32
2014-04-28T07:00:00Z 69 28 104 88 73 93 16 31
2014-04-28T08:00:00Z 68 29 116 98 73 91 13 40
2014-04-28T09:00:00Z 60 27 106 108 63 118 10 33
2014-04-28T10:00:00Z 62 23 92 64 53 110 8 19
2014-04-28T11:00:00Z 81 14 94 52 48 68 11 16
2014-04-28T12:00:00Z 65 12 98 46 50 46 10 17
2014-04-28T13:00:00Z 58 14 111 49 44 35 8 19
2014-04-28T14:00:00Z 47 10 77 59 37 29 7 18
2014-04-28T15:00:00Z 47 12 65 57 39 27 10 15
2014-04-28T16:00:00Z 46 12 46 51 41 35 7 16
2014-04-28T17:00:00Z 43 12 48 55 43 44 8 21
2014-04-28T18:00:00Z 42 12 48 61 45 58 10 20
2014-04-28T19:00:00Z 42 15 50 67 48 50 15 21
2014-04-28T20:00:00Z 42 19 55 70 48 45 17 25
2014-04-28T21:00:00Z 53 27 58 87 48 40 28 26
2014-04-28T22:00:00Z 59 39 74 81 51 32 36 44
2014-04-28T23:00:00Z 65 29 72 80 56 33 33 48
2014-05-04T00:00:00Z 58 24 38 42 37 33 13 33
2014-05-04T01:00:00Z 58 22 37 36 36 37 10 26
2014-05-04T02:00:00Z 38 20 31 30 36 33 12 26
2014-05-04T03:00:00Z 32 17 26 25 31 28 15 24
2014-05-04T04:00:00Z 40 18 26 25 34 24 14 23
2014-05-04T05:00:00Z 32 21 23 29 28 29 15 18
2014-05-04T06:00:00Z 32 28 22 34 27 29 17 17
2014-05-04T07:00:00Z 36 31 26 40 30 32 17 14
2014-05-04T08:00:00Z 39 29 27 44 32 36 14 17
2014-05-04T09:00:00Z 39 19 25 36 34 37 11 20
2014-05-04T10:00:00Z 34 14 22 28 33 38 9 20
2014-05-04T11:00:00Z 26 15 23 22 31 36 8 19
2014-05-04T12:00:00Z 27 14 20 23 28 30 11 13
2014-05-04T13:00:00Z 28 13 17 15 32 26 9 15
2014-05-04T14:00:00Z 20 11 22 11 31 25 5 17
2014-05-04T15:00:00Z 24 11 20 13 24 35 7 22
2014-05-04T16:00:00Z 20 14 17 14 26 30 7 18
2014-05-04T17:00:00Z 23 11 18 15 29 21 5 20
2014-05-04T18:00:00Z 15 12 23 17 24 24 6 16
2014-05-04T19:00:00Z 13 13 22 18 21 27 7 27
2014-05-04T20:00:00Z 28 19 25 28 19 33 8 20
2014-05-04T21:00:00Z 20 21 27 33 21 34 7 18
2014-05-04T22:00:00Z 23 19 27 32 27 36 9 19
2014-05-04T23:00:00Z 36 18 38 55 33 35 14 22
2014-05-05T00:00:00Z 42 20 40 54 41 53 15 24
2014-05-05T01:00:00Z 40 19 52 42 45 57 18 19
2014-05-05T02:00:00Z 33 17 44 53 49 50 13 16
2014-05-05T03:00:00Z 35 13 44 49 60 43 17 25
2014-05-05T04:00:00Z 35 18 37 66 60 44 17 26
2014-05-05T05:00:00Z 40 16 42 58 51 42 18 29
2014-05-05T06:00:00Z 43 13 42 58 59 30 19 33
2014-05-05T07:00:00Z 33 19 35 56 53 23 19 27
2014-05-05T08:00:00Z 34 19 35 46 35 23 16 18
2014-05-05T09:00:00Z 20 15 39 32 26 18 13 16
2014-05-05T10:00:00Z 17 14 31 22 23 20 12 16
2014-05-05T11:00:00Z 10 12 31 15 20 17 10 17
2014-05-05T12:00:00Z 14 11 25 9 17 17 11 13
2014-05-05T13:00:00Z 14 14 17 12 19 21 8 16
2014-05-05T14:00:00Z -1 -1 -1 -1 -1 -1 -1 -1
2014-05-05T15:00:00Z 16 11 17 12 20 15 6 13
2014-05-05T16:00:00Z 16 11 16 24 23 18 5 16
2014-05-05T17:00:00Z 17 9 21 15 22 18 4 14
2014-05-05T18:00:00Z 19 10 24 24 28 16 5 15
2014-05-05T19:00:00Z 15 13 25 24 29 20 9 18
2014-05-05T20:00:00Z 20 27 25 32 32 20 13 24
2014-05-05T21:00:00Z 31 34 32 43 31 28 15 25
2014-05-05T22:00:00Z 42 26 46 49 31 40 19 29
2014-05-05T23:00:00Z 39 32 50 49 35 41 20 36
2014-05-09T00:00:00Z 84 56 70 43 50 69 39 43
2014-05-09T01:00:00Z 78 54 73 56 48 73 37 44
2014-05-09T02:00:00Z 76 58 87 68 49 88 34 51
2014-05-09T17:00:00Z 62 25 146 100 48 44 49 20
2014-05-09T18:00:00Z 40 27 147 85 57 47 123 18
2014-05-09T19:00:00Z 41 26 118 78 51 50 48 16
2014-05-09T20:00:00Z 44 30 121 64 45 59 58 16
2014-05-09T21:00:00Z 43 29 113 60 49 70 47 17
2014-05-09T22:00:00Z 44 30 112 65 48 70 47 23
2014-05-09T23:00:00Z 43 28 95 53 48 61 37 23
2014-05-10T00:00:00Z 49 31 79 43 40 51 29 23
2014-05-10T01:00:00Z 50 29 68 40 38 50 34 21
2014-05-10T02:00:00Z 51 34 59 39 38 49 31 17
2014-05-10T03:00:00Z 50 39 55 45 34 54 27 19
2014-05-10T04:00:00Z 49 28 57 53 36 57 26 24
2014-05-10T05:00:00Z 48 28 53 54 37 58 31 22
2014-05-10T06:00:00Z 56 29 56 62 37 60 36 22
2014-05-10T07:00:00Z 50 40 62 60 40 62 37 19
2014-05-10T08:00:00Z 51 39 72 55 44 64 60 19
2014-05-10T09:00:00Z 61 44 76 51 43 65 32 21
2014-05-10T10:00:00Z 60 36 76 53 42 63 38 19
2014-05-10T11:00:00Z 59 30 72 56 45 51 38 15
2014-05-10T12:00:00Z 61 24 83 51 50 41 34 11
2014-05-10T13:00:00Z 55 22 65 55 48 37 36 12
2014-05-10T14:00:00Z 51 23 73 58 48 33 43 11
2014-05-10T15:00:00Z 41 22 68 59 38 35 37 12
2014-05-10T16:00:00Z 39 25 80 63 37 37 39 12
2014-05-10T17:00:00Z 38 25 87 64 38 32 45 12
2014-05-10T18:00:00Z 38 28 88 58 36 34 45 12
2014-05-10T19:00:00Z 36 30 93 70 36 31 45 17
2014-05-10T20:00:00Z 44 36 84 81 34 37 44 18
2014-05-10T21:00:00Z 43 31 64 71 40 37 40 22
2014-05-10T22:00:00Z 36 29 61 60 36 43 41 20
2014-05-10T23:00:00Z 39 24 74 56 38 40 36 18
2014-05-11T00:00:00Z 43 23 73 52 38 38 31 26
2014-05-11T01:00:00Z 40 25 66 51 30 42 24 22
2014-05-11T02:00:00Z 42 24 60 50 30 58 25 21
2014-05-11T03:00:00Z 46 26 63 47 37 79 30 18
2014-05-11T04:00:00Z 58 26 55 45 44 72 29 25
2014-05-11T05:00:00Z 58 20 42 34 50 67 30 18
2014-05-11T06:00:00Z 56 22 40 34 42 69 27 18
2014-05-11T07:00:00Z 44 24 31 32 34 56 27 21
2014-05-11T08:00:00Z 39 16 31 33 24 40 28 20
2014-05-11T09:00:00Z 34 16 32 40 29 42 26 14
2014-05-11T10:00:00Z 30 11 27 38 26 42 22 13
2014-05-11T11:00:00Z 27 12 25 36 25 43 17 16
2014-05-11T12:00:00Z 25 11 30 34 24 42 16 14
2014-05-11T13:00:00Z 24 9 34 25 27 47 11 17
2014-05-11T14:00:00Z 20 7 29 25 26 36 10 13
2014-05-11T15:00:00Z -1 -1 -1 -1 -1 -1 -1 -1
2014-05-11T16:00:00Z 18 9 20 16 16 18 18 10
2014-05-11T17:00:00Z 17 8 21 15 20 17 15 9
2014-05-11T18:00:00Z 15 9 33 16 20 11 16 9
2014-05-11T19:00:00Z 13 9 32 17 23 16 15 12
2014-05-11T20:00:00Z 19 11 35 22 24 18 12 17
2014-05-11T21:00:00Z 19 12 33 24 26 20 13 16
2014-05-11T22:00:00Z 18 15 30 24 31 17 13 13
2014-05-11T23:00:00Z 20 14 33 24 32 19 20 12
2014-05-12T00:00:00Z 26 11 35 24 38 24 23 10
2014-05-12T01:00:00Z 29 11 44 33 42 29 20 14
2014-05-12T02:00:00Z 31 14 37 28 42 28 17 18
2014-05-12T03:00:00Z 31 14 35 33 48 30 14 23
2014-05-12T04:00:00Z 26 12 36 32 50 38 15 19
2014-05-12T05:00:00Z 25 12 33 28 51 42 17 19
2014-05-12T06:00:00Z 28 16 31 26 57 49 17 22
2014-05-12T07:00:00Z 27 20 34 31 55 56 17 25
2014-05-12T08:00:00Z 24 29 42 28 59 56 19 25
2014-05-12T09:00:00Z 20 31 36 24 58 59 18 20
2014-05-12T10:00:00Z 21 12 39 21 53 53 15 19
2014-05-12T11:00:00Z 19 12 30 23 48 51 9 30
2014-05-12T12:00:00Z 22 14 30 23 44 43 8 33
2014-05-12T13:00:00Z -1 -1 -1 -1 -1 -1 -1 -1
2014-05-12T14:00:00Z 15 15 30 29 31 25 6 17
2014-05-12T15:00:00Z 13 13 30 27 26 24 5 22
2014-05-12T16:00:00Z 21 19 31 21 29 22 5 24
2014-05-12T17:00:00Z 26 14 36 31 32 22 4 35
2014-05-12T18:00:00Z 35 20 39 35 38 22 4 25
2014-05-12T19:00:00Z 34 16 41 38 47 26 9 24
2014-05-12T20:00:00Z 51 19 40 54 51 35 10 31
2014-05-12T21:00:00Z 52 25 44 66 57 50 21 24
2014-05-12T22:00:00Z 51 30 50 65 53 51 23 21
2014-05-12T23:00:00Z 42 38 46 49 48 51 25 30
2014-06-02T14:00:00Z 26 15 41 23 32 19 8 9
2014-06-02T15:00:00Z 33 12 46 20 34 22 7 10
2014-06-02T16:00:00Z 29 15 42 21 35 27 6 12
2014-06-02T17:00:00Z -1 -1 -1 -1 -1 -1 -1 -1
2014-06-02T18:00:00Z 25 18 45 21 34 33 8 15
2014-06-02T19:00:00Z 26 21 44 28 36 40 12 14
2014-06-02T20:00:00Z 25 28 39 33 37 31 12 17
2014-06-02T21:00:00Z 34 35 39 43 39 34 19 16
2014-06-02T22:00:00Z 39 42 42 51 45 40 19 19
2014-06-02T23:00:00Z 42 47 49 67 44 40 22 18
2014-06-03T00:00:00Z 39 40 58 73 47 44 26 14
2014-06-03T01:00:00Z 40 36 71 65 42 41 25 15
2014-06-03T02:00:00Z 47 36 83 94 45 43 24 21
2014-06-03T03:00:00Z 54 38 96 77 46 52 22 25
2014-06-03T04:00:00Z 59 41 89 82 46 57 17 24
2014-06-03T05:00:00Z 61 47 86 61 65 70 17 28
2014-06-03T06:00:00Z 56 48 83 73 68 129 15 28
2014-06-03T07:00:00Z 59 45 82 49 75 128 15 25
2014-06-03T08:00:00Z 57 39 81 48 71 106 13 29
2014-06-03T09:00:00Z 51 33 76 40 66 70 12 27
2014-06-03T10:00:00Z 28 28 71 26 65 66 9 23
2014-06-03T11:00:00Z 28 23 51 22 65 70 7 24
2014-06-03T12:00:00Z 33 17 36 20 61 61 9 27
2014-06-03T13:00:00Z 41 17 32 18 62 53 6 39
2014-06-03T14:00:00Z 45 19 28 17 46 59 8 37
2014-06-03T15:00:00Z 48 22 22 19 42 57 8 30
2014-06-03T16:00:00Z 40 20 22 20 37 49 12 35
2014-06-03T17:00:00Z 39 21 23 20 30 37 14 36
2014-06-03T18:00:00Z 37 22 24 23 31 37 13 32
2014-06-03T19:00:00Z 42 29 38 26 34 47 17 32
2014-06-03T20:00:00Z 49 35 39 34 37 53 21 33
2014-06-03T21:00:00Z 60 25 57 42 39 59 17 32
2014-06-03T22:00:00Z 64 34 53 70 47 56 18 42
2014-06-03T23:00:00Z 48 36 47 70 56 64 15 37
2014-06-08T08:00:00Z 116 18 49 81 74 150 9 32
2014-06-08T09:00:00Z 102 16 52 69 74 173 8 38
2014-06-08T10:00:00Z 95 21 46 63 79 203 7 33
2014-06-08T11:00:00Z 93 17 52 42 76 164 6 31
2014-06-08T12:00:00Z 91 15 37 36 73 156 7 37
2014-06-08T13:00:00Z 97 15 31 30 87 125 15 47
2014-06-08T14:00:00Z 89 12 25 21 90 103 9 64
2014-06-08T15:00:00Z 70 9 22 17 95 81 21 65
2014-06-08T16:00:00Z 42 7 21 14 89 107 15 65
2014-06-08T17:00:00Z 26 11 21 14 76 120 15 59
2014-06-08T18:00:00Z 14 16 25 21 48 117 10 57
2014-06-08T19:00:00Z 11 18 30 38 23 8 12 53
2014-06-08T20:00:00Z 17 20 37 35 23 10 9 47
2014-06-08T21:00:00Z 15 22 48 28 26 13 12 53
2014-06-08T22:00:00Z 12 25 54 30 17 15 14 67
2014-06-08T23:00:00Z 15 30 43 26 25 28 14 64
2014-06-09T00:00:00Z 19 28 45 27 29 53 18 48
2014-06-09T01:00:00Z 30 23 43 37 33 71 19 42
2014-06-09T02:00:00Z 26 22 41 42 30 74 11 37
2014-06-09T03:00:00Z 28 25 41 48 32 58 8 31
2014-06-09T04:00:00Z 39 25 42 69 34 52 9 35
2014-06-09T05:00:00Z 34 27 47 58 40 46 9 37
2014-06-09T06:00:00Z 34 23 49 62 37 64 6 41
2014-06-09T07:00:00Z 46 24 50 56 44 86 8 44
2014-06-09T08:00:00Z 52 18 46 51 46 113 6 43
2014-06-09T09:00:00Z 47 19 47 37 64 111 8 38
2014-06-09T10:00:00Z 51 13 48 39 55 95 8 41
2014-06-09T11:00:00Z 54 22 39 29 53 66 7 28
2014-06-09T12:00:00Z 56 15 25 26 64 70 6 25
2014-06-09T13:00:00Z 63 13 16 32 62 60 6 19
2014-06-09T14:00:00Z 62 13 13 27 64 62 12 15
2014-06-09T15:00:00Z -1 -1 -1 -1 -1 -1 -1 -1
2014-06-09T16:00:00Z 44 24 10 18 60 81 6 13
2014-06-09T17:00:00Z 43 21 15 15 56 84 7 20
2014-06-09T18:00:00Z 33 13 10 20 51 86 6 24
2014-06-09T19:00:00Z 38 12 11 19 53 65 8 23
2014-06-09T20:00:00Z 42 13 18 22 59 62 15 23
2014-06-09T21:00:00Z 38 29 26 26 59 53 14 29
2014-06-09T22:00:00Z 40 22 33 35 55 38 11 31
2014-07-11T00:00:00Z 51 25 173 100 55 44 19 40
2014-07-11T01:00:00Z 67 25 181 111 58 54 29 29
2014-07-11T02:00:00Z 75 22 192 141 65 61 33 26
2014-07-11T03:00:00Z 86 22 190 157 69 76 16 29
2014-07-11T04:00:00Z 90 27 192 164 73 85 19 27
2014-07-11T05:00:00Z 97 26 173 166 81 98 17 29
2014-07-11T06:00:00Z 103 23 195 173 91 103 15 32
2014-07-11T07:00:00Z 119 17 192 171 100 115 12 32
2014-07-11T08:00:00Z 123 17 208 177 112 120 11 37
2014-07-11T09:00:00Z 117 19 142 162 127 116 8 32
2014-07-11T10:00:00Z 38 12 45 131 132 126 6 29
2014-07-11T11:00:00Z 9 8 39 92 111 82 5 22
2014-07-11T12:00:00Z 7 7 27 51 95 66 4 17
2014-07-11T13:00:00Z 8 9 20 33 72 54 4 13
2014-07-11T14:00:00Z -1 -1 -1 -1 -1 -1 -1 -1
2014-07-11T15:00:00Z 11 10 14 23 40 56 5 13
2014-07-11T16:00:00Z 6 9 11 71 36 57 5 12
2014-07-11T17:00:00Z 8 6 10 25 34 70 6 16
2014-07-11T18:00:00Z 8 6 9 25 33 152 10 17
2014-07-11T19:00:00Z 11 10 13 25 46 167 22 12
2014-07-11T20:00:00Z 11 8 23 26 69 168 19 11
2014-07-11T21:00:00Z 15 11 32 33 81 183 21 12
2014-07-11T22:00:00Z 28 14 49 47 71 211 12 13
2014-07-11T23:00:00Z -1 -1 -1 -1 -1 -1 -1 -1
2014-07-12T00:00:00Z 77 18 71 69 74 213 12 11
2014-07-12T01:00:00Z 73 19 70 68 74 195 13 11
2014-07-12T17:00:00Z -1 -1 -1 -1 -1 -1 -1 -1
2014-07-12T18:00:00Z 10 10 14 12 46 70 5 8
2014-07-12T19:00:00Z 9 11 15 12 61 67 5 12
2014-07-12T20:00:00Z 8 9 17 21 67 68 11 11
2014-07-12T21:00:00Z 17 9 22 25 71 97 15 10
2014-07-12T22:00:00Z 28 17 28 23 79 108 15 14
2014-07-12T23:00:00Z 37 21 36 36 83 95 18 21
2014-07-13T00:00:00Z 27 23 35 60 88 117 13 25
2014-07-13T01:00:00Z 30 26 36 46 104 112 15 18
2014-07-13T02:00:00Z 37 25 39 73 114 97 12 19
2014-07-13T03:00:00Z 42 18 39 59 112 98 15 22
2014-07-13T04:00:00Z 51 17 37 67 114 95 12 25
2014-07-13T05:00:00Z 47 20 35 75 106 114 10 25
2014-07-13T06:00:00Z 40 20 37 76 103 136 11 31
2014-07-13T07:00:00Z 27 29 37 63 110 159 11 32
2014-07-13T08:00:00Z 12 29 35 29 131 162 9 32
2014-07-13T09:00:00Z 6 23 35 22 119 194 8 19
2014-07-13T10:00:00Z 6 18 34 15 104 181 8 14
2014-07-13T11:00:00Z 8 14 28 13 93 161 6 16
2014-07-13T12:00:00Z 7 11 22 10 79 67 5 16
2014-07-13T13:00:00Z 7 8 18 11 54 34 4 17
2014-07-13T14:00:00Z 8 8 16 10 33 18 7 19
2014-07-13T15:00:00Z 7 8 15 7 30 13 12 18
2014-07-13T16:00:00Z 8 17 14 6 19 15 11 23
2014-07-13T17:00:00Z 4 12 14 9 20 11 11 24
2014-07-13T18:00:00Z 8 12 18 8 16 15 7 23
2014-07-13T19:00:00Z 14 17 21 12 21 21 7 14
2014-07-13T20:00:00Z 15 18 27 18 25 19 11 40
2014-07-13T21:00:00Z 26 17 29 24 32 26 12 56
2014-07-13T22:00:00Z 36 19 33 32 44 40 20 34
2014-07-13T23:00:00Z 33 19 39 34 55 72 59 39
2014-07-21T00:00:00Z 56 77 94 72 96 61 20 43
2014-07-21T01:00:00Z 64 71 96 50 93 63 19 36
2014-07-21T02:00:00Z 65 49 108 58 96 75 24 31
2014-07-21T03:00:00Z 62 71 110 52 96 81 22 25
2014-07-21T04:00:00Z 65 72 113 45 89 104 17 26
2014-07-21T05:00:00Z 74 72 120 48 92 112 15 24
2014-07-21T06:00:00Z 75 74 122 50 93 110 11 26
2014-07-21T07:00:00Z 72 34 138 59 93 96 11 27
2014-07-21T08:00:00Z 69 28 134 69 99 115 8 26
2014-07-21T09:00:00Z 51 23 131 103 91 108 7 34
2014-07-21T10:00:00Z 19 19 103 114 83 112 5 42
2014-07-21T11:00:00Z 9 21 89 75 77 120 8 48
2014-07-21T12:00:00Z 10 16 65 71 69 101 6 49
2014-07-21T13:00:00Z 13 14 51 87 40 62 6 50
2014-07-21T14:00:00Z 12 11 43 33 28 51 5 50
2014-07-21T15:00:00Z 13 10 80 19 34 34 9 37
2014-07-21T16:00:00Z 12 6 87 16 47 31 10 31
2014-07-21T17:00:00Z 7 6 41 14 44 23 9 25
2014-07-21T18:00:00Z 13 8 38 21 24 20 7 22
2014-07-21T19:00:00Z 12 12 48 22 23 22 9 30
2014-07-21T20:00:00Z 11 13 52 24 20 26 8 29
2014-07-21T21:00:00Z 12 14 40 27 27 24 8 22
2014-07-21T22:00:00Z 22 18 42 26 34 29 6 20
2014-07-21T23:00:00Z 19 16 46 34 39 30 6 16
2014-07-22T00:00:00Z 11 15 50 48 30 41 12 21
2014-07-22T01:00:00Z 7 17 55 46 28 64 9 19
2014-07-22T02:00:00Z 8 14 56 42 34 88 13 18
2014-07-22T03:00:00Z 9 13 62 54 29 91 12 19
2014-07-22T04:00:00Z 9 11 57 32 37 44 9 20
2014-07-22T05:00:00Z 11 13 45 24 42 49 9 23
2014-07-22T06:00:00Z 14 11 38 21 25 63 9 24
2014-07-22T07:00:00Z 13 11 40 26 20 69 7 25
2014-07-22T08:00:00Z 17 9 51 29 22 71 7 33
2014-07-22T09:00:00Z 26 18 52 35 23 93 7 27
2014-07-22T10:00:00Z 37 18 39 33 26 87 6 30
2014-07-22T11:00:00Z 22 16 35 27 26 88 7 30
2014-07-22T12:00:00Z 14 13 30 20 27 103 8 25
2014-07-22T13:00:00Z 12 15 22 16 36 82 8 23
2014-07-22T14:00:00Z 19 13 16 15 43 47 9 25
2014-07-22T15:00:00Z 29 11 19 13 39 37 10 21
2014-07-22T16:00:00Z 15 9 16 15 37 37 7 22
2014-07-22T17:00:00Z 19 12 15 15 38 44 7 20
2014-07-22T18:00:00Z 22 14 16 12 28 51 10 12
2014-07-22T19:00:00Z 24 15 20 21 28 66 10 14
2014-07-22T20:00:00Z 25 19 25 21 32 57 14 18
2014-07-22T21:00:00Z 33 18 20 24 32 62 27 24
2014-07-22T22:00:00Z 28 18 17 24 31 59 15 24
2014-07-22T23:00:00Z 30 20 20 25 30 62 14 28
2014-07-23T00:00:00Z 28 16 16 30 26 59 16 31
2014-07-23T01:00:00Z 15 15 14 27 24 50 12 29
2014-07-23T02:00:00Z 9 14 21 19 25 43 10 24
2014-07-23T03:00:00Z 9 17 24 21 24 33 14 21
2014-07-23T04:00:00Z 7 16 24 20 28 37 17 21
2014-07-23T05:00:00Z 7 15 20 27 26 31 18 20
2014-07-23T06:00:00Z 6 12 21 25 28 27 17 22
2014-07-23T07:00:00Z 8 15 20 25 29 26 15 26
2014-07-23T08:00:00Z 11 20 17 33 39 33 18 32
2014-07-23T09:00:00Z 11 15 22 39 41 27 14 30
2014-07-23T10:00:00Z 14 18 24 40 35 23 11 26
2014-07-23T11:00:00Z 14 19 24 34 37 26 8 24
2014-07-23T12:00:00Z 17 21 21 32 36 27 11 23
2014-07-23T13:00:00Z 18 19 15 37 34 22 10 21
2014-07-23T14:00:00Z 16 22 13 32 35 22 9 23
2014-07-23T15:00:00Z 16 18 12 27 23 21 8 19
2014-08-05T01:00:00Z 13 16 22 18 17 21 17 12
2014-08-05T02:00:00Z 14 18 25 21 17 22 18 12
2014-08-05T03:00:00Z 13 15 25 25 18 24 14 11
2014-08-05T04:00:00Z 14 12 23 27 16 27 18 12
2014-08-05T05:00:00Z 17 13 26 24 17 27 21 14
2014-08-05T06:00:00Z 14 15 30 30 18 37 21 10
2014-08-05T07:00:00Z 19 16 32 27 24 32 18 12
2014-08-05T08:00:00Z 16 12 35 27 28 32 15 17
2014-08-05T09:00:00Z 19 20 31 32 35 35 12 25
2014-08-05T10:00:00Z 19 22 22 39 34 44 10 23
2014-08-05T11:00:00Z 22 30 14 30 34 39 11 17
2014-08-05T12:00:00Z 24 39 13 38 35 43 7 17
2014-08-05T13:00:00Z -1 -1 -1 -1 -1 -1 -1 -1
2014-08-05T14:00:00Z 25 24 8 28 30 27 9 17
2014-08-05T15:00:00Z 25 21 8 34 27 29 9 15
2014-08-05T16:00:00Z 30 16 11 35 30 30 7 20
2014-08-05T17:00:00Z 31 15 13 28 29 33 9 21
2014-08-05T18:00:00Z 29 12 18 29 32 38 8 21
2014-08-05T19:00:00Z 30 18 18 28 35 40 10 34
2014-08-05T20:00:00Z 31 24 19 38 40 37 7 37
2014-08-05T21:00:00Z 34 27 23 38 48 49 7 43
2014-08-05T22:00:00Z 37 23 29 50 55 52 7 55
2014-08-05T23:00:00Z 41 21 29 57 63 46 7 76
2014-08-06T00:00:00Z 39 21 21 60 65 48 7 76
2014-08-06T01:00:00Z 46 22 15 71 65 51 11 63
2014-08-06T02:00:00Z 48 27 12 72 70 54 13 64
2014-08-06T03:00:00Z 51 22 12 77 77 62 19 64
2014-08-06T04:00:00Z 48 23 11 84 78 62 17 67
2014-08-06T05:00:00Z 55 21 10 87 79 62 17 65
2014-08-06T06:00:00Z 55 22 7 100 74 69 20 60
2014-08-06T07:00:00Z 56 21 5 111 83 79 17 45
2014-08-06T08:00:00Z 55 20 4 106 79 72 12 33
2014-08-06T09:00:00Z 57 16 3 103 72 84 12 28
2014-08-06T10:00:00Z 38 14 6 104 68 62 10 20
2014-08-06T11:00:00Z 24 11 12 40 66 66 12 14
2014-08-06T12:00:00Z 18 10 11 36 60 43 9 12
2014-08-06T13:00:00Z 14 9 10 34 46 36 6 20
2014-08-06T14:00:00Z 11 9 12 23 40 30 6 20
2014-08-06T15:00:00Z 8 9 13 22 40 33 7 30
2014-08-06T16:00:00Z 6 7 13 25 40 41 5 25
2014-08-06T17:00:00Z 9 7 15 16 48 29 7 21
2014-08-06T18:00:00Z 27 7 21 19 51 23 8 19
2014-08-06T19:00:00Z 44 12 15 18 40 24 9 19
2014-08-06T20:00:00Z 57 12 14 19 40 31 17 21
2014-08-06T21:00:00Z 69 16 12 21 40 40 17 23
2014-08-06T22:00:00Z 89 26 14 23 46 46 23 25
2014-08-06T23:00:00Z 81 23 13 25 55 46 21 25
2014-08-12T08:00:00Z 41 22 59 37 100 121 11 10
2014-08-12T09:00:00Z 32 22 47 24 93 116 9 12
2014-08-12T10:00:00Z 24 21 45 22 69 45 10 15
2014-08-12T11:00:00Z 31 14 50 25 51 29 13 15
2014-08-12T12:00:00Z 43 9 48 29 41 21 9 13
2014-08-12T13:00:00Z 40 8 50 28 35 20 6 16
2014-08-12T14:00:00Z 41 8 37 22 34 16 8 16
2014-08-12T15:00:00Z 39 5 27 16 33 11 7 13
2014-08-12T16:00:00Z 39 5 24 24 33 19 5 14
2014-08-12T17:00:00Z 33 5 17 34 29 20 9 13
2014-08-12T18:00:00Z 35 7 21 35 29 19 15 22
2014-08-12T19:00:00Z 37 12 29 29 29 25 13 17
2014-08-12T20:00:00Z 47 13 30 32 29 24 20 18
2014-08-12T21:00:00Z 47 19 40 29 27 17 19 25
2014-08-12T22:00:00Z 45 17 44 30 27 29 22 30
2014-08-12T23:00:00Z 41 22 48 43 23 40 15 28
2014-09-03T13:00:00Z 14 22 7 7 10 6 8 6
2014-09-03T14:00:00Z 8 19 7 9 11 6 7 6
2014-09-03T15:00:00Z 7 13 6 6 9 6 6 4
2014-09-03T16:00:00Z 11 12 7 13 10 5 6 7
2014-09-03T17:00:00Z 9 11 6 8 10 7 5 8
2014-09-03T18:00:00Z 13 8 5 9 11 8 5 11
2014-09-03T19:00:00Z 10 10 8 11 13 8 8 10
2014-09-03T20:00:00Z 11 16 15 13 19 7 28 12
2014-09-03T21:00:00Z 13 21 17 20 24 9 20 15
2014-09-03T22:00:00Z 16 27 18 24 24 10 18 16
2014-09-16T00:00:00Z 25 25 40 44 52 27 14 31
2014-09-16T01:00:00Z 33 31 40 45 57 28 9 30
2014-09-16T02:00:00Z 33 22 43 43 62 34 9 23
2014-09-16T03:00:00Z 34 18 40 61 70 39 7 28
2014-09-16T04:00:00Z 43 18 34 53 68 38 11 27
2014-09-16T05:00:00Z 55 22 33 52 76 40 10 21
2014-09-16T06:00:00Z 57 22 32 69 83 42 12 17
2014-09-16T07:00:00Z 70 20 29 80 88 52 10 20
2014-09-16T08:00:00Z 71 16 28 75 94 75 12 17
2014-09-16T09:00:00Z 83 20 32 73 116 85 13 15
2014-09-16T10:00:00Z 70 17 32 40 116 118 10 13
2014-09-16T11:00:00Z 64 13 39 30 104 122 8 14
2014-09-16T12:00:00Z 59 9 53 24 82 106 6 12
2014-09-16T13:00:00Z 46 9 44 35 57 99 15 14
2014-09-16T14:00:00Z 42 10 50 35 50 92 17 17
2014-09-16T15:00:00Z 42 14 55 42 47 64 18 18
2014-09-16T16:00:00Z 47 16 42 75 42 38 14 21
2014-09-16T17:00:00Z 48 19 38 75 44 44 16 24
2014-09-16T18:00:00Z 51 16 31 86 44 46 14 25
2014-09-16T19:00:00Z 65 24 23 72 50 59 16 28
2014-09-16T20:00:00Z 61 32 20 58 64 49 19 31
2014-09-16T21:00:00Z 70 32 19 45 64 47 22 41
2014-09-16T22:00:00Z 78 26 18 39 55 46 20 49
2014-09-16T23:00:00Z 72 28 16 32 47 51 23 46
2014-10-01T16:00:00Z 112 37 83 153 118 45 24 49
2014-10-01T17:00:00Z 104 32 96 154 125 56 30 48
2014-10-01T18:00:00Z 105 28 100 138 123 56 29 50
2014-10-01T19:00:00Z 89 26 102 127 115 53 25 56
2014-10-01T20:00:00Z 68 31 114 128 108 58 27 60
2014-10-01T21:00:00Z 78 39 109 112 104 58 27 71
2014-10-01T22:00:00Z 69 33 97 97 102 58 30 68
2014-10-01T23:00:00Z 56 33 99 91 102 63 32 49
2014-10-02T00:00:00Z 58 29 102 83 100 59 22 48
2014-10-02T01:00:00Z 56 23 95 84 96 59 17 42
2014-10-02T02:00:00Z 57 32 101 86 97 65 16 49
2014-10-02T03:00:00Z 62 27 93 86 100 71 15 49
2014-10-02T04:00:00Z 58 36 85 79 79 66 14 43
2014-10-02T05:00:00Z 60 37 82 71 65 61 13 40
2014-10-02T06:00:00Z 57 39 77 74 59 49 12 38
2014-10-02T07:00:00Z 56 38 78 69 61 47 13 31
2014-10-02T08:00:00Z 52 34 97 70 66 47 15 27
2014-10-02T09:00:00Z 49 34 99 92 73 49 15 29
2014-10-02T10:00:00Z 59 36 129 79 76 41 15 27
2014-10-02T11:00:00Z -1 -1 -1 -1 79 -1 -1 -1
2014-10-02T12:00:00Z 61 32 148 96 78 33 11 22
2014-10-02T13:00:00Z 58 28 167 87 72 37 10 22
2014-10-02T14:00:00Z 56 24 163 89 66 32 12 20
2014-10-02T15:00:00Z 56 31 176 89 61 28 9 19
2014-10-02T16:00:00Z 62 21 184 84 58 24 9 29
2014-10-02T17:00:00Z 61 14 182 72 54 23 15 24
2014-10-02T18:00:00Z 59 10 181 93 61 24 13 20
2014-10-02T19:00:00Z 67 14 170 92 75 30 15 24
2014-10-02T20:00:00Z 88 26 157 105 87 29 14 26
2014-10-02T21:00:00Z 108 32 149 124 96 36 18 19
2014-10-02T22:00:00Z 120 31 145 152 103 43 20 18
2014-10-02T23:00:00Z 117 25 138 160 107 46 18 28
2014-10-14T00:00:00Z 48 39 45 97 65 62 13 34
2014-10-14T01:00:00Z 48 36 46 90 65 64 11 27
2014-10-14T02:00:00Z 61 36 52 101 68 73 14 27
2014-10-14T03:00:00Z 71 35 49 86 73 64 13 27
2014-10-14T04:00:00Z 81 36 48 84 74 56 9 31
2014-10-14T05:00:00Z 87 35 46 84 82 74 10 30
2014-10-14T06:00:00Z 91 31 45 103 94 70 13 28
2014-10-14T07:00:00Z 97 42 49 116 113 97 10 25
2014-10-14T08:00:00Z 105 49 50 108 125 100 9 26
2014-10-14T09:00:00Z 106 48 57 123 129 101 11 37
2014-10-14T10:00:00Z 91 35 70 112 124 86 11 40
2014-10-14T11:00:00Z 89 28 75 105 114 85 11 32
2014-10-14T12:00:00Z 90 39 63 78 106 88 10 27
2014-10-14T13:00:00Z 63 35 58 49 89 79 11 28
2014-10-14T14:00:00Z 41 30 57 38 66 46 10 31
2014-10-14T15:00:00Z 45 34 52 34 58 37 10 42
2014-10-14T16:00:00Z 55 27 48 49 65 41 10 45
2014-10-14T17:00:00Z 57 24 42 57 50 56 9 37
2014-10-14T18:00:00Z 50 20 43 77 56 47 12 31
2014-10-14T19:00:00Z 51 27 55 79 59 68 15 41
2014-10-14T20:00:00Z 69 34 63 93 75 99 27 60
2014-10-14T21:00:00Z 83 43 79 95 86 96 30 82
2014-10-14T22:00:00Z 91 47 83 124 91 91 33 77
2014-10-14T23:00:00Z 96 46 82 157 84 88 33 73
2014-10-27T00:00:00Z 27 37 56 79 41 55 15 15
2014-10-27T01:00:00Z 32 30 51 87 35 57 14 17
2014-10-27T16:00:00Z 28 7 22 34 20 43 6 10
2014-10-27T17:00:00Z 36 8 28 33 20 41 19 12
2014-10-27T18:00:00Z 45 10 28 35 18 47 11 12
2014-10-27T19:00:00Z 57 29 31 47 18 44 16 16
2014-10-27T20:00:00Z 59 57 35 64 19 40 16 22
2014-10-27T21:00:00Z 44 43 -1 72 19 -1 18 -1
2014-10-27T22:00:00Z 32 67 40 84 20 41 17 71
2014-10-27T23:00:00Z 34 49 46 104 21 40 20 58
2014-11-03T00:00:00Z 42 30 49 86 56 57 26 19
2014-11-03T01:00:00Z 45 29 -1 42 62 -1 24 -1
2014-11-03T02:00:00Z 43 32 49 39 -1 41 24 12
2014-11-03T03:00:00Z 49 24 44 29 75 41 21 13
2014-11-03T04:00:00Z 48 25 42 33 -1 50 20 13
2014-11-03T05:00:00Z 55 26 33 30 85 47 20 21
2014-11-03T06:00:00Z 68 31 32 33 110 43 19 22
2014-11-03T07:00:00Z 76 29 -1 43 -1 -1 17 -1
2014-11-03T08:00:00Z 67 34 27 51 137 46 15 18
2014-11-03T09:00:00Z 74 37 27 46 126 68 16 22
2014-11-03T10:00:00Z 85 32 29 40 115 74 18 22
2014-11-03T11:00:00Z 68 33 21 41 95 56 12 13
2014-11-03T12:00:00Z 43 25 22 37 70 42 10 11
2014-11-03T13:00:00Z -1 -1 17 -1 32 32 -1 11
2014-11-03T14:00:00Z 16 12 -1 20 25 -1 7 -1
2014-11-03T15:00:00Z 7 11 16 17 -1 21 6 18
2014-11-03T16:00:00Z 11 8 16 19 26 19 5 19
2014-11-03T17:00:00Z 10 10 18 17 24 24 5 17
2014-11-03T18:00:00Z 15 19 24 23 28 25 9 18
2014-11-03T19:00:00Z 24 30 30 56 41 40 19 20
2014-11-03T20:00:00Z 37 48 38 68 -1 65 24 31
2014-11-03T21:00:00Z 46 43 45 67 56 83 32 49
2014-11-03T22:00:00Z 51 43 51 69 62 78 35 53
2014-11-03T23:00:00Z 55 41 58 79 66 79 29 42
