2013-06-02T14:00:00Z 146 73 158 191 121 51 17 67
2013-06-02T13:00:00Z 158 67 158 206 120 66 22 55
2013-06-02T12:00:00Z 172 49 140 188 112 84 29 57
2013-06-02T11:00:00Z 193 26 133 179 106 161 31 86
2013-06-02T10:00:00Z 189 27 143 182 104 188 30 128
2013-06-02T09:00:00Z 205 31 134 159 99 208 28 133
2013-06-02T08:00:00Z 197 37 134 117 95 218 27 72
2013-06-02T07:00:00Z 192 42 140 105 98 259 28 62
2013-06-02T06:00:00Z 203 44 149 86 111 228 20 51
2013-06-02T05:00:00Z 198 40 143 64 134 219 23 60
2013-06-02T04:00:00Z 159 30 141 71 138 264 16 80
2013-06-02T03:00:00Z 140 33 142 67 136 266 38 80
2013-06-05T20:00:00Z 123 79 180 179 69 58 40 34
2013-06-05T19:00:00Z 134 74 170 144 70 59 40 33
2013-06-05T18:00:00Z 136 72 179 132 82 70 43 28
2013-06-05T17:00:00Z 121 48 185 124 86 68 45 28
2013-06-05T16:00:00Z 112 42 174 138 82 71 42 30
2013-06-05T15:00:00Z 119 34 176 136 73 67 42 24
2013-06-05T14:00:00Z 125 31 157 123 77 56 37 26
2013-06-05T13:00:00Z 125 40 120 123 80 70 38 35
2013-06-05T12:00:00Z 110 43 117 113 67 64 40 33
2013-06-05T11:00:00Z 103 52 112 106 73 59 42 32
2013-06-05T10:00:00Z 106 54 112 114 92 66 42 30
2013-06-05T09:00:00Z 92 42 112 105 89 80 36 28
2013-06-14T07:00:00Z 84 104 116 106 86 121 50 99
2013-06-14T08:00:00Z 91 98 123 125 92 127 49 71
2013-06-14T09:00:00Z 96 89 133 123 100 104 45 82
2013-06-14T10:00:00Z 118 90 131 148 127 93 39 67
2013-06-14T11:00:00Z 140 58 125 151 149 89 43 53
2013-06-14T12:00:00Z 143 64 146 153 108 100 48 56
2013-06-14T13:00:00Z 145 62 103 119 94 109 64 55
2013-06-14T14:00:00Z 134 71 96 97 104 120 38 53
2013-06-14T15:00:00Z 124 71 72 77 96 105 51 47
2013-06-14T16:00:00Z 127 79 76 75 102 102 53 37
2013-06-15T17:00:00Z 195 74 107 162 127 102 76 58
2013-06-15T16:00:00Z 157 71 117 170 139 119 73 53
2013-06-15T15:00:00Z 152 74 148 174 151 168 84 51
2013-06-15T14:00:00Z 145 61 166 158 171 193 91 36
2013-06-15T13:00:00Z 140 57 153 172 194 171 77 25
2013-06-15T12:00:00Z 129 55 148 164 200 132 68 24
2013-06-15T11:00:00Z 124 53 140 146 184 108 75 31
2013-06-15T10:00:00Z 112 81 162 141 150 110 91 29
2013-06-15T09:00:00Z 103 73 156 163 114 157 97 35
2013-06-15T08:00:00Z 88 74 148 145 99 178 106 49
2013-06-15T07:00:00Z 70 85 152 134 86 218 116 63
2013-06-15T06:00:00Z 69 84 142 104 74 201 109 63
2013-06-26T01:00:00Z 149 33 25 72 66 33 35 34
2013-06-26T00:00:00Z 159 36 35 84 66 54 34 37
2013-06-25T23:00:00Z 135 36 32 88 52 63 40 41
2013-06-25T22:00:00Z 116 41 32 83 73 103 25 41
2013-06-25T21:00:00Z 145 89 29 85 135 84 32 44
2013-06-25T20:00:00Z 166 131 31 140 174 86 34 27
2013-06-25T19:00:00Z 196 121 88 251 175 72 30 27
2013-06-25T18:00:00Z 212 112 76 222 170 83 39 22
2013-06-25T17:00:00Z 180 111 101 226 175 76 35 24
2013-06-25T16:00:00Z 153 107 141 206 192 44 32 26
2013-06-25T15:00:00Z 119 97 195 180 230 29 32 36
2013-06-25T14:00:00Z 86 90 210 141 234 32 63 39
2013-06-28T05:00:00Z 191 27 168 171 147 133 39 26
2013-06-28T04:00:00Z 186 30 174 173 153 143 30 23
2013-06-28T03:00:00Z 212 28 186 135 147 177 33 39
2013-06-28T02:00:00Z 193 28 155 114 140 180 27 52
2013-06-28T01:00:00Z 192 28 118 112 137 208 43 76
2013-06-28T00:00:00Z 195 34 104 124 152 214 18 95
2013-06-27T23:00:00Z 218 38 77 119 161 207 20 101
2013-06-27T22:00:00Z 230 29 78 134 154 243 24 98
2013-06-27T21:00:00Z 210 26 67 122 149 161 20 121
2013-06-27T20:00:00Z 183 18 60 115 140 170 12 111
2013-06-27T19:00:00Z 185 18 59 113 139 201 8 108
2013-06-27T18:00:00Z 169 15 64 118 139 173 8 115
2013-07-18T14:00:00Z 180 64 84 71 112 113 63 44
2013-07-18T13:00:00Z 205 76 82 53 93 103 57 45
2013-07-18T12:00:00Z -1 -1 -1 -1 -1 -1 -1 -1
2013-07-18T11:00:00Z 147 82 68 109 125 127 54 56
2013-07-18T10:00:00Z 172 79 65 107 136 116 48 51
2013-07-18T09:00:00Z 159 73 69 92 141 123 46 41
2013-07-18T08:00:00Z 137 62 68 123 139 133 50 39
2013-07-18T07:00:00Z 135 80 79 139 128 120 51 37
2013-07-18T06:00:00Z 122 84 76 130 117 123 60 41
2013-07-18T05:00:00Z 123 87 63 113 118 182 58 41
2013-07-18T04:00:00Z 129 72 59 99 107 150 48 39
2013-07-18T03:00:00Z 126 57 59 90 103 139 48 33
2013-08-15T21:00:00Z 201 83 84 193 121 124 100 133
2013-08-15T20:00:00Z 204 90 120 174 111 70 88 123
2013-08-15T19:00:00Z 190 87 175 165 92 58 86 126
2013-08-15T18:00:00Z 189 72 151 143 84 97 87 125
2013-08-15T17:00:00Z 179 61 163 144 72 86 76 120
2013-08-15T16:00:00Z 143 60 174 141 87 92 80 114
2013-08-15T15:00:00Z 121 68 174 129 116 150 74 109
2013-08-15T14:00:00Z 93 60 174 91 116 165 69 118
2013-08-15T13:00:00Z 58 60 169 74 136 159 65 131
2013-08-15T12:00:00Z 51 51 154 56 147 140 81 124
2013-08-15T11:00:00Z 52 47 150 47 157 111 80 131
2013-08-15T10:00:00Z 63 44 130 47 163 133 82 136
2013-09-12T15:00:00Z 168 48 194 117 143 92 46 56
2013-09-12T14:00:00Z 169 41 165 121 131 71 47 58
2013-09-12T13:00:00Z 178 66 140 125 121 99 45 71
2013-09-12T12:00:00Z 187 59 153 128 127 113 46 84
2013-09-12T11:00:00Z 180 72 165 139 144 144 56 121
2013-09-12T10:00:00Z 160 65 157 126 156 141 55 143
2013-09-12T09:00:00Z 145 56 157 138 157 123 50 131
2013-09-12T08:00:00Z 133 62 165 139 146 112 61 137
2013-09-12T07:00:00Z 123 62 157 106 135 128 56 122
2013-09-12T06:00:00Z 129 60 167 124 128 130 57 104
2013-09-12T05:00:00Z 126 71 159 95 116 130 51 113
2013-09-12T04:00:00Z 118 66 160 111 108 98 48 93
2013-09-27T17:00:00Z 204 56 219 212 128 133 19 101
2013-09-27T16:00:00Z 207 44 209 193 143 129 12 82
2013-09-27T15:00:00Z 236 41 191 152 161 127 14 88
2013-09-27T14:00:00Z 261 31 178 137 175 159 17 113
2013-09-27T13:00:00Z 263 34 152 150 185 180 19 164
2013-09-27T12:00:00Z 263 29 165 133 190 181 27 184
2013-09-27T11:00:00Z 252 30 172 142 181 155 26 169
2013-09-27T10:00:00Z 216 30 172 164 162 164 28 156
2013-09-27T09:00:00Z 187 32 168 160 148 154 27 147
2013-09-27T08:00:00Z 174 35 137 163 146 161 27 139
2013-09-27T07:00:00Z 158 30 143 167 146 158 29 110
2013-09-27T06:00:00Z 145 38 103 160 146 140 22 99
2013-10-04T21:00:00Z 408 206 205 480 138 121 83 137
2013-10-04T20:00:00Z 399 195 204 452 126 107 75 123
2013-10-04T19:00:00Z 374 169 195 432 110 105 43 88
2013-10-04T18:00:00Z 355 149 218 418 103 123 34 82
2013-10-04T17:00:00Z 336 132 283 411 100 139 33 103
2013-10-04T16:00:00Z 300 126 344 380 101 149 43 118
2013-10-04T15:00:00Z 243 118 346 276 114 192 41 149
2013-10-04T14:00:00Z 179 116 353 197 130 237 42 187
2013-10-04T13:00:00Z 156 171 293 172 169 209 48 156
2013-10-04T12:00:00Z 145 81 317 138 185 191 42 134
2013-10-04T11:00:00Z 129 74 286 126 183 182 36 113
2013-10-04T10:00:00Z 107 75 261 117 173 207 42 104
2013-10-09T19:00:00Z 93 76 242 274 82 75 61 68
2013-10-09T18:00:00Z 89 73 234 264 76 70 61 62
2013-10-09T17:00:00Z 84 70 228 255 67 68 59 56
2013-10-09T16:00:00Z 79 66 221 228 61 67 56 52
2013-10-09T15:00:00Z 75 63 214 200 57 67 54 50
2013-10-09T14:00:00Z 72 61 208 190 53 67 51 48
2013-10-09T13:00:00Z 69 58 201 180 50 68 49 46
2013-10-09T12:00:00Z 66 56 198 170 47 67 47 44
2013-10-09T11:00:00Z 62 53 195 159 44 66 45 42
2013-10-09T10:00:00Z 59 51 193 150 41 65 45 37
2013-10-09T09:00:00Z 57 48 191 141 39 64 45 34
2013-10-09T08:00:00Z 55 46 189 134 36 64 45 31
2013-10-27T14:00:00Z 202 50 239 216 174 158 51 138
2013-10-27T13:00:00Z 201 48 225 219 168 189 40 133
2013-10-27T12:00:00Z 207 53 242 214 167 189 33 147
2013-10-27T11:00:00Z 222 49 225 201 173 198 38 159
2013-10-27T10:00:00Z 224 61 214 209 173 196 40 174
2013-10-27T09:00:00Z 206 78 210 211 170 189 39 173
2013-10-27T08:00:00Z 186 54 191 203 163 180 39 171
2013-10-27T07:00:00Z 169 52 190 202 158 165 39 154
2013-10-27T06:00:00Z -1 -1 -1 -1 -1 -1 -1 -1
2013-10-27T05:00:00Z 168 59 163 194 143 160 39 145
2013-10-27T04:00:00Z 171 55 166 207 135 168 37 144
2013-10-27T03:00:00Z 166 60 180 218 131 170 36 135
2013-10-31T12:00:00Z 170 45 218 160 131 170 41 118
2013-10-31T11:00:00Z 175 46 211 150 139 167 36 133
2013-10-31T10:00:00Z 208 56 199 160 147 172 44 152
2013-10-31T09:00:00Z 190 63 188 200 147 172 47 152
2013-10-31T08:00:00Z 180 54 176 211 140 150 42 135
2013-10-31T07:00:00Z -1 -1 -1 -1 -1 -1 -1 -1
2013-10-31T06:00:00Z 169 57 169 219 124 125 39 116
2013-10-31T05:00:00Z 173 58 197 199 114 123 34 128
2013-10-31T04:00:00Z 174 49 181 214 109 116 36 126
2013-10-31T03:00:00Z 171 55 176 224 114 115 40 124
2013-10-31T02:00:00Z 173 56 165 224 105 114 41 134
2013-10-31T01:00:00Z 163 63 159 191 95 97 45 125
2013-11-08T20:00:00Z -1 102 223 191 131 94 147 49
2013-11-08T19:00:00Z -1 91 201 174 126 92 211 43
2013-11-08T18:00:00Z -1 87 192 168 118 91 -1 39
2013-11-08T17:00:00Z -1 43 179 158 121 60 -1 36
2013-11-08T16:00:00Z -1 42 165 156 114 47 -1 39
2013-11-08T15:00:00Z -1 39 145 143 102 48 134 47
2013-11-08T14:00:00Z -1 34 134 123 92 42 111 39
2013-11-08T13:00:00Z -1 34 122 119 91 78 111 41
2013-11-08T12:00:00Z -1 30 115 129 82 152 65 69
2013-11-08T11:00:00Z -1 36 107 120 82 213 50 100
2013-11-08T10:00:00Z -1 37 109 119 78 269 49 111
2013-11-08T09:00:00Z -1 -1 -1 -1 -1 -1 -1 -1
2013-11-13T08:00:00Z 144 49 165 194 113 157 29 75
2013-11-13T09:00:00Z 148 54 173 187 121 165 50 83
2013-11-13T10:00:00Z 182 51 182 204 124 156 49 67
2013-11-13T11:00:00Z 183 48 166 238 119 158 51 40
2013-11-13T12:00:00Z 196 48 193 201 128 162 75 39
2013-11-13T13:00:00Z 204 37 209 195 134 138 71 59
2013-11-13T14:00:00Z 194 42 221 205 133 114 82 74
2013-11-13T15:00:00Z 174 48 216 220 122 109 84 68
2013-11-13T16:00:00Z 20 52 265 227 108 117 88 47
2013-11-13T17:00:00Z 117 64 330 263 100 148 92 49
2013-11-22T18:00:00Z 286 42 292 308 196 268 108 210
2013-11-22T17:00:00Z 273 28 288 262 177 210 84 161
2013-11-22T16:00:00Z 253 22 318 229 157 197 47 128
2013-11-22T15:00:00Z 221 20 296 238 152 219 41 75
2013-11-22T14:00:00Z 217 23 283 218 172 247 28 71
2013-11-22T13:00:00Z -1 -1 -1 -1 -1 -1 -1 -1
2013-11-22T12:00:00Z 257 42 302 280 218 325 24 84
2013-11-22T11:00:00Z 309 49 301 332 286 345 28 106
2013-11-22T10:00:00Z 328 61 300 363 302 314 33 106
2013-11-22T09:00:00Z 325 58 258 362 293 302 36 95
2013-11-22T08:00:00Z 269 48 268 355 271 291 40 94
2013-11-22T07:00:00Z 239 43 281 350 258 278 33 84
2013-12-06T21:00:00Z 261 61 284 343 135 147 107 60
2013-12-06T20:00:00Z 224 64 292 341 129 133 121 57
2013-12-06T19:00:00Z 198 64 305 316 121 139 78 97
2013-12-06T18:00:00Z 180 48 211 294 112 146 24 128
2013-12-06T17:00:00Z 172 39 280 282 107 133 18 140
2013-12-06T16:00:00Z 147 35 255 261 102 110 17 124
2013-12-06T15:00:00Z 135 36 192 245 94 117 21 124
2013-12-06T14:00:00Z 129 28 168 229 89 105 48 109
2013-12-06T13:00:00Z 122 26 176 228 89 105 57 81
2013-12-06T12:00:00Z 103 30 194 235 81 98 44 106
2013-12-06T11:00:00Z 94 39 169 199 80 86 45 102
2013-12-06T10:00:00Z 101 41 170 169 80 91 48 126
2013-12-22T18:00:00Z 272 80 472 207 127 269 48 75
2013-12-22T17:00:00Z 246 60 420 199 130 232 44 50
2013-12-22T16:00:00Z 273 43 401 209 140 208 41 42
2013-12-22T15:00:00Z 333 32 428 284 149 236 40 45
2013-12-22T14:00:00Z 394 36 410 319 159 272 44 46
2013-12-22T13:00:00Z 459 33 439 314 180 391 29 50
2013-12-22T12:00:00Z 434 42 427 331 205 376 33 53
2013-12-22T11:00:00Z 400 70 437 359 216 409 42 85
2013-12-22T10:00:00Z 374 99 436 388 241 422 37 67
2013-12-22T09:00:00Z 347 71 429 404 234 388 36 67
2013-12-22T08:00:00Z 313 69 387 351 225 330 34 43
2014-01-04T11:00:00Z 121 69 179 264 55 142 53 80
2014-01-04T10:00:00Z 113 65 170 210 45 156 50 81
2014-01-04T09:00:00Z 102 54 143 191 40 151 50 77
2014-01-04T08:00:00Z 79 48 121 182 32 148 46 70
2014-01-04T07:00:00Z 54 46 120 170 35 146 43 52
2014-01-04T06:00:00Z 68 44 104 156 33 129 36 56
2014-01-04T05:00:00Z 66 51 109 141 30 94 41 60
2014-01-04T04:00:00Z 70 53 118 120 28 83 49 64
2014-01-04T03:00:00Z 75 52 114 147 31 88 53 57
2014-01-04T02:00:00Z 82 58 118 147 33 80 48 53
2014-01-04T01:00:00Z 88 54 116 151 33 79 61 56
2014-01-04T00:00:00Z 84 46 99 135 29 73 58 54
2014-01-05T22:00:00Z 132 76 236 163 87 146 77 119
2014-01-05T21:00:00Z 127 77 222 208 90 144 79 126
2014-01-05T20:00:00Z 69 72 210 152 93 138 65 119
2014-01-05T19:00:00Z 46 57 195 118 95 110 38 113
2014-01-05T18:00:00Z 26 27 189 88 64 81 25 100
2014-01-05T17:00:00Z 22 20 174 74 52 103 12 90
2014-01-05T16:00:00Z -1 -1 -1 -1 -1 -1 -1 -1
2014-01-05T15:00:00Z 25 37 143 125 51 88 17 71
2014-01-05T14:00:00Z 30 49 147 145 63 71 22 84
2014-01-05T13:00:00Z -1 -1 -1 -1 -1 -1 -1 -1
2014-01-05T12:00:00Z 88 99 262 226 121 91 41 90
2014-01-05T11:00:00Z 136 121 253 253 134 148 50 80
2014-01-22T16:00:00Z 151 38 197 175 131 149 25 116
2014-01-22T15:00:00Z 179 38 208 158 132 138 51 113
2014-01-22T14:00:00Z 190 32 209 146 131 129 60 112
2014-01-22T13:00:00Z 164 38 204 160 117 125 39 107
2014-01-22T12:00:00Z 181 40 222 176 105 119 41 99
2014-01-22T11:00:00Z 119 49 247 168 92 113 48 87
2014-01-22T10:00:00Z 107 51 224 178 83 119 58 95
2014-01-22T09:00:00Z 117 46 193 202 79 106 52 76
2014-01-22T08:00:00Z 106 44 182 213 76 88 58 83
2014-01-22T07:00:00Z 109 42 191 205 74 89 50 86
2014-01-22T06:00:00Z 128 39 201 178 72 84 46 80
2014-01-22T05:00:00Z 130 44 181 181 71 82 43 74
2014-01-29T12:00:00Z 147 90 241 159 74 115 110 89
2014-01-29T11:00:00Z 125 85 260 176 73 139 91 79
2014-01-29T10:00:00Z 91 97 283 267 81 129 117 71
2014-01-29T09:00:00Z 70 80 281 307 83 104 86 61
2014-01-29T08:00:00Z 69 84 288 308 90 84 81 60
2014-01-29T07:00:00Z 67 84 274 285 95 63 71 60
2014-01-29T06:00:00Z 61 78 284 233 84 50 54 46
2014-01-29T05:00:00Z 65 74 260 194 61 42 59 40
2014-01-29T04:00:00Z 62 76 248 179 47 41 75 41
2014-01-29T03:00:00Z 63 80 246 198 35 41 64 48
2014-01-29T02:00:00Z 60 81 240 198 34 30 72 36
2014-01-29T01:00:00Z 50 90 251 174 31 24 86 33
2014-01-30T19:00:00Z 117 47 133 183 29 52 67 30
2014-01-30T18:00:00Z 21 20 122 119 33 41 25 30
2014-01-30T17:00:00Z 11 15 113 93 59 48 15 31
2014-01-30T16:00:00Z 13 11 94 97 92 61 14 31
2014-01-30T15:00:00Z 12 6 92 74 78 53 14 31
2014-01-30T14:00:00Z 17 7 90 88 60 84 15 35
2014-01-30T13:00:00Z 16 8 136 95 64 76 21 35
2014-01-30T12:00:00Z 19 10 179 147 70 77 34 38
2014-01-30T11:00:00Z 28 13 178 205 88 150 42 48
2014-01-30T10:00:00Z 38 20 186 229 112 285 57 54
2014-01-30T09:00:00Z 52 21 212 222 122 327 40 55
2014-01-30T08:00:00Z 72 46 191 193 159 276 43 124
2014-02-05T21:00:00Z 88 90 102 137 35 45 124 19
2014-02-05T20:00:00Z 72 68 101 115 37 49 134 20
2014-02-05T19:00:00Z 59 56 106 93 37 69 125 21
2014-02-05T18:00:00Z 61 42 103 94 35 58 88 21
2014-02-05T17:00:00Z 54 35 113 78 36 58 51 20
2014-02-05T16:00:00Z 48 33 124 77 35 49 44 25
2014-02-05T15:00:00Z 42 29 112 74 35 47 40 26
2014-02-05T14:00:00Z 41 26 117 68 36 47 33 30
2014-02-05T13:00:00Z 44 30 95 61 31 47 21 29
2014-02-05T12:00:00Z 49 34 92 62 33 60 27 62
2014-02-05T11:00:00Z 70 43 72 83 39 83 33 79
2014-02-05T10:00:00Z 87 57 67 90 39 87 37 77
2014-02-11T17:00:00Z 119 38 206 123 57 98 44 93
2014-02-11T16:00:00Z 126 55 209 113 57 85 43 103
2014-02-11T15:00:00Z 101 43 187 117 60 80 52 84
2014-02-11T14:00:00Z 125 39 -1 125 62 73 46 96
2014-02-11T13:00:00Z 246 40 184 151 65 111 42 93
2014-02-11T12:00:00Z 300 43 173 186 81 129 43 111
2014-02-11T11:00:00Z 230 45 163 196 105 85 54 91
2014-02-11T10:00:00Z 195 60 99 163 101 67 61 107
2014-02-11T09:00:00Z 173 67 96 170 87 69 53 85
2014-02-11T08:00:00Z 169 52 87 154 75 67 45 74
2014-02-11T07:00:00Z 170 51 79 150 61 63 43 62
2014-02-11T06:00:00Z 169 45 80 128 53 68 45 59
2014-02-12T17:00:00Z 141 12 315 233 144 140 15 68
2014-02-12T16:00:00Z 161 11 332 219 149 138 14 96
2014-02-12T15:00:00Z 194 11 328 222 164 157 13 114
2014-02-12T14:00:00Z 212 15 320 225 152 172 17 97
2014-02-12T13:00:00Z 221 19 307 226 164 186 19 95
2014-02-12T12:00:00Z 213 28 314 211 183 162 23 101
2014-02-12T11:00:00Z 200 51 308 207 202 183 33 115
2014-02-12T10:00:00Z 194 84 303 211 196 237 42 118
2014-02-12T09:00:00Z 210 71 296 235 179 189 49 118
2014-02-12T08:00:00Z 207 75 263 243 165 157 45 113
2014-02-19T21:00:00Z 135 44 170 105 61 102 69 74
2014-02-19T20:00:00Z 130 47 142 78 59 105 67 85
2014-02-19T19:00:00Z 117 21 128 59 60 134 45 88
2014-02-19T18:00:00Z 104 16 128 42 62 140 17 88
2014-02-19T17:00:00Z 90 15 133 39 64 145 11 83
2014-02-19T16:00:00Z 67 20 123 33 65 161 9 86
2014-02-19T15:00:00Z 63 25 118 38 72 168 7 85
2014-02-19T14:00:00Z 59 35 128 41 69 174 11 88
2014-02-19T13:00:00Z -1 -1 -1 -1 -1 -1 -1 -1
2014-02-19T12:00:00Z 102 67 145 80 70 166 18 87
2014-02-19T11:00:00Z 130 110 156 94 74 148 -1 86
2014-02-19T10:00:00Z 117 122 173 -1 66 139 29 79
2014-03-10T18:00:00Z 134 84 211 143 154 124 153 34
2014-03-10T17:00:00Z 127 61 206 115 136 102 168 31
2014-03-10T16:00:00Z 114 70 182 83 118 108 186 30
2014-03-10T15:00:00Z 102 64 164 77 115 86 170 30
2014-03-10T14:00:00Z 86 64 161 90 103 78 151 32
2014-03-10T13:00:00Z 75 59 157 111 85 73 157 32
2014-03-10T12:00:00Z 82 58 145 80 75 73 120 29
2014-03-10T11:00:00Z 86 70 167 70 72 115 78 33
2014-03-10T10:00:00Z 90 80 169 74 65 124 82 59
2014-03-10T09:00:00Z 82 99 176 75 60 133 75 93
2014-03-10T08:00:00Z 73 88 190 86 50 150 73 81
2014-03-10T07:00:00Z 65 77 202 76 37 111 68 71
2014-03-16T15:00:00Z 119 34 160 109 143 105 42 55
2014-03-16T14:00:00Z 111 30 142 98 145 98 44 54
2014-03-16T13:00:00Z 100 30 145 113 141 82 40 58
2014-03-16T12:00:00Z 92 36 145 118 145 70 33 40
2014-03-16T11:00:00Z 91 46 141 104 139 64 32 32
2014-03-16T10:00:00Z 84 57 158 108 138 63 38 30
2014-03-16T09:00:00Z 99 60 174 110 146 71 26 32
2014-03-16T08:00:00Z 102 57 192 159 150 75 41 30
2014-03-16T07:00:00Z 107 62 193 143 152 67 34 32
2014-04-17T22:00:00Z 108 49 -1 113 90 98 85 75
2014-04-17T21:00:00Z 91 51 -1 104 98 102 80 72
2014-04-17T20:00:00Z 77 57 -1 105 112 95 72 52
2014-04-17T19:00:00Z 76 39 -1 95 123 85 87 47
2014-04-17T18:00:00Z 81 35 -1 83 139 100 61 41
2014-04-17T17:00:00Z 77 31 -1 78 141 116 67 39
2014-04-17T16:00:00Z 74 26 -1 81 123 131 74 43
2014-04-17T15:00:00Z 82 25 -1 76 113 169 62 51
2014-04-17T14:00:00Z 91 45 124 62 128 178 55 46
2014-04-17T13:00:00Z 96 59 83 61 134 172 63 43
2014-04-17T12:00:00Z 89 51 67 70 129 183 61 52
2014-04-17T11:00:00Z 79 63 69 87 122 174 61 62
2014-04-23T07:00:00Z 116 61 140 129 147 157 30 64
2014-04-23T06:00:00Z 102 53 140 125 147 122 29 80
2014-04-23T05:00:00Z 95 49 135 121 139 116 25 76
2014-04-23T04:00:00Z 75 50 137 103 126 103 27 68
2014-04-23T03:00:00Z 63 46 132 97 112 87 26 74
2014-04-23T02:00:00Z 58 47 122 85 102 82 25 80
2014-04-23T01:00:00Z 60 51 111 75 94 68 28 68
2014-04-23T00:00:00Z 61 45 105 81 87 68 33 63
2014-04-22T23:00:00Z 55 44 97 79 82 66 36 65
2014-04-22T22:00:00Z 57 39 97 64 77 77 36 63
2014-04-22T21:00:00Z 48 33 81 58 75 74 22 65
2014-04-22T20:00:00Z 38 14 66 63 68 75 11 71
2014-05-01T02:00:00Z 103 84 176 103 71 128 46 87
2014-05-01T01:00:00Z 94 93 169 101 69 113 46 83
2014-05-01T00:00:00Z -1 81 -1 -1 -1 -1 -1 -1
2014-04-30T23:00:00Z 89 99 155 110 64 116 31 86
2014-04-30T22:00:00Z 85 79 149 106 65 109 26 72
2014-04-30T21:00:00Z 68 76 131 92 62 95 22 65
2014-04-30T20:00:00Z 66 78 124 76 59 92 10 69
2014-04-30T19:00:00Z 71 67 115 70 59 87 5 67
2014-04-30T18:00:00Z 75 32 113 68 57 95 6 63
2014-04-30T17:00:00Z 61 28 127 72 59 91 6 74
2014-05-15T13:00:00Z 45 10 34 49 71 33 89 20
2014-05-15T12:00:00Z 52 11 32 48 82 51 81 21
2014-05-15T11:00:00Z 62 16 33 40 78 71 48 38
2014-05-15T10:00:00Z 57 20 38 42 80 78 22 66
2014-05-15T09:00:00Z 64 27 40 45 78 86 29 66
2014-05-15T08:00:00Z 73 35 45 60 72 81 32 47
2014-05-15T07:00:00Z 71 32 40 67 64 74 30 39
2014-05-15T06:00:00Z 58 27 38 69 61 70 31 32
2014-05-15T05:00:00Z 55 26 36 75 59 73 36 33
2014-05-15T04:00:00Z 40 25 40 71 55 72 28 25
2014-05-15T03:00:00Z 31 23 42 65 52 56 26 23
2014-05-15T02:00:00Z 28 23 50 56 56 47 23 20
2014-05-19T11:00:00Z 143 34 88 98 106 136 21 53
2014-05-19T10:00:00Z 122 35 127 131 105 133 20 44
2014-05-19T09:00:00Z 103 42 148 133 105 99 20 49
2014-05-19T08:00:00Z 94 46 138 135 108 80 22 43
2014-05-19T07:00:00Z 68 57 135 139 100 80 21 39
2014-05-19T06:00:00Z 77 44 127 124 96 84 23 36
2014-05-19T05:00:00Z 125 40 125 103 97 109 22 34
2014-05-19T04:00:00Z 109 39 125 106 93 131 20 41
2014-05-19T03:00:00Z 106 43 115 105 93 127 22 34
2014-05-19T02:00:00Z 106 41 105 107 97 133 32 31
2014-05-19T01:00:00Z 104 30 111 100 99 130 34 31
2014-05-21T14:00:00Z 121 24 120 96 95 156 30 44
2014-05-21T13:00:00Z 127 33 121 83 123 157 25 44
2014-05-21T12:00:00Z -1 -1 -1 -1 -1 -1 -1 -1
2014-05-21T11:00:00Z 136 34 129 109 164 161 21 55
2014-05-21T10:00:00Z 123 27 136 174 171 149 11 61
2014-05-21T09:00:00Z 114 17 161 162 173 157 11 57
2014-05-21T08:00:00Z 102 26 157 158 182 146 19 61
2014-05-21T07:00:00Z 85 29 158 146 188 130 10 50
2014-05-21T06:00:00Z 88 32 155 122 191 126 13 56
2014-05-21T05:00:00Z 101 38 172 105 180 136 14 45
2014-05-21T04:00:00Z 98 36 195 98 190 124 11 56
2014-05-21T03:00:00Z 115 31 194 92 195 127 9 57
2014-07-28T01:00:00Z 90 100 109 114 120 116 24 85
2014-07-28T00:00:00Z 82 93 96 114 116 108 27 93
2014-07-27T23:00:00Z 75 91 83 106 108 95 27 80
2014-07-27T22:00:00Z 74 92 78 96 99 112 18 77
2014-07-27T21:00:00Z 71 87 80 98 101 112 11 94
2014-07-27T20:00:00Z 65 72 69 79 93 118 14 115
2014-07-27T19:00:00Z 72 61 69 91 78 127 13 110
2014-07-27T18:00:00Z 82 57 79 100 74 88 14 94
2014-07-27T17:00:00Z 95 65 87 100 71 65 13 89
2014-07-27T16:00:00Z 103 59 98 90 75 65 11 99
2014-07-30T08:00:00Z 139 31 91 78 100 83 8 25
2014-07-30T07:00:00Z 149 27 111 68 95 86 8 23
2014-07-30T06:00:00Z 123 28 109 63 90 83 14 27
2014-07-30T05:00:00Z 89 41 98 72 84 91 18 21
2014-07-30T04:00:00Z 66 96 127 62 78 88 13 21
2014-07-30T03:00:00Z 46 117 123 53 69 91 11 18
2014-07-30T02:00:00Z 53 145 103 59 65 106 11 19
2014-07-30T01:00:00Z 100 138 90 65 65 101 15 18
2014-07-30T00:00:00Z 100 127 69 54 72 112 18 28
2014-07-29T23:00:00Z 114 141 67 70 80 108 32 38
2014-07-29T22:00:00Z 130 150 61 65 83 117 31 41
2014-08-21T01:00:00Z 127 23 105 113 143 163 31 117
2014-08-21T00:00:00Z 116 35 99 97 127 179 34 117
2014-08-20T23:00:00Z 116 24 77 97 106 176 38 94
2014-08-20T22:00:00Z 113 34 69 91 93 157 36 56
2014-08-20T21:00:00Z 85 65 58 81 82 125 30 39
2014-08-20T20:00:00Z 70 71 57 81 74 118 26 56
2014-08-20T19:00:00Z -1 -1 -1 -1 -1 -1 -1 -1
2014-08-20T18:00:00Z 79 62 60 77 68 70 22 51
2014-08-20T16:00:00Z 96 55 89 92 69 67 34 43
2014-08-20T15:00:00Z 87 53 106 109 72 67 30 39
2014-08-20T14:00:00Z 81 52 95 88 71 61 37 33
2014-08-30T03:00:00Z 93 50 87 78 91 63 52 40
2014-08-30T02:00:00Z 96 57 80 79 94 52 53 32
2014-08-30T01:00:00Z 102 47 78 76 92 50 49 37
2014-08-30T00:00:00Z 102 49 80 74 88 51 53 37
2014-08-29T23:00:00Z 96 49 84 79 86 49 61 34
2014-08-29T22:00:00Z 88 42 75 81 84 48 56 34
2014-08-29T21:00:00Z 83 41 77 67 79 41 50 31
2014-08-29T20:00:00Z 83 44 75 66 71 32 50 25
2014-08-29T19:00:00Z 71 53 77 65 68 24 47 24
2014-08-29T18:00:00Z 69 48 101 51 70 22 46 21
2014-08-29T17:00:00Z 72 46 101 51 69 24 57 20
2014-08-29T16:00:00Z 78 65 94 50 62 26 51 19
2014-09-25T10:00:00Z 46 24 144 121 71 65 10 22
2014-09-25T09:00:00Z 41 20 130 111 73 60 13 20
2014-09-25T08:00:00Z 56 24 125 84 65 56 14 30
2014-09-25T07:00:00Z 54 22 108 84 -1 55 15 33
2014-09-25T06:00:00Z -1 -1 -1 -1 54 -1 -1 -1
2014-09-25T05:00:00Z 50 24 104 83 54 54 15 29
2014-09-25T04:00:00Z 59 16 103 91 52 52 15 34
2014-09-25T03:00:00Z 44 18 97 114 51 61 15 38
2014-09-25T02:00:00Z 57 26 102 97 46 54 10 40
2014-09-25T01:00:00Z 57 24 91 94 41 53 11 45
2014-09-25T00:00:00Z 66 27 89 96 40 52 11 39
2014-09-24T23:00:00Z 72 28 96 114 37 56 13 34
2014-10-03T14:00:00Z 154 22 100 146 53 42 21 22
2014-10-03T13:00:00Z 166 23 120 113 49 43 16 31
2014-10-03T12:00:00Z 169 23 162 107 48 45 14 22
2014-10-03T11:00:00Z 153 31 182 95 59 54 13 21
2014-10-03T10:00:00Z -1 -1 -1 -1 68 -1 -1 -1
2014-10-03T09:00:00Z 87 32 147 125 84 80 11 22
2014-10-03T08:00:00Z -1 -1 -1 -1 87 -1 -1 -1
2014-10-03T07:00:00Z 98 24 132 146 88 73 9 29
2014-10-03T06:00:00Z 115 24 127 157 86 51 19 29
2014-10-03T05:00:00Z 129 22 117 171 91 46 20 26
2014-10-03T04:00:00Z 153 26 122 138 93 52 14 26
2014-10-03T03:00:00Z 135 21 120 156 92 48 17 24
2014-10-17T17:00:00Z 96 36 45 71 134 104 6 84
2014-10-17T16:00:00Z 106 45 49 59 127 112 6 81
2014-10-17T15:00:00Z -1 -1 -1 -1 -1 -1 -1 -1
2014-10-17T14:00:00Z 125 40 69 68 125 113 8 77
2014-10-17T13:00:00Z 133 43 91 85 123 114 9 78
2014-10-17T12:00:00Z 143 48 92 83 120 131 11 84
2014-10-17T11:00:00Z 148 53 111 99 123 128 13 82
2014-10-17T10:00:00Z 134 60 111 102 122 120 15 69
2014-10-17T09:00:00Z 128 73 98 107 114 103 18 59
2014-10-17T08:00:00Z 113 58 78 113 102 88 27 48
2014-10-17T07:00:00Z 113 54 84 111 93 62 23 41
2014-10-17T06:00:00Z 112 57 82 120 86 55 18 39
2014-10-29T15:00:00Z 107 67 161 103 129 121 29 84
2014-10-29T14:00:00Z 110 57 157 96 135 138 40 83
2014-10-29T13:00:00Z 112 74 160 96 129 115 27 63
2014-10-29T12:00:00Z -1 -1 -1 -1 -1 -1 -1 -1
2014-10-29T11:00:00Z 169 78 159 103 128 162 30 89
2014-10-29T10:00:00Z 141 90 165 96 115 112 64 108
2014-10-29T09:00:00Z 125 87 146 108 91 110 38 90
2014-10-29T08:00:00Z 104 90 134 120 74 102 64 93
2014-10-29T07:00:00Z 91 72 135 134 62 83 35 83
