2013-06-05T04:00:00Z 70 29 36 4 0.872727 30
2013-06-05T03:00:00Z 70 35 30 4 1.116667 32
2013-06-05T02:00:00Z 73 40 31 5 1.120000 36
2013-06-05T01:00:00Z 81 27 33 6 1.174917 45
2013-06-05T00:00:00Z 83 75 44 6 1.324917 38
2013-06-04T23:00:00Z 84 101 42 6 1.341583 41
2013-06-04T22:00:00Z 88 90 42 9 1.433167 51
2013-06-04T21:00:00Z 96 108 50 11 1.549833 47
2013-06-04T20:00:00Z 86 95 51 13 1.566333 53
2013-06-04T19:00:00Z 85 82 49 14 1.524750 61
2013-06-04T18:00:00Z 85 78 46 15 1.483083 65
2013-06-04T17:00:00Z 90 97 39 17 1.533083 71
2013-06-09T13:00:00Z 7 7 32 3 0.387500 42
2013-06-09T12:00:00Z 8 15 32 4 0.388889 41
2013-06-09T11:00:00Z -1 -1 -1 -1 -1.000000 -1
2013-06-09T10:00:00Z -1 -1 -1 -1 -1.000000 -1
2013-06-09T09:00:00Z 12 8 28 5 0.472727 33
2013-06-09T08:00:00Z 29 58 32 7 0.690909 27
2013-06-09T07:00:00Z 67 43 41 7 1.225000 11
2013-06-09T06:00:00Z 96 97 44 7 1.772364 5
2013-06-09T05:00:00Z 98 114 44 7 1.849667 5
2013-06-09T04:00:00Z 113 125 41 6 1.741417 4
2013-06-09T03:00:00Z 114 123 40 6 1.999714 7
2013-06-09T02:00:00Z 127 157 44 6 2.233000 3
2013-06-17T10:00:00Z 13 33 30 6 0.811111 72
2013-06-17T09:00:00Z 15 24 34 6 0.877667 56
2013-06-17T08:00:00Z 16 37 37 6 0.950000 42
2013-06-17T07:00:00Z 27 39 37 4 0.933222 39
2013-06-17T06:00:00Z 40 42 32 5 0.980000 39
2013-06-17T05:00:00Z 38 56 29 5 0.936182 40
2013-06-17T04:00:00Z 43 99 24 6 0.977556 42
2013-06-17T03:00:00Z 49 14 22 8 1.171429 47
2013-06-17T02:00:00Z 69 94 25 6 1.227091 47
2013-06-17T01:00:00Z 127 210 29 8 1.549900 52
2013-06-17T00:00:00Z 171 237 33 10 1.829700 43
2013-06-16T23:00:00Z 191 209 41 11 1.999700 38
2013-06-27T13:00:00Z 42 46 19 7 0.544444 161
2013-06-27T12:00:00Z 54 93 23 7 0.677778 141
2013-06-27T11:00:00Z 120 -1 34 16 1.166556 124
2013-06-27T10:00:00Z 169 109 45 24 1.733333 97
2013-06-27T09:00:00Z 148 190 52 19 1.622000 57
2013-06-27T08:00:00Z 105 136 50 9 1.144444 39
2013-06-27T07:00:00Z 75 95 47 6 0.788889 36
2013-06-27T06:00:00Z 71 54 41 5 0.666667 43
2013-06-27T05:00:00Z 83 51 50 4 0.700000 41
2013-06-27T04:00:00Z 93 36 43 4 0.722222 44
2013-06-27T03:00:00Z 110 14 40 5 0.762500 56
2013-06-27T02:00:00Z 121 63 40 5 0.900000 62
2013-07-20T09:00:00Z 111 68 44 9 1.060000 62
2013-07-20T08:00:00Z 114 112 48 6 1.020000 36
2013-07-20T07:00:00Z 106 100 43 4 0.920000 21
2013-07-20T06:00:00Z 109 132 48 4 0.920000 17
2013-07-20T05:00:00Z 108 162 54 4 0.940000 16
2013-07-20T04:00:00Z 93 166 60 4 0.890000 17
2013-07-20T03:00:00Z 86 117 44 4 0.916667 17
2013-07-20T02:00:00Z 98 126 51 4 0.880000 26
2013-07-20T01:00:00Z 109 137 49 4 0.960000 37
2013-07-20T00:00:00Z 110 130 49 4 0.980000 50
2013-07-19T23:00:00Z 107 126 41 4 0.980000 65
2013-07-19T22:00:00Z 107 129 37 5 1.020000 81
2013-08-17T09:00:00Z 22 44 34 11 0.445455 41
2013-08-17T08:00:00Z 20 51 46 11 0.436364 32
2013-08-17T07:00:00Z 19 35 41 8 0.418182 31
2013-08-17T06:00:00Z 25 29 39 8 0.427273 26
2013-08-17T05:00:00Z 34 28 39 8 0.563636 25
2013-08-17T04:00:00Z 64 -1 53 6 0.675000 15
2013-08-17T03:00:00Z 105 36 47 6 0.933333 8
2013-08-17T02:00:00Z 132 198 51 11 1.150000 14
2013-08-17T01:00:00Z 143 189 54 5 1.408333 11
2013-08-17T00:00:00Z 151 202 61 5 1.533333 19
2013-08-16T23:00:00Z 151 178 63 5 1.591667 7
2013-08-16T22:00:00Z 162 209 75 5 1.508333 9
2013-09-13T09:00:00Z 56 67 56 3 0.925000 9
2013-09-13T08:00:00Z 52 61 53 2 0.850000 9
2013-09-13T07:00:00Z 47 48 49 2 0.775000 10
2013-09-13T06:00:00Z 51 49 39 1 0.708333 20
2013-09-13T05:00:00Z 44 50 29 1 0.708333 33
2013-09-13T04:00:00Z 48 44 17 2 0.633333 46
2013-09-13T03:00:00Z 47 40 18 2 0.633333 63
2013-09-13T02:00:00Z 51 34 24 2 0.675000 60
2013-09-13T01:00:00Z 67 60 35 3 0.816667 56
2013-09-13T00:00:00Z 88 71 41 4 1.008333 62
2013-09-12T23:00:00Z 165 197 55 9 1.383333 60
2013-09-12T22:00:00Z 202 230 93 14 1.991667 34
2013-10-07T17:00:00Z 17 18 25 14 0.466667 61
2013-10-07T16:00:00Z 12 17 21 14 0.400000 66
2013-10-07T15:00:00Z 15 18 18 15 0.433333 69
2013-10-07T14:00:00Z 22 27 18 17 0.420000 67
2013-10-07T13:00:00Z 19 36 19 18 0.480000 60
2013-10-07T12:00:00Z 18 36 21 20 0.540000 51
2013-10-07T11:00:00Z 27 33 24 26 0.633333 42
2013-10-07T10:00:00Z 47 27 27 27 0.820000 34
2013-10-07T09:00:00Z 115 151 42 28 1.410000 22
2013-10-07T08:00:00Z 146 152 54 23 1.890000 12
2013-10-07T07:00:00Z 144 123 56 19 2.050000 7
2013-10-07T06:00:00Z 153 127 54 18 2.100000 6
2013-10-10T17:00:00Z 114 155 60 12 1.185200 64
2013-10-10T16:00:00Z 121 162 63 13 1.244400 64
2013-10-10T15:00:00Z 127 169 67 14 1.301600 61
2013-10-10T14:00:00Z 133 176 70 14 1.364500 61
2013-10-10T13:00:00Z 138 185 73 15 1.423000 61
2013-10-10T12:00:00Z 143 188 77 16 1.483500 61
2013-10-10T11:00:00Z 147 191 80 16 1.547000 58
2013-10-10T10:00:00Z 150 196 83 16 1.612900 50
2013-10-10T09:00:00Z 164 196 85 17 1.675700 23
2013-10-10T08:00:00Z 162 194 86 17 1.699300 8
2013-10-10T07:00:00Z 158 191 86 16 1.690600 6
2013-10-10T06:00:00Z 155 189 85 16 1.681000 10
2013-10-19T18:00:00Z 10 19 24 5 0.344444 43
2013-10-19T17:00:00Z 9 17 20 4 0.275000 48
2013-10-19T16:00:00Z 9 17 15 4 0.262500 52
2013-10-19T15:00:00Z 11 22 15 5 0.288889 54
2013-10-19T14:00:00Z 11 23 15 7 0.300000 56
2013-10-19T13:00:00Z 10 21 15 7 0.288889 55
2013-10-19T12:00:00Z 7 18 15 6 0.300000 52
2013-10-19T11:00:00Z 9 15 19 5 0.311111 47
2013-10-19T10:00:00Z 14 12 30 9 0.466667 33
2013-10-19T09:00:00Z 21 16 35 12 0.588889 23
2013-10-29T17:00:00Z 12 21 32 7 0.354545 51
2013-10-29T16:00:00Z 9 22 21 6 0.327273 63
2013-10-29T15:00:00Z 10 18 18 5 0.290909 64
2013-10-29T14:00:00Z 6 8 15 5 0.300000 63
2013-10-29T13:00:00Z 6 6 15 5 0.336364 62
2013-10-29T12:00:00Z 6 6 15 4 0.336364 60
2013-10-29T11:00:00Z 9 205 18 7 0.454545 51
2013-10-29T10:00:00Z 11 14 22 10 0.409091 44
2013-10-29T09:00:00Z 14 19 36 17 0.545455 26
2013-10-29T08:00:00Z 19 22 48 17 0.727273 13
2013-10-29T07:00:00Z 17 14 47 16 0.645455 12
2013-10-29T06:00:00Z 22 23 42 17 0.590909 20
2013-11-09T19:00:00Z 12 88 17 5 0.281818 -1
2013-11-09T18:00:00Z 11 43 26 7 0.354545 -1
2013-11-09T17:00:00Z 17 42 36 17 0.463636 -1
2013-11-09T16:00:00Z 27 54 40 28 0.600000 -1
2013-11-09T15:00:00Z 37 52 44 35 0.727273 -1
2013-11-09T14:00:00Z 51 68 48 43 0.872727 -1
2013-11-09T13:00:00Z 68 71 56 56 1.109091 -1
2013-11-09T12:00:00Z 104 131 80 81 1.781818 -1
2013-11-09T11:00:00Z 129 173 88 83 2.181818 -1
2013-11-09T10:00:00Z 139 164 95 80 2.436364 -1
2013-11-09T09:00:00Z 160 176 99 70 2.563636 -1
2013-11-09T08:00:00Z -1 -1 -1 -1 -1.000000 -1
2013-11-14T16:00:00Z 31 83 28 12 0.462500 -1
2013-11-14T15:00:00Z 28 75 22 11 0.418182 -1
2013-11-14T14:00:00Z -1 -1 -1 -1 -1.000000 -1
2013-11-14T13:00:00Z 22 58 14 9 0.327273 -1
2013-11-14T12:00:00Z 20 63 15 8 0.327273 -1
2013-11-14T11:00:00Z 17 51 17 10 0.354545 -1
2013-11-14T10:00:00Z 20 53 22 13 0.445455 -1
2013-11-14T09:00:00Z 26 59 34 15 0.636364 -1
2013-11-14T08:00:00Z 26 66 39 15 0.718182 -1
2013-11-24T17:00:00Z 60 190 26 14 0.460000 36
2013-11-24T16:00:00Z 60 204 21 12 0.420000 40
2013-11-24T15:00:00Z 61 207 19 13 0.430000 40
2013-11-24T14:00:00Z 58 205 18 14 0.460000 39
2013-11-24T13:00:00Z 55 191 20 14 0.510000 35
2013-11-24T12:00:00Z 55 175 33 24 0.710000 27
2013-11-24T11:00:00Z 46 137 35 24 0.730000 21
2013-11-24T10:00:00Z 39 107 37 24 0.730000 18
2013-11-24T09:00:00Z 37 89 39 25 0.740000 16
2013-11-24T08:00:00Z 34 70 37 24 0.700000 19
2013-11-24T07:00:00Z 34 56 35 25 0.740000 16
2013-11-24T06:00:00Z 41 53 40 30 0.860000 14
2013-12-09T06:00:00Z 7 6 18 9 0.557143 45
2013-12-09T05:00:00Z 8 7 17 8 0.557143 45
2013-12-09T04:00:00Z 8 7 19 10 0.516667 35
2013-12-09T03:00:00Z 8 7 19 8 0.471429 37
2013-12-09T02:00:00Z 5 6 13 6 0.442857 46
2013-12-09T01:00:00Z 6 6 12 7 0.457143 47
2013-12-09T00:00:00Z 6 7 13 7 0.442857 44
2013-12-08T23:00:00Z 7 8 13 6 0.414286 40
2013-12-08T22:00:00Z -1 -1 -1 -1 -1.000000 -1
2013-12-08T21:00:00Z -1 -1 -1 -1 -1.000000 -1
2013-12-08T20:00:00Z -1 -1 -1 -1 -1.000000 -1
2013-12-08T19:00:00Z -1 -1 -1 -1 -1.000000 -1
2013-12-26T04:00:00Z 7 15 14 6 0.291667 52
2013-12-26T03:00:00Z 9 18 15 7 0.333333 55
2013-12-26T02:00:00Z 9 14 13 7 0.325000 56
2013-12-26T01:00:00Z 9 19 12 6 0.341667 57
2013-12-26T00:00:00Z 12 32 12 6 0.283333 56
2013-12-25T23:00:00Z 11 44 11 4 0.281818 56
2013-12-25T22:00:00Z 17 64 10 4 0.272727 58
2013-12-25T21:00:00Z 17 87 13 4 0.290909 56
2013-12-25T20:00:00Z 25 159 16 6 0.350000 56
2013-12-25T19:00:00Z 36 244 18 8 0.333333 55
2013-12-25T18:00:00Z -1 -1 -1 -1 -1.000000 -1
2013-12-25T17:00:00Z 36 93 29 18 0.516667 52
2014-01-03T01:00:00Z 126 164 89 78 3.058333 16
2014-01-03T00:00:00Z 151 195 105 89 4.108333 9
2014-01-02T23:00:00Z 167 241 120 82 4.658333 5
2014-01-02T22:00:00Z 166 220 123 88 4.591667 5
2014-01-02T21:00:00Z 162 238 123 82 4.408333 5
2014-01-02T20:00:00Z 156 229 122 79 4.208333 5
2014-01-02T19:00:00Z 149 217 122 78 3.866667 5
2014-01-02T18:00:00Z 135 203 124 78 3.625000 5
2014-01-02T17:00:00Z 130 185 120 81 3.258333 5
2014-01-02T16:00:00Z 120 171 113 88 3.041667 9
2014-01-02T15:00:00Z 125 162 103 90 2.925000 15
2014-01-02T14:00:00Z 117 158 91 91 2.916667 18
2014-01-05T05:00:00Z 130 175 81 40 3.658333 6
2014-01-05T04:00:00Z 148 185 88 38 3.254545 3
2014-01-05T03:00:00Z 157 190 89 42 3.581818 4
2014-01-05T02:00:00Z 155 193 88 43 3.616667 4
2014-01-05T01:00:00Z 169 198 88 45 3.733333 5
2014-01-05T00:00:00Z 159 192 89 46 3.666667 4
2014-01-04T23:00:00Z 167 198 90 51 3.516667 4
2014-01-04T22:00:00Z 163 191 91 47 3.416667 4
2014-01-04T21:00:00Z 173 207 93 45 3.366667 4
2014-01-04T20:00:00Z 176 215 95 40 3.200000 4
2014-01-04T19:00:00Z 179 216 96 40 3.108333 4
2014-01-04T18:00:00Z 176 218 96 40 3.025000 4
2014-01-19T21:00:00Z 20 336 16 6 0.300000 67
2014-01-19T20:00:00Z 43 380 27 14 0.558333 59
2014-01-19T19:00:00Z 97 296 53 35 1.525000 37
2014-01-19T18:00:00Z 164 240 96 66 2.875000 17
2014-01-19T17:00:00Z 193 224 114 94 3.158333 9
2014-01-19T16:00:00Z 187 213 113 101 3.191667 10
2014-01-19T15:00:00Z -1 -1 -1 -1 -1.000000 -1
2014-01-19T14:00:00Z 173 187 92 119 2.950000 16
2014-01-19T13:00:00Z 168 185 85 127 3.008333 14
2014-01-19T12:00:00Z 147 169 80 119 3.008333 11
2014-01-19T11:00:00Z 131 152 81 102 3.116667 6
2014-01-19T10:00:00Z 128 141 82 94 3.216667 4
2014-01-24T13:00:00Z 150 159 94 78 2.590909 12
2014-01-24T12:00:00Z 189 190 105 98 3.316667 8
2014-01-24T11:00:00Z 194 212 102 106 3.416667 9
2014-01-24T10:00:00Z 197 214 102 106 3.566667 8
2014-01-24T09:00:00Z 205 230 105 108 3.791667 7
2014-01-24T08:00:00Z 202 229 103 104 3.575000 6
2014-01-24T07:00:00Z 217 251 108 109 3.791667 4
2014-01-24T06:00:00Z 222 241 111 108 3.850000 4
2014-01-24T05:00:00Z 232 250 117 116 3.958333 4
2014-01-24T04:00:00Z 240 258 122 116 4.100000 4
2014-01-24T03:00:00Z 245 276 123 125 4.250000 4
2014-01-24T02:00:00Z 254 285 124 128 4.625000 4
2014-01-30T02:00:00Z 155 176 71 82 2.741667 15
2014-01-30T01:00:00Z 176 186 82 89 2.841667 10
2014-01-30T00:00:00Z 182 199 90 96 2.872727 7
2014-01-29T23:00:00Z 195 206 93 96 3.008333 7
2014-01-29T22:00:00Z 200 208 100 96 3.250000 6
2014-01-29T21:00:00Z 192 213 100 80 2.966667 6
2014-01-29T20:00:00Z 189 213 100 75 2.816667 7
2014-01-29T19:00:00Z 187 213 102 74 2.725000 6
2014-01-29T18:00:00Z 175 202 99 75 2.408333 8
2014-01-29T17:00:00Z 165 197 92 91 2.216667 16
2014-01-29T16:00:00Z 163 189 84 99 2.091667 22
2014-01-29T15:00:00Z 155 182 80 107 2.018182 23
2014-02-02T09:00:00Z 117 144 51 42 2.091667 18
2014-02-02T08:00:00Z 139 158 57 31 2.591667 8
2014-02-02T07:00:00Z -1 -1 -1 -1 -1.000000 -1
2014-02-02T06:00:00Z 155 164 57 28 2.708333 3
2014-02-02T05:00:00Z 155 165 55 28 2.616667 3
2014-02-02T04:00:00Z 149 161 56 27 2.441667 4
2014-02-02T03:00:00Z 144 155 54 29 2.408333 3
2014-02-02T02:00:00Z 139 148 54 31 2.400000 4
2014-02-02T01:00:00Z 133 138 55 32 2.275000 5
2014-02-02T00:00:00Z 126 124 56 31 2.183333 4
2014-02-01T23:00:00Z 124 125 57 31 2.208333 4
2014-02-01T22:00:00Z 123 123 58 31 2.216667 4
2014-02-12T07:00:00Z 115 135 84 46 2.550000 6
2014-02-12T06:00:00Z 122 88 79 49 2.566667 6
2014-02-12T05:00:00Z 128 -1 87 51 2.375000 7
2014-02-12T04:00:00Z 147 -1 81 61 2.425000 2
2014-02-12T03:00:00Z 164 216 87 60 4.800000 5
2014-02-12T02:00:00Z 165 215 97 109 3.383333 6
2014-02-12T01:00:00Z 165 195 96 72 3.191667 7
2014-02-12T00:00:00Z 157 206 104 65 3.216667 6
2014-02-11T23:00:00Z 161 206 105 67 2.916667 6
2014-02-11T22:00:00Z 167 185 107 74 2.750000 6
2014-02-11T21:00:00Z 170 202 109 83 2.608333 8
2014-02-11T20:00:00Z 178 184 112 86 2.666667 9
2014-02-17T04:00:00Z 127 -1 72 51 2.090000 13
2014-02-17T03:00:00Z 146 -1 66 54 2.060000 12
2014-02-17T02:00:00Z 175 -1 72 73 2.314286 13
2014-02-17T01:00:00Z 199 -1 81 79 2.360000 10
2014-02-17T00:00:00Z 227 -1 98 87 2.770000 9
2014-02-16T23:00:00Z 250 -1 102 84 3.130000 8
2014-02-16T22:00:00Z 276 -1 106 84 3.350000 7
2014-02-16T21:00:00Z 277 314 109 80 3.270000 8
2014-02-16T20:00:00Z 280 -1 109 84 3.330000 14
2014-02-16T19:00:00Z 279 327 108 93 3.560000 25
2014-02-16T18:00:00Z 232 249 92 82 2.970000 43
2014-02-16T17:00:00Z 171 -1 66 59 1.930000 66
2014-03-04T04:00:00Z 169 235 77 71 2.450000 11
2014-03-04T03:00:00Z 203 269 82 72 2.911111 9
2014-03-04T02:00:00Z 238 285 93 83 3.708333 5
2014-03-04T01:00:00Z 239 296 98 98 3.916667 5
2014-03-04T00:00:00Z 231 285 99 99 3.933333 5
2014-03-03T23:00:00Z 231 271 102 105 4.150000 5
2014-03-03T22:00:00Z 231 273 103 106 4.341667 5
2014-03-03T21:00:00Z 232 271 105 111 4.391667 6
2014-03-03T20:00:00Z -1 -1 -1 -1 -1.000000 -1
2014-03-03T19:00:00Z 229 266 107 106 4.250000 6
2014-03-03T18:00:00Z 224 257 106 106 4.200000 6
2014-03-03T17:00:00Z 238 268 107 103 4.300000 6
2014-04-01T14:00:00Z -1 -1 -1 -1 -1.000000 -1
2014-04-01T13:00:00Z 146 159 66 28 1.050000 109
2014-04-01T12:00:00Z 148 154 64 34 1.116667 90
2014-04-01T11:00:00Z 166 139 64 38 1.250000 71
2014-04-01T10:00:00Z 184 201 74 33 1.463636 41
2014-04-01T09:00:00Z 171 195 74 21 1.491667 25
2014-04-01T08:00:00Z -1 -1 -1 -1 -1.000000 -1
2014-04-01T07:00:00Z 123 131 70 6 1.291667 6
2014-04-01T06:00:00Z 129 137 64 6 1.250000 11
2014-04-01T05:00:00Z 130 130 63 6 1.166667 12
2014-04-15T08:00:00Z 140 180 87 9 1.241667 14
2014-04-15T07:00:00Z 140 180 87 9 1.241667 14
2014-04-15T06:00:00Z 140 180 87 9 1.241667 14
2014-04-15T05:00:00Z 140 180 87 9 1.241667 14
2014-04-15T04:00:00Z 133 175 77 10 1.127273 27
2014-04-15T03:00:00Z 134 135 65 12 1.109091 44
2014-04-15T02:00:00Z 130 153 66 14 1.072727 52
2014-04-15T01:00:00Z 128 143 62 14 1.083333 62
2014-04-14T23:00:00Z 140 178 56 22 1.200000 81
2014-04-14T22:00:00Z 205 249 72 28 1.600000 86
2014-04-14T21:00:00Z 243 288 92 27 1.916667 86
2014-04-23T19:00:00Z 126 165 38 27 0.966667 139
2014-04-23T18:00:00Z 148 174 37 38 1.166667 155
2014-04-23T17:00:00Z 155 174 35 39 1.183333 163
2014-04-23T16:00:00Z 170 163 32 36 1.191667 170
2014-04-23T15:00:00Z 176 164 32 35 1.175000 159
2014-04-23T14:00:00Z 174 192 34 34 1.225000 138
2014-04-23T13:00:00Z 182 191 35 35 1.200000 120
2014-04-23T12:00:00Z -1 -1 -1 -1 -1.000000 -1
2014-04-23T11:00:00Z 171 192 49 29 1.018182 74
2014-04-23T10:00:00Z 156 186 48 26 0.981818 58
2014-04-23T09:00:00Z 143 180 50 22 0.941667 43
2014-04-23T08:00:00Z 123 169 59 16 0.941667 26
2014-05-16T00:00:00Z -1 -1 -1 -1 -1.000000 -1
2014-05-15T23:00:00Z 101 293 94 16 1.081818 37
2014-05-15T22:00:00Z 104 312 86 12 0.781818 53
2014-05-15T21:00:00Z 99 309 81 10 0.645455 62
2014-05-15T20:00:00Z 91 286 63 10 0.563636 87
2014-05-15T19:00:00Z 95 307 58 8 0.481818 101
2014-05-15T18:00:00Z 106 331 45 8 0.436364 119
2014-05-15T17:00:00Z 106 355 38 8 0.390909 127
2014-05-15T16:00:00Z -1 -1 -1 -1 -1.000000 -1
2014-05-15T15:00:00Z 90 289 35 7 0.354545 117
2014-05-15T14:00:00Z 80 268 41 10 0.372727 104
2014-05-20T06:00:00Z 127 169 49 9 1.191667 79
2014-05-20T05:00:00Z 170 223 79 10 1.491667 68
2014-05-20T04:00:00Z 192 257 72 13 1.641667 64
2014-05-20T03:00:00Z 194 262 81 15 1.591667 56
2014-05-20T02:00:00Z 183 250 81 14 1.550000 69
2014-05-20T01:00:00Z 170 244 80 14 1.525000 88
2014-05-20T00:00:00Z 165 240 83 13 1.541667 104
2014-05-19T23:00:00Z 149 240 108 11 1.591667 86
2014-05-19T22:00:00Z 133 232 101 10 1.400000 86
2014-05-19T21:00:00Z -1 -1 -1 -1 -1.000000 -1
2014-05-19T20:00:00Z 116 215 57 12 1.036364 166
2014-05-19T19:00:00Z 114 201 47 15 0.966667 200
2014-05-22T14:00:00Z 116 58 25 78 1.054545 240
2014-05-22T13:00:00Z 178 188 38 88 1.772727 262
2014-05-22T12:00:00Z -1 -1 -1 -1 -1.000000 -1
2014-05-22T11:00:00Z 283 351 78 110 2.790000 150
2014-05-22T10:00:00Z 280 361 84 102 2.790000 98
2014-05-22T09:00:00Z 262 347 85 86 2.518182 57
2014-05-22T08:00:00Z 231 311 85 69 2.133333 30
2014-05-22T07:00:00Z 207 278 88 60 2.008333 19
2014-05-22T06:00:00Z 188 254 88 55 1.950000 21
2014-05-22T05:00:00Z 186 241 94 12 2.016667 25
2014-05-22T04:00:00Z -1 -1 -1 -1 -1.000000 -1
2014-05-22T03:00:00Z 160 237 98 17 1.900000 46
2014-05-31T23:00:00Z -1 -1 -1 -1 -1.000000 -1
2014-05-31T22:00:00Z 122 376 33 18 1.362500 167
2014-05-31T21:00:00Z -1 -1 -1 -1 -1.000000 -1
2014-05-31T20:00:00Z 140 265 61 27 2.462500 212
2014-05-31T19:00:00Z 136 244 57 33 2.450000 265
2014-05-31T18:00:00Z 139 254 51 41 2.412500 294
2014-05-31T17:00:00Z 137 237 51 47 2.337500 304
2014-05-31T16:00:00Z 140 258 57 56 2.525000 299
2014-05-31T15:00:00Z 136 250 60 68 2.662500 271
2014-05-31T14:00:00Z 130 237 61 66 2.500000 246
2014-05-31T13:00:00Z 121 237 67 74 2.650000 196
2014-05-31T12:00:00Z -1 -1 -1 -1 -1.000000 -1
2014-06-17T03:00:00Z 146 234 17 8 0.845455 127
2014-06-17T02:00:00Z 196 245 24 8 1.100000 127
2014-06-17T01:00:00Z 207 242 31 7 1.225000 127
2014-06-17T00:00:00Z 169 204 39 4 1.241667 118
2014-06-16T23:00:00Z -1 -1 -1 -1 -1.000000 -1
2014-06-16T22:00:00Z 120 159 49 3 1.100000 130
2014-06-16T21:00:00Z 116 137 40 3 1.025000 160
2014-06-16T20:00:00Z 115 137 35 3 0.983333 189
2014-06-16T19:00:00Z -1 -1 -1 -1 -1.000000 -1
2014-06-16T18:00:00Z 116 133 30 4 0.941667 221
2014-06-16T17:00:00Z 128 145 27 5 0.925000 226
2014-06-16T16:00:00Z 117 170 26 5 0.900000 224
2014-07-19T00:00:00Z 114 128 53 3 1.100000 90
2014-07-18T23:00:00Z 118 130 43 3 1.158333 133
2014-07-18T22:00:00Z 116 140 38 3 1.150000 136
2014-07-18T21:00:00Z 116 127 35 4 1.150000 155
2014-07-18T20:00:00Z -1 -1 -1 -1 -1.000000 -1
2014-07-18T19:00:00Z 126 155 29 4 1.200000 200
2014-07-18T18:00:00Z 122 128 25 5 1.225000 213
2014-07-18T17:00:00Z -1 -1 -1 -1 -1.000000 -1
2014-07-18T16:00:00Z 131 155 22 7 1.527273 222
2014-07-18T15:00:00Z -1 -1 -1 -1 -1.000000 -1
2014-07-18T14:00:00Z 172 176 34 10 1.808333 222
2014-07-18T13:00:00Z 160 177 38 13 1.908333 179
2014-08-21T21:00:00Z 120 153 30 11 1.100000 148
2014-08-21T20:00:00Z 159 221 42 15 1.530000 191
2014-08-21T19:00:00Z 145 193 38 14 1.410000 223
2014-08-21T18:00:00Z 144 194 34 13 1.310000 259
2014-08-21T17:00:00Z 141 176 33 12 1.200000 272
2014-08-21T16:00:00Z 160 206 39 12 1.216667 280
2014-08-21T15:00:00Z 154 195 40 13 1.290909 251
2014-08-21T14:00:00Z -1 -1 -1 -1 -1.000000 -1
2014-08-21T13:00:00Z 148 169 44 13 1.236364 162
2014-08-21T12:00:00Z -1 -1 -1 -1 -1.000000 -1
2014-08-21T11:00:00Z 153 186 60 9 1.383333 77
2014-08-21T10:00:00Z 156 209 76 10 1.336364 53
2014-08-30T23:00:00Z 116 -1 35 3 1.150000 77
2014-08-30T22:00:00Z 132 156 49 3 1.358333 53
2014-08-30T21:00:00Z 136 150 58 4 1.550000 49
2014-08-30T20:00:00Z 138 154 62 4 1.725000 53
2014-08-30T19:00:00Z 141 186 57 5 1.941667 65
2014-08-30T18:00:00Z 146 176 54 7 2.141667 71
2014-08-30T17:00:00Z 141 157 52 8 2.058333 69
2014-08-30T16:00:00Z -1 -1 -1 -1 -1.000000 -1
2014-08-30T15:00:00Z 156 162 56 9 2.025000 68
2014-08-30T14:00:00Z 158 185 51 9 2.018182 69
2014-08-30T13:00:00Z 153 177 50 8 1.841667 58
2014-08-30T12:00:00Z 148 178 51 7 1.716667 48
2014-09-07T22:00:00Z 133 178 45 7 1.416667 93
2014-09-07T21:00:00Z 130 175 38 9 1.366667 120
2014-09-07T20:00:00Z 129 161 40 11 1.366667 139
2014-09-07T19:00:00Z 127 171 32 12 1.333333 165
2014-09-07T18:00:00Z 121 175 28 14 1.250000 180
2014-09-07T17:00:00Z 116 157 24 16 1.208333 189
2014-09-07T16:00:00Z 114 160 23 15 1.108333 191
2014-09-07T15:00:00Z 116 136 21 14 1.025000 182
2014-09-07T14:00:00Z 130 145 26 14 1.100000 165
2014-09-07T13:00:00Z 168 157 41 15 1.258333 133
2014-09-07T12:00:00Z -1 -1 -1 -1 -1.000000 -1
2014-09-07T11:00:00Z 206 231 67 9 1.541667 40
2014-09-21T05:00:00Z 114 106 46 14 2.183333 32
2014-09-21T04:00:00Z 138 122 46 10 1.900000 31
2014-09-21T03:00:00Z 149 118 45 7 1.727273 35
2014-09-21T02:00:00Z 169 179 47 6 1.525000 37
2014-09-21T01:00:00Z -1 -1 -1 -1 -1.000000 -1
2014-09-21T00:00:00Z 185 213 80 4 1.750000 42
2014-09-20T23:00:00Z -1 -1 -1 -1 -1.000000 -1
2014-09-20T22:00:00Z 165 201 77 4 1.566667 68
2014-09-20T21:00:00Z 151 193 76 5 1.483333 82
2014-09-20T20:00:00Z 140 167 64 5 1.375000 115
2014-09-20T19:00:00Z 131 173 55 7 1.283333 153
2014-09-20T18:00:00Z 118 168 47 8 1.181818 182
2014-09-26T23:00:00Z 131 -1 73 4 1.833333 8
2014-09-26T22:00:00Z 148 -1 78 4 1.925000 6
2014-09-26T21:00:00Z 155 -1 84 4 1.916667 5
2014-09-26T20:00:00Z 153 149 86 5 1.966667 6
2014-09-26T19:00:00Z 167 153 83 6 1.983333 14
2014-09-26T18:00:00Z 168 -1 78 7 1.983333 21
2014-09-26T17:00:00Z 160 156 67 8 1.800000 38
2014-09-26T16:00:00Z -1 -1 -1 -1 -1.000000 -1
2014-09-26T15:00:00Z 156 165 47 22 1.416667 77
2014-09-26T14:00:00Z 149 166 51 23 1.472727 70
2014-09-26T13:00:00Z 142 168 58 23 1.572727 49
2014-10-04T00:00:00Z 131 144 63 4 2.600000 3
2014-10-03T23:00:00Z 131 144 63 4 2.600000 3
2014-10-03T22:00:00Z -1 -1 -1 -1 -1.000000 -1
2014-10-03T21:00:00Z 137 157 71 4 2.366667 2
2014-10-03T20:00:00Z 145 174 72 5 2.233333 11
2014-10-03T19:00:00Z 145 174 72 5 2.233333 11
2014-10-03T18:00:00Z 141 155 71 5 2.166667 17
2014-10-03T17:00:00Z 139 167 65 7 2.111111 26
2014-10-03T16:00:00Z 114 129 58 10 1.922222 23
2014-10-03T15:00:00Z 114 129 58 10 1.922222 23
2014-10-11T18:00:00Z 154 -1 61 8 1.363636 38
2014-10-11T17:00:00Z 234 -1 76 8 1.809091 51
2014-10-11T16:00:00Z -1 -1 -1 -1 -1.000000 -1
2014-10-11T15:00:00Z 239 -1 62 11 1.845455 73
2014-10-11T14:00:00Z -1 -1 -1 -1 -1.000000 -1
2014-10-11T13:00:00Z 238 195 61 12 1.872727 65
2014-10-11T12:00:00Z 239 302 62 9 1.954545 50
2014-10-11T11:00:00Z 241 346 64 7 2.072727 37
2014-10-11T10:00:00Z 228 172 66 6 2.218182 28
2014-10-11T09:00:00Z 224 197 72 5 2.381818 16
2014-10-11T08:00:00Z 224 196 69 4 2.390909 15
2014-10-11T07:00:00Z 232 246 69 4 2.381818 15
2014-10-26T04:00:00Z 198 -1 56 4 1.427273 27
2014-10-26T03:00:00Z -1 -1 -1 -1 -1.000000 -1
2014-10-26T02:00:00Z 262 329 79 4 2.380000 14
2014-10-26T01:00:00Z -1 -1 -1 -1 -1.000000 -1
2014-10-26T00:00:00Z 320 372 108 5 3.018182 6
2014-10-25T23:00:00Z -1 -1 -1 -1 -1.000000 -1
2014-10-25T22:00:00Z 342 385 110 5 3.036364 11
2014-10-25T21:00:00Z 355 391 122 5 2.909091 9
2014-10-25T20:00:00Z -1 -1 -1 -1 -1.000000 -1
2014-10-25T19:00:00Z 378 417 124 6 2.709091 30
2014-10-25T18:00:00Z 374 436 120 7 2.572727 57
2014-10-25T17:00:00Z 370 429 117 11 2.454545 82
