 0.098230
 0.074637
 0.051724
 0.019832
 0.077813
 0.026917
 0.091354
 0.061025
 0.061479
 0.159706
 0.083711
 0.012704
 0.003733
 0.129593
 0.022686
 0.071461
 0.043557
 0.030519
 0.027677
 0.002216
 0.126327
 0.081897
 0.023332
 0.006300
 0.000907
 0.000467
 0.079319
 0.127732
 0.143067
 0.044238
 0.052607
 0.051951
 0.064882
 0.111863
 0.070220
 0.038010
 0.082002
 0.097323
 0.177858
 0.073730
 0.050363
 0.213540
 0.024151
 0.034710
 0.180424
 0.053085
 0.060572
 0.054726
 0.080535
 0.002949
 0.002949
 0.081321
 0.105490
 0.012477
 0.016334
 0.375015
 0.177088
 0.000350
 0.000000
 0.047868
 0.027295
 0.127625
 0.050974
 0.112296
 0.207993
 0.067377
 0.029265
 0.253937
 0.233931
 0.043557
 0.144056
 0.014464
 0.064201
 0.119445
 0.067374
 0.023679
 0.004434
 0.076412
 0.115362
 0.001050
 0.228675
 0.043330
 0.010965
 0.027732
 0.038964
 0.128874
 0.058076
 0.126560
 0.073720
 0.226202
 0.036048
 0.000681
 0.142241
 0.057096
 0.039081
 0.080914
 0.000907
 0.075091
 0.201142
 0.028222
 0.068512
 0.064882
 0.009301
 0.028385
 0.216313
 0.104583
 0.098215
 0.003499
 0.013377
 0.003266
 0.112069
 0.023820
 0.031534
 0.086661
 0.147206
 0.056261
 0.209845
 0.078386
 0.331933
 0.014347
 0.056261
 0.050363
 0.026012
 0.248777
 0.021098
 0.140620
 0.066021
 0.003849
 0.047358
 0.187276
 0.018149
 0.029045
 0.094249
 0.005366
 0.069419
 0.052036
 0.145514
 0.060772
 0.020881
 0.155853
 0.150356
 0.033827
 0.001166
 0.006199
 0.030328
 0.172868
 0.240946
 0.002722
 0.066138
 0.064520
 0.046197
 0.115472
 0.056261
 0.003630
 0.062762
 0.055465
 0.049266
 0.056715
 0.009301
 0.000816
 0.147308
 0.024144
 0.006882
 0.056573
 0.051724
 0.059613
 0.006362
 0.000816
 0.000000
 0.008972
 0.268984
 0.058076
 0.092332
 0.044465
 0.185799
 0.039781
 0.048775
 0.089594
 0.023491
 0.034060
 0.075544
 0.051044
 0.085278
 0.003966
 0.146040
 0.007667
 0.091800
 0.090865
 0.054830
 0.184211
