2013-06-05T04:00:00Z 61 53 106 123 92 96 25 44
2013-06-05T03:00:00Z 58 48 94 116 78 75 26 41
2013-06-05T02:00:00Z 61 46 107 113 74 90 59 36
2013-06-05T01:00:00Z 64 43 111 109 64 88 85 38
2013-06-05T00:00:00Z 57 41 88 102 59 88 125 34
2013-06-04T23:00:00Z 56 50 101 105 60 79 100 39
2013-06-04T22:00:00Z 67 57 118 118 69 63 69 37
2013-06-04T21:00:00Z 71 52 118 97 76 60 85 37
2013-06-04T20:00:00Z 71 57 117 93 68 66 68 45
2013-06-04T19:00:00Z 76 50 120 110 62 91 104 36
2013-06-04T18:00:00Z 79 41 147 113 70 87 95 40
2013-06-04T17:00:00Z 68 34 198 111 77 73 132 41
2013-06-09T13:00:00Z 10 12 22 94 44 118 11 45
2013-06-09T12:00:00Z 14 18 119 16 87 96 12 49
2013-06-09T11:00:00Z 24 16 172 18 112 97 12 52
2013-06-09T10:00:00Z 107 16 160 148 108 129 13 61
2013-06-09T09:00:00Z 110 19 140 155 97 140 13 68
2013-06-09T08:00:00Z 99 26 132 159 90 175 14 65
2013-06-09T07:00:00Z 89 57 137 162 83 182 15 60
2013-06-09T06:00:00Z 74 104 172 170 79 141 15 59
2013-06-09T05:00:00Z 75 123 189 170 73 144 15 52
2013-06-09T04:00:00Z 74 107 190 167 68 153 13 57
2013-06-09T03:00:00Z 67 114 192 173 65 164 24 52
2013-06-09T02:00:00Z 72 120 210 177 61 114 19 48
2013-06-17T10:00:00Z 55 15 239 68 125 103 9 21
2013-06-17T09:00:00Z 33 22 242 70 142 98 10 22
2013-06-17T08:00:00Z 40 26 269 104 165 114 12 25
2013-06-17T07:00:00Z 51 14 271 132 198 122 11 32
2013-06-17T06:00:00Z 62 12 265 157 202 162 17 32
2013-06-17T05:00:00Z 98 11 274 205 186 209 20 43
2013-06-17T04:00:00Z 144 9 299 222 169 181 34 48
2013-06-17T03:00:00Z 186 9 325 239 175 167 28 46
2013-06-17T02:00:00Z 196 7 352 240 157 191 18 43
2013-06-17T01:00:00Z 202 9 374 238 159 202 16 49
2013-06-17T00:00:00Z 205 10 374 239 170 207 17 47
2013-06-16T23:00:00Z 211 7 356 243 178 207 21 53
2013-06-27T13:00:00Z 189 23 31 102 123 230 10 105
2013-06-27T12:00:00Z 208 34 25 83 106 231 4 70
2013-06-27T11:00:00Z 229 39 33 124 122 196 5 55
2013-06-27T10:00:00Z 260 28 39 118 126 178 7 102
2013-06-27T09:00:00Z 307 28 51 142 121 169 8 83
2013-06-27T08:00:00Z 304 29 37 161 134 184 13 113
2013-06-27T07:00:00Z 275 22 33 128 143 195 26 138
2013-06-27T06:00:00Z 252 19 22 130 161 239 24 92
2013-06-27T05:00:00Z 228 24 23 149 148 309 12 106
2013-06-27T04:00:00Z 175 18 26 117 101 339 17 130
2013-06-27T03:00:00Z 95 16 41 77 119 307 24 130
2013-06-27T02:00:00Z 52 17 52 59 121 373 24 117
2013-07-20T09:00:00Z 179 14 154 170 171 87 18 17
2013-07-20T08:00:00Z 176 14 171 196 175 88 19 19
2013-07-20T07:00:00Z 161 14 165 187 165 79 16 18
2013-07-20T06:00:00Z 152 16 168 183 154 88 11 13
2013-07-20T05:00:00Z 150 18 160 165 140 75 15 31
2013-07-20T04:00:00Z 153 18 170 155 149 148 15 38
2013-07-20T03:00:00Z 144 20 135 168 146 186 18 46
2013-07-20T02:00:00Z 128 17 135 163 137 177 21 50
2013-07-20T01:00:00Z 126 15 121 166 133 162 25 64
2013-07-20T00:00:00Z 133 19 136 152 131 154 27 119
2013-07-19T23:00:00Z 130 21 134 141 130 147 29 106
2013-07-19T22:00:00Z 125 20 124 135 129 131 44 65
2013-08-17T09:00:00Z 42 35 38 61 63 210 40 100
2013-08-17T08:00:00Z 68 48 40 73 96 195 70 108
2013-08-17T07:00:00Z 111 47 35 67 98 197 65 95
2013-08-17T06:00:00Z 109 34 41 71 136 211 52 89
2013-08-17T05:00:00Z 93 40 56 58 150 223 35 78
2013-08-17T04:00:00Z 73 39 67 58 146 225 23 88
2013-08-17T03:00:00Z 68 37 59 49 158 223 16 72
2013-08-17T02:00:00Z 66 63 55 53 151 224 14 90
2013-08-17T01:00:00Z 67 65 49 48 136 219 25 91
2013-08-17T00:00:00Z 67 78 42 51 97 211 41 67
2013-08-16T23:00:00Z 114 76 36 51 86 214 39 55
2013-08-16T22:00:00Z 195 88 115 55 75 194 47 50
2013-09-13T09:00:00Z 36 17 236 91 91 100 45 56
2013-09-13T08:00:00Z 33 15 255 81 63 103 48 52
2013-09-13T07:00:00Z 30 17 235 53 54 105 48 48
2013-09-13T06:00:00Z 26 19 206 47 45 115 45 54
2013-09-13T05:00:00Z 26 23 174 41 43 181 47 155
2013-09-13T04:00:00Z 28 18 186 37 40 188 49 119
2013-09-13T03:00:00Z 32 16 186 39 46 191 50 86
2013-09-13T02:00:00Z 24 17 206 27 119 221 40 73
2013-09-13T01:00:00Z 109 27 223 25 176 200 33 102
2013-09-13T00:00:00Z 205 52 207 97 181 171 37 94
2013-09-12T23:00:00Z 221 103 197 129 184 172 25 98
2013-09-12T22:00:00Z 221 93 180 134 182 119 61 90
2013-10-07T17:00:00Z 11 13 257 49 70 99 8 27
2013-10-07T16:00:00Z 14 13 224 70 68 76 9 37
2013-10-07T15:00:00Z 19 13 253 87 82 60 11 45
2013-10-07T14:00:00Z 32 16 241 101 85 54 6 53
2013-10-07T13:00:00Z 46 18 234 131 88 62 6 63
2013-10-07T12:00:00Z 76 25 272 167 89 135 4 73
2013-10-07T11:00:00Z 132 64 297 182 89 171 6 91
2013-10-07T10:00:00Z 150 98 339 174 87 202 9 86
2013-10-07T09:00:00Z 142 93 340 168 83 226 9 75
2013-10-07T08:00:00Z 139 85 322 165 77 235 9 68
2013-10-07T07:00:00Z 145 85 319 165 73 215 8 59
2013-10-07T06:00:00Z 151 88 317 162 67 173 8 60
2013-10-10T17:00:00Z 138 98 259 202 160 194 44 170
2013-10-10T16:00:00Z 144 102 270 212 167 197 48 167
2013-10-10T15:00:00Z 149 105 283 224 172 199 52 161
2013-10-10T14:00:00Z 153 108 296 235 174 200 55 155
2013-10-10T13:00:00Z 157 111 308 246 190 198 59 148
2013-10-10T12:00:00Z 151 114 318 258 192 190 62 142
2013-10-10T11:00:00Z 153 116 326 271 190 181 65 137
2013-10-10T10:00:00Z 152 114 333 281 183 174 66 132
2013-10-10T09:00:00Z 149 112 339 286 176 170 67 127
2013-10-10T08:00:00Z 148 110 343 288 169 165 68 122
2013-10-10T07:00:00Z 147 108 342 290 162 160 69 118
2013-10-10T06:00:00Z 145 105 337 291 156 155 70 114
2013-10-19T18:00:00Z 11 12 19 41 33 114 16 165
2013-10-19T17:00:00Z 9 8 19 37 27 109 11 209
2013-10-19T16:00:00Z 10 9 18 42 30 120 7 230
2013-10-19T15:00:00Z 9 8 14 55 43 123 27 205
2013-10-19T14:00:00Z 9 8 22 81 51 132 11 208
2013-10-19T13:00:00Z 11 12 24 117 63 258 13 212
2013-10-19T12:00:00Z 11 16 36 150 83 276 13 212
2013-10-19T11:00:00Z 16 21 120 200 120 262 13 242
2013-10-19T10:00:00Z 18 30 270 219 163 262 15 210
2013-10-19T09:00:00Z 60 39 304 244 206 292 20 181
2013-10-29T17:00:00Z 8 13 119 36 27 56 15 32
2013-10-29T16:00:00Z 8 10 130 38 28 52 5 34
2013-10-29T15:00:00Z 10 8 153 23 28 58 6 30
2013-10-29T14:00:00Z 10 8 158 16 32 46 7 26
2013-10-29T13:00:00Z 14 95 171 21 39 42 10 20
2013-10-29T12:00:00Z 12 122 210 39 57 43 11 17
2013-10-29T11:00:00Z 19 43 265 88 99 56 12 52
2013-10-29T10:00:00Z 22 34 264 165 151 94 18 57
2013-10-29T09:00:00Z 28 45 277 233 194 127 49 59
2013-10-29T08:00:00Z 47 55 269 251 196 114 24 60
2013-10-29T07:00:00Z 90 48 307 266 197 95 27 59
2013-10-29T06:00:00Z 94 45 337 283 198 85 39 59
2013-11-09T19:00:00Z 64 18 120 216 178 141 24 31
2013-11-09T18:00:00Z 69 19 116 208 182 240 21 32
2013-11-09T17:00:00Z 65 22 115 205 186 222 15 35
2013-11-09T16:00:00Z -1 44 114 192 192 230 11 38
2013-11-09T15:00:00Z -1 72 109 186 185 246 10 39
2013-11-09T14:00:00Z -1 105 132 204 179 267 13 54
2013-11-09T13:00:00Z -1 108 160 199 177 332 13 62
2013-11-09T12:00:00Z -1 117 163 182 182 349 18 81
2013-11-09T11:00:00Z -1 119 186 189 186 337 21 96
2013-11-09T10:00:00Z -1 129 176 171 193 306 45 89
2013-11-09T09:00:00Z -1 121 191 159 192 282 50 95
2013-11-09T08:00:00Z -1 -1 -1 -1 -1 -1 -1 -1
2013-11-14T16:00:00Z 35 4 44 38 59 9 21 20
2013-11-14T15:00:00Z -1 4 49 16 40 8 21 24
2013-11-14T14:00:00Z 14 4 48 15 32 12 21 27
2013-11-14T13:00:00Z 14 4 36 16 33 17 22 44
2013-11-14T12:00:00Z 22 8 42 26 60 34 20 65
2013-11-14T11:00:00Z 20 71 73 81 100 107 23 117
2013-11-14T10:00:00Z 31 -1 76 209 99 154 32 169
2013-11-14T09:00:00Z 56 -1 80 277 100 189 47 200
2013-11-14T08:00:00Z 200 -1 82 322 125 219 43 185
2013-11-24T17:00:00Z 53 40 43 182 47 31 37 20
2013-11-24T16:00:00Z 49 48 53 115 40 27 37 13
2013-11-24T15:00:00Z 35 50 315 99 37 25 41 102
2013-11-24T14:00:00Z 37 63 53 117 37 30 42 128
2013-11-24T13:00:00Z 44 61 41 173 61 109 60 139
2013-11-24T12:00:00Z 41 55 34 354 105 240 72 146
2013-11-24T11:00:00Z 36 74 48 429 136 362 70 219
2013-11-24T10:00:00Z 41 67 42 444 146 547 75 196
2013-11-24T09:00:00Z 78 58 51 460 169 625 58 188
2013-11-24T08:00:00Z 107 62 45 460 224 495 47 204
2013-11-24T07:00:00Z 149 59 272 422 278 510 58 205
2013-11-24T06:00:00Z 204 54 390 373 362 485 60 221
2013-12-09T06:00:00Z 8 15 18 23 13 25 10 18
2013-12-09T05:00:00Z 7 13 18 24 12 22 13 18
2013-12-09T04:00:00Z 10 16 21 24 11 21 16 20
2013-12-09T03:00:00Z 12 16 24 22 14 23 16 25
2013-12-09T02:00:00Z 10 20 31 16 13 19 19 40
2013-12-09T01:00:00Z 13 15 42 29 13 25 21 54
2013-12-09T00:00:00Z 8 15 81 39 17 108 18 57
2013-12-08T23:00:00Z 14 17 193 39 22 373 14 151
2013-12-08T22:00:00Z -1 -1 -1 -1 -1 -1 -1 -1
2013-12-08T21:00:00Z -1 -1 -1 -1 -1 -1 -1 -1
2013-12-08T20:00:00Z -1 -1 -1 -1 -1 -1 -1 -1
2013-12-08T19:00:00Z 387 57 389 431 299 400 19 266
2013-12-26T04:00:00Z 11 11 24 19 12 32 20 24
2013-12-26T03:00:00Z 13 10 25 26 12 32 21 18
2013-12-26T02:00:00Z 9 11 28 20 13 34 20 17
2013-12-26T01:00:00Z 11 14 46 22 16 37 24 41
2013-12-26T00:00:00Z 18 15 92 28 19 49 26 80
2013-12-25T23:00:00Z 19 20 372 51 31 90 27 137
2013-12-25T22:00:00Z 28 20 624 276 129 247 31 212
2013-12-25T21:00:00Z 34 16 850 621 407 457 31 287
2013-12-25T20:00:00Z 101 19 861 563 617 532 27 303
2013-12-25T19:00:00Z 371 29 817 504 589 515 26 297
2013-12-25T18:00:00Z -1 -1 -1 -1 -1 -1 -1 -1
2013-12-25T17:00:00Z 347 139 867 463 545 503 16 303
2014-01-03T01:00:00Z 240 98 254 411 185 224 52 141
2014-01-03T00:00:00Z 252 108 304 384 185 202 35 126
2014-01-02T23:00:00Z 242 115 281 375 174 222 41 122
2014-01-02T22:00:00Z 258 116 265 307 170 255 100 108
2014-01-02T21:00:00Z 259 129 259 297 167 215 184 97
2014-01-02T20:00:00Z 203 128 252 253 163 171 139 83
2014-01-02T19:00:00Z 167 115 222 255 163 136 104 49
2014-01-02T18:00:00Z 156 86 162 259 137 123 54 38
2014-01-02T17:00:00Z 140 72 198 235 143 127 41 34
2014-01-02T16:00:00Z 142 68 155 217 124 127 43 25
2014-01-02T15:00:00Z 130 57 98 194 135 112 36 25
2014-01-02T14:00:00Z 115 55 95 202 129 103 39 31
2014-01-05T05:00:00Z 212 106 229 190 86 148 41 46
2014-01-05T04:00:00Z 185 96 225 200 95 143 62 49
2014-01-05T03:00:00Z 187 96 223 196 119 177 38 42
2014-01-05T02:00:00Z 196 108 242 220 108 147 42 43
2014-01-05T01:00:00Z 219 90 255 208 96 114 38 50
2014-01-05T00:00:00Z 199 113 276 200 86 98 41 61
2014-01-04T23:00:00Z 165 91 296 213 87 84 55 54
2014-01-04T22:00:00Z 138 113 312 217 79 77 60 40
2014-01-04T21:00:00Z 141 110 315 202 77 69 62 36
2014-01-04T20:00:00Z 143 117 299 210 74 57 122 28
2014-01-04T19:00:00Z 136 103 236 228 78 47 120 31
2014-01-04T18:00:00Z 119 59 240 227 72 32 72 36
2014-01-19T21:00:00Z 269 17 26 225 306 291 29 209
2014-01-19T20:00:00Z 275 22 88 328 297 290 30 194
2014-01-19T19:00:00Z 282 47 308 306 291 269 35 163
2014-01-19T18:00:00Z 255 73 367 265 279 260 32 138
2014-01-19T17:00:00Z 188 63 299 247 277 254 30 119
2014-01-19T16:00:00Z 252 93 412 227 270 238 27 102
2014-01-19T15:00:00Z -1 -1 -1 -1 -1 -1 -1 -1
2014-01-19T14:00:00Z 199 69 422 172 229 220 32 98
2014-01-19T13:00:00Z 183 56 429 184 206 221 45 100
2014-01-19T12:00:00Z 159 64 380 216 183 202 81 68
2014-01-19T11:00:00Z 144 50 309 267 167 181 84 62
2014-01-19T10:00:00Z 141 57 353 329 157 146 85 63
2014-01-24T13:00:00Z 253 170 280 225 214 271 16 174
2014-01-24T12:00:00Z 256 175 300 217 219 263 19 177
2014-01-24T11:00:00Z 252 164 329 234 230 241 27 186
2014-01-24T10:00:00Z 280 163 345 245 227 233 27 167
2014-01-24T09:00:00Z 283 158 329 225 220 258 32 168
2014-01-24T08:00:00Z 314 160 328 237 202 272 39 169
2014-01-24T07:00:00Z 317 162 330 249 194 310 49 158
2014-01-24T06:00:00Z 324 151 342 267 188 331 50 150
2014-01-24T05:00:00Z 320 166 340 278 188 316 54 158
2014-01-24T04:00:00Z 332 153 352 294 200 310 57 154
2014-01-24T03:00:00Z 336 152 365 284 199 305 69 159
2014-01-24T02:00:00Z 350 158 374 292 193 291 53 153
2014-01-30T02:00:00Z 273 151 195 242 194 292 35 159
2014-01-30T01:00:00Z 292 158 196 224 191 293 29 154
2014-01-30T00:00:00Z 289 146 192 194 162 296 26 154
2014-01-29T23:00:00Z 297 145 210 204 124 268 27 157
2014-01-29T22:00:00Z 297 143 243 206 117 215 26 155
2014-01-29T21:00:00Z 285 143 262 193 111 190 20 143
2014-01-29T20:00:00Z 261 120 253 179 103 158 22 116
2014-01-29T19:00:00Z 250 108 277 185 102 138 19 93
2014-01-29T18:00:00Z 241 95 289 186 101 136 37 92
2014-01-29T17:00:00Z 249 99 308 185 100 122 105 75
2014-01-29T16:00:00Z 257 87 336 178 89 127 187 58
2014-01-29T15:00:00Z 212 69 340 165 89 103 176 52
2014-02-02T09:00:00Z 173 122 192 212 130 148 53 106
2014-02-02T08:00:00Z 173 114 189 197 108 112 56 107
2014-02-02T07:00:00Z -1 -1 -1 -1 -1 -1 -1 -1
2014-02-02T06:00:00Z 130 116 169 193 66 83 56 104
2014-02-02T05:00:00Z 96 141 170 189 53 82 106 97
2014-02-02T04:00:00Z 82 125 182 189 53 96 169 107
2014-02-02T03:00:00Z 71 132 211 171 56 88 175 124
2014-02-02T02:00:00Z 74 134 205 151 57 88 179 120
2014-02-02T01:00:00Z 88 115 199 138 63 88 203 106
2014-02-02T00:00:00Z 99 145 200 131 64 94 214 86
2014-02-01T23:00:00Z 105 157 181 119 80 100 227 74
2014-02-01T22:00:00Z 88 159 171 111 75 129 269 70
2014-02-12T07:00:00Z 190 64 263 267 157 144 40 116
2014-02-12T06:00:00Z 217 56 267 261 142 126 33 128
2014-02-12T05:00:00Z 222 74 276 220 122 119 37 135
2014-02-12T04:00:00Z 223 66 284 226 115 129 41 150
2014-02-12T03:00:00Z 206 84 270 247 109 134 41 143
2014-02-12T02:00:00Z 203 87 256 250 107 125 40 136
2014-02-12T01:00:00Z 175 93 261 229 95 128 43 130
2014-02-12T00:00:00Z 166 89 252 216 88 122 60 132
2014-02-11T23:00:00Z 150 86 249 212 80 139 56 127
2014-02-11T22:00:00Z 131 89 257 197 75 131 56 129
2014-02-11T21:00:00Z 112 82 203 179 69 131 60 123
2014-02-11T20:00:00Z 101 64 189 155 63 -1 68 107
2014-02-17T04:00:00Z 92 53 277 241 49 65 27 53
2014-02-17T03:00:00Z 109 58 295 242 45 65 26 51
2014-02-17T02:00:00Z 127 56 286 244 44 62 32 52
2014-02-17T01:00:00Z 146 62 285 244 44 63 36 57
2014-02-17T00:00:00Z 132 76 308 253 46 64 32 54
2014-02-16T23:00:00Z 140 70 309 250 45 52 30 53
2014-02-16T22:00:00Z 167 63 316 264 48 47 31 53
2014-02-16T21:00:00Z 172 71 315 269 63 39 31 54
2014-02-16T20:00:00Z 173 69 352 288 71 31 37 52
2014-02-16T19:00:00Z 171 43 356 247 71 33 44 46
2014-02-16T18:00:00Z 161 31 367 224 79 33 25 44
2014-02-16T17:00:00Z 191 28 350 258 98 40 23 26
2014-03-04T04:00:00Z 192 115 259 218 169 173 36 131
2014-03-04T03:00:00Z 207 145 298 237 173 216 25 133
2014-03-04T02:00:00Z 214 158 331 240 165 219 36 130
2014-03-04T01:00:00Z 209 167 325 225 166 245 20 122
2014-03-04T00:00:00Z 215 172 343 227 166 231 56 136
2014-03-03T23:00:00Z 211 195 368 246 161 224 17 121
2014-03-03T22:00:00Z 202 178 379 268 167 177 15 91
2014-03-03T21:00:00Z 192 164 390 281 172 182 19 88
2014-03-03T20:00:00Z -1 -1 -1 -1 -1 -1 -1 -1
2014-03-03T19:00:00Z 181 175 383 280 209 165 123 96
2014-03-03T18:00:00Z 183 150 374 287 199 174 180 74
2014-03-03T17:00:00Z 172 116 354 274 187 168 170 68
2014-04-01T14:00:00Z 106 37 72 62 99 103 19 133
2014-04-01T13:00:00Z 141 56 92 91 112 144 16 173
2014-04-01T12:00:00Z 211 71 83 97 125 166 21 168
2014-04-01T11:00:00Z 217 72 94 104 149 181 25 140
2014-04-01T10:00:00Z 205 78 106 113 156 232 31 138
2014-04-01T09:00:00Z 179 84 117 96 141 258 26 123
2014-04-01T08:00:00Z 126 87 110 100 130 233 32 116
2014-04-01T07:00:00Z 156 83 102 111 132 215 32 109
2014-04-01T06:00:00Z 154 78 95 123 128 185 30 120
2014-04-01T05:00:00Z 157 77 91 114 129 168 32 110
2014-04-15T08:00:00Z 89 19 114 111 124 142 108 17
2014-04-15T07:00:00Z 81 29 108 82 117 122 93 19
2014-04-15T06:00:00Z 65 26 103 82 107 115 79 60
2014-04-15T05:00:00Z 59 31 91 74 98 106 55 99
2014-04-15T04:00:00Z 51 98 94 73 90 88 72 122
2014-04-15T03:00:00Z 44 141 93 70 89 84 61 117
2014-04-15T02:00:00Z 41 138 94 64 83 83 73 98
2014-04-15T01:00:00Z 41 143 87 52 80 82 91 88
2014-04-14T23:00:00Z 35 149 71 48 77 104 80 87
2014-04-14T22:00:00Z 43 139 62 52 72 114 78 93
2014-04-14T21:00:00Z 135 123 59 49 66 114 45 91
2014-04-23T19:00:00Z 62 111 67 65 78 83 18 96
2014-04-23T18:00:00Z 70 101 65 64 76 88 16 108
2014-04-23T17:00:00Z 92 65 64 71 80 83 14 141
2014-04-23T16:00:00Z 105 40 72 97 81 86 16 120
2014-04-23T15:00:00Z 138 39 102 118 85 99 16 112
2014-04-23T14:00:00Z 138 38 153 122 98 104 14 74
2014-04-23T13:00:00Z 137 35 189 137 109 111 17 73
2014-04-23T12:00:00Z -1 -1 -1 -1 -1 -1 -1 -1
2014-04-23T11:00:00Z 125 43 193 157 111 124 20 98
2014-04-23T10:00:00Z 137 40 191 149 122 131 21 121
2014-04-23T09:00:00Z 123 56 174 134 136 157 24 104
2014-04-23T08:00:00Z 126 59 147 135 147 168 26 93
2014-05-16T00:00:00Z 95 35 54 62 72 47 17 74
2014-05-15T23:00:00Z 98 40 57 64 79 60 14 76
2014-05-15T22:00:00Z 87 32 50 62 81 81 17 90
2014-05-15T21:00:00Z 79 20 60 52 82 64 23 68
2014-05-15T20:00:00Z 72 13 57 55 89 60 65 56
2014-05-15T19:00:00Z 79 12 44 52 91 65 26 36
2014-05-15T18:00:00Z 116 10 38 48 111 54 32 24
2014-05-15T17:00:00Z 97 10 35 47 113 53 29 11
2014-05-15T16:00:00Z -1 -1 -1 -1 -1 -1 -1 -1
2014-05-15T15:00:00Z 73 9 31 46 96 31 47 16
2014-05-15T14:00:00Z 57 8 32 52 83 25 81 17
2014-05-20T06:00:00Z 242 75 104 116 141 267 15 56
2014-05-20T05:00:00Z 208 90 96 119 139 249 16 57
2014-05-20T04:00:00Z 234 95 101 127 137 269 9 57
2014-05-20T03:00:00Z 215 104 104 119 130 258 10 50
2014-05-20T02:00:00Z 209 121 89 132 121 253 8 45
2014-05-20T01:00:00Z 199 104 79 120 114 260 8 48
2014-05-20T00:00:00Z 183 114 89 121 113 248 11 44
2014-05-19T23:00:00Z 185 91 88 115 114 235 21 45
2014-05-19T22:00:00Z 183 97 90 109 132 228 23 62
2014-05-19T21:00:00Z -1 -1 -1 -1 -1 -1 -1 -1
2014-05-19T20:00:00Z 144 62 101 103 120 217 9 61
2014-05-19T19:00:00Z 138 41 102 82 112 202 6 63
2014-05-22T14:00:00Z 55 79 104 75 67 76 15 38
2014-05-22T13:00:00Z 69 80 98 85 85 110 19 38
2014-05-22T12:00:00Z -1 -1 -1 -1 -1 -1 -1 -1
2014-05-22T11:00:00Z 166 100 137 130 127 150 25 34
2014-05-22T10:00:00Z 207 81 138 137 148 173 22 38
2014-05-22T09:00:00Z 225 89 122 117 146 198 23 34
2014-05-22T08:00:00Z 220 102 118 106 137 244 30 43
2014-05-22T07:00:00Z 204 95 125 111 137 258 30 48
2014-05-22T06:00:00Z 198 83 128 132 146 270 23 78
2014-05-22T05:00:00Z 193 88 122 142 153 257 25 78
2014-05-22T04:00:00Z 190 84 103 167 172 242 22 85
2014-05-22T03:00:00Z 181 73 94 198 182 255 31 80
2014-05-31T23:00:00Z 89 75 86 96 84 194 16 31
2014-05-31T22:00:00Z -1 70 101 89 113 184 20 28
2014-05-31T21:00:00Z 155 65 84 86 146 164 19 26
2014-05-31T20:00:00Z 131 50 88 98 146 165 24 24
2014-05-31T19:00:00Z 117 60 90 146 133 133 22 25
2014-05-31T18:00:00Z 120 61 109 130 132 116 19 27
2014-05-31T17:00:00Z 118 62 224 125 126 110 18 27
2014-05-31T16:00:00Z 126 62 234 108 127 107 22 25
2014-05-31T15:00:00Z 123 59 220 113 128 117 25 24
2014-05-31T14:00:00Z 129 59 209 106 128 141 33 26
2014-05-31T13:00:00Z 133 60 204 114 136 141 27 28
2014-05-31T12:00:00Z 103 57 195 107 137 135 33 26
2014-06-17T03:00:00Z 116 158 158 157 112 135 68 125
2014-06-17T02:00:00Z 126 146 157 150 116 160 64 122
2014-06-17T01:00:00Z 143 122 152 183 121 202 66 109
2014-06-17T00:00:00Z 202 128 147 172 127 243 51 116
2014-06-16T23:00:00Z 188 122 176 159 138 262 46 138
2014-06-16T22:00:00Z 126 144 167 141 142 221 31 143
2014-06-16T21:00:00Z 119 152 130 107 151 206 43 142
2014-06-16T20:00:00Z 114 178 125 81 153 241 41 124
2014-06-16T19:00:00Z 114 158 121 86 152 186 32 119
2014-06-16T18:00:00Z 115 131 120 79 126 150 33 143
2014-06-16T17:00:00Z 102 111 131 96 99 144 33 146
2014-06-16T16:00:00Z 114 103 138 95 85 110 23 166
2014-07-19T00:00:00Z 65 114 57 38 90 126 49 80
2014-07-18T23:00:00Z 64 112 52 37 76 116 42 92
2014-07-18T22:00:00Z 62 97 56 53 58 116 38 117
2014-07-18T21:00:00Z 62 102 53 68 47 115 32 141
2014-07-18T20:00:00Z 62 111 49 59 43 115 29 118
2014-07-18T19:00:00Z 57 117 49 68 45 130 23 81
2014-07-18T18:00:00Z 63 115 62 62 54 127 24 83
2014-07-18T17:00:00Z -1 -1 -1 -1 -1 -1 -1 -1
2014-07-18T16:00:00Z 78 117 90 82 54 127 35 69
2014-07-18T15:00:00Z 83 118 126 101 59 98 41 66
2014-07-18T14:00:00Z 95 124 155 114 64 126 42 52
2014-07-18T13:00:00Z 111 124 210 109 70 140 40 52
2014-08-21T21:00:00Z 119 28 58 190 57 88 22 66
2014-08-21T20:00:00Z 118 37 75 226 50 91 36 77
2014-08-21T19:00:00Z 107 35 92 192 50 78 27 85
2014-08-21T18:00:00Z 96 40 156 183 48 73 27 63
2014-08-21T17:00:00Z 86 46 176 186 52 78 23 55
2014-08-21T16:00:00Z 91 45 149 169 55 72 24 73
2014-08-21T15:00:00Z 116 47 154 161 61 74 26 68
2014-08-21T14:00:00Z 132 46 154 165 69 86 34 62
2014-08-21T13:00:00Z -1 -1 -1 -1 -1 -1 -1 -1
2014-08-21T12:00:00Z 137 39 99 150 61 86 21 80
2014-08-21T11:00:00Z 132 35 99 153 75 137 17 99
2014-08-21T10:00:00Z 136 29 101 161 123 148 17 121
2014-08-30T23:00:00Z 79 76 84 161 73 55 21 34
2014-08-30T22:00:00Z 61 76 85 155 72 50 20 27
2014-08-30T21:00:00Z 60 78 82 165 59 43 23 38
2014-08-30T20:00:00Z 96 92 73 163 50 42 31 23
2014-08-30T19:00:00Z 82 77 77 142 41 42 50 19
2014-08-30T18:00:00Z 75 98 94 125 43 45 59 17
2014-08-30T17:00:00Z 71 84 99 146 67 34 57 18
2014-08-30T16:00:00Z 79 77 117 132 -1 42 52 19
2014-08-30T15:00:00Z -1 -1 -1 -1 76 -1 -1 -1
2014-08-30T14:00:00Z 99 64 130 121 75 41 52 28
2014-08-30T13:00:00Z 102 49 133 116 77 37 47 30
2014-08-30T12:00:00Z 116 49 117 123 74 37 48 33
2014-09-07T22:00:00Z 112 99 113 250 103 180 6 81
2014-09-07T21:00:00Z 110 93 92 243 98 188 10 65
2014-09-07T20:00:00Z 96 86 74 225 91 128 12 71
2014-09-07T19:00:00Z 83 64 82 176 92 103 14 59
2014-09-07T18:00:00Z 92 62 94 140 95 96 43 68
2014-09-07T17:00:00Z 96 54 93 122 96 82 38 84
2014-09-07T16:00:00Z 96 53 99 123 102 92 36 85
2014-09-07T15:00:00Z 95 50 116 106 102 230 61 83
2014-09-07T14:00:00Z 102 55 120 100 99 80 72 79
2014-09-07T13:00:00Z 122 60 130 123 114 105 79 84
2014-09-07T12:00:00Z 134 75 128 134 125 145 89 78
2014-09-07T11:00:00Z 133 83 127 140 134 224 95 66
2014-09-21T05:00:00Z 121 21 148 182 47 34 15 14
2014-09-21T04:00:00Z 112 20 148 156 44 35 14 13
2014-09-21T03:00:00Z 130 20 147 160 48 38 21 16
2014-09-21T02:00:00Z 151 24 143 158 79 43 21 15
2014-09-21T01:00:00Z -1 -1 -1 -1 103 -1 -1 -1
2014-09-21T00:00:00Z 168 19 126 166 -1 56 15 14
2014-09-20T23:00:00Z 163 24 128 156 127 77 16 20
2014-09-20T22:00:00Z 177 26 138 168 121 119 15 26
2014-09-20T21:00:00Z 152 36 140 170 115 112 13 32
2014-09-20T20:00:00Z 142 29 136 144 112 92 9 32
2014-09-20T19:00:00Z 133 22 132 128 106 86 6 38
2014-09-20T18:00:00Z 123 22 110 123 101 82 5 51
2014-09-26T23:00:00Z 162 113 141 165 160 107 18 48
2014-09-26T22:00:00Z 176 98 147 179 176 101 14 45
2014-09-26T21:00:00Z 199 103 143 202 174 93 12 66
2014-09-26T20:00:00Z 194 112 133 204 164 109 7 81
2014-09-26T19:00:00Z 177 117 127 192 135 133 13 74
2014-09-26T18:00:00Z 167 96 128 181 129 130 14 44
2014-09-26T17:00:00Z 160 90 119 169 137 128 13 30
2014-09-26T16:00:00Z -1 -1 113 -1 137 117 -1 15
2014-09-26T15:00:00Z 159 67 -1 127 -1 -1 13 -1
2014-09-26T14:00:00Z 166 66 113 131 131 53 15 12
2014-09-26T13:00:00Z 159 68 117 130 137 26 24 14
2014-10-04T00:00:00Z 85 45 119 152 22 41 25 34
2014-10-03T23:00:00Z 114 51 151 162 26 40 23 41
2014-10-03T22:00:00Z 127 43 147 178 33 41 20 41
2014-10-03T21:00:00Z 146 46 155 169 41 40 21 36
2014-10-03T20:00:00Z 149 52 150 170 40 42 16 33
2014-10-03T19:00:00Z 148 39 107 156 37 49 11 27
2014-10-03T18:00:00Z 116 32 80 159 39 52 10 30
2014-10-03T17:00:00Z 108 25 83 122 41 52 10 30
2014-10-03T16:00:00Z 113 19 82 149 47 53 14 29
2014-10-03T15:00:00Z 128 15 85 115 51 47 19 24
2014-10-11T18:00:00Z 177 73 242 211 127 138 13 107
2014-10-11T17:00:00Z 159 124 212 212 119 114 14 121
2014-10-11T16:00:00Z -1 -1 -1 -1 -1 -1 -1 -1
2014-10-11T15:00:00Z 136 180 238 205 123 122 13 135
2014-10-11T14:00:00Z 135 213 237 207 126 140 12 106
2014-10-11T13:00:00Z 142 199 242 212 126 145 16 125
2014-10-11T12:00:00Z 150 188 246 214 107 159 25 180
2014-10-11T11:00:00Z 169 148 252 235 92 210 59 165
2014-10-11T10:00:00Z 149 133 249 226 73 162 78 152
2014-10-11T09:00:00Z 123 132 223 218 63 157 69 134
2014-10-11T08:00:00Z 122 115 220 235 63 141 66 119
2014-10-11T07:00:00Z 137 113 233 256 69 145 71 127
2014-10-26T04:00:00Z 153 115 170 144 196 261 14 196
2014-10-26T03:00:00Z 112 153 182 199 171 262 17 217
2014-10-26T02:00:00Z 111 172 193 185 156 234 20 212
2014-10-26T01:00:00Z 138 188 212 185 166 230 17 217
2014-10-26T00:00:00Z 173 181 225 204 186 228 14 210
2014-10-25T23:00:00Z 225 200 228 245 206 215 21 213
2014-10-25T22:00:00Z 257 206 264 254 227 213 23 195
2014-10-25T21:00:00Z 285 202 251 255 245 235 49 196
2014-10-25T20:00:00Z 300 212 244 319 265 233 37 186
2014-10-25T19:00:00Z 324 207 237 343 279 246 27 185
2014-10-25T18:00:00Z 345 200 225 364 293 267 28 164
2014-10-25T17:00:00Z 390 163 239 362 276 270 13 161
