2013-06-02T15:00:00Z 119 101 179 139 121 43 19 56
2013-06-02T16:00:00Z 117 110 228 143 125 47 21 40
2013-06-02T17:00:00Z 120 118 241 154 120 52 33 40
2013-06-02T18:00:00Z 117 132 171 170 111 56 27 37
2013-06-02T19:00:00Z 122 130 117 209 112 62 6 34
2013-06-02T20:00:00Z 153 129 107 179 120 81 12 38
2013-06-02T21:00:00Z 157 132 125 151 119 102 17 42
2013-06-02T22:00:00Z 144 167 124 158 125 119 46 41
2013-06-02T23:00:00Z 142 120 140 168 135 113 22 53
2013-06-03T00:00:00Z 137 117 143 163 136 110 96 61
2013-06-03T01:00:00Z 134 147 151 183 127 128 104 68
2013-06-03T02:00:00Z 132 140 177 199 118 147 124 76
2013-06-03T03:00:00Z 133 145 169 208 109 145 37 76
2013-06-03T04:00:00Z 150 140 171 249 105 153 13 88
2013-06-03T05:00:00Z 167 144 194 237 105 228 23 81
2013-06-03T06:00:00Z 176 150 199 231 113 268 18 85
2013-06-03T07:00:00Z 180 156 251 217 128 264 16 77
2013-06-03T08:00:00Z 183 160 246 208 146 258 17 93
2013-06-03T09:00:00Z 186 158 235 212 154 304 18 112
2013-06-03T10:00:00Z 171 115 227 190 161 300 13 107
2013-06-03T11:00:00Z 163 60 218 179 169 251 10 114
2013-06-03T12:00:00Z 131 33 205 207 171 224 10 118
2013-06-03T13:00:00Z 104 16 205 182 157 184 10 120
2013-06-03T14:00:00Z 72 11 227 181 111 138 6 106
2013-06-03T15:00:00Z 56 8 209 170 83 88 6 119
2013-06-03T16:00:00Z 51 10 220 115 82 84 5 125
2013-06-03T17:00:00Z 51 9 209 120 74 81 7 127
2013-06-03T18:00:00Z 47 8 214 138 75 83 7 105
2013-06-03T19:00:00Z 54 6 230 129 98 126 8 127
2013-06-03T20:00:00Z 61 8 195 120 112 123 10 122
2013-06-03T21:00:00Z 90 20 186 129 135 144 69 113
2013-06-03T22:00:00Z 99 28 211 168 144 153 125 86
2013-06-03T23:00:00Z 104 33 226 187 157 140 89 109
2013-06-04T00:00:00Z 110 31 241 195 158 224 77 120
2013-06-04T01:00:00Z 120 22 246 203 164 245 66 102
2013-06-04T02:00:00Z 133 22 267 222 170 172 63 105
2013-06-04T03:00:00Z 154 21 268 249 162 172 78 93
2013-06-04T04:00:00Z 182 22 275 323 144 164 76 70
2013-06-04T05:00:00Z 203 24 259 318 130 134 69 59
2013-06-04T06:00:00Z 179 22 276 270 117 122 46 38
2013-06-04T07:00:00Z 152 27 296 307 95 106 60 35
2013-06-04T08:00:00Z 144 25 307 299 85 107 82 29
2013-06-04T09:00:00Z 121 20 298 209 75 103 80 29
2013-06-04T10:00:00Z 103 16 289 259 72 59 116 19
2013-06-04T11:00:00Z 91 20 305 218 75 53 96 19
2013-06-04T12:00:00Z 92 22 330 168 68 54 117 24
2013-06-04T13:00:00Z 84 26 278 194 69 51 127 40
2013-06-04T14:00:00Z 77 32 293 151 75 64 105 45
2013-06-04T15:00:00Z 83 38 275 120 77 59 80 60
2013-06-04T16:00:00Z 68 40 234 100 78 64 101 60
2013-06-05T21:00:00Z 120 76 181 172 79 71 60 33
2013-06-05T22:00:00Z 139 87 201 161 81 67 53 29
2013-06-05T23:00:00Z 144 78 194 157 85 75 63 42
2013-06-06T00:00:00Z 127 72 198 159 85 69 76 40
2013-06-06T01:00:00Z 125 74 208 158 81 54 70 36
2013-06-06T02:00:00Z 129 88 190 169 86 62 58 34
2013-06-06T03:00:00Z 130 78 194 176 90 73 59 38
2013-06-06T04:00:00Z 126 80 170 174 91 104 65 34
2013-06-06T05:00:00Z 120 82 170 182 92 114 68 31
2013-06-06T06:00:00Z 115 86 198 170 92 75 71 30
2013-06-06T07:00:00Z 109 72 210 178 99 82 84 29
2013-06-06T08:00:00Z 99 96 213 177 108 66 83 23
2013-06-06T09:00:00Z 89 99 215 174 119 83 69 23
2013-06-06T10:00:00Z 81 97 225 180 130 92 191 18
2013-06-06T11:00:00Z 94 88 242 194 138 127 314 18
2013-06-06T12:00:00Z 119 92 248 195 141 140 321 17
2013-06-06T13:00:00Z 140 87 258 185 145 142 301 15
2013-06-06T14:00:00Z 152 90 260 166 137 156 48 19
2013-06-06T15:00:00Z 162 85 264 174 138 183 43 24
2013-06-06T16:00:00Z 173 86 257 172 145 200 161 25
2013-06-06T17:00:00Z 191 69 283 174 141 224 161 26
2013-06-06T18:00:00Z 220 76 278 174 121 217 167 33
2013-06-06T19:00:00Z 221 77 278 163 98 187 165 38
2013-06-06T20:00:00Z 228 89 273 159 73 146 182 48
2013-06-06T21:00:00Z 217 103 264 167 55 125 71 49
2013-06-06T22:00:00Z 191 103 257 184 46 117 56 59
2013-06-06T23:00:00Z 180 118 217 184 44 107 90 49
2013-06-07T00:00:00Z 186 134 198 190 40 92 313 54
2013-06-07T01:00:00Z 176 127 207 181 38 91 315 46
2013-06-07T02:00:00Z 153 121 202 183 32 84 311 38
2013-06-07T03:00:00Z 133 113 207 177 32 83 312 40
2013-06-07T04:00:00Z 96 116 210 186 35 83 302 41
2013-06-07T05:00:00Z 81 103 230 183 38 73 307 35
2013-06-07T06:00:00Z 81 106 228 199 42 66 299 35
2013-06-07T07:00:00Z 77 96 224 201 46 64 282 42
2013-06-07T08:00:00Z 86 104 234 198 49 72 287 38
2013-06-07T09:00:00Z 78 75 240 190 54 70 291 30
2013-06-07T10:00:00Z 77 71 245 163 59 64 291 28
2013-06-07T11:00:00Z 82 70 269 102 68 59 257 28
2013-06-07T12:00:00Z 106 63 267 43 62 55 43 23
2013-06-07T13:00:00Z 99 55 272 46 60 55 61 24
2013-06-07T14:00:00Z 98 60 254 45 70 62 31 28
2013-06-07T15:00:00Z 106 56 120 45 76 67 26 29
2013-06-07T16:00:00Z 111 53 49 53 79 69 27 34
2013-06-07T17:00:00Z 108 50 51 34 73 64 21 37
2013-06-07T18:00:00Z 108 48 69 31 63 56 45 44
2013-06-07T19:00:00Z 107 48 64 47 54 58 19 42
2013-06-07T20:00:00Z 99 60 86 91 51 49 32 47
2013-06-07T21:00:00Z 101 64 81 108 53 52 25 52
2013-06-07T22:00:00Z 105 70 88 137 53 85 22 56
2013-06-07T23:00:00Z 98 62 72 134 54 106 31 59
2013-06-08T00:00:00Z 99 66 69 133 54 117 37 87
2013-06-08T01:00:00Z 84 71 86 136 58 123 37 75
2013-06-08T02:00:00Z 87 63 88 133 61 112 50 77
2013-06-08T03:00:00Z 87 67 94 129 57 128 91 74
2013-06-08T04:00:00Z 102 71 109 125 57 129 41 68
2013-06-08T05:00:00Z 116 65 124 137 61 106 47 63
2013-06-08T06:00:00Z 121 68 134 120 63 116 48 74
2013-06-08T07:00:00Z 128 76 149 118 65 110 53 77
2013-06-08T08:00:00Z 129 77 143 117 65 92 67 71
2013-06-08T09:00:00Z 132 81 158 127 70 97 67 52
2013-06-08T10:00:00Z 135 63 167 141 83 99 64 29
2013-06-08T11:00:00Z 136 55 188 158 93 118 62 31
2013-06-08T12:00:00Z 131 69 223 167 91 99 61 35
2013-06-08T13:00:00Z 125 47 227 169 101 105 61 27
2013-06-08T14:00:00Z 124 236 219 121 110 81 52 29
2013-06-08T15:00:00Z 115 236 228 124 111 71 48 30
2013-06-08T16:00:00Z 127 254 245 136 111 61 48 32
2013-06-08T17:00:00Z 130 242 269 147 105 60 45 30
2013-06-08T18:00:00Z 125 87 273 153 89 54 51 29
2013-06-08T19:00:00Z 126 96 275 143 71 207 60 31
2013-06-08T20:00:00Z 139 109 265 150 70 63 63 32
2013-06-08T21:00:00Z 149 103 261 152 62 57 51 26
2013-06-08T22:00:00Z 141 106 237 168 58 71 38 28
2013-06-08T23:00:00Z 109 112 224 174 57 69 25 28
2013-06-09T00:00:00Z 90 114 211 164 58 103 14 36
2013-06-09T01:00:00Z 78 119 205 181 61 81 11 41
2013-06-15T18:00:00Z 240 72 100 166 120 102 82 72
2013-06-15T19:00:00Z 240 87 104 171 112 126 86 82
2013-06-15T20:00:00Z 234 88 112 165 99 145 86 74
2013-06-15T21:00:00Z 164 92 120 182 85 132 84 86
2013-06-15T22:00:00Z 119 99 151 193 78 112 84 73
2013-06-15T23:00:00Z 120 109 142 218 86 107 84 75
2013-06-16T00:00:00Z 123 115 147 218 108 98 93 62
2013-06-16T01:00:00Z 116 126 151 218 118 99 97 61
2013-06-16T02:00:00Z 112 123 164 228 122 116 107 65
2013-06-16T03:00:00Z 120 119 178 233 129 117 140 76
2013-06-16T04:00:00Z 131 115 170 237 137 124 113 67
2013-06-16T05:00:00Z 135 120 191 219 148 159 126 74
2013-06-16T06:00:00Z 141 99 181 213 161 153 134 67
2013-06-16T07:00:00Z 149 97 209 238 162 148 146 47
2013-06-16T08:00:00Z 163 103 226 269 166 133 146 37
2013-06-16T09:00:00Z 173 104 246 299 166 100 167 40
2013-06-16T10:00:00Z 178 102 243 363 193 106 167 42
2013-06-16T11:00:00Z 202 86 233 421 224 108 168 42
2013-06-16T12:00:00Z 228 100 236 371 265 105 174 41
2013-06-16T13:00:00Z 237 108 242 350 273 120 160 44
2013-06-16T14:00:00Z 256 99 211 356 262 135 158 39
2013-06-16T15:00:00Z 226 96 182 287 247 144 143 42
2013-06-16T16:00:00Z 176 97 138 248 217 159 151 49
2013-06-16T17:00:00Z 186 99 115 232 209 184 155 47
2013-06-16T18:00:00Z 196 101 117 226 205 205 157 48
2013-06-16T19:00:00Z 201 104 229 232 196 208 149 50
2013-06-16T20:00:00Z 201 83 323 237 187 207 105 59
2013-06-16T21:00:00Z 196 15 324 234 190 201 55 59
2013-06-16T22:00:00Z 208 11 344 243 197 203 26 72
2013-06-26T02:00:00Z 145 34 31 36 61 58 52 29
2013-06-26T03:00:00Z 146 37 39 36 64 89 39 34
2013-06-26T21:00:00Z 98 16 81 121 147 176 50 109
2013-06-26T22:00:00Z 143 22 78 56 176 269 14 113
2013-06-26T23:00:00Z 198 46 103 42 189 332 23 109
2013-06-27T00:00:00Z 204 16 98 48 182 317 22 121
2013-06-27T01:00:00Z 73 16 78 51 154 324 22 145
2013-06-28T06:00:00Z 208 23 177 177 146 130 22 28
2013-06-28T07:00:00Z 216 22 161 155 150 107 21 33
2013-06-28T08:00:00Z 216 24 164 184 164 119 24 36
2013-06-28T09:00:00Z 227 23 179 211 179 127 20 36
2013-06-28T10:00:00Z 218 26 211 251 182 151 25 36
2013-06-28T11:00:00Z 202 32 207 240 154 204 56 43
2013-06-28T12:00:00Z 208 57 208 247 117 238 103 45
2013-06-28T13:00:00Z 224 70 182 228 130 298 88 61
2013-06-28T14:00:00Z 230 88 158 256 151 278 90 59
2013-06-28T15:00:00Z 236 93 122 258 155 206 83 44
2013-06-28T16:00:00Z 227 111 95 269 145 159 84 43
2013-06-28T17:00:00Z 233 119 55 258 142 148 116 57
2013-06-28T18:00:00Z 242 113 42 209 160 168 148 46
2013-06-28T19:00:00Z 232 132 36 203 165 185 27 56
2013-06-28T20:00:00Z 232 144 39 209 171 199 27 57
2013-06-28T21:00:00Z 232 152 36 221 160 222 32 64
2013-06-28T22:00:00Z 239 112 32 245 157 246 33 79
2013-06-28T23:00:00Z 245 75 35 267 144 203 48 64
2013-06-29T00:00:00Z 278 65 38 272 145 144 61 61
2013-06-29T01:00:00Z 38 65 49 152 141 135 71 57
2013-06-29T02:00:00Z 28 65 181 69 73 83 49 60
2013-06-29T03:00:00Z 39 65 91 66 44 57 64 31
2013-06-29T04:00:00Z 54 65 58 81 50 51 51 20
2013-06-29T05:00:00Z 89 65 73 66 57 84 55 14
2013-06-29T06:00:00Z 70 65 69 83 52 58 63 11
2013-06-29T07:00:00Z 61 65 46 62 55 48 58 12
2013-07-18T15:00:00Z 169 61 88 51 120 91 62 40
2013-07-18T16:00:00Z 151 49 72 51 117 96 54 36
2013-07-18T17:00:00Z 152 59 53 50 119 93 59 37
2013-07-18T18:00:00Z 136 63 57 72 120 78 61 31
2013-07-18T19:00:00Z 148 71 59 98 127 90 82 32
2013-07-18T20:00:00Z 134 69 66 86 110 88 82 33
2013-07-18T21:00:00Z 114 74 65 113 103 93 87 38
2013-07-18T22:00:00Z 105 77 70 123 112 93 106 41
2013-07-18T23:00:00Z 87 82 71 148 125 99 96 51
2013-07-19T00:00:00Z 70 96 74 88 129 83 113 60
2013-07-19T01:00:00Z 81 72 69 63 128 84 114 44
2013-07-19T02:00:00Z 84 65 72 50 130 88 104 45
2013-07-19T03:00:00Z 97 61 70 50 130 89 126 46
2013-07-19T04:00:00Z 106 65 86 58 115 101 124 48
2013-07-19T05:00:00Z 99 67 92 53 97 80 123 39
2013-07-19T06:00:00Z 90 63 85 62 91 78 54 34
2013-07-19T07:00:00Z 97 73 90 71 84 92 42 40
2013-07-19T08:00:00Z 97 86 99 75 79 91 32 46
2013-07-19T09:00:00Z 110 78 102 68 81 91 22 37
2013-07-19T10:00:00Z 114 91 104 69 80 105 12 36
2013-07-19T11:00:00Z 101 87 113 86 77 102 8 35
2013-07-19T12:00:00Z 101 90 131 93 77 101 28 32
2013-07-19T13:00:00Z 89 90 119 91 91 116 4 43
2013-07-19T14:00:00Z 85 87 111 93 90 134 3 43
2013-07-19T15:00:00Z 85 83 106 95 100 119 3 36
2013-07-19T16:00:00Z 88 69 107 85 98 110 6 36
2013-07-19T17:00:00Z 92 34 100 92 104 93 7 39
2013-07-19T18:00:00Z 74 47 107 83 114 95 5 47
2013-07-19T19:00:00Z 105 17 108 99 115 106 7 43
2013-07-19T20:00:00Z 98 12 116 113 117 114 10 44
2013-07-19T21:00:00Z 114 15 125 120 123 114 14 46
2013-09-12T16:00:00Z 183 46 223 121 142 102 46 46
2013-09-12T17:00:00Z 178 54 247 127 144 87 72 48
2013-09-12T18:00:00Z 174 82 219 105 157 57 79 45
2013-09-12T19:00:00Z 176 94 145 110 177 74 107 52
2013-09-12T20:00:00Z -1 -1 -1 -1 -1 -1 -1 -1
2013-09-12T21:00:00Z 205 174 166 126 185 105 120 72
2013-09-27T18:00:00Z 227 60 207 248 123 127 22 112
2013-09-27T19:00:00Z 234 91 232 236 123 133 30 113
2013-09-27T20:00:00Z 235 131 192 229 132 147 36 121
2013-09-27T21:00:00Z 207 133 159 242 142 144 53 122
2013-09-27T22:00:00Z 183 140 153 198 136 143 48 119
2013-09-27T23:00:00Z -1 -1 -1 -1 -1 -1 -1 -1
2013-09-28T00:00:00Z 177 148 165 173 122 123 42 133
2013-09-28T01:00:00Z 192 136 173 184 120 139 42 121
2013-09-28T02:00:00Z 205 148 178 192 126 134 39 120
2013-09-28T03:00:00Z 209 146 184 195 132 136 37 121
2013-09-28T04:00:00Z 208 146 199 215 129 143 33 118
2013-09-28T05:00:00Z 212 149 201 233 125 150 35 112
2013-09-28T06:00:00Z 215 137 198 247 126 138 34 109
2013-09-28T07:00:00Z 206 137 213 249 123 131 34 111
2013-09-28T08:00:00Z 201 143 219 255 109 133 38 124
2013-09-28T09:00:00Z 194 150 216 243 95 126 44 114
2013-09-28T10:00:00Z 201 148 219 218 83 89 48 103
2013-09-28T11:00:00Z 200 154 251 187 74 53 111 68
2013-09-28T12:00:00Z 186 156 277 194 67 39 180 72
2013-09-28T13:00:00Z 183 167 290 206 59 35 174 76
2013-09-28T14:00:00Z 181 174 280 209 47 40 148 96
2013-09-28T15:00:00Z 180 187 251 191 50 43 101 104
2013-09-28T16:00:00Z 178 190 252 196 60 59 84 93
2013-09-28T17:00:00Z 173 162 241 225 80 84 96 42
2013-09-28T18:00:00Z 181 129 242 239 95 97 124 33
2013-09-28T19:00:00Z 200 122 246 254 96 119 148 33
2013-09-28T20:00:00Z 232 126 261 265 91 112 190 23
2013-09-28T21:00:00Z 255 134 298 265 79 93 200 19
2013-09-28T22:00:00Z 266 128 314 276 70 81 197 21
2013-09-28T23:00:00Z 259 120 338 279 76 73 187 28
2013-09-29T00:00:00Z 250 122 345 298 67 72 199 30
2013-09-29T01:00:00Z 238 118 339 294 75 94 199 46
2013-09-29T02:00:00Z 214 133 340 291 74 104 182 29
2013-09-29T03:00:00Z 196 131 342 292 80 120 126 40
2013-09-29T04:00:00Z 180 136 342 287 95 138 74 43
2013-09-29T05:00:00Z 168 137 346 295 108 203 59 61
2013-09-29T06:00:00Z 163 156 326 285 112 194 50 42
2013-09-29T07:00:00Z 150 131 302 272 122 206 40 39
2013-09-29T08:00:00Z 141 131 304 263 126 190 34 42
2013-09-29T09:00:00Z 135 129 317 251 135 180 34 47
2013-09-29T10:00:00Z 145 137 306 253 151 157 52 42
2013-09-29T11:00:00Z 156 131 280 236 166 102 113 41
2013-09-29T12:00:00Z 167 119 246 210 148 48 153 35
2013-09-29T13:00:00Z 169 72 239 184 144 49 130 40
2013-09-29T14:00:00Z 155 45 225 178 151 56 118 38
2013-09-29T15:00:00Z 142 32 217 167 128 73 111 37
2013-09-29T16:00:00Z 146 33 250 157 135 70 104 39
2013-09-29T17:00:00Z 178 41 296 148 138 67 112 40
2013-09-29T18:00:00Z 192 27 300 162 149 70 134 47
2013-09-29T19:00:00Z 186 29 300 177 156 54 132 40
2013-09-29T20:00:00Z 188 41 306 187 153 51 143 52
2013-09-29T21:00:00Z 196 47 317 186 126 56 127 65
2013-09-29T22:00:00Z 198 52 300 177 73 50 123 68
2013-09-29T23:00:00Z 197 51 267 177 48 59 129 74
2013-09-30T00:00:00Z 190 44 259 171 47 58 155 73
2013-09-30T01:00:00Z 187 43 248 166 48 112 151 67
2013-09-30T02:00:00Z 184 44 247 171 46 129 150 68
2013-10-04T22:00:00Z 410 198 210 488 141 169 89 148
2013-10-04T23:00:00Z 405 199 225 489 139 172 81 151
2013-10-05T00:00:00Z 402 207 244 494 134 184 108 143
2013-10-05T18:00:00Z 193 133 467 269 109 146 136 90
2013-10-05T19:00:00Z 195 148 461 293 104 150 131 95
2013-10-05T20:00:00Z 199 168 492 283 102 144 113 84
2013-10-05T21:00:00Z 184 169 534 312 101 147 111 93
2013-10-05T22:00:00Z 193 170 502 311 102 158 111 111
2013-10-05T23:00:00Z 203 167 488 292 111 192 121 109
2013-10-06T00:00:00Z 200 168 476 314 94 194 127 109
2013-10-06T01:00:00Z 193 166 460 302 92 172 147 134
2013-10-06T02:00:00Z 197 166 442 299 88 159 151 127
2013-10-06T03:00:00Z 184 166 409 296 80 122 154 132
2013-10-06T04:00:00Z 188 168 400 296 75 116 141 120
2013-10-06T05:00:00Z 183 170 409 292 66 96 160 120
2013-10-06T06:00:00Z 155 163 380 304 60 104 167 123
2013-10-06T07:00:00Z 104 172 351 285 52 106 128 117
2013-10-06T08:00:00Z 76 166 368 274 50 148 120 110
2013-10-06T09:00:00Z 59 163 373 260 54 211 135 94
2013-10-06T10:00:00Z 58 182 365 241 66 196 115 68
2013-10-06T11:00:00Z 58 192 299 210 82 164 118 61
2013-10-06T12:00:00Z 71 193 233 165 91 155 88 49
2013-10-06T13:00:00Z 93 189 232 135 91 126 94 38
2013-10-06T14:00:00Z 99 139 231 141 84 123 87 31
2013-10-06T15:00:00Z 96 81 191 135 68 95 87 31
2013-10-06T16:00:00Z 99 65 178 131 59 55 105 31
2013-10-06T17:00:00Z 107 63 146 130 57 46 103 26
2013-10-06T18:00:00Z 115 56 151 143 54 54 117 26
2013-10-06T19:00:00Z 134 57 167 171 61 69 125 32
2013-10-06T20:00:00Z 156 70 189 188 72 100 134 41
2013-10-06T21:00:00Z 168 74 207 188 70 103 146 45
2013-10-06T22:00:00Z 175 84 234 187 62 87 162 69
2013-10-06T23:00:00Z 174 80 255 181 58 83 162 75
2013-10-07T00:00:00Z 158 74 262 168 51 84 150 74
2013-10-07T01:00:00Z 123 72 290 177 43 96 143 73
2013-10-07T02:00:00Z 118 86 322 178 46 115 139 59
2013-10-07T03:00:00Z 126 84 324 178 43 123 146 46
2013-10-07T04:00:00Z 136 81 310 176 49 131 66 50
2013-10-07T05:00:00Z 152 84 301 171 57 151 12 56
2013-10-09T20:00:00Z 98 79 252 283 88 82 61 74
2013-10-09T21:00:00Z 102 82 264 288 95 89 61 80
2013-10-09T22:00:00Z 107 84 277 290 102 97 62 84
2013-10-09T23:00:00Z 111 87 290 292 109 105 63 90
2013-10-10T00:00:00Z 117 89 299 295 116 113 62 95
2013-10-10T01:00:00Z 123 92 308 298 123 122 64 100
2013-10-10T02:00:00Z 128 95 315 300 129 129 66 102
2013-10-10T03:00:00Z 133 97 321 299 136 136 69 106
2013-10-10T04:00:00Z 139 100 327 296 144 144 69 108
2013-10-10T05:00:00Z 142 102 332 294 150 149 69 111
2013-10-27T15:00:00Z 207 65 231 224 178 140 49 140
2013-10-27T16:00:00Z 217 72 233 238 180 160 49 126
2013-10-27T17:00:00Z 231 75 261 243 184 178 59 133
2013-10-27T18:00:00Z 240 101 297 249 190 165 86 111
2013-10-27T19:00:00Z 258 116 303 266 211 179 120 120
2013-10-27T20:00:00Z 299 136 315 277 218 199 132 146
2013-10-27T21:00:00Z -1 -1 -1 -1 -1 -1 -1 -1
2013-10-27T22:00:00Z 327 139 335 283 229 236 165 162
2013-10-27T23:00:00Z 339 132 330 302 211 257 121 165
2013-10-28T00:00:00Z 351 130 340 307 202 274 122 160
2013-10-28T01:00:00Z 358 117 335 300 196 296 78 160
2013-10-28T02:00:00Z 360 127 322 295 202 320 66 152
2013-10-28T03:00:00Z 351 126 307 280 202 339 64 148
2013-10-28T04:00:00Z 338 133 289 283 204 346 63 148
2013-10-28T05:00:00Z 333 134 278 264 209 334 61 151
2013-10-28T06:00:00Z 310 118 277 247 211 333 56 163
2013-10-28T07:00:00Z 301 113 273 244 211 327 61 172
2013-10-28T08:00:00Z 287 120 260 241 206 335 65 183
2013-10-28T09:00:00Z 266 139 270 237 215 341 61 196
2013-10-28T10:00:00Z 266 135 268 255 221 315 48 209
2013-10-28T11:00:00Z 261 132 273 252 223 289 38 212
2013-10-28T12:00:00Z 267 135 282 257 226 263 26 206
2013-10-28T13:00:00Z 271 132 311 254 219 233 23 188
2013-10-28T14:00:00Z 293 119 331 266 230 233 14 184
2013-10-28T15:00:00Z -1 -1 -1 -1 -1 -1 -1 -1
2013-10-28T16:00:00Z 306 157 354 278 165 246 12 178
2013-10-28T17:00:00Z -1 -1 -1 -1 -1 -1 -1 -1
2013-10-28T18:00:00Z 336 146 379 293 166 234 18 170
2013-10-28T19:00:00Z 342 149 382 308 166 230 20 138
2013-10-28T20:00:00Z 329 136 388 315 173 245 22 106
2013-10-28T21:00:00Z 327 129 383 309 173 288 34 97
2013-10-28T22:00:00Z 326 119 378 322 174 273 28 89
2013-10-28T23:00:00Z 303 115 361 336 183 257 26 94
2013-10-29T00:00:00Z 295 108 374 331 189 207 25 74
2013-10-29T01:00:00Z 285 88 380 351 194 170 21 66
2013-10-29T02:00:00Z 293 86 378 341 197 147 27 65
2013-10-29T03:00:00Z 282 63 370 325 198 123 26 69
2013-10-29T04:00:00Z 272 68 356 302 200 95 25 67
2013-10-29T05:00:00Z 218 55 337 291 201 85 21 60
2013-10-31T13:00:00Z 130 47 231 155 122 153 46 101
2013-10-31T14:00:00Z 172 36 226 155 106 128 60 96
2013-10-31T15:00:00Z 147 33 225 167 93 121 96 100
2013-10-31T16:00:00Z 138 30 238 175 86 113 114 100
2013-10-31T17:00:00Z 117 36 213 168 88 106 118 84
2013-10-31T18:00:00Z 112 57 224 186 93 112 138 94
2013-10-31T19:00:00Z 129 69 226 207 105 149 155 112
2013-10-31T20:00:00Z 160 76 249 231 117 170 193 146
2013-10-31T21:00:00Z 166 85 253 196 128 158 172 160
2013-10-31T22:00:00Z 175 83 257 235 124 211 142 170
2013-10-31T23:00:00Z 177 71 261 219 122 225 127 156
2013-11-01T00:00:00Z 185 70 272 237 109 210 85 139
2013-11-01T01:00:00Z 182 64 288 246 121 217 86 118
2013-11-01T02:00:00Z 178 77 273 253 124 241 63 96
2013-11-01T03:00:00Z 182 63 278 247 134 259 63 86
2013-11-01T04:00:00Z 188 53 282 224 150 264 60 74
2013-11-01T05:00:00Z 197 60 268 213 168 284 58 75
2013-11-01T06:00:00Z 189 58 275 211 166 303 51 74
2013-11-01T07:00:00Z 185 50 249 216 170 311 56 68
2013-11-01T08:00:00Z 197 57 246 208 183 327 75 71
2013-11-01T09:00:00Z 224 59 238 195 216 340 85 65
2013-11-01T10:00:00Z 230 63 221 195 210 356 81 67
2013-11-01T11:00:00Z 244 57 235 200 195 342 71 74
2013-11-01T12:00:00Z 245 57 213 198 156 248 97 80
2013-11-01T13:00:00Z 251 58 203 203 144 187 99 73
2013-11-01T14:00:00Z 245 55 197 199 115 167 124 86
2013-11-01T15:00:00Z 214 51 191 198 100 152 151 84
2013-11-01T16:00:00Z 180 48 171 213 98 165 171 84
2013-11-01T17:00:00Z 171 53 185 224 100 175 179 81
2013-11-01T18:00:00Z 162 68 187 227 98 197 176 92
2013-11-01T19:00:00Z 167 84 191 222 108 191 178 104
2013-11-01T20:00:00Z 177 111 192 206 123 211 209 126
2013-11-01T21:00:00Z 161 127 201 225 138 230 201 141
2013-11-01T22:00:00Z 140 137 219 220 157 224 203 145
2013-11-01T23:00:00Z 144 133 223 216 172 206 210 154
2013-11-02T00:00:00Z 161 121 216 203 183 179 222 158
2013-11-02T01:00:00Z 152 124 211 182 188 166 206 165
2013-11-02T02:00:00Z 157 112 211 182 198 168 191 166
2013-11-02T03:00:00Z 165 110 217 214 209 174 200 178
2013-11-02T04:00:00Z 165 118 214 223 221 170 185 155
2013-11-02T05:00:00Z 167 111 219 203 231 181 194 143
2013-11-02T06:00:00Z 166 109 215 265 230 182 189 139
2013-11-02T07:00:00Z 155 115 226 270 232 195 175 156
2013-11-02T08:00:00Z 152 116 215 264 230 201 176 178
2013-11-02T09:00:00Z 182 160 179 295 226 216 174 191
2013-11-02T10:00:00Z 200 135 188 314 213 239 176 186
2013-11-02T11:00:00Z 222 121 187 309 205 243 167 197
2013-11-02T12:00:00Z 233 115 221 342 199 213 278 154
2013-11-02T13:00:00Z 238 103 219 266 198 213 109 136
2013-11-02T14:00:00Z 230 107 200 261 197 220 71 167
2013-11-02T15:00:00Z 246 98 224 229 200 222 63 162
2013-11-02T16:00:00Z 276 82 254 227 193 222 52 175
2013-11-02T17:00:00Z 324 75 231 231 207 225 49 186
2013-11-02T18:00:00Z 347 87 228 249 214 248 68 200
2013-11-02T19:00:00Z 343 112 228 251 219 280 71 210
2013-11-02T20:00:00Z 325 124 213 264 223 323 49 225
2013-11-02T21:00:00Z 299 123 210 323 221 350 44 239
2013-11-02T22:00:00Z 282 111 199 276 219 328 30 234
2013-11-02T23:00:00Z 253 107 204 283 209 283 25 236
2013-11-03T00:00:00Z 232 120 215 278 194 266 18 226
2013-11-03T01:00:00Z 276 120 225 248 185 266 19 251
2013-11-03T02:00:00Z 249 110 224 222 188 278 20 250
2013-11-03T03:00:00Z 220 96 203 209 197 267 20 258
2013-11-03T04:00:00Z 199 97 181 178 197 252 17 256
2013-11-03T05:00:00Z 164 81 159 164 200 258 15 245
2013-11-08T21:00:00Z -1 106 245 208 141 92 127 51
2013-11-08T22:00:00Z -1 116 250 194 148 102 238 56
2013-11-08T23:00:00Z -1 111 241 196 152 92 129 66
2013-11-09T00:00:00Z -1 120 260 206 162 115 104 66
2013-11-09T01:00:00Z -1 100 244 215 169 146 84 66
2013-11-09T02:00:00Z -1 107 218 202 169 138 74 52
2013-11-09T03:00:00Z -1 88 215 220 172 151 73 54
2013-11-09T04:00:00Z -1 107 198 236 175 192 68 58
2013-11-09T05:00:00Z -1 92 185 220 179 169 64 62
2013-11-09T06:00:00Z -1 87 175 182 184 180 65 67
2013-11-09T07:00:00Z -1 85 174 169 187 211 61 68
2013-11-22T19:00:00Z 294 58 314 342 208 279 154 227
2013-11-22T20:00:00Z 315 81 328 381 219 292 140 247
2013-11-22T21:00:00Z 320 74 340 384 235 294 109 237
2013-11-22T22:00:00Z 314 87 363 386 247 298 85 233
2013-11-22T23:00:00Z 323 69 378 446 258 302 62 254
2013-11-23T00:00:00Z 315 88 400 462 269 309 70 270
2013-11-23T01:00:00Z 301 83 393 466 282 295 57 288
2013-11-23T02:00:00Z 312 67 401 479 294 319 54 284
2013-11-23T03:00:00Z 337 72 384 483 305 327 50 294
2013-11-23T04:00:00Z 336 68 371 489 302 332 50 280
2013-11-23T05:00:00Z 346 68 345 511 297 343 57 283
2013-11-23T06:00:00Z 363 61 346 500 289 340 64 273
2013-11-23T07:00:00Z 357 60 384 484 283 355 65 263
2013-11-23T08:00:00Z 374 62 403 423 276 364 75 263
2013-11-23T09:00:00Z 398 70 404 377 280 395 61 268
2013-11-23T10:00:00Z 454 63 419 384 288 431 63 276
2013-11-23T11:00:00Z 425 61 409 292 308 461 56 289
2013-11-23T12:00:00Z 455 65 358 318 339 486 35 291
2013-11-23T13:00:00Z 435 73 260 373 356 508 23 300
2013-11-23T14:00:00Z 297 70 181 384 359 491 23 310
2013-11-23T15:00:00Z 218 44 205 380 335 447 26 324
2013-11-23T16:00:00Z 187 49 279 396 295 434 22 364
2013-11-23T17:00:00Z 215 52 376 431 306 449 26 420
2013-11-23T18:00:00Z 235 65 404 471 327 488 33 430
2013-11-23T19:00:00Z 287 87 486 512 344 441 53 430
2013-11-23T20:00:00Z 324 92 441 564 364 545 95 426
2013-11-23T21:00:00Z 346 87 440 542 359 555 95 418
2013-11-23T22:00:00Z 383 93 494 571 375 545 79 411
2013-11-23T23:00:00Z 426 80 530 597 397 541 67 401
2013-11-24T00:00:00Z 437 87 561 564 404 447 58 375
2013-11-24T01:00:00Z 391 69 501 527 410 442 66 362
2013-11-24T02:00:00Z 340 74 454 502 409 417 57 341
2013-11-24T03:00:00Z 309 60 415 517 402 423 56 334
2013-11-24T04:00:00Z 334 52 433 476 389 436 46 290
2013-11-24T05:00:00Z 307 54 418 401 379 464 45 253
2013-12-06T22:00:00Z 320 65 294 372 135 187 84 60
2013-12-06T23:00:00Z 344 71 331 376 138 194 69 56
2013-12-07T00:00:00Z 308 62 336 413 145 201 61 58
2013-12-07T01:00:00Z 303 54 357 449 151 195 59 62
2013-12-07T02:00:00Z 296 58 356 460 153 189 49 73
2013-12-07T03:00:00Z 320 61 356 463 157 233 50 68
2013-12-07T04:00:00Z 330 58 357 452 161 246 35 77
2013-12-07T05:00:00Z 314 49 305 474 169 232 39 90
2013-12-07T06:00:00Z 338 52 303 450 177 206 34 87
2013-12-07T07:00:00Z 354 55 264 410 186 175 41 83
2013-12-07T08:00:00Z 357 50 281 353 199 188 45 113
2013-12-07T09:00:00Z 377 55 348 360 226 227 46 102
2013-12-07T10:00:00Z 413 60 378 316 264 234 54 98
2013-12-07T11:00:00Z 467 59 260 244 286 206 52 88
2013-12-07T12:00:00Z 497 39 204 243 289 215 52 98
2013-12-07T13:00:00Z 496 38 233 290 319 224 41 86
2013-12-07T14:00:00Z 479 34 319 304 322 246 39 101
2013-12-07T15:00:00Z 410 39 376 331 310 247 42 95
2013-12-07T16:00:00Z 397 49 401 375 296 268 60 103
2013-12-07T17:00:00Z 449 53 416 460 286 292 79 104
2013-12-07T18:00:00Z 451 73 601 480 292 298 117 109
2013-12-07T19:00:00Z 421 94 513 466 309 300 162 120
2013-12-07T20:00:00Z 412 94 425 457 312 285 163 140
2013-12-07T21:00:00Z 377 96 344 384 298 231 155 139
2013-12-07T22:00:00Z 394 101 245 351 287 213 108 147
2013-12-07T23:00:00Z 407 95 263 327 290 223 108 133
2013-12-08T00:00:00Z 410 96 281 341 278 236 85 164
2013-12-08T01:00:00Z 412 101 297 340 276 245 72 121
2013-12-08T02:00:00Z 416 93 305 345 285 250 73 136
2013-12-08T03:00:00Z 440 94 308 341 248 257 54 138
2013-12-08T04:00:00Z 351 92 282 338 232 287 60 142
2013-12-08T05:00:00Z 242 90 310 347 214 310 58 133
2013-12-08T06:00:00Z 162 84 287 358 204 326 28 136
2013-12-08T07:00:00Z 156 84 291 373 195 337 20 144
2013-12-08T08:00:00Z 181 72 276 403 187 359 21 169
2013-12-08T09:00:00Z 275 60 285 422 184 371 20 173
2013-12-08T10:00:00Z 329 73 227 417 185 378 31 194
2013-12-08T11:00:00Z 396 68 281 387 194 385 32 222
2013-12-08T12:00:00Z 448 67 297 371 214 348 20 237
2013-12-08T13:00:00Z 454 78 327 364 249 343 21 252
2013-12-08T14:00:00Z 516 93 351 354 271 324 15 240
2013-12-08T15:00:00Z 477 156 376 310 284 347 14 225
2013-12-08T16:00:00Z 412 165 377 324 287 346 17 234
2013-12-08T17:00:00Z 417 182 373 345 289 346 19 234
2013-12-08T18:00:00Z 402 135 367 379 285 412 18 251
2013-12-22T19:00:00Z 278 109 454 222 136 267 140 115
2013-12-22T20:00:00Z 256 109 450 225 151 273 106 134
2013-12-22T21:00:00Z 244 103 472 247 155 299 102 179
2013-12-22T22:00:00Z 242 99 499 313 163 292 60 186
2013-12-22T23:00:00Z 257 98 532 366 183 317 53 177
2013-12-23T00:00:00Z 276 81 527 396 192 322 53 182
2013-12-23T01:00:00Z 288 78 536 423 189 308 79 169
2013-12-23T02:00:00Z 285 80 529 452 195 315 47 164
2013-12-23T03:00:00Z 294 80 517 472 207 302 44 162
2013-12-23T04:00:00Z 314 88 549 459 218 301 44 158
2013-12-23T05:00:00Z 344 81 535 464 231 302 46 159
2013-12-23T06:00:00Z 324 67 542 541 240 336 39 145
2013-12-23T07:00:00Z 344 84 606 572 256 375 43 150
2013-12-23T08:00:00Z 368 82 612 573 268 394 42 162
2013-12-23T09:00:00Z 368 98 617 524 293 446 50 163
2013-12-23T10:00:00Z 366 91 627 471 327 470 49 195
2013-12-23T11:00:00Z 321 80 596 412 358 559 54 198
2013-12-23T12:00:00Z 265 57 558 326 349 594 40 128
2013-12-23T13:00:00Z 234 48 662 363 294 578 33 57
2013-12-23T14:00:00Z -1 -1 -1 -1 -1 -1 -1 -1
2013-12-23T15:00:00Z 61 24 572 337 183 179 25 48
2013-12-23T16:00:00Z 74 21 588 251 184 139 25 57
2013-12-23T17:00:00Z 175 26 625 181 218 153 35 60
2013-12-23T18:00:00Z 190 43 604 198 264 148 43 56
2013-12-23T19:00:00Z 229 82 553 225 329 182 71 72
2013-12-23T20:00:00Z 234 75 549 265 377 171 67 126
2013-12-23T21:00:00Z 248 74 599 280 365 139 65 126
2013-12-23T22:00:00Z 249 67 604 314 330 122 78 103
2013-12-23T23:00:00Z 258 71 652 345 322 133 71 112
2013-12-24T00:00:00Z 292 74 656 376 330 137 59 93
2013-12-24T01:00:00Z 324 78 653 379 320 143 58 70
2013-12-24T02:00:00Z 349 77 561 394 287 163 47 59
2013-12-24T17:00:00Z 241 82 487 323 92 95 116 21
2013-12-24T18:00:00Z 286 80 519 373 96 106 131 28
2013-12-24T19:00:00Z 317 136 552 424 111 128 160 27
2013-12-24T20:00:00Z 391 132 552 430 123 122 140 32
2013-12-24T21:00:00Z -1 -1 -1 -1 -1 -1 -1 -1
2013-12-24T22:00:00Z 451 142 526 434 137 96 143 103
2013-12-24T23:00:00Z 466 128 539 444 150 108 124 135
2013-12-25T00:00:00Z 448 141 521 470 158 116 97 135
2013-12-25T01:00:00Z 471 127 524 495 159 122 96 144
2013-12-25T02:00:00Z 500 128 458 477 166 118 79 167
2013-12-25T03:00:00Z 471 131 483 507 197 115 78 151
2013-12-25T04:00:00Z 473 116 512 561 228 116 79 148
2013-12-25T05:00:00Z 475 128 561 544 241 117 67 150
2013-12-25T06:00:00Z 490 120 577 654 214 127 85 154
2013-12-25T07:00:00Z 497 119 580 626 194 150 103 169
2013-12-25T08:00:00Z 524 133 586 491 205 182 115 200
2013-12-25T09:00:00Z 526 155 673 347 211 223 134 206
2013-12-25T10:00:00Z 499 155 622 353 248 251 127 238
2013-12-25T11:00:00Z 516 158 643 383 309 307 92 245
2013-12-25T12:00:00Z 481 137 624 273 407 339 41 263
2013-12-25T13:00:00Z 414 120 660 288 496 455 23 274
2013-12-25T14:00:00Z 374 131 739 358 529 456 14 281
2013-12-25T15:00:00Z 356 143 771 360 545 462 10 294
2013-12-25T16:00:00Z 344 146 876 402 557 479 11 288
2014-01-04T12:00:00Z 129 51 140 269 55 131 60 61
2014-01-04T13:00:00Z 107 44 165 255 53 68 39 40
2014-01-04T14:00:00Z 111 34 178 237 46 45 58 46
2014-01-04T15:00:00Z -1 -1 -1 -1 -1 -1 -1 -1
2014-01-04T16:00:00Z 111 43 214 248 54 21 46 40
2014-01-04T17:00:00Z 112 46 264 234 64 26 49 33
2014-01-05T23:00:00Z 129 77 237 189 84 156 56 119
2014-01-06T00:00:00Z 131 79 267 145 81 159 49 114
2014-01-06T01:00:00Z 134 77 279 127 81 158 45 102
2014-01-06T02:00:00Z 142 71 305 115 83 152 49 104
2014-01-06T03:00:00Z 144 70 311 140 84 186 52 100
2014-01-06T04:00:00Z 142 68 292 148 86 179 53 117
2014-01-06T05:00:00Z 134 60 282 119 87 190 53 107
2014-01-06T06:00:00Z 132 65 290 117 90 175 43 107
2014-01-06T07:00:00Z 135 63 291 117 96 189 45 117
2014-01-06T08:00:00Z 143 63 263 122 106 205 58 142
2014-01-06T09:00:00Z 154 64 254 118 125 209 48 151
2014-01-06T10:00:00Z 165 79 268 137 135 204 68 140
2014-01-06T11:00:00Z 169 87 301 136 145 189 55 105
2014-01-15T23:00:00Z 429 84 602 508 260 403 70 231
2014-01-16T00:00:00Z 426 84 593 525 251 380 73 275
2014-01-16T01:00:00Z 433 89 605 562 254 369 68 325
2014-01-16T02:00:00Z 426 94 661 583 255 320 64 323
2014-01-16T03:00:00Z 435 82 616 595 268 293 47 303
2014-01-16T04:00:00Z 394 87 599 586 272 288 54 299
2014-01-16T05:00:00Z 401 82 576 559 270 233 69 313
2014-01-16T06:00:00Z 393 65 576 539 262 248 60 305
2014-01-16T07:00:00Z 365 68 569 539 229 357 69 246
2014-01-16T08:00:00Z 362 74 604 526 206 373 64 248
2014-01-16T09:00:00Z 400 73 555 531 205 379 61 233
2014-01-16T10:00:00Z 431 90 502 522 209 392 48 174
2014-01-16T11:00:00Z 452 85 439 502 215 421 41 159
2014-01-16T12:00:00Z 452 61 453 501 222 442 35 143
2014-01-16T13:00:00Z 421 58 483 463 236 408 24 153
2014-01-16T14:00:00Z -1 -1 -1 -1 -1 -1 -1 -1
2014-01-16T15:00:00Z 369 78 431 415 254 365 15 159
2014-01-16T16:00:00Z 350 97 388 414 263 323 12 165
2014-01-16T17:00:00Z 350 94 355 414 268 330 13 145
2014-01-19T08:00:00Z 133 66 385 412 136 109 80 48
2014-01-19T09:00:00Z 117 48 417 376 144 128 81 57
2014-01-22T17:00:00Z 147 35 188 198 119 152 56 125
2014-01-22T18:00:00Z 158 56 204 227 128 175 97 121
2014-01-22T19:00:00Z 191 73 237 229 129 193 104 126
2014-01-22T20:00:00Z 221 55 253 312 149 198 111 123
2014-01-22T21:00:00Z 295 75 223 322 163 187 131 131
2014-01-22T22:00:00Z 312 72 279 348 165 202 106 134
2014-01-22T23:00:00Z 326 73 337 390 156 212 75 123
2014-01-23T00:00:00Z 303 72 315 430 142 205 66 137
2014-01-23T01:00:00Z 286 71 308 469 146 210 65 142
2014-01-23T02:00:00Z 274 84 287 437 140 240 66 147
2014-01-23T03:00:00Z 261 66 274 415 127 238 54 140
2014-01-23T04:00:00Z 251 76 268 379 123 232 56 130
2014-01-23T05:00:00Z 246 68 268 351 114 223 54 127
2014-01-23T06:00:00Z 245 68 268 282 114 215 46 142
2014-01-23T07:00:00Z 247 70 265 230 110 216 47 137
2014-01-23T08:00:00Z 240 75 266 239 107 219 52 108
2014-01-23T09:00:00Z 234 82 239 246 107 223 59 112
2014-01-23T10:00:00Z 277 80 239 228 104 225 80 131
2014-01-23T11:00:00Z 308 79 217 233 108 208 72 132
2014-01-23T12:00:00Z 284 81 250 256 106 184 84 147
2014-01-23T13:00:00Z 312 71 242 223 105 134 116 138
2014-01-23T14:00:00Z 301 79 229 219 107 117 110 151
2014-01-23T15:00:00Z 286 75 278 236 111 129 135 151
2014-01-23T16:00:00Z 232 97 305 263 111 131 131 144
2014-01-23T17:00:00Z 210 104 326 268 109 143 104 111
2014-01-23T18:00:00Z 225 118 347 269 125 156 133 106
2014-01-23T19:00:00Z 273 134 386 271 124 175 157 113
2014-01-23T20:00:00Z 290 150 399 301 138 228 180 123
2014-01-23T21:00:00Z 306 165 426 298 147 249 214 128
2014-01-23T22:00:00Z 333 169 419 298 154 244 170 143
2014-01-23T23:00:00Z 322 190 398 299 179 240 151 145
2014-01-24T00:00:00Z 322 178 378 305 185 290 95 137
2014-01-24T01:00:00Z 341 173 381 314 180 310 77 159
2014-01-29T13:00:00Z -1 -1 -1 -1 -1 -1 -1 -1
2014-01-29T14:00:00Z 190 69 300 154 80 94 132 77
2014-02-01T04:00:00Z 150 114 148 161 74 83 165 37
2014-02-01T05:00:00Z 153 116 159 159 71 70 168 38
2014-02-01T06:00:00Z 143 106 171 152 63 73 175 35
2014-02-01T07:00:00Z -1 -1 -1 -1 -1 -1 -1 -1
2014-02-01T08:00:00Z 150 119 190 142 39 69 162 34
2014-02-01T09:00:00Z 152 131 193 131 35 64 160 36
2014-02-01T10:00:00Z 151 125 187 131 33 75 163 43
2014-02-01T11:00:00Z 154 141 197 145 31 79 159 50
2014-02-01T12:00:00Z 167 130 204 139 31 91 148 59
2014-02-01T13:00:00Z 146 132 182 128 33 108 152 67
2014-02-01T14:00:00Z 131 137 167 136 38 112 186 58
2014-02-01T15:00:00Z 80 141 164 139 44 112 182 56
2014-02-01T16:00:00Z 62 144 161 128 47 132 185 55
2014-02-01T17:00:00Z 60 144 146 116 53 149 199 56
2014-02-01T18:00:00Z 71 147 145 131 59 161 207 69
2014-02-01T19:00:00Z 74 146 150 145 65 156 239 72
2014-02-01T20:00:00Z 84 147 162 126 71 176 246 67
2014-02-01T21:00:00Z 89 156 164 116 76 169 253 80
2014-02-05T22:00:00Z 137 98 106 137 34 47 128 27
2014-02-05T23:00:00Z 97 95 107 148 32 45 129 39
2014-02-06T00:00:00Z 78 97 106 156 32 43 119 43
2014-02-06T01:00:00Z 85 93 98 156 33 46 108 43
2014-02-11T18:00:00Z 97 47 212 146 56 109 58 109
2014-02-11T19:00:00Z 100 53 206 147 57 118 60 106
2014-02-12T18:00:00Z 131 19 338 246 150 133 15 76
2014-02-12T19:00:00Z 138 27 317 265 157 176 33 94
2014-02-12T20:00:00Z 163 46 334 277 149 168 69 99
2014-02-12T21:00:00Z 205 63 332 282 135 160 49 101
2014-02-12T22:00:00Z 230 54 323 290 126 145 59 95
2014-02-12T23:00:00Z 247 55 337 298 124 148 57 91
2014-02-13T00:00:00Z 214 56 355 334 124 141 53 99
2014-02-13T01:00:00Z 204 66 378 341 128 162 43 118
2014-02-13T02:00:00Z 211 53 388 351 124 142 40 105
2014-02-13T03:00:00Z 187 55 384 348 118 141 37 92
2014-02-13T04:00:00Z 168 58 406 341 108 135 32 85
2014-02-13T05:00:00Z 158 55 427 347 103 147 33 80
2014-02-13T06:00:00Z 152 48 401 374 104 141 33 73
2014-02-13T07:00:00Z 149 56 435 421 119 132 33 81
2014-02-13T08:00:00Z 154 53 452 337 137 125 42 82
2014-02-13T09:00:00Z 164 62 429 294 142 126 53 82
2014-02-13T10:00:00Z 168 66 462 294 132 136 58 74
2014-02-13T11:00:00Z 169 43 465 283 123 136 59 65
2014-02-13T12:00:00Z 166 46 465 284 120 121 99 62
2014-02-13T13:00:00Z 162 48 336 276 110 104 135 65
2014-02-13T14:00:00Z 178 64 284 269 81 99 134 73
2014-02-13T15:00:00Z 173 107 190 263 69 108 152 75
2014-02-13T16:00:00Z 188 125 149 263 65 113 162 67
2014-02-13T17:00:00Z 189 133 149 261 67 113 164 67
2014-02-13T18:00:00Z 179 142 149 287 65 102 190 62
2014-02-13T19:00:00Z 177 151 167 284 63 89 206 67
2014-02-13T20:00:00Z 234 168 172 298 62 88 236 80
2014-02-13T21:00:00Z 241 184 185 296 61 97 261 84
2014-02-13T22:00:00Z 211 182 191 306 63 101 251 82
2014-02-13T23:00:00Z 109 179 216 308 61 112 248 96
2014-02-14T00:00:00Z 99 174 262 312 59 105 250 100
2014-02-14T01:00:00Z 103 186 279 312 56 96 254 112
2014-02-14T02:00:00Z 113 177 355 339 58 106 260 113
2014-02-14T03:00:00Z 123 181 393 359 66 109 239 105
2014-02-14T04:00:00Z 139 185 406 367 77 105 242 106
2014-02-14T05:00:00Z 137 171 406 363 82 126 241 96
2014-02-14T06:00:00Z 137 160 394 374 91 118 242 94
2014-02-14T07:00:00Z 141 171 383 401 96 129 242 88
2014-02-14T08:00:00Z 137 174 381 408 101 141 258 89
2014-02-14T09:00:00Z 176 203 381 378 115 164 269 98
2014-02-14T10:00:00Z 225 207 379 375 141 191 301 99
2014-02-14T11:00:00Z 281 216 437 292 177 184 326 94
2014-02-14T12:00:00Z 264 213 434 345 198 175 328 88
2014-02-14T13:00:00Z 295 189 396 328 207 190 318 112
2014-02-14T14:00:00Z 302 185 339 306 217 171 251 114
2014-02-14T15:00:00Z 314 182 311 327 221 182 154 104
2014-02-14T16:00:00Z 310 185 302 372 222 203 141 132
2014-02-14T17:00:00Z 309 171 250 388 218 247 125 145
2014-02-14T18:00:00Z 333 168 220 357 215 275 127 165
2014-02-14T19:00:00Z 348 209 236 401 239 276 141 196
2014-02-14T20:00:00Z 431 250 264 471 282 323 216 233
2014-02-14T21:00:00Z 510 327 298 475 424 358 297 277
2014-02-14T22:00:00Z 572 297 329 472 430 347 326 296
2014-02-14T23:00:00Z 737 301 333 459 300 323 186 288
2014-02-15T00:00:00Z 581 288 333 477 252 292 114 257
2014-02-15T01:00:00Z 627 279 353 439 228 265 89 239
2014-02-15T02:00:00Z 550 267 368 402 222 268 75 242
2014-02-15T03:00:00Z 337 272 378 396 217 288 73 232
2014-02-15T04:00:00Z 500 263 390 455 208 267 66 231
2014-02-15T05:00:00Z 491 250 402 510 198 270 68 238
2014-02-15T06:00:00Z 465 226 399 473 185 263 64 230
2014-02-15T07:00:00Z 477 238 389 394 174 257 70 237
2014-02-15T08:00:00Z 555 235 407 397 168 241 85 241
2014-02-15T09:00:00Z 563 236 421 400 170 249 86 265
2014-02-15T10:00:00Z 587 244 436 365 175 285 69 288
2014-02-15T11:00:00Z 550 240 485 332 180 292 65 315
2014-02-15T12:00:00Z 508 234 494 481 186 286 64 307
2014-02-15T13:00:00Z 511 204 527 444 191 275 67 268
2014-02-15T14:00:00Z 501 206 526 429 186 266 80 226
2014-02-15T15:00:00Z 499 226 538 411 179 244 89 204
2014-02-15T16:00:00Z 459 232 489 423 177 238 71 171
2014-02-15T17:00:00Z 404 235 466 447 173 230 54 173
2014-02-15T18:00:00Z 387 243 523 453 171 202 67 183
2014-02-15T19:00:00Z 408 267 562 444 172 186 85 179
2014-02-15T20:00:00Z 427 281 559 437 188 199 120 194
2014-02-15T21:00:00Z 457 282 547 431 210 225 85 209
2014-02-15T22:00:00Z 450 282 557 438 247 244 51 204
2014-02-15T23:00:00Z 453 288 626 434 252 273 32 211
2014-02-16T00:00:00Z 467 270 655 438 254 304 31 217
2014-02-16T01:00:00Z 459 270 678 434 256 303 30 211
2014-02-16T02:00:00Z 464 276 679 433 264 324 29 223
2014-02-16T03:00:00Z 470 268 683 455 269 336 32 224
2014-02-16T04:00:00Z 465 261 706 453 267 355 33 215
2014-02-16T05:00:00Z 450 255 674 448 260 344 29 185
2014-02-16T06:00:00Z 452 241 655 407 247 296 29 180
2014-02-16T07:00:00Z 445 238 612 405 233 300 32 164
2014-02-16T08:00:00Z 421 238 580 388 229 323 29 139
2014-02-16T09:00:00Z 419 243 575 375 228 304 34 119
2014-02-16T10:00:00Z 413 253 564 362 236 293 39 91
2014-02-16T11:00:00Z 407 228 510 359 202 288 30 59
2014-02-16T12:00:00Z 384 186 487 345 155 235 19 49
2014-02-16T13:00:00Z 336 107 454 356 134 200 15 41
2014-02-16T14:00:00Z 308 55 458 339 119 152 18 46
2014-02-16T15:00:00Z 277 36 444 315 119 83 17 37
2014-02-16T16:00:00Z 245 34 381 235 115 52 20 30
2014-02-19T22:00:00Z 116 54 173 122 62 104 81 91
2014-02-19T23:00:00Z 107 48 179 132 64 121 74 120
2014-02-20T00:00:00Z 109 51 193 186 62 134 70 122
2014-02-20T01:00:00Z 119 55 193 201 65 126 53 114
2014-02-20T02:00:00Z 124 54 186 205 68 140 55 119
2014-02-20T03:00:00Z 123 60 197 223 66 146 39 120
2014-02-20T04:00:00Z 119 54 202 218 69 151 37 116
2014-02-21T13:00:00Z -1 -1 353 -1 167 -1 -1 -1
2014-02-21T14:00:00Z 240 188 -1 274 -1 402 256 123
2014-02-21T15:00:00Z 231 184 329 268 184 334 253 124
2014-02-21T16:00:00Z 230 176 321 263 185 300 263 110
2014-02-21T17:00:00Z 224 187 332 239 201 292 296 115
2014-02-21T18:00:00Z 226 197 340 224 205 290 322 102
2014-02-21T19:00:00Z 222 216 358 234 200 -1 353 104
2014-02-21T20:00:00Z 254 226 -1 -1 -1 290 -1 132
2014-02-21T21:00:00Z -1 -1 383 258 198 -1 405 -1
2014-02-21T22:00:00Z 306 221 370 258 207 341 369 154
2014-02-21T23:00:00Z 310 223 354 263 210 348 360 176
2014-02-22T00:00:00Z 328 204 345 251 217 293 345 162
2014-02-22T01:00:00Z 337 212 350 253 212 320 332 162
2014-02-22T02:00:00Z 345 211 348 279 220 336 326 149
2014-02-22T03:00:00Z 333 202 353 287 223 351 308 129
2014-02-22T19:00:00Z 256 195 358 313 197 262 329 211
2014-02-22T20:00:00Z 229 195 372 323 182 256 328 191
2014-02-22T21:00:00Z 231 185 371 326 194 234 351 174
2014-02-22T22:00:00Z 246 185 388 347 189 -1 355 178
2014-02-22T23:00:00Z 240 186 395 363 185 220 354 178
2014-02-23T00:00:00Z 230 184 384 349 179 216 336 182
2014-02-23T01:00:00Z 216 184 380 342 181 211 306 167
2014-02-23T02:00:00Z 199 178 377 354 177 226 304 157
2014-02-23T03:00:00Z 189 191 371 313 163 186 309 157
2014-02-23T04:00:00Z 178 181 384 281 153 191 316 163
2014-02-23T05:00:00Z 184 180 380 262 146 209 324 152
2014-02-23T06:00:00Z 183 172 366 234 144 218 314 156
2014-02-23T07:00:00Z 190 192 372 217 148 225 310 149
2014-02-23T08:00:00Z 187 173 397 214 144 199 311 133
2014-02-23T09:00:00Z 192 190 394 208 147 219 302 145
2014-02-23T10:00:00Z 199 196 352 206 149 212 314 139
2014-02-23T11:00:00Z 194 195 327 196 151 198 317 142
2014-02-23T12:00:00Z 185 195 311 185 147 180 341 141
2014-02-23T13:00:00Z 185 191 312 203 147 177 327 137
2014-02-23T14:00:00Z 183 210 330 183 147 189 327 123
2014-02-23T15:00:00Z 176 213 341 190 138 182 333 121
2014-02-23T16:00:00Z 181 208 344 187 129 180 318 146
2014-02-23T17:00:00Z 188 215 349 200 128 174 307 130
2014-02-23T18:00:00Z 184 218 337 200 128 162 302 118
2014-02-23T19:00:00Z 190 228 322 216 132 162 318 126
2014-02-23T20:00:00Z 199 225 307 220 129 174 302 123
2014-02-23T21:00:00Z 211 234 298 219 130 182 288 122
2014-02-23T22:00:00Z 236 248 303 226 129 212 279 131
2014-02-23T23:00:00Z 252 251 283 217 129 216 273 130
2014-02-24T00:00:00Z 253 255 287 215 132 206 291 140
2014-02-24T01:00:00Z 305 255 289 210 128 199 253 138
2014-02-24T02:00:00Z 334 252 279 199 129 210 271 142
2014-02-24T03:00:00Z 354 253 278 198 133 214 270 149
2014-02-24T04:00:00Z 361 250 280 196 139 215 264 155
2014-02-24T05:00:00Z 359 253 272 198 146 235 265 153
2014-02-24T06:00:00Z 362 234 259 208 154 220 281 155
2014-02-24T07:00:00Z 363 241 252 211 161 240 281 148
2014-02-24T08:00:00Z 308 250 259 217 163 250 278 145
2014-02-24T23:00:00Z 335 253 355 367 213 392 318 279
2014-02-25T00:00:00Z 348 241 365 346 208 384 330 334
2014-03-03T07:00:00Z 134 33 237 207 97 178 26 63
2014-03-03T08:00:00Z 137 46 228 185 101 162 26 48
2014-03-03T09:00:00Z 151 48 230 176 106 132 30 59
2014-03-03T10:00:00Z 147 49 263 170 125 111 28 84
2014-03-03T11:00:00Z 148 37 280 184 132 103 27 55
2014-03-03T12:00:00Z 147 28 282 198 139 107 36 63
2014-03-03T13:00:00Z 168 27 282 200 152 116 92 80
2014-03-03T14:00:00Z 174 39 296 200 165 112 118 74
2014-03-03T15:00:00Z 174 52 292 233 172 127 137 82
2014-03-03T16:00:00Z 168 93 323 261 172 153 144 75
2014-03-10T19:00:00Z 136 91 226 162 169 157 159 37
2014-03-10T20:00:00Z 154 97 237 158 190 181 157 35
2014-03-10T21:00:00Z 187 112 259 175 203 197 196 41
2014-03-10T22:00:00Z 198 114 266 168 217 206 201 51
2014-03-10T23:00:00Z 198 109 272 168 223 210 178 62
2014-03-11T00:00:00Z 197 119 255 164 218 216 194 77
2014-03-11T01:00:00Z 206 116 251 166 212 207 172 91
2014-03-11T02:00:00Z 205 110 257 184 202 226 168 72
2014-03-11T03:00:00Z 215 105 262 192 201 242 168 84
2014-03-11T04:00:00Z 218 123 253 206 203 238 158 101
2014-03-11T05:00:00Z 227 116 263 206 184 221 149 118
2014-03-11T06:00:00Z 230 110 261 231 156 208 154 140
2014-03-11T07:00:00Z 242 118 263 232 139 207 162 160
2014-03-16T16:00:00Z 128 40 169 128 142 111 42 65
2014-03-16T17:00:00Z 130 46 176 122 144 114 47 61
2014-03-16T18:00:00Z 147 60 182 140 146 119 81 49
2014-03-16T19:00:00Z 148 65 194 143 137 110 90 56
2014-03-16T20:00:00Z 144 78 203 157 130 100 74 62
2014-03-16T21:00:00Z 142 85 220 165 123 99 78 78
2014-03-16T22:00:00Z 134 91 227 184 124 107 97 78
2014-03-16T23:00:00Z 137 91 231 191 125 93 100 84
2014-03-17T00:00:00Z 124 103 241 175 127 97 90 87
2014-03-17T01:00:00Z 106 119 237 172 134 127 99 91
2014-03-17T02:00:00Z 106 100 236 188 134 113 99 105
2014-03-17T03:00:00Z 102 92 230 180 134 126 91 106
2014-03-23T15:00:00Z 148 50 115 122 159 145 51 94
2014-03-23T16:00:00Z 168 50 131 130 152 153 51 111
2014-03-23T17:00:00Z 172 54 135 100 167 136 55 100
2014-03-23T18:00:00Z 153 75 124 91 171 155 71 120
2014-03-23T19:00:00Z 136 97 99 105 171 164 93 129
2014-03-23T20:00:00Z 190 90 105 134 171 165 102 134
2014-03-23T21:00:00Z 214 125 98 147 173 148 102 128
2014-03-23T22:00:00Z 217 142 90 140 173 193 96 151
2014-03-23T23:00:00Z 216 141 80 142 172 194 102 152
2014-03-24T00:00:00Z 214 130 90 175 169 207 104 154
2014-03-24T01:00:00Z 225 126 92 169 171 206 108 150
2014-03-24T02:00:00Z 234 135 108 159 175 215 94 153
2014-03-24T03:00:00Z 240 132 112 163 174 225 109 163
2014-03-24T04:00:00Z 231 128 123 156 171 227 124 158
2014-03-24T05:00:00Z 239 127 130 149 180 232 119 165
2014-03-24T06:00:00Z 220 129 142 155 179 232 127 148
2014-03-24T07:00:00Z 225 141 147 176 182 247 122 155
2014-03-24T23:00:00Z 226 148 94 170 122 156 45 159
2014-03-25T00:00:00Z 239 151 104 173 136 144 39 174
2014-03-25T01:00:00Z 237 143 110 160 142 134 33 148
2014-03-25T02:00:00Z 202 147 122 150 148 139 27 150
2014-03-25T03:00:00Z 178 150 118 152 151 155 24 158
2014-03-25T04:00:00Z 163 157 131 153 152 147 20 162
2014-03-25T05:00:00Z 163 161 137 149 160 163 21 175
2014-03-25T06:00:00Z 162 157 137 156 165 187 18 196
2014-03-25T07:00:00Z 199 152 148 200 178 202 15 185
2014-03-25T08:00:00Z 208 142 150 230 197 259 27 200
2014-03-25T09:00:00Z 225 130 168 253 210 288 20 205
2014-03-25T10:00:00Z 260 130 167 255 213 277 21 223
2014-03-25T11:00:00Z 274 121 176 251 205 225 24 227
2014-03-25T12:00:00Z 279 124 174 266 193 206 26 224
2014-03-25T13:00:00Z -1 -1 -1 -1 -1 -1 -1 -1
2014-03-25T14:00:00Z 185 117 191 206 163 128 29 202
2014-03-25T15:00:00Z -1 -1 -1 -1 -1 -1 -1 -1
2014-03-25T16:00:00Z 117 39 179 133 159 149 18 194
2014-03-25T17:00:00Z 112 38 184 137 153 157 17 180
2014-03-25T18:00:00Z 111 53 181 156 153 164 13 175
2014-03-25T19:00:00Z 123 81 167 175 163 202 17 179
2014-03-25T20:00:00Z 144 87 170 153 175 192 38 173
2014-03-25T21:00:00Z 165 111 171 157 205 217 66 147
2014-03-25T22:00:00Z 169 115 183 163 210 251 41 115
2014-03-25T23:00:00Z 178 150 181 179 208 253 32 95
2014-03-26T00:00:00Z 187 165 186 170 203 235 43 84
2014-03-26T01:00:00Z 213 155 191 195 209 204 39 90
2014-03-26T02:00:00Z 224 163 189 204 217 212 36 84
2014-03-26T03:00:00Z 231 169 197 195 224 238 35 88
2014-03-26T04:00:00Z 276 166 203 199 228 229 24 68
2014-03-26T05:00:00Z 293 166 213 202 230 223 20 75
2014-03-26T06:00:00Z 285 159 217 221 236 225 21 60
2014-03-26T07:00:00Z 261 150 218 223 242 225 29 56
2014-03-26T08:00:00Z 261 164 217 221 249 239 26 61
2014-03-26T09:00:00Z 302 166 226 229 255 243 27 75
2014-03-26T10:00:00Z 288 157 227 237 252 262 25 70
2014-03-26T11:00:00Z 294 141 246 247 236 268 23 69
2014-03-26T12:00:00Z 287 154 258 255 205 281 26 76
2014-03-26T13:00:00Z 259 157 274 252 192 269 35 70
2014-03-26T14:00:00Z -1 -1 -1 -1 -1 -1 -1 -1
2014-03-26T15:00:00Z 201 118 272 236 151 210 23 81
2014-03-26T16:00:00Z 204 104 287 243 147 246 15 136
2014-03-26T17:00:00Z 195 101 261 252 140 235 11 153
2014-03-26T18:00:00Z 223 84 237 251 148 255 9 166
2014-03-26T19:00:00Z 237 128 169 281 157 269 19 184
2014-03-26T20:00:00Z 264 176 147 301 175 272 16 216
2014-03-26T21:00:00Z 263 214 158 341 193 278 22 254
2014-03-26T22:00:00Z 252 218 170 255 199 306 26 267
2014-03-26T23:00:00Z 273 211 168 200 197 322 29 298
2014-03-27T00:00:00Z 235 212 164 180 184 332 15 296
2014-03-27T01:00:00Z 198 207 168 213 175 315 10 308
2014-03-27T02:00:00Z 180 213 179 205 180 307 12 298
2014-03-27T20:00:00Z 117 149 301 315 155 121 76 89
2014-03-27T21:00:00Z 121 143 309 334 169 157 69 132
2014-03-27T22:00:00Z 140 129 303 261 185 175 68 154
2014-03-27T23:00:00Z 148 132 294 179 196 189 66 151
2014-04-13T12:00:00Z 153 71 219 119 195 158 53 51
2014-04-13T13:00:00Z 126 70 204 95 180 165 35 54
2014-04-13T14:00:00Z 121 63 180 114 161 163 29 55
2014-04-13T15:00:00Z 109 65 159 127 154 160 19 52
2014-04-13T16:00:00Z 107 54 218 172 162 146 8 41
2014-04-13T17:00:00Z 104 48 197 177 159 144 7 49
2014-04-13T18:00:00Z 96 46 152 186 156 151 13 50
2014-04-13T19:00:00Z 96 69 153 164 159 181 14 47
2014-04-13T20:00:00Z 106 73 175 165 158 177 19 51
2014-04-13T21:00:00Z 111 93 133 177 166 172 24 48
2014-04-13T22:00:00Z 129 101 122 179 171 162 50 45
2014-04-13T23:00:00Z 164 100 110 167 168 157 58 49
2014-04-14T00:00:00Z 174 120 116 169 161 149 54 53
2014-04-14T01:00:00Z 180 96 114 161 160 138 35 56
2014-04-14T02:00:00Z 184 95 131 157 154 127 31 76
2014-04-14T03:00:00Z 186 95 130 145 155 142 30 96
2014-04-14T04:00:00Z 185 88 130 122 158 138 29 95
2014-04-14T05:00:00Z 192 99 127 120 164 139 28 117
2014-04-14T06:00:00Z 169 94 139 121 163 148 23 131
2014-04-14T07:00:00Z 172 110 145 131 163 156 24 142
2014-04-14T08:00:00Z 167 108 167 151 158 158 28 145
2014-04-14T09:00:00Z 193 112 177 138 163 162 25 140
2014-04-14T10:00:00Z 191 109 198 136 155 177 29 147
2014-04-14T11:00:00Z 177 103 215 163 157 185 35 153
2014-04-17T23:00:00Z 105 50 -1 121 89 101 86 81
2014-04-18T00:00:00Z 97 57 -1 129 93 96 83 64
2014-04-18T01:00:00Z 96 74 -1 134 89 107 68 78
2014-04-18T02:00:00Z 89 86 -1 120 93 119 69 83
2014-04-18T03:00:00Z 85 91 -1 129 96 124 62 86
2014-05-01T03:00:00Z 112 82 181 104 81 131 44 97
2014-05-01T04:00:00Z 122 84 180 112 83 141 30 86
2014-05-01T05:00:00Z 123 83 183 107 83 136 30 93
2014-05-19T12:00:00Z -1 -1 -1 -1 -1 -1 -1 -1
2014-05-19T13:00:00Z 150 32 85 113 114 138 20 56
2014-05-19T14:00:00Z 145 37 76 102 108 159 12 57
2014-05-19T15:00:00Z 125 29 52 100 127 155 13 52
2014-05-19T16:00:00Z 112 41 54 102 124 161 29 50
2014-05-19T17:00:00Z 112 38 84 77 125 178 11 60
2014-05-19T18:00:00Z 114 29 101 75 117 191 8 54
2014-05-21T15:00:00Z 102 23 113 70 97 155 30 42
2014-05-21T16:00:00Z -1 -1 -1 -1 -1 -1 -1 -1
2014-05-21T17:00:00Z 109 15 138 65 87 136 19 65
2014-05-21T18:00:00Z 107 15 120 52 112 127 21 69
2014-05-21T19:00:00Z 118 16 98 76 121 130 33 73
2014-05-21T20:00:00Z 123 14 55 111 137 153 20 64
2014-05-21T21:00:00Z 126 20 52 136 146 195 21 53
2014-05-21T22:00:00Z 127 32 55 186 150 211 26 41
2014-05-21T23:00:00Z 126 47 57 247 158 221 19 57
2014-05-22T00:00:00Z 157 55 63 235 166 213 19 56
2014-05-22T01:00:00Z 170 64 78 253 172 225 23 71
2014-05-22T02:00:00Z 176 65 91 210 178 267 27 74
2014-05-31T11:00:00Z 128 63 205 103 137 130 36 23
2014-06-16T13:00:00Z 145 81 186 143 84 104 33 114
2014-06-16T14:00:00Z 149 71 170 129 85 121 28 121
2014-06-16T15:00:00Z 123 71 172 115 83 109 24 143
2014-07-04T09:00:00Z 255 129 54 135 200 188 11 52
2014-07-04T10:00:00Z 263 113 59 182 191 213 10 48
2014-07-04T11:00:00Z 277 112 68 202 187 254 8 50
2014-07-04T12:00:00Z 208 90 75 198 174 303 10 50
2014-07-04T13:00:00Z 187 65 -1 186 173 -1 14 -1
2014-07-04T14:00:00Z -1 -1 84 -1 -1 271 -1 52
2014-07-04T15:00:00Z 188 56 69 208 94 223 10 54
2014-07-04T16:00:00Z 185 33 61 100 80 205 16 58
2014-07-04T17:00:00Z 82 39 65 48 71 157 13 61
2014-07-04T18:00:00Z 80 32 70 51 64 231 14 61
2014-07-04T19:00:00Z 58 38 71 43 52 250 21 58
2014-07-04T20:00:00Z 72 48 67 50 48 254 16 61
2014-07-04T21:00:00Z 66 81 76 60 57 213 13 72
2014-07-04T22:00:00Z 60 109 59 62 63 204 21 73
2014-07-04T23:00:00Z 70 123 54 58 69 214 25 58
2014-07-07T10:00:00Z 79 172 265 218 65 80 78 35
2014-07-07T11:00:00Z 100 144 263 202 73 70 76 29
2014-07-07T12:00:00Z 130 105 255 156 81 71 60 30
2014-07-07T13:00:00Z 155 117 231 142 82 65 71 28
2014-07-07T14:00:00Z 170 105 196 137 101 50 101 28
2014-07-07T15:00:00Z 176 91 172 142 116 62 63 27
2014-07-07T16:00:00Z 182 98 141 155 126 51 48 27
2014-07-07T17:00:00Z 201 126 117 131 118 45 39 24
2014-07-07T18:00:00Z 196 135 102 139 108 35 36 27
2014-07-07T19:00:00Z 203 161 95 149 83 30 29 33
2014-07-07T20:00:00Z 200 161 111 156 65 41 25 33
2014-07-07T21:00:00Z 213 155 119 165 57 58 27 28
2014-07-07T22:00:00Z 195 156 154 159 52 57 31 26
2014-07-17T09:00:00Z 85 53 95 66 62 126 25 44
2014-07-17T10:00:00Z 80 52 95 82 71 108 32 45
2014-07-17T11:00:00Z 81 45 104 80 72 107 46 36
2014-07-17T12:00:00Z 86 48 128 82 75 111 42 48
2014-07-17T13:00:00Z 104 40 156 83 74 77 34 38
2014-07-17T14:00:00Z 109 49 167 114 61 75 30 35
2014-07-17T15:00:00Z 93 56 170 141 55 89 27 40
2014-07-17T16:00:00Z 92 59 176 129 51 88 25 38
2014-07-17T17:00:00Z 98 61 198 132 59 85 25 43
2014-07-17T18:00:00Z 103 78 188 117 72 80 25 54
2014-07-17T19:00:00Z 87 85 154 119 79 86 25 68
2014-07-17T20:00:00Z 81 124 116 128 75 73 40 48
2014-07-17T21:00:00Z 62 116 86 127 63 89 46 64
2014-07-17T22:00:00Z 68 102 77 147 66 69 48 74
2014-07-17T23:00:00Z 73 110 58 161 71 79 45 60
2014-07-18T00:00:00Z 64 114 61 156 81 66 45 73
2014-07-18T01:00:00Z 55 104 70 172 100 74 48 52
2014-07-18T02:00:00Z 57 98 109 196 115 64 42 57
2014-07-18T03:00:00Z 66 111 124 192 104 64 43 47
2014-07-18T04:00:00Z 72 127 126 188 115 93 45 31
2014-07-18T05:00:00Z 85 117 167 200 127 117 39 31
2014-07-18T06:00:00Z 87 108 181 237 141 128 41 31
2014-07-18T07:00:00Z 78 126 179 203 143 133 58 47
2014-07-18T08:00:00Z 70 115 185 204 141 128 56 49
2014-07-18T09:00:00Z 78 130 208 180 131 126 61 56
2014-07-18T10:00:00Z 90 147 236 162 119 122 49 42
2014-07-18T11:00:00Z 109 127 238 114 102 134 52 49
2014-07-18T12:00:00Z 113 124 228 125 80 149 44 47
2014-07-30T09:00:00Z 119 28 92 79 106 75 11 29
2014-07-30T10:00:00Z 124 38 82 89 117 80 8 28
2014-07-30T11:00:00Z 76 37 58 109 113 79 14 34
2014-07-30T12:00:00Z 46 90 59 107 91 94 13 23
2014-07-30T13:00:00Z 35 100 63 127 69 98 12 21
2014-07-30T14:00:00Z 38 114 56 147 56 108 11 21
2014-07-30T15:00:00Z 91 87 70 132 61 82 6 19
2014-07-30T16:00:00Z 125 84 83 102 78 81 10 17
2014-07-30T17:00:00Z 121 85 80 95 89 72 19 15
2014-07-30T18:00:00Z 111 84 93 90 99 82 14 17
2014-07-30T19:00:00Z 99 74 93 87 108 83 17 21
2014-07-30T20:00:00Z 124 64 101 118 113 81 21 24
2014-07-30T21:00:00Z 140 79 117 120 110 68 18 22
2014-07-30T22:00:00Z 146 91 107 124 109 65 17 20
2014-07-30T23:00:00Z 142 97 101 125 107 68 23 28
2014-07-31T00:00:00Z 139 97 107 121 108 62 27 38
2014-07-31T01:00:00Z 119 91 121 129 103 64 28 32
2014-07-31T02:00:00Z 108 88 112 144 96 81 24 31
2014-07-31T17:00:00Z -1 -1 -1 -1 -1 -1 -1 -1
2014-07-31T18:00:00Z 117 67 96 92 63 68 11 17
2014-07-31T19:00:00Z 124 72 108 85 59 57 11 19
2014-07-31T20:00:00Z 138 89 114 121 57 47 9 19
2014-07-31T21:00:00Z 137 88 124 127 60 49 21 22
2014-07-31T22:00:00Z 125 99 141 141 60 72 46 24
2014-07-31T23:00:00Z 108 93 144 143 60 85 27 19
2014-08-01T00:00:00Z 101 106 139 -1 59 84 62 21
2014-08-01T01:00:00Z 93 120 144 140 59 100 29 21
2014-08-01T02:00:00Z 73 110 147 131 58 92 26 22
2014-08-01T03:00:00Z 75 122 153 132 57 94 31 23
2014-08-01T04:00:00Z 73 102 161 133 61 93 31 20
2014-08-01T05:00:00Z 76 118 170 121 61 126 34 21
2014-08-01T06:00:00Z 76 108 181 154 63 138 47 22
2014-08-01T07:00:00Z 80 113 197 179 72 145 36 31
2014-08-01T08:00:00Z 105 114 190 197 71 157 32 39
2014-08-01T09:00:00Z 118 118 185 179 71 139 33 35
2014-08-01T10:00:00Z 131 119 177 144 82 149 40 32
2014-08-01T11:00:00Z 136 106 152 131 99 116 45 41
2014-08-01T12:00:00Z 123 123 124 123 101 88 31 31
2014-08-01T13:00:00Z 123 112 109 113 92 87 29 30
2014-08-01T14:00:00Z 117 78 122 116 78 88 27 25
2014-08-01T15:00:00Z 118 73 120 107 67 85 25 29
2014-08-01T16:00:00Z -1 -1 -1 -1 -1 -1 -1 -1
2014-08-02T10:00:00Z 54 93 146 139 54 54 24 24
2014-08-02T11:00:00Z 61 85 138 128 62 57 20 21
2014-08-02T12:00:00Z 74 83 134 104 71 64 28 19
2014-08-02T13:00:00Z 84 69 128 96 70 69 28 22
2014-08-02T14:00:00Z 99 64 135 89 61 67 31 26
2014-08-02T15:00:00Z 98 76 126 98 61 75 33 29
2014-08-02T16:00:00Z 96 64 126 96 64 70 28 26
2014-08-02T17:00:00Z 96 65 128 102 61 77 22 27
2014-08-02T18:00:00Z 99 63 139 111 55 68 17 31
2014-08-02T19:00:00Z 96 73 149 122 47 76 24 30
2014-08-02T20:00:00Z 100 76 124 123 39 69 27 29
2014-08-02T21:00:00Z 108 75 113 138 33 50 22 33
2014-08-02T22:00:00Z 116 73 125 142 27 47 25 35
2014-08-21T02:00:00Z 140 22 122 127 165 158 33 125
2014-08-21T03:00:00Z 138 26 119 132 171 157 26 127
2014-08-21T04:00:00Z 139 24 124 134 163 163 27 119
2014-08-21T05:00:00Z 138 29 131 151 151 169 31 114
2014-08-21T06:00:00Z 142 29 130 152 146 171 28 121
2014-08-21T07:00:00Z 149 32 130 167 140 168 24 113
2014-08-21T08:00:00Z 140 32 126 160 137 168 25 125
2014-08-21T09:00:00Z 141 27 118 140 131 154 20 131
2014-08-30T04:00:00Z 110 60 72 96 85 57 48 44
2014-08-30T05:00:00Z 114 62 80 77 85 56 56 31
2014-08-30T06:00:00Z 115 58 96 78 85 59 53 36
2014-08-30T07:00:00Z 126 61 95 74 90 59 56 36
2014-08-30T08:00:00Z 119 54 104 71 93 63 41 37
2014-08-30T09:00:00Z 112 66 112 83 94 60 47 37
2014-08-30T10:00:00Z 102 66 106 85 86 55 47 36
2014-08-30T11:00:00Z 116 45 109 106 76 49 47 33
2014-09-05T20:00:00Z 104 54 55 67 65 43 33 23
2014-09-05T21:00:00Z 109 52 60 80 73 45 45 20
2014-09-05T22:00:00Z 105 60 59 115 78 47 46 21
2014-09-05T23:00:00Z 109 74 61 115 83 50 54 24
2014-09-06T00:00:00Z 120 60 65 99 88 51 58 26
2014-09-06T01:00:00Z 128 51 62 97 92 58 52 22
2014-09-06T02:00:00Z 130 67 69 106 97 73 58 24
2014-09-06T03:00:00Z 129 60 79 115 101 84 49 21
2014-09-06T04:00:00Z 116 54 95 141 103 98 48 21
2014-09-06T05:00:00Z 100 56 98 144 110 123 44 21
2014-09-06T06:00:00Z 91 62 98 137 115 106 44 28
2014-09-06T07:00:00Z 89 49 106 162 120 102 49 22
2014-09-06T08:00:00Z 87 59 113 176 122 122 44 27
2014-09-06T09:00:00Z 104 71 119 164 118 160 43 27
2014-09-06T10:00:00Z 125 75 129 144 119 192 47 29
2014-09-06T11:00:00Z 137 70 135 143 117 218 38 28
2014-09-06T12:00:00Z 127 69 142 134 115 157 39 32
2014-09-06T13:00:00Z 117 67 131 102 107 107 37 33
2014-09-06T14:00:00Z 106 66 100 77 100 79 40 32
2014-09-06T15:00:00Z 96 40 88 75 97 89 44 32
2014-09-06T16:00:00Z 94 44 81 69 96 93 46 32
2014-09-06T17:00:00Z 101 38 69 72 97 89 49 32
2014-09-06T18:00:00Z 104 55 64 72 87 92 46 35
2014-09-06T19:00:00Z 108 63 77 80 84 95 45 37
2014-09-06T20:00:00Z 118 65 78 80 75 113 55 40
2014-09-06T21:00:00Z 127 68 90 87 80 135 60 36
2014-09-06T22:00:00Z 136 80 87 101 97 140 74 40
2014-09-06T23:00:00Z 128 77 88 100 104 163 67 41
2014-09-07T00:00:00Z 118 63 84 120 106 194 68 48
2014-09-07T01:00:00Z 122 65 95 117 110 220 77 43
2014-09-07T02:00:00Z 131 72 103 117 116 235 83 52
2014-09-07T03:00:00Z 131 56 100 128 119 242 84 51
2014-09-07T04:00:00Z 151 70 107 125 129 231 93 57
2014-09-07T05:00:00Z 158 55 117 135 135 242 94 61
2014-09-07T06:00:00Z 160 74 115 131 141 238 89 80
2014-09-07T07:00:00Z 160 74 124 134 138 249 89 62
2014-09-07T08:00:00Z 151 76 126 143 141 249 93 49
2014-09-07T09:00:00Z 152 73 126 140 139 258 95 73
2014-09-07T10:00:00Z 134 112 128 131 137 255 103 71
2014-09-25T11:00:00Z 60 19 136 125 70 82 12 18
2014-10-07T14:00:00Z -1 -1 -1 -1 -1 -1 -1 -1
2014-10-07T15:00:00Z 163 41 198 213 136 67 11 90
2014-10-07T16:00:00Z 182 36 241 208 146 79 16 109
2014-10-07T17:00:00Z 184 38 279 215 150 85 19 103
2014-10-07T18:00:00Z 203 44 274 219 148 91 24 103
2014-10-07T19:00:00Z 230 55 269 226 152 86 34 119
2014-10-07T20:00:00Z 269 82 282 250 159 98 42 132
2014-10-07T21:00:00Z 283 105 309 281 168 101 43 126
2014-10-07T22:00:00Z 282 86 325 324 165 108 40 133
2014-10-07T23:00:00Z 295 79 299 344 172 120 35 130
2014-10-08T00:00:00Z 300 92 284 340 182 114 32 131
2014-10-08T01:00:00Z 311 93 270 354 194 112 27 128
2014-10-08T02:00:00Z 330 83 255 381 203 112 22 130
2014-10-08T03:00:00Z 326 100 237 385 202 117 18 127
2014-10-08T04:00:00Z 344 105 226 358 204 112 18 167
2014-10-08T05:00:00Z 331 98 218 337 207 116 16 89
2014-10-08T06:00:00Z 331 94 214 335 200 118 14 118
2014-10-08T07:00:00Z 316 89 208 350 204 135 21 111
2014-10-08T08:00:00Z 317 94 214 325 200 133 23 110
2014-10-08T09:00:00Z 334 93 228 317 201 152 23 110
2014-10-08T10:00:00Z 310 100 278 319 197 140 20 108
2014-10-08T11:00:00Z -1 -1 -1 -1 -1 -1 -1 -1
2014-10-08T12:00:00Z 325 101 289 312 163 145 45 120
2014-10-08T13:00:00Z 315 105 278 323 152 126 58 154
2014-10-08T14:00:00Z 312 110 261 345 134 118 59 115
2014-10-08T15:00:00Z 278 138 289 383 124 146 54 96
2014-10-08T16:00:00Z 226 149 323 357 113 132 46 84
2014-10-08T17:00:00Z 197 176 343 322 105 127 44 112
2014-10-08T18:00:00Z 195 193 365 334 107 118 45 155
2014-10-08T19:00:00Z 208 209 351 355 111 141 74 111
2014-10-08T20:00:00Z 252 194 357 411 121 150 67 114
2014-10-08T21:00:00Z 272 196 369 456 135 172 77 123
2014-10-08T22:00:00Z 297 211 375 468 141 181 114 141
2014-10-08T23:00:00Z 300 194 388 481 147 178 56 140
2014-10-09T00:00:00Z 292 180 387 483 153 170 44 210
2014-10-09T01:00:00Z 287 201 381 489 156 144 36 157
2014-10-09T02:00:00Z 273 206 402 479 162 131 36 162
2014-10-09T03:00:00Z 268 177 408 473 169 133 50 143
2014-10-09T04:00:00Z 240 182 401 485 175 119 51 120
2014-10-09T05:00:00Z 231 182 386 470 181 126 51 113
2014-10-09T06:00:00Z 253 191 370 456 183 133 50 107
2014-10-09T07:00:00Z 245 185 368 423 190 145 51 117
2014-10-09T08:00:00Z 248 185 362 418 197 150 52 183
2014-10-09T09:00:00Z 244 185 348 388 207 163 57 93
2014-10-09T10:00:00Z 266 195 347 361 216 190 56 109
2014-10-09T11:00:00Z 278 223 356 385 219 178 73 160
2014-10-09T12:00:00Z 310 212 374 422 192 198 98 173
2014-10-09T13:00:00Z 313 225 356 427 157 211 101 148
2014-10-09T14:00:00Z 281 243 367 403 138 177 76 130
2014-10-09T15:00:00Z 237 256 382 333 133 174 72 118
2014-10-09T16:00:00Z -1 -1 -1 -1 -1 -1 -1 -1
2014-10-09T17:00:00Z 228 256 396 303 146 180 74 127
2014-10-10T08:00:00Z 277 196 317 368 210 243 62 60
2014-10-10T09:00:00Z 281 192 307 356 218 207 64 68
2014-10-10T10:00:00Z 305 208 311 347 220 196 69 71
2014-10-10T11:00:00Z 300 222 313 345 208 200 63 69
2014-10-10T12:00:00Z 287 220 307 345 192 185 68 111
2014-10-10T13:00:00Z 257 210 316 328 183 182 51 55
2014-10-10T14:00:00Z -1 -1 -1 -1 -1 -1 -1 -1
2014-10-10T15:00:00Z 214 196 284 287 139 197 45 64
2014-10-10T16:00:00Z 217 201 214 245 147 196 44 66
2014-10-10T17:00:00Z 224 209 178 209 142 168 49 67
2014-10-10T18:00:00Z 241 212 159 208 149 171 56 76
2014-10-10T19:00:00Z 251 226 153 219 161 189 61 94
2014-10-10T20:00:00Z 251 232 167 248 168 200 64 86
2014-10-10T21:00:00Z 257 230 189 278 168 199 69 105
2014-10-10T22:00:00Z 264 227 197 321 156 217 54 111
2014-10-10T23:00:00Z 273 237 211 355 132 196 60 114
2014-10-11T00:00:00Z 284 212 224 322 107 174 64 115
2014-10-11T01:00:00Z 279 219 226 255 94 169 61 117
2014-10-11T02:00:00Z 242 200 236 268 90 184 61 115
2014-10-11T03:00:00Z 243 186 237 274 86 194 60 109
2014-10-11T04:00:00Z 221 160 235 272 81 161 63 102
2014-10-11T05:00:00Z 196 135 236 275 85 143 66 109
2014-10-11T06:00:00Z 162 136 232 278 79 137 66 122
2014-10-18T12:00:00Z 231 47 96 124 191 217 6 134
2014-10-18T13:00:00Z -1 -1 -1 -1 -1 -1 -1 -1
2014-10-18T14:00:00Z 247 46 110 143 173 199 5 174
2014-10-18T15:00:00Z 255 51 135 150 153 149 6 180
2014-10-18T16:00:00Z 272 50 119 177 133 136 8 165
2014-10-18T17:00:00Z 275 47 107 227 115 159 9 174
2014-10-18T18:00:00Z 327 69 110 248 104 175 13 153
2014-10-18T19:00:00Z 366 83 99 275 114 187 21 145
2014-10-18T20:00:00Z 301 88 121 327 126 178 39 187
2014-10-18T21:00:00Z 245 79 117 346 138 172 30 194
2014-10-18T22:00:00Z 223 90 116 368 155 170 24 181
2014-10-18T23:00:00Z 241 110 134 370 162 149 26 199
2014-10-19T00:00:00Z 248 82 161 369 170 131 24 188
2014-10-19T01:00:00Z 282 96 186 364 171 122 19 179
2014-10-19T02:00:00Z 296 80 198 354 166 115 15 151
2014-10-19T03:00:00Z 284 100 187 345 163 134 15 151
2014-10-19T04:00:00Z 236 91 173 360 156 136 16 137
2014-10-19T05:00:00Z 246 99 155 359 145 125 14 128
2014-10-19T06:00:00Z 261 110 141 351 146 134 15 133
2014-10-19T07:00:00Z 270 110 143 317 144 143 17 109
2014-10-19T08:00:00Z 273 113 162 348 140 142 20 103
2014-10-19T09:00:00Z 259 121 177 325 127 132 19 110
2014-10-19T10:00:00Z 227 133 190 200 118 112 20 76
2014-10-19T11:00:00Z 202 114 209 161 116 109 17 59
2014-10-19T12:00:00Z 177 137 232 182 124 112 19 46
2014-10-19T13:00:00Z 175 148 250 199 130 109 23 42
2014-10-19T14:00:00Z 145 147 265 200 122 114 31 44
2014-10-19T15:00:00Z 122 150 261 211 116 127 39 53
2014-10-19T16:00:00Z 118 152 247 171 125 137 33 72
2014-10-19T17:00:00Z 129 188 230 192 136 126 40 90
2014-10-19T18:00:00Z 147 206 210 160 145 120 42 87
2014-10-19T19:00:00Z 141 197 201 135 151 121 55 90
2014-10-19T20:00:00Z 157 157 192 150 155 142 55 95
2014-10-19T21:00:00Z 158 180 190 164 151 139 57 82
2014-10-19T22:00:00Z 144 182 186 177 153 120 61 61
2014-10-19T23:00:00Z -1 -1 -1 -1 148 -1 -1 -1
2014-10-23T13:00:00Z 121 110 241 -1 -1 179 45 94
2014-10-23T14:00:00Z -1 -1 -1 140 210 -1 -1 -1
2014-10-23T15:00:00Z 156 125 239 164 222 188 23 128
2014-10-23T16:00:00Z 176 110 265 175 227 209 21 142
2014-10-23T17:00:00Z 223 127 291 192 232 225 33 165
2014-10-23T18:00:00Z 236 124 324 222 234 222 36 144
2014-10-23T19:00:00Z 247 133 327 283 234 212 41 141
2014-10-23T20:00:00Z 274 130 335 326 235 210 76 142
2014-10-23T21:00:00Z 276 156 342 331 244 221 38 132
2014-10-23T22:00:00Z 269 143 351 329 250 220 38 155
2014-10-23T23:00:00Z -1 -1 -1 -1 -1 -1 -1 -1
2014-10-24T00:00:00Z 267 128 337 332 245 227 41 132
2014-10-24T01:00:00Z 285 126 327 320 228 217 49 165
2014-10-24T02:00:00Z 296 123 320 305 221 222 21 166
2014-10-24T03:00:00Z 288 141 300 298 216 235 19 160
2014-10-24T04:00:00Z 283 133 288 283 210 227 22 179
2014-10-24T05:00:00Z 265 133 278 256 197 231 50 182
2014-10-24T06:00:00Z 246 145 263 219 189 229 22 168
2014-10-24T07:00:00Z 244 137 -1 216 181 -1 70 -1
2014-10-24T08:00:00Z 214 148 258 206 173 235 17 179
2014-10-24T09:00:00Z 193 146 274 196 175 215 19 173
2014-10-24T10:00:00Z 202 139 324 193 184 178 21 148
2014-10-24T11:00:00Z 222 152 358 200 202 163 30 139
2014-10-24T12:00:00Z 256 154 381 240 224 167 22 145
2014-10-24T13:00:00Z 285 159 433 278 247 164 17 148
2014-10-24T14:00:00Z 296 147 442 291 259 186 26 140
2014-10-24T15:00:00Z 288 145 446 303 264 205 17 142
2014-10-24T16:00:00Z 288 165 420 322 280 206 15 132
2014-10-24T17:00:00Z 293 169 385 345 285 208 12 137
2014-10-24T18:00:00Z 297 166 300 358 286 225 17 130
2014-10-24T19:00:00Z 304 170 299 370 290 255 31 145
2014-10-24T20:00:00Z 317 192 288 384 294 235 35 144
2014-10-24T21:00:00Z 324 185 307 396 296 234 30 160
2014-10-24T22:00:00Z -1 -1 338 -1 -1 236 -1 157
2014-10-24T23:00:00Z 310 173 -1 386 274 -1 20 -1
2014-10-25T00:00:00Z 296 167 328 384 253 226 24 168
2014-10-25T01:00:00Z 283 166 318 362 235 209 16 178
2014-10-25T02:00:00Z 275 157 313 344 210 212 17 176
2014-10-25T03:00:00Z 267 156 296 327 192 206 13 192
2014-10-25T04:00:00Z 253 146 263 300 165 197 11 161
2014-10-25T05:00:00Z 248 158 226 285 151 197 25 170
2014-10-25T06:00:00Z 252 141 208 286 149 175 14 180
2014-10-25T07:00:00Z 242 152 208 280 149 148 23 183
2014-10-25T08:00:00Z 236 152 219 272 154 140 14 177
2014-10-25T09:00:00Z 237 173 237 262 160 151 16 151
2014-10-25T10:00:00Z 262 166 283 285 171 144 7 150
2014-10-25T11:00:00Z 323 161 -1 328 195 -1 9 151
2014-10-25T12:00:00Z 368 188 339 -1 -1 198 11 138
2014-10-25T13:00:00Z -1 -1 -1 327 223 -1 -1 -1
2014-10-25T14:00:00Z 391 197 345 343 246 247 8 133
2014-10-25T15:00:00Z -1 -1 -1 -1 -1 -1 -1 -1
2014-10-25T16:00:00Z -1 -1 -1 -1 -1 -1 -1 -1
2014-10-29T16:00:00Z 105 70 163 110 123 143 27 78
2014-10-29T17:00:00Z 109 64 165 108 122 170 54 57
2014-10-29T18:00:00Z 117 77 161 115 124 162 33 58
2014-10-29T19:00:00Z 146 92 174 125 137 174 56 66
2014-10-29T20:00:00Z 169 109 184 150 151 175 60 94
2014-10-29T21:00:00Z 180 113 184 175 156 181 35 129
2014-10-29T22:00:00Z 170 119 186 202 151 202 34 140
2014-10-29T23:00:00Z 171 108 182 200 145 199 45 144
2014-10-30T00:00:00Z -1 -1 -1 -1 -1 -1 -1 -1
2014-10-30T01:00:00Z 183 96 175 155 144 169 49 138
2014-10-30T02:00:00Z 181 87 175 152 148 164 47 158
2014-10-30T03:00:00Z 178 88 174 158 153 178 44 164
2014-10-30T04:00:00Z 174 91 173 151 152 166 40 161
2014-10-30T05:00:00Z 183 94 177 153 150 182 35 163
2014-10-30T06:00:00Z 179 100 177 161 151 190 33 145
2014-10-30T07:00:00Z 181 114 179 177 154 228 44 140
2014-10-30T08:00:00Z 182 106 173 189 157 254 45 133
2014-10-30T09:00:00Z 200 109 178 219 165 244 50 163
2014-10-30T10:00:00Z 210 124 180 237 185 251 31 173
2014-10-30T11:00:00Z 209 122 175 247 196 282 41 161
2014-10-30T12:00:00Z -1 -1 -1 -1 -1 -1 -1 -1
2014-10-30T13:00:00Z 218 134 185 236 182 260 54 105
2014-10-30T14:00:00Z 207 126 201 185 159 193 34 73
2014-10-31T05:00:00Z 246 95 238 198 122 94 51 205
2014-10-31T06:00:00Z 247 81 242 188 113 122 48 187
2014-10-31T07:00:00Z 257 88 246 184 92 231 45 164
2014-10-31T08:00:00Z 217 96 -1 190 95 -1 46 -1
2014-10-31T09:00:00Z 143 93 253 192 136 248 58 136
2014-10-31T10:00:00Z 111 99 254 185 163 236 31 132
2014-10-31T11:00:00Z 139 95 255 171 167 221 43 139
2014-10-31T12:00:00Z 177 93 232 188 164 228 33 132
2014-10-31T13:00:00Z 190 99 217 199 160 226 30 134
