2013-06-11T22:00:00 0 0 0 0 0
2013-06-11T21:00:00 0 0 0 0 0
2013-06-11T20:00:00 0 0 0 0 0
2013-06-11T19:00:00 0 0 0 0 0
2013-06-11T18:00:00 0 0 0 0 0
2013-06-11T17:00:00 0 0 0 0 0
2013-11-20T21:00:00 0.533725781094 0.466274218906 1 1 2
2013-11-20T20:00:00 0.533725781094 0.466274218906 1 1 2
2013-11-20T19:00:00 0.533725781094 0.466274218906 1 1 2
2013-11-20T18:00:00 0.533725781094 0.466274218906 1 1 2
2013-11-20T17:00:00 0.533725781094 0.466274218906 1 1 2
2013-11-20T16:00:00 0 0 0 0 0
2013-11-26T05:00:00 0.0 0.0 0 0 0
2013-11-26T04:00:00 0.0 0.0 0 0 0
2013-11-26T03:00:00 0.0 0.0 0 0 0
2013-11-26T02:00:00 0.0 0.0 0 0 0
2013-11-26T01:00:00 0.0 0.0 0 0 0
2013-11-26T00:00:00 0.651403678713 0.348596321287 1 0 1
2013-12-01T05:00:00 0 0 0 0 0
2013-12-01T04:00:00 0 0 0 0 0
2013-12-01T03:00:00 0 0 0 0 0
2013-12-01T02:00:00 0.68412396799 0.31587603201 3 0 3
2013-12-01T01:00:00 0.68412396799 0.31587603201 3 0 3
2013-12-01T00:00:00 0.68412396799 0.31587603201 3 0 3
2013-12-04T23:00:00 0.740922643909 0.259077356091 4 0 4
2013-12-04T22:00:00 0.740922643909 0.259077356091 4 0 4
2013-12-04T21:00:00 0.780116063451 0.219883936549 5 0 5
2013-12-04T20:00:00 0.780116063451 0.219883936549 5 0 5
2013-12-04T19:00:00 0.792895500561 0.207104499439 6 0 6
2013-12-04T18:00:00 0.813466106427 0.186533893573 7 0 7
2013-12-08T17:00:00 0.849696591828 0.150303408173 4 0 4
2013-12-08T16:00:00 0.848819952962 0.151180047038 4 0 4
2013-12-08T15:00:00 0.824576489647 0.175423510353 6 0 6
2013-12-08T14:00:00 0.802658563218 0.197341436782 5 0 5
2013-12-08T13:00:00 0.787247227293 0.212752772707 6 0 6
2013-12-08T12:00:00 0.787247227293 0.212752772707 6 0 6
2013-12-26T06:00:00 0 0 0 0 0
2013-12-26T05:00:00 0 0 0 0 0
2013-12-26T04:00:00 0 0 0 0 0
2013-12-26T03:00:00 0 0 0 0 0
2013-12-26T02:00:00 0.0 0.0 0 0 0
2013-12-26T01:00:00 0.602476162584 0.397523837416 1 0 1
2013-12-29T07:00:00 0 0 0 0 0
2013-12-29T06:00:00 0 0 0 0 0
2013-12-29T05:00:00 0.350772923543 0.649227076457 0 1 1
2013-12-29T04:00:00 0.350772923543 0.649227076457 0 1 1
2013-12-29T03:00:00 0.553837514696 0.446162485304 1 1 2
2013-12-29T02:00:00 0.553837514696 0.446162485304 1 1 2
2013-12-31T21:00:00 0.738126571684 0.261873428316 7 1 8
2013-12-31T20:00:00 0.777727023607 0.222272976393 10 1 11
2013-12-31T19:00:00 0.776055483908 0.223944516092 11 1 12
2013-12-31T18:00:00 0.781299362762 0.218700637238 10 1 11
2013-12-31T17:00:00 0.864914385289 0.135085614711 8 0 8
2013-12-31T16:00:00 0.850357773436 0.149642226564 5 0 5
2014-01-03T07:00:00 0 0 0 0 0
2014-01-03T06:00:00 0 0 0 0 0
2014-01-03T05:00:00 0 0 0 0 0
2014-01-03T04:00:00 0 0 0 0 0
2014-01-03T03:00:00 0 0 0 0 0
2014-01-03T02:00:00 0 0 0 0 0
2014-01-12T18:00:00 0.76930641649 0.23069358351 1 0 1
2014-01-12T17:00:00 0 0 0 0 0
2014-01-12T16:00:00 0 0 0 0 0
2014-01-12T15:00:00 0.603434504278 0.396565495722 1 0 1
2014-01-12T14:00:00 0.603434504278 0.396565495722 1 0 1
2014-01-12T13:00:00 0.603434504278 0.396565495722 1 0 1
2014-01-17T18:00:00 0.936889741622 0.0631102583782 1 0 1
2014-01-17T17:00:00 0 0 0 0 0
2014-01-17T16:00:00 0 0 0 0 0
2014-01-17T15:00:00 0 0 0 0 0
2014-01-17T14:00:00 0 0 0 0 0
2014-01-17T13:00:00 0 0 0 0 0
2014-01-18T06:00:00 0.745729910637 0.254270089363 1 0 1
2014-01-18T05:00:00 0.516313471408 0.483686528592 1 1 2
2014-01-18T04:00:00 0.516313471408 0.483686528592 1 1 2
2014-01-18T03:00:00 0.516313471408 0.483686528592 1 1 2
2014-01-19T18:00:00 0.832077932039 0.167922067961 4 0 4
2014-01-19T17:00:00 0.833813265315 0.166186734685 3 0 3
2014-01-19T16:00:00 0.83293072158 0.16706927842 2 0 2
2014-01-19T15:00:00 0.66216000956 0.33783999044 3 0 3
2014-01-19T14:00:00 0.628754163571 0.371245836429 2 0 2
2014-01-19T13:00:00 0.628754163571 0.371245836429 2 0 2
2014-01-29T23:00:00 0.537196726476 0.462803273523 2 2 4
2014-01-29T22:00:00 0.579203878504 0.420796121496 3 2 5
2014-01-29T21:00:00 0.694409122256 0.305590877744 5 1 6
2014-01-29T20:00:00 0.707175029694 0.292824970306 7 1 8
2014-01-29T19:00:00 0.66520172629 0.33479827371 10 2 12
2014-01-29T18:00:00 0.636473102067 0.363526897933 10 3 13
2014-02-01T21:00:00 0.655245507441 0.344754492559 2 0 2
2014-02-01T20:00:00 0.607380939515 0.392619060485 2 1 3
2014-02-01T19:00:00 0.617003303915 0.382996696085 3 1 4
2014-02-01T18:00:00 0.656994914599 0.343005085401 4 1 5
2014-02-01T17:00:00 0.68257114808 0.31742885192 6 1 7
2014-02-01T16:00:00 0.765278448878 0.234721551122 12 1 13
2014-02-19T21:00:00 0.906365098623 0.093634901377 4 0 4
2014-02-19T20:00:00 0.91620337311 0.0837966268901 2 0 2
2014-02-19T19:00:00 0.91620337311 0.0837966268901 2 0 2
2014-02-19T18:00:00 0.906365098623 0.0936349013771 4 0 4
2014-02-19T17:00:00 0.896526824136 0.103473175864 2 0 2
2014-02-19T16:00:00 0.896526824136 0.103473175864 2 0 2
2014-03-18T07:00:00 0 0 0 0 0
2014-03-18T06:00:00 0 0 0 0 0
2014-03-18T05:00:00 0 0 0 0 0
2014-03-18T04:00:00 0 0 0 0 0
2014-03-18T03:00:00 0 0 0 0 0
2014-03-18T02:00:00 0 0 0 0 0
2014-04-17T08:00:00 0.570153205234 0.429846794766 2 1 3
2014-04-17T07:00:00 0.739236594619 0.260763405381 2 0 2
2014-04-17T06:00:00 0.739236594619 0.260763405381 2 0 2
2014-04-17T05:00:00 0.734996736227 0.265003263773 1 0 1
2014-04-17T04:00:00 0 0 0 0 0
2014-04-17T03:00:00 0 0 0 0 0
2014-05-14T12:00:00 0 0 0 0 0
2014-05-14T11:00:00 0 0 0 0 0
2014-05-14T10:00:00 0 0 0 0 0
2014-05-14T09:00:00 0 0 0 0 0
2014-05-14T08:00:00 0 0 0 0 0
2014-05-14T07:00:00 0 0 0 0 0
2014-05-21T10:00:00 0.697685132293 0.302314867707 2 1 3
2014-05-21T09:00:00 0.384982103474 0.615017896526 0 1 1
2014-05-21T08:00:00 0.0 0.0 0 0 0
2014-05-21T07:00:00 0 0 0 0 0
2014-05-21T06:00:00 0 0 0 0 0
2014-05-21T05:00:00 0 0 0 0 0
2014-05-25T12:00:00 0.764011930354 0.235988069647 2 0 2
2014-05-25T11:00:00 0.64203450979 0.35796549021 1 0 1
2014-05-25T10:00:00 0 0 0 0 0
2014-05-25T09:00:00 0 0 0 0 0
2014-05-25T08:00:00 0 0 0 0 0
2014-05-25T07:00:00 0 0 0 0 0
2014-05-26T05:00:00 0 0 0 0 0
2014-05-26T04:00:00 0.621410885933 0.378589114067 1 0 1
2014-05-26T03:00:00 0.688740711702 0.311259288298 2 0 2
2014-05-26T02:00:00 0.771457055009 0.228542944991 3 0 3
2014-05-26T01:00:00 0.771457055009 0.228542944991 3 0 3
2014-05-26T00:00:00 0.771457055009 0.228542944991 3 0 3
2014-06-28T11:00:00 0 0 0 0 0
2014-06-28T10:00:00 0 0 0 0 0
2014-06-28T09:00:00 0 0 0 0 0
2014-06-28T08:00:00 0 0 0 0 0
2014-06-28T07:00:00 0 0 0 0 0
2014-06-28T06:00:00 0 0 0 0 0
2014-06-29T12:00:00 0.835008561955 0.164991438045 5 0 5
2014-06-29T11:00:00 0.835008561955 0.164991438045 5 0 5
2014-06-29T10:00:00 0.835008561955 0.164991438045 5 0 5
2014-06-29T09:00:00 0.872808081203 0.127191918797 3 0 3
2014-06-29T08:00:00 0.906337272336 0.0936627276641 2 0 2
2014-06-29T07:00:00 0.936889741622 0.0631102583782 1 0 1
2014-07-10T17:00:00 0.890479354011 0.109520645989 2 0 2
2014-07-10T16:00:00 0.870428954123 0.129571045877 4 0 4
2014-07-10T15:00:00 0.788556483191 0.211443516809 4 0 4
2014-07-10T14:00:00 0.771068027818 0.228931972182 4 0 4
2014-07-10T13:00:00 0.719833342108 0.280166657892 5 1 6
2014-07-10T12:00:00 0.719833342108 0.280166657892 5 1 6
2014-10-16T04:00:00 0.646776841258 0.353223158742 1 0 1
2014-10-16T03:00:00 0.646776841258 0.353223158742 1 0 1
2014-10-16T02:00:00 0.646776841258 0.353223158742 1 0 1
2014-10-16T01:00:00 0.646776841258 0.353223158742 1 0 1
2014-10-16T00:00:00 0.79183329144 0.20816670856 2 0 2
2014-10-15T23:00:00 0.864361516531 0.135638483469 4 0 4
2014-10-21T08:00:00 0 0 0 0 0
2014-10-21T07:00:00 0 0 0 0 0
2014-10-21T06:00:00 0 0 0 0 0
2014-10-21T05:00:00 0 0 0 0 0
2014-10-21T04:00:00 0 0 0 0 0
2014-10-21T03:00:00 0 0 0 0 0
2014-11-06T04:00:00 0 0 0 0 0
2014-11-06T03:00:00 0 0 0 0 0
2014-11-06T02:00:00 0 0 0 0 0
2014-11-06T01:00:00 0 0 0 0 0
2014-11-06T00:00:00 0 0 0 0 0
2014-11-05T23:00:00 0 0 0 0 0
2014-11-11T22:00:00 0.849005996358 0.150994003642 3 0 3
2014-11-11T21:00:00 0.849005996358 0.150994003642 3 0 3
2014-11-11T20:00:00 0.849005996358 0.150994003642 3 0 3
2014-11-11T19:00:00 0.849005996358 0.150994003642 3 0 3
2014-11-11T18:00:00 0.786268291954 0.213731708046 1 0 1
2014-11-11T17:00:00 0.786268291954 0.213731708046 1 0 1
