2013-06-12T01:00:00 0 0 0 0 0
2013-06-12T02:00:00 0 0 0 0 0
2013-06-12T03:00:00 0 0 0 0 0
2013-06-12T04:00:00 0 0 0 0 0
2013-06-12T05:00:00 0 0 0 0 0
2013-06-12T06:00:00 0 0 0 0 0
2013-06-12T07:00:00 0 0 0 0 0
2013-06-12T08:00:00 0 0 0 0 0
2013-06-12T09:00:00 0 0 0 0 0
2013-06-12T10:00:00 0 0 0 0 0
2013-06-12T11:00:00 0 0 0 0 0
2013-11-07T08:00:00 0 0 0 0 0
2013-11-07T09:00:00 0 0 0 0 0
2013-11-07T10:00:00 0 0 0 0 0
2013-11-07T11:00:00 0 0 0 0 0
2013-11-07T12:00:00 0 0 0 0 0
2013-11-07T13:00:00 0 0 0 0 0
2013-11-08T03:00:00 0 0 0 0 0
2013-11-08T04:00:00 0 0 0 0 0
2013-11-08T05:00:00 0 0 0 0 0
2013-11-08T06:00:00 0 0 0 0 0
2013-11-08T07:00:00 0 0 0 0 0
2013-11-16T13:00:00 0.591009007651 0.408990992349 1 1 2
2013-12-01T11:00:00 0 0 0 0 0
2013-12-01T12:00:00 0 0 0 0 0
2013-12-01T13:00:00 0 0 0 0 0
2013-12-01T14:00:00 0.651657504505 0.348342495495 3 0 3
2013-12-01T15:00:00 0.651657504505 0.348342495495 3 0 3
2013-12-01T16:00:00 0.689420197824 0.310579802176 4 0 4
2013-12-01T17:00:00 0.689420197824 0.310579802176 4 0 4
2013-12-01T18:00:00 0.743431285937 0.256568714063 6 0 6
2013-12-01T19:00:00 0.743431285937 0.256568714063 6 0 6
2013-12-01T20:00:00 0.83520506737 0.16479493263 3 0 3
2013-12-01T21:00:00 0.83520506737 0.16479493263 3 0 3
2013-12-01T22:00:00 0.825317511121 0.174682488879 3 0 3
2013-12-01T23:00:00 0.825317511121 0.174682488879 3 0 3
2013-12-02T00:00:00 0.773045609034 0.226954390966 1 0 1
2013-12-02T01:00:00 0.773045609034 0.226954390966 1 0 1
2013-12-02T02:00:00 0.773045609034 0.226954390966 1 0 1
2013-12-02T03:00:00 0.773045609034 0.226954390966 1 0 1
2013-12-02T04:00:00 0 0 0 0 0
2013-12-02T05:00:00 0 0 0 0 0
2013-12-02T06:00:00 0 0 0 0 0
2013-12-02T07:00:00 0 0 0 0 0
2013-12-02T08:00:00 0.657671658053 0.342328341947 3 1 4
2013-12-02T09:00:00 0.732901119091 0.267098880909 8 1 9
2013-12-02T10:00:00 0.738233119123 0.261766880877 9 1 10
2013-12-02T11:00:00 0.738233119123 0.261766880877 9 1 10
2013-12-02T12:00:00 0.738233119123 0.261766880877 9 1 10
2013-12-02T13:00:00 0.738233119123 0.261766880877 9 1 10
2013-12-02T14:00:00 0.791940759836 0.208059240164 6 0 6
2013-12-02T15:00:00 0.786221119409 0.213778880591 1 0 1
2013-12-02T16:00:00 0 0 0 0 0
2013-12-02T17:00:00 0 0 0 0 0
2013-12-02T18:00:00 0.610295432255 0.389704567745 1 0 1
2013-12-02T19:00:00 0.610295432255 0.389704567745 1 0 1
2013-12-02T20:00:00 0.753411128196 0.246588871805 2 0 2
2013-12-02T21:00:00 0.753411128196 0.246588871805 2 0 2
2013-12-02T22:00:00 0.753411128196 0.246588871805 2 0 2
2013-12-02T23:00:00 0.753411128196 0.246588871805 2 0 2
2013-12-03T00:00:00 0.896526824136 0.103473175864 1 0 1
2013-12-03T01:00:00 0.896526824136 0.103473175864 1 0 1
2013-12-03T02:00:00 0.0 0.0 0 0 0
2013-12-03T03:00:00 0.0 0.0 0 0 0
2013-12-03T04:00:00 0 0 0 0 0
2013-12-03T05:00:00 0 0 0 0 0
2013-12-03T06:00:00 0 0 0 0 0
2013-12-03T07:00:00 0.0 0.0 0 0 0
2013-12-03T08:00:00 0.326656578915 0.673343421085 0 1 1
2013-12-03T09:00:00 0.326656578915 0.673343421085 0 1 1
2013-12-03T10:00:00 0.326656578915 0.673343421085 0 1 1
2013-12-03T11:00:00 0.599690271016 0.400309728984 1 1 2
2013-12-03T12:00:00 0.637757378665 0.362242621335 2 1 3
2013-12-03T13:00:00 0.637757378665 0.362242621335 2 1 3
2013-12-03T14:00:00 0.793307778539 0.206692221461 2 0 2
2013-12-03T15:00:00 0.793307778539 0.206692221461 2 0 2
2013-12-03T16:00:00 0.8411684329 0.1588315671 3 0 3
2013-12-03T17:00:00 0.825390667791 0.174609332209 2 0 2
2013-12-03T18:00:00 0.878953662392 0.121046337608 3 0 3
2013-12-03T19:00:00 0.793483652909 0.206516347091 5 0 5
2013-12-05T17:00:00 0.824896020052 0.175103979948 8 0 8
2013-12-05T18:00:00 0.792294657423 0.207705342577 12 0 12
2013-12-05T19:00:00 0.763375640583 0.236624359417 10 0 10
2013-12-06T09:00:00 0.67760659854 0.32239340146 6 2 8
2013-12-06T10:00:00 0.623738897741 0.376261102259 6 3 9
2013-12-06T11:00:00 0.623738897741 0.376261102259 6 3 9
2013-12-06T12:00:00 0.637236360252 0.362763639748 8 3 11
2013-12-06T13:00:00 0.637236360252 0.362763639748 8 3 11
2013-12-06T14:00:00 0.596780645705 0.403219354295 6 2 8
2013-12-06T15:00:00 0.649714812609 0.350285187391 4 1 5
2013-12-06T16:00:00 0.763944192924 0.236055807076 4 0 4
2013-12-06T17:00:00 0.763944192924 0.236055807076 4 0 4
2013-12-06T18:00:00 0.861597090837 0.138402909163 8 0 8
2013-12-06T19:00:00 0.789654461674 0.210345538326 12 1 13
2013-12-06T20:00:00 0.795214237899 0.204785762101 11 1 12
2013-12-06T21:00:00 0.782334646651 0.217665353349 10 1 11
2013-12-06T22:00:00 0.782334646651 0.217665353349 10 1 11
2013-12-06T23:00:00 0.780157300957 0.219842699043 11 1 12
2013-12-07T00:00:00 0.688156295565 0.311843704435 5 1 6
2013-12-07T01:00:00 0.756206498327 0.243793501673 1 0 1
2013-12-07T02:00:00 0.756206498327 0.243793501673 1 0 1
2013-12-07T03:00:00 0.756206498327 0.243793501673 1 0 1
2013-12-07T04:00:00 0.756206498327 0.243793501673 1 0 1
2013-12-07T05:00:00 0 0 0 0 0
2013-12-07T06:00:00 0.83478544355 0.16521455645 1 0 1
2013-12-07T07:00:00 0.733544353205 0.266455646795 2 0 2
2013-12-07T08:00:00 0.733544353205 0.266455646795 2 0 2
2013-12-07T09:00:00 0.845478672146 0.154521327854 8 0 8
2013-12-07T10:00:00 0.837866446786 0.162133553214 9 0 9
2013-12-07T11:00:00 0.809311056101 0.190688943899 15 0 15
2013-12-07T12:00:00 0.809622461926 0.190377538074 20 0 20
2013-12-07T13:00:00 0.826188893259 0.173811106741 21 0 21
2013-12-07T14:00:00 0.83081894018 0.16918105982 22 0 22
2013-12-07T15:00:00 0.817618897927 0.182381102073 18 0 18
2013-12-07T16:00:00 0.82001008934 0.17998991066 17 0 17
2013-12-09T08:00:00 0 0 0 0 0
2013-12-09T09:00:00 0.775315405869 0.224684594131 3 0 3
2013-12-09T10:00:00 0.742605196368 0.257394803631 4 0 4
2013-12-09T11:00:00 0.742605196368 0.257394803631 4 0 4
2013-12-09T12:00:00 0.742605196368 0.257394803631 4 0 4
2013-12-09T13:00:00 0.742605196368 0.257394803631 4 0 4
2013-12-09T14:00:00 0.742605196368 0.257394803631 4 0 4
2013-12-09T15:00:00 0.644474567866 0.355525432134 1 0 1
2013-12-09T16:00:00 0.0 0.0 0 0 0
2013-12-09T17:00:00 0.0 0.0 0 0 0
2013-12-09T18:00:00 0.805064123727 0.194935876274 2 0 2
2013-12-09T19:00:00 0.772527218314 0.227472781686 4 1 5
2013-12-09T20:00:00 0.772527218314 0.227472781686 4 1 5
2013-12-09T21:00:00 0.772527218314 0.227472781686 4 1 5
2013-12-09T22:00:00 0.772527218314 0.227472781686 4 1 5
2013-12-09T23:00:00 0.772527218314 0.227472781686 4 1 5
2013-12-26T09:00:00 0.607366235007 0.392633764993 3 1 4
2013-12-26T10:00:00 0.607366235007 0.392633764993 3 1 4
2013-12-26T11:00:00 0.677642392057 0.322357607943 5 1 6
2013-12-26T12:00:00 0.699388717388 0.300611282612 6 1 7
2013-12-26T13:00:00 0.693928182197 0.306071817804 7 1 8
2013-12-26T14:00:00 0.744991240286 0.255008759714 6 0 6
2013-12-26T15:00:00 0.780490129386 0.219509870614 4 0 4
2013-12-26T16:00:00 0.815149965712 0.184850034288 5 0 5
2013-12-26T17:00:00 0.81312013875 0.18687986125 3 0 3
2013-12-26T18:00:00 0.824085550037 0.175914449963 3 0 3
2013-12-26T19:00:00 0.908276107127 0.0917238928731 2 0 2
2013-12-29T13:00:00 0.661154676962 0.338845323038 1 0 1
2013-12-29T14:00:00 0.778840750549 0.221159249451 2 0 2
2013-12-29T15:00:00 0.778840750549 0.221159249451 2 0 2
2013-12-29T16:00:00 0.778840750549 0.221159249451 2 0 2
2013-12-29T17:00:00 0.779720254409 0.220279745591 3 0 3
2013-12-29T18:00:00 0.839003043132 0.160996956867 2 0 2
2013-12-29T19:00:00 0.871631942629 0.128368057371 3 0 3
2013-12-29T20:00:00 0.859184501875 0.140815498125 2 0 2
2013-12-29T21:00:00 0.859184501875 0.140815498125 2 0 2
2013-12-29T22:00:00 0.827106781291 0.172893218709 3 0 3
2013-12-29T23:00:00 0.849920540873 0.150079459128 2 0 2
2013-12-30T00:00:00 0.849920540873 0.150079459128 2 0 2
2013-12-30T01:00:00 0.762951340123 0.237048659877 1 0 1
2013-12-30T02:00:00 0.762951340123 0.237048659877 1 0 1
2013-12-30T03:00:00 0.762951340123 0.237048659877 1 0 1
2013-12-30T04:00:00 0 0 0 0 0
2013-12-30T05:00:00 0 0 0 0 0
2013-12-30T06:00:00 0 0 0 0 0
2013-12-30T07:00:00 0 0 0 0 0
2013-12-30T08:00:00 0 0 0 0 0
2013-12-30T09:00:00 0.856792686109 0.143207313891 1 0 1
2013-12-30T10:00:00 0.856792686109 0.143207313891 1 0 1
2013-12-30T11:00:00 0.856792686109 0.143207313891 1 0 1
2014-01-03T19:00:00 0.638564197081 0.361435802919 3 1 4
2014-01-03T20:00:00 0.654100949099 0.345899050901 4 1 5
2014-01-18T08:00:00 0 0 0 0 0
2014-01-18T09:00:00 0 0 0 0 0
2014-01-18T10:00:00 0 0 0 0 0
2014-01-18T11:00:00 0.792015656441 0.207984343559 2 0 2
2014-01-18T12:00:00 0.840307018168 0.159692981832 3 0 3
2014-01-18T13:00:00 0.830271194397 0.169728805603 4 0 4
2014-01-18T14:00:00 0.830271194397 0.169728805603 4 0 4
2014-01-20T02:00:00 0 0 0 0 0
2014-01-20T03:00:00 0 0 0 0 0
2014-01-20T04:00:00 0 0 0 0 0
2014-01-20T05:00:00 0 0 0 0 0
2014-01-20T06:00:00 0 0 0 0 0
2014-01-20T07:00:00 0 0 0 0 0
2014-01-20T08:00:00 0.0 0.0 0 0 0
2014-01-20T09:00:00 0.712948096068 0.287051903932 1 0 1
2014-01-30T02:00:00 0.173401157446 0.826598842554 0 1 1
2014-01-30T03:00:00 0.173401157446 0.826598842554 0 1 1
2014-01-30T04:00:00 0 0 0 0 0
2014-01-30T05:00:00 0 0 0 0 0
2014-01-30T06:00:00 0 0 0 0 0
2014-01-30T07:00:00 0.776175356459 0.223824643541 1 0 1
2014-01-30T08:00:00 0.815430785897 0.184569214103 4 0 4
2014-01-30T09:00:00 0.798660177919 0.201339822081 11 0 11
2014-01-30T10:00:00 0.770219455038 0.229780544962 15 1 16
2014-01-30T11:00:00 0.774172478296 0.225827521704 20 1 21
2014-01-30T12:00:00 0.755302357477 0.244697642523 20 2 22
2014-01-30T13:00:00 0.754308405145 0.245691594855 19 2 21
2014-01-30T14:00:00 0.75121280907 0.24878719093 17 2 19
2014-01-30T15:00:00 0.738945941916 0.261054058084 11 2 13
2014-01-30T16:00:00 0.758505990176 0.241494009824 7 1 8
2014-01-30T17:00:00 0.711312385937 0.288687614063 2 1 3
2014-01-30T18:00:00 0.879670465283 0.120329534717 3 0 3
2014-01-30T19:00:00 0.879670465283 0.120329534717 3 0 3
2014-01-30T20:00:00 0.860448372219 0.139551627781 2 0 2
2014-01-30T21:00:00 0.864104058329 0.135895941671 1 0 1
2014-01-30T22:00:00 0.864104058329 0.135895941671 1 0 1
2014-01-30T23:00:00 0.864104058329 0.135895941671 1 0 1
2014-02-02T00:00:00 0.660166849106 0.339833150894 1 0 1
2014-02-02T01:00:00 0.660166849106 0.339833150894 1 0 1
2014-02-02T02:00:00 0.660166849106 0.339833150894 1 0 1
2014-02-02T03:00:00 0.0 0.0 0 0 0
2014-02-02T04:00:00 0.0 0.0 0 0 0
2014-02-02T05:00:00 0.712516576288 0.287483423712 1 0 1
2014-02-20T02:00:00 0.884226097809 0.115773902191 3 0 3
2014-02-20T03:00:00 0.859624645154 0.140375354846 1 0 1
2014-03-10T01:00:00 0.777233372521 0.222766627479 1 0 1
2014-03-10T02:00:00 0.777233372521 0.222766627479 1 0 1
2014-03-10T03:00:00 0 0 0 0 0
2014-03-10T04:00:00 0 0 0 0 0
2014-03-10T05:00:00 0 0 0 0 0
2014-03-10T06:00:00 0 0 0 0 0
2014-03-10T07:00:00 0 0 0 0 0
2014-03-10T08:00:00 0 0 0 0 0
2014-03-10T09:00:00 0.883021552524 0.116978447476 1 0 1
2014-03-10T10:00:00 0.883021552524 0.116978447476 1 0 1
2014-03-10T11:00:00 0.883021552524 0.116978447476 1 0 1
2014-03-18T09:00:00 0.871497984543 0.128502015457 11 0 11
2014-03-18T10:00:00 0.852524081381 0.147475918619 12 0 12
2014-03-18T11:00:00 0.853746910468 0.146253089532 14 0 14
2014-03-18T12:00:00 0.841586076464 0.158413923536 15 0 15
2014-03-18T13:00:00 0.841586076464 0.158413923536 15 0 15
2014-03-18T14:00:00 0.760925081783 0.239074918217 5 0 5
2014-03-18T15:00:00 0.759328329244 0.240671670756 4 0 4
2014-04-17T11:00:00 0.633491885191 0.366508114809 2 1 3
2014-04-17T12:00:00 0.66028638602 0.33971361398 2 1 3
2014-04-17T13:00:00 0.66028638602 0.33971361398 2 1 3
2014-04-17T14:00:00 0.874436365798 0.125563634202 2 0 2
2014-04-17T15:00:00 0.895254157739 0.104745842261 3 0 3
2014-04-17T16:00:00 0.828216617673 0.171783382327 3 0 3
2014-05-26T18:00:00 0 0 0 0 0
2014-05-26T19:00:00 0 0 0 0 0
2014-05-26T20:00:00 0.0 0.0 0 0 0
2014-05-26T21:00:00 0.0 0.0 0 0 0
2014-05-26T22:00:00 0.0 0.0 0 0 0
2014-05-26T23:00:00 0.0 0.0 0 0 0
2014-05-27T00:00:00 0.0 0.0 0 0 0
2014-05-29T17:00:00 0.936889741622 0.0631102583782 1 0 1
2014-05-29T18:00:00 0.795358977013 0.204641022988 2 0 2
2014-05-29T19:00:00 0.795358977013 0.204641022988 2 0 2
2014-11-06T05:00:00 0 0 0 0 0
2014-11-06T06:00:00 0 0 0 0 0
2014-11-06T07:00:00 0 0 0 0 0
2014-11-06T08:00:00 0 0 0 0 0
2014-11-06T09:00:00 0 0 0 0 0
2014-11-06T10:00:00 0 0 0 0 0
2014-11-06T11:00:00 0 0 0 0 0
2014-11-06T12:00:00 0 0 0 0 0
2014-11-06T13:00:00 0.776050259051 0.223949740949 1 0 1
2014-11-12T00:00:00 0.880374848561 0.11962515144 2 0 2
2014-11-12T01:00:00 0.738527110321 0.261472889679 1 0 1
2014-11-12T02:00:00 0.738527110321 0.261472889679 1 0 1
2014-11-12T03:00:00 0.738527110321 0.261472889679 1 0 1
2014-12-07T20:00:00 0 0 0 0 0
2014-12-28T23:00:00 0 0 0 0 0
2014-12-29T00:00:00 0 0 0 0 0
2014-12-29T01:00:00 0 0 0 0 0
