2013-06-01T04:00:00Z 128 161 71 9 1.000000 28
2013-06-01T03:00:00Z 132 161 68 10 1.066667 33
2013-06-01T02:00:00Z 131 164 58 12 0.963636 41
2013-06-01T01:00:00Z 125 154 54 17 0.933250 62
2013-06-01T00:00:00Z 126 149 53 21 0.916500 75
2013-05-31T23:00:00Z 123 154 45 25 0.899917 97
2013-06-02T14:00:00Z 250 285 52 54 2.827182 106
2013-06-02T13:00:00Z 248 289 57 43 2.874417 84
2013-06-02T12:00:00Z 246 279 60 54 2.874583 69
2013-06-02T11:00:00Z 242 279 62 53 2.782833 59
2013-06-02T10:00:00Z 220 264 60 52 2.582833 58
2013-06-02T09:00:00Z 209 259 53 56 2.408250 60
2013-06-05T20:00:00Z 191 222 59 10 2.324333 6
2013-06-05T19:00:00Z 181 196 59 9 2.283167 6
2013-06-05T18:00:00Z 168 174 54 7 1.974500 9
2013-06-05T17:00:00Z 161 157 48 6 1.732917 15
2013-06-05T16:00:00Z 169 163 45 6 1.699750 21
2013-06-05T15:00:00Z 166 168 43 7 1.816500 26
2013-06-14T16:00:00Z 118 165 29 23 1.133111 256
2013-06-14T15:00:00Z 113 152 27 26 1.149800 256
2013-06-14T14:00:00Z 127 166 27 33 1.218091 260
2013-06-14T13:00:00Z 140 182 33 41 1.433222 248
2013-06-14T12:00:00Z 155 204 42 42 1.324875 213
2013-06-14T11:00:00Z 138 196 49 38 1.200000 154
2013-06-15T17:00:00Z 149 204 42 40 1.529600 274
2013-06-15T16:00:00Z 157 211 46 47 1.681636 271
2013-06-15T15:00:00Z 155 220 58 56 1.918182 239
2013-06-15T14:00:00Z 149 206 62 50 1.966444 192
2013-06-15T13:00:00Z 137 191 57 49 1.869600 152
2013-06-15T12:00:00Z 127 179 56 46 1.781545 122
2013-06-26T01:00:00Z 147 78 42 5 2.532889 13
2013-06-26T00:00:00Z 132 131 43 5 2.566667 16
2013-06-25T23:00:00Z 126 34 50 6 2.611000 14
2013-06-25T22:00:00Z 137 6 51 6 2.732778 16
2013-06-25T21:00:00Z 141 -1 54 6 2.910889 20
2013-06-25T20:00:00Z 147 -1 55 6 2.666556 25
2013-06-28T05:00:00Z 255 216 36 10 1.399889 50
2013-06-28T04:00:00Z 240 139 35 10 1.266556 63
2013-06-28T03:00:00Z 220 195 38 9 1.424750 57
2013-06-28T02:00:00Z 196 223 52 10 1.444333 53
2013-06-28T01:00:00Z 123 250 71 10 1.277778 47
2013-06-28T00:00:00Z 85 158 83 9 1.277556 43
2013-06-30T01:00:00Z 166 162 57 8 2.399700 7
2013-06-30T00:00:00Z 164 174 60 7 2.399700 9
2013-06-29T23:00:00Z 164 175 67 7 2.399600 7
2013-06-29T22:00:00Z 158 180 57 7 2.309900 13
2013-06-29T21:00:00Z 150 177 70 7 2.299700 18
2013-06-29T20:00:00Z 146 175 66 8 2.249800 29
2013-07-18T14:00:00Z 193 -1 31 21 2.330000 121
2013-07-18T13:00:00Z 197 -1 33 22 2.380000 105
2013-07-18T12:00:00Z -1 -1 -1 -1 -1.000000 -1
2013-07-18T11:00:00Z 177 162 34 12 1.900000 75
2013-07-18T10:00:00Z 180 160 38 9 1.850000 55
2013-07-18T09:00:00Z 171 211 38 8 1.650000 50
2013-08-15T21:00:00Z 172 199 32 5 1.375000 107
2013-08-15T20:00:00Z 160 183 31 5 1.375000 122
2013-08-15T19:00:00Z 150 174 29 6 1.358333 148
2013-08-15T18:00:00Z 148 179 28 8 1.333333 168
2013-08-15T17:00:00Z 123 148 29 9 1.341667 183
2013-08-15T16:00:00Z 122 142 24 9 1.333333 186
2013-09-12T15:00:00Z 155 190 58 49 1.645455 119
2013-09-12T14:00:00Z 145 169 48 44 1.800000 140
2013-09-12T13:00:00Z 150 168 53 41 1.633333 140
2013-09-12T12:00:00Z 154 177 65 37 1.783333 98
2013-09-12T11:00:00Z 160 201 72 27 1.958333 50
2013-09-12T10:00:00Z 153 200 87 20 1.972727 25
2013-09-19T22:00:00Z 124 134 45 3 1.574833 24
2013-09-19T21:00:00Z 128 154 44 4 1.533000 39
2013-09-19T20:00:00Z -1 -1 -1 -1 -1.000000 -1
2013-09-19T19:00:00Z 122 130 37 6 1.466250 85
2013-09-19T18:00:00Z 121 116 36 8 1.441500 107
2013-09-19T17:00:00Z -1 -1 -1 -1 -1.000000 -1
2013-09-27T17:00:00Z 235 262 63 43 1.527273 203
2013-09-27T16:00:00Z 222 264 55 43 1.436364 211
2013-09-27T15:00:00Z 189 239 70 42 1.463636 184
2013-09-27T14:00:00Z 170 225 82 34 1.650000 118
2013-09-27T13:00:00Z 162 208 103 31 1.741667 75
2013-09-27T12:00:00Z 137 206 114 28 1.727273 52
2013-10-04T21:00:00Z 250 304 113 12 2.780000 17
2013-10-04T20:00:00Z 217 261 98 13 2.560000 25
2013-10-04T19:00:00Z 199 242 83 17 2.390000 51
2013-10-04T18:00:00Z 189 237 69 27 2.272727 95
2013-10-04T17:00:00Z 187 222 61 38 2.210000 125
2013-10-04T16:00:00Z 184 225 59 47 2.290000 130
2013-10-09T19:00:00Z 113 151 80 14 1.412182 11
2013-10-09T18:00:00Z 109 147 78 14 1.386364 21
2013-10-09T17:00:00Z 104 143 75 14 1.356091 41
2013-10-09T16:00:00Z 99 139 73 14 1.326909 50
2013-10-09T15:00:00Z 95 134 70 14 1.302364 43
2013-10-09T14:00:00Z 90 129 68 15 1.277273 28
2013-10-27T14:00:00Z 200 231 126 65 1.927273 24
2013-10-27T13:00:00Z 191 225 116 61 1.845455 20
2013-10-27T12:00:00Z 169 204 109 51 1.709091 16
2013-10-27T11:00:00Z 147 199 98 39 1.636364 11
2013-10-27T10:00:00Z 114 161 80 25 1.418182 6
2013-10-27T09:00:00Z 96 132 71 14 1.309091 3
2013-10-31T12:00:00Z 118 124 85 17 1.336364 14
2013-10-31T11:00:00Z 110 122 75 16 1.440000 8
2013-10-31T10:00:00Z 110 148 78 12 1.527273 5
2013-10-31T09:00:00Z 111 138 74 10 1.527273 3
2013-10-31T08:00:00Z 113 145 71 7 1.663636 2
2013-10-31T07:00:00Z -1 -1 -1 -1 -1.000000 -1
2013-11-08T20:00:00Z 174 207 125 52 3.363636 -1
2013-11-08T19:00:00Z 176 208 131 57 3.227273 -1
2013-11-08T18:00:00Z 168 208 128 65 2.627273 -1
2013-11-08T17:00:00Z 165 190 124 87 2.227273 -1
2013-11-08T16:00:00Z 157 181 120 98 2.145455 -1
2013-11-08T15:00:00Z 147 176 113 103 2.181818 -1
2013-11-13T17:00:00Z 211 242 124 79 2.954545 -1
2013-11-13T16:00:00Z 201 232 126 82 3.027273 -1
2013-11-13T15:00:00Z 185 225 119 82 2.990909 -1
2013-11-13T14:00:00Z 170 208 119 78 3.036364 -1
2013-11-13T13:00:00Z 153 202 110 77 3.340000 -1
2013-11-13T12:00:00Z 135 173 100 73 3.230000 -1
2013-11-22T18:00:00Z 157 170 118 42 2.170000 14
2013-11-22T17:00:00Z 143 144 111 44 1.780000 7
2013-11-22T16:00:00Z 139 144 103 47 1.730000 14
2013-11-22T15:00:00Z 124 145 107 47 1.811111 14
2013-11-22T14:00:00Z 87 89 75 49 1.560000 -1
2013-11-22T13:00:00Z -1 -1 -1 -1 -1.000000 -1
2013-12-06T21:00:00Z 162 226 95 41 2.875000 3
2013-12-06T20:00:00Z 148 198 90 42 2.885714 25
2013-12-06T19:00:00Z 154 182 92 44 2.614286 3
2013-12-06T18:00:00Z 134 167 92 46 2.228571 3
2013-12-06T17:00:00Z 151 179 98 53 2.025000 4
2013-12-06T16:00:00Z 171 213 107 62 2.337500 6
2013-12-22T18:00:00Z 221 318 143 82 3.700000 6
2013-12-22T17:00:00Z 165 218 130 77 3.058333 7
2013-12-22T16:00:00Z 102 136 100 70 2.050000 11
2013-12-22T15:00:00Z 94 119 89 71 1.808333 15
2013-12-22T14:00:00Z 90 111 84 74 1.800000 19
2013-12-22T13:00:00Z 92 104 80 76 1.808333 19
2014-01-04T11:00:00Z 111 142 71 51 2.850000 6
2014-01-04T10:00:00Z 99 134 71 44 3.016667 5
2014-01-04T09:00:00Z 87 121 67 38 2.866667 4
2014-01-04T08:00:00Z 71 101 65 34 2.816667 4
2014-01-04T07:00:00Z 66 93 62 29 2.650000 4
2014-01-04T06:00:00Z 64 84 61 24 2.400000 4
2014-01-05T22:00:00Z 104 161 83 54 3.216667 6
2014-01-05T21:00:00Z 71 98 78 37 2.208333 7
2014-01-05T20:00:00Z 59 82 77 31 2.225000 8
2014-01-05T19:00:00Z 48 79 72 26 1.272727 12
2014-01-05T18:00:00Z 38 68 66 21 1.081818 18
2014-01-05T17:00:00Z 29 41 43 17 0.763636 41
2014-01-11T15:00:00Z 104 119 105 73 2.175000 15
2014-01-11T14:00:00Z 92 102 98 76 2.216667 14
2014-01-11T13:00:00Z 88 103 90 80 2.490909 14
2014-01-11T12:00:00Z 65 95 82 71 2.183333 12
2014-01-11T11:00:00Z 69 91 76 76 2.308333 9
2014-01-11T10:00:00Z 65 88 73 79 2.680000 6
2014-01-17T17:00:00Z 99 153 69 44 1.483333 34
2014-01-17T16:00:00Z -1 -1 -1 -1 -1.000000 -1
2014-01-17T15:00:00Z 70 64 44 40 1.000000 47
2014-01-17T14:00:00Z -1 -1 -1 -1 -1.000000 -1
2014-01-17T13:00:00Z 97 74 53 66 1.354545 34
2014-01-18T20:00:00Z 113 129 89 39 2.008333 18
2014-01-18T19:00:00Z 105 115 85 35 1.700000 14
2014-01-18T18:00:00Z 102 109 81 34 1.533333 21
2014-01-18T17:00:00Z 97 110 77 35 1.516667 29
2014-01-18T16:00:00Z 95 108 67 36 1.380000 41
2014-01-18T15:00:00Z 85 105 63 38 1.360000 43
2014-01-19T07:00:00Z 113 133 76 76 3.141667 3
2014-01-19T06:00:00Z 110 115 76 74 2.983333 3
2014-01-19T05:00:00Z 107 119 76 70 2.883333 3
2014-01-19T04:00:00Z 108 130 83 68 2.641667 3
2014-01-19T03:00:00Z 113 137 77 70 2.708333 4
2014-01-22T16:00:00Z 108 124 104 72 1.741667 18
2014-01-22T15:00:00Z 107 122 98 77 1.741667 21
2014-01-22T14:00:00Z 100 115 88 77 1.641667 22
2014-01-22T13:00:00Z 96 106 75 76 1.633333 22
2014-01-22T12:00:00Z 93 108 70 77 1.675000 18
2014-01-22T11:00:00Z 84 105 70 75 1.825000 13
2014-01-27T08:00:00Z 112 132 75 71 2.308333 5
2014-01-27T07:00:00Z 105 124 74 66 2.341667 5
2014-01-27T06:00:00Z 99 118 74 62 2.090909 5
2014-01-27T05:00:00Z 98 114 70 53 2.100000 6
2014-01-27T04:00:00Z 102 117 69 49 2.183333 6
2014-01-27T03:00:00Z 104 125 70 51 2.300000 6
2014-01-29T12:00:00Z 94 125 60 111 1.916667 21
2014-01-29T11:00:00Z 83 119 60 94 1.908333 15
2014-01-29T10:00:00Z 87 122 64 79 2.250000 9
2014-01-29T09:00:00Z 79 103 63 62 2.166667 6
2014-01-29T08:00:00Z 73 95 64 50 2.200000 4
2014-01-29T07:00:00Z 71 89 63 44 2.075000 5
2014-01-30T19:00:00Z 80 120 60 43 1.150000 45
2014-01-30T18:00:00Z 50 84 50 28 0.900000 58
2014-01-30T17:00:00Z 27 52 35 19 0.583333 66
2014-01-30T16:00:00Z 19 40 31 15 0.516667 69
2014-01-30T15:00:00Z 13 23 22 12 0.416667 74
2014-01-30T14:00:00Z 11 16 19 12 0.400000 75
2014-01-31T16:00:00Z 113 142 42 65 1.225000 41
2014-01-31T15:00:00Z 104 127 40 67 1.166667 44
2014-01-31T14:00:00Z 92 114 35 68 1.125000 46
2014-01-31T13:00:00Z 83 106 35 69 1.091667 44
2014-01-31T12:00:00Z 87 113 35 72 1.125000 38
2014-01-31T11:00:00Z 97 133 39 73 1.191667 30
2014-02-05T21:00:00Z 104 107 57 53 1.408333 25
2014-02-05T20:00:00Z 96 100 57 56 1.300000 29
2014-02-05T19:00:00Z 95 105 51 61 1.158333 36
2014-02-05T18:00:00Z 92 103 46 62 1.083333 42
2014-02-05T17:00:00Z 94 106 42 60 1.066667 48
2014-02-05T16:00:00Z 99 110 41 59 1.133333 48
2014-02-11T17:00:00Z 109 108 80 74 1.766667 42
2014-02-11T16:00:00Z 111 95 76 70 1.691667 49
2014-02-11T15:00:00Z 114 124 80 70 1.866667 41
2014-02-11T14:00:00Z 95 99 78 64 1.733333 37
2014-02-11T13:00:00Z 84 85 69 63 1.558333 36
2014-02-11T12:00:00Z -1 -1 -1 -1 -1.000000 -1
2014-02-12T17:00:00Z 87 92 61 43 1.250000 47
2014-02-12T16:00:00Z 76 77 53 41 1.091667 51
2014-02-12T15:00:00Z 64 56 46 38 0.958333 55
2014-02-12T14:00:00Z 39 54 36 26 0.690909 58
2014-02-12T13:00:00Z 38 -1 32 24 0.709091 58
2014-02-12T12:00:00Z 38 159 40 33 0.966667 49
2014-02-19T21:00:00Z 99 115 84 40 1.360000 23
2014-02-19T20:00:00Z 58 73 74 27 0.910000 29
2014-02-19T19:00:00Z 31 43 63 19 0.700000 38
2014-02-19T18:00:00Z 23 27 50 16 0.500000 51
2014-02-19T17:00:00Z 20 17 34 14 0.366667 65
2014-02-19T16:00:00Z 17 15 30 14 0.387500 69
2014-03-10T18:00:00Z 110 130 81 79 1.672727 44
2014-03-10T17:00:00Z 100 119 74 76 1.554545 52
2014-03-10T16:00:00Z 102 119 69 71 1.527273 57
2014-03-10T15:00:00Z 100 119 66 68 1.490909 54
2014-03-10T14:00:00Z 91 109 62 65 1.500000 51
2014-03-10T13:00:00Z 87 105 61 68 1.583333 43
2014-03-16T15:00:00Z 87 206 49 67 1.483333 96
2014-03-16T14:00:00Z 80 175 49 65 1.516667 86
2014-03-16T13:00:00Z 75 152 47 60 1.500000 81
2014-03-16T12:00:00Z 71 145 49 61 1.625000 70
2014-03-16T11:00:00Z 74 140 57 67 1.800000 56
2014-03-16T10:00:00Z 80 145 69 72 2.041667 36
2014-03-28T18:00:00Z 103 177 52 25 1.275000 98
2014-03-28T17:00:00Z 73 138 37 15 0.716667 105
2014-03-28T16:00:00Z 59 113 32 10 0.491667 101
2014-03-28T15:00:00Z -1 -1 -1 -1 -1.000000 -1
2014-03-28T14:00:00Z 66 92 25 19 0.541667 94
2014-03-28T13:00:00Z 77 105 29 28 0.766667 82
2014-04-17T22:00:00Z 110 119 56 13 1.325000 60
2014-04-17T21:00:00Z 112 120 52 14 1.300000 76
2014-04-17T20:00:00Z 107 116 53 16 1.250000 90
2014-04-17T19:00:00Z 104 115 55 19 1.275000 101
2014-04-17T18:00:00Z 92 106 53 21 1.308333 109
2014-04-17T17:00:00Z 91 99 48 23 1.258333 115
2014-04-23T07:00:00Z 104 142 55 11 0.875000 28
2014-04-23T06:00:00Z 95 120 46 11 0.808333 39
2014-04-23T05:00:00Z 93 120 48 11 0.766667 41
2014-04-23T04:00:00Z 90 118 43 12 0.758333 49
2014-04-23T03:00:00Z 80 116 41 13 0.733333 61
2014-04-23T02:00:00Z 76 124 40 14 0.708333 67
2014-05-01T02:00:00Z 108 166 54 14 0.818182 78
2014-05-01T01:00:00Z 102 163 62 13 0.866667 80
2014-05-01T00:00:00Z -1 -1 -1 -1 -1.000000 -1
2014-04-30T23:00:00Z 91 154 58 14 0.800000 105
2014-04-30T22:00:00Z 87 147 59 14 0.791667 116
2014-04-30T21:00:00Z 88 152 54 15 0.766667 132
2014-05-07T00:00:00Z 113 187 88 25 1.472727 32
2014-05-06T23:00:00Z 112 193 86 32 1.363636 42
2014-05-06T22:00:00Z 112 196 86 33 1.354545 51
2014-05-06T21:00:00Z 109 187 75 34 1.240000 71
2014-05-06T20:00:00Z 103 182 66 36 1.190000 90
2014-05-06T19:00:00Z 102 183 62 36 1.100000 110
2014-05-15T13:00:00Z 60 206 45 10 0.427273 86
2014-05-15T12:00:00Z 44 140 51 11 0.509091 67
2014-05-15T11:00:00Z 37 110 58 10 0.566667 48
2014-05-15T10:00:00Z 32 89 62 7 0.608333 32
2014-05-15T09:00:00Z 33 94 62 6 0.581818 25
2014-05-15T08:00:00Z 35 87 61 7 0.566667 17
2014-05-18T17:00:00Z 94 168 32 37 0.809091 250
2014-05-18T16:00:00Z 89 148 34 34 0.733333 245
2014-05-18T15:00:00Z 88 124 35 30 0.736364 236
2014-05-18T14:00:00Z 88 140 46 27 0.809091 211
2014-05-18T13:00:00Z 77 117 57 23 0.881818 166
2014-05-18T12:00:00Z -1 -1 -1 -1 -1.000000 -1
2014-05-19T11:00:00Z 100 138 39 19 1.016667 120
2014-05-19T10:00:00Z 75 94 46 11 0.858333 96
2014-05-19T09:00:00Z 71 80 52 7 0.875000 79
2014-05-19T08:00:00Z 68 81 52 4 0.825000 71
2014-05-19T07:00:00Z 68 85 40 4 0.766667 82
2014-05-19T06:00:00Z -1 -1 -1 -1 -1.000000 -1
2014-05-21T14:00:00Z 111 186 51 29 1.558333 208
2014-05-21T13:00:00Z 100 167 59 27 1.475000 167
2014-05-21T12:00:00Z -1 -1 -1 -1 -1.000000 -1
2014-05-21T11:00:00Z 95 133 50 27 1.325000 114
2014-05-21T10:00:00Z 94 138 53 28 1.333333 91
2014-05-21T09:00:00Z 91 128 57 31 1.383333 66
2014-05-25T04:00:00Z 110 116 31 2 1.241667 26
2014-05-25T03:00:00Z 102 -1 36 2 1.272727 28
2014-05-25T02:00:00Z 98 -1 44 3 1.425000 24
2014-05-25T01:00:00Z 90 -1 42 2 1.375000 29
2014-05-25T00:00:00Z 87 -1 34 2 1.150000 42
2014-05-24T23:00:00Z 86 -1 31 2 1.033333 49
2014-07-07T09:00:00Z 105 116 51 8 1.050000 39
2014-07-07T08:00:00Z 96 105 48 6 0.963636 28
2014-07-07T07:00:00Z 95 107 45 5 0.900000 23
2014-07-07T06:00:00Z 103 106 41 5 0.966667 26
2014-07-07T05:00:00Z 112 101 40 5 1.025000 33
2014-07-26T04:00:00Z 118 147 41 7 1.350000 78
2014-07-26T03:00:00Z 104 143 41 8 1.318182 90
2014-07-26T02:00:00Z 91 143 45 8 1.236364 94
2014-07-26T01:00:00Z 79 144 52 9 1.208333 97
2014-07-26T00:00:00Z 73 150 53 9 1.241667 109
2014-07-25T23:00:00Z 68 116 53 9 1.258333 124
2014-07-28T01:00:00Z 111 159 33 8 0.908333 122
2014-07-28T00:00:00Z 104 162 34 9 0.908333 141
2014-07-27T23:00:00Z 100 153 34 10 0.916667 157
2014-07-27T22:00:00Z 97 148 32 9 0.875000 171
2014-07-27T21:00:00Z 104 155 30 11 0.900000 193
2014-07-27T20:00:00Z 111 169 30 12 0.950000 220
2014-07-30T08:00:00Z 104 -1 30 2 1.225000 80
2014-07-30T07:00:00Z -1 -1 -1 -1 -1.000000 -1
2014-07-30T06:00:00Z 82 -1 17 2 0.866667 107
2014-07-30T05:00:00Z 69 60 17 2 0.775000 101
2014-07-30T04:00:00Z -1 -1 -1 -1 -1.000000 -1
2014-07-30T03:00:00Z 56 -1 13 2 0.708333 121
2014-08-02T09:00:00Z 95 111 49 4 1.066667 15
2014-08-02T08:00:00Z 94 122 48 4 1.016667 8
2014-08-02T07:00:00Z 99 96 48 3 1.033333 8
2014-08-02T06:00:00Z 102 57 48 3 1.083333 9
2014-08-02T05:00:00Z 113 84 52 3 1.116667 12
2014-08-21T01:00:00Z 108 148 45 10 1.008333 90
2014-08-21T00:00:00Z 103 140 43 10 0.983333 107
2014-08-20T23:00:00Z -1 -1 -1 -1 -1.000000 -1
2014-08-20T22:00:00Z 96 139 41 11 1.008333 130
2014-08-20T21:00:00Z 93 142 41 13 1.025000 149
2014-08-20T20:00:00Z 99 146 38 18 1.141667 186
2014-08-30T03:00:00Z 104 161 77 3 1.181818 25
2014-08-30T02:00:00Z 96 127 63 3 1.036364 42
2014-08-30T01:00:00Z -1 -1 -1 -1 -1.000000 -1
2014-08-30T00:00:00Z 88 122 58 3 1.100000 60
2014-08-29T23:00:00Z 96 123 60 3 1.154545 68
2014-08-29T22:00:00Z 92 131 68 3 1.181818 69
2014-09-01T09:00:00Z 106 100 56 4 1.900000 20
2014-09-01T08:00:00Z 92 100 53 3 1.850000 14
2014-09-01T07:00:00Z -1 -1 -1 -1 -1.000000 -1
2014-09-01T06:00:00Z 85 62 49 2 1.650000 14
2014-09-01T05:00:00Z 82 57 51 2 1.483333 14
2014-09-01T04:00:00Z 79 82 48 2 1.325000 20
2014-09-05T19:00:00Z -1 -1 -1 -1 -1.000000 -1
2014-09-05T18:00:00Z 78 114 26 10 0.900000 202
2014-09-05T17:00:00Z 78 115 21 11 0.866667 216
2014-09-05T16:00:00Z 82 116 19 12 0.933333 224
2014-09-05T15:00:00Z -1 -1 -1 -1 -1.000000 -1
2014-09-20T17:00:00Z 100 127 35 9 1.016667 189
2014-09-20T16:00:00Z 99 114 30 9 0.983333 191
2014-09-20T15:00:00Z -1 -1 -1 -1 -1.000000 -1
2014-09-20T14:00:00Z 112 112 26 9 0.966667 171
2014-09-25T10:00:00Z 109 135 53 4 1.400000 15
2014-09-25T09:00:00Z 94 129 56 3 1.483333 4
2014-09-25T08:00:00Z 75 106 50 3 1.325000 3
2014-09-25T07:00:00Z -1 -1 -1 -1 -1.000000 -1
2014-09-25T06:00:00Z 63 89 42 3 1.133333 3
2014-09-25T05:00:00Z 66 70 42 3 1.108333 3
2014-10-03T14:00:00Z -1 -1 -1 -1 -1.000000 -1
2014-10-03T13:00:00Z 61 79 41 5 1.275000 7
2014-10-03T12:00:00Z -1 -1 -1 -1 -1.000000 -1
2014-10-03T11:00:00Z 61 79 41 5 1.275000 7
2014-10-03T10:00:00Z 53 69 41 5 1.318182 5
2014-10-03T09:00:00Z 53 69 41 5 1.318182 5
2014-10-07T13:00:00Z 104 137 77 18 1.100000 59
2014-10-07T12:00:00Z 88 127 72 16 1.100000 41
2014-10-07T11:00:00Z 65 100 63 10 0.908333 18
2014-10-07T10:00:00Z 65 100 63 10 0.908333 18
2014-10-17T17:00:00Z 112 198 126 17 1.025000 77
2014-10-17T16:00:00Z 105 193 117 19 0.950000 78
2014-10-17T15:00:00Z -1 -1 -1 -1 -1.000000 -1
2014-10-17T14:00:00Z 97 181 108 19 1.018182 63
2014-10-17T13:00:00Z 91 161 102 19 1.018182 51
2014-10-17T12:00:00Z 86 158 97 19 1.009091 35
2014-10-18T11:00:00Z 108 171 92 14 1.041667 34
2014-10-18T10:00:00Z 98 162 85 12 1.050000 19
2014-10-18T09:00:00Z 94 167 80 10 1.133333 9
2014-10-18T08:00:00Z 88 150 77 6 1.141667 6
2014-10-18T07:00:00Z 91 131 82 5 1.175000 6
2014-10-18T06:00:00Z -1 -1 -1 -1 -1.000000 -1
2014-10-29T15:00:00Z 107 155 88 26 1.080000 54
2014-10-29T14:00:00Z 99 136 79 24 1.060000 55
2014-10-29T13:00:00Z -1 -1 -1 -1 -1.000000 -1
2014-10-29T12:00:00Z 95 135 76 21 1.070000 31
2014-10-29T11:00:00Z 98 144 80 16 1.111111 14
2014-10-29T10:00:00Z 97 157 76 13 1.180000 8
