2013-06-01T04:00:00 0 0 0 0 0 1 0.0 0.0
2013-06-01T03:00:00 0 0 0 0 0 0 0 0
2013-06-01T02:00:00 0 0 0 0 0 0 0 0
2013-06-01T01:00:00 0 0 0 0 0 0 0 0
2013-06-01T00:00:00 0 0 0 0 0 0 0 0
2013-05-31T23:00:00 0 0 0 0 0 0 0 0
2013-06-02T14:00:00 0 0 0 0 0 1 0.0 0.0
2013-06-02T13:00:00 0 0 0 0 0 1 0.0 0.0
2013-06-02T12:00:00 0 0 0 0 0 1 0.0 0.0
2013-06-02T11:00:00 0 0 0 0 0 0 0 0
2013-06-02T10:00:00 0 0 0 0 0 0 0 0
2013-06-02T09:00:00 0 0 0 0 0 0 0 0
2013-06-05T20:00:00 0 0 0 0 0 0 0 0
2013-06-05T19:00:00 0 0 0 0 0 0 0 0
2013-06-05T18:00:00 0 0 0 0 0 0 0 0
2013-06-05T17:00:00 0 0 0 0 0 0 0 0
2013-06-05T16:00:00 0 0 0 0 0 0 0 0
2013-06-05T15:00:00 0 0 0 0 0 0 0 0
2013-06-14T16:00:00 0 0 0 0 0 2 0.0 0.0
2013-06-14T15:00:00 0 0 0 0 0 2 0.0 0.0
2013-06-14T14:00:00 0 0 0 0 0 1 0.0 0.0
2013-06-14T13:00:00 0 0 0 0 0 0 0 0
2013-06-14T12:00:00 0 0 0 0 0 0 0 0
2013-06-14T11:00:00 0 0 0 0 0 1 0.0 0.0
2013-06-15T17:00:00 0 0 0 0 0 1 0.0 0.0
2013-06-15T16:00:00 0 0 0 0 0 1 0.0 0.0
2013-06-15T15:00:00 0 0 0 0 0 1 0.0 0.0
2013-06-15T14:00:00 0 0 0 0 0 1 0.0 0.0
2013-06-15T13:00:00 0 0 0 0 0 1 0.0 0.0
2013-06-15T12:00:00 0 0 0 0 0 2 0.0 0.0
2013-06-26T01:00:00 0 0 0 0 0 3 0.0 0.0
2013-06-26T00:00:00 0 0 0 0 0 3 0.0 0.0
2013-06-25T23:00:00 0 0 0 0 0 3 0.0 0.0
2013-06-25T22:00:00 0 0 0 0 0 2 0.0 0.0
2013-06-25T21:00:00 0 0 0 0 0 2 0.0 0.0
2013-06-25T20:00:00 0 0 0 0 0 2 0.0 0.0
2013-06-28T05:00:00 0 0 0 0 0 1 0.0 0.0
2013-06-28T04:00:00 0 0 0 0 0 1 0.0 0.0
2013-06-28T03:00:00 0 0 0 0 0 1 0.0 0.0
2013-06-28T02:00:00 0 0 0 0 0 1 0.0 0.0
2013-06-28T01:00:00 0 0 0 0 0 1 0.0 0.0
2013-06-28T00:00:00 0 0 0 0 0 1 0.0 0.0
2013-06-30T01:00:00 0 0 0 0 0 1 0.0 0.0
2013-06-30T00:00:00 0 0 0 0 0 1 0.0 0.0
2013-06-29T23:00:00 0 0 0 0 0 2 0.0 0.0
2013-06-29T22:00:00 0 0 0 0 0 2 0.0 0.0
2013-06-29T21:00:00 0 0 0 0 0 3 0.0 0.0
2013-06-29T20:00:00 0 0 0 0 0 5 0.0 0.0
2013-07-18T14:00:00 0.0 0.0 0 0 0 631 0.0 0.0
2013-07-18T13:00:00 0.0 0.0 0 0 0 561 0.0 0.0
2013-07-18T12:00:00 0.0 0.0 0 0 0 513 0.0 0.0
2013-07-18T11:00:00 0.0 0.0 0 0 0 495 0.0 0.0
2013-07-18T10:00:00 0.0 0.0 0 0 0 551 0.0 0.0
2013-07-18T09:00:00 0.0 0.0 0 0 0 566 0.0 0.0
2013-08-15T21:00:00 0.0 0.0 0 0 0 811 0.0 0.0
2013-08-15T20:00:00 0 0 0 0 0 812 0.0 0.0
2013-08-15T19:00:00 0 0 0 0 0 810 0.0 0.0
2013-08-15T18:00:00 0 0 0 0 0 792 0.0 0.0
2013-08-15T17:00:00 0.0 0.0 0 0 0 728 0.0 0.0
2013-08-15T16:00:00 0.0 0.0 0 0 0 671 0.0 0.0
2013-09-12T15:00:00 0.769329283988 0.230670716012 1 0 1 481 0.002079002079 0.0
2013-09-12T14:00:00 0.769329283988 0.230670716012 1 0 1 423 0.00236406619385 0.0
2013-09-12T13:00:00 0.769329283988 0.230670716012 1 0 1 360 0.00277777777778 0.0
2013-09-12T12:00:00 0.563041779956 0.436958220045 1 1 2 329 0.00303951367781 0.00303951367781
2013-09-12T11:00:00 0.563041779956 0.436958220045 1 1 2 313 0.00319488817891 0.00319488817891
2013-09-12T10:00:00 0.563041779956 0.436958220045 1 1 2 345 0.00289855072464 0.00289855072464
2013-09-19T22:00:00 0.247281161446 0.752718838554 0 3 3 2102 0.0 0.00142721217888
2013-09-19T21:00:00 0.24642998353 0.753570016469 0 4 4 1995 0.0 0.00200501253133
2013-09-19T20:00:00 0.228642269357 0.771357730643 0 3 3 1866 0.0 0.0016077170418
2013-09-19T19:00:00 0.228642269357 0.771357730643 0 3 3 1711 0.0 0.00175336060783
2013-09-19T18:00:00 0.228642269357 0.771357730643 0 3 3 1569 0.0 0.0019120458891
2013-09-19T17:00:00 0.291735754142 0.708264245858 0 2 2 1418 0.0 0.00141043723554
2013-09-27T17:00:00 0.251402556754 0.748597443246 0 2 2 580 0.0 0.00344827586207
2013-09-27T16:00:00 0.251402556754 0.748597443246 0 2 2 514 0.0 0.00389105058366
2013-09-27T15:00:00 0.246338253575 0.753661746425 0 2 2 468 0.0 0.0042735042735
2013-09-27T14:00:00 0.246338253575 0.753661746425 0 2 2 402 0.0 0.00497512437811
2013-09-27T13:00:00 0.246338253575 0.753661746425 0 2 2 371 0.0 0.00539083557951
2013-09-27T12:00:00 0.246338253575 0.753661746425 0 2 2 329 0.0 0.00607902735562
2013-10-04T21:00:00 0.32657094984 0.67342905016 0 7 7 2588 0.0 0.00270479134467
2013-10-04T20:00:00 0.383443636441 0.616556363559 1 7 8 2562 0.000390320062451 0.00273224043716
2013-10-04T19:00:00 0.380996786413 0.619003213587 1 7 8 2501 0.000399840063974 0.00279888044782
2013-10-04T18:00:00 0.394679848761 0.605320151239 1 5 6 2396 0.000417362270451 0.00208681135225
2013-10-04T17:00:00 0.474149465576 0.525850534424 2 4 6 2165 0.000923787528868 0.00184757505774
2013-10-04T16:00:00 0.643832405089 0.356167594911 2 1 3 1974 0.00101317122594 0.000506585612969
2013-10-09T19:00:00 0.679070286239 0.320929713761 2 0 2 652 0.00306748466258 0.0
2013-10-09T18:00:00 0.679070286239 0.320929713761 2 0 2 617 0.0032414910859 0.0
2013-10-09T17:00:00 0.704177124741 0.295822875259 1 0 1 583 0.00171526586621 0.0
2013-10-09T16:00:00 0 0 0 0 0 531 0.0 0.0
2013-10-09T15:00:00 0 0 0 0 0 477 0.0 0.0
2013-10-09T14:00:00 0 0 0 0 0 426 0.0 0.0
2013-10-27T14:00:00 0.206760854744 0.793239145256 0 1 1 894 0.0 0.00111856823266
2013-10-27T13:00:00 0.206760854744 0.793239145256 0 1 1 779 0.0 0.0012836970475
2013-10-27T12:00:00 0 0 0 0 0 682 0.0 0.0
2013-10-27T11:00:00 0 0 0 0 0 666 0.0 0.0
2013-10-27T10:00:00 0 0 0 0 0 705 0.0 0.0
2013-10-27T09:00:00 0 0 0 0 0 726 0.0 0.0
2013-10-31T12:00:00 0 0 0 0 0 453 0.0 0.0
2013-10-31T11:00:00 0 0 0 0 0 492 0.0 0.0
2013-10-31T10:00:00 0 0 0 0 0 551 0.0 0.0
2013-10-31T09:00:00 0 0 0 0 0 607 0.0 0.0
2013-10-31T08:00:00 0 0 0 0 0 646 0.0 0.0
2013-10-31T07:00:00 0 0 0 0 0 697 0.0 0.0
2013-11-08T20:00:00 0.578458496794 0.421541503206 2 1 3 2035 0.000982800982801 0.0004914004914
2013-11-08T19:00:00 0.578458496794 0.421541503206 2 1 3 1972 0.00101419878296 0.000507099391481
2013-11-08T18:00:00 0.488272389817 0.511727610183 1 1 2 1836 0.000544662309368 0.000544662309368
2013-11-08T17:00:00 0.488272389817 0.511727610183 1 1 2 1664 0.000600961538462 0.000600961538462
2013-11-08T16:00:00 0 0 0 0 0 1533 0.0 0.0
2013-11-08T15:00:00 0.45463741448 0.54536258552 1 1 2 1380 0.000724637681159 0.000724637681159
2013-11-13T17:00:00 0.604531852303 0.395468147697 4 1 5 4529 0.000883197173769 0.000220799293442
2013-11-13T16:00:00 0.680919538962 0.319080461038 3 0 3 4185 0.000716845878136 0.0
2013-11-13T15:00:00 0.694186677166 0.305813322834 5 0 5 3816 0.00131027253669 0.0
2013-11-13T14:00:00 0.711022488306 0.288977511694 5 0 5 3417 0.00146327187591 0.0
2013-11-13T13:00:00 0.709927846166 0.290072153834 6 0 6 3136 0.00191326530612 0.0
2013-11-13T12:00:00 0.661568044725 0.338431955275 6 1 7 3041 0.00197303518579 0.000328839197632
2013-11-22T18:00:00 0.585461853484 0.414538146516 19 4 23 11325 0.00167770419426 0.000353200883002
2013-11-22T17:00:00 0.511573626839 0.488426373161 13 7 20 10369 0.00125373710097 0.000675089208217
2013-11-22T16:00:00 0.519796953206 0.480203046794 15 8 23 9217 0.00162742757947 0.000867961375719
2013-11-22T15:00:00 0.556675994959 0.443324005041 19 7 26 8311 0.00228612681988 0.000842257249428
2013-11-22T14:00:00 0.567371569777 0.432628430223 25 9 34 7397 0.00337974854671 0.00121670947681
2013-11-22T13:00:00 0.587784104521 0.412215895479 29 9 38 6497 0.00446359858396 0.00138525473295
2013-12-06T21:00:00 0.650438320506 0.349561679494 16 3 19 8742 0.00183024479524 0.000343170899108
2013-12-06T20:00:00 0.631058576219 0.368941423781 15 4 19 8042 0.00186520765979 0.000497388709276
2013-12-06T19:00:00 0.653511252052 0.346488747948 15 3 18 7493 0.00200186841052 0.000400373682103
2013-12-06T18:00:00 0.591868807221 0.408131192779 14 6 20 6958 0.00201207243461 0.000862316757689
2013-12-06T17:00:00 0.583865107355 0.416134892645 13 6 19 6358 0.00204466813463 0.000943692985215
2013-12-06T16:00:00 0.610896332578 0.389103667422 13 4 17 5681 0.00228832951945 0.0007041013906
2013-12-22T18:00:00 0.619508516391 0.380491483609 9 2 11 6659 0.00135155428743 0.000300345397207
2013-12-22T17:00:00 0.616365890179 0.383634109821 9 2 11 5913 0.00152207001522 0.00033823778116
2013-12-22T16:00:00 0.588868626825 0.411131373175 7 3 10 5224 0.00133996937213 0.000574272588055
2013-12-22T15:00:00 0.606302330187 0.393697669813 9 4 13 4544 0.00198063380282 0.000880281690141
2013-12-22T14:00:00 0.621386690132 0.378613309868 11 4 15 4369 0.00251773861295 0.000915541313802
2013-12-22T13:00:00 0.604032566444 0.395967433556 8 4 12 4580 0.00174672489083 0.000873362445415
2014-01-04T11:00:00 0.545054656884 0.454945343116 3 2 5 3908 0.000767656090072 0.000511770726714
2014-01-04T10:00:00 0.525351668318 0.474648331682 2 2 4 3781 0.000528960592436 0.000528960592436
2014-01-04T09:00:00 0.525351668318 0.474648331682 2 2 4 3781 0.000528960592436 0.000528960592436
2014-01-04T08:00:00 0.341761799772 0.658238200228 0 1 1 4078 0.0 0.000245218244237
2014-01-04T07:00:00 0.341761799772 0.658238200228 0 1 1 4548 0.0 0.000219876868953
2014-01-04T06:00:00 0 0 0 0 0 5096 0.0 0.0
2014-01-05T22:00:00 0.460035596748 0.539964403252 3 4 7 9442 0.000317729294641 0.000423639059521
2014-01-05T21:00:00 0.412834464031 0.587165535969 1 3 4 7901 0.000126566257436 0.000379698772307
2014-01-05T20:00:00 0.381624833678 0.618375166322 1 5 6 7248 0.000137969094923 0.000689845474614
2014-01-05T19:00:00 0.408562722701 0.591437277299 1 3 4 7159 0.000139684313452 0.000419052940355
2014-01-05T18:00:00 0.366941251368 0.633058748632 1 4 5 6892 0.000145095763204 0.000580383052815
2014-01-05T17:00:00 0.336782212855 0.663217787145 1 5 6 6516 0.000153468385513 0.000767341927563
2014-01-11T15:00:00 0.323414394827 0.676585605173 2 10 12 6839 0.000292440415265 0.00146220207633
2014-01-11T14:00:00 0.35936686248 0.64063313752 3 10 13 6521 0.000460052139242 0.00153350713081
2014-01-11T13:00:00 0.383590082994 0.616409917006 3 7 10 6275 0.000478087649402 0.00111553784861
2014-01-11T12:00:00 0.399113820018 0.600886179982 3 6 9 6690 0.000448430493274 0.000896860986547
2014-01-11T11:00:00 0.507519217221 0.492480782779 2 3 5 7536 0.000265392781316 0.000398089171975
2014-01-11T10:00:00 0.619578557372 0.380421442628 2 1 3 8569 0.000233399463181 0.000116699731591
2014-01-17T17:00:00 0.44063765247 0.55936234753 4 7 11 6329 0.000632011376205 0.00110601990836
2014-01-17T16:00:00 0.564825960723 0.435174039277 5 3 8 5637 0.000886996629413 0.000532197977648
2014-01-17T15:00:00 0.503697854464 0.496302145536 5 5 10 5003 0.000999400359784 0.000999400359784
2014-01-17T14:00:00 0.557887758991 0.442112241009 7 4 11 4390 0.00159453302961 0.000911161731207
2014-01-17T13:00:00 0.58783714074 0.41216285926 10 4 14 3932 0.00254323499491 0.00101729399797
2014-01-18T20:00:00 0.537658087967 0.462341912033 5 5 10 8185 0.000610873549175 0.000610873549175
2014-01-18T19:00:00 0.497934792024 0.502065207976 6 6 12 8097 0.000741015190811 0.000741015190811
2014-01-18T18:00:00 0.536617466564 0.463382533436 8 6 14 7715 0.00103694102398 0.000777705767984
2014-01-18T17:00:00 0.491534567213 0.508465432787 6 7 13 7239 0.000828843762951 0.000966984390109
2014-01-18T16:00:00 0.5171801102 0.4828198898 9 8 17 6697 0.00134388532179 0.00119456473048
2014-01-18T15:00:00 0.57441132094 0.42558867906 13 8 21 6178 0.00210424085465 0.00129491744901
2014-01-19T07:00:00 0.698668143612 0.301331856389 2 0 2 7147 0.000279837694137 0.0
2014-01-19T06:00:00 0.698668143612 0.301331856389 2 0 2 7537 0.000265357569325 0.0
2014-01-19T05:00:00 0.698668143612 0.301331856389 2 0 2 8062 0.000248077400149 0.0
2014-01-19T04:00:00 0.707087093906 0.292912906094 3 0 3 8626 0.000347785763969 0.0
2014-01-19T03:00:00 0.632331515334 0.367668484666 4 1 5 9174 0.000436014824504 0.000109003706126
2014-01-22T16:00:00 0.380663223127 0.619336776873 1 4 5 5691 0.000175716042875 0.000702864171499
2014-01-22T15:00:00 0.46993773904 0.53006226096 3 5 8 5424 0.000553097345133 0.000921828908555
2014-01-22T14:00:00 0.533648505908 0.466351494092 5 5 10 5197 0.00096209351549 0.00096209351549
2014-01-22T13:00:00 0.597663392639 0.402336607361 5 3 8 4780 0.0010460251046 0.000627615062762
2014-01-22T12:00:00 0.608421700322 0.391578299678 4 2 6 4917 0.000813504169209 0.000406752084604
2014-01-22T11:00:00 0.623390495994 0.376609504006 5 2 7 5425 0.000921658986175 0.00036866359447
2014-01-27T08:00:00 0.0 0.0 0 0 0 4099 0.0 0.0
2014-01-27T07:00:00 0.0 0.0 0 0 0 4408 0.0 0.0
2014-01-27T06:00:00 0.615183238585 0.384816761415 1 0 1 4761 0.000210039907582 0.0
2014-01-27T05:00:00 0.503214836559 0.496785163441 1 1 2 5065 0.000197433366239 0.000197433366239
2014-01-27T04:00:00 0.503214836559 0.496785163441 1 1 2 5365 0.000186393289842 0.000186393289842
2014-01-27T03:00:00 0.437957714837 0.562042285163 1 2 3 5585 0.000179051029543 0.000358102059087
2014-01-29T12:00:00 0.633171038779 0.366828961221 7 1 8 3524 0.00198637911464 0.000283768444949
2014-01-29T11:00:00 0.633171038779 0.366828961221 7 1 8 3783 0.00185038329368 0.000264340470526
2014-01-29T10:00:00 0.627112747078 0.372887252922 4 1 5 4156 0.000962463907603 0.000240615976901
2014-01-29T09:00:00 0.557364737677 0.442635262323 2 1 3 4645 0.00043057050592 0.00021528525296
2014-01-29T08:00:00 0.557364737677 0.442635262323 2 1 3 5012 0.000399042298484 0.000199521149242
2014-01-29T07:00:00 0 0 0 0 0 5248 0.0 0.0
2014-01-30T19:00:00 0.357835747482 0.642164252518 1 5 6 7345 0.000136147038802 0.00068073519401
2014-01-30T18:00:00 0.317838227559 0.682161772441 1 7 8 6797 0.000147123731058 0.0010298661174
2014-01-30T17:00:00 0.298840614036 0.701159385964 1 10 11 6104 0.000163826998689 0.00163826998689
2014-01-30T16:00:00 0.338418105478 0.661581894522 2 9 11 5564 0.000359453630482 0.00161754133717
2014-01-30T15:00:00 0.338331951797 0.661668048203 2 10 12 5031 0.000397535281256 0.00198767640628
2014-01-30T14:00:00 0.344525674175 0.655474325825 2 9 11 4714 0.000424268137463 0.00190920661858
2014-01-31T16:00:00 0.808539566422 0.191460433578 1 0 1 4960 0.000201612903226 0.0
2014-01-31T15:00:00 0.590973265902 0.409026734098 1 1 2 4650 0.000215053763441 0.000215053763441
2014-01-31T14:00:00 0.586806610644 0.413193389356 5 2 7 4475 0.00111731843575 0.000446927374302
2014-01-31T13:00:00 0.602551346678 0.397448653322 6 2 8 4973 0.00120651518198 0.000402171727328
2014-01-31T12:00:00 0.573124458144 0.426875541856 5 2 7 8007 0.000624453603097 0.000249781441239
2014-01-31T11:00:00 0.601894073122 0.398105926878 6 2 8 9942 0.00060350030175 0.00020116676725
2014-02-05T21:00:00 0.441018146528 0.558981853472 2 3 5 9344 0.00021404109589 0.000321061643836
2014-02-05T20:00:00 0.397271937492 0.602728062508 1 3 4 8592 0.000116387337058 0.000349162011173
2014-02-05T19:00:00 0.451683464802 0.548316535198 2 2 4 7862 0.000254388196388 0.000254388196388
2014-02-05T18:00:00 0.572776479477 0.427223520523 3 1 4 6895 0.000435097897027 0.000145032632342
2014-02-05T17:00:00 0.556949217049 0.443050782951 2 1 3 5982 0.00033433634236 0.00016716817118
2014-02-05T16:00:00 0.518882894758 0.481117105242 2 1 3 5407 0.00036989088219 0.000184945441095
2014-02-11T17:00:00 0.3479072443 0.6520927557 1 6 7 9008 0.000111012433393 0.000666074600355
2014-02-11T16:00:00 0.427877695878 0.572122304122 2 4 6 7958 0.000251319426992 0.000502638853983
2014-02-11T15:00:00 0.36757753731 0.63242246269 1 5 6 7082 0.000141203049986 0.000706015249929
2014-02-11T14:00:00 0.345308051366 0.654691948634 1 9 10 6349 0.000157505118916 0.00141754607025
2014-02-11T13:00:00 0.377539205444 0.622460794556 3 11 14 5836 0.000514050719671 0.00188485263879
2014-02-11T12:00:00 0.388781487771 0.611218512229 3 9 12 5616 0.000534188034188 0.00160256410256
2014-02-12T17:00:00 0.42993308152 0.57006691848 3 4 7 11002 0.000272677694965 0.000363570259953
2014-02-12T16:00:00 0.42993308152 0.57006691848 3 4 7 9828 0.00030525030525 0.000407000407
2014-02-12T15:00:00 0.386308542923 0.613691457077 2 4 6 8927 0.00022403943094 0.00044807886188
2014-02-12T14:00:00 0.423634169181 0.576365830819 3 4 7 8035 0.000373366521469 0.000497822028625
2014-02-12T13:00:00 0.516813965622 0.483186034378 6 4 10 7397 0.00081113965121 0.000540759767473
2014-02-12T12:00:00 0.537619413634 0.462380586366 5 3 8 7247 0.000689940665103 0.000413964399062
2014-02-19T21:00:00 0.274886370608 0.725113629392 1 19 20 17303 5.77934462232e-05 0.00109807547824
2014-02-19T20:00:00 0.276335244159 0.723664755841 1 27 28 17791 5.62081951549e-05 0.00151762126918
2014-02-19T19:00:00 0.286370914656 0.713629085344 2 34 36 17738 0.000112752283234 0.00191678881497
2014-02-19T18:00:00 0.292160337344 0.707839662656 3 39 42 17162 0.000174804801305 0.00227246241697
2014-02-19T17:00:00 0.300818449944 0.699181550056 4 36 40 16308 0.000245278390974 0.00220750551876
2014-02-19T16:00:00 0.300093805751 0.699906194249 3 38 41 15470 0.000193923723335 0.00245636716225
2014-03-10T18:00:00 0.54800430226 0.45199569774 4 2 6 4042 0.000989609104404 0.000494804552202
2014-03-10T17:00:00 0.586393901275 0.413606098725 5 1 6 3671 0.00136202669572 0.000272405339145
2014-03-10T16:00:00 0.522495138716 0.477504861284 5 3 8 3306 0.00151240169389 0.000907441016334
2014-03-10T15:00:00 0.508267467746 0.491732532254 4 3 7 2998 0.00133422281521 0.00100066711141
2014-03-10T14:00:00 0.520635085802 0.479364914198 5 3 8 2742 0.0018234865062 0.00109409190372
2014-03-10T13:00:00 0.520635085802 0.479364914198 5 3 8 2576 0.00194099378882 0.00116459627329
2014-03-16T15:00:00 0.441817074233 0.558182925767 4 8 12 5768 0.000693481276006 0.00138696255201
2014-03-16T14:00:00 0.452068419375 0.547931580625 4 7 11 5254 0.000761324704987 0.00133231823373
2014-03-16T13:00:00 0.477235930973 0.522764069027 5 8 13 4885 0.00102354145343 0.00163766632549
2014-03-16T12:00:00 0.487790966887 0.512209033113 5 7 12 4938 0.00101255569056 0.00141757796679
2014-03-16T11:00:00 0.509406770567 0.490593229433 6 6 12 5343 0.00112296462661 0.00112296462661
2014-03-16T10:00:00 0.547202889051 0.452797110949 5 4 9 5853 0.000854262771228 0.000683410216983
2014-03-28T18:00:00 0.457645094708 0.542354905292 5 8 13 6590 0.000758725341426 0.00121396054628
2014-03-28T17:00:00 0.482791636662 0.517208363338 7 9 16 6142 0.00113969391078 0.00146532074243
2014-03-28T16:00:00 0.524392001252 0.475607998748 10 8 18 5717 0.00174916914466 0.00139933531573
2014-03-28T15:00:00 0.591860511717 0.408139488283 11 5 16 5303 0.00207429756741 0.000942862530643
2014-03-28T14:00:00 0.568427389128 0.431572610872 18 9 27 4968 0.0036231884058 0.0018115942029
2014-03-28T13:00:00 0.556416935101 0.443583064899 19 9 28 4865 0.00390544707091 0.00184994861254
2014-04-17T22:00:00 0.45583626142 0.544163738581 1 1 2 6059 0.00016504373659 0.00016504373659
2014-04-17T21:00:00 0.45583626142 0.544163738581 1 1 2 5734 0.000174398325776 0.000174398325776
2014-04-17T20:00:00 0.694311264349 0.305688735651 1 0 1 5504 0.000181686046512 0.0
2014-04-17T19:00:00 0.694311264349 0.305688735651 1 0 1 5290 0.000189035916824 0.0
2014-04-17T18:00:00 0.694311264349 0.305688735651 1 0 1 5010 0.000199600798403 0.0
2014-04-17T17:00:00 0.509846161616 0.490153838384 1 1 2 4696 0.000212947189097 0.000212947189097
2014-04-23T07:00:00 0.683245667283 0.316754332717 1 0 1 7523 0.000132925694537 0.0
2014-04-23T06:00:00 0 0 0 0 0 7790 0.0 0.0
2014-04-23T05:00:00 0.0 0.0 0 0 0 8212 0.0 0.0
2014-04-23T04:00:00 0.280361290456 0.719638709544 0 1 1 8689 0.0 0.000115088042352
2014-04-23T03:00:00 0.262118870119 0.73788112988 0 2 2 9194 0.0 0.000217533173809
2014-04-23T02:00:00 0.262118870119 0.73788112988 0 2 2 9598 0.0 0.000208376745155
2014-05-01T02:00:00 0.471524453941 0.528475546059 1 1 2 3634 0.000275178866263 0.000275178866263
2014-05-01T01:00:00 0.471524453941 0.528475546059 1 1 2 3776 0.000264830508475 0.000264830508475
2014-05-01T00:00:00 0.471524453941 0.528475546059 1 1 2 3672 0.000272331154684 0.000272331154684
2014-04-30T23:00:00 0.471524453941 0.528475546059 1 1 2 3444 0.000290360046458 0.000290360046458
2014-04-30T22:00:00 0.471524453941 0.528475546059 1 1 2 3279 0.000304971027752 0.000304971027752
2014-04-30T21:00:00 0.471524453941 0.528475546059 1 1 2 3179 0.000314564328405 0.000314564328405
2014-05-07T00:00:00 0 0 0 0 0 908 0.0 0.0
2014-05-06T23:00:00 0 0 0 0 0 865 0.0 0.0
2014-05-06T22:00:00 0 0 0 0 0 793 0.0 0.0
2014-05-06T21:00:00 0 0 0 0 0 748 0.0 0.0
2014-05-06T20:00:00 0 0 0 0 0 708 0.0 0.0
2014-05-06T19:00:00 0 0 0 0 0 677 0.0 0.0
2014-05-15T13:00:00 0.326183102445 0.673816897555 0 6 6 753 0.0 0.00796812749004
2014-05-15T12:00:00 0.326183102445 0.673816897555 0 6 6 701 0.0 0.00855920114123
2014-05-15T11:00:00 0.311571297391 0.688428702609 0 5 5 783 0.0 0.00638569604087
2014-05-15T10:00:00 0.311571297391 0.688428702609 0 5 5 858 0.0 0.00582750582751
2014-05-15T09:00:00 0.0 0.0 0 0 0 957 0.0 0.0
2014-05-15T08:00:00 0.0 0.0 0 0 0 995 0.0 0.0
2014-05-18T17:00:00 0.393234602395 0.606765397605 0 1 1 3330 0.0 0.0003003003003
2014-05-18T16:00:00 0.498499522495 0.501500477505 1 1 2 3008 0.000332446808511 0.000332446808511
2014-05-18T15:00:00 0.603764442595 0.396235557405 1 0 1 2751 0.000363504180298 0.0
2014-05-18T14:00:00 0.440988095794 0.559011904205 1 1 2 2517 0.000397298371077 0.000397298371077
2014-05-18T13:00:00 0.440988095794 0.559011904205 1 1 2 2358 0.000424088210348 0.000424088210348
2014-05-18T12:00:00 0.440988095794 0.559011904205 1 1 2 2337 0.000427899015832 0.000427899015832
2014-05-19T11:00:00 0.0 0.0 0 0 0 2305 0.0 0.0
2014-05-19T10:00:00 0.0 0.0 0 0 0 2607 0.0 0.0
2014-05-19T09:00:00 0.0 0.0 0 0 0 2766 0.0 0.0
2014-05-19T08:00:00 0.0 0.0 0 0 0 2929 0.0 0.0
2014-05-19T07:00:00 0 0 0 0 0 3065 0.0 0.0
2014-05-19T06:00:00 0 0 0 0 0 3264 0.0 0.0
2014-05-21T14:00:00 0.361392286434 0.638607713566 2 23 25 3687 0.000542446433415 0.00623813398427
2014-05-21T13:00:00 0.354967384048 0.645032615952 1 24 25 3301 0.000302938503484 0.00727052408361
2014-05-21T12:00:00 0.345847863446 0.654152136554 0 26 26 3241 0.0 0.00802221536563
2014-05-21T11:00:00 0.345847863446 0.654152136554 0 26 26 3583 0.0 0.00725648897572
2014-05-21T10:00:00 0.345598778742 0.654401221258 0 25 25 3887 0.0 0.00643169539491
2014-05-21T09:00:00 0.340510334084 0.659489665916 0 14 14 4094 0.0 0.00341963849536
2014-05-25T04:00:00 0 0 0 0 0 2486 0.0 0.0
2014-05-25T03:00:00 0 0 0 0 0 2643 0.0 0.0
2014-05-25T02:00:00 0.0 0.0 0 0 0 2796 0.0 0.0
2014-05-25T01:00:00 0.0 0.0 0 0 0 2952 0.0 0.0
2014-05-25T00:00:00 0.396654427096 0.603345572904 0 1 1 3013 0.0 0.000331895121142
2014-05-24T23:00:00 0.396654427096 0.603345572904 0 1 1 2939 0.0 0.000340251786322
2014-07-07T09:00:00 0.164286564192 0.835713435808 0 1 1 3039 0.0 0.000329055610398
2014-07-07T07:00:00 0 0 0 0 0 3247 0.0 0.0
2014-07-07T06:00:00 0 0 0 0 0 3432 0.0 0.0
2014-07-07T05:00:00 0 0 0 0 0 3654 0.0 0.0
2014-07-26T04:00:00 0.0 0.0 0 0 0 6741 0.0 0.0
2014-07-26T03:00:00 0.0 0.0 0 0 0 7106 0.0 0.0
2014-07-26T02:00:00 0.236547608912 0.763452391088 0 1 1 7444 0.0 0.000134336378291
2014-07-26T01:00:00 0.236547608912 0.763452391088 0 1 1 7623 0.0 0.000131181949364
2014-07-25T23:00:00 0.288044692489 0.711955307511 0 3 3 6977 0.0 0.000429984233911
2014-07-28T01:00:00 0.241299791672 0.758700208327 0 2 2 8705 0.0 0.000229753015508
2014-07-27T23:00:00 0.380144283557 0.619855716443 0 1 1 8276 0.0 0.000120831319478
2014-07-27T22:00:00 0.380144283557 0.619855716443 0 1 1 7933 0.0 0.000126055716627
2014-07-27T21:00:00 0.453050848271 0.546949151729 1 2 3 7647 0.000130770236694 0.000261540473388
2014-07-30T07:00:00 0 0 0 0 0 4558 0.0 0.0
2014-07-30T06:00:00 0 0 0 0 0 5043 0.0 0.0
2014-07-30T05:00:00 0.495272259351 0.504727740649 1 1 2 5575 0.000179372197309 0.000179372197309
2014-07-30T04:00:00 0.337847386106 0.662152613894 1 4 5 6092 0.000164149704531 0.000656598818122
2014-07-30T03:00:00 0.328681061958 0.671318938042 1 5 6 6681 0.000149678191887 0.000748390959437
2014-08-02T09:00:00 0 0 0 0 0 2695 0.0 0.0
2014-08-02T07:00:00 0 0 0 0 0 2755 0.0 0.0
2014-08-02T06:00:00 0 0 0 0 0 2848 0.0 0.0
2014-08-02T05:00:00 0 0 0 0 0 3014 0.0 0.0
2014-08-21T01:00:00 0.488502085098 0.511497914902 8 7 15 26892 0.000297486241261 0.000260300461104
2014-08-21T00:00:00 0.462966977253 0.537033022747 7 9 16 25946 0.000269791104602 0.000346874277345
2014-08-20T23:00:00 0.412602829545 0.587397170455 6 11 17 23754 0.000252589037636 0.000463079902332
2014-08-20T22:00:00 0.392467090864 0.607532909136 5 11 16 21086 0.000237124158209 0.00052167314806
2014-08-20T21:00:00 0.384428165111 0.615571834889 4 13 17 19137 0.00020901917751 0.000679312326906
2014-08-30T03:00:00 0.360868929477 0.639131070523 0 1 1 15049 0.0 6.64495979799e-05
2014-08-30T02:00:00 0.0 0.0 0 0 0 15788 0.0 0.0
2014-08-30T01:00:00 0.0 0.0 0 0 0 16401 0.0 0.0
2014-08-30T00:00:00 0.0 0.0 0 0 0 16344 0.0 0.0
2014-08-29T23:00:00 0.0 0.0 0 0 0 15552 0.0 0.0
2014-09-01T09:00:00 0.498568830271 0.501431169729 2 3 5 9685 0.000206504904491 0.000309757356737
2014-09-01T07:00:00 0.472712339546 0.527287660454 1 2 3 11552 8.65650969529e-05 0.000173130193906
2014-09-01T06:00:00 0.696402428729 0.303597571271 2 0 2 12692 0.000157579577687 0.0
2014-09-01T05:00:00 0.476608486609 0.523391513391 1 1 2 13911 7.18855581914e-05 7.18855581914e-05
2014-09-01T04:00:00 0.432484439841 0.567515560159 1 2 3 14946 6.69075337883e-05 0.000133815067577
2014-09-05T18:00:00 0.371517752066 0.628482247934 2 4 6 8977 0.000222791578478 0.000445583156957
2014-09-05T17:00:00 0.491242793728 0.508757206272 3 2 5 8319 0.000360620266859 0.000240413511239
2014-09-05T16:00:00 0.46751941516 0.53248058484 3 3 6 7698 0.000389711613406 0.000389711613406
2014-09-05T15:00:00 0.398437794034 0.601562205966 1 3 4 7058 0.000141683196373 0.000425049589119
2014-09-20T16:00:00 0.376281122865 0.623718877135 3 5 8 6433 0.000466345406498 0.000777242344163
2014-09-20T15:00:00 0.413128994955 0.586871005045 3 3 6 5790 0.000518134715026 0.000518134715026
2014-09-20T14:00:00 0.402933681358 0.597066318642 3 4 7 5170 0.000580270793037 0.000773694390716
2014-09-25T10:00:00 0.267496862149 0.732503137851 0 3 3 3623 0.0 0.000828043058239
2014-09-25T09:00:00 0.267496862149 0.732503137851 0 3 3 3962 0.0 0.000757193336699
2014-09-25T07:00:00 0.324331335181 0.675668664819 0 1 1 4375 0.0 0.000228571428571
2014-09-25T06:00:00 0.324331335181 0.675668664819 0 1 1 4624 0.0 0.000216262975779
2014-09-25T05:00:00 0.324331335181 0.675668664819 0 1 1 4862 0.0 0.000205676676265
2014-10-03T14:00:00 0.341014685269 0.658985314732 2 6 8 7820 0.000255754475703 0.00076726342711
2014-10-03T13:00:00 0.450719995528 0.549280004472 4 4 8 7201 0.000555478405777 0.000555478405777
2014-10-03T12:00:00 0.492319261227 0.507680738773 4 3 7 7191 0.000556250869142 0.000417188151856
2014-10-03T11:00:00 0.534257078038 0.465742921962 4 2 6 7806 0.000512426338714 0.000256213169357
2014-10-03T10:00:00 0.559789525869 0.440210474131 5 2 7 8654 0.000577767506355 0.000231107002542
2014-10-03T09:00:00 0.559789525869 0.440210474131 5 2 7 9365 0.000533902829685 0.000213561131874
2014-10-07T13:00:00 0.331295265514 0.668704734486 1 6 7 8047 0.000124269914254 0.000745619485523
2014-10-07T12:00:00 0.339338564439 0.660661435561 1 6 7 8228 0.000121536217793 0.000729217306757
2014-10-07T11:00:00 0.343100195385 0.656899804615 1 4 5 9157 0.000109206071858 0.00043682428743
2014-10-07T10:00:00 0.390749787949 0.609250212051 1 3 4 10426 9.59140610013e-05 0.000287742183004
2014-10-17T17:00:00 0.456823227507 0.543176772493 11 17 28 7176 0.00153288740245 0.00236900780379
2014-10-17T16:00:00 0.425272129467 0.574727870533 6 14 20 6542 0.000917150718435 0.00214001834301
2014-10-17T15:00:00 0.447332500213 0.552667499787 7 12 19 5963 0.00117390575214 0.00201240986081
2014-10-17T14:00:00 0.480377308491 0.519622691509 8 10 18 5447 0.00146869836607 0.00183587295759
2014-10-17T13:00:00 0.53102741392 0.46897258608 6 5 11 4889 0.00122724483534 0.00102270402945
2014-10-17T12:00:00 0.598083844038 0.401916155962 7 2 9 4565 0.00153340635268 0.000438116100767
2014-10-18T11:00:00 0.521907070411 0.478092929589 11 6 17 6167 0.00178368736825 0.000972920382682
2014-10-18T10:00:00 0.593238900689 0.406761099311 11 2 13 6846 0.0016067776804 0.000292141396436
2014-10-18T09:00:00 0.566694184835 0.433305815165 7 2 9 7335 0.000954328561691 0.00027266530334
2014-10-18T08:00:00 0.585881886234 0.414118113766 4 1 5 7536 0.000530785562633 0.000132696390658
2014-10-18T07:00:00 0.717964826225 0.282035173775 1 0 1 7805 0.000128122998078 0.0
2014-10-18T06:00:00 0.769699898411 0.230300101589 1 0 1 8141 0.000122835032551 0.0
2014-10-29T15:00:00 0 0 0 0 0 0 0 0
2014-10-29T14:00:00 0 0 0 0 0 0 0 0
2014-10-29T13:00:00 0 0 0 0 0 0 0 0
2014-10-29T12:00:00 0 0 0 0 0 0 0 0
2014-10-29T11:00:00 0 0 0 0 0 0 0 0
2014-10-29T10:00:00 0 0 0 0 0 0 0 0
