2014-07-18T19:00:00 0.655205162876 0.344794837124 3 0 3 5415 0.000554016620499 0.0
2014-07-29T08:00:00 0.453084702206 0.546915297794 1 2 3 4115 0.000243013365735 0.00048602673147
2014-08-09T08:00:00 0.0 0.0 0 0 0 4873 0.0 0.0
2014-08-21T20:00:00 0.35886912721 0.64113087279 1 4 5 15165 6.59413122321e-05 0.000263765248928
2014-08-23T20:00:00 0.272938705877 0.727061294123 1 6 7 15549 6.43128175445e-05 0.000385876905267
2014-08-30T20:00:00 0.320146209311 0.679853790689 0 1 1 10694 0.0 9.35103796521e-05
2014-09-01T10:00:00 0.480717602798 0.519282397202 2 4 6 8543 0.000234109797495 0.00046821959499
2014-09-07T20:00:00 0.336246208379 0.663753791621 1 5 6 9368 0.000106746370623 0.000533731853117
2014-09-21T05:00:00 0.628356341612 0.371643658388 2 1 3 11981 0.000166930974042 8.34654870211e-05
2014-09-25T20:00:00 0.0 0.0 0 0 0 5552 0.0 0.0
