2014-07-07T08:00:00 0 0 0 0 0 3140 0.0 0.0
2014-07-26T00:00:00 0.288044692489 0.711955307511 0 3 3 7513 0.0 0.000399307866365
2014-07-28T00:00:00 0.241299791672 0.758700208327 0 2 2 8663 0.0 0.000230866905229
2014-07-27T20:00:00 0.439598668132 0.560401331868 1 3 4 7452 0.000134192163178 0.000402576489533
2014-07-30T08:00:00 0 0 0 0 0 4152 0.0 0.0
2014-08-02T08:00:00 0 0 0 0 0 2679 0.0 0.0
2014-08-20T20:00:00 0.369303529964 0.630696470036 3 11 14 17310 0.000173310225303 0.000635470826112
2014-08-29T22:00:00 0.0 0.0 0 0 0 14489 0.0 0.0
2014-09-01T08:00:00 0.498568830271 0.501431169729 2 3 5 10692 0.000187055742611 0.000280583613917
2014-09-05T19:00:00 0.371517752066 0.628482247934 2 4 6 9498 0.000210570646452 0.000421141292904
2014-09-20T17:00:00 0.312612712144 0.687387287856 2 6 8 7059 0.000283326250177 0.000849978750531
2014-09-25T08:00:00 0.357868252363 0.642131747637 0 2 2 4183 0.0 0.000478125747071
