2013-06-13T01:00:00Z 293.272000 1025.220000 97.000000 2.940000 114.501000 -1.000000 92.000000 291.422000 1025.460000 91.000000 2.570000 91.500600 -1.000000 92.000000 291.272000 1014.920000 94.000000 1.590000 76.000600 -1.000000 92.000000 290.272000 1025.460000 95.000000 2.820000 84.500600 -1.000000 36.000000 286.272000 1026.190000 90.000000 1.270000 143.501000 -1.000000 0.000000
2013-06-13T00:00:00Z 294.755000 1025.780000 87.000000 4.140000 117.500000 -1.000000 92.000000 292.805000 1026.030000 81.000000 3.140000 81.000400 -1.000000 88.000000 291.705000 1015.490000 88.000000 1.360000 59.500400 -1.000000 92.000000 291.555000 1025.780000 87.000000 3.360000 79.500400 -1.000000 32.000000 288.855000 1026.430000 85.000000 2.940000 124.000000 -1.000000 0.000000
2013-06-12T23:00:00Z 294.755000 1025.780000 87.000000 4.140000 117.500000 -1.000000 92.000000 292.805000 1026.030000 81.000000 3.140000 81.000400 -1.000000 88.000000 291.705000 1015.490000 88.000000 1.360000 59.500400 -1.000000 92.000000 291.555000 1025.780000 87.000000 3.360000 79.500400 -1.000000 32.000000 288.855000 1026.430000 85.000000 2.940000 124.000000 -1.000000 0.000000
2013-06-12T22:00:00Z 294.755000 1025.780000 87.000000 4.140000 117.500000 -1.000000 92.000000 292.805000 1026.030000 81.000000 3.140000 81.000400 -1.000000 88.000000 291.705000 1015.490000 88.000000 1.360000 59.500400 -1.000000 92.000000 291.555000 1025.780000 87.000000 3.360000 79.500400 -1.000000 32.000000 288.855000 1026.430000 85.000000 2.940000 124.000000 -1.000000 0.000000
2013-06-12T21:00:00Z 296.037000 1024.560000 79.000000 1.940000 49.003600 -1.000000 92.000000 294.937000 1024.800000 71.000000 2.640000 52.003600 -1.000000 92.000000 293.037000 1014.830000 85.000000 1.240000 4.503600 -1.000000 92.000000 294.437000 1024.560000 75.000000 2.160000 65.503600 -1.000000 32.000000 292.637000 1025.210000 64.000000 3.540000 80.003600 -1.000000 0.000000
2013-06-12T20:00:00Z 296.037000 1024.560000 79.000000 1.940000 49.003600 -1.000000 92.000000 294.937000 1024.800000 71.000000 2.640000 52.003600 -1.000000 92.000000 293.037000 1014.830000 85.000000 1.240000 4.503600 -1.000000 92.000000 294.437000 1024.560000 75.000000 2.160000 65.503600 -1.000000 32.000000 292.637000 1025.210000 64.000000 3.540000 80.003600 -1.000000 0.000000
2013-11-08T21:00:00Z 289.876000 1031.610000 93.000000 5.160000 144.003000 -1.000000 0.000000 290.991000 1032.250000 75.000000 5.410000 137.000000 -1.000000 12.000000 287.366000 1021.060000 84.000000 2.060000 112.000000 -1.000000 0.000000 290.441000 1029.980000 78.000000 4.210000 128.500000 -1.000000 48.000000 290.316000 1032.730000 84.000000 5.360000 114.000000 -1.000000 0.000000
2013-11-08T20:00:00Z 290.241000 1031.840000 87.000000 4.560000 128.500000 -1.000000 0.000000 289.816000 1032.090000 84.000000 4.460000 133.500000 -1.000000 0.000000 287.366000 1021.060000 84.000000 2.060000 112.000000 -1.000000 0.000000 290.441000 1029.980000 78.000000 4.210000 128.500000 -1.000000 48.000000 290.316000 1032.730000 84.000000 5.360000 114.000000 -1.000000 0.000000
2013-11-08T19:00:00Z 290.241000 1031.840000 87.000000 4.560000 128.500000 -1.000000 0.000000 289.816000 1032.090000 84.000000 4.460000 133.500000 -1.000000 0.000000 287.366000 1021.060000 84.000000 2.060000 112.000000 -1.000000 0.000000 290.441000 1029.980000 78.000000 4.210000 128.500000 -1.000000 48.000000 290.316000 1032.730000 84.000000 5.360000 114.000000 -1.000000 0.000000
2013-11-08T18:00:00Z 293.553000 1031.440000 69.000000 4.390000 145.002000 -1.000000 0.000000 294.153000 1031.520000 58.000000 5.240000 149.002000 -1.000000 48.000000 293.028000 1020.820000 69.000000 2.340000 137.502000 -1.000000 0.000000 293.778000 1029.250000 66.000000 2.790000 136.002000 -1.000000 0.000000 291.503000 1032.570000 76.000000 5.940000 120.002000 -1.000000 80.000000
2013-11-08T17:00:00Z 293.553000 1031.440000 69.000000 4.390000 145.002000 -1.000000 0.000000 294.153000 1031.520000 58.000000 5.240000 149.002000 -1.000000 48.000000 293.028000 1020.820000 69.000000 2.340000 137.502000 -1.000000 0.000000 293.778000 1029.250000 66.000000 2.790000 136.002000 -1.000000 0.000000 291.503000 1032.570000 76.000000 5.940000 120.002000 -1.000000 80.000000
2013-11-08T16:00:00Z 293.553000 1031.440000 69.000000 4.390000 145.002000 -1.000000 0.000000 294.153000 1031.520000 58.000000 5.240000 149.002000 -1.000000 48.000000 293.028000 1020.820000 69.000000 2.340000 137.502000 -1.000000 0.000000 293.778000 1029.250000 66.000000 2.790000 136.002000 -1.000000 0.000000 291.503000 1032.570000 76.000000 5.940000 120.002000 -1.000000 80.000000
2013-11-17T11:00:00Z 285.321000 1036.620000 71.000000 6.800000 315.500000 -1.000000 0.000000 284.821000 1036.410000 72.000000 6.800000 312.000000 -1.000000 0.000000 284.821000 1033.250000 74.000000 5.650000 306.500000 -1.000000 0.000000 285.396000 1037.060000 55.000000 5.350000 304.500000 -1.000000 0.000000 283.646000 1036.410000 43.000000 5.750000 306.500000 -1.000000 0.000000
2013-11-17T10:00:00Z 285.321000 1036.620000 71.000000 6.800000 315.500000 -1.000000 0.000000 284.821000 1036.410000 72.000000 6.800000 312.000000 -1.000000 0.000000 284.821000 1033.250000 74.000000 5.650000 306.500000 -1.000000 0.000000 285.396000 1037.060000 55.000000 5.350000 304.500000 -1.000000 0.000000 283.646000 1036.410000 43.000000 5.750000 306.500000 -1.000000 0.000000
2013-11-17T09:00:00Z 281.949000 1037.000000 86.000000 5.960000 323.502000 -1.000000 0.000000 284.821000 1036.410000 72.000000 6.800000 312.000000 -1.000000 0.000000 280.574000 1033.480000 91.000000 5.200000 304.500000 -1.000000 0.000000 278.599000 1037.130000 75.000000 4.100000 305.500000 -1.000000 0.000000 276.474000 1036.650000 47.000000 5.150000 304.500000 -1.000000 0.000000
2013-11-17T08:00:00Z 281.949000 1037.000000 86.000000 5.960000 323.502000 -1.000000 0.000000 280.599000 1036.560000 93.000000 6.700000 317.500000 -1.000000 0.000000 280.574000 1033.480000 91.000000 5.200000 304.500000 -1.000000 0.000000 278.599000 1037.130000 75.000000 4.100000 305.500000 -1.000000 0.000000 276.474000 1036.650000 47.000000 5.150000 304.500000 -1.000000 0.000000
2013-11-17T07:00:00Z 281.949000 1037.000000 86.000000 5.960000 323.502000 -1.000000 0.000000 280.599000 1036.560000 93.000000 6.700000 317.500000 -1.000000 0.000000 280.574000 1033.480000 91.000000 5.200000 304.500000 -1.000000 0.000000 278.599000 1037.130000 75.000000 4.100000 305.500000 -1.000000 0.000000 276.474000 1036.650000 47.000000 5.150000 304.500000 -1.000000 0.000000
2013-11-17T06:00:00Z 281.148000 1036.320000 89.000000 6.110000 325.503000 -1.000000 0.000000 280.120000 1035.890000 96.000000 6.910000 320.501000 -1.000000 0.000000 280.195000 1032.560000 88.000000 5.360000 314.501000 -1.000000 0.000000 277.445000 1036.450000 76.000000 4.110000 318.501000 -1.000000 0.000000 276.474000 1036.650000 47.000000 5.150000 304.500000 -1.000000 0.000000
2013-11-21T13:00:00Z 292.494000 1034.540000 53.000000 1.650000 233.001000 -1.000000 0.000000 291.653000 1035.480000 54.000000 2.750000 101.501000 -1.000000 0.000000 291.703000 1030.540000 62.000000 1.800000 13.000700 -1.000000 0.000000 292.028000 1034.590000 51.000000 2.000000 82.000700 -1.000000 0.000000 289.728000 1036.780000 53.000000 2.650000 83.500700 -1.000000 0.000000
2013-11-21T12:00:00Z 291.230000 1036.030000 64.000000 2.310000 121.501000 -1.000000 0.000000 290.617000 1036.970000 62.000000 4.110000 95.500600 -1.000000 0.000000 289.867000 1031.620000 68.000000 1.060000 79.000600 -1.000000 0.000000 289.617000 1036.320000 65.000000 2.860000 106.001000 -1.000000 0.000000 288.717000 1038.020000 58.000000 3.860000 93.500600 -1.000000 0.000000
2013-11-21T11:00:00Z 291.230000 1036.030000 64.000000 2.310000 121.501000 -1.000000 0.000000 290.617000 1036.970000 62.000000 4.110000 95.500600 -1.000000 0.000000 289.867000 1031.620000 68.000000 1.060000 79.000600 -1.000000 0.000000 289.617000 1036.320000 65.000000 2.860000 106.001000 -1.000000 0.000000 288.717000 1038.020000 58.000000 3.860000 93.500600 -1.000000 0.000000
2013-11-21T10:00:00Z 291.230000 1036.030000 64.000000 2.310000 121.501000 -1.000000 0.000000 290.617000 1036.970000 62.000000 4.110000 95.500600 -1.000000 0.000000 289.867000 1031.620000 68.000000 1.060000 79.000600 -1.000000 0.000000 289.617000 1036.320000 65.000000 2.860000 106.001000 -1.000000 0.000000 288.717000 1038.020000 58.000000 3.860000 93.500600 -1.000000 0.000000
2013-11-21T09:00:00Z 282.216000 1036.090000 96.000000 3.360000 96.500300 -1.000000 0.000000 283.619000 1036.870000 95.000000 3.750000 89.000100 -1.000000 0.000000 281.019000 1031.600000 93.000000 1.200000 126.000000 -1.000000 0.000000 278.219000 1035.980000 85.000000 2.100000 80.500100 -1.000000 0.000000 281.894000 1037.920000 70.000000 3.700000 85.000100 -1.000000 36.000000
2013-11-21T08:00:00Z 282.216000 1036.090000 96.000000 3.360000 96.500300 -1.000000 0.000000 283.619000 1036.870000 95.000000 3.750000 89.000100 -1.000000 0.000000 281.019000 1031.600000 93.000000 1.200000 126.000000 -1.000000 0.000000 278.219000 1035.980000 85.000000 2.100000 80.500100 -1.000000 0.000000 281.894000 1037.920000 70.000000 3.700000 85.000100 -1.000000 36.000000
2013-12-04T13:00:00Z 290.589000 1033.280000 60.000000 0.860000 306.002000 -1.000000 0.000000 290.093000 1033.890000 60.000000 1.660000 110.500000 -1.000000 0.000000 289.418000 1029.430000 58.000000 2.510000 331.000000 -1.000000 0.000000 290.768000 1033.400000 59.000000 2.010000 87.000100 -1.000000 0.000000 289.243000 1034.380000 68.000000 2.060000 164.000000 -1.000000 0.000000
2013-12-04T12:00:00Z 288.868000 1034.620000 70.000000 1.450000 357.500000 -1.000000 0.000000 289.150000 1034.980000 66.000000 1.780000 82.500000 -1.000000 0.000000 287.550000 1030.690000 65.000000 3.350000 292.500000 -1.000000 0.000000 287.775000 1034.900000 71.000000 2.050000 42.500000 -1.000000 0.000000 286.750000 1035.880000 86.000000 2.000000 10.000000 -1.000000 0.000000
2013-12-04T11:00:00Z 288.868000 1034.620000 70.000000 1.450000 357.500000 -1.000000 0.000000 289.150000 1034.980000 66.000000 1.780000 82.500000 -1.000000 0.000000 287.550000 1030.690000 65.000000 3.350000 292.500000 -1.000000 0.000000 287.775000 1034.900000 71.000000 2.050000 42.500000 -1.000000 0.000000 286.750000 1035.880000 86.000000 2.000000 10.000000 -1.000000 0.000000
2013-12-04T10:00:00Z 288.868000 1034.620000 70.000000 1.450000 357.500000 -1.000000 0.000000 289.150000 1034.980000 66.000000 1.780000 82.500000 -1.000000 0.000000 287.550000 1030.690000 65.000000 3.350000 292.500000 -1.000000 0.000000 287.775000 1034.900000 71.000000 2.050000 42.500000 -1.000000 0.000000 286.750000 1035.880000 86.000000 2.000000 10.000000 -1.000000 0.000000
2013-12-04T09:00:00Z 279.660000 1034.050000 92.000000 1.460000 354.000000 -1.000000 0.000000 281.280000 1034.750000 94.000000 1.780000 52.000200 -1.000000 0.000000 279.855000 1030.130000 94.000000 2.460000 293.500000 -1.000000 0.000000 276.630000 1034.180000 82.000000 1.230000 4.000180 -1.000000 0.000000 275.555000 1035.640000 77.000000 1.930000 2.000180 -1.000000 8.000000
2013-12-04T08:00:00Z 279.660000 1034.050000 92.000000 1.460000 354.000000 -1.000000 0.000000 281.280000 1034.750000 94.000000 1.780000 52.000200 -1.000000 0.000000 279.855000 1030.130000 94.000000 2.460000 293.500000 -1.000000 0.000000 276.630000 1034.180000 82.000000 1.230000 4.000180 -1.000000 0.000000 275.555000 1035.640000 77.000000 1.930000 2.000180 -1.000000 8.000000
2013-12-08T07:00:00Z 281.702000 1032.170000 91.000000 3.010000 136.505000 -1.000000 0.000000 282.343000 1032.630000 93.000000 4.450000 135.000000 -1.000000 0.000000 278.343000 1027.690000 91.000000 1.250000 118.500000 -1.000000 0.000000 278.593000 1031.500000 91.000000 2.750000 130.000000 -1.000000 0.000000 276.593000 1032.800000 78.000000 2.700000 122.000000 -1.000000 0.000000
2013-12-08T06:00:00Z 279.472000 1031.930000 93.000000 2.960000 114.502000 -1.000000 0.000000 278.947000 1032.640000 95.000000 3.050000 117.500000 -1.000000 0.000000 276.272000 1027.460000 92.000000 1.150000 99.500000 -1.000000 0.000000 277.472000 1031.430000 87.000000 3.650000 117.500000 -1.000000 0.000000 274.422000 1032.810000 81.000000 1.300000 125.500000 -1.000000 0.000000
2013-12-08T05:00:00Z 279.472000 1031.930000 93.000000 2.960000 114.502000 -1.000000 0.000000 278.947000 1032.640000 95.000000 3.050000 117.500000 -1.000000 0.000000 276.272000 1027.460000 92.000000 1.150000 99.500000 -1.000000 0.000000 277.472000 1031.430000 87.000000 3.650000 117.500000 -1.000000 0.000000 274.422000 1032.810000 81.000000 1.300000 125.500000 -1.000000 0.000000
2013-12-08T04:00:00Z 279.472000 1031.930000 93.000000 2.960000 114.502000 -1.000000 0.000000 278.947000 1032.640000 95.000000 3.050000 117.500000 -1.000000 0.000000 276.272000 1027.460000 92.000000 1.150000 99.500000 -1.000000 0.000000 277.472000 1031.430000 87.000000 3.650000 117.500000 -1.000000 0.000000 274.422000 1032.810000 81.000000 1.300000 125.500000 -1.000000 0.000000
2013-12-08T03:00:00Z 280.569000 1032.540000 96.000000 3.730000 123.504000 -1.000000 0.000000 279.428000 1033.490000 97.000000 2.410000 128.000000 -1.000000 0.000000 277.078000 1027.820000 91.000000 1.710000 117.000000 -1.000000 0.000000 276.403000 1032.360000 83.000000 2.660000 113.500000 -1.000000 0.000000 277.303000 1033.660000 88.000000 3.560000 130.500000 -1.000000 0.000000
2013-12-08T02:00:00Z 280.569000 1032.540000 96.000000 3.730000 123.504000 -1.000000 0.000000 279.428000 1033.490000 97.000000 2.410000 128.000000 -1.000000 0.000000 277.078000 1027.820000 91.000000 1.710000 117.000000 -1.000000 0.000000 276.403000 1032.360000 83.000000 2.660000 113.500000 -1.000000 0.000000 277.303000 1033.660000 88.000000 3.560000 130.500000 -1.000000 0.000000
2013-12-10T11:00:00Z 278.750000 1035.590000 82.000000 4.220000 319.000000 -1.000000 0.000000 278.672000 1035.390000 91.000000 4.550000 316.500000 -1.000000 0.000000 278.372000 1031.740000 84.000000 3.150000 297.500000 -1.000000 0.000000 278.347000 1035.630000 64.000000 2.750000 316.500000 -1.000000 0.000000 277.997000 1035.390000 61.000000 3.650000 315.500000 -1.000000 0.000000
2013-12-10T10:00:00Z 278.750000 1035.590000 82.000000 4.220000 319.000000 -1.000000 0.000000 278.672000 1035.390000 91.000000 4.550000 316.500000 -1.000000 0.000000 278.372000 1031.740000 84.000000 3.150000 297.500000 -1.000000 0.000000 278.347000 1035.630000 64.000000 2.750000 316.500000 -1.000000 0.000000 277.997000 1035.390000 61.000000 3.650000 315.500000 -1.000000 0.000000
2013-12-10T09:00:00Z 274.526000 1035.980000 100.000000 4.310000 331.504000 -1.000000 0.000000 274.049000 1035.780000 100.000000 5.410000 320.000000 -1.000000 0.000000 273.349000 1031.970000 100.000000 3.380000 296.500000 -1.000000 0.000000 270.599000 1036.030000 88.000000 2.560000 316.500000 -1.000000 0.000000 269.749000 1036.190000 70.000000 4.360000 304.500000 -1.000000 0.000000
2013-12-10T08:00:00Z 274.526000 1035.980000 100.000000 4.310000 331.504000 -1.000000 0.000000 274.049000 1035.780000 100.000000 5.410000 320.000000 -1.000000 0.000000 273.349000 1031.970000 100.000000 3.380000 296.500000 -1.000000 0.000000 270.599000 1036.030000 88.000000 2.560000 316.500000 -1.000000 0.000000 269.749000 1036.190000 70.000000 4.360000 304.500000 -1.000000 0.000000
2013-12-10T07:00:00Z 274.526000 1035.980000 100.000000 4.310000 331.504000 -1.000000 0.000000 274.049000 1035.780000 100.000000 5.410000 320.000000 -1.000000 0.000000 273.349000 1031.970000 100.000000 3.380000 296.500000 -1.000000 0.000000 270.599000 1036.030000 88.000000 2.560000 316.500000 -1.000000 0.000000 269.749000 1036.190000 70.000000 4.360000 304.500000 -1.000000 0.000000
2013-12-10T06:00:00Z 274.526000 1035.980000 100.000000 4.310000 331.504000 -1.000000 0.000000 274.049000 1035.780000 100.000000 5.410000 320.000000 -1.000000 0.000000 272.736000 1031.490000 100.000000 3.980000 311.000000 -1.000000 0.000000 270.599000 1036.030000 88.000000 2.560000 316.500000 -1.000000 0.000000 269.436000 1035.460000 75.000000 4.250000 302.000000 -1.000000 0.000000
2013-12-25T17:00:00Z 274.572000 1039.330000 91.000000 1.960000 358.006000 -1.000000 88.000000 270.691000 1039.980000 82.000000 1.310000 347.500000 -1.000000 68.000000 270.397000 1028.710000 73.000000 1.210000 338.506000 -1.000000 76.000000 272.716000 1040.140000 90.000000 1.410000 353.000000 -1.000000 76.000000 270.141000 1039.740000 75.000000 1.260000 236.500000 -1.000000 64.000000
2013-12-25T16:00:00Z 274.572000 1039.330000 91.000000 1.960000 358.006000 -1.000000 88.000000 270.691000 1039.980000 82.000000 1.310000 347.500000 -1.000000 68.000000 270.397000 1028.710000 73.000000 1.210000 338.506000 -1.000000 76.000000 272.716000 1040.140000 90.000000 1.410000 353.000000 -1.000000 76.000000 270.141000 1039.740000 75.000000 1.260000 236.500000 -1.000000 64.000000
2013-12-25T15:00:00Z 274.572000 1039.330000 91.000000 1.960000 358.006000 -1.000000 88.000000 270.691000 1039.980000 82.000000 1.310000 347.500000 -1.000000 68.000000 270.397000 1028.710000 73.000000 1.210000 338.506000 -1.000000 76.000000 272.716000 1040.140000 90.000000 1.410000 353.000000 -1.000000 76.000000 270.141000 1039.740000 75.000000 1.260000 236.500000 -1.000000 64.000000
2013-12-25T14:00:00Z 274.572000 1039.330000 91.000000 1.960000 358.006000 -1.000000 88.000000 270.691000 1039.980000 82.000000 1.310000 347.500000 -1.000000 68.000000 270.397000 1028.710000 73.000000 1.210000 338.506000 -1.000000 76.000000 272.716000 1040.140000 90.000000 1.410000 353.000000 -1.000000 76.000000 270.141000 1039.740000 75.000000 1.260000 236.500000 -1.000000 64.000000
2013-12-25T13:00:00Z 274.572000 1039.330000 91.000000 1.960000 358.006000 -1.000000 88.000000 270.691000 1039.980000 82.000000 1.310000 347.500000 -1.000000 68.000000 270.397000 1028.710000 73.000000 1.210000 338.506000 -1.000000 76.000000 272.716000 1040.140000 90.000000 1.410000 353.000000 -1.000000 76.000000 270.141000 1039.740000 75.000000 1.260000 236.500000 -1.000000 64.000000
2013-12-25T12:00:00Z 274.572000 1039.330000 91.000000 1.960000 358.006000 -1.000000 88.000000 270.691000 1039.980000 82.000000 1.310000 347.500000 -1.000000 68.000000 270.397000 1028.710000 73.000000 1.210000 338.506000 -1.000000 76.000000 272.716000 1040.140000 90.000000 1.410000 353.000000 -1.000000 76.000000 270.141000 1039.740000 75.000000 1.260000 236.500000 -1.000000 64.000000
2013-12-31T11:00:00Z 284.669000 1034.900000 52.000000 5.110000 257.500000 -1.000000 0.000000 282.944000 1033.120000 44.000000 6.810000 260.000000 -1.000000 0.000000 284.669000 1024.930000 37.000000 1.960000 225.000000 -1.000000 0.000000 283.669000 1033.690000 53.000000 5.860000 256.000000 -1.000000 0.000000 280.964000 1032.240000 48.000000 7.300000 264.000000 -1.000000 0.000000
2013-12-31T10:00:00Z 284.669000 1034.900000 52.000000 5.110000 257.500000 -1.000000 0.000000 282.944000 1033.120000 44.000000 6.810000 260.000000 -1.000000 0.000000 284.669000 1024.930000 37.000000 1.960000 225.000000 -1.000000 0.000000 283.669000 1033.690000 53.000000 5.860000 256.000000 -1.000000 0.000000 280.964000 1032.240000 48.000000 7.300000 264.000000 -1.000000 0.000000
2013-12-31T09:00:00Z 276.521000 1034.990000 89.000000 4.620000 259.000000 -1.000000 0.000000 272.071000 1033.450000 70.000000 5.120000 251.000000 -1.000000 0.000000 269.296000 1025.020000 50.000000 2.350000 223.500000 -1.000000 0.000000 274.237000 1034.670000 95.000000 5.080000 252.501000 -1.000000 0.000000 270.912000 1032.640000 83.000000 5.310000 250.501000 -1.000000 0.000000
2013-12-31T08:00:00Z 276.521000 1034.990000 89.000000 4.620000 259.000000 -1.000000 0.000000 273.137000 1034.260000 79.000000 5.210000 254.501000 -1.000000 0.000000 274.587000 1030.860000 66.000000 4.060000 247.001000 -1.000000 0.000000 272.921000 1033.450000 88.000000 4.650000 249.500000 -1.000000 0.000000 270.912000 1032.640000 83.000000 5.310000 250.501000 -1.000000 0.000000
2013-12-31T07:00:00Z 275.291000 1034.780000 88.000000 4.880000 260.002000 -1.000000 0.000000 270.191000 1033.400000 77.000000 4.730000 250.002000 -1.000000 0.000000 273.182000 1030.580000 73.000000 4.280000 252.000000 -1.000000 0.000000 273.282000 1034.550000 94.000000 5.030000 255.000000 -1.000000 0.000000 268.991000 1031.860000 77.000000 4.930000 248.502000 -1.000000 0.000000
2013-12-31T06:00:00Z 275.291000 1034.780000 88.000000 4.880000 260.002000 -1.000000 0.000000 270.191000 1033.400000 77.000000 4.730000 250.002000 -1.000000 0.000000 273.182000 1030.580000 73.000000 4.280000 252.000000 -1.000000 0.000000 273.282000 1034.550000 94.000000 5.030000 255.000000 -1.000000 0.000000 268.991000 1031.860000 77.000000 4.930000 248.502000 -1.000000 0.000000
2014-01-04T07:00:00Z 277.158000 1034.620000 100.000000 4.310000 327.506000 -1.000000 88.000000 273.853000 1033.450000 85.000000 2.420000 351.505000 -1.000000 80.000000 273.703000 1022.840000 75.000000 3.220000 290.005000 -1.000000 32.000000 272.783000 1034.700000 89.000000 1.660000 3.505740 -1.000000 80.000000 274.158000 1036.400000 88.000000 3.860000 29.505700 -1.000000 0.000000
2014-01-04T06:00:00Z 276.303000 1033.210000 97.000000 4.270000 308.005000 -1.000000 8.000000 273.853000 1033.450000 85.000000 2.420000 351.505000 -1.000000 80.000000 273.703000 1022.840000 75.000000 3.220000 290.005000 -1.000000 32.000000 270.528000 1032.970000 82.000000 2.820000 3.004700 -1.000000 0.000000 274.158000 1036.400000 88.000000 3.860000 29.505700 -1.000000 0.000000
2014-01-04T05:00:00Z 276.303000 1033.210000 97.000000 4.270000 308.005000 -1.000000 8.000000 273.853000 1033.450000 85.000000 2.420000 351.505000 -1.000000 80.000000 273.703000 1022.840000 75.000000 3.220000 290.005000 -1.000000 32.000000 270.528000 1032.970000 82.000000 2.820000 3.004700 -1.000000 0.000000 274.453000 1035.240000 89.000000 4.320000 27.504700 -1.000000 0.000000
2014-01-04T04:00:00Z 276.303000 1033.210000 97.000000 4.270000 308.005000 -1.000000 8.000000 273.853000 1033.450000 85.000000 2.420000 351.505000 -1.000000 80.000000 273.703000 1022.840000 75.000000 3.220000 290.005000 -1.000000 32.000000 270.528000 1032.970000 82.000000 2.820000 3.004700 -1.000000 0.000000 274.453000 1035.240000 89.000000 4.320000 27.504700 -1.000000 0.000000
2014-01-04T03:00:00Z 277.520000 1032.540000 97.000000 4.760000 287.500000 -1.000000 0.000000 271.570000 1032.790000 85.000000 2.110000 347.500000 -1.000000 12.000000 274.895000 1022.410000 71.000000 3.960000 292.000000 -1.000000 0.000000 271.945000 1032.140000 86.000000 1.410000 299.500000 -1.000000 0.000000 275.245000 1034.570000 88.000000 4.560000 28.500000 -1.000000 0.000000
2014-01-04T02:00:00Z 277.520000 1032.540000 97.000000 4.760000 287.500000 -1.000000 0.000000 271.570000 1032.790000 85.000000 2.110000 347.500000 -1.000000 12.000000 274.895000 1022.410000 71.000000 3.960000 292.000000 -1.000000 0.000000 271.945000 1032.140000 86.000000 1.410000 299.500000 -1.000000 0.000000 275.245000 1034.570000 88.000000 4.560000 28.500000 -1.000000 0.000000
2014-01-13T02:00:00Z 274.266000 1046.050000 100.000000 4.170000 23.003000 -1.000000 0.000000 273.966000 1046.370000 90.000000 3.970000 26.503000 -1.000000 24.000000 275.278000 1041.720000 98.000000 3.710000 45.500100 -1.000000 0.000000 274.478000 1046.590000 92.000000 4.110000 46.500100 -1.000000 44.000000 272.516000 1048.560000 78.000000 3.640000 34.003000 -1.000000 80.000000
2014-01-13T01:00:00Z 275.166000 1046.240000 100.000000 4.130000 31.500100 -1.000000 0.000000 275.398000 1046.920000 100.000000 4.750000 18.500900 -1.000000 32.000000 277.398000 1041.730000 90.000000 4.350000 67.500900 -1.000000 24.000000 275.848000 1046.600000 83.000000 4.300000 50.500900 -1.000000 36.000000 274.373000 1048.620000 78.000000 4.000000 37.000900 -1.000000 76.000000
2014-01-13T00:00:00Z 275.166000 1046.240000 100.000000 4.130000 31.500100 -1.000000 0.000000 275.398000 1046.920000 100.000000 4.750000 18.500900 -1.000000 32.000000 277.398000 1041.730000 90.000000 4.350000 67.500900 -1.000000 24.000000 275.848000 1046.600000 83.000000 4.300000 50.500900 -1.000000 36.000000 274.373000 1048.620000 78.000000 4.000000 37.000900 -1.000000 76.000000
2014-01-12T23:00:00Z 275.166000 1046.240000 100.000000 4.130000 31.500100 -1.000000 0.000000 275.398000 1046.920000 100.000000 4.750000 18.500900 -1.000000 32.000000 274.941000 1035.380000 86.000000 2.430000 58.500100 -1.000000 68.000000 275.848000 1046.600000 83.000000 4.300000 50.500900 -1.000000 36.000000 274.373000 1048.620000 78.000000 4.000000 37.000900 -1.000000 76.000000
2014-01-12T22:00:00Z 275.166000 1046.240000 100.000000 4.130000 31.500100 -1.000000 0.000000 275.398000 1046.920000 100.000000 4.750000 18.500900 -1.000000 32.000000 277.398000 1041.730000 90.000000 4.350000 67.500900 -1.000000 24.000000 275.891000 1045.590000 79.000000 4.380000 61.000100 -1.000000 64.000000 274.373000 1048.620000 78.000000 4.000000 37.000900 -1.000000 76.000000
2014-01-12T21:00:00Z 278.209000 1045.740000 82.000000 5.250000 52.500200 -1.000000 0.000000 276.490000 1044.700000 97.000000 3.560000 44.000100 0.000000 56.000000 274.359000 1034.560000 84.000000 1.300000 342.000000 -1.000000 64.000000 275.590000 1044.050000 87.000000 2.310000 335.500000 0.000000 76.000000 275.109000 1047.770000 76.000000 4.350000 34.500200 -1.000000 88.000000
2014-01-19T09:00:00Z 270.979000 1044.900000 96.000000 2.510000 128.000000 -1.000000 0.000000 271.300000 1045.190000 100.000000 1.610000 117.500000 -1.000000 0.000000 270.800000 1039.840000 97.000000 2.960000 129.500000 -1.000000 0.000000 269.700000 1043.810000 78.000000 3.710000 123.500000 -1.000000 0.000000 266.675000 1044.540000 67.000000 1.310000 141.500000 -1.000000 0.000000
2014-01-19T08:00:00Z 270.979000 1044.900000 96.000000 2.510000 128.000000 -1.000000 0.000000 271.300000 1045.190000 100.000000 1.610000 117.500000 -1.000000 0.000000 270.800000 1039.840000 97.000000 2.960000 129.500000 -1.000000 0.000000 269.700000 1043.810000 78.000000 3.710000 123.500000 -1.000000 0.000000 266.675000 1044.540000 67.000000 1.310000 141.500000 -1.000000 0.000000
2014-01-19T07:00:00Z 270.979000 1044.900000 96.000000 2.510000 128.000000 -1.000000 0.000000 271.300000 1045.190000 100.000000 1.610000 117.500000 -1.000000 0.000000 270.800000 1039.840000 97.000000 2.960000 129.500000 -1.000000 0.000000 269.700000 1043.810000 78.000000 3.710000 123.500000 -1.000000 0.000000 266.675000 1044.540000 67.000000 1.310000 141.500000 -1.000000 0.000000
2014-01-19T06:00:00Z 269.656000 1045.000000 99.000000 2.400000 98.502400 -1.000000 0.000000 269.799000 1045.290000 100.000000 1.400000 77.000500 -1.000000 0.000000 270.424000 1040.510000 100.000000 2.850000 123.501000 -1.000000 0.000000 267.224000 1044.640000 77.000000 2.100000 108.001000 -1.000000 0.000000 266.971000 1045.140000 70.000000 1.260000 158.005000 -1.000000 48.000000
2014-01-20T20:00:00Z 276.665000 1042.850000 68.000000 5.860000 330.502000 -1.000000 0.000000 275.388000 1043.220000 77.000000 6.700000 318.000000 -1.000000 0.000000 275.363000 1039.330000 67.000000 5.700000 321.500000 -1.000000 0.000000 273.513000 1043.630000 56.000000 4.900000 320.500000 -1.000000 0.000000 270.738000 1043.220000 49.000000 3.900000 314.000000 -1.000000 0.000000
2014-01-20T19:00:00Z 276.665000 1042.850000 68.000000 5.860000 330.502000 -1.000000 0.000000 275.388000 1043.220000 77.000000 6.700000 318.000000 -1.000000 0.000000 275.363000 1039.330000 67.000000 5.700000 321.500000 -1.000000 0.000000 273.513000 1043.630000 56.000000 4.900000 320.500000 -1.000000 0.000000 270.738000 1043.220000 49.000000 3.900000 314.000000 -1.000000 0.000000
2014-01-20T18:00:00Z 280.427000 1041.120000 52.000000 7.160000 322.506000 -1.000000 0.000000 278.489000 1041.060000 62.000000 7.960000 312.001000 -1.000000 0.000000 278.839000 1037.420000 58.000000 6.910000 314.501000 -1.000000 0.000000 277.714000 1041.710000 41.000000 6.610000 316.001000 -1.000000 0.000000 275.839000 1041.230000 38.000000 6.510000 317.001000 -1.000000 0.000000
2014-01-20T17:00:00Z 280.427000 1041.120000 52.000000 7.160000 322.506000 -1.000000 0.000000 278.489000 1041.060000 62.000000 7.960000 312.001000 -1.000000 0.000000 278.839000 1037.420000 58.000000 6.910000 314.501000 -1.000000 0.000000 277.714000 1041.710000 41.000000 6.610000 316.001000 -1.000000 0.000000 275.839000 1041.230000 38.000000 6.510000 317.001000 -1.000000 0.000000
2014-01-20T16:00:00Z 279.160000 1041.360000 57.000000 7.870000 315.502000 -1.000000 0.000000 281.110000 1039.840000 57.000000 7.710000 319.501000 -1.000000 0.000000 278.839000 1037.420000 58.000000 6.910000 314.501000 -1.000000 0.000000 282.635000 1040.130000 43.000000 6.370000 328.000000 -1.000000 0.000000 278.860000 1040.080000 42.000000 7.510000 313.001000 -1.000000 0.000000
2014-01-20T15:00:00Z 281.837000 1040.130000 56.000000 7.850000 318.502000 -1.000000 0.000000 281.110000 1039.840000 57.000000 7.710000 319.501000 -1.000000 0.000000 281.260000 1036.600000 60.000000 7.060000 317.001000 -1.000000 0.000000 282.635000 1040.130000 43.000000 6.370000 328.000000 -1.000000 0.000000 278.860000 1040.080000 42.000000 7.510000 313.001000 -1.000000 0.000000
2014-01-31T11:00:00Z 290.092000 1032.680000 70.000000 6.030000 137.501000 -1.000000 0.000000 290.117000 1033.090000 75.000000 6.280000 141.501000 -1.000000 0.000000 288.287000 1028.260000 87.000000 2.600000 125.000000 -1.000000 0.000000 289.237000 1032.230000 81.000000 5.800000 141.000000 -1.000000 0.000000 284.562000 1033.850000 91.000000 6.700000 142.000000 -1.000000 32.000000
2014-01-31T10:00:00Z 290.092000 1032.680000 70.000000 6.030000 137.501000 -1.000000 0.000000 290.117000 1033.090000 75.000000 6.280000 141.501000 -1.000000 0.000000 288.287000 1028.260000 87.000000 2.600000 125.000000 -1.000000 0.000000 289.237000 1032.230000 81.000000 5.800000 141.000000 -1.000000 0.000000 284.562000 1033.850000 91.000000 6.700000 142.000000 -1.000000 32.000000
2014-01-31T09:00:00Z 283.243000 1033.770000 94.000000 6.160000 124.000000 -1.000000 0.000000 282.048000 1034.860000 94.000000 6.180000 125.000000 -1.000000 0.000000 288.287000 1028.260000 87.000000 2.600000 125.000000 -1.000000 0.000000 281.823000 1032.670000 95.000000 5.850000 129.500000 -1.000000 12.000000 279.823000 1034.620000 99.000000 5.930000 132.000000 -1.000000 88.000000
2014-01-31T08:00:00Z 283.243000 1033.770000 94.000000 6.160000 124.000000 -1.000000 0.000000 282.048000 1034.860000 94.000000 6.180000 125.000000 -1.000000 0.000000 280.723000 1028.860000 94.000000 3.450000 113.500000 -1.000000 12.000000 281.823000 1032.670000 95.000000 5.850000 129.500000 -1.000000 12.000000 279.823000 1034.620000 99.000000 5.930000 132.000000 -1.000000 88.000000
2014-01-31T07:00:00Z 283.243000 1033.770000 94.000000 6.160000 124.000000 -1.000000 0.000000 282.048000 1034.860000 94.000000 6.180000 125.000000 -1.000000 0.000000 280.723000 1028.860000 94.000000 3.450000 113.500000 -1.000000 12.000000 281.823000 1032.670000 95.000000 5.850000 129.500000 -1.000000 12.000000 279.823000 1034.620000 99.000000 5.930000 132.000000 -1.000000 88.000000
2014-01-31T06:00:00Z 283.243000 1033.770000 94.000000 6.160000 124.000000 -1.000000 0.000000 282.048000 1034.860000 94.000000 6.180000 125.000000 -1.000000 0.000000 274.992000 1022.420000 87.000000 1.160000 86.000700 -1.000000 0.000000 281.823000 1032.670000 95.000000 5.850000 129.500000 -1.000000 12.000000 279.823000 1034.620000 99.000000 5.930000 132.000000 -1.000000 88.000000
2014-02-02T17:00:00Z 292.752000 1021.520000 60.000000 1.470000 151.501000 -1.000000 0.000000 290.232000 1022.840000 72.000000 0.650000 102.500000 -1.000000 56.000000 292.132000 1017.650000 81.000000 1.050000 46.000100 -1.000000 20.000000 287.354000 1021.530000 85.000000 2.000000 120.002000 -1.000000 0.000000 289.982000 1023.650000 75.000000 3.250000 351.500000 0.000000 56.000000
2014-02-02T16:00:00Z 292.752000 1021.520000 60.000000 1.470000 151.501000 -1.000000 0.000000 290.232000 1022.840000 72.000000 0.650000 102.500000 -1.000000 56.000000 292.779000 1018.330000 85.000000 1.650000 113.000000 -1.000000 0.000000 292.754000 1022.220000 91.000000 2.250000 161.000000 -1.000000 12.000000 289.982000 1023.650000 75.000000 3.250000 351.500000 0.000000 56.000000
2014-02-02T15:00:00Z 292.890000 1022.420000 73.000000 1.830000 177.501000 -1.000000 0.000000 290.029000 1023.110000 78.000000 1.700000 158.500000 -1.000000 56.000000 292.779000 1018.330000 85.000000 1.650000 113.000000 -1.000000 0.000000 292.754000 1022.220000 91.000000 2.250000 161.000000 -1.000000 12.000000 291.854000 1023.030000 84.000000 2.630000 259.500000 0.000000 20.000000
2014-02-02T14:00:00Z 292.890000 1022.420000 73.000000 1.830000 177.501000 -1.000000 0.000000 290.029000 1023.110000 78.000000 1.700000 158.500000 -1.000000 56.000000 292.779000 1018.330000 85.000000 1.650000 113.000000 -1.000000 0.000000 293.065000 1021.290000 92.000000 2.030000 151.001000 -1.000000 44.000000 291.854000 1023.030000 84.000000 2.630000 259.500000 0.000000 20.000000
2014-02-02T13:00:00Z 292.890000 1022.420000 73.000000 1.830000 177.501000 -1.000000 0.000000 290.029000 1023.110000 78.000000 1.700000 158.500000 -1.000000 56.000000 292.779000 1018.330000 85.000000 1.650000 113.000000 -1.000000 0.000000 293.065000 1021.290000 92.000000 2.030000 151.001000 -1.000000 44.000000 291.854000 1023.030000 84.000000 2.630000 259.500000 0.000000 20.000000
2014-02-02T12:00:00Z 287.926000 1025.620000 90.000000 1.700000 119.001000 -1.000000 20.000000 286.178000 1026.060000 90.000000 1.900000 114.500000 -1.000000 68.000000 288.728000 1021.270000 96.000000 1.750000 106.500000 -1.000000 20.000000 288.653000 1025.170000 100.000000 2.050000 140.000000 -1.000000 68.000000 288.728000 1025.410000 97.000000 2.000000 211.000000 0.000000 8.000000
2014-03-10T23:00:00Z 279.509000 1040.840000 90.000000 6.210000 133.006000 -1.000000 0.000000 278.759000 1040.840000 77.000000 5.360000 143.506000 -1.000000 0.000000 278.159000 1029.330000 75.000000 3.360000 130.006000 -1.000000 0.000000 279.209000 1038.570000 67.000000 5.410000 137.506000 -1.000000 0.000000 278.809000 1040.110000 82.000000 4.860000 144.506000 -1.000000 0.000000
2014-03-10T22:00:00Z 281.210000 1040.260000 72.000000 5.810000 133.003000 -1.000000 0.000000 278.759000 1040.840000 77.000000 5.360000 143.506000 -1.000000 0.000000 278.159000 1029.330000 75.000000 3.360000 130.006000 -1.000000 0.000000 279.209000 1038.570000 67.000000 5.410000 137.506000 -1.000000 0.000000 278.809000 1040.110000 82.000000 4.860000 144.506000 -1.000000 0.000000
2014-03-10T21:00:00Z 281.210000 1040.260000 72.000000 5.810000 133.003000 -1.000000 0.000000 281.210000 1039.780000 62.000000 4.660000 140.503000 -1.000000 0.000000 281.260000 1029.160000 64.000000 4.110000 103.003000 -1.000000 32.000000 280.860000 1037.990000 61.000000 4.310000 133.503000 -1.000000 0.000000 278.809000 1040.110000 82.000000 4.860000 144.506000 -1.000000 0.000000
2014-03-10T20:00:00Z 281.210000 1040.260000 72.000000 5.810000 133.003000 -1.000000 0.000000 281.210000 1039.780000 62.000000 4.660000 140.503000 -1.000000 0.000000 281.260000 1029.160000 64.000000 4.110000 103.003000 -1.000000 32.000000 280.860000 1037.990000 61.000000 4.310000 133.503000 -1.000000 0.000000 281.210000 1039.370000 69.000000 4.960000 135.003000 -1.000000 0.000000
2014-03-10T19:00:00Z 281.210000 1040.260000 72.000000 5.810000 133.003000 -1.000000 0.000000 287.561000 1039.180000 53.000000 2.630000 139.500000 -1.000000 0.000000 281.260000 1029.160000 64.000000 4.110000 103.003000 -1.000000 32.000000 280.860000 1037.990000 61.000000 4.310000 133.503000 -1.000000 0.000000 281.210000 1039.370000 69.000000 4.960000 135.003000 -1.000000 0.000000
2014-03-10T18:00:00Z 286.311000 1039.420000 60.000000 3.480000 143.000000 -1.000000 0.000000 287.561000 1039.180000 53.000000 2.630000 139.500000 -1.000000 0.000000 281.260000 1029.160000 64.000000 4.110000 103.003000 -1.000000 32.000000 280.860000 1037.990000 61.000000 4.310000 133.503000 -1.000000 0.000000 287.611000 1038.940000 57.000000 2.730000 152.500000 -1.000000 0.000000
2014-03-18T00:00:00Z 285.894000 1028.240000 81.000000 1.210000 217.002000 -1.000000 8.000000 285.644000 1027.750000 82.000000 1.410000 237.002000 -1.000000 0.000000 283.729000 1018.040000 82.000000 1.260000 226.002000 -1.000000 12.000000 285.794000 1026.700000 79.000000 2.410000 221.502000 -1.000000 0.000000 284.344000 1026.860000 81.000000 1.960000 212.002000 -1.000000 0.000000
2014-03-17T23:00:00Z 285.894000 1028.240000 81.000000 1.210000 217.002000 -1.000000 8.000000 285.644000 1027.750000 82.000000 1.410000 237.002000 -1.000000 0.000000 285.444000 1018.350000 84.000000 1.610000 222.502000 -1.000000 12.000000 285.794000 1026.700000 79.000000 2.410000 221.502000 -1.000000 0.000000 284.344000 1026.860000 81.000000 1.960000 212.002000 -1.000000 0.000000
2014-03-17T22:00:00Z 285.894000 1028.240000 81.000000 1.210000 217.002000 -1.000000 8.000000 285.644000 1027.750000 82.000000 1.410000 237.002000 -1.000000 0.000000 285.444000 1018.350000 84.000000 1.610000 222.502000 -1.000000 12.000000 285.794000 1026.700000 79.000000 2.410000 221.502000 -1.000000 0.000000 288.213000 1025.980000 70.000000 2.910000 227.000000 -1.000000 0.000000
2014-03-17T21:00:00Z 285.894000 1028.240000 81.000000 1.210000 217.002000 -1.000000 8.000000 289.813000 1026.950000 75.000000 2.760000 239.500000 -1.000000 0.000000 288.463000 1017.220000 82.000000 1.510000 219.000000 -1.000000 0.000000 285.794000 1026.700000 79.000000 2.410000 221.502000 -1.000000 0.000000 288.213000 1025.980000 70.000000 2.910000 227.000000 -1.000000 0.000000
2014-03-19T06:00:00Z 284.393000 1026.980000 100.000000 5.310000 62.500500 5.000000 100.000000 282.348000 1027.610000 98.000000 4.420000 73.002900 1.500000 92.000000 285.398000 1015.690000 94.000000 2.170000 78.002900 1.000000 92.000000 282.298000 1026.150000 100.000000 5.070000 60.002900 6.000000 92.000000 281.543000 1030.140000 82.000000 4.630000 73.500500 -1.000000 88.000000
2014-03-19T05:00:00Z 284.148000 1026.070000 98.000000 5.970000 76.502900 2.500000 92.000000 282.348000 1027.610000 98.000000 4.420000 73.002900 1.500000 92.000000 285.398000 1015.690000 94.000000 2.170000 78.002900 1.000000 92.000000 282.298000 1026.150000 100.000000 5.070000 60.002900 6.000000 92.000000 280.448000 1031.090000 84.000000 3.720000 40.502900 -1.000000 92.000000
2014-03-19T04:00:00Z 284.385000 1028.090000 88.000000 4.970000 69.503500 0.500000 92.000000 282.585000 1028.740000 79.000000 4.820000 80.503500 -1.000000 68.000000 286.935000 1016.660000 78.000000 2.820000 70.503500 -1.000000 64.000000 283.485000 1026.960000 82.000000 5.570000 88.003500 0.500000 92.000000 280.285000 1030.530000 80.000000 4.520000 66.003500 -1.000000 64.000000
2014-03-19T03:00:00Z 284.385000 1028.090000 88.000000 4.970000 69.503500 0.500000 92.000000 282.585000 1028.740000 79.000000 4.820000 80.503500 -1.000000 68.000000 286.935000 1016.660000 78.000000 2.820000 70.503500 -1.000000 64.000000 283.485000 1026.960000 82.000000 5.570000 88.003500 0.500000 92.000000 280.285000 1030.530000 80.000000 4.520000 66.003500 -1.000000 64.000000
2014-03-19T02:00:00Z 284.385000 1028.090000 88.000000 4.970000 69.503500 0.500000 92.000000 282.585000 1028.740000 79.000000 4.820000 80.503500 -1.000000 68.000000 286.935000 1016.660000 78.000000 2.820000 70.503500 -1.000000 64.000000 283.485000 1026.960000 82.000000 5.570000 88.003500 0.500000 92.000000 280.285000 1030.530000 80.000000 4.520000 66.003500 -1.000000 64.000000
2014-03-19T01:00:00Z 284.385000 1028.090000 88.000000 4.970000 69.503500 0.500000 92.000000 282.585000 1028.740000 79.000000 4.820000 80.503500 -1.000000 68.000000 286.935000 1016.660000 78.000000 2.820000 70.503500 -1.000000 64.000000 283.485000 1026.960000 82.000000 5.570000 88.003500 0.500000 92.000000 280.285000 1030.530000 80.000000 4.520000 66.003500 -1.000000 64.000000
2014-04-18T04:00:00Z 287.045000 1026.660000 99.000000 3.220000 37.500900 0.000000 20.000000 284.845000 1026.660000 96.000000 2.520000 14.500900 0.000000 0.000000 290.880000 1014.000000 95.000000 1.820000 341.001000 0.000000 76.000000 287.950000 1024.160000 93.000000 1.230000 34.503300 0.000000 92.000000 284.445000 1027.950000 96.000000 3.220000 25.500900 -1.000000 88.000000
2014-04-18T03:00:00Z 288.432000 1025.810000 96.000000 3.950000 19.508200 0.000000 0.000000 289.979000 1023.070000 97.000000 3.110000 7.000000 0.000000 8.000000 290.532000 1015.680000 95.000000 0.950000 33.008200 0.000000 80.000000 287.994000 1023.640000 92.000000 1.260000 35.000200 0.000000 24.000000 285.229000 1023.800000 94.000000 4.010000 354.000000 0.000000 0.000000
2014-04-18T02:00:00Z 288.432000 1025.810000 96.000000 3.950000 19.508200 0.000000 0.000000 289.979000 1023.070000 97.000000 3.110000 7.000000 0.000000 8.000000 290.532000 1015.680000 95.000000 0.950000 33.008200 0.000000 80.000000 287.994000 1023.640000 92.000000 1.260000 35.000200 0.000000 24.000000 285.229000 1023.800000 94.000000 4.010000 354.000000 0.000000 0.000000
2014-04-18T01:00:00Z 289.544000 1024.690000 99.000000 1.260000 94.500200 0.000000 76.000000 287.044000 1024.930000 95.000000 1.460000 48.500200 0.000000 8.000000 290.532000 1015.680000 95.000000 0.950000 33.008200 0.000000 80.000000 287.994000 1023.640000 92.000000 1.260000 35.000200 0.000000 24.000000 285.229000 1023.800000 94.000000 4.010000 354.000000 0.000000 0.000000
2014-04-18T00:00:00Z 292.354000 1022.090000 94.000000 2.900000 266.000000 0.000000 20.000000 289.548000 1025.490000 90.000000 3.410000 0.001160 0.000000 8.000000 290.786000 1014.760000 98.000000 1.220000 94.500200 0.000000 76.000000 289.186000 1024.000000 93.000000 1.420000 87.500200 0.000000 36.000000 285.836000 1026.270000 91.000000 2.820000 31.500200 -1.000000 32.000000
2014-04-17T23:00:00Z 292.354000 1022.090000 94.000000 2.900000 266.000000 0.000000 20.000000 289.486000 1025.140000 97.000000 1.770000 112.500000 0.000000 12.000000 290.786000 1014.760000 98.000000 1.220000 94.500200 0.000000 76.000000 289.698000 1024.680000 86.000000 2.680000 8.501160 0.000000 20.000000 286.254000 1022.570000 95.000000 1.950000 336.000000 0.000000 0.000000
2014-05-14T18:00:00Z 298.268000 1010.530000 77.000000 1.470000 225.001000 1.000000 92.000000 295.668000 1011.100000 99.000000 2.070000 351.501000 3.000000 92.000000 295.718000 1000.730000 100.000000 2.520000 196.001000 5.000000 92.000000 294.418000 1010.860000 100.000000 2.420000 324.001000 15.000000 92.000000 289.668000 1015.150000 97.000000 7.620000 17.500900 0.500000 100.000000
2014-05-14T17:00:00Z 299.376000 1012.780000 67.000000 5.110000 290.501000 -1.000000 68.000000 295.668000 1011.100000 99.000000 2.070000 351.501000 3.000000 92.000000 295.718000 1000.730000 100.000000 2.520000 196.001000 5.000000 92.000000 294.418000 1010.860000 100.000000 2.420000 324.001000 15.000000 92.000000 289.668000 1015.150000 97.000000 7.620000 17.500900 0.500000 100.000000
2014-05-14T16:00:00Z 299.376000 1012.780000 67.000000 5.110000 290.501000 -1.000000 68.000000 298.944000 1013.040000 64.000000 3.160000 323.501000 0.000000 92.000000 295.718000 1000.730000 100.000000 2.520000 196.001000 5.000000 92.000000 294.418000 1010.860000 100.000000 2.420000 324.001000 15.000000 92.000000 289.668000 1015.150000 97.000000 7.620000 17.500900 0.500000 100.000000
2014-05-14T15:00:00Z 300.188000 1012.870000 73.000000 4.320000 289.004000 -1.000000 12.000000 298.944000 1013.040000 64.000000 3.160000 323.501000 0.000000 92.000000 301.537000 1001.520000 73.000000 2.120000 149.010000 0.000000 92.000000 296.087000 1011.160000 100.000000 1.720000 255.010000 3.500000 92.000000 297.987000 1013.760000 67.000000 4.720000 347.510000 0.000000 92.000000
2014-05-14T14:00:00Z 300.387000 1011.650000 74.000000 1.920000 175.010000 0.000000 80.000000 301.537000 1011.650000 70.000000 1.820000 191.510000 0.000000 88.000000 301.537000 1001.520000 73.000000 2.120000 149.010000 0.000000 92.000000 296.087000 1011.160000 100.000000 1.720000 255.010000 3.500000 92.000000 297.987000 1013.760000 67.000000 4.720000 347.510000 0.000000 92.000000
2014-05-14T13:00:00Z 298.285000 1014.410000 71.000000 2.510000 162.500000 0.000000 0.000000 299.734000 1013.330000 70.000000 2.600000 323.000000 0.000000 68.000000 300.285000 1004.280000 75.000000 1.860000 155.500000 0.000000 24.000000 296.087000 1011.160000 100.000000 1.720000 255.010000 3.500000 92.000000 296.685000 1014.970000 73.000000 2.060000 158.500000 0.000000 88.000000
2014-05-22T04:00:00Z 295.112000 1020.760000 63.000000 7.510000 163.500000 -1.000000 92.000000 291.212000 1021.240000 82.000000 3.160000 114.500000 -1.000000 88.000000 292.153000 1010.630000 79.000000 2.560000 164.000000 -1.000000 92.000000 290.412000 1020.110000 83.000000 1.760000 70.000400 -1.000000 8.000000 289.653000 1021.890000 85.000000 1.610000 144.000000 -1.000000 8.000000
2014-05-22T03:00:00Z 293.734000 1021.170000 78.000000 4.750000 119.508000 -1.000000 92.000000 292.434000 1021.420000 75.000000 3.900000 126.008000 -1.000000 92.000000 291.934000 1010.640000 83.000000 1.650000 121.008000 -1.000000 92.000000 293.434000 1019.630000 72.000000 3.700000 117.008000 -1.000000 92.000000 291.734000 1021.820000 85.000000 1.350000 149.508000 -1.000000 44.000000
2014-05-22T02:00:00Z 293.734000 1021.170000 78.000000 4.750000 119.508000 -1.000000 92.000000 292.434000 1021.420000 75.000000 3.900000 126.008000 -1.000000 92.000000 291.934000 1010.640000 83.000000 1.650000 121.008000 -1.000000 92.000000 293.434000 1019.630000 72.000000 3.700000 117.008000 -1.000000 92.000000 291.734000 1021.820000 85.000000 1.350000 149.508000 -1.000000 44.000000
2014-05-22T01:00:00Z 293.734000 1021.170000 78.000000 4.750000 119.508000 -1.000000 92.000000 292.434000 1021.420000 75.000000 3.900000 126.008000 -1.000000 92.000000 291.934000 1010.640000 83.000000 1.650000 121.008000 -1.000000 92.000000 293.434000 1019.630000 72.000000 3.700000 117.008000 -1.000000 92.000000 291.734000 1021.820000 85.000000 1.350000 149.508000 -1.000000 44.000000
2014-05-22T00:00:00Z 294.630000 1021.880000 74.000000 5.250000 120.504000 -1.000000 88.000000 293.480000 1021.960000 67.000000 4.250000 133.004000 -1.000000 80.000000 293.130000 1011.100000 77.000000 2.300000 99.503800 -1.000000 92.000000 294.630000 1020.100000 65.000000 4.250000 126.504000 -1.000000 88.000000 294.130000 1021.880000 77.000000 2.050000 147.504000 -1.000000 56.000000
2014-05-21T23:00:00Z 294.630000 1021.880000 74.000000 5.250000 120.504000 -1.000000 88.000000 293.480000 1021.960000 67.000000 4.250000 133.004000 -1.000000 80.000000 293.130000 1011.100000 77.000000 2.300000 99.503800 -1.000000 92.000000 294.630000 1020.100000 65.000000 4.250000 126.504000 -1.000000 88.000000 294.130000 1021.880000 77.000000 2.050000 147.504000 -1.000000 56.000000
2014-05-25T19:00:00Z 296.579000 1020.200000 96.000000 3.460000 267.502000 0.500000 68.000000 296.199000 1017.870000 99.000000 1.400000 319.000000 0.000000 92.000000 296.999000 1008.470000 97.000000 1.500000 278.000000 0.000000 76.000000 296.999000 1017.470000 96.000000 2.050000 298.000000 0.000000 68.000000 297.829000 1019.550000 83.000000 3.260000 284.002000 0.000000 92.000000
2014-05-25T18:00:00Z 297.478000 1016.660000 98.000000 2.760000 221.001000 0.000000 92.000000 296.628000 1016.910000 100.000000 2.060000 358.001000 4.000000 92.000000 297.528000 1007.180000 99.000000 2.060000 241.001000 3.000000 88.000000 297.278000 1016.180000 100.000000 2.110000 348.001000 0.000000 92.000000 301.121000 1018.430000 75.000000 2.870000 325.501000 0.000000 0.000000
2014-05-25T17:00:00Z 297.478000 1016.660000 98.000000 2.760000 221.001000 0.000000 92.000000 296.628000 1016.910000 100.000000 2.060000 358.001000 4.000000 92.000000 297.528000 1007.180000 99.000000 2.060000 241.001000 3.000000 88.000000 297.278000 1016.180000 100.000000 2.110000 348.001000 0.000000 92.000000 301.121000 1018.430000 75.000000 2.870000 325.501000 0.000000 0.000000
2014-05-25T16:00:00Z 297.478000 1016.660000 98.000000 2.760000 221.001000 0.000000 92.000000 299.271000 1018.750000 89.000000 3.220000 269.501000 2.000000 24.000000 297.528000 1007.180000 99.000000 2.060000 241.001000 3.000000 88.000000 301.171000 1018.100000 78.000000 3.470000 297.001000 0.500000 36.000000 301.121000 1018.430000 75.000000 2.870000 325.501000 0.000000 0.000000
2014-05-25T15:00:00Z 300.734000 1019.420000 86.000000 4.210000 258.501000 0.000000 0.000000 302.184000 1018.690000 84.000000 3.760000 274.501000 0.000000 80.000000 297.631000 1007.990000 100.000000 3.260000 214.501000 4.000000 92.000000 300.334000 1018.850000 86.000000 3.560000 293.501000 0.000000 76.000000 299.731000 1017.720000 88.000000 3.910000 346.501000 0.000000 68.000000
2014-05-25T14:00:00Z 297.681000 1017.640000 99.000000 1.410000 304.501000 3.000000 92.000000 296.431000 1017.880000 100.000000 1.710000 313.501000 15.000000 92.000000 297.631000 1007.990000 100.000000 3.260000 214.501000 4.000000 92.000000 296.831000 1016.830000 100.000000 0.810000 155.001000 6.000000 92.000000 300.484000 1019.100000 78.000000 4.360000 326.001000 0.000000 92.000000
2014-05-27T11:00:00Z 301.705000 1018.970000 63.000000 4.600000 239.000000 -1.000000 0.000000 301.406000 1019.110000 55.000000 7.130000 236.500000 -1.000000 0.000000 297.506000 1011.250000 89.000000 2.880000 201.000000 0.000000 0.000000 301.456000 1018.050000 57.000000 7.430000 244.500000 -1.000000 0.000000 301.506000 1015.780000 53.000000 7.730000 250.500000 -1.000000 0.000000
2014-05-27T10:00:00Z 301.705000 1018.970000 63.000000 4.600000 239.000000 -1.000000 0.000000 303.055000 1017.920000 52.000000 6.350000 243.500000 -1.000000 0.000000 297.506000 1011.250000 89.000000 2.880000 201.000000 0.000000 0.000000 302.855000 1017.190000 52.000000 6.250000 246.000000 -1.000000 0.000000 301.755000 1015.250000 54.000000 7.500000 244.500000 -1.000000 0.000000
2014-05-27T09:00:00Z 299.111000 1020.230000 74.000000 2.910000 232.002000 -1.000000 0.000000 297.510000 1020.170000 69.000000 5.560000 236.506000 -1.000000 0.000000 292.560000 1012.140000 91.000000 2.660000 199.506000 0.000000 100.000000 296.610000 1019.040000 73.000000 5.160000 230.506000 -1.000000 0.000000 295.760000 1017.250000 64.000000 6.060000 241.006000 -1.000000 0.000000
2014-05-27T08:00:00Z 295.660000 1021.310000 79.000000 6.010000 210.006000 -1.000000 64.000000 297.510000 1020.170000 69.000000 5.560000 236.506000 -1.000000 0.000000 292.560000 1012.140000 91.000000 2.660000 199.506000 0.000000 100.000000 296.610000 1019.040000 73.000000 5.160000 230.506000 -1.000000 0.000000 295.760000 1017.250000 64.000000 6.060000 241.006000 -1.000000 0.000000
2014-05-27T07:00:00Z 295.660000 1021.310000 79.000000 6.010000 210.006000 -1.000000 64.000000 298.361000 1019.420000 67.000000 3.760000 247.002000 -1.000000 0.000000 292.560000 1012.140000 91.000000 2.660000 199.506000 0.000000 100.000000 297.711000 1018.450000 67.000000 3.460000 243.502000 -1.000000 0.000000 295.760000 1017.250000 64.000000 6.060000 241.006000 -1.000000 0.000000
2014-05-27T06:00:00Z 293.130000 1019.690000 83.000000 2.570000 221.501000 -1.000000 0.000000 292.180000 1019.210000 80.000000 3.770000 243.001000 -1.000000 0.000000 292.441000 1011.940000 88.000000 2.570000 212.502000 0.000000 100.000000 291.341000 1019.000000 76.000000 4.220000 247.502000 -1.000000 0.000000 289.191000 1017.620000 72.000000 4.770000 239.002000 -1.000000 0.000000
2014-06-28T20:00:00Z 298.958000 1017.730000 85.000000 0.760000 104.000000 0.000000 92.000000 298.808000 1017.810000 75.000000 3.310000 50.000000 0.000000 48.000000 297.708000 1008.000000 90.000000 1.310000 77.500000 0.000000 68.000000 299.320000 1017.610000 78.000000 1.060000 40.501400 -1.000000 92.000000 295.358000 1019.030000 74.000000 2.710000 64.000000 0.000000 44.000000
2014-06-28T19:00:00Z 297.270000 1019.150000 93.000000 2.110000 134.501000 -1.000000 88.000000 297.070000 1019.150000 94.000000 2.110000 82.501400 0.500000 100.000000 297.708000 1008.000000 90.000000 1.310000 77.500000 0.000000 68.000000 298.158000 1016.840000 72.000000 1.760000 15.500000 0.000000 48.000000 296.270000 1019.310000 59.000000 2.710000 120.001000 0.000000 12.000000
2014-06-28T18:00:00Z 300.843000 1016.260000 81.000000 1.710000 2.001560 0.000000 88.000000 300.613000 1017.720000 77.000000 1.660000 73.500900 -1.000000 92.000000 297.863000 1008.400000 86.000000 1.860000 186.001000 -1.000000 100.000000 301.993000 1015.450000 66.000000 2.510000 19.001600 0.000000 64.000000 302.163000 1018.120000 54.000000 2.510000 76.500900 0.000000 36.000000
2014-06-28T17:00:00Z 299.463000 1018.120000 84.000000 1.210000 229.001000 -1.000000 100.000000 301.743000 1016.260000 70.000000 2.260000 13.001600 0.000000 92.000000 297.863000 1008.400000 86.000000 1.860000 186.001000 -1.000000 100.000000 301.413000 1016.500000 74.000000 1.060000 6.000950 -1.000000 92.000000 300.693000 1017.230000 65.000000 3.560000 34.001600 0.000000 0.000000
2014-06-28T16:00:00Z 300.162000 1018.380000 83.000000 1.860000 185.003000 -1.000000 92.000000 300.912000 1018.380000 80.000000 1.510000 112.503000 -1.000000 92.000000 300.785000 1007.730000 87.000000 1.870000 60.500200 0.000000 56.000000 301.512000 1017.240000 78.000000 1.210000 123.003000 -1.000000 88.000000 300.693000 1017.230000 65.000000 3.560000 34.001600 0.000000 0.000000
2014-06-28T15:00:00Z 300.162000 1018.380000 83.000000 1.860000 185.003000 -1.000000 92.000000 300.912000 1018.380000 80.000000 1.510000 112.503000 -1.000000 92.000000 300.785000 1007.730000 87.000000 1.870000 60.500200 0.000000 56.000000 301.512000 1017.240000 78.000000 1.210000 123.003000 -1.000000 88.000000 300.693000 1017.230000 65.000000 3.560000 34.001600 0.000000 0.000000
2014-06-29T18:00:00Z 300.718000 1018.860000 77.000000 2.460000 151.501000 -1.000000 92.000000 300.868000 1018.860000 73.000000 1.710000 155.501000 -1.000000 92.000000 299.618000 1008.980000 80.000000 2.210000 113.001000 -1.000000 64.000000 296.802000 1018.430000 78.000000 1.960000 101.501000 -1.000000 56.000000 303.118000 1018.460000 60.000000 2.310000 312.501000 -1.000000 80.000000
2014-06-29T17:00:00Z 300.718000 1018.860000 77.000000 2.460000 151.501000 -1.000000 92.000000 300.868000 1018.860000 73.000000 1.710000 155.501000 -1.000000 92.000000 299.618000 1008.980000 80.000000 2.210000 113.001000 -1.000000 64.000000 300.718000 1017.730000 72.000000 1.760000 107.001000 -1.000000 80.000000 303.118000 1018.460000 60.000000 2.310000 312.501000 -1.000000 80.000000
2014-06-29T16:00:00Z 300.718000 1018.860000 77.000000 2.460000 151.501000 -1.000000 92.000000 300.868000 1018.860000 73.000000 1.710000 155.501000 -1.000000 92.000000 299.618000 1008.980000 80.000000 2.210000 113.001000 -1.000000 64.000000 300.718000 1017.730000 72.000000 1.760000 107.001000 -1.000000 80.000000 303.118000 1018.460000 60.000000 2.310000 312.501000 -1.000000 80.000000
2014-06-29T15:00:00Z 300.218000 1019.100000 82.000000 2.110000 119.002000 1.000000 92.000000 302.068000 1018.930000 76.000000 2.060000 136.002000 0.000000 80.000000 299.553000 1009.470000 85.000000 1.920000 112.001000 -1.000000 44.000000 302.168000 1017.720000 69.000000 2.510000 109.502000 -1.000000 92.000000 305.918000 1018.370000 58.000000 2.310000 337.002000 -1.000000 36.000000
2014-06-29T14:00:00Z 300.218000 1019.100000 82.000000 2.110000 119.002000 1.000000 92.000000 302.068000 1018.930000 76.000000 2.060000 136.002000 0.000000 80.000000 300.718000 1008.800000 82.000000 2.760000 141.002000 -1.000000 64.000000 302.168000 1017.720000 69.000000 2.510000 109.502000 -1.000000 92.000000 305.918000 1018.370000 58.000000 2.310000 337.002000 -1.000000 36.000000
2014-06-29T13:00:00Z 300.218000 1019.100000 82.000000 2.110000 119.002000 1.000000 92.000000 302.068000 1018.930000 76.000000 2.060000 136.002000 0.000000 80.000000 300.718000 1008.800000 82.000000 2.760000 141.002000 -1.000000 64.000000 301.453000 1018.140000 68.000000 2.020000 88.000900 -1.000000 92.000000 302.143000 1019.960000 67.000000 2.860000 256.003000 -1.000000 80.000000
2014-07-11T13:00:00Z 303.081000 1016.070000 89.000000 1.360000 267.001000 -1.000000 68.000000 299.707000 1015.600000 100.000000 2.560000 22.501400 2.500000 92.000000 304.070000 1002.960000 88.000000 1.110000 41.500200 1.000000 36.000000 304.779000 1013.180000 70.000000 3.100000 139.003000 0.000000 12.000000 300.380000 1016.720000 78.000000 3.760000 200.001000 -1.000000 92.000000
2014-07-11T12:00:00Z 303.081000 1016.070000 89.000000 1.360000 267.001000 -1.000000 68.000000 298.130000 1016.550000 100.000000 2.060000 17.000500 5.500000 92.000000 303.280000 1006.420000 92.000000 1.860000 301.001000 2.000000 24.000000 304.779000 1013.180000 70.000000 3.100000 139.003000 0.000000 12.000000 300.380000 1016.720000 78.000000 3.760000 200.001000 -1.000000 92.000000
2014-07-11T11:00:00Z 303.081000 1016.070000 89.000000 1.360000 267.001000 -1.000000 68.000000 298.130000 1016.550000 100.000000 2.060000 17.000500 5.500000 92.000000 303.929000 1004.510000 88.000000 1.850000 115.503000 0.000000 0.000000 301.480000 1015.420000 100.000000 2.560000 15.000500 1.500000 80.000000 302.029000 1015.610000 68.000000 2.100000 70.003000 -1.000000 80.000000
2014-07-11T10:00:00Z 303.081000 1016.070000 89.000000 1.360000 267.001000 -1.000000 68.000000 298.130000 1016.550000 100.000000 2.060000 17.000500 5.500000 92.000000 303.280000 1006.420000 92.000000 1.860000 301.001000 2.000000 24.000000 304.779000 1013.180000 70.000000 3.100000 139.003000 0.000000 12.000000 300.380000 1016.720000 78.000000 3.760000 200.001000 -1.000000 92.000000
2014-07-11T09:00:00Z 298.756000 1015.180000 82.000000 3.020000 105.000000 -1.000000 76.000000 298.130000 1016.550000 100.000000 2.060000 17.000500 5.500000 92.000000 303.280000 1006.420000 92.000000 1.860000 301.001000 2.000000 24.000000 304.779000 1013.180000 70.000000 3.100000 139.003000 0.000000 12.000000 297.503000 1016.360000 81.000000 4.520000 184.003000 -1.000000 92.000000
2014-07-11T08:00:00Z 298.756000 1015.180000 82.000000 3.020000 105.000000 -1.000000 76.000000 299.606000 1015.340000 74.000000 2.270000 132.500000 -1.000000 20.000000 300.603000 1006.710000 92.000000 1.820000 226.503000 0.000000 44.000000 300.003000 1015.140000 96.000000 1.820000 94.503000 0.000000 32.000000 297.503000 1016.360000 81.000000 4.520000 184.003000 -1.000000 92.000000
2014-08-26T05:00:00Z 303.150000 1014.000000 52.000000 2.520000 44.501000 -1.000000 88.000000 293.971000 1025.570000 94.000000 1.310000 23.508400 -1.000000 44.000000 298.710000 1009.000000 71.000000 1.210000 341.008000 0.000000 68.000000 296.871000 1024.360000 91.000000 1.410000 79.008400 -1.000000 92.000000 293.972000 1026.010000 91.000000 1.770000 1.500980 -1.000000 88.000000
2014-08-26T04:00:00Z 303.150000 1013.000000 47.000000 1.360000 15.507100 -1.000000 76.000000 293.971000 1025.570000 94.000000 1.310000 23.508400 -1.000000 44.000000 299.820000 1009.000000 69.000000 1.170000 36.001000 -1.000000 64.000000 293.672000 1024.470000 93.000000 1.220000 35.001000 -1.000000 56.000000 293.972000 1026.010000 91.000000 1.770000 1.500980 -1.000000 88.000000
2014-08-26T03:00:00Z 303.150000 1013.000000 47.000000 1.360000 15.507100 -1.000000 76.000000 294.290000 1024.930000 92.000000 1.210000 17.507100 -1.000000 0.000000 298.710000 1009.000000 67.000000 1.160000 11.507100 -1.000000 20.000000 294.240000 1023.960000 92.000000 1.160000 109.007000 -1.000000 12.000000 294.074000 1025.970000 93.000000 1.220000 350.501000 -1.000000 20.000000
2014-08-26T02:00:00Z 303.150000 1013.000000 44.000000 1.360000 15.507100 -1.000000 76.000000 294.290000 1024.930000 92.000000 1.210000 17.507100 -1.000000 0.000000 298.710000 1009.000000 68.000000 1.160000 11.507100 -1.000000 20.000000 294.240000 1023.960000 92.000000 1.160000 109.007000 -1.000000 12.000000 293.590000 1025.740000 90.000000 1.560000 313.507000 -1.000000 48.000000
2014-10-15T22:00:00Z 287.002000 1033.790000 92.000000 2.750000 230.503000 -1.000000 32.000000 284.202000 1033.550000 82.000000 2.850000 236.503000 -1.000000 48.000000 281.652000 1023.820000 79.000000 1.250000 170.503000 -1.000000 20.000000 285.802000 1032.490000 83.000000 2.100000 236.503000 -1.000000 68.000000 287.602000 1032.490000 74.000000 4.200000 273.503000 -1.000000 80.000000
2014-10-15T21:00:00Z 287.312000 1033.190000 90.000000 1.960000 318.003000 -1.000000 24.000000 285.506000 1032.650000 80.000000 1.550000 241.001000 -1.000000 24.000000 283.956000 1023.410000 75.000000 1.150000 88.501300 -1.000000 12.000000 287.456000 1031.840000 68.000000 2.950000 235.501000 -1.000000 56.000000 288.756000 1031.520000 66.000000 3.750000 235.501000 -1.000000 68.000000
2014-10-15T20:00:00Z 287.481000 1033.140000 92.000000 1.750000 245.501000 -1.000000 20.000000 285.312000 1032.950000 74.000000 1.860000 289.503000 -1.000000 44.000000 283.956000 1023.410000 75.000000 1.150000 88.501300 -1.000000 12.000000 287.456000 1031.840000 68.000000 2.950000 235.501000 -1.000000 56.000000 288.756000 1031.520000 66.000000 3.750000 235.501000 -1.000000 68.000000
2014-10-15T19:00:00Z 287.481000 1033.140000 92.000000 1.750000 245.501000 -1.000000 20.000000 285.506000 1032.650000 80.000000 1.550000 241.001000 -1.000000 24.000000 283.956000 1023.410000 75.000000 1.150000 88.501300 -1.000000 12.000000 287.456000 1031.840000 68.000000 2.950000 235.501000 -1.000000 56.000000 288.756000 1031.520000 66.000000 3.750000 235.501000 -1.000000 68.000000
2014-10-15T18:00:00Z 287.481000 1033.140000 92.000000 1.750000 245.501000 -1.000000 20.000000 285.506000 1032.650000 80.000000 1.550000 241.001000 -1.000000 24.000000 283.956000 1023.410000 75.000000 1.150000 88.501300 -1.000000 12.000000 287.456000 1031.840000 68.000000 2.950000 235.501000 -1.000000 56.000000 288.756000 1031.520000 66.000000 3.750000 235.501000 -1.000000 68.000000
2014-11-07T01:00:00Z 284.000000 1039.280000 100.000000 4.760000 9.006590 -1.000000 8.000000 282.325000 1039.440000 91.000000 4.160000 1.506590 -1.000000 12.000000 281.999000 1028.390000 92.000000 2.020000 21.000600 -1.000000 8.000000 282.399000 1038.760000 93.000000 3.920000 31.500600 -1.000000 0.000000 278.500000 1041.550000 89.000000 3.410000 344.507000 -1.000000 20.000000
2014-11-07T00:00:00Z 284.000000 1039.280000 100.000000 4.760000 9.006590 -1.000000 8.000000 282.325000 1039.440000 91.000000 4.160000 1.506590 -1.000000 12.000000 281.999000 1028.390000 92.000000 2.020000 21.000600 -1.000000 8.000000 282.399000 1038.760000 93.000000 3.920000 31.500600 -1.000000 0.000000 282.628000 1040.470000 87.000000 4.130000 26.500000 -1.000000 20.000000
2014-11-06T23:00:00Z 286.778000 1037.950000 96.000000 4.610000 26.500000 -1.000000 0.000000 284.903000 1038.440000 92.000000 3.960000 20.500000 -1.000000 0.000000 284.528000 1027.660000 91.000000 3.010000 46.000000 -1.000000 8.000000 284.828000 1037.790000 79.000000 4.610000 42.500000 -1.000000 0.000000 282.628000 1040.470000 87.000000 4.130000 26.500000 -1.000000 20.000000
2014-11-06T22:00:00Z 287.514000 1038.230000 83.000000 6.300000 27.503300 -1.000000 0.000000 284.903000 1038.440000 92.000000 3.960000 20.500000 -1.000000 0.000000 284.528000 1027.660000 91.000000 3.010000 46.000000 -1.000000 12.000000 285.689000 1038.230000 67.000000 5.900000 40.503300 -1.000000 0.000000 282.628000 1040.470000 87.000000 4.130000 26.500000 -1.000000 20.000000
2014-11-06T21:00:00Z 287.514000 1038.230000 83.000000 6.300000 27.503300 -1.000000 0.000000 285.789000 1038.630000 72.000000 5.450000 20.503300 -1.000000 0.000000 287.864000 1027.360000 64.000000 4.600000 33.503300 -1.000000 56.000000 285.689000 1038.230000 67.000000 5.900000 40.503300 -1.000000 0.000000 282.539000 1040.660000 72.000000 4.450000 20.503300 -1.000000 0.000000
2014-11-06T20:00:00Z 287.514000 1038.230000 83.000000 6.300000 27.503300 -1.000000 0.000000 285.789000 1038.630000 72.000000 5.450000 20.503300 -1.000000 0.000000 287.864000 1027.360000 64.000000 4.600000 33.503300 -1.000000 56.000000 285.689000 1038.230000 67.000000 5.900000 40.503300 -1.000000 0.000000 282.539000 1040.660000 72.000000 4.450000 20.503300 -1.000000 0.000000
2014-11-12T15:00:00Z 288.861000 1035.440000 56.000000 6.610000 325.003000 -1.000000 56.000000 288.761000 1035.200000 39.000000 6.710000 327.503000 -1.000000 68.000000 288.636000 1025.390000 53.000000 4.810000 320.003000 -1.000000 8.000000 289.136000 1035.030000 49.000000 5.960000 312.003000 -1.000000 48.000000 285.461000 1036.170000 43.000000 7.360000 328.503000 -1.000000 36.000000
2014-11-12T14:00:00Z 288.861000 1035.440000 56.000000 6.610000 325.003000 -1.000000 56.000000 288.761000 1035.200000 39.000000 6.710000 327.503000 -1.000000 68.000000 288.636000 1025.390000 53.000000 4.810000 320.003000 -1.000000 8.000000 289.136000 1035.030000 49.000000 5.960000 312.003000 -1.000000 48.000000 285.461000 1036.170000 43.000000 7.360000 328.503000 -1.000000 36.000000
2014-11-12T13:00:00Z 288.861000 1035.440000 56.000000 6.610000 325.003000 -1.000000 56.000000 288.761000 1035.200000 39.000000 6.710000 327.503000 -1.000000 68.000000 288.636000 1025.390000 53.000000 4.810000 320.003000 -1.000000 8.000000 289.136000 1035.030000 49.000000 5.960000 312.003000 -1.000000 48.000000 285.461000 1036.170000 43.000000 7.360000 328.503000 -1.000000 36.000000
2014-11-12T12:00:00Z 288.322000 1035.430000 62.000000 6.320000 338.506000 -1.000000 0.000000 288.372000 1035.190000 43.000000 6.270000 338.506000 -1.000000 0.000000 288.122000 1025.700000 60.000000 4.220000 334.506000 -1.000000 24.000000 288.597000 1035.270000 58.000000 4.120000 324.506000 -1.000000 0.000000 285.822000 1035.920000 56.000000 6.120000 328.506000 -1.000000 0.000000
2014-11-12T11:00:00Z 288.322000 1035.430000 62.000000 6.320000 338.506000 -1.000000 0.000000 288.372000 1035.190000 43.000000 6.270000 338.506000 -1.000000 0.000000 288.122000 1025.700000 60.000000 4.220000 334.506000 -1.000000 24.000000 288.597000 1035.270000 58.000000 4.120000 324.506000 -1.000000 0.000000 285.822000 1035.920000 56.000000 6.120000 328.506000 -1.000000 0.000000
2014-11-12T10:00:00Z 288.322000 1035.430000 62.000000 6.320000 338.506000 -1.000000 0.000000 288.372000 1035.190000 43.000000 6.270000 338.506000 -1.000000 0.000000 288.122000 1025.700000 60.000000 4.220000 334.506000 -1.000000 24.000000 288.597000 1035.270000 58.000000 4.120000 324.506000 -1.000000 0.000000 285.822000 1035.920000 56.000000 6.120000 328.506000 -1.000000 0.000000
2014-11-17T13:00:00Z 287.500000 1040.430000 65.000000 6.360000 352.503000 -1.000000 56.000000 287.350000 1040.100000 52.000000 6.460000 356.503000 -1.000000 76.000000 286.250000 1030.370000 49.000000 5.260000 345.503000 -1.000000 20.000000 285.900000 1040.510000 46.000000 5.460000 2.502990 -1.000000 68.000000 287.000000 1041.400000 50.000000 5.260000 352.003000 -1.000000 8.000000
2014-11-17T12:00:00Z 285.895000 1041.040000 69.000000 6.410000 339.505000 -1.000000 48.000000 286.245000 1041.290000 52.000000 6.110000 340.005000 -1.000000 36.000000 286.250000 1030.370000 49.000000 5.260000 345.503000 -1.000000 20.000000 285.745000 1041.530000 55.000000 5.010000 352.505000 -1.000000 44.000000 287.000000 1041.400000 50.000000 5.260000 352.003000 -1.000000 8.000000
2014-11-17T11:00:00Z 285.895000 1041.040000 69.000000 6.410000 339.505000 -1.000000 48.000000 286.245000 1041.290000 52.000000 6.110000 340.005000 -1.000000 36.000000 285.445000 1031.150000 55.000000 4.910000 336.005000 -1.000000 8.000000 285.745000 1041.530000 55.000000 5.010000 352.505000 -1.000000 44.000000 285.289000 1042.480000 72.000000 4.420000 323.501000 -1.000000 48.000000
2014-11-17T10:00:00Z 285.895000 1041.040000 69.000000 6.410000 339.505000 -1.000000 48.000000 286.245000 1041.290000 52.000000 6.110000 340.005000 -1.000000 36.000000 285.445000 1031.150000 55.000000 4.910000 336.005000 -1.000000 8.000000 285.745000 1041.530000 55.000000 5.010000 352.505000 -1.000000 44.000000 285.289000 1042.480000 72.000000 4.420000 323.501000 -1.000000 48.000000
2014-11-17T09:00:00Z 282.064000 1041.020000 86.000000 5.610000 346.501000 -1.000000 0.000000 280.364000 1041.020000 62.000000 5.260000 336.001000 -1.000000 0.000000 281.914000 1031.130000 70.000000 3.410000 338.501000 -1.000000 0.000000 279.514000 1041.020000 71.000000 4.260000 348.501000 -1.000000 8.000000 277.914000 1041.750000 70.000000 4.760000 323.001000 -1.000000 36.000000
2014-11-17T08:00:00Z 282.064000 1041.020000 86.000000 5.610000 346.501000 -1.000000 0.000000 280.525000 1040.900000 60.000000 5.010000 336.501000 -1.000000 8.000000 281.914000 1031.130000 70.000000 3.410000 338.501000 -1.000000 0.000000 279.514000 1041.020000 71.000000 4.260000 348.501000 -1.000000 8.000000 277.914000 1041.750000 70.000000 4.760000 323.001000 -1.000000 36.000000
