2013-06-11T22:00:00Z 294.221000 1021.720000 89.000000 3.860000 301.501000 -1.000000 88.000000 293.121000 1021.480000 86.000000 3.610000 304.501000 -1.000000 88.000000 292.071000 1012.310000 88.000000 2.860000 306.001000 -1.000000 92.000000 292.971000 1021.960000 85.000000 3.510000 302.001000 -1.000000 88.000000 291.071000 1022.210000 98.000000 2.410000 328.501000 0.500000 92.000000
2013-06-11T21:00:00Z 294.889000 1020.590000 85.000000 3.560000 316.026000 -1.000000 92.000000 294.039000 1020.340000 82.000000 2.210000 303.026000 -1.000000 92.000000 292.689000 1011.270000 88.000000 2.410000 317.026000 -1.000000 92.000000 294.089000 1020.750000 79.000000 2.760000 301.026000 -1.000000 92.000000 292.039000 1020.830000 91.000000 2.910000 343.026000 1.500000 92.000000
2013-06-11T20:00:00Z 294.889000 1020.590000 85.000000 3.560000 316.026000 -1.000000 92.000000 294.039000 1020.340000 82.000000 2.210000 303.026000 -1.000000 92.000000 292.689000 1011.270000 88.000000 2.410000 317.026000 -1.000000 92.000000 294.089000 1020.750000 79.000000 2.760000 301.026000 -1.000000 92.000000 292.039000 1020.830000 91.000000 2.910000 343.026000 1.500000 92.000000
2013-06-11T19:00:00Z 294.889000 1020.590000 85.000000 3.560000 316.026000 -1.000000 92.000000 294.039000 1020.340000 82.000000 2.210000 303.026000 -1.000000 92.000000 292.689000 1011.270000 88.000000 2.410000 317.026000 -1.000000 92.000000 294.089000 1020.750000 79.000000 2.760000 301.026000 -1.000000 92.000000 292.039000 1020.830000 91.000000 2.910000 343.026000 1.500000 92.000000
2013-06-11T18:00:00Z 294.889000 1020.590000 85.000000 3.560000 316.026000 -1.000000 92.000000 294.039000 1020.340000 82.000000 2.210000 303.026000 -1.000000 92.000000 292.689000 1011.270000 88.000000 2.410000 317.026000 -1.000000 92.000000 294.089000 1020.750000 79.000000 2.760000 301.026000 -1.000000 92.000000 292.039000 1020.830000 91.000000 2.910000 343.026000 1.500000 92.000000
2013-06-11T17:00:00Z 296.324000 1019.040000 82.000000 4.480000 327.016000 -1.000000 92.000000 296.274000 1019.040000 75.000000 3.880000 323.516000 -1.000000 92.000000 294.224000 1009.720000 84.000000 3.680000 336.516000 0.250000 92.000000 295.524000 1019.600000 78.000000 3.780000 316.016000 -1.000000 92.000000 294.824000 1019.440000 80.000000 2.980000 342.016000 -1.000000 92.000000
2013-11-20T21:00:00Z 281.259000 1034.520000 87.000000 1.270000 111.000000 -1.000000 0.000000 282.336000 1035.030000 86.000000 3.280000 76.500200 -1.000000 0.000000 281.436000 1029.930000 81.000000 2.780000 126.500000 -1.000000 8.000000 279.411000 1033.900000 73.000000 2.150000 129.000000 -1.000000 0.000000 279.236000 1035.930000 69.000000 4.130000 83.000200 -1.000000 0.000000
2013-11-20T20:00:00Z 281.259000 1034.520000 87.000000 1.270000 111.000000 -1.000000 0.000000 281.845000 1036.280000 94.000000 4.140000 107.501000 -1.000000 8.000000 280.670000 1031.340000 87.000000 2.560000 74.500500 -1.000000 32.000000 278.695000 1035.150000 77.000000 2.640000 132.501000 -1.000000 20.000000 279.236000 1035.930000 69.000000 4.130000 83.000200 -1.000000 0.000000
2013-11-20T19:00:00Z 281.259000 1034.520000 87.000000 1.270000 111.000000 -1.000000 0.000000 281.845000 1036.280000 94.000000 4.140000 107.501000 -1.000000 8.000000 280.670000 1031.340000 87.000000 2.560000 74.500500 -1.000000 32.000000 278.695000 1035.150000 77.000000 2.640000 132.501000 -1.000000 20.000000 277.945000 1036.040000 75.000000 3.740000 105.501000 -1.000000 0.000000
2013-11-20T18:00:00Z 286.962000 1033.500000 71.000000 1.210000 216.501000 -1.000000 0.000000 286.234000 1035.290000 74.000000 1.500000 108.501000 -1.000000 0.000000 285.634000 1030.260000 70.000000 1.650000 53.000500 -1.000000 0.000000 285.259000 1034.150000 66.000000 1.300000 134.001000 -1.000000 0.000000 283.209000 1035.050000 66.000000 1.650000 117.501000 -1.000000 0.000000
2013-11-20T17:00:00Z 286.962000 1033.500000 71.000000 1.210000 216.501000 -1.000000 0.000000 286.234000 1035.290000 74.000000 1.500000 108.501000 -1.000000 0.000000 285.634000 1030.260000 70.000000 1.650000 53.000500 -1.000000 0.000000 285.259000 1034.150000 66.000000 1.300000 134.001000 -1.000000 0.000000 283.209000 1035.050000 66.000000 1.650000 117.501000 -1.000000 0.000000
2013-11-20T16:00:00Z 286.962000 1033.500000 71.000000 1.210000 216.501000 -1.000000 0.000000 286.234000 1035.290000 74.000000 1.500000 108.501000 -1.000000 0.000000 285.634000 1030.260000 70.000000 1.650000 53.000500 -1.000000 0.000000 285.259000 1034.150000 66.000000 1.300000 134.001000 -1.000000 0.000000 283.209000 1035.050000 66.000000 1.650000 117.501000 -1.000000 0.000000
2013-11-26T05:00:00Z 275.255000 1034.230000 100.000000 1.510000 353.505000 -1.000000 8.000000 275.425000 1034.300000 100.000000 1.960000 331.500000 -1.000000 0.000000 274.925000 1029.840000 99.000000 1.210000 289.500000 -1.000000 32.000000 271.100000 1034.050000 82.000000 1.210000 5.500030 -1.000000 0.000000 268.825000 1034.050000 75.000000 1.360000 269.000000 -1.000000 0.000000
2013-11-26T04:00:00Z 275.255000 1034.230000 100.000000 1.510000 353.505000 -1.000000 8.000000 275.425000 1034.300000 100.000000 1.960000 331.500000 -1.000000 0.000000 274.925000 1029.840000 99.000000 1.210000 289.500000 -1.000000 32.000000 271.100000 1034.050000 82.000000 1.210000 5.500030 -1.000000 0.000000 268.825000 1034.050000 75.000000 1.360000 269.000000 -1.000000 0.000000
2013-11-26T03:00:00Z 276.615000 1034.420000 100.000000 2.010000 351.000000 -1.000000 0.000000 277.109000 1034.700000 100.000000 3.110000 326.500000 -1.000000 0.000000 275.684000 1030.240000 99.000000 1.360000 287.500000 -1.000000 0.000000 272.459000 1034.460000 83.000000 1.310000 356.500000 -1.000000 0.000000 270.934000 1034.860000 70.000000 2.510000 295.500000 -1.000000 0.000000
2013-11-26T02:00:00Z 276.615000 1034.420000 100.000000 2.010000 351.000000 -1.000000 0.000000 276.846000 1035.200000 100.000000 4.010000 319.500000 0.000000 8.000000 275.684000 1030.240000 99.000000 1.360000 287.500000 -1.000000 0.000000 272.471000 1034.870000 83.000000 1.710000 310.500000 0.000000 12.000000 270.296000 1034.950000 74.000000 1.410000 265.500000 0.000000 0.000000
2013-11-26T01:00:00Z 276.615000 1034.420000 100.000000 2.010000 351.000000 -1.000000 0.000000 277.109000 1034.700000 100.000000 3.110000 326.500000 -1.000000 0.000000 275.684000 1030.240000 99.000000 1.360000 287.500000 -1.000000 0.000000 272.459000 1034.460000 83.000000 1.310000 356.500000 -1.000000 0.000000 270.934000 1034.860000 70.000000 2.510000 295.500000 -1.000000 0.000000
2013-11-26T00:00:00Z 278.445000 1034.170000 100.000000 2.520000 330.003000 -1.000000 0.000000 278.795000 1034.470000 100.000000 3.000000 329.000000 -1.000000 0.000000 277.195000 1030.170000 97.000000 1.700000 297.000000 -1.000000 0.000000 274.520000 1034.220000 83.000000 1.850000 334.000000 -1.000000 0.000000 272.820000 1034.710000 72.000000 1.950000 317.500000 -1.000000 0.000000
2013-12-01T05:00:00Z 278.739000 1036.660000 98.000000 4.820000 280.500000 -1.000000 0.000000 276.216000 1036.450000 100.000000 3.850000 280.500000 -1.000000 0.000000 275.091000 1033.050000 100.000000 4.650000 273.500000 -1.000000 0.000000 270.616000 1036.700000 85.000000 2.200000 280.500000 -1.000000 0.000000 268.716000 1036.700000 68.000000 1.400000 301.000000 -1.000000 0.000000
2013-12-01T04:00:00Z 278.739000 1036.660000 98.000000 4.820000 280.500000 -1.000000 0.000000 276.216000 1036.450000 100.000000 3.850000 280.500000 -1.000000 0.000000 275.091000 1033.050000 100.000000 4.650000 273.500000 -1.000000 0.000000 270.616000 1036.700000 85.000000 2.200000 280.500000 -1.000000 0.000000 268.716000 1036.700000 68.000000 1.400000 301.000000 -1.000000 0.000000
2013-12-01T03:00:00Z 278.145000 1036.390000 91.000000 4.670000 257.001000 -1.000000 0.000000 276.776000 1036.180000 100.000000 5.110000 257.500000 -1.000000 0.000000 276.026000 1032.450000 88.000000 3.910000 253.000000 -1.000000 0.000000 273.576000 1036.020000 89.000000 2.860000 260.000000 -1.000000 0.000000 269.976000 1036.180000 62.000000 2.510000 327.500000 -1.000000 0.000000
2013-12-01T02:00:00Z 278.145000 1036.390000 91.000000 4.670000 257.001000 -1.000000 0.000000 276.776000 1036.180000 100.000000 5.110000 257.500000 -1.000000 0.000000 276.026000 1032.450000 88.000000 3.910000 253.000000 -1.000000 0.000000 273.576000 1036.020000 89.000000 2.860000 260.000000 -1.000000 0.000000 269.976000 1036.180000 62.000000 2.510000 327.500000 -1.000000 0.000000
2013-12-01T01:00:00Z 278.145000 1036.390000 91.000000 4.670000 257.001000 -1.000000 0.000000 276.776000 1036.180000 100.000000 5.110000 257.500000 -1.000000 0.000000 276.026000 1032.450000 88.000000 3.910000 253.000000 -1.000000 0.000000 273.576000 1036.020000 89.000000 2.860000 260.000000 -1.000000 0.000000 269.976000 1036.180000 62.000000 2.510000 327.500000 -1.000000 0.000000
2013-12-01T00:00:00Z 277.023000 1036.390000 88.000000 3.760000 244.000000 -1.000000 12.000000 276.646000 1036.030000 100.000000 3.360000 226.500000 -1.000000 0.000000 275.896000 1032.620000 89.000000 3.010000 244.500000 -1.000000 24.000000 275.246000 1035.870000 88.000000 4.510000 243.000000 -1.000000 0.000000 270.771000 1035.780000 68.000000 1.260000 294.500000 -1.000000 0.000000
2013-12-04T23:00:00Z 279.867000 1035.540000 97.000000 1.760000 108.502000 -1.000000 0.000000 279.018000 1036.060000 98.000000 3.050000 100.500000 -1.000000 0.000000 278.343000 1030.950000 91.000000 1.900000 125.500000 -1.000000 0.000000 277.043000 1035.250000 90.000000 3.100000 116.500000 -1.000000 0.000000 274.343000 1035.820000 77.000000 1.300000 158.500000 -1.000000 0.000000
2013-12-04T22:00:00Z 279.867000 1035.540000 97.000000 1.760000 108.502000 -1.000000 0.000000 279.018000 1036.060000 98.000000 3.050000 100.500000 -1.000000 0.000000 278.343000 1030.950000 91.000000 1.900000 125.500000 -1.000000 0.000000 277.043000 1035.250000 90.000000 3.100000 116.500000 -1.000000 0.000000 274.343000 1035.820000 77.000000 1.300000 158.500000 -1.000000 0.000000
2013-12-04T21:00:00Z 283.047000 1034.930000 82.000000 5.400000 98.502400 -1.000000 0.000000 281.087000 1035.780000 94.000000 3.910000 85.000000 -1.000000 0.000000 280.016000 1030.290000 87.000000 0.750000 33.000500 -1.000000 0.000000 279.337000 1034.570000 66.000000 3.260000 83.000000 -1.000000 0.000000 277.641000 1035.480000 79.000000 2.000000 111.501000 -1.000000 0.000000
2013-12-04T20:00:00Z 283.047000 1034.930000 82.000000 5.400000 98.502400 -1.000000 0.000000 281.087000 1035.780000 94.000000 3.910000 85.000000 -1.000000 0.000000 280.016000 1030.290000 87.000000 0.750000 33.000500 -1.000000 0.000000 279.616000 1034.180000 81.000000 0.850000 130.001000 -1.000000 0.000000 277.662000 1035.460000 77.000000 2.860000 127.000000 -1.000000 0.000000
2013-12-04T19:00:00Z 283.047000 1034.930000 82.000000 5.400000 98.502400 -1.000000 0.000000 281.087000 1035.780000 94.000000 3.910000 85.000000 -1.000000 0.000000 280.016000 1030.290000 87.000000 0.750000 33.000500 -1.000000 0.000000 279.616000 1034.180000 81.000000 0.850000 130.001000 -1.000000 0.000000 277.662000 1035.460000 77.000000 2.860000 127.000000 -1.000000 0.000000
2013-12-04T18:00:00Z 287.375000 1033.730000 57.000000 2.560000 58.502300 -1.000000 0.000000 286.935000 1034.020000 71.000000 1.350000 105.500000 -1.000000 0.000000 285.885000 1029.560000 71.000000 1.250000 339.500000 -1.000000 0.000000 286.460000 1033.540000 71.000000 1.130000 96.000300 -1.000000 0.000000 284.160000 1034.430000 78.000000 1.200000 175.000000 -1.000000 0.000000
2013-12-08T17:00:00Z 288.488000 1029.040000 71.000000 2.310000 143.002000 -1.000000 0.000000 289.094000 1028.520000 68.000000 3.350000 175.500000 -1.000000 0.000000 288.419000 1023.580000 71.000000 2.050000 148.000000 -1.000000 0.000000 288.270000 1027.550000 67.000000 2.200000 175.500000 -1.000000 0.000000 285.719000 1028.440000 73.000000 2.200000 200.500000 -1.000000 0.000000
2013-12-08T16:00:00Z 288.488000 1029.040000 71.000000 2.310000 143.002000 -1.000000 0.000000 289.094000 1028.520000 68.000000 3.350000 175.500000 -1.000000 0.000000 288.419000 1023.580000 71.000000 2.050000 148.000000 -1.000000 0.000000 288.270000 1027.550000 67.000000 2.200000 175.500000 -1.000000 0.000000 285.719000 1028.440000 73.000000 2.200000 200.500000 -1.000000 0.000000
2013-12-08T15:00:00Z 291.492000 1030.050000 64.000000 2.120000 175.000000 -1.000000 0.000000 291.693000 1029.420000 62.000000 4.060000 177.501000 -1.000000 0.000000 291.993000 1024.310000 64.000000 3.160000 163.001000 -1.000000 0.000000 292.768000 1028.290000 60.000000 2.560000 173.001000 -1.000000 0.000000 290.218000 1029.660000 75.000000 2.760000 192.001000 -1.000000 8.000000
2013-12-08T14:00:00Z 292.043000 1028.880000 61.000000 4.350000 181.503000 -1.000000 0.000000 291.693000 1029.420000 62.000000 4.060000 177.501000 -1.000000 0.000000 291.993000 1024.310000 64.000000 3.160000 163.001000 -1.000000 0.000000 292.768000 1028.290000 60.000000 2.560000 173.001000 -1.000000 0.000000 290.218000 1029.660000 75.000000 2.760000 192.001000 -1.000000 8.000000
2013-12-08T13:00:00Z 292.043000 1028.880000 61.000000 4.350000 181.503000 -1.000000 0.000000 291.693000 1029.420000 62.000000 4.060000 177.501000 -1.000000 0.000000 291.993000 1024.310000 64.000000 3.160000 163.001000 -1.000000 0.000000 292.768000 1028.290000 60.000000 2.560000 173.001000 -1.000000 0.000000 290.218000 1029.660000 75.000000 2.760000 192.001000 -1.000000 8.000000
2013-12-08T12:00:00Z 289.723000 1031.720000 71.000000 3.310000 159.002000 -1.000000 0.000000 291.693000 1029.420000 62.000000 4.060000 177.501000 -1.000000 0.000000 288.820000 1027.210000 77.000000 2.260000 137.501000 -1.000000 0.000000 289.070000 1030.860000 78.000000 2.510000 145.501000 -1.000000 0.000000 287.070000 1032.320000 90.000000 3.110000 158.501000 -1.000000 0.000000
2013-12-26T06:00:00Z 275.209000 1037.290000 98.000000 2.960000 314.503000 -1.000000 64.000000 272.110000 1037.160000 88.000000 1.350000 263.503000 -1.000000 64.000000 270.259000 1027.320000 80.000000 1.510000 261.003000 -1.000000 20.000000 274.035000 1037.240000 92.000000 2.200000 266.003000 -1.000000 24.000000 273.210000 1036.600000 84.000000 3.650000 234.503000 -1.000000 88.000000
2013-12-26T05:00:00Z 275.209000 1037.290000 98.000000 2.960000 314.503000 -1.000000 64.000000 272.110000 1037.160000 88.000000 1.350000 263.503000 -1.000000 64.000000 270.259000 1027.320000 80.000000 1.510000 261.003000 -1.000000 20.000000 274.035000 1037.240000 92.000000 2.200000 266.003000 -1.000000 24.000000 273.210000 1036.600000 84.000000 3.650000 234.503000 -1.000000 88.000000
2013-12-26T04:00:00Z 275.209000 1037.290000 98.000000 2.960000 314.503000 -1.000000 64.000000 272.110000 1037.160000 88.000000 1.350000 263.503000 -1.000000 64.000000 274.160000 1033.430000 95.000000 2.650000 272.503000 -1.000000 44.000000 274.035000 1037.240000 92.000000 2.200000 266.003000 -1.000000 24.000000 273.210000 1036.600000 84.000000 3.650000 234.503000 -1.000000 88.000000
2013-12-26T03:00:00Z 274.417000 1038.720000 94.000000 2.260000 330.500000 -1.000000 88.000000 272.013000 1039.410000 86.000000 1.150000 269.000000 -1.000000 88.000000 274.313000 1034.790000 90.000000 2.800000 296.000000 -1.000000 76.000000 273.117000 1038.720000 76.000000 1.610000 265.000000 -1.000000 88.000000 272.513000 1038.930000 77.000000 3.150000 212.500000 -1.000000 88.000000
2013-12-26T02:00:00Z 274.417000 1038.720000 94.000000 2.260000 330.500000 -1.000000 88.000000 271.567000 1039.130000 82.000000 1.360000 223.500000 -1.000000 80.000000 274.313000 1034.790000 90.000000 2.800000 296.000000 -1.000000 76.000000 274.413000 1039.570000 89.000000 2.400000 281.500000 -1.000000 88.000000 272.513000 1038.930000 77.000000 3.150000 212.500000 -1.000000 88.000000
2013-12-26T01:00:00Z 274.572000 1039.330000 91.000000 1.960000 358.006000 -1.000000 88.000000 271.572000 1039.490000 79.000000 1.460000 105.006000 -1.000000 88.000000 273.968000 1035.150000 92.000000 1.400000 331.500000 -1.000000 88.000000 273.893000 1039.690000 88.000000 0.750000 267.500000 -1.000000 88.000000 271.218000 1039.520000 72.000000 1.300000 176.000000 -1.000000 80.000000
2013-12-29T07:00:00Z 270.611000 1040.200000 98.000000 3.460000 288.501000 -1.000000 0.000000 265.661000 1040.280000 72.000000 1.510000 275.501000 -1.000000 0.000000 265.311000 1029.910000 68.000000 1.210000 272.001000 -1.000000 0.000000 266.411000 1040.450000 99.000000 2.010000 281.001000 -1.000000 0.000000 262.112000 1040.280000 63.000000 1.360000 253.501000 -1.000000 0.000000
2013-12-29T06:00:00Z 269.021000 1039.620000 100.000000 2.830000 300.001000 -1.000000 0.000000 263.963000 1039.960000 66.000000 1.350000 238.000000 -1.000000 0.000000 267.563000 1035.910000 100.000000 3.600000 273.500000 -1.000000 0.000000 265.738000 1040.120000 100.000000 2.230000 278.500000 -1.000000 0.000000 261.588000 1039.720000 66.000000 1.350000 272.500000 -1.000000 0.000000
2013-12-29T05:00:00Z 269.021000 1039.620000 100.000000 2.830000 300.001000 -1.000000 0.000000 263.963000 1039.960000 66.000000 1.350000 238.000000 -1.000000 0.000000 267.563000 1035.910000 100.000000 3.600000 273.500000 -1.000000 0.000000 265.738000 1040.120000 100.000000 2.230000 278.500000 -1.000000 0.000000 261.588000 1039.720000 66.000000 1.350000 272.500000 -1.000000 0.000000
2013-12-29T04:00:00Z 269.021000 1039.620000 100.000000 2.830000 300.001000 -1.000000 0.000000 263.963000 1039.960000 66.000000 1.350000 238.000000 -1.000000 0.000000 264.496000 1029.330000 62.000000 2.710000 281.001000 -1.000000 0.000000 265.738000 1040.120000 100.000000 2.230000 278.500000 -1.000000 0.000000 261.588000 1039.720000 66.000000 1.350000 272.500000 -1.000000 0.000000
2013-12-29T03:00:00Z 269.647000 1039.870000 99.000000 1.670000 303.001000 -1.000000 0.000000 265.133000 1039.960000 75.000000 1.250000 269.500000 -1.000000 0.000000 268.108000 1035.910000 100.000000 2.950000 265.500000 -1.000000 0.000000 266.197000 1039.140000 69.000000 3.320000 288.501000 -1.000000 0.000000 263.358000 1039.960000 58.000000 1.350000 258.500000 -1.000000 0.000000
2013-12-29T02:00:00Z 269.647000 1039.870000 99.000000 1.670000 303.001000 -1.000000 0.000000 265.133000 1039.960000 75.000000 1.250000 269.500000 -1.000000 0.000000 268.108000 1035.910000 100.000000 2.950000 265.500000 -1.000000 0.000000 268.133000 1039.880000 89.000000 3.050000 281.000000 -1.000000 0.000000 263.247000 1039.870000 58.000000 2.420000 277.501000 -1.000000 0.000000
2013-12-31T21:00:00Z 278.810000 1032.530000 72.000000 5.130000 255.006000 -1.000000 0.000000 276.966000 1033.570000 47.000000 4.800000 290.501000 -1.000000 0.000000 278.741000 1030.320000 63.000000 5.200000 280.001000 -1.000000 0.000000 278.766000 1034.210000 56.000000 5.750000 288.501000 -1.000000 0.000000 273.766000 1032.590000 44.000000 3.850000 271.001000 -1.000000 0.000000
2013-12-31T20:00:00Z 278.810000 1032.530000 72.000000 5.130000 255.006000 -1.000000 0.000000 276.966000 1033.570000 47.000000 4.800000 290.501000 -1.000000 0.000000 278.741000 1030.320000 63.000000 5.200000 280.001000 -1.000000 0.000000 278.766000 1034.210000 56.000000 5.750000 288.501000 -1.000000 0.000000 273.766000 1032.590000 44.000000 3.850000 271.001000 -1.000000 0.000000
2013-12-31T19:00:00Z 278.810000 1032.530000 72.000000 5.130000 255.006000 -1.000000 0.000000 276.966000 1033.570000 47.000000 4.800000 290.501000 -1.000000 0.000000 278.741000 1030.320000 63.000000 5.200000 280.001000 -1.000000 0.000000 278.766000 1034.210000 56.000000 5.750000 288.501000 -1.000000 0.000000 273.766000 1032.590000 44.000000 3.850000 271.001000 -1.000000 0.000000
2013-12-31T18:00:00Z 283.422000 1031.740000 50.000000 5.660000 267.000000 -1.000000 0.000000 282.188000 1031.700000 37.000000 7.810000 284.000000 -1.000000 0.000000 283.138000 1028.860000 51.000000 6.560000 279.000000 -1.000000 0.000000 283.263000 1032.270000 43.000000 8.010000 282.000000 -1.000000 0.000000 280.113000 1031.050000 33.000000 5.810000 284.000000 -1.000000 0.000000
2013-12-31T17:00:00Z 283.422000 1031.740000 50.000000 5.660000 267.000000 -1.000000 0.000000 282.188000 1031.700000 37.000000 7.810000 284.000000 -1.000000 0.000000 283.138000 1028.860000 51.000000 6.560000 279.000000 -1.000000 0.000000 283.263000 1032.270000 43.000000 8.010000 282.000000 -1.000000 0.000000 280.113000 1031.050000 33.000000 5.810000 284.000000 -1.000000 0.000000
2013-12-31T16:00:00Z 283.422000 1031.740000 50.000000 5.660000 267.000000 -1.000000 0.000000 282.188000 1031.700000 37.000000 7.810000 284.000000 -1.000000 0.000000 283.138000 1028.860000 51.000000 6.560000 279.000000 -1.000000 0.000000 283.263000 1032.270000 43.000000 8.010000 282.000000 -1.000000 0.000000 280.113000 1031.050000 33.000000 5.810000 284.000000 -1.000000 0.000000
2014-01-03T07:00:00Z 278.637000 1027.180000 89.000000 1.210000 289.002000 -1.000000 92.000000 274.972000 1028.810000 83.000000 1.310000 311.000000 -1.000000 8.000000 278.122000 1024.840000 81.000000 3.160000 284.000000 -1.000000 0.000000 273.297000 1029.220000 85.000000 1.260000 273.500000 -1.000000 0.000000 270.372000 1029.300000 69.000000 1.310000 231.500000 -1.000000 0.000000
2014-01-03T06:00:00Z 278.637000 1027.180000 89.000000 1.210000 289.002000 -1.000000 92.000000 270.387000 1027.830000 73.000000 1.310000 1.002170 -1.000000 20.000000 277.731000 1023.320000 85.000000 1.400000 281.000000 -1.000000 92.000000 273.931000 1027.940000 86.000000 1.300000 352.000000 -1.000000 20.000000 270.362000 1028.320000 69.000000 1.310000 60.002200 -1.000000 12.000000
2014-01-03T05:00:00Z 278.637000 1027.180000 89.000000 1.210000 289.002000 -1.000000 92.000000 274.356000 1027.940000 84.000000 0.900000 125.500000 -1.000000 48.000000 277.731000 1023.320000 85.000000 1.400000 281.000000 -1.000000 92.000000 273.931000 1027.940000 86.000000 1.300000 352.000000 -1.000000 20.000000 270.362000 1028.320000 69.000000 1.310000 60.002200 -1.000000 12.000000
2014-01-03T04:00:00Z 278.637000 1027.180000 89.000000 1.210000 289.002000 -1.000000 92.000000 274.356000 1027.940000 84.000000 0.900000 125.500000 -1.000000 48.000000 277.731000 1023.320000 85.000000 1.400000 281.000000 -1.000000 92.000000 273.931000 1027.940000 86.000000 1.300000 352.000000 -1.000000 20.000000 270.481000 1028.510000 72.000000 1.300000 29.500200 -1.000000 8.000000
2014-01-03T03:00:00Z 278.637000 1027.180000 89.000000 1.210000 289.002000 -1.000000 92.000000 275.438000 1028.910000 87.000000 2.310000 144.000000 -1.000000 24.000000 276.913000 1023.730000 86.000000 1.110000 195.000000 -1.000000 92.000000 273.663000 1028.100000 83.000000 1.310000 14.500200 -1.000000 48.000000 270.481000 1028.510000 72.000000 1.300000 29.500200 -1.000000 8.000000
2014-01-03T02:00:00Z 278.364000 1027.980000 85.000000 1.260000 143.501000 -1.000000 80.000000 275.438000 1028.910000 87.000000 2.310000 144.000000 -1.000000 24.000000 276.913000 1023.730000 86.000000 1.110000 195.000000 -1.000000 92.000000 273.663000 1028.100000 83.000000 1.310000 14.500200 -1.000000 48.000000 270.388000 1029.640000 69.000000 1.210000 86.000200 -1.000000 32.000000
2014-01-12T18:00:00Z 281.421000 1043.980000 70.000000 3.010000 18.004500 -1.000000 64.000000 280.319000 1043.390000 76.000000 3.110000 7.501160 0.000000 0.000000 279.269000 1039.500000 84.000000 1.760000 327.501000 0.000000 92.000000 280.294000 1042.990000 71.000000 2.060000 341.501000 0.000000 0.000000 280.244000 1043.880000 66.000000 4.060000 2.501160 -1.000000 92.000000
2014-01-12T17:00:00Z 281.421000 1043.980000 70.000000 3.010000 18.004500 -1.000000 64.000000 280.319000 1043.390000 76.000000 3.110000 7.501160 0.000000 0.000000 279.269000 1039.500000 84.000000 1.760000 327.501000 0.000000 92.000000 280.294000 1042.990000 71.000000 2.060000 341.501000 0.000000 0.000000 278.471000 1045.600000 60.000000 5.210000 19.004500 -1.000000 68.000000
2014-01-12T16:00:00Z 281.421000 1043.980000 70.000000 3.010000 18.004500 -1.000000 64.000000 280.646000 1043.980000 56.000000 4.060000 28.504500 -1.000000 44.000000 279.269000 1039.500000 84.000000 1.760000 327.501000 0.000000 92.000000 280.294000 1042.990000 71.000000 2.060000 341.501000 0.000000 0.000000 278.471000 1045.600000 60.000000 5.210000 19.004500 -1.000000 68.000000
2014-01-12T15:00:00Z 280.038000 1043.310000 87.000000 3.260000 345.500000 0.000000 68.000000 283.361000 1044.030000 62.000000 4.210000 5.504360 -1.000000 0.000000 278.848000 1039.370000 98.000000 2.710000 339.500000 0.500000 76.000000 282.148000 1043.180000 74.000000 2.310000 335.000000 0.000000 12.000000 282.336000 1045.410000 62.000000 4.660000 9.004360 -1.000000 12.000000
2014-01-12T14:00:00Z 280.038000 1043.310000 87.000000 3.260000 345.500000 0.000000 68.000000 281.498000 1043.340000 77.000000 3.460000 344.000000 0.000000 0.000000 278.848000 1039.370000 98.000000 2.710000 339.500000 0.500000 76.000000 282.148000 1043.180000 74.000000 2.310000 335.000000 0.000000 12.000000 282.623000 1043.420000 67.000000 3.760000 319.500000 -1.000000 64.000000
2014-01-12T13:00:00Z 280.038000 1043.310000 87.000000 3.260000 345.500000 0.000000 68.000000 281.663000 1042.910000 67.000000 3.110000 345.500000 0.000000 0.000000 278.848000 1039.370000 98.000000 2.710000 339.500000 0.500000 76.000000 282.148000 1043.180000 74.000000 2.310000 335.000000 0.000000 12.000000 282.623000 1043.420000 67.000000 3.760000 319.500000 -1.000000 64.000000
2014-01-17T18:00:00Z 283.171000 1039.180000 61.000000 3.410000 302.504000 -1.000000 0.000000 282.907000 1039.350000 63.000000 2.950000 292.000000 -1.000000 0.000000 282.682000 1035.140000 71.000000 3.450000 300.500000 -1.000000 0.000000 282.732000 1039.190000 63.000000 3.150000 299.000000 -1.000000 0.000000 281.271000 1040.070000 69.000000 2.560000 341.004000 -1.000000 88.000000
2014-01-17T17:00:00Z 283.171000 1039.180000 61.000000 3.410000 302.504000 -1.000000 0.000000 282.907000 1039.350000 63.000000 2.950000 292.000000 -1.000000 0.000000 282.682000 1035.140000 71.000000 3.450000 300.500000 -1.000000 0.000000 282.732000 1039.190000 63.000000 3.150000 299.000000 -1.000000 0.000000 280.907000 1039.590000 63.000000 2.900000 294.000000 -1.000000 12.000000
2014-01-17T16:00:00Z 282.705000 1039.320000 63.000000 3.460000 292.500000 -1.000000 0.000000 282.907000 1039.350000 63.000000 2.950000 292.000000 -1.000000 0.000000 283.221000 1028.800000 59.000000 3.560000 317.504000 -1.000000 0.000000 282.732000 1039.190000 63.000000 3.150000 299.000000 -1.000000 0.000000 280.907000 1039.590000 63.000000 2.900000 294.000000 -1.000000 12.000000
2014-01-17T15:00:00Z 282.705000 1039.320000 63.000000 3.460000 292.500000 -1.000000 0.000000 284.222000 1038.860000 64.000000 2.200000 236.501000 -1.000000 0.000000 284.522000 1034.570000 70.000000 3.200000 299.501000 -1.000000 0.000000 285.272000 1038.620000 62.000000 3.300000 295.501000 -1.000000 0.000000 283.822000 1039.110000 68.000000 2.150000 269.501000 -1.000000 0.000000
2014-01-17T14:00:00Z 284.455000 1038.810000 63.000000 2.800000 263.501000 -1.000000 0.000000 284.222000 1038.860000 64.000000 2.200000 236.501000 -1.000000 0.000000 284.522000 1034.570000 70.000000 3.200000 299.501000 -1.000000 0.000000 285.272000 1038.620000 62.000000 3.300000 295.501000 -1.000000 0.000000 283.822000 1039.110000 68.000000 2.150000 269.501000 -1.000000 0.000000
2014-01-17T13:00:00Z 284.455000 1038.810000 63.000000 2.800000 263.501000 -1.000000 0.000000 285.605000 1038.490000 56.000000 2.650000 259.501000 -1.000000 0.000000 284.522000 1034.570000 70.000000 3.200000 299.501000 -1.000000 0.000000 285.272000 1038.620000 62.000000 3.300000 295.501000 -1.000000 0.000000 283.822000 1039.110000 68.000000 2.150000 269.501000 -1.000000 0.000000
2014-01-18T06:00:00Z 274.818000 1044.620000 100.000000 4.120000 20.000400 -1.000000 0.000000 272.818000 1044.780000 90.000000 3.470000 354.500000 -1.000000 0.000000 272.537000 1040.620000 94.000000 2.310000 2.000120 -1.000000 0.000000 272.212000 1045.320000 91.000000 3.310000 8.000120 -1.000000 0.000000 269.237000 1047.870000 84.000000 1.400000 316.501000 -1.000000 0.000000
2014-01-18T05:00:00Z 274.818000 1044.620000 100.000000 4.120000 20.000400 -1.000000 0.000000 272.818000 1044.780000 90.000000 3.470000 354.500000 -1.000000 0.000000 272.537000 1040.620000 94.000000 2.310000 2.000120 -1.000000 0.000000 272.212000 1045.320000 91.000000 3.310000 8.000120 -1.000000 0.000000 269.862000 1046.370000 84.000000 4.010000 340.000000 -1.000000 0.000000
2014-01-18T04:00:00Z 274.818000 1044.620000 100.000000 4.120000 20.000400 -1.000000 0.000000 274.412000 1045.000000 100.000000 4.260000 348.000000 -1.000000 0.000000 272.537000 1040.620000 94.000000 2.310000 2.000120 -1.000000 0.000000 272.212000 1045.320000 91.000000 3.310000 8.000120 -1.000000 0.000000 269.862000 1046.370000 84.000000 4.010000 340.000000 -1.000000 0.000000
2014-01-18T03:00:00Z 274.980000 1043.150000 100.000000 4.920000 13.500600 -1.000000 0.000000 276.684000 1043.770000 100.000000 4.360000 21.500500 -1.000000 0.000000 274.884000 1039.070000 91.000000 3.610000 330.000000 -1.000000 0.000000 272.680000 1043.150000 90.000000 3.570000 31.000600 -1.000000 0.000000 271.384000 1045.150000 84.000000 3.710000 352.500000 -1.000000 0.000000
2014-01-19T18:00:00Z 281.960000 1038.610000 59.000000 4.110000 191.503000 -1.000000 20.000000 281.835000 1038.210000 50.000000 4.760000 206.003000 -1.000000 32.000000 281.585000 1027.830000 71.000000 1.610000 177.503000 -1.000000 0.000000 281.635000 1038.300000 58.000000 3.250000 217.500000 -1.000000 32.000000 280.885000 1037.230000 63.000000 4.910000 234.503000 -1.000000 20.000000
2014-01-19T17:00:00Z 281.960000 1038.610000 59.000000 4.110000 191.503000 -1.000000 20.000000 282.410000 1039.030000 60.000000 5.100000 190.500000 -1.000000 12.000000 281.985000 1034.490000 74.000000 2.050000 194.500000 -1.000000 24.000000 281.635000 1038.300000 58.000000 3.250000 217.500000 -1.000000 32.000000 280.360000 1038.540000 56.000000 4.350000 222.000000 -1.000000 36.000000
2014-01-19T16:00:00Z 282.003000 1039.150000 56.000000 4.310000 191.003000 -1.000000 20.000000 282.410000 1039.030000 60.000000 5.100000 190.500000 -1.000000 12.000000 281.585000 1027.830000 71.000000 1.610000 177.503000 -1.000000 0.000000 281.635000 1038.300000 58.000000 3.250000 217.500000 -1.000000 32.000000 280.360000 1038.540000 56.000000 4.350000 222.000000 -1.000000 36.000000
2014-01-19T15:00:00Z 283.377000 1040.440000 59.000000 5.060000 162.501000 -1.000000 0.000000 282.943000 1040.800000 62.000000 5.260000 173.000000 -1.000000 0.000000 283.593000 1035.610000 63.000000 4.010000 163.000000 -1.000000 0.000000 283.218000 1039.670000 55.000000 5.460000 167.500000 -1.000000 0.000000 282.143000 1040.230000 58.000000 5.010000 191.500000 -1.000000 12.000000
2014-01-19T14:00:00Z 283.377000 1040.440000 59.000000 5.060000 162.501000 -1.000000 0.000000 282.943000 1040.800000 62.000000 5.260000 173.000000 -1.000000 0.000000 283.593000 1035.610000 63.000000 4.010000 163.000000 -1.000000 0.000000 283.218000 1039.670000 55.000000 5.460000 167.500000 -1.000000 0.000000 282.143000 1040.230000 58.000000 5.010000 191.500000 -1.000000 12.000000
2014-01-19T13:00:00Z 283.377000 1040.440000 59.000000 5.060000 162.501000 -1.000000 0.000000 283.151000 1040.300000 46.000000 4.070000 190.002000 -1.000000 0.000000 283.593000 1035.610000 63.000000 4.010000 163.000000 -1.000000 0.000000 283.218000 1039.670000 55.000000 5.460000 167.500000 -1.000000 0.000000 282.143000 1040.230000 58.000000 5.010000 191.500000 -1.000000 12.000000
2014-01-29T23:00:00Z 282.519000 1030.880000 93.000000 1.410000 260.001000 0.000000 88.000000 279.712000 1030.930000 93.000000 2.250000 244.000000 0.000000 0.000000 282.062000 1026.470000 94.000000 1.050000 272.500000 0.000000 68.000000 278.344000 1029.260000 84.000000 1.410000 218.501000 0.000000 32.000000 280.344000 1029.580000 95.000000 2.960000 227.501000 0.000000 92.000000
2014-01-29T22:00:00Z 282.519000 1030.880000 93.000000 1.410000 260.001000 0.000000 88.000000 279.712000 1030.930000 93.000000 2.250000 244.000000 0.000000 0.000000 282.062000 1026.470000 94.000000 1.050000 272.500000 0.000000 68.000000 278.344000 1029.260000 84.000000 1.410000 218.501000 0.000000 32.000000 280.162000 1029.880000 93.000000 2.950000 232.500000 0.000000 80.000000
2014-01-29T21:00:00Z 282.788000 1030.500000 93.000000 1.600000 241.502000 0.000000 92.000000 282.087000 1030.960000 92.000000 4.000000 217.500000 0.000000 12.000000 282.661000 1026.080000 93.000000 1.250000 260.500000 0.000000 92.000000 282.236000 1029.560000 91.000000 3.100000 248.500000 0.000000 32.000000 278.937000 1030.150000 96.000000 1.300000 130.500000 0.000000 68.000000
2014-01-29T20:00:00Z 282.788000 1030.500000 93.000000 1.600000 241.502000 0.000000 92.000000 282.087000 1030.960000 92.000000 4.000000 217.500000 0.000000 12.000000 282.337000 1026.750000 97.000000 1.300000 202.000000 0.500000 36.000000 281.037000 1030.560000 94.000000 3.400000 237.000000 0.000000 32.000000 278.937000 1030.150000 96.000000 1.300000 130.500000 0.000000 68.000000
2014-01-29T19:00:00Z 282.788000 1030.500000 93.000000 1.600000 241.502000 0.000000 92.000000 282.087000 1030.960000 92.000000 4.000000 217.500000 0.000000 12.000000 282.337000 1026.750000 97.000000 1.300000 202.000000 0.500000 36.000000 281.037000 1030.560000 94.000000 3.400000 237.000000 0.000000 32.000000 278.937000 1030.150000 96.000000 1.300000 130.500000 0.000000 68.000000
2014-01-29T18:00:00Z 284.337000 1029.560000 87.000000 2.360000 221.500000 0.250000 76.000000 283.839000 1030.410000 93.000000 4.100000 208.001000 1.500000 92.000000 286.512000 1019.030000 82.000000 1.210000 279.000000 0.000000 44.000000 283.364000 1029.770000 97.000000 3.350000 221.501000 0.500000 24.000000 281.139000 1030.250000 99.000000 2.950000 123.001000 0.500000 92.000000
2014-02-01T21:00:00Z 288.137000 1025.800000 77.000000 3.220000 295.002000 -1.000000 0.000000 287.552000 1025.840000 76.000000 2.750000 268.501000 -1.000000 12.000000 287.552000 1021.550000 80.000000 2.300000 262.001000 -1.000000 0.000000 287.152000 1025.120000 89.000000 2.000000 262.501000 -1.000000 0.000000 287.627000 1025.120000 92.000000 3.300000 250.001000 0.000000 0.000000
2014-02-01T20:00:00Z 288.137000 1025.800000 77.000000 3.220000 295.002000 -1.000000 0.000000 287.552000 1025.840000 76.000000 2.750000 268.501000 -1.000000 12.000000 287.552000 1021.550000 80.000000 2.300000 262.001000 -1.000000 0.000000 287.152000 1025.120000 89.000000 2.000000 262.501000 -1.000000 0.000000 285.612000 1025.890000 93.000000 2.520000 330.002000 -1.000000 48.000000
2014-02-01T19:00:00Z 288.137000 1025.800000 77.000000 3.220000 295.002000 -1.000000 0.000000 287.962000 1025.560000 89.000000 2.820000 269.502000 -1.000000 0.000000 287.552000 1021.550000 80.000000 2.300000 262.001000 -1.000000 0.000000 289.462000 1024.990000 90.000000 2.720000 301.002000 -1.000000 68.000000 287.627000 1025.120000 92.000000 3.300000 250.001000 0.000000 0.000000
2014-02-01T18:00:00Z 293.382000 1024.450000 58.000000 4.620000 277.007000 -1.000000 0.000000 293.332000 1024.450000 61.000000 4.570000 269.507000 -1.000000 48.000000 293.003000 1020.660000 63.000000 3.200000 259.500000 -1.000000 12.000000 292.878000 1024.470000 68.000000 4.300000 272.500000 -1.000000 20.000000 292.403000 1023.980000 76.000000 4.000000 251.500000 0.000000 64.000000
2014-02-01T17:00:00Z 293.382000 1024.450000 58.000000 4.620000 277.007000 -1.000000 0.000000 292.903000 1024.550000 54.000000 4.150000 247.000000 -1.000000 0.000000 293.003000 1020.660000 63.000000 3.200000 259.500000 -1.000000 12.000000 292.878000 1024.470000 68.000000 4.300000 272.500000 -1.000000 20.000000 292.403000 1023.980000 76.000000 4.000000 251.500000 0.000000 64.000000
2014-02-01T16:00:00Z 293.382000 1024.450000 58.000000 4.620000 277.007000 -1.000000 0.000000 292.903000 1024.550000 54.000000 4.150000 247.000000 -1.000000 0.000000 293.003000 1020.660000 63.000000 3.200000 259.500000 -1.000000 12.000000 292.878000 1024.470000 68.000000 4.300000 272.500000 -1.000000 20.000000 289.857000 1024.690000 85.000000 2.970000 302.507000 -1.000000 32.000000
2014-02-19T21:00:00Z 276.119000 1040.290000 86.000000 3.560000 332.501000 -1.000000 0.000000 274.369000 1040.290000 70.000000 2.960000 340.501000 -1.000000 0.000000 275.119000 1030.160000 80.000000 2.660000 298.001000 -1.000000 0.000000 274.044000 1039.810000 77.000000 2.660000 288.001000 -1.000000 0.000000 273.294000 1040.940000 67.000000 3.310000 39.001000 -1.000000 0.000000
2014-02-19T20:00:00Z 276.119000 1040.290000 86.000000 3.560000 332.501000 -1.000000 0.000000 274.369000 1040.290000 70.000000 2.960000 340.501000 -1.000000 0.000000 275.119000 1030.160000 80.000000 2.660000 298.001000 -1.000000 0.000000 274.044000 1039.810000 77.000000 2.660000 288.001000 -1.000000 0.000000 273.294000 1040.940000 67.000000 3.310000 39.001000 -1.000000 0.000000
2014-02-19T19:00:00Z 276.119000 1040.290000 86.000000 3.560000 332.501000 -1.000000 0.000000 274.369000 1040.290000 70.000000 2.960000 340.501000 -1.000000 0.000000 275.119000 1030.160000 80.000000 2.660000 298.001000 -1.000000 0.000000 274.044000 1039.810000 77.000000 2.660000 288.001000 -1.000000 0.000000 273.294000 1040.940000 67.000000 3.310000 39.001000 -1.000000 0.000000
2014-02-19T18:00:00Z 276.119000 1040.290000 86.000000 3.560000 332.501000 -1.000000 0.000000 274.369000 1040.290000 70.000000 2.960000 340.501000 -1.000000 0.000000 279.274000 1029.000000 73.000000 3.810000 315.500000 -1.000000 24.000000 274.044000 1039.810000 77.000000 2.660000 288.001000 -1.000000 0.000000 273.294000 1040.940000 67.000000 3.310000 39.001000 -1.000000 0.000000
2014-02-19T17:00:00Z 279.974000 1039.370000 72.000000 4.560000 318.000000 -1.000000 0.000000 279.974000 1039.130000 57.000000 3.860000 328.000000 -1.000000 0.000000 279.274000 1029.000000 73.000000 3.810000 315.500000 -1.000000 24.000000 280.449000 1038.720000 54.000000 3.960000 310.000000 -1.000000 0.000000 279.974000 1039.450000 54.000000 2.860000 353.000000 -1.000000 0.000000
2014-02-19T16:00:00Z 279.974000 1039.370000 72.000000 4.560000 318.000000 -1.000000 0.000000 279.974000 1039.130000 57.000000 3.860000 328.000000 -1.000000 0.000000 279.274000 1029.000000 73.000000 3.810000 315.500000 -1.000000 24.000000 280.449000 1038.720000 54.000000 3.960000 310.000000 -1.000000 0.000000 279.974000 1039.450000 54.000000 2.860000 353.000000 -1.000000 0.000000
2014-03-18T07:00:00Z 289.134000 1029.400000 83.000000 1.160000 247.002000 -1.000000 12.000000 290.434000 1028.910000 78.000000 2.360000 232.502000 -1.000000 0.000000 282.085000 1018.160000 82.000000 1.220000 255.502000 -1.000000 0.000000 289.684000 1027.940000 81.000000 2.060000 225.002000 -1.000000 8.000000 286.084000 1030.540000 57.000000 4.660000 48.502000 -1.000000 0.000000
2014-03-18T06:00:00Z 283.535000 1028.300000 81.000000 1.120000 252.002000 -1.000000 0.000000 283.285000 1028.050000 78.000000 2.620000 225.502000 -1.000000 12.000000 282.085000 1018.160000 82.000000 1.220000 255.502000 -1.000000 0.000000 282.735000 1027.000000 84.000000 1.520000 220.502000 -1.000000 0.000000 282.985000 1028.380000 76.000000 4.020000 13.501900 -1.000000 0.000000
2014-03-18T05:00:00Z 283.535000 1028.300000 81.000000 1.120000 252.002000 -1.000000 0.000000 283.285000 1028.050000 78.000000 2.620000 225.502000 -1.000000 12.000000 282.085000 1018.160000 82.000000 1.220000 255.502000 -1.000000 0.000000 282.735000 1027.000000 84.000000 1.520000 220.502000 -1.000000 0.000000 282.985000 1028.380000 76.000000 4.020000 13.501900 -1.000000 0.000000
2014-03-18T04:00:00Z 283.535000 1028.300000 81.000000 1.120000 252.002000 -1.000000 0.000000 283.829000 1027.280000 79.000000 1.610000 227.502000 -1.000000 12.000000 282.085000 1018.160000 82.000000 1.220000 255.502000 -1.000000 0.000000 282.735000 1027.000000 84.000000 1.520000 220.502000 -1.000000 0.000000 282.985000 1028.380000 76.000000 4.020000 13.501900 -1.000000 0.000000
2014-03-18T03:00:00Z 284.479000 1027.770000 82.000000 1.210000 210.002000 -1.000000 0.000000 283.829000 1027.280000 79.000000 1.610000 227.502000 -1.000000 12.000000 283.729000 1018.040000 82.000000 1.260000 226.002000 -1.000000 12.000000 283.729000 1026.550000 81.000000 1.660000 215.502000 -1.000000 12.000000 284.229000 1026.640000 77.000000 3.260000 210.502000 -1.000000 0.000000
2014-03-18T02:00:00Z 284.479000 1027.770000 82.000000 1.210000 210.002000 -1.000000 0.000000 283.829000 1027.280000 79.000000 1.610000 227.502000 -1.000000 12.000000 283.729000 1018.040000 82.000000 1.260000 226.002000 -1.000000 12.000000 283.729000 1026.550000 81.000000 1.660000 215.502000 -1.000000 12.000000 284.229000 1026.640000 77.000000 3.260000 210.502000 -1.000000 0.000000
2014-04-17T08:00:00Z 291.384000 1022.620000 90.000000 1.650000 63.001100 -1.000000 92.000000 290.609000 1022.950000 92.000000 2.000000 25.001100 -1.000000 92.000000 292.534000 1012.170000 93.000000 1.800000 124.501000 -1.000000 68.000000 293.130000 1018.330000 98.000000 3.910000 189.001000 14.000000 92.000000 286.984000 1023.680000 95.000000 2.350000 352.001000 -1.000000 92.000000
2014-04-17T07:00:00Z 292.930000 1020.680000 97.000000 2.960000 115.001000 4.000000 80.000000 292.780000 1019.950000 98.000000 4.210000 152.001000 16.000000 92.000000 292.534000 1012.170000 93.000000 1.800000 124.501000 -1.000000 68.000000 288.459000 1021.890000 100.000000 1.500000 124.001000 11.500000 92.000000 286.984000 1023.680000 95.000000 2.350000 352.001000 -1.000000 92.000000
2014-04-17T06:00:00Z 290.890000 1019.530000 93.000000 2.570000 160.501000 0.000000 88.000000 291.690000 1019.780000 96.000000 2.370000 118.001000 4.000000 92.000000 287.553000 1011.600000 94.000000 1.170000 104.500000 -1.000000 48.000000 287.453000 1021.000000 97.000000 1.320000 53.000000 1.000000 92.000000 286.053000 1022.620000 97.000000 1.970000 8.000000 -1.000000 92.000000
2014-04-17T05:00:00Z 290.890000 1019.530000 93.000000 2.570000 160.501000 0.000000 88.000000 291.690000 1019.780000 96.000000 2.370000 118.001000 4.000000 92.000000 287.553000 1011.600000 94.000000 1.170000 104.500000 -1.000000 48.000000 287.453000 1021.000000 97.000000 1.320000 53.000000 1.000000 92.000000 286.053000 1022.620000 97.000000 1.970000 8.000000 -1.000000 92.000000
2014-04-17T04:00:00Z 290.890000 1019.530000 93.000000 2.570000 160.501000 0.000000 88.000000 286.503000 1022.140000 98.000000 1.620000 24.000000 -1.000000 88.000000 287.553000 1011.600000 94.000000 1.170000 104.500000 -1.000000 48.000000 287.453000 1021.000000 97.000000 1.320000 53.000000 1.000000 92.000000 289.690000 1018.880000 98.000000 2.520000 144.001000 0.000000 92.000000
2014-04-17T03:00:00Z 291.146000 1019.950000 96.000000 2.720000 112.502000 2.000000 88.000000 291.396000 1020.110000 97.000000 3.070000 165.002000 2.000000 92.000000 288.518000 1012.090000 94.000000 1.170000 168.500000 -1.000000 68.000000 286.818000 1021.250000 92.000000 1.270000 45.000400 -1.000000 48.000000 289.646000 1019.950000 99.000000 2.520000 132.502000 0.000000 88.000000
2014-05-14T12:00:00Z 298.285000 1014.410000 71.000000 2.510000 162.500000 0.000000 0.000000 298.885000 1014.160000 68.000000 2.510000 181.500000 0.000000 32.000000 300.285000 1004.280000 75.000000 1.860000 155.500000 0.000000 24.000000 299.935000 1012.790000 76.000000 2.060000 149.500000 0.000000 64.000000 296.685000 1014.970000 73.000000 2.060000 158.500000 0.000000 88.000000
2014-05-14T11:00:00Z 298.285000 1014.410000 71.000000 2.510000 162.500000 0.000000 0.000000 298.885000 1014.160000 68.000000 2.510000 181.500000 0.000000 32.000000 300.285000 1004.280000 75.000000 1.860000 155.500000 0.000000 24.000000 297.266000 1013.710000 87.000000 2.510000 295.505000 -1.000000 76.000000 296.685000 1014.970000 73.000000 2.060000 158.500000 0.000000 88.000000
2014-05-14T10:00:00Z 298.285000 1014.410000 71.000000 2.510000 162.500000 0.000000 0.000000 298.885000 1014.160000 68.000000 2.510000 181.500000 0.000000 32.000000 300.285000 1004.280000 75.000000 1.860000 155.500000 0.000000 24.000000 297.266000 1013.710000 87.000000 2.510000 295.505000 -1.000000 76.000000 296.685000 1014.970000 73.000000 2.060000 158.500000 0.000000 88.000000
2014-05-14T09:00:00Z 294.506000 1015.690000 77.000000 3.360000 146.001000 0.000000 32.000000 294.681000 1015.690000 75.000000 3.760000 153.501000 0.000000 32.000000 295.131000 1005.720000 75.000000 1.760000 184.501000 0.000000 20.000000 295.056000 1014.310000 74.000000 2.110000 138.001000 0.000000 68.000000 292.481000 1016.100000 71.000000 3.660000 153.001000 0.000000 44.000000
2014-05-14T08:00:00Z 294.506000 1015.690000 77.000000 3.360000 146.001000 0.000000 32.000000 294.681000 1015.690000 75.000000 3.760000 153.501000 0.000000 32.000000 295.131000 1005.720000 75.000000 1.760000 184.501000 0.000000 20.000000 295.056000 1014.310000 74.000000 2.110000 138.001000 0.000000 68.000000 292.481000 1016.100000 71.000000 3.660000 153.001000 0.000000 44.000000
2014-05-14T07:00:00Z 294.231000 1014.660000 97.000000 2.410000 242.503000 0.500000 88.000000 294.681000 1015.690000 75.000000 3.760000 153.501000 0.000000 32.000000 295.131000 1005.720000 75.000000 1.760000 184.501000 0.000000 20.000000 290.314000 1014.620000 70.000000 3.120000 124.502000 0.000000 8.000000 293.381000 1015.230000 84.000000 1.780000 210.003000 -1.000000 44.000000
2014-05-21T10:00:00Z 300.025000 1022.260000 78.000000 1.860000 152.502000 -1.000000 0.000000 301.425000 1022.010000 74.000000 1.960000 144.002000 -1.000000 20.000000 299.775000 1012.200000 79.000000 2.110000 138.502000 -1.000000 36.000000 301.975000 1020.640000 71.000000 2.460000 128.502000 -1.000000 36.000000 302.675000 1021.610000 69.000000 3.010000 222.502000 -1.000000 0.000000
2014-05-21T09:00:00Z 295.640000 1022.460000 87.000000 1.960000 138.002000 -1.000000 8.000000 295.640000 1022.460000 84.000000 2.060000 166.002000 -1.000000 8.000000 296.090000 1012.410000 86.000000 1.810000 134.002000 -1.000000 12.000000 297.440000 1021.080000 82.000000 2.060000 118.502000 -1.000000 0.000000 297.040000 1021.970000 78.000000 2.960000 211.002000 -1.000000 0.000000
2014-05-21T08:00:00Z 295.640000 1022.460000 87.000000 1.960000 138.002000 -1.000000 8.000000 295.640000 1022.460000 84.000000 2.060000 166.002000 -1.000000 8.000000 296.090000 1012.410000 86.000000 1.810000 134.002000 -1.000000 12.000000 297.440000 1021.080000 82.000000 2.060000 118.502000 -1.000000 0.000000 297.040000 1021.970000 78.000000 2.960000 211.002000 -1.000000 0.000000
2014-05-21T07:00:00Z 295.640000 1022.460000 87.000000 1.960000 138.002000 -1.000000 8.000000 295.640000 1022.460000 84.000000 2.060000 166.002000 -1.000000 8.000000 289.644000 1011.830000 90.000000 0.810000 159.501000 -1.000000 44.000000 297.440000 1021.080000 82.000000 2.060000 118.502000 -1.000000 0.000000 297.040000 1021.970000 78.000000 2.960000 211.002000 -1.000000 0.000000
2014-05-21T06:00:00Z 290.444000 1022.290000 100.000000 3.310000 152.501000 -1.000000 64.000000 288.794000 1021.960000 95.000000 1.310000 149.501000 -1.000000 32.000000 289.644000 1011.830000 90.000000 0.810000 159.501000 -1.000000 44.000000 290.944000 1020.590000 88.000000 2.110000 136.001000 -1.000000 8.000000 287.844000 1021.150000 88.000000 1.260000 171.501000 -1.000000 0.000000
2014-05-21T05:00:00Z 290.444000 1022.290000 100.000000 3.310000 152.501000 -1.000000 64.000000 288.794000 1021.960000 95.000000 1.310000 149.501000 -1.000000 32.000000 289.644000 1011.830000 90.000000 0.810000 159.501000 -1.000000 44.000000 290.944000 1020.590000 88.000000 2.110000 136.001000 -1.000000 8.000000 287.844000 1021.150000 88.000000 1.260000 171.501000 -1.000000 0.000000
2014-05-25T12:00:00Z 297.466000 1020.620000 97.000000 2.870000 229.501000 1.000000 76.000000 299.516000 1019.890000 92.000000 3.320000 257.501000 0.000000 44.000000 298.966000 1011.050000 97.000000 1.870000 263.501000 0.000000 80.000000 301.566000 1019.160000 88.000000 2.770000 316.001000 0.000000 44.000000 300.171000 1018.170000 90.000000 2.220000 314.502000 0.000000 56.000000
2014-05-25T11:00:00Z 297.466000 1020.620000 97.000000 2.870000 229.501000 1.000000 76.000000 296.521000 1018.820000 100.000000 2.170000 219.502000 8.000000 92.000000 299.821000 1008.770000 89.000000 1.670000 221.502000 1.000000 92.000000 301.566000 1019.160000 88.000000 2.770000 316.001000 0.000000 44.000000 299.516000 1019.640000 86.000000 3.570000 312.001000 0.000000 32.000000
2014-05-25T10:00:00Z 297.466000 1020.620000 97.000000 2.870000 229.501000 1.000000 76.000000 299.516000 1019.890000 92.000000 3.320000 257.501000 0.000000 44.000000 299.821000 1008.770000 89.000000 1.670000 221.502000 1.000000 92.000000 301.566000 1019.160000 88.000000 2.770000 316.001000 0.000000 44.000000 299.516000 1019.640000 86.000000 3.570000 312.001000 0.000000 32.000000
2014-05-25T09:00:00Z 295.865000 1021.150000 99.000000 2.680000 197.002000 20.500000 92.000000 298.879000 1018.810000 83.000000 2.950000 146.000000 -1.000000 64.000000 296.315000 1011.420000 100.000000 1.580000 248.502000 12.000000 92.000000 295.979000 1018.080000 100.000000 2.300000 199.000000 16.000000 92.000000 296.640000 1020.420000 93.000000 4.180000 301.002000 0.000000 80.000000
2014-05-25T08:00:00Z 297.180000 1018.810000 88.000000 2.100000 124.500000 0.000000 92.000000 298.879000 1018.810000 83.000000 2.950000 146.000000 -1.000000 64.000000 298.879000 1008.840000 89.000000 1.450000 216.000000 -1.000000 92.000000 295.979000 1018.080000 100.000000 2.300000 199.000000 16.000000 92.000000 297.430000 1018.570000 99.000000 1.650000 283.500000 0.000000 76.000000
2014-05-25T07:00:00Z 295.865000 1021.150000 99.000000 2.680000 197.002000 20.500000 92.000000 298.879000 1018.810000 83.000000 2.950000 146.000000 -1.000000 64.000000 298.879000 1008.840000 89.000000 1.450000 216.000000 -1.000000 92.000000 295.979000 1018.080000 100.000000 2.300000 199.000000 16.000000 92.000000 297.430000 1018.570000 99.000000 1.650000 283.500000 0.000000 76.000000
2014-05-26T05:00:00Z 295.816000 1021.930000 89.000000 3.650000 321.000000 -1.000000 80.000000 294.416000 1021.690000 81.000000 4.550000 342.000000 -1.000000 0.000000 294.866000 1012.850000 95.000000 3.250000 315.500000 0.000000 76.000000 292.766000 1021.610000 78.000000 2.750000 342.000000 -1.000000 8.000000 288.416000 1022.100000 83.000000 1.350000 275.000000 -1.000000 0.000000
2014-05-26T04:00:00Z 295.816000 1021.930000 89.000000 3.650000 321.000000 -1.000000 80.000000 294.416000 1021.690000 81.000000 4.550000 342.000000 -1.000000 0.000000 294.866000 1012.850000 95.000000 3.250000 315.500000 0.000000 76.000000 292.766000 1021.610000 78.000000 2.750000 342.000000 -1.000000 8.000000 288.416000 1022.100000 83.000000 1.350000 275.000000 -1.000000 0.000000
2014-05-26T03:00:00Z 294.760000 1021.140000 94.000000 1.220000 259.003000 -1.000000 20.000000 295.360000 1021.390000 87.000000 3.570000 303.503000 -1.000000 92.000000 294.510000 1011.980000 94.000000 2.570000 284.003000 0.000000 0.000000 295.510000 1020.980000 93.000000 2.670000 313.503000 -1.000000 92.000000 292.210000 1021.710000 70.000000 3.020000 326.003000 -1.000000 0.000000
2014-05-26T02:00:00Z 294.760000 1021.140000 94.000000 1.220000 259.003000 -1.000000 20.000000 295.360000 1021.390000 87.000000 3.570000 303.503000 -1.000000 92.000000 294.510000 1011.980000 94.000000 2.570000 284.003000 0.000000 0.000000 295.510000 1020.980000 93.000000 2.670000 313.503000 -1.000000 92.000000 292.210000 1021.710000 70.000000 3.020000 326.003000 -1.000000 0.000000
2014-05-26T01:00:00Z 294.760000 1021.140000 94.000000 1.220000 259.003000 -1.000000 20.000000 295.360000 1021.390000 87.000000 3.570000 303.503000 -1.000000 92.000000 294.510000 1011.980000 94.000000 2.570000 284.003000 0.000000 0.000000 295.510000 1020.980000 93.000000 2.670000 313.503000 -1.000000 92.000000 292.210000 1021.710000 70.000000 3.020000 326.003000 -1.000000 0.000000
2014-05-26T00:00:00Z 296.374000 1021.580000 93.000000 0.960000 10.000400 -1.000000 20.000000 294.524000 1021.420000 93.000000 1.110000 135.500000 -1.000000 0.000000 295.424000 1012.180000 94.000000 2.760000 285.500000 0.000000 0.000000 296.824000 1020.690000 84.000000 1.510000 285.500000 -1.000000 32.000000 297.074000 1021.170000 64.000000 5.660000 330.000000 -1.000000 0.000000
2014-06-28T11:00:00Z 299.977000 1019.810000 87.000000 1.070000 138.006000 -1.000000 80.000000 300.124000 1019.150000 87.000000 1.960000 354.002000 0.000000 76.000000 299.824000 1009.420000 93.000000 1.860000 69.502000 0.000000 24.000000 300.477000 1018.590000 84.000000 2.020000 35.505900 -1.000000 92.000000 299.874000 1019.800000 83.000000 3.060000 35.002000 0.000000 68.000000
2014-06-28T10:00:00Z 299.977000 1019.810000 87.000000 1.070000 138.006000 -1.000000 80.000000 300.124000 1019.150000 87.000000 1.960000 354.002000 0.000000 76.000000 299.824000 1009.420000 93.000000 1.860000 69.502000 0.000000 24.000000 300.477000 1018.590000 84.000000 2.020000 35.505900 -1.000000 92.000000 299.874000 1019.800000 83.000000 3.060000 35.002000 0.000000 68.000000
2014-06-28T09:00:00Z 297.062000 1019.630000 0.000000 1.420000 122.504000 0.000000 56.000000 296.459000 1019.780000 90.000000 1.930000 215.502000 -1.000000 88.000000 296.409000 1010.050000 96.000000 1.480000 101.002000 -1.000000 80.000000 298.462000 1018.500000 0.000000 1.620000 184.504000 0.000000 56.000000 296.959000 1020.180000 96.000000 2.030000 344.502000 0.000000 36.000000
2014-06-28T08:00:00Z 297.062000 1019.630000 0.000000 1.420000 122.504000 0.000000 56.000000 296.459000 1019.780000 90.000000 1.930000 215.502000 -1.000000 88.000000 296.409000 1010.050000 96.000000 1.480000 101.002000 -1.000000 80.000000 298.462000 1018.500000 0.000000 1.620000 184.504000 0.000000 56.000000 296.959000 1020.180000 96.000000 2.030000 344.502000 0.000000 36.000000
2014-06-28T07:00:00Z 293.151000 1018.550000 100.000000 1.260000 138.000000 0.000000 0.000000 292.051000 1018.390000 93.000000 1.310000 207.500000 0.000000 88.000000 294.201000 1008.410000 98.000000 1.260000 71.000200 0.000000 88.000000 298.462000 1018.500000 0.000000 1.620000 184.504000 0.000000 56.000000 296.959000 1020.180000 96.000000 2.030000 344.502000 0.000000 36.000000
2014-06-28T06:00:00Z 293.151000 1018.550000 100.000000 1.260000 138.000000 0.000000 0.000000 292.051000 1018.390000 93.000000 1.310000 207.500000 0.000000 88.000000 294.201000 1008.410000 98.000000 1.260000 71.000200 0.000000 88.000000 298.462000 1018.500000 0.000000 1.620000 184.504000 0.000000 56.000000 296.959000 1020.180000 96.000000 2.030000 344.502000 0.000000 36.000000
2014-06-29T12:00:00Z 300.218000 1019.100000 82.000000 2.110000 119.002000 1.000000 92.000000 300.643000 1020.120000 81.000000 1.310000 124.503000 -1.000000 80.000000 299.093000 1010.310000 89.000000 1.760000 120.503000 -1.000000 76.000000 301.453000 1018.140000 68.000000 2.020000 88.000900 -1.000000 92.000000 302.143000 1019.960000 67.000000 2.860000 256.003000 -1.000000 80.000000
2014-06-29T11:00:00Z 299.843000 1020.120000 89.000000 2.010000 187.503000 -1.000000 56.000000 300.643000 1020.120000 81.000000 1.310000 124.503000 -1.000000 80.000000 299.093000 1010.310000 89.000000 1.760000 120.503000 -1.000000 76.000000 300.643000 1018.980000 81.000000 2.010000 66.003400 -1.000000 92.000000 302.143000 1019.960000 67.000000 2.860000 256.003000 -1.000000 80.000000
2014-06-29T10:00:00Z 299.843000 1020.120000 89.000000 2.010000 187.503000 -1.000000 56.000000 300.643000 1020.120000 81.000000 1.310000 124.503000 -1.000000 80.000000 299.093000 1010.310000 89.000000 1.760000 120.503000 -1.000000 76.000000 300.643000 1018.980000 81.000000 2.010000 66.003400 -1.000000 92.000000 302.143000 1019.960000 67.000000 2.860000 256.003000 -1.000000 80.000000
2014-06-29T09:00:00Z 296.973000 1020.210000 95.000000 2.060000 181.502000 -1.000000 76.000000 296.723000 1020.210000 90.000000 1.960000 204.502000 -1.000000 76.000000 295.623000 1010.410000 90.000000 1.860000 182.502000 -1.000000 68.000000 297.623000 1019.080000 87.000000 1.860000 80.002100 -1.000000 76.000000 298.573000 1020.050000 71.000000 2.960000 222.002000 -1.000000 68.000000
2014-06-29T08:00:00Z 296.973000 1020.210000 95.000000 2.060000 181.502000 -1.000000 76.000000 296.723000 1020.210000 90.000000 1.960000 204.502000 -1.000000 76.000000 295.623000 1010.410000 90.000000 1.860000 182.502000 -1.000000 68.000000 297.623000 1019.080000 87.000000 1.860000 80.002100 -1.000000 76.000000 298.573000 1020.050000 71.000000 2.960000 222.002000 -1.000000 68.000000
2014-06-29T07:00:00Z 296.973000 1020.210000 95.000000 2.060000 181.502000 -1.000000 76.000000 296.723000 1020.210000 90.000000 1.960000 204.502000 -1.000000 76.000000 295.623000 1010.410000 90.000000 1.860000 182.502000 -1.000000 68.000000 297.623000 1019.080000 87.000000 1.860000 80.002100 -1.000000 76.000000 298.573000 1020.050000 71.000000 2.960000 222.002000 -1.000000 68.000000
2014-07-10T17:00:00Z 304.040000 1013.190000 74.000000 1.760000 320.001000 -1.000000 0.000000 305.366000 1012.740000 55.000000 2.600000 81.001000 -1.000000 0.000000 302.866000 1003.180000 82.000000 1.900000 120.001000 0.000000 0.000000 305.216000 1011.280000 65.000000 1.900000 96.501000 0.000000 64.000000 305.416000 1013.070000 57.000000 1.950000 76.001000 -1.000000 0.000000
2014-07-10T16:00:00Z 304.466000 1012.500000 65.000000 1.700000 98.501000 -1.000000 0.000000 305.366000 1012.740000 55.000000 2.600000 81.001000 -1.000000 0.000000 302.866000 1003.180000 82.000000 1.900000 120.001000 0.000000 0.000000 305.216000 1011.280000 65.000000 1.900000 96.501000 0.000000 64.000000 305.416000 1013.070000 57.000000 1.950000 76.001000 -1.000000 0.000000
2014-07-10T15:00:00Z 304.159000 1013.460000 80.000000 2.060000 285.510000 -1.000000 0.000000 299.809000 1014.110000 100.000000 1.360000 123.510000 6.000000 92.000000 304.409000 1003.740000 85.000000 1.060000 291.010000 2.000000 48.000000 306.201000 1011.930000 69.000000 0.790000 138.505000 0.000000 12.000000 305.059000 1013.870000 54.000000 3.410000 11.009700 -1.000000 24.000000
2014-07-10T14:00:00Z 304.159000 1013.460000 80.000000 2.060000 285.510000 -1.000000 0.000000 299.809000 1014.110000 100.000000 1.360000 123.510000 6.000000 92.000000 304.409000 1003.740000 85.000000 1.060000 291.010000 2.000000 48.000000 306.201000 1011.930000 69.000000 0.790000 138.505000 0.000000 12.000000 306.101000 1013.540000 62.000000 1.070000 312.005000 -1.000000 0.000000
2014-07-10T13:00:00Z 304.159000 1013.460000 80.000000 2.060000 285.510000 -1.000000 0.000000 299.809000 1014.110000 100.000000 1.360000 123.510000 6.000000 92.000000 304.409000 1003.740000 85.000000 1.060000 291.010000 2.000000 48.000000 306.201000 1011.930000 69.000000 0.790000 138.505000 0.000000 12.000000 306.101000 1013.540000 62.000000 1.070000 312.005000 -1.000000 0.000000
2014-07-10T12:00:00Z 303.282000 1014.930000 81.000000 1.620000 81.001900 -1.000000 0.000000 304.632000 1014.690000 63.000000 2.520000 50.501900 -1.000000 0.000000 299.882000 1005.530000 100.000000 1.620000 169.002000 1.000000 92.000000 304.682000 1013.390000 84.000000 2.220000 80.501900 0.000000 12.000000 304.350000 1014.390000 64.000000 3.010000 346.500000 -1.000000 12.000000
2014-10-16T04:00:00Z 288.271000 1034.400000 95.000000 3.310000 241.502000 -1.000000 88.000000 285.921000 1034.070000 85.000000 3.660000 290.502000 -1.000000 88.000000 281.421000 1024.510000 81.000000 1.360000 225.502000 -1.000000 48.000000 286.471000 1033.830000 85.000000 3.460000 327.502000 -1.000000 88.000000 285.571000 1035.130000 67.000000 4.260000 354.002000 -1.000000 8.000000
2014-10-16T03:00:00Z 287.318000 1033.880000 93.000000 3.310000 239.000000 -1.000000 48.000000 284.318000 1033.390000 87.000000 1.960000 244.500000 -1.000000 88.000000 281.368000 1024.230000 79.000000 1.210000 224.500000 -1.000000 36.000000 286.068000 1032.910000 78.000000 2.560000 238.000000 -1.000000 88.000000 286.568000 1033.880000 67.000000 4.460000 339.500000 -1.000000 80.000000
2014-10-16T02:00:00Z 287.318000 1033.880000 93.000000 3.310000 239.000000 -1.000000 48.000000 284.318000 1033.390000 87.000000 1.960000 244.500000 -1.000000 88.000000 281.368000 1024.230000 79.000000 1.210000 224.500000 -1.000000 36.000000 286.068000 1032.910000 78.000000 2.560000 238.000000 -1.000000 88.000000 286.568000 1033.880000 67.000000 4.460000 339.500000 -1.000000 80.000000
2014-10-16T01:00:00Z 287.318000 1033.880000 93.000000 3.310000 239.000000 -1.000000 48.000000 282.077000 1033.650000 81.000000 1.950000 228.002000 -1.000000 8.000000 281.368000 1024.230000 79.000000 1.210000 224.500000 -1.000000 36.000000 286.068000 1032.910000 78.000000 2.560000 238.000000 -1.000000 88.000000 286.568000 1033.880000 67.000000 4.460000 339.500000 -1.000000 80.000000
2014-10-16T00:00:00Z 287.002000 1033.790000 92.000000 2.750000 230.503000 -1.000000 32.000000 284.202000 1033.550000 82.000000 2.850000 236.503000 -1.000000 48.000000 281.652000 1023.820000 79.000000 1.250000 170.503000 -1.000000 20.000000 285.802000 1032.490000 83.000000 2.100000 236.503000 -1.000000 68.000000 287.602000 1032.490000 74.000000 4.200000 273.503000 -1.000000 80.000000
2014-10-15T23:00:00Z 287.002000 1033.790000 92.000000 2.750000 230.503000 -1.000000 32.000000 284.202000 1033.550000 82.000000 2.850000 236.503000 -1.000000 48.000000 281.652000 1023.820000 79.000000 1.250000 170.503000 -1.000000 20.000000 285.802000 1032.490000 83.000000 2.100000 236.503000 -1.000000 68.000000 287.602000 1032.490000 74.000000 4.200000 273.503000 -1.000000 80.000000
2014-10-21T08:00:00Z 294.548000 1026.980000 83.000000 1.400000 58.000300 -1.000000 80.000000 294.198000 1027.140000 91.000000 2.950000 48.000300 -1.000000 92.000000 294.048000 1017.010000 80.000000 0.200000 129.000000 -1.000000 92.000000 293.625000 1025.550000 93.000000 4.320000 299.510000 -1.000000 92.000000 290.875000 1026.690000 100.000000 8.320000 23.509900 4.500000 100.000000
2014-10-21T07:00:00Z 296.350000 1025.630000 74.000000 2.320000 182.510000 -1.000000 48.000000 295.325000 1025.390000 71.000000 2.870000 210.010000 -1.000000 76.000000 294.048000 1017.010000 80.000000 0.200000 129.000000 -1.000000 92.000000 293.298000 1026.090000 92.000000 2.750000 76.500300 -1.000000 100.000000 290.875000 1026.690000 100.000000 8.320000 23.509900 4.500000 100.000000
2014-10-21T06:00:00Z 296.350000 1025.630000 74.000000 2.320000 182.510000 -1.000000 48.000000 295.325000 1025.390000 71.000000 2.870000 210.010000 -1.000000 76.000000 294.048000 1017.010000 80.000000 0.200000 129.000000 -1.000000 92.000000 293.298000 1026.090000 92.000000 2.750000 76.500300 -1.000000 100.000000 290.875000 1026.690000 100.000000 8.320000 23.509900 4.500000 100.000000
2014-10-21T05:00:00Z 291.802000 1025.000000 87.000000 1.320000 158.001000 -1.000000 56.000000 292.319000 1025.900000 97.000000 3.320000 56.000500 -1.000000 76.000000 288.752000 1015.280000 85.000000 1.170000 188.001000 -1.000000 44.000000 292.294000 1025.170000 95.000000 3.170000 63.000500 -1.000000 92.000000 291.927000 1025.170000 98.000000 0.970000 45.500900 4.500000 92.000000
2014-10-21T04:00:00Z 291.802000 1025.000000 87.000000 1.320000 158.001000 -1.000000 56.000000 290.952000 1024.680000 83.000000 2.120000 162.501000 -1.000000 36.000000 289.644000 1015.680000 87.000000 0.720000 82.500500 -1.000000 68.000000 292.294000 1025.170000 95.000000 3.170000 63.000500 -1.000000 92.000000 291.927000 1025.170000 98.000000 0.970000 45.500900 4.500000 92.000000
2014-10-21T03:00:00Z 291.709000 1025.620000 87.000000 1.210000 135.000000 -1.000000 36.000000 290.909000 1025.380000 84.000000 1.310000 148.000000 -1.000000 36.000000 290.419000 1016.420000 84.000000 0.410000 88.001600 -1.000000 76.000000 291.659000 1024.080000 84.000000 1.210000 164.500000 -1.000000 48.000000 291.119000 1028.820000 99.000000 4.710000 46.001600 -1.000000 100.000000
2014-11-06T04:00:00Z 286.144000 1033.270000 96.000000 4.190000 314.503000 -1.000000 0.000000 284.819000 1033.520000 83.000000 4.770000 319.503000 -1.000000 0.000000 285.194000 1023.380000 80.000000 2.070000 293.003000 -1.000000 44.000000 282.644000 1033.520000 93.000000 3.920000 322.003000 -1.000000 0.000000 279.819000 1034.570000 89.000000 3.190000 342.003000 -1.000000 0.000000
2014-11-06T03:00:00Z 287.135000 1032.620000 90.000000 3.850000 328.502000 -1.000000 64.000000 286.935000 1032.620000 73.000000 3.250000 344.002000 -1.000000 64.000000 286.010000 1023.060000 73.000000 2.430000 300.002000 -1.000000 88.000000 285.185000 1032.540000 81.000000 1.830000 316.002000 -1.000000 36.000000 281.885000 1033.680000 80.000000 2.580000 295.002000 -1.000000 0.000000
2014-11-06T02:00:00Z 287.135000 1032.620000 90.000000 3.850000 328.502000 -1.000000 64.000000 286.935000 1032.620000 73.000000 3.250000 344.002000 -1.000000 64.000000 286.010000 1023.060000 73.000000 2.430000 300.002000 -1.000000 88.000000 285.185000 1032.540000 81.000000 1.830000 316.002000 -1.000000 36.000000 281.885000 1033.680000 80.000000 2.580000 295.002000 -1.000000 0.000000
2014-11-06T01:00:00Z 287.135000 1032.620000 90.000000 3.850000 328.502000 -1.000000 64.000000 286.935000 1032.620000 73.000000 3.250000 344.002000 -1.000000 64.000000 286.010000 1023.060000 73.000000 2.430000 300.002000 -1.000000 88.000000 285.185000 1032.540000 81.000000 1.830000 316.002000 -1.000000 36.000000 281.885000 1033.680000 80.000000 2.580000 295.002000 -1.000000 0.000000
2014-11-06T00:00:00Z 287.404000 1032.020000 87.000000 3.550000 312.505000 -1.000000 56.000000 286.804000 1031.850000 75.000000 4.320000 333.505000 -1.000000 64.000000 286.554000 1022.290000 68.000000 2.570000 301.005000 -1.000000 80.000000 287.229000 1031.610000 69.000000 3.500000 340.505000 -1.000000 80.000000 284.254000 1032.660000 83.000000 1.270000 309.505000 -1.000000 64.000000
2014-11-05T23:00:00Z 287.404000 1032.020000 87.000000 3.550000 312.505000 -1.000000 56.000000 286.804000 1031.850000 75.000000 4.320000 333.505000 -1.000000 64.000000 286.554000 1022.290000 68.000000 2.570000 301.005000 -1.000000 80.000000 287.229000 1031.610000 69.000000 3.500000 340.505000 -1.000000 80.000000 284.254000 1032.660000 83.000000 1.270000 309.505000 -1.000000 64.000000
2014-11-11T22:00:00Z 286.470000 1031.910000 96.000000 4.770000 264.503000 -1.000000 12.000000 285.207000 1032.170000 87.000000 3.060000 298.500000 -1.000000 0.000000 284.275000 1023.280000 92.000000 2.480000 279.002000 -1.000000 32.000000 281.982000 1031.920000 87.000000 1.610000 259.500000 -1.000000 0.000000 285.145000 1031.350000 73.000000 6.170000 310.503000 -1.000000 68.000000
2014-11-11T21:00:00Z 285.118000 1031.580000 95.000000 3.030000 237.001000 -1.000000 0.000000 285.618000 1031.090000 77.000000 3.080000 258.001000 -1.000000 32.000000 285.793000 1021.930000 91.000000 1.460000 279.501000 -1.000000 24.000000 284.543000 1030.690000 85.000000 3.510000 268.001000 -1.000000 24.000000 284.591000 1029.770000 78.000000 4.310000 252.504000 -1.000000 76.000000
2014-11-11T20:00:00Z 285.118000 1031.580000 95.000000 3.030000 237.001000 -1.000000 0.000000 285.618000 1031.090000 77.000000 3.080000 258.001000 -1.000000 32.000000 285.793000 1021.930000 91.000000 1.460000 279.501000 -1.000000 24.000000 284.543000 1030.690000 85.000000 3.510000 268.001000 -1.000000 24.000000 283.268000 1030.690000 86.000000 3.130000 262.501000 -1.000000 56.000000
2014-11-11T19:00:00Z 285.118000 1031.580000 95.000000 3.030000 237.001000 -1.000000 0.000000 285.618000 1031.090000 77.000000 3.080000 258.001000 -1.000000 32.000000 285.793000 1021.930000 91.000000 1.460000 279.501000 -1.000000 24.000000 284.543000 1030.690000 85.000000 3.510000 268.001000 -1.000000 24.000000 283.268000 1030.690000 86.000000 3.130000 262.501000 -1.000000 56.000000
2014-11-11T18:00:00Z 288.805000 1030.860000 77.000000 3.470000 255.000000 -1.000000 8.000000 289.605000 1030.210000 60.000000 3.500000 255.500000 -1.000000 76.000000 288.705000 1020.650000 74.000000 1.300000 276.000000 -1.000000 68.000000 289.255000 1029.320000 63.000000 3.420000 267.500000 -1.000000 12.000000 287.651000 1029.080000 63.000000 4.470000 249.002000 -1.000000 8.000000
2014-11-11T17:00:00Z 288.776000 1030.210000 76.000000 2.970000 262.502000 -1.000000 0.000000 289.605000 1030.210000 60.000000 3.500000 255.500000 -1.000000 76.000000 288.705000 1020.650000 74.000000 1.300000 276.000000 -1.000000 68.000000 289.255000 1029.320000 63.000000 3.420000 267.500000 -1.000000 12.000000 287.005000 1029.480000 69.000000 3.970000 259.000000 -1.000000 24.000000
