2013-06-01T04:00:00Z 0.00000 0.00000 0 0 1
2013-06-01T03:00:00Z 0.00000 0.00000 0 0 0
2013-06-01T02:00:00Z 0.00000 0.00000 0 0 0
2013-06-01T01:00:00Z 0.00000 0.00000 0 0 0
2013-06-01T00:00:00Z 0.00000 0.00000 0 0 0
2013-05-31T23:00:00Z 0.00000 0.00000 0 0 0
2013-06-02T14:00:00Z 0.00000 0.00000 0 0 1
2013-06-02T13:00:00Z 0.00000 0.00000 0 0 1
2013-06-02T12:00:00Z 0.00000 0.00000 0 0 1
2013-06-02T11:00:00Z 0.00000 0.00000 0 0 0
2013-06-02T10:00:00Z 0.00000 0.00000 0 0 0
2013-06-02T09:00:00Z 0.00000 0.00000 0 0 0
2013-06-05T20:00:00Z 0.00000 0.00000 0 0 0
2013-06-05T19:00:00Z 0.00000 0.00000 0 0 0
2013-06-05T18:00:00Z 0.00000 0.00000 0 0 0
2013-06-05T17:00:00Z 0.00000 0.00000 0 0 0
2013-06-05T16:00:00Z 0.00000 0.00000 0 0 0
2013-06-05T15:00:00Z 0.00000 0.00000 0 0 0
2013-06-14T16:00:00Z 0.00000 0.00000 0 0 2
2013-06-14T15:00:00Z 0.00000 0.00000 0 0 2
2013-06-14T14:00:00Z 0.00000 0.00000 0 0 1
2013-06-14T13:00:00Z 0.00000 0.00000 0 0 0
2013-06-14T12:00:00Z 0.00000 0.00000 0 0 0
2013-06-14T11:00:00Z 0.00000 0.00000 0 0 1
2013-06-15T17:00:00Z 0.00000 0.00000 0 0 1
2013-06-15T16:00:00Z 0.00000 0.00000 0 0 1
2013-06-15T15:00:00Z 0.00000 0.00000 0 0 1
2013-06-15T14:00:00Z 0.00000 0.00000 0 0 1
2013-06-15T13:00:00Z 0.00000 0.00000 0 0 1
2013-06-15T12:00:00Z 0.00000 0.00000 0 0 2
2013-06-26T01:00:00Z 0.00000 0.00000 0 0 3
2013-06-26T00:00:00Z 0.00000 0.00000 0 0 3
2013-06-25T23:00:00Z 0.00000 0.00000 0 0 3
2013-06-25T22:00:00Z 0.00000 0.00000 0 0 2
2013-06-25T21:00:00Z 0.00000 0.00000 0 0 2
2013-06-25T20:00:00Z 0.00000 0.00000 0 0 2
2013-06-28T05:00:00Z 0.00000 0.00000 0 0 1
2013-06-28T04:00:00Z 0.00000 0.00000 0 0 1
2013-06-28T03:00:00Z 0.00000 0.00000 0 0 1
2013-06-28T02:00:00Z 0.00000 0.00000 0 0 1
2013-06-28T01:00:00Z 0.00000 0.00000 0 0 1
2013-06-28T00:00:00Z 0.00000 0.00000 0 0 1
2013-06-30T01:00:00Z 0.00000 0.00000 0 0 1
2013-06-30T00:00:00Z 0.00000 0.00000 0 0 1
2013-06-29T23:00:00Z 0.00000 0.00000 0 0 2
2013-06-29T22:00:00Z 0.00000 0.00000 0 0 2
2013-06-29T21:00:00Z 0.00000 0.00000 0 0 3
2013-06-29T20:00:00Z 0.00000 0.00000 0 0 5
2013-07-18T14:00:00Z 0.00000 0.00000 0 0 631
2013-07-18T13:00:00Z 0.00000 0.00000 0 0 561
2013-07-18T12:00:00Z 0.00000 0.00000 0 0 513
2013-07-18T11:00:00Z 0.00000 0.00000 0 0 495
2013-07-18T10:00:00Z 0.00000 0.00000 0 0 551
2013-07-18T09:00:00Z 0.00000 0.00000 0 0 566
2013-08-15T21:00:00Z 0.00247 0.00000 2 0 811
2013-08-15T20:00:00Z 0.00246 0.00000 2 0 812
2013-08-15T19:00:00Z 0.00247 0.00000 2 0 810
2013-08-15T18:00:00Z 0.00126 0.00000 1 0 792
2013-08-15T17:00:00Z 0.00000 0.00000 0 0 728
2013-08-15T16:00:00Z 0.00000 0.00000 0 0 671
2013-09-12T15:00:00Z 0.00624 0.00000 3 0 481
2013-09-12T14:00:00Z 0.00473 0.00000 2 0 423
2013-09-12T13:00:00Z 0.00278 0.00000 1 0 360
2013-09-12T12:00:00Z 0.00304 0.00000 1 0 329
2013-09-12T11:00:00Z 0.00000 0.00000 0 0 313
2013-09-12T10:00:00Z 0.00290 0.00000 1 0 345
2013-09-19T22:00:00Z 0.00285 0.00095 6 2 2102
2013-09-19T21:00:00Z 0.00451 0.00100 9 2 1995
2013-09-19T20:00:00Z 0.00482 0.00000 9 0 1866
2013-09-19T19:00:00Z 0.00468 0.00000 8 0 1711
2013-09-19T18:00:00Z 0.00510 0.00000 8 0 1569
2013-09-19T17:00:00Z 0.00705 0.00000 10 0 1418
2013-09-27T17:00:00Z 0.00172 0.00000 1 0 580
2013-09-27T16:00:00Z 0.00195 0.00000 1 0 514
2013-09-27T15:00:00Z 0.00214 0.00000 1 0 468
2013-09-27T14:00:00Z 0.00000 0.00000 0 0 402
2013-09-27T13:00:00Z 0.00000 0.00000 0 0 371
2013-09-27T12:00:00Z 0.00000 0.00000 0 0 329
2013-10-04T21:00:00Z 0.00927 0.00039 24 1 2588
2013-10-04T20:00:00Z 0.00937 0.00039 24 1 2562
2013-10-04T19:00:00Z 0.00880 0.00040 22 1 2501
2013-10-04T18:00:00Z 0.00876 0.00000 21 0 2396
2013-10-04T17:00:00Z 0.00785 0.00000 17 0 2165
2013-10-04T16:00:00Z 0.00608 0.00000 12 0 1974
2013-10-09T19:00:00Z 0.00153 0.00000 1 0 652
2013-10-09T18:00:00Z 0.00162 0.00000 1 0 617
2013-10-09T17:00:00Z 0.00172 0.00000 1 0 583
2013-10-09T16:00:00Z 0.00000 0.00000 0 0 531
2013-10-09T15:00:00Z 0.00000 0.00000 0 0 477
2013-10-09T14:00:00Z 0.00000 0.00000 0 0 426
2013-10-27T14:00:00Z 0.00336 0.00000 3 0 894
2013-10-27T13:00:00Z 0.00385 0.00000 3 0 779
2013-10-27T12:00:00Z 0.00440 0.00000 3 0 682
2013-10-27T11:00:00Z 0.00450 0.00000 3 0 666
2013-10-27T10:00:00Z 0.00426 0.00000 3 0 705
2013-10-27T09:00:00Z 0.00413 0.00000 3 0 726
2013-10-31T12:00:00Z 0.00000 0.00000 0 0 453
2013-10-31T11:00:00Z 0.00000 0.00000 0 0 492
2013-10-31T10:00:00Z 0.00000 0.00000 0 0 551
2013-10-31T09:00:00Z 0.00000 0.00000 0 0 607
2013-10-31T08:00:00Z 0.00000 0.00000 0 0 646
2013-10-31T07:00:00Z 0.00000 0.00000 0 0 697
2013-11-08T20:00:00Z 0.00393 0.00049 8 1 2035
2013-11-08T19:00:00Z 0.00406 0.00051 8 1 1972
2013-11-08T18:00:00Z 0.00381 0.00054 7 1 1836
2013-11-08T17:00:00Z 0.00300 0.00060 5 1 1664
2013-11-08T16:00:00Z 0.00326 0.00065 5 1 1533
2013-11-08T15:00:00Z 0.00217 0.00072 3 1 1380
2013-11-13T17:00:00Z 0.00110 0.00000 5 0 4529
2013-11-13T16:00:00Z 0.00119 0.00000 5 0 4185
2013-11-13T15:00:00Z 0.00131 0.00000 5 0 3816
2013-11-13T14:00:00Z 0.00146 0.00000 5 0 3417
2013-11-13T13:00:00Z 0.00159 0.00000 5 0 3136
2013-11-13T12:00:00Z 0.00164 0.00000 5 0 3041
2013-11-22T18:00:00Z 0.00132 0.00000 15 0 11325
2013-11-22T17:00:00Z 0.00087 0.00000 9 0 10369
2013-11-22T16:00:00Z 0.00087 0.00000 8 0 9217
2013-11-22T15:00:00Z 0.00084 0.00000 7 0 8311
2013-11-22T14:00:00Z 0.00081 0.00000 6 0 7397
2013-11-22T13:00:00Z 0.00077 0.00000 5 0 6497
2013-12-06T21:00:00Z 0.00217 0.00000 19 0 8742
2013-12-06T20:00:00Z 0.00249 0.00000 20 0 8042
2013-12-06T19:00:00Z 0.00280 0.00000 21 0 7493
2013-12-06T18:00:00Z 0.00201 0.00000 14 0 6958
2013-12-06T17:00:00Z 0.00126 0.00000 8 0 6358
2013-12-06T16:00:00Z 0.00088 0.00000 5 0 5681
2013-12-22T18:00:00Z 0.00120 0.00000 8 0 6659
2013-12-22T17:00:00Z 0.00101 0.00000 6 0 5913
2013-12-22T16:00:00Z 0.00077 0.00000 4 0 5224
2013-12-22T15:00:00Z 0.00088 0.00000 4 0 4544
2013-12-22T14:00:00Z 0.00092 0.00000 4 0 4369
2013-12-22T13:00:00Z 0.00087 0.00000 4 0 4580
2014-01-04T11:00:00Z 0.00051 0.00000 2 0 3908
2014-01-04T10:00:00Z 0.00026 0.00000 1 0 3781
2014-01-04T09:00:00Z 0.00026 0.00000 1 0 3781
2014-01-04T08:00:00Z 0.00049 0.00000 2 0 4078
2014-01-04T07:00:00Z 0.00066 0.00000 3 0 4548
2014-01-04T06:00:00Z 0.00059 0.00000 3 0 5096
2014-01-05T22:00:00Z 0.00138 0.00000 13 0 9442
2014-01-05T21:00:00Z 0.00165 0.00000 13 0 7901
2014-01-05T20:00:00Z 0.00179 0.00000 13 0 7248
2014-01-05T19:00:00Z 0.00182 0.00000 13 0 7159
2014-01-05T18:00:00Z 0.00189 0.00000 13 0 6892
2014-01-05T17:00:00Z 0.00169 0.00000 11 0 6516
2014-01-11T15:00:00Z 0.00058 0.00000 4 0 6839
2014-01-11T14:00:00Z 0.00061 0.00000 4 0 6521
2014-01-11T13:00:00Z 0.00096 0.00000 6 0 6275
2014-01-11T12:00:00Z 0.00090 0.00000 6 0 6690
2014-01-11T11:00:00Z 0.00106 0.00000 8 0 7536
2014-01-11T10:00:00Z 0.00117 0.00000 10 0 8569
2014-01-17T17:00:00Z 0.00142 0.00016 9 1 6329
2014-01-17T16:00:00Z 0.00142 0.00018 8 1 5637
2014-01-17T15:00:00Z 0.00120 0.00020 6 1 5003
2014-01-17T14:00:00Z 0.00114 0.00023 5 1 4390
2014-01-17T13:00:00Z 0.00127 0.00025 5 1 3932
2014-01-18T20:00:00Z 0.00635 0.00012 52 1 8185
2014-01-18T19:00:00Z 0.00704 0.00000 57 0 8097
2014-01-18T18:00:00Z 0.00700 0.00000 54 0 7715
2014-01-18T17:00:00Z 0.00732 0.00000 53 0 7239
2014-01-18T16:00:00Z 0.00776 0.00000 52 0 6697
2014-01-18T15:00:00Z 0.00777 0.00000 48 0 6178
2014-01-19T07:00:00Z 0.00154 0.00014 11 1 7147
2014-01-19T06:00:00Z 0.00186 0.00013 14 1 7537
2014-01-19T05:00:00Z 0.00198 0.00012 16 1 8062
2014-01-19T04:00:00Z 0.00197 0.00012 17 1 8626
2014-01-19T03:00:00Z 0.00229 0.00011 21 1 9174
2014-01-22T16:00:00Z 0.00123 0.00018 7 1 5691
2014-01-22T15:00:00Z 0.00129 0.00018 7 1 5424
2014-01-22T14:00:00Z 0.00135 0.00019 7 1 5197
2014-01-22T13:00:00Z 0.00126 0.00021 6 1 4780
2014-01-22T12:00:00Z 0.00102 0.00020 5 1 4917
2014-01-22T11:00:00Z 0.00074 0.00018 4 1 5425
2014-01-27T08:00:00Z 0.00049 0.00024 2 1 4099
2014-01-27T07:00:00Z 0.00045 0.00000 2 0 4408
2014-01-27T06:00:00Z 0.00042 0.00000 2 0 4761
2014-01-27T05:00:00Z 0.00039 0.00000 2 0 5065
2014-01-27T04:00:00Z 0.00037 0.00000 2 0 5365
2014-01-27T03:00:00Z 0.00054 0.00000 3 0 5585
2014-01-29T12:00:00Z 0.00341 0.00028 12 1 3524
2014-01-29T11:00:00Z 0.00291 0.00053 11 2 3783
2014-01-29T10:00:00Z 0.00217 0.00048 9 2 4156
2014-01-29T09:00:00Z 0.00172 0.00022 8 1 4645
2014-01-29T08:00:00Z 0.00140 0.00020 7 1 5012
2014-01-29T07:00:00Z 0.00114 0.00019 6 1 5248
2014-01-30T19:00:00Z 0.00041 0.00095 3 7 7345
2014-01-30T18:00:00Z 0.00029 0.00103 2 7 6797
2014-01-30T17:00:00Z 0.00033 0.00098 2 6 6104
2014-01-30T16:00:00Z 0.00036 0.00090 2 5 5564
2014-01-30T15:00:00Z 0.00020 0.00080 1 4 5031
2014-01-30T14:00:00Z 0.00021 0.00085 1 4 4714
2014-01-31T16:00:00Z 0.00181 0.00040 9 2 4960
2014-01-31T15:00:00Z 0.00194 0.00043 9 2 4650
2014-01-31T14:00:00Z 0.00201 0.00022 9 1 4475
2014-01-31T13:00:00Z 0.00201 0.00020 10 1 4973
2014-01-31T12:00:00Z 0.00112 0.00012 9 1 8007
2014-01-31T11:00:00Z 0.00091 0.00010 9 1 9942
2014-02-05T21:00:00Z 0.00460 0.00011 43 1 9344
2014-02-05T20:00:00Z 0.00489 0.00012 42 1 8592
2014-02-05T19:00:00Z 0.00483 0.00013 38 1 7862
2014-02-05T18:00:00Z 0.00479 0.00015 33 1 6895
2014-02-05T17:00:00Z 0.00351 0.00000 21 0 5982
2014-02-05T16:00:00Z 0.00296 0.00000 16 0 5407
2014-02-11T17:00:00Z 0.00111 0.00011 10 1 9008
2014-02-11T16:00:00Z 0.00126 0.00013 10 1 7958
2014-02-11T15:00:00Z 0.00127 0.00014 9 1 7082
2014-02-11T14:00:00Z 0.00126 0.00016 8 1 6349
2014-02-11T13:00:00Z 0.00137 0.00017 8 1 5836
2014-02-11T12:00:00Z 0.00142 0.00018 8 1 5616
2014-02-12T17:00:00Z 0.00064 0.00000 7 0 11002
2014-02-12T16:00:00Z 0.00061 0.00000 6 0 9828
2014-02-12T15:00:00Z 0.00067 0.00000 6 0 8927
2014-02-12T14:00:00Z 0.00075 0.00000 6 0 8035
2014-02-12T13:00:00Z 0.00081 0.00000 6 0 7397
2014-02-12T12:00:00Z 0.00083 0.00000 6 0 7247
2014-02-19T21:00:00Z 0.00110 0.00006 19 1 17303
2014-02-19T20:00:00Z 0.00174 0.00017 31 3 17791
2014-02-19T19:00:00Z 0.00248 0.00017 44 3 17738
2014-02-19T18:00:00Z 0.00256 0.00017 44 3 17162
2014-02-19T17:00:00Z 0.00258 0.00018 42 3 16308
2014-02-19T16:00:00Z 0.00271 0.00019 42 3 15470
2014-03-10T18:00:00Z 0.00124 0.00000 5 0 4042
2014-03-10T17:00:00Z 0.00109 0.00000 4 0 3671
2014-03-10T16:00:00Z 0.00121 0.00000 4 0 3306
2014-03-10T15:00:00Z 0.00100 0.00000 3 0 2998
2014-03-10T14:00:00Z 0.00073 0.00000 2 0 2742
2014-03-10T13:00:00Z 0.00078 0.00000 2 0 2576
2014-03-16T15:00:00Z 0.00087 0.00017 5 1 5768
2014-03-16T14:00:00Z 0.00076 0.00019 4 1 5254
2014-03-16T13:00:00Z 0.00082 0.00020 4 1 4885
2014-03-16T12:00:00Z 0.00122 0.00020 6 1 4938
2014-03-16T11:00:00Z 0.00094 0.00019 5 1 5343
2014-03-16T10:00:00Z 0.00068 0.00017 4 1 5853
2014-03-28T18:00:00Z 0.00258 0.00000 17 0 6590
2014-03-28T17:00:00Z 0.00277 0.00000 17 0 6142
2014-03-28T16:00:00Z 0.00297 0.00000 17 0 5717
2014-03-28T15:00:00Z 0.00264 0.00000 14 0 5303
2014-03-28T14:00:00Z 0.00262 0.00000 13 0 4968
2014-03-28T13:00:00Z 0.00267 0.00000 13 0 4865
2014-04-17T22:00:00Z 0.00033 0.00000 2 0 6059
2014-04-17T21:00:00Z 0.00070 0.00000 4 0 5734
2014-04-17T20:00:00Z 0.00164 0.00000 9 0 5504
2014-04-17T19:00:00Z 0.00227 0.00000 12 0 5290
2014-04-17T18:00:00Z 0.00259 0.00000 13 0 5010
2014-04-17T17:00:00Z 0.00256 0.00000 12 0 4696
2014-04-23T07:00:00Z 0.00053 0.00000 4 0 7523
2014-04-23T06:00:00Z 0.00090 0.00000 7 0 7790
2014-04-23T05:00:00Z 0.00097 0.00000 8 0 8212
2014-04-23T04:00:00Z 0.00092 0.00000 8 0 8689
2014-04-23T03:00:00Z 0.00087 0.00011 8 1 9194
2014-04-23T02:00:00Z 0.00083 0.00010 8 1 9598
2014-05-01T02:00:00Z 0.00248 0.00000 9 0 3634
2014-05-01T01:00:00Z 0.00238 0.00000 9 0 3776
2014-05-01T00:00:00Z 0.00245 0.00000 9 0 3672
2014-04-30T23:00:00Z 0.00232 0.00000 8 0 3444
2014-04-30T22:00:00Z 0.00213 0.00000 7 0 3279
2014-04-30T21:00:00Z 0.00220 0.00000 7 0 3179
2014-05-07T00:00:00Z 0.00000 0.00000 0 0 908
2014-05-06T23:00:00Z 0.00000 0.00000 0 0 865
2014-05-06T22:00:00Z 0.00000 0.00000 0 0 793
2014-05-06T21:00:00Z 0.00000 0.00000 0 0 748
2014-05-06T20:00:00Z 0.00000 0.00000 0 0 708
2014-05-06T19:00:00Z 0.00000 0.00000 0 0 677
2014-05-15T13:00:00Z 0.00000 0.00000 0 0 753
2014-05-15T12:00:00Z 0.00000 0.00000 0 0 701
2014-05-15T11:00:00Z 0.00000 0.00000 0 0 783
2014-05-15T10:00:00Z 0.00000 0.00000 0 0 858
2014-05-15T09:00:00Z 0.00000 0.00000 0 0 957
2014-05-15T08:00:00Z 0.00000 0.00000 0 0 995
2014-05-18T17:00:00Z 0.00060 0.00000 2 0 3330
2014-05-18T16:00:00Z 0.00066 0.00000 2 0 3008
2014-05-18T15:00:00Z 0.00073 0.00000 2 0 2751
2014-05-18T14:00:00Z 0.00119 0.00000 3 0 2517
2014-05-18T13:00:00Z 0.00127 0.00000 3 0 2358
2014-05-18T12:00:00Z 0.00128 0.00000 3 0 2337
2014-05-19T11:00:00Z 0.00043 0.00000 1 0 2305
2014-05-19T10:00:00Z 0.00038 0.00000 1 0 2607
2014-05-19T09:00:00Z 0.00036 0.00000 1 0 2766
2014-05-19T08:00:00Z 0.00000 0.00000 0 0 2929
2014-05-19T07:00:00Z 0.00000 0.00000 0 0 3065
2014-05-19T06:00:00Z 0.00031 0.00000 1 0 3264
2014-05-21T14:00:00Z 0.00027 0.00000 1 0 3687
2014-05-21T13:00:00Z 0.00030 0.00000 1 0 3301
2014-05-21T12:00:00Z 0.00031 0.00000 1 0 3241
2014-05-21T11:00:00Z 0.00028 0.00000 1 0 3583
2014-05-21T10:00:00Z 0.00026 0.00000 1 0 3887
2014-05-21T09:00:00Z 0.00024 0.00000 1 0 4094
2014-05-25T04:00:00Z 0.00080 0.00000 2 0 2486
2014-05-25T03:00:00Z 0.00076 0.00000 2 0 2643
2014-05-25T02:00:00Z 0.00072 0.00000 2 0 2796
2014-05-25T01:00:00Z 0.00068 0.00000 2 0 2952
2014-05-25T00:00:00Z 0.00066 0.00000 2 0 3013
2014-05-24T23:00:00Z 0.00068 0.00000 2 0 2939
2014-07-07T09:00:00Z 0.00033 0.00000 1 0 3039
2014-07-07T08:00:00Z 0.00032 0.00000 1 0 3140
2014-07-07T07:00:00Z 0.00000 0.00000 0 0 3247
2014-07-07T06:00:00Z 0.00000 0.00000 0 0 3432
2014-07-07T05:00:00Z 0.00000 0.00000 0 0 3654
2014-07-26T04:00:00Z 0.00074 0.00015 5 1 6741
2014-07-26T03:00:00Z 0.00084 0.00014 6 1 7106
2014-07-26T02:00:00Z 0.00094 0.00013 7 1 7444
2014-07-26T01:00:00Z 0.00092 0.00013 7 1 7623
2014-07-26T00:00:00Z 0.00093 0.00013 7 1 7513
2014-07-25T23:00:00Z 0.00115 0.00014 8 1 6977
2014-07-28T01:00:00Z 0.00057 0.00000 5 0 8705
2014-07-28T00:00:00Z 0.00058 0.00000 5 0 8663
2014-07-27T23:00:00Z 0.00060 0.00000 5 0 8276
2014-07-27T22:00:00Z 0.00088 0.00000 7 0 7933
2014-07-27T21:00:00Z 0.00078 0.00000 6 0 7647
2014-07-27T20:00:00Z 0.00067 0.00013 5 1 7452
2014-07-30T08:00:00Z 0.00024 0.00000 1 0 4152
2014-07-30T07:00:00Z 0.00022 0.00000 1 0 4558
2014-07-30T06:00:00Z 0.00040 0.00000 2 0 5043
2014-07-30T05:00:00Z 0.00054 0.00000 3 0 5575
2014-07-30T04:00:00Z 0.00049 0.00000 3 0 6092
2014-07-30T03:00:00Z 0.00045 0.00000 3 0 6681
2014-08-02T09:00:00Z 0.00074 0.00000 2 0 2695
2014-08-02T08:00:00Z 0.00000 0.00000 0 0 2679
2014-08-02T07:00:00Z 0.00000 0.00000 0 0 2755
2014-08-02T06:00:00Z 0.00000 0.00000 0 0 2848
2014-08-02T05:00:00Z 0.00000 0.00000 0 0 3014
2014-08-21T01:00:00Z 0.00067 0.00000 18 0 26892
2014-08-21T00:00:00Z 0.00058 0.00000 15 0 25946
2014-08-20T23:00:00Z 0.00059 0.00004 14 1 23754
2014-08-20T22:00:00Z 0.00052 0.00005 11 1 21086
2014-08-20T21:00:00Z 0.00078 0.00005 15 1 19137
2014-08-20T20:00:00Z 0.00110 0.00006 19 1 17310
2014-08-30T03:00:00Z 0.00106 0.00000 16 0 15049
2014-08-30T02:00:00Z 0.00120 0.00000 19 0 15788
2014-08-30T01:00:00Z 0.00128 0.00000 21 0 16401
2014-08-30T00:00:00Z 0.00128 0.00000 21 0 16344
2014-08-29T23:00:00Z 0.00135 0.00000 21 0 15552
2014-08-29T22:00:00Z 0.00145 0.00000 21 0 14489
2014-09-01T09:00:00Z 0.00279 0.00010 27 1 9685
2014-09-01T08:00:00Z 0.00224 0.00009 24 1 10692
2014-09-01T07:00:00Z 0.00156 0.00009 18 1 11552
2014-09-01T06:00:00Z 0.00158 0.00008 20 1 12692
2014-09-01T05:00:00Z 0.00187 0.00007 26 1 13911
2014-09-01T04:00:00Z 0.00214 0.00007 32 1 14946
2014-09-05T19:00:00Z 0.00716 0.00011 68 1 9498
2014-09-05T18:00:00Z 0.00635 0.00011 57 1 8977
2014-09-05T17:00:00Z 0.00625 0.00012 52 1 8319
2014-09-05T16:00:00Z 0.00598 0.00013 46 1 7698
2014-09-05T15:00:00Z 0.00553 0.00014 39 1 7058
2014-09-20T17:00:00Z 0.00099 0.00014 7 1 7059
2014-09-20T16:00:00Z 0.00109 0.00016 7 1 6433
2014-09-20T15:00:00Z 0.00069 0.00017 4 1 5790
2014-09-20T14:00:00Z 0.00077 0.00019 4 1 5170
2014-09-25T10:00:00Z 0.00055 0.00000 2 0 3623
2014-09-25T09:00:00Z 0.00025 0.00000 1 0 3962
2014-09-25T08:00:00Z 0.00024 0.00000 1 0 4183
2014-09-25T07:00:00Z 0.00023 0.00000 1 0 4375
2014-09-25T06:00:00Z 0.00043 0.00000 2 0 4624
2014-09-25T05:00:00Z 0.00041 0.00000 2 0 4862
2014-10-03T14:00:00Z 0.00294 0.00000 23 0 7820
2014-10-03T13:00:00Z 0.00292 0.00000 21 0 7201
2014-10-03T12:00:00Z 0.00223 0.00000 16 0 7191
2014-10-03T11:00:00Z 0.00154 0.00000 12 0 7806
2014-10-03T10:00:00Z 0.00104 0.00000 9 0 8654
2014-10-03T09:00:00Z 0.00064 0.00000 6 0 9365
2014-10-07T13:00:00Z 0.00162 0.00012 13 1 8047
2014-10-07T12:00:00Z 0.00170 0.00012 14 1 8228
2014-10-07T11:00:00Z 0.00153 0.00011 14 1 9157
2014-10-07T10:00:00Z 0.00153 0.00010 16 1 10426
2014-10-17T17:00:00Z 0.00139 0.00000 10 0 7176
2014-10-17T16:00:00Z 0.00153 0.00000 10 0 6542
2014-10-17T15:00:00Z 0.00134 0.00000 8 0 5963
2014-10-17T14:00:00Z 0.00147 0.00000 8 0 5447
2014-10-17T13:00:00Z 0.00164 0.00000 8 0 4889
2014-10-17T12:00:00Z 0.00175 0.00000 8 0 4565
2014-10-18T11:00:00Z 0.00146 0.00000 9 0 6167
2014-10-18T10:00:00Z 0.00131 0.00000 9 0 6846
2014-10-18T09:00:00Z 0.00109 0.00000 8 0 7335
2014-10-18T08:00:00Z 0.00093 0.00000 7 0 7536
2014-10-18T07:00:00Z 0.00128 0.00000 10 0 7805
2014-10-18T06:00:00Z 0.00147 0.00000 12 0 8141
2014-10-29T15:00:00Z 0.00000 0.00000 0 0 0
2014-10-29T14:00:00Z 0.00000 0.00000 0 0 0
2014-10-29T13:00:00Z 0.00000 0.00000 0 0 0
2014-10-29T12:00:00Z 0.00000 0.00000 0 0 0
2014-10-29T11:00:00Z 0.00000 0.00000 0 0 0
2014-10-29T10:00:00Z 0.00000 0.00000 0 0 0
