2013-06-13T01:00:00 217 26 9 24 4 4 14 1 6 3 18
2013-06-13T00:00:00 249 28 11 33 7 5 28 1 10 3 24
2013-06-12T23:00:00 270 27 11 35 12 4 39 1 18 3 28
2013-06-12T22:00:00 288 30 16 36 25 6 50 1 22 6 29
2013-06-12T21:00:00 286 30 16 35 36 7 74 1 31 10 34
2013-06-12T20:00:00 287 30 18 35 38 10 106 0 34 14 34
2013-06-12T19:00:00 275 29 19 43 43 11 131 1 46 14 36
2013-06-12T18:00:00 270 28 21 41 46 9 147 2 54 14 38
2013-06-12T17:00:00 274 28 21 47 48 10 167 5 60 15 40
2013-06-12T16:00:00 284 27 20 51 39 9 167 5 67 12 42
2013-06-12T15:00:00 293 23 19 49 29 7 152 5 61 9 43
2013-06-12T14:00:00 294 23 15 42 27 4 129 5 59 5 42
2013-11-08T21:00:00 131 18 18 13 8 3 29 2 15 2 14
2013-11-08T20:00:00 132 18 20 14 6 3 34 2 14 3 12
2013-11-08T19:00:00 128 18 24 14 8 3 37 1 11 3 14
2013-11-08T18:00:00 124 18 25 16 12 3 37 3 10 3 16
2013-11-08T17:00:00 113 20 22 18 9 3 38 3 12 3 17
2013-11-08T16:00:00 105 18 22 16 9 4 41 4 14 5 16
2013-11-08T15:00:00 109 19 29 16 8 3 38 4 12 8 14
2013-11-08T14:00:00 109 19 28 14 9 2 35 4 12 8 13
2013-11-08T13:00:00 110 18 23 12 7 5 32 4 13 8 13
2013-11-08T12:00:00 104 15 20 8 4 5 29 2 12 7 9
2013-11-08T11:00:00 92 12 18 4 5 4 22 1 10 6 6
2013-11-08T10:00:00 77 9 14 3 3 3 12 0 4 4 5
2013-11-17T11:00:00 94 12 11 6 3 2 29 1 10 2 14
2013-11-17T10:00:00 75 10 9 6 2 1 21 1 7 1 10
2013-11-17T09:00:00 60 8 7 7 2 1 11 1 3 0 7
2013-11-17T08:00:00 42 6 6 1 2 0 9 1 1 0 3
2013-11-17T07:00:00 26 4 3 2 0 0 3 1 1 0 1
2013-11-17T06:00:00 18 5 7 2 0 0 8 1 2 1 2
2013-11-17T05:00:00 31 9 9 2 2 0 10 1 3 4 3
2013-11-17T04:00:00 54 12 13 3 2 0 11 1 3 5 5
2013-11-17T03:00:00 82 14 12 3 4 0 19 1 3 6 8
2013-11-17T02:00:00 96 20 10 5 5 0 26 2 5 7 9
2013-11-17T01:00:00 115 22 14 13 5 1 34 2 7 9 12
2013-11-17T00:00:00 134 22 18 21 6 2 35 1 7 8 13
2013-11-21T13:00:00 123 10 22 9 0 2 15 3 12 5 9
2013-11-21T12:00:00 105 11 20 8 0 1 13 2 10 4 8
2013-11-21T11:00:00 80 7 17 7 0 1 7 2 8 4 8
2013-11-21T10:00:00 70 6 8 4 0 0 6 1 7 2 8
2013-11-21T09:00:00 53 5 4 2 0 1 4 2 4 2 8
2013-11-21T08:00:00 38 4 3 2 0 1 1 1 2 3 3
2013-11-21T07:00:00 20 1 2 1 0 1 0 1 1 1 1
2013-11-21T06:00:00 18 1 4 3 2 1 1 1 1 2 0
2013-11-21T05:00:00 25 4 8 5 2 1 4 1 2 3 1
2013-11-21T04:00:00 37 6 13 5 3 1 6 2 2 4 1
2013-11-21T03:00:00 54 8 21 7 4 0 7 1 2 4 1
2013-11-21T02:00:00 75 10 23 8 5 0 8 1 3 4 2
2013-12-04T13:00:00 74 4 19 3 3 4 17 1 5 2 8
2013-12-04T12:00:00 78 5 17 2 1 5 14 1 4 1 6
2013-12-04T11:00:00 76 4 14 1 1 4 12 1 4 1 4
2013-12-04T10:00:00 69 4 10 2 1 4 9 1 3 1 4
2013-12-04T09:00:00 55 3 6 1 1 2 7 0 0 1 3
2013-12-04T08:00:00 38 2 3 1 0 2 5 0 0 1 3
2013-12-04T07:00:00 25 4 3 1 0 1 3 0 0 1 2
2013-12-04T06:00:00 18 6 7 1 0 0 1 1 0 2 2
2013-12-04T05:00:00 24 9 13 3 1 0 1 1 1 2 1
2013-12-04T04:00:00 29 11 16 3 2 0 2 1 1 2 2
2013-12-04T03:00:00 41 13 20 4 3 0 2 2 2 4 3
2013-12-04T02:00:00 48 13 21 6 4 0 7 2 2 4 4
2013-12-08T07:00:00 17 2 1 1 0 0 0 0 1 0 4
2013-12-08T06:00:00 17 4 3 1 0 1 4 0 2 0 4
2013-12-08T05:00:00 26 4 6 2 1 2 8 0 2 0 4
2013-12-08T04:00:00 33 6 6 3 2 2 14 0 3 4 10
2013-12-08T03:00:00 45 5 6 3 2 2 23 1 3 5 11
2013-12-08T02:00:00 62 7 8 6 2 3 27 1 4 7 14
2013-12-08T01:00:00 79 9 10 10 2 4 34 2 7 7 16
2013-12-08T00:00:00 91 11 9 12 2 3 34 2 6 7 17
2013-12-07T23:00:00 99 12 10 13 6 2 37 3 6 9 19
2013-12-07T22:00:00 112 15 11 14 5 3 46 3 10 7 20
2013-12-07T21:00:00 118 17 15 15 8 4 49 2 14 7 28
2013-12-07T20:00:00 126 16 14 16 10 7 52 3 14 6 26
2013-12-10T11:00:00 75 6 13 0 0 2 4 0 2 3 4
2013-12-10T10:00:00 64 3 9 0 0 2 4 0 2 3 3
2013-12-10T09:00:00 56 3 8 1 0 2 3 0 2 3 3
2013-12-10T08:00:00 39 2 4 1 0 1 3 0 1 3 2
2013-12-10T07:00:00 23 2 4 1 0 0 1 1 0 0 1
2013-12-10T06:00:00 16 2 3 1 0 0 1 1 0 0 0
2013-12-10T05:00:00 24 5 5 1 0 1 3 1 0 0 1
2013-12-10T04:00:00 34 11 9 2 0 2 4 2 0 1 2
2013-12-10T03:00:00 48 12 10 2 0 2 6 2 1 1 2
2013-12-10T02:00:00 59 12 13 3 0 3 6 2 1 1 2
2013-12-10T01:00:00 72 13 15 4 1 3 9 1 1 3 3
2013-12-10T00:00:00 78 14 19 6 2 3 10 1 1 3 6
2013-12-25T17:00:00 103 10 26 2 13 5 15 4 2 2 12
2013-12-25T16:00:00 111 11 26 2 11 6 14 4 2 3 16
2013-12-25T15:00:00 104 12 23 2 9 5 15 2 2 4 17
2013-12-25T14:00:00 96 11 23 2 6 2 12 2 1 6 16
2013-12-25T13:00:00 106 8 19 1 3 2 12 1 1 6 16
2013-12-25T12:00:00 97 6 16 2 3 2 10 0 1 4 15
2013-12-25T11:00:00 81 4 10 2 1 2 8 0 0 4 13
2013-12-25T10:00:00 58 4 10 2 2 0 5 1 0 3 9
2013-12-25T09:00:00 45 3 7 2 2 0 4 1 0 2 7
2013-12-25T08:00:00 32 2 4 1 2 0 5 1 0 0 5
2013-12-25T07:00:00 8 2 8 1 3 0 3 1 0 0 4
2013-12-25T06:00:00 10 5 18 0 2 1 3 1 0 0 4
2013-12-31T11:00:00 88 3 16 3 2 0 11 1 3 3 7
2013-12-31T10:00:00 70 3 15 3 2 1 10 1 2 2 5
2013-12-31T09:00:00 53 0 14 2 1 1 8 0 2 2 5
2013-12-31T08:00:00 34 0 10 2 0 2 7 0 1 3 3
2013-12-31T07:00:00 17 3 11 1 1 3 6 0 2 1 2
2013-12-31T06:00:00 22 4 16 0 1 4 7 0 2 1 3
2013-12-31T05:00:00 28 5 18 0 1 4 6 0 4 1 4
2013-12-31T04:00:00 42 9 16 2 1 5 5 0 5 1 5
2013-12-31T03:00:00 56 10 17 2 2 5 8 1 5 1 6
2013-12-31T02:00:00 74 11 17 2 2 6 10 1 6 0 10
2013-12-31T01:00:00 97 9 20 4 4 7 11 1 5 0 10
2013-12-31T00:00:00 109 8 21 5 5 6 11 1 5 1 10
2014-01-04T07:00:00 17 1 2 0 0 1 2 1 1 0 1
2014-01-04T06:00:00 17 0 4 1 0 1 2 1 4 0 3
2014-01-04T05:00:00 28 3 7 1 1 1 7 2 4 0 6
2014-01-04T04:00:00 47 5 10 1 1 1 10 2 4 0 5
2014-01-04T03:00:00 59 9 12 3 1 1 14 2 5 0 5
2014-01-04T02:00:00 73 13 12 6 2 1 20 1 5 0 8
2014-01-04T01:00:00 86 14 12 8 4 2 22 3 6 3 11
2014-01-04T00:00:00 90 16 14 8 5 2 24 4 6 3 14
2014-01-03T23:00:00 91 14 11 12 6 2 20 4 8 3 11
2014-01-03T22:00:00 91 13 10 15 6 4 17 4 7 3 11
2014-01-03T21:00:00 99 10 8 15 6 5 19 5 9 4 12
2014-01-03T20:00:00 106 7 12 12 6 6 16 5 9 7 9
2014-01-13T02:00:00 92 14 19 3 1 4 40 1 2 1 10
2014-01-13T01:00:00 113 16 23 6 1 4 43 1 3 1 9
2014-01-13T00:00:00 130 17 24 10 6 4 44 1 3 2 10
2014-01-12T23:00:00 140 15 23 12 8 4 39 1 5 3 8
2014-01-12T22:00:00 163 14 22 14 12 4 28 2 8 4 10
2014-01-12T21:00:00 178 12 20 15 15 3 23 2 10 6 13
2014-01-12T20:00:00 168 12 23 21 17 5 18 1 14 6 13
2014-01-12T19:00:00 174 11 19 21 19 6 18 1 14 7 16
2014-01-20T20:00:00 126 8 4 15 3 3 11 3 5 0 8
2014-01-20T19:00:00 137 10 9 12 5 4 12 1 3 2 8
2014-01-20T18:00:00 139 11 9 10 5 4 14 0 3 2 9
2014-01-20T17:00:00 149 9 9 7 3 3 10 0 2 2 6
2014-01-20T16:00:00 141 7 8 5 4 3 10 1 1 3 7
2014-01-20T15:00:00 154 6 6 5 3 3 7 1 2 5 7
2014-01-20T14:00:00 138 8 6 2 3 1 6 1 2 5 8
2014-01-20T13:00:00 128 5 3 2 1 0 6 1 2 3 8
2014-01-20T12:00:00 118 2 3 2 1 0 4 1 2 3 7
2014-01-20T11:00:00 97 2 3 1 1 0 3 1 2 3 6
2014-01-20T10:00:00 75 2 3 1 0 0 2 0 2 2 4
2014-01-20T09:00:00 50 3 3 0 0 0 2 0 1 1 3
2014-01-31T11:00:00 107 9 0 6 1 1 15 1 4 3 7
2014-01-31T10:00:00 87 6 0 4 1 1 7 0 4 2 6
2014-01-31T09:00:00 62 6 0 3 1 1 7 0 4 2 4
2014-01-31T08:00:00 55 3 0 1 1 0 7 0 3 2 2
2014-01-31T07:00:00 39 4 0 0 0 1 11 0 3 1 4
2014-01-31T06:00:00 56 15 0 1 1 2 21 1 6 1 9
2014-01-31T05:00:00 67 17 1 1 2 3 29 1 9 1 13
2014-01-31T04:00:00 81 22 1 1 3 3 40 1 10 1 18
2014-01-31T03:00:00 100 25 2 1 3 4 45 1 13 2 21
2014-01-31T02:00:00 113 28 2 1 3 4 48 1 14 1 22
2014-01-31T01:00:00 132 34 3 3 3 3 47 1 13 2 23
2014-01-31T00:00:00 150 29 4 3 3 3 40 0 9 3 23
2014-02-02T17:00:00 159 17 4 13 17 11 95 4 37 11 16
2014-02-02T16:00:00 152 16 3 11 14 9 87 4 38 15 11
2014-02-02T15:00:00 155 16 4 12 13 6 80 5 32 14 8
2014-02-02T14:00:00 155 14 4 12 10 6 63 4 27 13 6
2014-02-02T13:00:00 144 11 1 7 8 3 53 2 18 10 6
2014-02-02T12:00:00 121 8 1 3 6 2 39 1 11 8 4
2014-02-02T11:00:00 103 5 1 2 2 0 27 1 7 5 5
2014-02-02T10:00:00 78 3 1 2 2 0 14 1 4 0 4
2014-02-02T09:00:00 47 2 0 0 1 0 7 0 0 0 5
2014-02-02T08:00:00 25 2 0 0 1 0 4 0 2 0 4
2014-02-02T07:00:00 13 2 0 0 0 0 5 0 2 1 4
2014-02-02T06:00:00 16 4 1 0 0 0 5 0 2 1 5
2014-03-10T23:00:00 80 12 18 7 4 0 12 1 7 1 15
2014-03-10T22:00:00 82 6 18 6 4 0 10 1 8 0 16
2014-03-10T21:00:00 91 5 19 5 3 1 10 2 6 1 15
2014-03-10T20:00:00 89 5 19 5 2 2 10 1 6 1 14
2014-03-10T19:00:00 85 7 17 5 3 2 8 1 6 1 9
2014-03-10T18:00:00 91 7 18 3 3 5 6 1 3 2 8
2014-03-10T17:00:00 91 8 19 1 3 5 3 2 4 2 6
2014-03-10T16:00:00 92 10 20 0 2 5 4 2 3 3 6
2014-03-10T15:00:00 84 9 19 0 2 5 3 2 2 2 5
2014-03-10T14:00:00 81 9 18 1 2 7 1 2 2 2 5
2014-03-10T13:00:00 80 8 14 1 1 7 1 2 1 2 5
2014-03-10T12:00:00 74 9 13 2 0 4 1 2 3 1 4
2014-03-19T06:00:00 8 3 2 0 0 0 1 0 0 0 1
2014-03-19T05:00:00 14 5 5 0 0 0 4 1 1 0 4
2014-03-19T04:00:00 24 4 8 0 0 0 5 1 3 0 4
2014-03-19T03:00:00 31 7 10 1 0 0 8 1 4 1 5
2014-03-19T02:00:00 43 9 12 3 0 1 11 2 4 1 7
2014-03-19T01:00:00 52 9 14 5 1 1 15 2 4 1 10
2014-03-19T00:00:00 63 10 17 6 2 1 19 2 6 1 9
2014-03-18T23:00:00 73 9 19 9 2 1 18 1 5 1 8
2014-03-18T22:00:00 76 9 19 11 2 2 21 1 4 1 11
2014-03-18T21:00:00 81 6 23 10 2 2 18 1 4 0 12
2014-03-18T20:00:00 80 4 25 10 4 2 18 1 5 0 14
2014-03-18T19:00:00 85 5 29 8 4 3 20 1 8 0 11
2014-04-18T04:00:00 31 7 6 5 0 1 12 1 1 0 8
2014-04-18T03:00:00 46 11 7 7 1 3 19 3 2 1 10
2014-04-18T02:00:00 65 12 7 8 3 3 20 3 3 1 9
2014-04-18T01:00:00 66 11 11 8 3 3 22 3 3 1 8
2014-04-18T00:00:00 77 10 12 8 4 3 23 4 3 1 8
2014-04-17T23:00:00 73 9 10 6 5 4 22 4 3 1 5
2014-04-17T22:00:00 77 9 9 6 5 3 20 4 4 1 6
2014-04-17T21:00:00 85 5 11 5 4 1 15 2 4 0 4
2014-04-17T20:00:00 81 8 16 5 2 2 17 2 5 0 7
2014-04-17T19:00:00 94 10 16 4 3 2 15 2 6 0 7
2014-04-17T18:00:00 92 9 19 5 3 5 15 0 6 0 5
2014-04-17T17:00:00 100 7 25 5 3 7 18 1 5 1 5
2014-05-22T04:00:00 37 9 17 1 0 2 8 0 2 1 4
2014-05-22T03:00:00 53 13 19 2 1 4 9 0 2 2 5
2014-05-22T02:00:00 68 12 22 4 4 3 12 0 2 3 5
2014-05-22T01:00:00 81 12 24 5 7 3 14 1 2 3 8
2014-05-22T00:00:00 98 14 20 6 9 2 15 1 2 3 12
2014-05-21T23:00:00 105 15 18 7 9 3 19 2 2 2 10
2014-05-21T22:00:00 107 14 21 6 9 3 18 2 3 2 10
2014-05-21T21:00:00 108 14 24 8 8 1 21 2 4 2 11
2014-05-21T20:00:00 113 14 24 8 5 2 23 3 7 4 15
2014-05-21T19:00:00 112 14 22 8 4 3 25 2 11 5 12
2014-05-21T18:00:00 107 15 23 9 3 3 28 2 13 7 9
2014-05-21T17:00:00 103 13 21 9 5 3 27 1 15 7 12
2014-06-28T20:00:00 143 13 17 11 8 6 59 4 15 4 19
2014-06-28T19:00:00 152 16 17 9 8 5 63 3 18 5 19
2014-06-28T18:00:00 146 11 13 9 7 6 67 1 17 8 17
2014-06-28T17:00:00 147 12 13 7 7 7 63 1 19 7 15
2014-06-28T16:00:00 153 12 16 5 5 6 64 1 19 8 16
2014-06-28T15:00:00 154 9 19 5 5 4 58 1 14 8 16
2014-06-28T14:00:00 146 11 22 4 6 4 55 2 15 7 17
2014-06-28T13:00:00 142 8 22 6 7 4 47 2 12 7 21
2014-06-28T12:00:00 138 10 21 6 5 2 37 1 11 4 17
2014-11-07T01:00:00 65 13 35 6 11 4 16 3 4 8 17
2014-11-07T00:00:00 83 14 36 10 11 3 18 4 3 9 15
2014-11-06T23:00:00 92 13 33 9 10 3 20 4 4 8 15
2014-11-06T22:00:00 90 10 33 10 9 1 27 5 5 6 13
2014-11-06T21:00:00 86 10 30 10 7 0 30 5 6 7 10
2014-11-06T20:00:00 75 7 26 11 4 0 35 3 6 5 7
2014-11-06T19:00:00 81 6 24 11 4 2 37 3 5 4 7
2014-11-06T18:00:00 69 5 22 8 4 2 37 3 5 3 10
2014-11-06T17:00:00 61 7 22 8 4 3 37 4 6 3 8
2014-11-06T16:00:00 58 8 20 9 3 4 35 3 5 2 10
2014-11-06T15:00:00 59 10 22 8 4 6 31 3 5 2 13
2014-11-06T14:00:00 60 11 24 5 3 6 23 3 4 2 15
2014-11-12T15:00:00 71 6 20 13 3 4 22 2 7 2 7
2014-11-12T14:00:00 76 5 14 12 3 4 18 1 7 2 8
2014-11-12T13:00:00 76 5 13 8 2 4 17 1 6 4 8
2014-11-12T12:00:00 66 4 10 5 2 4 15 1 4 5 8
2014-11-12T11:00:00 54 1 8 5 2 3 11 1 2 4 6
2014-11-12T10:00:00 47 1 6 2 1 2 6 1 2 4 5
2014-11-12T09:00:00 40 0 3 1 0 1 5 1 2 4 3
2014-11-12T08:00:00 20 1 3 1 0 0 3 1 2 5 1
2014-11-12T07:00:00 8 2 2 2 1 0 2 1 2 3 0
2014-11-12T06:00:00 9 6 5 3 1 0 5 2 0 2 2
2014-11-12T05:00:00 16 8 10 4 2 0 10 1 0 2 5
2014-11-12T04:00:00 29 13 17 4 4 0 14 1 1 4 12
2014-11-17T13:00:00 107 10 22 5 1 2 17 3 5 1 2
2014-11-17T12:00:00 96 10 20 3 1 1 14 2 2 1 3
2014-11-17T11:00:00 85 8 17 3 1 1 11 2 2 1 3
2014-11-17T10:00:00 79 6 10 2 1 1 4 2 0 0 2
2014-11-17T09:00:00 51 5 7 2 1 1 4 2 0 0 3
2014-11-17T08:00:00 27 3 5 1 0 0 4 1 2 0 3
2014-11-17T07:00:00 16 1 3 1 0 0 2 0 2 1 3
2014-11-17T06:00:00 12 1 3 0 1 0 5 0 2 2 3
2014-11-17T05:00:00 16 6 9 3 1 1 9 0 4 4 6
2014-11-17T04:00:00 33 9 14 4 2 2 11 1 4 5 8
