2013-06-12T01:00:00 0 0 0 0 0
2013-06-12T02:00:00 0 0 0 0 0
2013-06-12T03:00:00 0 0 0 0 0
2013-06-12T04:00:00 0 0 0 0 0
2013-06-12T05:00:00 0 0 0 0 0
2013-06-12T06:00:00 0 0 0 0 0
2013-06-12T07:00:00 0 0 0 0 0
2013-06-12T08:00:00 0 0 0 0 0
2013-06-12T09:00:00 0 0 0 0 0
2013-11-07T08:00:00 0.347531016438 0.652468983562 0 2 2
2013-11-07T09:00:00 0.31297949422 0.68702050578 0 3 3
2013-11-07T10:00:00 0.321921920282 0.678078079718 0 4 4
2013-11-07T11:00:00 0.321921920282 0.678078079718 0 4 4
2013-11-08T03:00:00 0.664151714556 0.335848285444 2 0 2
2013-11-08T04:00:00 0.664151714556 0.335848285444 2 0 2
2013-11-08T05:00:00 0 0 0 0 0
2013-12-01T11:00:00 0.441667392964 0.558332607036 1 2 3
2013-12-01T12:00:00 0.545973222927 0.454026777073 3 2 5
2013-12-01T13:00:00 0.545973222927 0.454026777073 3 2 5
2013-12-01T14:00:00 0.545973222927 0.454026777073 3 2 5
2013-12-01T15:00:00 0.497743549551 0.50225645045 3 3 6
2013-12-01T16:00:00 0.570176981537 0.429823018462 3 1 4
2013-12-01T17:00:00 0.458645307909 0.541354692091 3 3 6
2013-12-01T18:00:00 0.411093025138 0.588906974862 2 3 5
2013-12-01T19:00:00 0.447249955693 0.552750044307 3 4 7
2013-12-01T20:00:00 0.435824374173 0.564175625827 4 5 9
2013-12-01T21:00:00 0.458228023111 0.541771976889 4 4 8
2013-12-01T22:00:00 0.435225053878 0.564774946122 3 4 7
2013-12-01T23:00:00 0.454340669709 0.545659330291 3 3 6
2013-12-02T00:00:00 0.446889654747 0.553110345253 3 4 7
2013-12-02T01:00:00 0.506276379534 0.493723620466 5 3 8
2013-12-02T02:00:00 0.543090226429 0.456909773571 4 2 6
2013-12-02T03:00:00 0.543090226429 0.456909773571 4 2 6
2013-12-02T04:00:00 0.543090226429 0.456909773571 4 2 6
2013-12-02T05:00:00 0.621581759232 0.378418240768 4 1 5
2013-12-02T06:00:00 0.638240533355 0.361759466645 5 1 6
2013-12-02T07:00:00 0.543484245673 0.456515754326 2 2 4
2013-12-02T08:00:00 0.52995532854 0.47004467146 3 3 6
2013-12-02T09:00:00 0.529205975294 0.470794024707 8 6 14
2013-12-02T10:00:00 0.539015407814 0.460984592186 9 6 15
2013-12-02T11:00:00 0.539015407814 0.460984592186 9 6 15
2013-12-02T12:00:00 0.540818171472 0.459181828528 9 5 14
2013-12-02T13:00:00 0.553658702699 0.446341297301 11 5 16
2013-12-02T14:00:00 0.565901262934 0.434098737066 11 4 15
2013-12-02T15:00:00 0.545785456748 0.454214543252 6 3 9
2013-12-02T16:00:00 0.508110649848 0.491889350152 5 4 9
2013-12-02T17:00:00 0.508110649848 0.491889350152 5 4 9
2013-12-02T18:00:00 0.464942483187 0.535057516813 3 4 7
2013-12-02T19:00:00 0.406437684989 0.593562315011 1 3 4
2013-12-02T20:00:00 0.329992016861 0.670007983139 0 3 3
2013-12-02T21:00:00 0.296831461912 0.703168538088 0 2 2
2013-12-02T22:00:00 0.256388722834 0.743611277166 0 1 1
2013-12-02T23:00:00 0.391316568472 0.608683431528 1 2 3
2013-12-03T00:00:00 0.442995657609 0.557004342391 3 3 6
2013-12-03T01:00:00 0.487568208255 0.512431791745 5 3 8
2013-12-03T02:00:00 0.487568208255 0.512431791745 5 3 8
2013-12-03T03:00:00 0.52059384903 0.47940615097 5 2 7
2013-12-03T04:00:00 0.52059384903 0.47940615097 5 2 7
2013-12-03T05:00:00 0.545319192125 0.454680807875 4 1 5
2013-12-03T06:00:00 0.66558131862 0.33441868138 3 0 3
2013-12-03T07:00:00 0.648404154196 0.351595845804 3 1 4
2013-12-03T08:00:00 0.681318870139 0.318681129861 4 1 5
2013-12-03T09:00:00 0.679635258307 0.320364741693 5 1 6
2013-12-03T10:00:00 0.582802720287 0.417197279713 5 3 8
2013-12-03T11:00:00 0.552278640443 0.447721359557 6 4 10
2013-12-03T12:00:00 0.529846018773 0.470153981227 5 4 9
2013-12-03T13:00:00 0.507096327594 0.492903672406 4 3 7
2013-12-03T14:00:00 0.399973905952 0.600026094048 3 6 9
2013-12-03T15:00:00 0.38188170406 0.61811829594 3 9 12
2013-12-03T16:00:00 0.382738994495 0.617261005505 3 9 12
2013-12-03T17:00:00 0.39821558297 0.60178441703 3 8 11
2013-12-05T17:00:00 0.497644423195 0.502355576805 7 6 13
2013-12-06T09:00:00 0.587344039271 0.412655960729 3 1 4
2013-12-06T10:00:00 0.626631836658 0.373368163342 6 1 7
2013-12-06T11:00:00 0.641929579727 0.358070420273 8 1 9
2013-12-06T12:00:00 0.651831796818 0.348168203182 10 1 11
2013-12-06T13:00:00 0.610445163378 0.389554836622 13 3 16
2013-12-06T14:00:00 0.610158393678 0.389841606322 12 3 15
2013-12-06T15:00:00 0.599700447825 0.400299552175 13 4 17
2013-12-06T16:00:00 0.610896332578 0.389103667422 13 4 17
2013-12-06T17:00:00 0.583865107355 0.416134892645 13 6 19
2013-12-06T18:00:00 0.591868807221 0.408131192779 14 6 20
2013-12-06T19:00:00 0.653511252052 0.346488747948 15 3 18
2013-12-06T20:00:00 0.631058576219 0.368941423781 15 4 19
2013-12-06T21:00:00 0.650438320506 0.349561679494 16 3 19
2013-12-06T22:00:00 0.631754482435 0.368245517565 19 4 23
2013-12-06T23:00:00 0.639417874551 0.360582125449 19 3 22
2013-12-07T00:00:00 0.660040324978 0.339959675022 22 3 25
2013-12-07T01:00:00 0.666004470763 0.333995529237 25 3 28
2013-12-07T02:00:00 0.667946862907 0.332053137093 23 3 26
2013-12-07T03:00:00 0.664827982762 0.335172017238 21 3 24
2013-12-07T04:00:00 0.686327385648 0.313672614352 20 2 22
2013-12-07T05:00:00 0.708892109408 0.291107890592 22 1 23
2013-12-07T06:00:00 0.695032279517 0.304967720483 18 1 19
2013-12-07T07:00:00 0.658573530386 0.341426469614 22 3 25
2013-12-07T08:00:00 0.639565622747 0.360434377253 32 6 38
2013-12-07T09:00:00 0.649205492767 0.350794507233 47 6 53
2013-12-07T10:00:00 0.627585234407 0.372414765593 51 9 60
2013-12-07T11:00:00 0.603024493425 0.396975506575 55 16 71
2013-12-07T12:00:00 0.603978687553 0.396021312447 61 17 78
2013-12-07T13:00:00 0.599336433133 0.400663566867 59 17 76
2013-12-07T14:00:00 0.605343130445 0.394656869555 56 15 71
2013-12-09T08:00:00 0.412425273522 0.587574726478 2 5 7
2013-12-09T09:00:00 0.447665427358 0.552334572642 7 11 18
2013-12-09T10:00:00 0.455434870254 0.544565129746 12 16 28
2013-12-09T11:00:00 0.452535959275 0.547464040725 13 19 32
2013-12-09T12:00:00 0.450768548342 0.549231451658 14 20 34
2013-12-09T13:00:00 0.472206881251 0.527793118749 18 21 39
2013-12-09T14:00:00 0.463017003927 0.536982996073 18 22 40
2013-12-09T15:00:00 0.450044822547 0.549955177453 13 18 31
2013-12-09T16:00:00 0.442445258356 0.557554741644 9 14 23
2013-12-09T17:00:00 0.428694439114 0.571305560886 8 13 21
2013-12-09T18:00:00 0.426507347427 0.573492652573 7 13 20
2013-12-09T19:00:00 0.389488079518 0.610511920482 4 11 15
2013-12-09T20:00:00 0.439889571843 0.560110428157 6 10 16
2013-12-09T21:00:00 0.454233435411 0.545766564589 9 13 22
2013-12-26T09:00:00 0.48396997218 0.51603002782 9 12 21
2013-12-26T10:00:00 0.497568296503 0.502431703497 11 13 24
2013-12-26T11:00:00 0.488205584356 0.511794415644 12 15 27
2013-12-26T12:00:00 0.487713441098 0.512286558902 13 16 29
2013-12-26T13:00:00 0.488449444634 0.511550555366 14 16 30
2013-12-26T14:00:00 0.485896158203 0.514103841797 11 15 26
2013-12-26T15:00:00 0.464590907068 0.535409092932 8 12 20
2013-12-26T16:00:00 0.410588601837 0.589411398163 7 18 25
2013-12-26T17:00:00 0.408897232316 0.591102767684 9 22 31
2013-12-29T13:00:00 0.529259347924 0.470740652076 4 2 6
2013-12-29T14:00:00 0.512945122926 0.487054877074 4 2 6
2013-12-29T15:00:00 0.413804555918 0.586195444082 3 5 8
2013-12-29T16:00:00 0.393745336818 0.606254663182 3 7 10
2013-12-29T17:00:00 0.353541834156 0.646458165844 2 8 10
2013-12-29T18:00:00 0.356810782505 0.643189217495 2 9 11
2013-12-29T19:00:00 0.353015768805 0.646984231195 2 10 12
2013-12-29T20:00:00 0.36293752508 0.63706247492 2 9 11
2013-12-29T21:00:00 0.426544078219 0.573455921781 3 6 9
2013-12-29T22:00:00 0.359295113266 0.640704886734 1 5 6
2013-12-29T23:00:00 0.433931377322 0.566068622678 2 4 6
2013-12-30T00:00:00 0.442817599587 0.557182400413 2 3 5
2013-12-30T01:00:00 0.515889815437 0.484110184563 3 2 5
2013-12-30T02:00:00 0.515889815437 0.484110184563 3 2 5
2013-12-30T03:00:00 0.504576820417 0.495423179583 3 2 5
2013-12-30T04:00:00 0.572044569768 0.427955430232 3 1 4
2013-12-30T05:00:00 0.650545722324 0.349454277675 2 0 2
2013-12-30T06:00:00 0.650545722324 0.349454277675 2 0 2
2013-12-30T07:00:00 0.483110773533 0.516889226467 1 1 2
2013-12-30T08:00:00 0.52594044525 0.47405955475 2 1 3
2013-12-30T09:00:00 0.416973788366 0.583026211634 1 2 3
2014-01-18T08:00:00 0.700178142695 0.299821857305 9 2 11
2014-01-18T09:00:00 0.668566896091 0.331433103909 18 4 22
2014-01-18T10:00:00 0.681763492029 0.318236507971 24 5 29
2014-01-18T11:00:00 0.671916780863 0.328083219137 27 6 33
2014-01-18T12:00:00 0.663430791164 0.336569208836 26 7 33
2014-01-20T02:00:00 0.52632343078 0.47367656922 8 5 13
2014-01-20T03:00:00 0.524199916762 0.475800083238 7 4 11
2014-01-20T04:00:00 0.501235931238 0.498764068762 4 3 7
2014-01-20T05:00:00 0.471442125577 0.528557874423 3 3 6
2014-01-20T06:00:00 0.733469147101 0.266530852899 1 0 1
2014-01-20T07:00:00 0.575025135143 0.424974864857 2 1 3
2014-01-30T02:00:00 0.61751297727 0.38248702273 2 1 3
2014-01-30T03:00:00 0.61751297727 0.38248702273 2 1 3
2014-01-30T04:00:00 0.546383410904 0.453616589096 1 1 2
2014-01-30T05:00:00 0.721139818756 0.278860181244 1 0 1
2014-01-30T06:00:00 0.721139818756 0.278860181244 1 0 1
2014-01-30T07:00:00 0.0 0.0 0 0 0
2014-01-30T08:00:00 0.682211662541 0.317788337459 2 0 2
2014-01-30T09:00:00 0.682211662541 0.317788337459 2 0 2
2014-01-30T10:00:00 0.567269195465 0.432730804535 2 1 3
2014-01-30T11:00:00 0.54154715966 0.45845284034 3 2 5
2014-01-30T12:00:00 0.431534591528 0.568465408472 3 5 8
2014-01-30T13:00:00 0.386142986364 0.613857013636 3 8 11
2014-01-30T14:00:00 0.344525674175 0.655474325825 2 9 11
2014-01-30T15:00:00 0.338331951797 0.661668048203 2 10 12
2014-01-30T16:00:00 0.338418105478 0.661581894522 2 9 11
2014-01-30T17:00:00 0.298840614036 0.701159385964 1 10 11
2014-01-30T18:00:00 0.317838227559 0.682161772441 1 7 8
2014-01-30T19:00:00 0.357835747482 0.642164252518 1 5 6
2014-01-30T20:00:00 0.310095398473 0.689904601527 0 4 4
2014-01-30T21:00:00 0.387915647347 0.612084352653 1 4 5
2014-02-02T00:00:00 0.683305758656 0.316694241344 2 0 2
2014-02-02T01:00:00 0.566802587447 0.433197412553 4 1 5
2014-02-02T02:00:00 0.528727657863 0.471272342137 4 2 6
2014-02-02T03:00:00 0.528727657863 0.471272342137 4 2 6
2014-03-10T01:00:00 0.68263248501 0.31736751499 2 0 2
2014-03-10T02:00:00 0.68263248501 0.31736751499 2 0 2
2014-03-10T03:00:00 0.617979832438 0.382020167562 1 0 1
2014-03-10T04:00:00 0.617979832438 0.382020167562 1 0 1
2014-03-10T05:00:00 0.0 0.0 0 0 0
2014-03-10T06:00:00 0 0 0 0 0
2014-03-10T07:00:00 0.373203086029 0.626796913971 0 1 1
2014-03-10T08:00:00 0.373203086029 0.626796913971 0 1 1
2014-03-10T09:00:00 0.490205749111 0.509794250889 1 1 2
2014-03-18T09:00:00 0.403054873715 0.596945126285 2 4 6
2014-03-18T10:00:00 0.437490767234 0.562509232766 3 4 7
2014-03-18T11:00:00 0.416209259151 0.583790740849 3 5 8
2014-03-18T12:00:00 0.479823245154 0.520176754846 6 6 12
2014-03-18T13:00:00 0.479823245154 0.520176754846 6 6 12
2014-04-17T11:00:00 0.325578007945 0.674421992055 0 5 5
2014-04-17T12:00:00 0.325545183101 0.674454816898 0 6 6
2014-04-17T13:00:00 0.33586782143 0.66413217857 0 4 4
2014-04-17T14:00:00 0.33586782143 0.66413217857 0 4 4
2014-05-26T18:00:00 0.299460891137 0.700539108863 0 3 3
2014-05-26T19:00:00 0.299460891137 0.700539108863 0 3 3
2014-05-26T20:00:00 0.299460891137 0.700539108863 0 3 3
2014-05-26T21:00:00 0.340510707461 0.659489292539 0 2 2
2014-05-26T22:00:00 0.464371294468 0.535628705532 1 2 3
2014-05-29T17:00:00 0.265958124314 0.734041875686 1 16 17
2014-11-06T05:00:00 0 0 0 0 0
2014-11-06T06:00:00 0 0 0 0 0
2014-11-06T07:00:00 0 0 0 0 0
2014-11-06T08:00:00 0 0 0 0 0
2014-11-06T09:00:00 0 0 0 0 0
2014-11-06T10:00:00 0 0 0 0 0
2014-11-06T11:00:00 0 0 0 0 0
2014-11-12T00:00:00 0 0 0 0 0
2014-11-12T01:00:00 0 0 0 0 0
2014-12-28T23:00:00 0 0 0 0 0
