2014-10-04T00:00:00Z 2014-10-04T02:00:00Z 131.000000 144.000000 63.000000 4.000000 2.600000 3.000000 4 3 0
2014-10-03T23:00:00Z 2014-10-04T01:00:00Z 131.000000 144.000000 63.000000 4.000000 2.600000 3.000000 4 3 0
2014-10-03T21:00:00Z 2014-10-03T23:00:00Z 137.000000 157.000000 71.000000 4.000000 2.366667 2.000000 4 4 0
2014-10-03T19:00:00Z 2014-10-03T21:00:00Z 145.000000 174.000000 72.000000 5.000000 2.233333 11.000000 4 4 0
2014-10-03T18:00:00Z 2014-10-03T20:00:00Z 141.000000 155.000000 71.000000 5.000000 2.166667 17.000000 4 4 0
2014-10-03T17:00:00Z 2014-10-03T19:00:00Z 139.000000 167.000000 65.000000 7.000000 2.111111 26.000000 4 4 0
2014-09-26T13:00:00Z 2014-09-26T15:00:00Z 142.000000 168.000000 58.000000 23.000000 1.572727 49.000000 4 5 1
2014-09-25T22:00:00Z 2014-09-26T00:00:00Z 138.000000 204.000000 63.000000 4.000000 1.458333 47.000000 4 3 1
2014-09-25T20:00:00Z 2014-09-25T22:00:00Z 136.000000 153.000000 71.000000 3.000000 1.345455 38.000000 4 4 1
2014-09-25T19:00:00Z 2014-09-25T21:00:00Z 131.000000 143.000000 61.000000 3.000000 1.241667 52.000000 4 4 1
2014-09-25T18:00:00Z 2014-09-25T20:00:00Z 134.000000 142.000000 52.000000 4.000000 1.172727 70.000000 4 4 1
2014-09-25T17:00:00Z 2014-09-25T19:00:00Z 142.000000 155.000000 44.000000 5.000000 1.183333 82.000000 4 4 1
2014-09-25T16:00:00Z 2014-09-25T18:00:00Z 149.000000 160.000000 42.000000 4.000000 1.266667 80.000000 4 4 1
2014-09-25T14:00:00Z 2014-09-25T16:00:00Z 145.000000 170.000000 56.000000 3.000000 1.333333 50.000000 4 4 1
2014-09-25T13:00:00Z 2014-09-25T15:00:00Z 142.000000 167.000000 62.000000 3.000000 1.391667 33.000000 4 5 1
2014-09-25T12:00:00Z 2014-09-25T14:00:00Z 124.000000 158.000000 59.000000 4.000000 1.400000 28.000000 4 4 1
2014-09-21T04:00:00Z 2014-09-21T06:00:00Z 138.000000 122.000000 46.000000 10.000000 1.900000 31.000000 4 3 1
2014-09-21T03:00:00Z 2014-09-21T05:00:00Z 149.000000 118.000000 45.000000 7.000000 1.727273 35.000000 4 3 1
2014-09-20T20:00:00Z 2014-09-20T22:00:00Z 140.000000 167.000000 64.000000 5.000000 1.375000 115.000000 4 5 1
2014-09-20T19:00:00Z 2014-09-20T21:00:00Z 131.000000 173.000000 55.000000 7.000000 1.283333 153.000000 4 5 1
2014-09-20T18:00:00Z 2014-09-20T20:00:00Z 118.000000 168.000000 47.000000 8.000000 1.181818 182.000000 4 4 1
2014-09-20T11:00:00Z 2014-09-20T13:00:00Z 122.000000 161.000000 40.000000 8.000000 1.150000 92.000000 4 4 1
2014-09-20T09:00:00Z 2014-09-20T11:00:00Z 117.000000 136.000000 52.000000 5.000000 1.127273 48.000000 4 4 1
2014-09-20T03:00:00Z 2014-09-20T05:00:00Z 116.000000 124.000000 65.000000 3.000000 1.091667 18.000000 4 3 1
2014-09-19T12:00:00Z 2014-09-19T14:00:00Z 129.000000 158.000000 55.000000 17.000000 0.890909 77.000000 4 3 1
2014-09-19T11:00:00Z 2014-09-19T13:00:00Z 121.000000 173.000000 89.000000 11.000000 1.054545 39.000000 4 3 1
2014-09-07T22:00:00Z 2014-09-08T00:00:00Z 133.000000 178.000000 45.000000 7.000000 1.416667 93.000000 4 3 1
2014-09-07T20:00:00Z 2014-09-07T22:00:00Z 129.000000 161.000000 40.000000 11.000000 1.366667 139.000000 4 4 1
2014-09-07T19:00:00Z 2014-09-07T21:00:00Z 127.000000 171.000000 32.000000 12.000000 1.333333 165.000000 4 4 1
2014-09-07T18:00:00Z 2014-09-07T20:00:00Z 121.000000 175.000000 28.000000 14.000000 1.250000 180.000000 4 4 1
2014-09-07T17:00:00Z 2014-09-07T19:00:00Z 116.000000 157.000000 24.000000 16.000000 1.208333 189.000000 4 4 1
2014-09-07T15:00:00Z 2014-09-07T17:00:00Z 116.000000 136.000000 21.000000 14.000000 1.025000 182.000000 4 4 1
2014-09-07T14:00:00Z 2014-09-07T16:00:00Z 130.000000 145.000000 26.000000 14.000000 1.100000 165.000000 4 3 1
2014-09-07T02:00:00Z 2014-09-07T04:00:00Z 149.000000 172.000000 49.000000 9.000000 1.075000 65.000000 4 5 1
2014-09-06T23:00:00Z 2014-09-07T01:00:00Z 144.000000 183.000000 49.000000 11.000000 1.150000 96.000000 4 5 1
2014-09-06T21:00:00Z 2014-09-06T23:00:00Z 140.000000 177.000000 48.000000 11.000000 1.200000 116.000000 4 4 1
2014-09-06T20:00:00Z 2014-09-06T22:00:00Z 130.000000 176.000000 39.000000 11.000000 1.150000 140.000000 4 4 1
2014-09-06T19:00:00Z 2014-09-06T21:00:00Z 121.000000 171.000000 34.000000 13.000000 1.116667 165.000000 4 4 1
2014-09-06T16:00:00Z 2014-09-06T18:00:00Z 129.000000 158.000000 24.000000 18.000000 1.358333 209.000000 4 3 1
2014-09-06T11:00:00Z 2014-09-06T13:00:00Z 148.000000 150.000000 35.000000 21.000000 1.825000 107.000000 4 5 1
2014-09-06T10:00:00Z 2014-09-06T12:00:00Z 147.000000 151.000000 39.000000 16.000000 1.745455 79.000000 4 5 1
2014-09-06T09:00:00Z 2014-09-06T11:00:00Z 140.000000 149.000000 47.000000 11.000000 1.618182 48.000000 4 4 1
2014-09-06T08:00:00Z 2014-09-06T10:00:00Z 132.000000 143.000000 52.000000 7.000000 1.441667 27.000000 4 4 1
2014-09-06T06:00:00Z 2014-09-06T08:00:00Z 137.000000 168.000000 59.000000 5.000000 1.308333 20.000000 4 4 1
2014-09-06T04:00:00Z 2014-09-06T06:00:00Z 144.000000 161.000000 41.000000 6.000000 1.325000 54.000000 4 4 1
2014-09-06T03:00:00Z 2014-09-06T05:00:00Z 141.000000 159.000000 37.000000 6.000000 1.358333 69.000000 4 4 1
2014-09-06T02:00:00Z 2014-09-06T04:00:00Z 144.000000 151.000000 36.000000 7.000000 1.400000 79.000000 4 4 1
2014-09-06T01:00:00Z 2014-09-06T03:00:00Z 147.000000 155.000000 38.000000 7.000000 1.391667 85.000000 4 4 1
2014-09-05T23:00:00Z 2014-09-06T01:00:00Z 148.000000 173.000000 37.000000 9.000000 1.233333 117.000000 4 4 0
2014-09-05T21:00:00Z 2014-09-05T23:00:00Z 139.000000 180.000000 35.000000 11.000000 1.183333 175.000000 4 4 0
2014-09-01T12:00:00Z 2014-09-01T14:00:00Z 130.000000 128.000000 53.000000 7.000000 2.100000 62.000000 4 4 0
2014-09-01T10:00:00Z 2014-09-01T12:00:00Z 118.000000 123.000000 60.000000 5.000000 1.975000 29.000000 4 4 0
2014-08-30T22:00:00Z 2014-08-31T00:00:00Z 132.000000 156.000000 49.000000 3.000000 1.358333 53.000000 4 3 1
2014-08-30T21:00:00Z 2014-08-30T23:00:00Z 136.000000 150.000000 58.000000 4.000000 1.550000 49.000000 4 4 1
2014-08-30T20:00:00Z 2014-08-30T22:00:00Z 138.000000 154.000000 62.000000 4.000000 1.725000 53.000000 4 4 1
2014-08-30T19:00:00Z 2014-08-30T21:00:00Z 141.000000 186.000000 57.000000 5.000000 1.941667 65.000000 4 4 1
2014-08-30T18:00:00Z 2014-08-30T20:00:00Z 146.000000 176.000000 54.000000 7.000000 2.141667 71.000000 4 4 1
2014-08-30T17:00:00Z 2014-08-30T19:00:00Z 141.000000 157.000000 52.000000 8.000000 2.058333 69.000000 4 4 1
2014-08-30T12:00:00Z 2014-08-30T14:00:00Z 148.000000 178.000000 51.000000 7.000000 1.716667 48.000000 4 5 1
2014-08-30T11:00:00Z 2014-08-30T13:00:00Z 136.000000 159.000000 50.000000 6.000000 1.508333 43.000000 4 5 1
2014-08-30T10:00:00Z 2014-08-30T12:00:00Z 129.000000 141.000000 51.000000 6.000000 1.383333 36.000000 4 4 1
2014-08-30T08:00:00Z 2014-08-30T10:00:00Z 128.000000 149.000000 62.000000 4.000000 1.491667 15.000000 4 4 1
2014-08-30T06:00:00Z 2014-08-30T08:00:00Z 129.000000 151.000000 69.000000 3.000000 1.416667 12.000000 4 4 1
2014-08-23T21:00:00Z 2014-08-23T23:00:00Z 131.000000 183.000000 46.000000 4.000000 1.250000 127.000000 4 3 1
2014-08-23T20:00:00Z 2014-08-23T22:00:00Z 124.000000 161.000000 39.000000 5.000000 1.200000 155.000000 4 4 1
2014-08-23T19:00:00Z 2014-08-23T21:00:00Z 116.000000 159.000000 34.000000 6.000000 1.116667 188.000000 4 4 1
2014-08-23T12:00:00Z 2014-08-23T14:00:00Z 128.000000 136.000000 46.000000 9.000000 1.150000 162.000000 4 3 1
2014-08-23T11:00:00Z 2014-08-23T13:00:00Z 128.000000 139.000000 48.000000 8.000000 1.116667 120.000000 4 4 1
2014-08-23T10:00:00Z 2014-08-23T12:00:00Z 120.000000 164.000000 52.000000 8.000000 1.133333 78.000000 4 4 1
2014-08-21T21:00:00Z 2014-08-21T23:00:00Z 120.000000 153.000000 30.000000 11.000000 1.100000 148.000000 4 1 1
2014-08-21T19:00:00Z 2014-08-21T21:00:00Z 145.000000 193.000000 38.000000 14.000000 1.410000 223.000000 4 4 1
2014-08-21T18:00:00Z 2014-08-21T20:00:00Z 144.000000 194.000000 34.000000 13.000000 1.310000 259.000000 4 5 1
2014-08-21T17:00:00Z 2014-08-21T19:00:00Z 141.000000 176.000000 33.000000 12.000000 1.200000 272.000000 4 4 1
2014-08-21T13:00:00Z 2014-08-21T15:00:00Z 148.000000 169.000000 44.000000 13.000000 1.236364 162.000000 4 5 1
2014-08-21T08:00:00Z 2014-08-21T10:00:00Z 142.000000 195.000000 82.000000 6.000000 1.375000 21.000000 4 5 1
2014-08-21T07:00:00Z 2014-08-21T09:00:00Z 136.000000 177.000000 72.000000 5.000000 1.216667 25.000000 4 5 1
2014-08-21T06:00:00Z 2014-08-21T08:00:00Z 132.000000 168.000000 66.000000 5.000000 1.150000 29.000000 4 4 1
2014-08-21T05:00:00Z 2014-08-21T07:00:00Z 131.000000 161.000000 64.000000 6.000000 1.116667 35.000000 4 4 1
2014-08-21T04:00:00Z 2014-08-21T06:00:00Z 127.000000 168.000000 56.000000 7.000000 1.025000 47.000000 4 4 1
2014-08-21T03:00:00Z 2014-08-21T05:00:00Z 121.000000 164.000000 47.000000 8.000000 1.008333 67.000000 4 4 1
2014-08-20T11:00:00Z 2014-08-20T13:00:00Z 135.000000 177.000000 57.000000 12.000000 1.125000 127.000000 4 3 1
2014-08-20T10:00:00Z 2014-08-20T12:00:00Z 136.000000 186.000000 69.000000 11.000000 1.166667 75.000000 4 4 1
2014-08-20T09:00:00Z 2014-08-20T11:00:00Z 127.000000 176.000000 72.000000 10.000000 1.133333 41.000000 4 4 1
2014-08-19T09:00:00Z 2014-08-19T11:00:00Z 121.000000 157.000000 74.000000 7.000000 1.291667 56.000000 4 3 1
2014-08-17T01:00:00Z 2014-08-17T03:00:00Z 145.000000 182.000000 63.000000 6.000000 1.441667 91.000000 4 2 1
2014-08-17T00:00:00Z 2014-08-17T02:00:00Z 117.000000 183.000000 70.000000 6.000000 1.416667 99.000000 4 3 1
2014-08-09T11:00:00Z 2014-08-09T13:00:00Z 121.000000 137.000000 47.000000 18.000000 1.408333 146.000000 4 3 1
2014-08-09T09:00:00Z 2014-08-09T11:00:00Z 140.000000 197.000000 69.000000 16.000000 1.533333 66.000000 4 4 1
2014-08-03T12:00:00Z 2014-08-03T14:00:00Z 122.000000 142.000000 28.000000 3.000000 1.041667 190.000000 4 3 0
2014-08-03T09:00:00Z 2014-08-03T11:00:00Z 125.000000 199.000000 44.000000 3.000000 1.033333 89.000000 4 3 0
2014-08-03T07:00:00Z 2014-08-03T09:00:00Z 142.000000 160.000000 43.000000 3.000000 1.100000 69.000000 4 4 0
2014-08-03T01:00:00Z 2014-08-03T03:00:00Z 148.000000 168.000000 52.000000 3.000000 1.175000 83.000000 4 5 0
2014-08-03T00:00:00Z 2014-08-03T02:00:00Z 145.000000 162.000000 42.000000 3.000000 1.158333 95.000000 4 5 0
2014-08-02T23:00:00Z 2014-08-03T01:00:00Z 139.000000 174.000000 39.000000 3.000000 1.125000 113.000000 4 4 0
2014-08-02T22:00:00Z 2014-08-03T00:00:00Z 133.000000 147.000000 37.000000 3.000000 1.075000 126.000000 4 4 0
2014-08-02T21:00:00Z 2014-08-02T23:00:00Z 131.000000 156.000000 33.000000 3.000000 1.075000 146.000000 4 4 0
2014-08-02T20:00:00Z 2014-08-02T22:00:00Z 131.000000 153.000000 30.000000 3.000000 1.050000 177.000000 4 4 0
2014-08-02T19:00:00Z 2014-08-02T21:00:00Z 129.000000 172.000000 27.000000 3.000000 1.033333 209.000000 4 4 0
2014-08-02T18:00:00Z 2014-08-02T20:00:00Z 122.000000 138.000000 25.000000 3.000000 0.966667 226.000000 4 4 0
2014-08-02T17:00:00Z 2014-08-02T19:00:00Z 123.000000 146.000000 22.000000 3.000000 0.975000 238.000000 4 4 0
2014-08-02T16:00:00Z 2014-08-02T18:00:00Z 129.000000 130.000000 23.000000 4.000000 0.983333 257.000000 4 4 0
2014-08-02T14:00:00Z 2014-08-02T16:00:00Z 144.000000 136.000000 29.000000 4.000000 1.083333 230.000000 4 4 0
2014-08-02T12:00:00Z 2014-08-02T14:00:00Z 137.000000 133.000000 44.000000 4.000000 1.133333 114.000000 4 4 0
2014-08-02T04:00:00Z 2014-08-02T06:00:00Z 121.000000 146.000000 59.000000 3.000000 1.066667 15.000000 4 3 0
2014-08-02T03:00:00Z 2014-08-02T05:00:00Z 127.000000 186.000000 56.000000 3.000000 1.127273 21.000000 4 3 0
2014-08-02T02:00:00Z 2014-08-02T04:00:00Z 142.000000 176.000000 54.000000 4.000000 1.141667 29.000000 4 4 0
2014-08-02T00:00:00Z 2014-08-02T02:00:00Z 137.000000 200.000000 39.000000 3.000000 1.108333 72.000000 4 4 0
2014-08-01T20:00:00Z 2014-08-01T22:00:00Z 140.000000 155.000000 30.000000 3.000000 1.066667 168.000000 4 5 0
2014-08-01T18:00:00Z 2014-08-01T20:00:00Z 118.000000 111.000000 20.000000 3.000000 0.983333 209.000000 4 4 0
2014-08-01T16:00:00Z 2014-08-01T18:00:00Z 123.000000 119.000000 21.000000 3.000000 1.108333 215.000000 4 4 0
2014-08-01T07:00:00Z 2014-08-01T09:00:00Z 145.000000 177.000000 48.000000 4.000000 1.616667 22.000000 4 5 0
2014-07-30T18:00:00Z 2014-07-30T20:00:00Z 150.000000 152.000000 30.000000 4.000000 1.625000 158.000000 4 5 1
2014-07-30T16:00:00Z 2014-07-30T18:00:00Z 133.000000 112.000000 24.000000 4.000000 1.550000 157.000000 4 4 1
2014-07-30T14:00:00Z 2014-07-30T16:00:00Z 145.000000 149.000000 27.000000 4.000000 1.666667 118.000000 4 4 1
2014-07-30T13:00:00Z 2014-07-30T15:00:00Z 137.000000 188.000000 30.000000 4.000000 1.700000 93.000000 4 4 1
2014-07-29T11:00:00Z 2014-07-29T13:00:00Z 147.000000 162.000000 25.000000 6.000000 0.875000 168.000000 4 3 1
2014-07-29T05:00:00Z 2014-07-29T07:00:00Z 141.000000 172.000000 32.000000 5.000000 0.845455 81.000000 4 5 1
2014-07-29T04:00:00Z 2014-07-29T06:00:00Z 126.000000 152.000000 30.000000 6.000000 0.772727 87.000000 4 5 1
2014-07-28T07:00:00Z 2014-07-28T09:00:00Z 144.000000 171.000000 47.000000 4.000000 1.041667 42.000000 4 5 1
2014-07-28T06:00:00Z 2014-07-28T08:00:00Z 139.000000 168.000000 43.000000 4.000000 0.983333 47.000000 4 5 1
2014-07-28T05:00:00Z 2014-07-28T07:00:00Z 137.000000 168.000000 39.000000 4.000000 0.933333 61.000000 4 4 1
2014-07-28T04:00:00Z 2014-07-28T06:00:00Z 132.000000 165.000000 34.000000 5.000000 0.900000 77.000000 4 4 1
2014-07-28T03:00:00Z 2014-07-28T05:00:00Z 128.000000 165.000000 35.000000 6.000000 0.891667 88.000000 4 4 1
2014-07-28T02:00:00Z 2014-07-28T04:00:00Z 118.000000 163.000000 34.000000 7.000000 0.908333 103.000000 4 4 1
2014-07-27T14:00:00Z 2014-07-27T16:00:00Z 131.000000 185.000000 25.000000 35.000000 1.300000 283.000000 4 3 1
2014-07-27T07:00:00Z 2014-07-27T09:00:00Z 116.000000 157.000000 54.000000 14.000000 1.000000 53.000000 4 4 1
2014-07-26T09:00:00Z 2014-07-26T11:00:00Z 121.000000 161.000000 64.000000 9.000000 1.391667 73.000000 4 4 1
2014-07-26T07:00:00Z 2014-07-26T09:00:00Z 119.000000 150.000000 54.000000 5.000000 1.391667 47.000000 4 4 1
2014-07-26T05:00:00Z 2014-07-26T07:00:00Z 121.000000 141.000000 41.000000 6.000000 1.383333 69.000000 4 4 1
2014-07-26T04:00:00Z 2014-07-26T06:00:00Z 118.000000 147.000000 41.000000 7.000000 1.350000 78.000000 4 4 1
2014-07-18T23:00:00Z 2014-07-19T01:00:00Z 118.000000 130.000000 43.000000 3.000000 1.158333 133.000000 4 3 1
2014-07-18T22:00:00Z 2014-07-19T00:00:00Z 116.000000 140.000000 38.000000 3.000000 1.150000 136.000000 4 3 1
2014-07-18T21:00:00Z 2014-07-18T23:00:00Z 116.000000 127.000000 35.000000 4.000000 1.150000 155.000000 4 4 1
2014-07-18T19:00:00Z 2014-07-18T21:00:00Z 126.000000 155.000000 29.000000 4.000000 1.200000 200.000000 4 4 1
2014-07-18T16:00:00Z 2014-07-18T18:00:00Z 131.000000 155.000000 22.000000 7.000000 1.527273 222.000000 4 4 1
2014-07-18T12:00:00Z 2014-07-18T14:00:00Z 142.000000 161.000000 40.000000 13.000000 1.845455 133.000000 4 5 1
2014-07-18T10:00:00Z 2014-07-18T12:00:00Z 136.000000 143.000000 47.000000 12.000000 1.854545 78.000000 4 4 1
2014-07-17T14:00:00Z 2014-07-17T16:00:00Z 149.000000 165.000000 34.000000 6.000000 1.754545 147.000000 4 5 1
2014-07-17T12:00:00Z 2014-07-17T14:00:00Z 139.000000 154.000000 35.000000 7.000000 1.681818 102.000000 4 4 1
2014-07-17T10:00:00Z 2014-07-17T12:00:00Z 133.000000 148.000000 41.000000 7.000000 1.690909 57.000000 4 4 1
2014-07-17T09:00:00Z 2014-07-17T11:00:00Z 128.000000 146.000000 47.000000 6.000000 1.927273 35.000000 4 4 1
2014-07-08T08:00:00Z 2014-07-08T10:00:00Z 149.000000 166.000000 46.000000 9.000000 1.233333 60.000000 4 4 1
2014-07-07T11:00:00Z 2014-07-07T13:00:00Z 135.000000 159.000000 52.000000 13.000000 1.154545 93.000000 4 5 1
2014-07-07T03:00:00Z 2014-07-07T05:00:00Z 132.000000 120.000000 43.000000 6.000000 1.250000 45.000000 4 3 1
2014-07-05T10:00:00Z 2014-07-05T12:00:00Z 143.000000 129.000000 45.000000 6.000000 1.525000 91.000000 4 4 0
2014-07-05T08:00:00Z 2014-07-05T10:00:00Z 149.000000 211.000000 50.000000 3.000000 1.408333 41.000000 4 4 0
2014-07-05T07:00:00Z 2014-07-05T09:00:00Z 145.000000 193.000000 50.000000 3.000000 1.300000 27.000000 4 4 0
2014-07-05T06:00:00Z 2014-07-05T08:00:00Z 135.000000 128.000000 45.000000 3.000000 1.125000 21.000000 4 4 0
2014-07-05T05:00:00Z 2014-07-05T07:00:00Z 133.000000 102.000000 40.000000 3.000000 1.025000 27.000000 4 4 0
2014-07-05T03:00:00Z 2014-07-05T05:00:00Z 140.000000 144.000000 46.000000 3.000000 1.081818 35.000000 4 4 0
2014-07-05T01:00:00Z 2014-07-05T03:00:00Z 147.000000 138.000000 57.000000 3.000000 1.225000 36.000000 4 4 0
2014-07-05T00:00:00Z 2014-07-05T02:00:00Z 142.000000 136.000000 57.000000 3.000000 1.275000 44.000000 4 4 0
2014-07-04T23:00:00Z 2014-07-05T01:00:00Z 145.000000 115.000000 50.000000 3.000000 1.266667 66.000000 4 4 0
2014-06-25T16:00:00Z 2014-06-25T18:00:00Z 118.000000 129.000000 42.000000 6.000000 1.083333 136.000000 4 4 1
2014-06-17T17:00:00Z 2014-06-17T19:00:00Z 117.000000 137.000000 32.000000 3.000000 1.008333 153.000000 4 1 1
2014-06-17T16:00:00Z 2014-06-17T18:00:00Z 138.000000 170.000000 32.000000 4.000000 1.130000 185.000000 4 1 1
2014-06-17T15:00:00Z 2014-06-17T17:00:00Z 138.000000 140.000000 31.000000 6.000000 1.136364 181.000000 4 4 1
2014-06-17T14:00:00Z 2014-06-17T16:00:00Z 119.000000 137.000000 33.000000 5.000000 1.100000 161.000000 4 4 1
2014-06-17T03:00:00Z 2014-06-17T05:00:00Z 146.000000 234.000000 17.000000 8.000000 0.845455 127.000000 4 1 1
2014-06-16T22:00:00Z 2014-06-17T00:00:00Z 120.000000 159.000000 49.000000 3.000000 1.100000 130.000000 4 5 1
2014-06-16T18:00:00Z 2014-06-16T20:00:00Z 116.000000 133.000000 30.000000 4.000000 0.941667 221.000000 4 3 1
2014-06-16T16:00:00Z 2014-06-16T18:00:00Z 117.000000 170.000000 26.000000 5.000000 0.900000 224.000000 4 4 1
2014-06-16T07:00:00Z 2014-06-16T09:00:00Z 139.000000 154.000000 39.000000 3.000000 0.966667 49.000000 4 4 1
2014-06-15T10:00:00Z 2014-06-15T12:00:00Z 117.000000 156.000000 57.000000 18.000000 1.183333 122.000000 4 3 1
2014-06-15T08:00:00Z 2014-06-15T10:00:00Z 131.000000 167.000000 70.000000 16.000000 1.216667 61.000000 4 4 1
2014-06-15T06:00:00Z 2014-06-15T08:00:00Z 124.000000 171.000000 86.000000 11.000000 1.333333 26.000000 4 4 1
2014-05-31T22:00:00Z 2014-06-01T00:00:00Z 122.000000 376.000000 33.000000 18.000000 1.362500 167.000000 4 2 1
2014-05-31T20:00:00Z 2014-05-31T22:00:00Z 140.000000 265.000000 61.000000 27.000000 2.462500 212.000000 4 4 1
2014-05-31T18:00:00Z 2014-05-31T20:00:00Z 139.000000 254.000000 51.000000 41.000000 2.412500 294.000000 4 4 1
2014-05-31T17:00:00Z 2014-05-31T19:00:00Z 137.000000 237.000000 51.000000 47.000000 2.337500 304.000000 4 4 1
2014-05-31T16:00:00Z 2014-05-31T18:00:00Z 140.000000 258.000000 57.000000 56.000000 2.525000 299.000000 4 4 1
2014-05-31T15:00:00Z 2014-05-31T17:00:00Z 136.000000 250.000000 60.000000 68.000000 2.662500 271.000000 4 4 1
2014-05-31T14:00:00Z 2014-05-31T16:00:00Z 130.000000 237.000000 61.000000 66.000000 2.500000 246.000000 4 4 1
2014-05-31T13:00:00Z 2014-05-31T15:00:00Z 121.000000 237.000000 67.000000 74.000000 2.650000 196.000000 4 4 1
2014-05-25T11:00:00Z 2014-05-25T13:00:00Z 126.000000 426.000000 18.000000 2.000000 0.266667 80.000000 4 1 1
2014-05-25T10:00:00Z 2014-05-25T12:00:00Z 148.000000 463.000000 33.000000 3.000000 0.433333 61.000000 4 2 1
2014-05-25T08:00:00Z 2014-05-25T10:00:00Z 139.000000 211.000000 36.000000 4.000000 0.966667 36.000000 4 4 1
2014-05-25T06:00:00Z 2014-05-25T08:00:00Z 124.000000 161.000000 33.000000 2.000000 1.308333 18.000000 4 4 1
2014-05-25T05:00:00Z 2014-05-25T07:00:00Z 120.000000 138.000000 29.000000 2.000000 1.141667 22.000000 4 4 1
2014-05-23T09:00:00Z 2014-05-23T11:00:00Z 119.000000 214.000000 64.000000 40.000000 1.125000 107.000000 4 3 1
2014-05-22T14:00:00Z 2014-05-22T16:00:00Z 116.000000 58.000000 25.000000 78.000000 1.054545 240.000000 4 2 1
2014-05-22T01:00:00Z 2014-05-22T03:00:00Z 149.000000 240.000000 112.000000 21.000000 1.858333 50.000000 4 5 1
2014-05-22T00:00:00Z 2014-05-22T02:00:00Z 148.000000 220.000000 102.000000 20.000000 1.933333 75.000000 4 4 1
2014-05-21T23:00:00Z 2014-05-22T01:00:00Z 149.000000 232.000000 79.000000 20.000000 1.941667 104.000000 4 4 1
2014-05-21T22:00:00Z 2014-05-22T00:00:00Z 149.000000 250.000000 79.000000 24.000000 1.900000 132.000000 4 4 1
2014-05-21T21:00:00Z 2014-05-21T23:00:00Z 145.000000 252.000000 59.000000 27.000000 1.783333 176.000000 4 4 1
2014-05-21T20:00:00Z 2014-05-21T22:00:00Z 138.000000 241.000000 49.000000 32.000000 1.700000 228.000000 4 4 1
2014-05-21T19:00:00Z 2014-05-21T21:00:00Z 135.000000 233.000000 43.000000 36.000000 1.666667 258.000000 4 4 1
2014-05-21T18:00:00Z 2014-05-21T20:00:00Z 128.000000 232.000000 36.000000 38.000000 1.533333 268.000000 4 4 1
2014-05-21T17:00:00Z 2014-05-21T19:00:00Z 122.000000 224.000000 35.000000 38.000000 1.533333 266.000000 4 4 1
2014-05-21T15:00:00Z 2014-05-21T17:00:00Z 117.000000 191.000000 44.000000 32.000000 1.709091 240.000000 4 4 1
2014-05-20T06:00:00Z 2014-05-20T08:00:00Z 127.000000 169.000000 49.000000 9.000000 1.191667 79.000000 4 2 1
2014-05-19T23:00:00Z 2014-05-20T01:00:00Z 149.000000 240.000000 108.000000 11.000000 1.591667 86.000000 4 5 1
2014-05-19T22:00:00Z 2014-05-20T00:00:00Z 133.000000 232.000000 101.000000 10.000000 1.400000 86.000000 4 5 1
2014-05-19T20:00:00Z 2014-05-19T22:00:00Z 116.000000 215.000000 57.000000 12.000000 1.036364 166.000000 4 4 1
2014-05-19T17:00:00Z 2014-05-19T19:00:00Z 133.000000 188.000000 39.000000 22.000000 1.033333 236.000000 4 3 1
2014-05-19T13:00:00Z 2014-05-19T15:00:00Z 142.000000 183.000000 37.000000 29.000000 1.233333 182.000000 4 5 1
2014-05-18T23:00:00Z 2014-05-19T01:00:00Z 121.000000 210.000000 45.000000 27.000000 1.025000 153.000000 4 3 1
2014-05-18T21:00:00Z 2014-05-18T23:00:00Z 142.000000 234.000000 44.000000 38.000000 1.145455 197.000000 4 4 1
2014-05-18T19:00:00Z 2014-05-18T21:00:00Z 141.000000 261.000000 41.000000 52.000000 1.266667 254.000000 4 4 1
2014-05-18T18:00:00Z 2014-05-18T20:00:00Z 117.000000 223.000000 34.000000 48.000000 1.033333 258.000000 4 5 1
2014-05-07T07:00:00Z 2014-05-07T09:00:00Z 122.000000 183.000000 82.000000 21.000000 1.645455 18.000000 4 2 1
2014-05-07T06:00:00Z 2014-05-07T08:00:00Z 120.000000 162.000000 77.000000 17.000000 1.818182 17.000000 4 3 1
2014-05-07T05:00:00Z 2014-05-07T07:00:00Z 119.000000 149.000000 77.000000 20.000000 1.827273 20.000000 4 4 1
2014-05-07T04:00:00Z 2014-05-07T06:00:00Z 117.000000 150.000000 69.000000 22.000000 1.972727 23.000000 4 4 1
2014-05-07T03:00:00Z 2014-05-07T05:00:00Z 117.000000 155.000000 76.000000 28.000000 1.990000 24.000000 4 4 1
2014-05-07T02:00:00Z 2014-05-07T04:00:00Z 117.000000 151.000000 76.000000 29.000000 1.918182 24.000000 4 4 1
2014-05-01T17:00:00Z 2014-05-01T19:00:00Z 139.000000 205.000000 26.000000 30.000000 0.983333 181.000000 4 2 0
2014-05-01T08:00:00Z 2014-05-01T10:00:00Z 145.000000 205.000000 74.000000 18.000000 1.075000 34.000000 4 5 0
2014-05-01T07:00:00Z 2014-05-01T09:00:00Z 134.000000 177.000000 64.000000 12.000000 1.000000 35.000000 4 5 0
2014-05-01T06:00:00Z 2014-05-01T08:00:00Z 126.000000 165.000000 59.000000 10.000000 0.891667 40.000000 4 4 0
2014-05-01T05:00:00Z 2014-05-01T07:00:00Z 125.000000 158.000000 48.000000 11.000000 0.800000 51.000000 4 4 0
2014-05-01T04:00:00Z 2014-05-01T06:00:00Z 119.000000 164.000000 54.000000 13.000000 0.816667 58.000000 4 4 0
2014-04-30T08:00:00Z 2014-04-30T10:00:00Z 125.000000 199.000000 107.000000 22.000000 1.272727 15.000000 4 4 1
2014-04-25T14:00:00Z 2014-04-25T16:00:00Z 128.000000 140.000000 36.000000 34.000000 0.866667 207.000000 4 3 1
2014-04-24T09:00:00Z 2014-04-24T11:00:00Z 117.000000 135.000000 55.000000 20.000000 0.966667 55.000000 4 4 1
2014-04-23T19:00:00Z 2014-04-23T21:00:00Z 126.000000 165.000000 38.000000 27.000000 0.966667 139.000000 4 2 1
2014-04-23T18:00:00Z 2014-04-23T20:00:00Z 148.000000 174.000000 37.000000 38.000000 1.166667 155.000000 4 3 1
2014-04-23T09:00:00Z 2014-04-23T11:00:00Z 143.000000 180.000000 50.000000 22.000000 0.941667 43.000000 4 5 1
2014-04-23T08:00:00Z 2014-04-23T10:00:00Z 123.000000 169.000000 59.000000 16.000000 0.941667 26.000000 4 5 1
2014-04-18T20:00:00Z 2014-04-18T22:00:00Z 118.000000 113.000000 69.000000 22.000000 1.350000 72.000000 4 3 1
2014-04-18T19:00:00Z 2014-04-18T21:00:00Z 145.000000 154.000000 72.000000 20.000000 1.725000 81.000000 4 3 1
2014-04-18T09:00:00Z 2014-04-18T11:00:00Z 143.000000 164.000000 74.000000 19.000000 1.618182 16.000000 4 5 1
2014-04-18T08:00:00Z 2014-04-18T10:00:00Z 144.000000 164.000000 70.000000 12.000000 1.658333 7.000000 4 5 1
2014-04-18T07:00:00Z 2014-04-18T09:00:00Z 138.000000 155.000000 69.000000 9.000000 1.783333 4.000000 4 4 1
2014-04-18T06:00:00Z 2014-04-18T08:00:00Z 141.000000 161.000000 68.000000 9.000000 1.833333 6.000000 4 4 1
2014-04-18T05:00:00Z 2014-04-18T07:00:00Z 133.000000 155.000000 64.000000 10.000000 1.725000 8.000000 4 4 1
2014-04-18T04:00:00Z 2014-04-18T06:00:00Z 132.000000 150.000000 71.000000 12.000000 1.716667 7.000000 4 4 1
2014-04-18T03:00:00Z 2014-04-18T05:00:00Z 131.000000 153.000000 73.000000 12.000000 1.718182 8.000000 4 4 1
2014-04-18T02:00:00Z 2014-04-18T04:00:00Z 130.000000 148.000000 79.000000 13.000000 1.875000 9.000000 4 4 1
2014-04-18T01:00:00Z 2014-04-18T03:00:00Z 136.000000 147.000000 77.000000 15.000000 1.908333 16.000000 4 4 1
2014-04-18T00:00:00Z 2014-04-18T02:00:00Z 130.000000 145.000000 73.000000 16.000000 1.833333 27.000000 4 4 1
2014-04-17T23:00:00Z 2014-04-18T01:00:00Z 123.000000 133.000000 65.000000 16.000000 1.625000 45.000000 4 4 1
2014-04-15T08:00:00Z 2014-04-15T10:00:00Z 140.000000 180.000000 87.000000 9.000000 1.241667 14.000000 4 3 1
2014-04-15T07:00:00Z 2014-04-15T09:00:00Z 140.000000 180.000000 87.000000 9.000000 1.241667 14.000000 4 3 1
2014-04-15T06:00:00Z 2014-04-15T08:00:00Z 140.000000 180.000000 87.000000 9.000000 1.241667 14.000000 4 4 1
2014-04-15T05:00:00Z 2014-04-15T07:00:00Z 140.000000 180.000000 87.000000 9.000000 1.241667 14.000000 4 4 1
2014-04-15T04:00:00Z 2014-04-15T06:00:00Z 133.000000 175.000000 77.000000 10.000000 1.127273 27.000000 4 4 1
2014-04-15T03:00:00Z 2014-04-15T05:00:00Z 134.000000 135.000000 65.000000 12.000000 1.109091 44.000000 4 4 1
2014-04-15T02:00:00Z 2014-04-15T04:00:00Z 130.000000 153.000000 66.000000 14.000000 1.072727 52.000000 4 4 1
2014-04-15T01:00:00Z 2014-04-15T03:00:00Z 128.000000 143.000000 62.000000 14.000000 1.083333 62.000000 4 4 1
2014-04-14T23:00:00Z 2014-04-15T01:00:00Z 140.000000 178.000000 56.000000 22.000000 1.200000 81.000000 4 4 1
2014-04-02T19:00:00Z 2014-04-02T21:00:00Z 124.000000 225.000000 52.000000 28.000000 1.300000 103.000000 4 3 0
2014-04-02T18:00:00Z 2014-04-02T20:00:00Z 129.000000 289.000000 50.000000 32.000000 1.491667 116.000000 4 3 0
2014-04-02T09:00:00Z 2014-04-02T11:00:00Z 133.000000 204.000000 87.000000 30.000000 1.181818 25.000000 4 3 0
2014-04-02T08:00:00Z 2014-04-02T10:00:00Z 120.000000 195.000000 97.000000 23.000000 1.290909 12.000000 4 3 0
2014-04-01T13:00:00Z 2014-04-01T15:00:00Z 146.000000 159.000000 66.000000 28.000000 1.050000 109.000000 4 3 0
2014-04-01T07:00:00Z 2014-04-01T09:00:00Z 123.000000 131.000000 70.000000 6.000000 1.291667 6.000000 4 5 0
2014-04-01T05:00:00Z 2014-04-01T07:00:00Z 130.000000 130.000000 63.000000 6.000000 1.166667 12.000000 4 4 0
2014-03-31T16:00:00Z 2014-03-31T18:00:00Z 125.000000 130.000000 54.000000 35.000000 1.500000 106.000000 4 1 1
2014-03-31T08:00:00Z 2014-03-31T10:00:00Z 139.000000 210.000000 95.000000 36.000000 2.133333 10.000000 4 5 1
2014-03-31T07:00:00Z 2014-03-31T09:00:00Z 123.000000 181.000000 91.000000 30.000000 1.691667 11.000000 4 5 1
2014-03-31T05:00:00Z 2014-03-31T07:00:00Z 124.000000 172.000000 87.000000 31.000000 1.550000 12.000000 4 4 1
2014-03-31T04:00:00Z 2014-03-31T06:00:00Z 132.000000 184.000000 86.000000 30.000000 1.450000 14.000000 4 3 1
2014-03-31T03:00:00Z 2014-03-31T05:00:00Z 117.000000 197.000000 74.000000 27.000000 1.090909 29.000000 4 4 1
2014-03-29T01:00:00Z 2014-03-29T03:00:00Z 133.000000 147.000000 81.000000 15.000000 2.166667 15.000000 4 2 1
2014-03-28T20:00:00Z 2014-03-28T22:00:00Z 150.000000 195.000000 82.000000 31.000000 2.216667 52.000000 4 5 1
2014-03-28T19:00:00Z 2014-03-28T21:00:00Z 127.000000 204.000000 72.000000 30.000000 1.827273 76.000000 4 5 1
2014-03-28T11:00:00Z 2014-03-28T13:00:00Z 122.000000 122.000000 46.000000 28.000000 1.258333 47.000000 4 3 1
2014-03-28T10:00:00Z 2014-03-28T12:00:00Z 144.000000 149.000000 58.000000 20.000000 1.608333 28.000000 4 3 1
2014-03-28T09:00:00Z 2014-03-28T11:00:00Z 131.000000 147.000000 67.000000 16.000000 1.783333 11.000000 4 4 1
2014-03-28T08:00:00Z 2014-03-28T10:00:00Z 137.000000 156.000000 68.000000 14.000000 1.750000 7.000000 4 4 1
2014-03-28T07:00:00Z 2014-03-28T09:00:00Z 140.000000 175.000000 69.000000 16.000000 1.883333 7.000000 4 4 1
2014-03-28T04:00:00Z 2014-03-28T06:00:00Z 149.000000 206.000000 75.000000 32.000000 1.933333 10.000000 4 5 1
2014-03-28T03:00:00Z 2014-03-28T05:00:00Z 145.000000 200.000000 82.000000 34.000000 1.927273 10.000000 4 5 1
2014-03-28T02:00:00Z 2014-03-28T04:00:00Z 144.000000 204.000000 82.000000 31.000000 1.983333 9.000000 4 4 1
2014-03-28T01:00:00Z 2014-03-28T03:00:00Z 142.000000 214.000000 85.000000 29.000000 2.027273 6.000000 4 4 1
2014-03-28T00:00:00Z 2014-03-28T02:00:00Z 131.000000 202.000000 91.000000 35.000000 2.083333 6.000000 4 4 1
2014-03-27T23:00:00Z 2014-03-28T01:00:00Z 131.000000 202.000000 91.000000 35.000000 2.083333 6.000000 4 4 1
2014-03-27T22:00:00Z 2014-03-28T00:00:00Z 134.000000 207.000000 90.000000 36.000000 2.150000 7.000000 4 4 1
2014-03-27T21:00:00Z 2014-03-27T23:00:00Z 126.000000 194.000000 90.000000 37.000000 2.058333 9.000000 4 4 1
2014-03-27T20:00:00Z 2014-03-27T22:00:00Z 119.000000 187.000000 89.000000 37.000000 1.925000 9.000000 4 4 1
2014-03-23T20:00:00Z 2014-03-23T22:00:00Z 126.000000 164.000000 64.000000 40.000000 1.291667 114.000000 4 5 1
2014-03-23T15:00:00Z 2014-03-23T17:00:00Z 143.000000 172.000000 38.000000 50.000000 1.216667 158.000000 4 5 1
2014-03-23T09:00:00Z 2014-03-23T11:00:00Z 131.000000 220.000000 98.000000 49.000000 2.041667 13.000000 4 5 1
2014-03-23T08:00:00Z 2014-03-23T10:00:00Z 119.000000 200.000000 92.000000 38.000000 2.008333 11.000000 4 4 1
2014-03-22T23:00:00Z 2014-03-23T01:00:00Z 124.000000 256.000000 67.000000 45.000000 1.750000 53.000000 4 3 1
2014-03-17T08:00:00Z 2014-03-17T10:00:00Z 141.000000 231.000000 95.000000 58.000000 2.627273 8.000000 4 5 1
2014-03-17T07:00:00Z 2014-03-17T09:00:00Z 134.000000 203.000000 93.000000 45.000000 2.416667 8.000000 4 5 1
2014-03-17T06:00:00Z 2014-03-17T08:00:00Z 132.000000 199.000000 93.000000 41.000000 2.283333 8.000000 4 4 1
2014-03-17T05:00:00Z 2014-03-17T07:00:00Z 130.000000 203.000000 87.000000 38.000000 2.050000 14.000000 4 4 1
2014-03-17T04:00:00Z 2014-03-17T06:00:00Z 130.000000 187.000000 75.000000 39.000000 1.966667 21.000000 4 4 1
2014-03-17T03:00:00Z 2014-03-17T05:00:00Z 128.000000 193.000000 74.000000 39.000000 1.854545 23.000000 4 4 1
2014-03-17T02:00:00Z 2014-03-17T04:00:00Z 126.000000 179.000000 62.000000 41.000000 1.763636 33.000000 4 4 1
2014-03-17T01:00:00Z 2014-03-17T03:00:00Z 124.000000 181.000000 59.000000 45.000000 1.750000 44.000000 4 4 1
2014-03-17T00:00:00Z 2014-03-17T02:00:00Z 134.000000 195.000000 62.000000 52.000000 1.641667 49.000000 4 4 1
2014-03-16T23:00:00Z 2014-03-17T01:00:00Z 136.000000 212.000000 62.000000 56.000000 1.550000 56.000000 4 4 1
2014-03-16T22:00:00Z 2014-03-17T00:00:00Z 138.000000 223.000000 59.000000 63.000000 1.500000 67.000000 4 4 1
2014-03-16T21:00:00Z 2014-03-16T23:00:00Z 135.000000 230.000000 60.000000 65.000000 1.433333 74.000000 4 4 1
2014-03-16T20:00:00Z 2014-03-16T22:00:00Z 134.000000 239.000000 60.000000 69.000000 1.358333 83.000000 4 4 1
2014-03-16T19:00:00Z 2014-03-16T21:00:00Z 125.000000 246.000000 57.000000 69.000000 1.325000 97.000000 4 4 1
2014-03-16T18:00:00Z 2014-03-16T20:00:00Z 117.000000 250.000000 52.000000 67.000000 1.291667 111.000000 4 4 1
2014-03-16T06:00:00Z 2014-03-16T08:00:00Z 117.000000 172.000000 96.000000 112.000000 3.458333 8.000000 4 3 1
2014-03-16T05:00:00Z 2014-03-16T07:00:00Z 124.000000 201.000000 97.000000 95.000000 3.475000 8.000000 4 3 1
2014-03-16T04:00:00Z 2014-03-16T06:00:00Z 129.000000 196.000000 101.000000 97.000000 3.241667 8.000000 4 4 1
2014-03-16T03:00:00Z 2014-03-16T05:00:00Z 136.000000 181.000000 102.000000 105.000000 2.990909 8.000000 4 4 1
2014-03-16T02:00:00Z 2014-03-16T04:00:00Z 143.000000 199.000000 105.000000 97.000000 3.008333 10.000000 4 4 1
2014-03-15T21:00:00Z 2014-03-15T23:00:00Z 138.000000 234.000000 135.000000 46.000000 2.033333 17.000000 4 5 1
2014-03-15T20:00:00Z 2014-03-15T22:00:00Z 123.000000 214.000000 131.000000 41.000000 1.683333 23.000000 4 5 1
2014-03-15T17:00:00Z 2014-03-15T19:00:00Z 118.000000 202.000000 97.000000 43.000000 1.158333 86.000000 4 3 1
2014-03-15T16:00:00Z 2014-03-15T18:00:00Z 118.000000 199.000000 105.000000 46.000000 1.300000 72.000000 4 3 1
2014-03-10T23:00:00Z 2014-03-11T01:00:00Z 145.000000 172.000000 98.000000 58.000000 2.409091 12.000000 4 5 1
2014-03-10T22:00:00Z 2014-03-11T00:00:00Z 141.000000 173.000000 103.000000 61.000000 2.563636 12.000000 4 5 1
2014-03-10T21:00:00Z 2014-03-10T23:00:00Z 138.000000 170.000000 108.000000 67.000000 2.445455 11.000000 4 4 1
2014-03-10T20:00:00Z 2014-03-10T22:00:00Z 132.000000 159.000000 107.000000 70.000000 2.154545 14.000000 4 4 1
2014-03-10T19:00:00Z 2014-03-10T21:00:00Z 121.000000 145.000000 96.000000 80.000000 1.872727 26.000000 4 4 1
2014-03-09T14:00:00Z 2014-03-09T16:00:00Z 133.000000 146.000000 69.000000 69.000000 1.808333 69.000000 4 3 1
2014-03-09T13:00:00Z 2014-03-09T15:00:00Z 142.000000 153.000000 76.000000 74.000000 1.950000 55.000000 4 4 1
2014-03-09T12:00:00Z 2014-03-09T14:00:00Z 139.000000 163.000000 74.000000 75.000000 1.983333 47.000000 4 4 1
2014-03-09T11:00:00Z 2014-03-09T13:00:00Z 136.000000 165.000000 74.000000 73.000000 2.025000 34.000000 4 4 1
2014-03-09T10:00:00Z 2014-03-09T12:00:00Z 120.000000 158.000000 71.000000 67.000000 1.916667 23.000000 4 4 1
2014-03-02T09:00:00Z 2014-03-02T11:00:00Z 116.000000 140.000000 78.000000 84.000000 3.083333 11.000000 4 4 0
2014-03-02T02:00:00Z 2014-03-02T04:00:00Z 117.000000 174.000000 86.000000 37.000000 2.154545 8.000000 4 3 0
2014-02-28T21:00:00Z 2014-02-28T23:00:00Z 124.000000 137.000000 92.000000 46.000000 1.833333 14.000000 4 4 1
2014-02-28T19:00:00Z 2014-02-28T21:00:00Z 119.000000 130.000000 86.000000 51.000000 1.400000 27.000000 4 4 1
2014-02-20T09:00:00Z 2014-02-20T11:00:00Z 150.000000 156.000000 77.000000 43.000000 2.220000 5.000000 4 5 1
2014-02-20T08:00:00Z 2014-02-20T10:00:00Z 146.000000 153.000000 79.000000 39.000000 2.260000 4.000000 4 5 1
2014-02-20T07:00:00Z 2014-02-20T09:00:00Z 144.000000 150.000000 78.000000 37.000000 2.340000 4.000000 4 4 1
2014-02-20T05:00:00Z 2014-02-20T07:00:00Z 131.000000 125.000000 78.000000 33.000000 2.450000 5.000000 4 4 1
2014-02-20T03:00:00Z 2014-02-20T05:00:00Z 135.000000 138.000000 80.000000 36.000000 2.020000 5.000000 4 4 1
2014-02-20T02:00:00Z 2014-02-20T04:00:00Z 131.000000 142.000000 82.000000 37.000000 1.820000 6.000000 4 4 1
2014-02-20T01:00:00Z 2014-02-20T03:00:00Z 132.000000 145.000000 86.000000 41.000000 1.800000 8.000000 4 4 1
2014-02-20T00:00:00Z 2014-02-20T02:00:00Z 137.000000 161.000000 88.000000 44.000000 1.860000 9.000000 4 4 1
2014-02-19T23:00:00Z 2014-02-20T01:00:00Z 131.000000 150.000000 90.000000 47.000000 1.880000 11.000000 4 4 1
2014-02-19T22:00:00Z 2014-02-20T00:00:00Z 116.000000 131.000000 87.000000 46.000000 1.590000 19.000000 4 4 1
2014-02-12T23:00:00Z 2014-02-13T01:00:00Z 133.000000 160.000000 103.000000 58.000000 2.475000 6.000000 4 5 1
2014-02-12T22:00:00Z 2014-02-13T00:00:00Z 135.000000 150.000000 105.000000 60.000000 2.341667 8.000000 4 5 1
2014-02-12T21:00:00Z 2014-02-12T23:00:00Z 150.000000 153.000000 110.000000 59.000000 2.425000 9.000000 4 4 1
2014-02-12T19:00:00Z 2014-02-12T21:00:00Z 150.000000 148.000000 104.000000 63.000000 2.108333 19.000000 4 4 1
2014-02-12T18:00:00Z 2014-02-12T20:00:00Z 121.000000 125.000000 86.000000 55.000000 1.725000 31.000000 4 5 1
2014-02-12T06:00:00Z 2014-02-12T08:00:00Z 122.000000 88.000000 79.000000 49.000000 2.566667 6.000000 4 3 1
2014-02-11T18:00:00Z 2014-02-11T20:00:00Z 145.000000 147.000000 97.000000 83.000000 2.158333 28.000000 4 5 1
2014-02-08T08:00:00Z 2014-02-08T10:00:00Z 129.000000 129.000000 64.000000 30.000000 2.300000 6.000000 4 3 1
2014-02-08T06:00:00Z 2014-02-08T08:00:00Z 126.000000 109.000000 63.000000 29.000000 2.275000 5.000000 4 4 1
2014-02-08T05:00:00Z 2014-02-08T07:00:00Z 122.000000 85.000000 58.000000 25.000000 2.058333 8.000000 4 4 1
2014-02-06T22:00:00Z 2014-02-07T00:00:00Z 122.000000 144.000000 74.000000 71.000000 2.227273 17.000000 4 3 1
2014-02-06T21:00:00Z 2014-02-06T23:00:00Z 125.000000 137.000000 74.000000 84.000000 2.272727 24.000000 4 3 1
2014-02-06T12:00:00Z 2014-02-06T14:00:00Z 118.000000 129.000000 63.000000 95.000000 1.972727 22.000000 4 3 1
2014-02-06T11:00:00Z 2014-02-06T13:00:00Z 124.000000 141.000000 65.000000 89.000000 2.181818 15.000000 4 3 1
2014-02-06T10:00:00Z 2014-02-06T12:00:00Z 130.000000 145.000000 65.000000 79.000000 2.445455 10.000000 4 4 1
2014-02-06T09:00:00Z 2014-02-06T11:00:00Z 127.000000 137.000000 68.000000 73.000000 2.500000 6.000000 4 4 1
2014-02-06T07:00:00Z 2014-02-06T09:00:00Z 127.000000 146.000000 63.000000 58.000000 2.216667 7.000000 4 4 1
2014-02-06T05:00:00Z 2014-02-06T07:00:00Z 142.000000 162.000000 63.000000 45.000000 2.675000 8.000000 4 4 1
2014-02-06T04:00:00Z 2014-02-06T06:00:00Z 146.000000 150.000000 72.000000 43.000000 2.641667 7.000000 4 4 1
2014-02-06T03:00:00Z 2014-02-06T05:00:00Z 149.000000 158.000000 66.000000 48.000000 2.809091 7.000000 4 4 1
2014-02-06T02:00:00Z 2014-02-06T04:00:00Z 143.000000 152.000000 69.000000 56.000000 2.672727 7.000000 4 4 1
2014-02-06T01:00:00Z 2014-02-06T03:00:00Z 135.000000 153.000000 68.000000 64.000000 2.408333 9.000000 4 4 1
2014-02-06T00:00:00Z 2014-02-06T02:00:00Z 124.000000 131.000000 66.000000 58.000000 1.775000 12.000000 4 4 1
2014-02-05T23:00:00Z 2014-02-06T01:00:00Z 121.000000 126.000000 65.000000 56.000000 1.616667 14.000000 4 4 0
2014-02-05T22:00:00Z 2014-02-06T00:00:00Z 117.000000 131.000000 62.000000 55.000000 1.466667 18.000000 4 4 0
2014-02-02T09:00:00Z 2014-02-02T11:00:00Z 117.000000 144.000000 51.000000 42.000000 2.091667 18.000000 4 1 0
2014-02-02T08:00:00Z 2014-02-02T10:00:00Z 139.000000 158.000000 57.000000 31.000000 2.591667 8.000000 4 2 0
2014-02-02T04:00:00Z 2014-02-02T06:00:00Z 149.000000 161.000000 56.000000 27.000000 2.441667 4.000000 4 5 0
2014-02-02T03:00:00Z 2014-02-02T05:00:00Z 144.000000 155.000000 54.000000 29.000000 2.408333 3.000000 4 5 0
2014-02-02T02:00:00Z 2014-02-02T04:00:00Z 139.000000 148.000000 54.000000 31.000000 2.400000 4.000000 4 4 0
2014-02-02T01:00:00Z 2014-02-02T03:00:00Z 133.000000 138.000000 55.000000 32.000000 2.275000 5.000000 4 4 0
2014-02-02T00:00:00Z 2014-02-02T02:00:00Z 126.000000 124.000000 56.000000 31.000000 2.183333 4.000000 4 4 0
2014-02-01T23:00:00Z 2014-02-02T01:00:00Z 124.000000 125.000000 57.000000 31.000000 2.208333 4.000000 4 4 0
2014-02-01T22:00:00Z 2014-02-02T00:00:00Z 123.000000 123.000000 58.000000 31.000000 2.216667 4.000000 4 4 0
2014-02-01T21:00:00Z 2014-02-01T23:00:00Z 124.000000 130.000000 58.000000 32.000000 2.166667 4.000000 4 4 0
2014-02-01T20:00:00Z 2014-02-01T22:00:00Z 121.000000 115.000000 59.000000 33.000000 2.091667 3.000000 4 4 0
2014-02-01T19:00:00Z 2014-02-01T21:00:00Z 122.000000 133.000000 58.000000 33.000000 2.108333 4.000000 4 4 0
2014-02-01T17:00:00Z 2014-02-01T19:00:00Z 117.000000 118.000000 60.000000 43.000000 2.000000 6.000000 4 4 0
2014-02-01T16:00:00Z 2014-02-01T18:00:00Z 118.000000 147.000000 56.000000 48.000000 1.833333 12.000000 4 3 0
2014-02-01T15:00:00Z 2014-02-01T17:00:00Z 125.000000 141.000000 54.000000 55.000000 1.850000 16.000000 4 4 0
2014-02-01T14:00:00Z 2014-02-01T16:00:00Z 126.000000 159.000000 53.000000 59.000000 1.775000 17.000000 4 4 0
2014-02-01T13:00:00Z 2014-02-01T15:00:00Z 133.000000 155.000000 54.000000 63.000000 1.775000 16.000000 4 4 0
2014-02-01T12:00:00Z 2014-02-01T14:00:00Z 140.000000 152.000000 55.000000 70.000000 1.816667 13.000000 4 4 0
2014-01-31T20:00:00Z 2014-01-31T22:00:00Z 146.000000 175.000000 60.000000 59.000000 1.808333 12.000000 4 4 1
2014-01-31T19:00:00Z 2014-01-31T21:00:00Z 132.000000 159.000000 57.000000 55.000000 1.483333 18.000000 4 5 1
2014-01-31T18:00:00Z 2014-01-31T20:00:00Z 127.000000 154.000000 52.000000 56.000000 1.350000 28.000000 4 4 1
2014-01-31T17:00:00Z 2014-01-31T19:00:00Z 122.000000 148.000000 46.000000 61.000000 1.283333 36.000000 4 4 1
2014-01-31T06:00:00Z 2014-01-31T08:00:00Z 131.000000 164.000000 53.000000 67.000000 1.750000 11.000000 4 3 1
2014-01-30T23:00:00Z 2014-01-31T01:00:00Z 144.000000 211.000000 51.000000 53.000000 1.391667 17.000000 4 6 1
2014-01-30T22:00:00Z 2014-01-31T00:00:00Z 135.000000 213.000000 53.000000 59.000000 1.516667 23.000000 4 5 1
2014-01-30T20:00:00Z 2014-01-30T22:00:00Z 138.000000 235.000000 65.000000 70.000000 1.808333 35.000000 4 4 1
2014-01-29T14:00:00Z 2014-01-29T16:00:00Z 134.000000 155.000000 71.000000 111.000000 1.950000 24.000000 4 5 1
2014-01-27T12:00:00Z 2014-01-27T14:00:00Z 138.000000 158.000000 72.000000 105.000000 2.041667 20.000000 4 5 1
2014-01-27T11:00:00Z 2014-01-27T13:00:00Z 137.000000 156.000000 76.000000 99.000000 2.425000 12.000000 4 4 1
2014-01-27T10:00:00Z 2014-01-27T12:00:00Z 127.000000 151.000000 75.000000 94.000000 2.583333 8.000000 4 4 1
2014-01-27T09:00:00Z 2014-01-27T11:00:00Z 116.000000 143.000000 73.000000 78.000000 2.425000 7.000000 4 4 1
2014-01-27T01:00:00Z 2014-01-27T03:00:00Z 116.000000 133.000000 77.000000 65.000000 2.775000 7.000000 4 3 1
2014-01-27T00:00:00Z 2014-01-27T02:00:00Z 120.000000 140.000000 78.000000 68.000000 2.625000 8.000000 4 3 1
2014-01-24T13:00:00Z 2014-01-24T15:00:00Z 150.000000 159.000000 94.000000 78.000000 2.590909 12.000000 4 2 1
2014-01-22T18:00:00Z 2014-01-22T20:00:00Z 142.000000 176.000000 131.000000 80.000000 2.100000 5.000000 4 5 1
2014-01-22T17:00:00Z 2014-01-22T19:00:00Z 119.000000 139.000000 115.000000 75.000000 1.816667 12.000000 4 5 1
2014-01-22T00:00:00Z 2014-01-22T02:00:00Z 117.000000 150.000000 79.000000 66.000000 2.558333 8.000000 4 3 1
2014-01-19T12:00:00Z 2014-01-19T14:00:00Z 147.000000 169.000000 80.000000 119.000000 3.008333 11.000000 4 5 1
2014-01-19T11:00:00Z 2014-01-19T13:00:00Z 131.000000 152.000000 81.000000 102.000000 3.116667 6.000000 4 5 1
2014-01-19T10:00:00Z 2014-01-19T12:00:00Z 128.000000 141.000000 82.000000 94.000000 3.216667 4.000000 4 4 1
2014-01-19T09:00:00Z 2014-01-19T11:00:00Z 118.000000 138.000000 82.000000 85.000000 3.236364 3.000000 4 4 1
2014-01-19T08:00:00Z 2014-01-19T10:00:00Z 117.000000 136.000000 76.000000 80.000000 3.191667 3.000000 4 4 1
2014-01-19T02:00:00Z 2014-01-19T04:00:00Z 127.000000 146.000000 81.000000 72.000000 3.075000 5.000000 4 3 1
2014-01-19T01:00:00Z 2014-01-19T03:00:00Z 133.000000 150.000000 88.000000 84.000000 3.366667 5.000000 4 3 1
2014-01-19T00:00:00Z 2014-01-19T02:00:00Z 136.000000 148.000000 92.000000 85.000000 3.033333 5.000000 4 4 1
2014-01-18T23:00:00Z 2014-01-19T01:00:00Z 131.000000 146.000000 91.000000 80.000000 2.716667 5.000000 4 4 1
2014-01-18T22:00:00Z 2014-01-19T00:00:00Z 143.000000 162.000000 94.000000 79.000000 2.825000 6.000000 4 4 1
2014-01-18T21:00:00Z 2014-01-18T23:00:00Z 125.000000 143.000000 94.000000 53.000000 2.400000 8.000000 4 4 1
2014-01-17T18:00:00Z 2014-01-17T20:00:00Z 149.000000 189.000000 89.000000 50.000000 2.000000 18.000000 4 5 1
2014-01-16T15:00:00Z 2014-01-16T17:00:00Z 131.000000 123.000000 72.000000 77.000000 1.666667 33.000000 4 5 1
2014-01-14T01:00:00Z 2014-01-14T03:00:00Z 120.000000 126.000000 90.000000 83.000000 3.066667 10.000000 4 3 1
2014-01-14T00:00:00Z 2014-01-14T02:00:00Z 132.000000 174.000000 102.000000 81.000000 3.575000 7.000000 4 3 1
2014-01-13T23:00:00Z 2014-01-14T01:00:00Z 147.000000 188.000000 109.000000 91.000000 3.958333 7.000000 4 4 1
2014-01-13T22:00:00Z 2014-01-14T00:00:00Z 133.000000 170.000000 106.000000 84.000000 3.308333 6.000000 4 4 1
2014-01-13T21:00:00Z 2014-01-13T23:00:00Z 139.000000 177.000000 102.000000 74.000000 2.741667 6.000000 4 4 1
2014-01-13T20:00:00Z 2014-01-13T22:00:00Z 136.000000 177.000000 102.000000 69.000000 2.333333 5.000000 4 4 1
2014-01-13T19:00:00Z 2014-01-13T21:00:00Z 126.000000 170.000000 101.000000 69.000000 2.158333 6.000000 4 4 1
2014-01-11T22:00:00Z 2014-01-12T00:00:00Z 150.000000 139.000000 96.000000 78.000000 2.950000 16.000000 4 1 1
2014-01-11T17:00:00Z 2014-01-11T19:00:00Z 144.000000 175.000000 124.000000 91.000000 2.566667 7.000000 4 5 1
2014-01-11T16:00:00Z 2014-01-11T18:00:00Z 126.000000 140.000000 115.000000 85.000000 2.458333 14.000000 4 5 1
2014-01-10T21:00:00Z 2014-01-10T23:00:00Z 119.000000 166.000000 99.000000 82.000000 2.427273 6.000000 4 3 1
2014-01-10T20:00:00Z 2014-01-10T22:00:00Z 118.000000 168.000000 100.000000 77.000000 2.408333 7.000000 4 3 1
2014-01-07T10:00:00Z 2014-01-07T12:00:00Z 133.000000 124.000000 68.000000 51.000000 2.208333 14.000000 4 1 1
2014-01-06T15:00:00Z 2014-01-06T17:00:00Z 150.000000 166.000000 64.000000 53.000000 2.025000 11.000000 4 5 1
2014-01-06T14:00:00Z 2014-01-06T16:00:00Z 145.000000 160.000000 60.000000 52.000000 2.009091 12.000000 4 5 1
2014-01-06T12:00:00Z 2014-01-06T14:00:00Z 127.000000 158.000000 59.000000 50.000000 2.054545 8.000000 4 4 1
2014-01-06T10:00:00Z 2014-01-06T12:00:00Z 128.000000 142.000000 61.000000 52.000000 2.227273 5.000000 4 4 1
2014-01-06T09:00:00Z 2014-01-06T11:00:00Z 125.000000 136.000000 61.000000 52.000000 2.227273 3.000000 4 4 1
2014-01-06T08:00:00Z 2014-01-06T10:00:00Z 119.000000 134.000000 61.000000 50.000000 2.366667 4.000000 4 4 1
2014-01-06T06:00:00Z 2014-01-06T08:00:00Z 116.000000 141.000000 60.000000 44.000000 2.208333 4.000000 4 4 1
2014-01-06T05:00:00Z 2014-01-06T07:00:00Z 121.000000 131.000000 63.000000 44.000000 2.366667 3.000000 4 3 1
2014-01-06T04:00:00Z 2014-01-06T06:00:00Z 127.000000 145.000000 67.000000 41.000000 2.466667 2.000000 4 4 1
2014-01-06T03:00:00Z 2014-01-06T05:00:00Z 128.000000 152.000000 69.000000 45.000000 2.683333 2.000000 4 4 1
2014-01-06T02:00:00Z 2014-01-06T04:00:00Z 130.000000 156.000000 72.000000 47.000000 3.050000 3.000000 4 4 1
2014-01-06T01:00:00Z 2014-01-06T03:00:00Z 127.000000 166.000000 75.000000 40.000000 3.150000 3.000000 4 4 1
2014-01-06T00:00:00Z 2014-01-06T02:00:00Z 125.000000 154.000000 78.000000 44.000000 3.266667 4.000000 4 4 1
2014-01-05T23:00:00Z 2014-01-06T01:00:00Z 122.000000 170.000000 80.000000 47.000000 3.358333 4.000000 4 4 0
2014-01-05T05:00:00Z 2014-01-05T07:00:00Z 130.000000 175.000000 81.000000 40.000000 3.658333 6.000000 4 3 0
2014-01-05T04:00:00Z 2014-01-05T06:00:00Z 148.000000 185.000000 88.000000 38.000000 3.254545 3.000000 4 3 0
2014-01-04T14:00:00Z 2014-01-04T16:00:00Z 150.000000 175.000000 79.000000 62.000000 2.490909 11.000000 4 5 0
2014-01-04T12:00:00Z 2014-01-04T14:00:00Z 119.000000 147.000000 70.000000 57.000000 2.991667 9.000000 4 4 0
2014-01-03T01:00:00Z 2014-01-03T03:00:00Z 126.000000 164.000000 89.000000 78.000000 3.058333 16.000000 4 2 0
2014-01-02T19:00:00Z 2014-01-02T21:00:00Z 149.000000 217.000000 122.000000 78.000000 3.866667 5.000000 4 5 0
2014-01-02T18:00:00Z 2014-01-02T20:00:00Z 135.000000 203.000000 124.000000 78.000000 3.625000 5.000000 4 5 0
2014-01-02T17:00:00Z 2014-01-02T19:00:00Z 130.000000 185.000000 120.000000 81.000000 3.258333 5.000000 4 4 0
2014-01-02T16:00:00Z 2014-01-02T18:00:00Z 120.000000 171.000000 113.000000 88.000000 3.041667 9.000000 4 4 0
2014-01-02T15:00:00Z 2014-01-02T17:00:00Z 125.000000 162.000000 103.000000 90.000000 2.925000 15.000000 4 4 0
2014-01-02T14:00:00Z 2014-01-02T16:00:00Z 117.000000 158.000000 91.000000 91.000000 2.916667 18.000000 4 4 0
2013-12-31T04:00:00Z 2013-12-31T06:00:00Z 117.000000 170.000000 67.000000 50.000000 2.758333 11.000000 4 3 1
2013-12-31T03:00:00Z 2013-12-31T05:00:00Z 117.000000 176.000000 76.000000 54.000000 2.450000 11.000000 4 3 1
2013-12-25T15:00:00Z 2013-12-25T17:00:00Z 123.000000 165.000000 72.000000 52.000000 1.725000 37.000000 4 2 1
2013-12-23T21:00:00Z 2013-12-23T23:00:00Z 149.000000 189.000000 105.000000 63.000000 2.775000 6.000000 4 5 1
2013-12-23T20:00:00Z 2013-12-23T22:00:00Z 125.000000 170.000000 101.000000 59.000000 2.458333 6.000000 4 5 1
2013-12-23T06:00:00Z 2013-12-23T08:00:00Z 131.000000 171.000000 93.000000 67.000000 3.150000 5.000000 4 3 1
2013-12-16T22:00:00Z 2013-12-17T00:00:00Z 147.000000 192.000000 88.000000 77.000000 3.260000 6.000000 4 5 1
2013-12-16T18:00:00Z 2013-12-16T20:00:00Z 149.000000 155.000000 90.000000 68.000000 2.940000 3.000000 4 5 1
2013-12-16T17:00:00Z 2013-12-16T19:00:00Z 142.000000 155.000000 86.000000 69.000000 2.400000 7.000000 4 5 1
2013-12-16T16:00:00Z 2013-12-16T18:00:00Z 119.000000 130.000000 82.000000 74.000000 2.340000 7.000000 4 4 1
2013-12-16T15:00:00Z 2013-12-16T17:00:00Z 127.000000 136.000000 83.000000 75.000000 2.440000 11.000000 4 4 1
2013-12-07T10:00:00Z 2013-12-07T12:00:00Z 138.000000 154.000000 76.000000 58.000000 2.750000 4.000000 4 5 1
2013-12-07T09:00:00Z 2013-12-07T11:00:00Z 126.000000 158.000000 71.000000 43.000000 2.675000 3.000000 4 5 1
2013-12-07T08:00:00Z 2013-12-07T10:00:00Z 131.000000 162.000000 76.000000 36.000000 3.020000 4.000000 4 4 1
2013-12-07T07:00:00Z 2013-12-07T09:00:00Z 148.000000 135.000000 76.000000 34.000000 2.885714 3.000000 4 4 1
2013-12-06T20:00:00Z 2013-12-06T22:00:00Z 148.000000 198.000000 90.000000 42.000000 2.885714 25.000000 4 5 1
2013-12-06T18:00:00Z 2013-12-06T20:00:00Z 134.000000 167.000000 92.000000 46.000000 2.228571 3.000000 4 4 1
2013-12-06T14:00:00Z 2013-12-06T16:00:00Z 140.000000 171.000000 103.000000 63.000000 2.437500 12.000000 4 5 1
2013-12-06T13:00:00Z 2013-12-06T15:00:00Z 125.000000 162.000000 95.000000 65.000000 2.614286 11.000000 4 5 1
2013-12-04T02:00:00Z 2013-12-04T04:00:00Z 122.000000 142.000000 72.000000 40.000000 3.087500 8.000000 4 3 0
2013-12-04T01:00:00Z 2013-12-04T03:00:00Z 121.000000 129.000000 74.000000 38.000000 2.711111 8.000000 4 3 0
2013-12-04T00:00:00Z 2013-12-04T02:00:00Z 122.000000 138.000000 75.000000 40.000000 2.462500 8.000000 4 4 0
2013-12-03T23:00:00Z 2013-12-04T01:00:00Z 116.000000 130.000000 79.000000 43.000000 2.225000 7.000000 4 4 0
2013-12-03T01:00:00Z 2013-12-03T03:00:00Z 133.000000 167.000000 83.000000 69.000000 3.475000 5.000000 4 3 0
2013-12-03T00:00:00Z 2013-12-03T02:00:00Z 145.000000 165.000000 90.000000 61.000000 3.925000 5.000000 4 3 0
2013-12-02T23:00:00Z 2013-12-03T01:00:00Z 146.000000 184.000000 93.000000 59.000000 3.766667 8.000000 4 4 0
2013-12-02T18:00:00Z 2013-12-02T20:00:00Z 128.000000 168.000000 116.000000 57.000000 2.788889 5.000000 4 5 0
2013-12-02T02:00:00Z 2013-12-02T04:00:00Z 118.000000 158.000000 66.000000 40.000000 3.044444 6.000000 4 3 0
2013-12-02T01:00:00Z 2013-12-02T03:00:00Z 127.000000 158.000000 71.000000 41.000000 3.000000 6.000000 4 3 0
2013-12-02T00:00:00Z 2013-12-02T02:00:00Z 122.000000 146.000000 74.000000 43.000000 2.822222 6.000000 4 4 0
2013-12-01T23:00:00Z 2013-12-02T01:00:00Z 118.000000 136.000000 76.000000 39.000000 2.588889 5.000000 4 4 0
2013-12-01T22:00:00Z 2013-12-02T00:00:00Z 134.000000 157.000000 83.000000 39.000000 2.544444 5.000000 4 4 0
2013-12-01T20:00:00Z 2013-12-01T22:00:00Z 118.000000 132.000000 79.000000 41.000000 1.987500 10.000000 4 4 0
2013-11-24T04:00:00Z 2013-11-24T06:00:00Z 119.000000 114.000000 71.000000 51.000000 2.410000 9.000000 4 2 1
2013-11-23T16:00:00Z 2013-11-23T18:00:00Z 146.000000 144.000000 102.000000 55.000000 1.900000 19.000000 4 5 1
2013-11-23T15:00:00Z 2013-11-23T17:00:00Z 134.000000 146.000000 99.000000 52.000000 1.970000 21.000000 4 5 1
2013-11-23T12:00:00Z 2013-11-23T14:00:00Z 118.000000 114.000000 77.000000 54.000000 1.920000 21.000000 4 3 1
2013-11-23T11:00:00Z 2013-11-23T13:00:00Z 116.000000 114.000000 74.000000 58.000000 1.900000 18.000000 4 3 1
2013-11-23T10:00:00Z 2013-11-23T12:00:00Z 127.000000 135.000000 78.000000 56.000000 2.140000 21.000000 4 4 1
2013-11-23T09:00:00Z 2013-11-23T11:00:00Z 135.000000 145.000000 84.000000 54.000000 2.840000 19.000000 4 4 1
2013-11-23T08:00:00Z 2013-11-23T10:00:00Z 137.000000 156.000000 83.000000 44.000000 2.860000 16.000000 4 4 1
2013-11-23T07:00:00Z 2013-11-23T09:00:00Z 149.000000 124.000000 85.000000 42.000000 2.770000 8.000000 4 4 1
2013-11-22T17:00:00Z 2013-11-22T19:00:00Z 143.000000 144.000000 111.000000 44.000000 1.780000 7.000000 4 5 1
2013-11-22T16:00:00Z 2013-11-22T18:00:00Z 139.000000 144.000000 103.000000 47.000000 1.730000 14.000000 4 5 1
2013-11-22T15:00:00Z 2013-11-22T17:00:00Z 124.000000 145.000000 107.000000 47.000000 1.811111 14.000000 4 4 1
2013-10-31T12:00:00Z 2013-10-31T14:00:00Z 118.000000 124.000000 85.000000 17.000000 1.336364 14.000000 4 4 1
2013-10-31T03:00:00Z 2013-10-31T05:00:00Z 124.000000 141.000000 89.000000 7.000000 1.636364 2.000000 4 3 1
2013-10-31T02:00:00Z 2013-10-31T04:00:00Z 134.000000 165.000000 96.000000 8.000000 1.845455 2.000000 4 3 1
2013-10-31T01:00:00Z 2013-10-31T03:00:00Z 129.000000 153.000000 95.000000 8.000000 1.781818 2.000000 4 4 1
2013-10-31T00:00:00Z 2013-10-31T02:00:00Z 130.000000 151.000000 94.000000 9.000000 1.690909 2.000000 4 4 1
2013-10-30T23:00:00Z 2013-10-31T01:00:00Z 129.000000 139.000000 94.000000 10.000000 1.663636 4.000000 4 4 1
2013-10-30T22:00:00Z 2013-10-31T00:00:00Z 135.000000 146.000000 99.000000 12.000000 1.663636 5.000000 4 4 1
2013-10-30T21:00:00Z 2013-10-30T23:00:00Z 137.000000 170.000000 106.000000 12.000000 1.700000 7.000000 4 4 1
2013-10-30T20:00:00Z 2013-10-30T22:00:00Z 142.000000 177.000000 112.000000 13.000000 1.845455 9.000000 4 4 1
2013-10-30T19:00:00Z 2013-10-30T21:00:00Z 135.000000 184.000000 116.000000 13.000000 1.909091 14.000000 4 4 1
2013-10-30T18:00:00Z 2013-10-30T20:00:00Z 116.000000 158.000000 104.000000 14.000000 1.536364 32.000000 4 4 1
2013-10-27T11:00:00Z 2013-10-27T13:00:00Z 147.000000 199.000000 98.000000 39.000000 1.636364 11.000000 4 5 1
2013-10-26T23:00:00Z 2013-10-27T01:00:00Z 131.000000 182.000000 99.000000 26.000000 1.927273 2.000000 4 3 1
2013-10-26T22:00:00Z 2013-10-27T00:00:00Z 125.000000 178.000000 105.000000 29.000000 1.818182 2.000000 4 3 1
2013-10-26T21:00:00Z 2013-10-26T23:00:00Z 118.000000 168.000000 110.000000 26.000000 1.645455 2.000000 4 4 1
2013-10-22T18:00:00Z 2013-10-22T20:00:00Z 127.000000 158.000000 87.000000 57.000000 1.272727 37.000000 4 3 1
2013-10-22T17:00:00Z 2013-10-22T19:00:00Z 139.000000 157.000000 84.000000 89.000000 1.281818 51.000000 4 3 1
2013-10-22T16:00:00Z 2013-10-22T18:00:00Z 139.000000 160.000000 72.000000 101.000000 1.350000 72.000000 4 4 1
2013-10-22T14:00:00Z 2013-10-22T16:00:00Z 147.000000 155.000000 77.000000 119.000000 1.275000 61.000000 4 4 1
2013-10-22T10:00:00Z 2013-10-22T12:00:00Z 141.000000 189.000000 91.000000 22.000000 1.860000 8.000000 4 5 1
2013-10-22T09:00:00Z 2013-10-22T11:00:00Z 136.000000 186.000000 81.000000 11.000000 1.920000 5.000000 4 4 1
2013-10-17T18:00:00Z 2013-10-17T20:00:00Z 144.000000 166.000000 91.000000 32.000000 1.137500 48.000000 4 5 1
2013-10-17T17:00:00Z 2013-10-17T19:00:00Z 125.000000 147.000000 62.000000 40.000000 0.987500 74.000000 4 5 1
2013-10-17T15:00:00Z 2013-10-17T17:00:00Z 136.000000 191.000000 52.000000 41.000000 1.025000 75.000000 4 4 1
2013-10-10T16:00:00Z 2013-10-10T18:00:00Z 121.000000 162.000000 63.000000 13.000000 1.244400 64.000000 4 1 1
2013-10-10T15:00:00Z 2013-10-10T17:00:00Z 127.000000 169.000000 67.000000 14.000000 1.301600 61.000000 4 3 1
2013-10-10T14:00:00Z 2013-10-10T16:00:00Z 133.000000 176.000000 70.000000 14.000000 1.364500 61.000000 4 4 1
2013-10-10T13:00:00Z 2013-10-10T15:00:00Z 138.000000 185.000000 73.000000 15.000000 1.423000 61.000000 4 4 1
2013-10-10T12:00:00Z 2013-10-10T14:00:00Z 143.000000 188.000000 77.000000 16.000000 1.483500 61.000000 4 4 1
2013-10-10T11:00:00Z 2013-10-10T13:00:00Z 147.000000 191.000000 80.000000 16.000000 1.547000 58.000000 4 4 1
2013-10-10T10:00:00Z 2013-10-10T12:00:00Z 150.000000 196.000000 83.000000 16.000000 1.612900 50.000000 4 4 1
2013-10-10T05:00:00Z 2013-10-10T07:00:00Z 147.000000 183.000000 85.000000 15.000000 1.673400 9.000000 4 5 1
2013-10-10T04:00:00Z 2013-10-10T06:00:00Z 144.000000 180.000000 85.000000 15.000000 1.657200 9.000000 4 5 1
2013-10-10T03:00:00Z 2013-10-10T05:00:00Z 141.000000 178.000000 85.000000 15.000000 1.640300 4.000000 4 4 1
2013-10-10T02:00:00Z 2013-10-10T04:00:00Z 137.000000 174.000000 84.000000 15.000000 1.575364 3.000000 4 4 1
2013-10-10T01:00:00Z 2013-10-10T03:00:00Z 134.000000 171.000000 84.000000 14.000000 1.558727 8.000000 4 4 1
2013-10-10T00:00:00Z 2013-10-10T02:00:00Z 131.000000 168.000000 83.000000 14.000000 1.539182 9.000000 4 4 1
2013-10-09T23:00:00Z 2013-10-10T01:00:00Z 128.000000 165.000000 83.000000 14.000000 1.516636 7.000000 4 4 1
2013-10-09T22:00:00Z 2013-10-10T00:00:00Z 124.000000 161.000000 82.000000 14.000000 1.490364 8.000000 4 4 1
2013-10-09T21:00:00Z 2013-10-09T23:00:00Z 120.000000 158.000000 81.000000 14.000000 1.460545 9.000000 4 4 1
2013-10-09T20:00:00Z 2013-10-09T22:00:00Z 116.000000 154.000000 81.000000 14.000000 1.433273 13.000000 4 4 1
2013-10-07T08:00:00Z 2013-10-07T10:00:00Z 146.000000 152.000000 54.000000 23.000000 1.890000 12.000000 4 2 1
2013-10-07T07:00:00Z 2013-10-07T09:00:00Z 144.000000 123.000000 56.000000 19.000000 2.050000 7.000000 4 3 1
2013-10-04T13:00:00Z 2013-10-04T15:00:00Z 148.000000 188.000000 80.000000 76.000000 2.810000 65.000000 4 5 0
2013-10-04T12:00:00Z 2013-10-04T14:00:00Z 130.000000 163.000000 70.000000 72.000000 2.622222 56.000000 4 5 0
2013-10-04T11:00:00Z 2013-10-04T13:00:00Z 118.000000 157.000000 64.000000 74.000000 2.570000 39.000000 4 4 0
2013-09-30T12:00:00Z 2013-09-30T14:00:00Z 136.000000 97.000000 60.000000 29.000000 1.536364 36.000000 4 4 1
2013-09-30T11:00:00Z 2013-09-30T13:00:00Z 134.000000 140.000000 67.000000 19.000000 1.516667 16.000000 4 4 1
2013-09-30T10:00:00Z 2013-09-30T12:00:00Z 129.000000 132.000000 66.000000 15.000000 1.518182 9.000000 4 4 1
2013-09-30T09:00:00Z 2013-09-30T11:00:00Z 122.000000 137.000000 63.000000 11.000000 1.454545 4.000000 4 4 1
2013-09-30T08:00:00Z 2013-09-30T10:00:00Z 123.000000 154.000000 64.000000 9.000000 1.445455 3.000000 4 4 1
2013-09-30T07:00:00Z 2013-09-30T09:00:00Z 118.000000 140.000000 64.000000 8.000000 1.366667 3.000000 4 4 1
2013-09-30T06:00:00Z 2013-09-30T08:00:00Z 129.000000 138.000000 65.000000 8.000000 1.358333 4.000000 4 4 1
2013-09-30T05:00:00Z 2013-09-30T07:00:00Z 150.000000 164.000000 71.000000 8.000000 1.527273 3.000000 4 4 1
2013-09-27T12:00:00Z 2013-09-27T14:00:00Z 137.000000 206.000000 114.000000 28.000000 1.727273 52.000000 4 5 1
2013-09-27T11:00:00Z 2013-09-27T13:00:00Z 121.000000 197.000000 96.000000 26.000000 1.681818 33.000000 4 5 1
2013-09-20T02:00:00Z 2013-09-20T04:00:00Z 117.000000 145.000000 45.000000 2.000000 1.574917 12.000000 4 3 1
2013-09-19T23:00:00Z 2013-09-20T01:00:00Z 122.000000 136.000000 46.000000 3.000000 1.674417 14.000000 4 3 1
2013-09-19T22:00:00Z 2013-09-20T00:00:00Z 124.000000 134.000000 45.000000 3.000000 1.574833 24.000000 4 3 1
2013-09-19T21:00:00Z 2013-09-19T23:00:00Z 128.000000 154.000000 44.000000 4.000000 1.533000 39.000000 4 4 1
2013-09-19T19:00:00Z 2013-09-19T21:00:00Z 122.000000 130.000000 37.000000 6.000000 1.466250 85.000000 4 4 1
2013-09-19T16:00:00Z 2013-09-19T18:00:00Z 117.000000 119.000000 37.000000 14.000000 1.533167 131.000000 4 4 1
2013-09-19T13:00:00Z 2013-09-19T15:00:00Z 121.000000 88.000000 52.000000 18.000000 1.883167 59.000000 4 3 1
2013-09-19T12:00:00Z 2013-09-19T14:00:00Z 118.000000 113.000000 57.000000 15.000000 2.190545 26.000000 4 3 1
2013-09-19T11:00:00Z 2013-09-19T13:00:00Z 117.000000 121.000000 53.000000 11.000000 2.216500 11.000000 4 4 1
2013-09-18T14:00:00Z 2013-09-18T16:00:00Z 119.000000 112.000000 46.000000 16.000000 2.225000 47.000000 4 3 1
2013-09-18T13:00:00Z 2013-09-18T15:00:00Z 123.000000 118.000000 51.000000 15.000000 2.700000 30.000000 4 3 1
2013-09-18T12:00:00Z 2013-09-18T14:00:00Z 120.000000 134.000000 57.000000 17.000000 3.272727 20.000000 4 4 1
2013-09-13T20:00:00Z 2013-09-13T22:00:00Z 132.000000 187.000000 59.000000 3.000000 1.766667 4.000000 4 2 1
2013-09-13T18:00:00Z 2013-09-13T20:00:00Z 138.000000 179.000000 64.000000 3.000000 1.758333 2.000000 4 4 1
2013-09-13T17:00:00Z 2013-09-13T19:00:00Z 132.000000 163.000000 60.000000 2.000000 1.516667 3.000000 4 4 1
2013-09-13T16:00:00Z 2013-09-13T18:00:00Z 121.000000 152.000000 55.000000 2.000000 1.354545 7.000000 4 4 1
2013-09-13T15:00:00Z 2013-09-13T17:00:00Z 117.000000 145.000000 55.000000 2.000000 1.281818 9.000000 4 4 1
2013-09-12T14:00:00Z 2013-09-12T16:00:00Z 145.000000 169.000000 48.000000 44.000000 1.800000 140.000000 4 5 1
2013-09-12T13:00:00Z 2013-09-12T15:00:00Z 150.000000 168.000000 53.000000 41.000000 1.633333 140.000000 4 5 1
2013-09-12T09:00:00Z 2013-09-12T11:00:00Z 140.000000 177.000000 79.000000 15.000000 1.781818 12.000000 4 5 1
2013-09-12T08:00:00Z 2013-09-12T10:00:00Z 127.000000 162.000000 69.000000 10.000000 1.641667 6.000000 4 5 1
2013-09-08T18:00:00Z 2013-09-08T20:00:00Z 143.000000 195.000000 40.000000 30.000000 2.758333 104.000000 4 5 1
2013-09-08T17:00:00Z 2013-09-08T19:00:00Z 131.000000 164.000000 44.000000 36.000000 2.158333 117.000000 4 5 1
2013-09-04T03:00:00Z 2013-09-04T05:00:00Z 128.000000 139.000000 34.000000 11.000000 1.325000 66.000000 4 2 0
2013-09-04T02:00:00Z 2013-09-04T04:00:00Z 125.000000 141.000000 39.000000 13.000000 1.258333 64.000000 4 3 0
2013-09-04T01:00:00Z 2013-09-04T03:00:00Z 121.000000 140.000000 41.000000 18.000000 1.175000 73.000000 4 4 0
2013-09-04T00:00:00Z 2013-09-04T02:00:00Z 120.000000 145.000000 46.000000 20.000000 1.183333 80.000000 4 4 0
2013-09-03T23:00:00Z 2013-09-04T01:00:00Z 117.000000 143.000000 46.000000 21.000000 1.141667 90.000000 4 4 0
2013-08-22T22:00:00Z 2013-08-23T00:00:00Z 118.000000 149.000000 81.000000 4.000000 1.541667 4.000000 4 3 1
2013-08-22T21:00:00Z 2013-08-22T23:00:00Z 118.000000 138.000000 88.000000 4.000000 1.508333 15.000000 4 3 1
2013-08-22T07:00:00Z 2013-08-22T09:00:00Z 120.000000 135.000000 55.000000 5.000000 1.141667 21.000000 4 3 1
2013-08-22T06:00:00Z 2013-08-22T08:00:00Z 118.000000 154.000000 55.000000 4.000000 1.108333 18.000000 4 3 1
2013-08-21T12:00:00Z 2013-08-21T14:00:00Z 116.000000 105.000000 53.000000 5.000000 1.300000 88.000000 4 3 1
2013-08-21T10:00:00Z 2013-08-21T12:00:00Z 123.000000 137.000000 50.000000 4.000000 1.325000 53.000000 4 4 1
2013-08-20T11:00:00Z 2013-08-20T13:00:00Z 125.000000 152.000000 56.000000 19.000000 1.758333 125.000000 4 3 1
2013-08-20T10:00:00Z 2013-08-20T12:00:00Z 122.000000 161.000000 67.000000 17.000000 1.845455 82.000000 4 3 1
2013-08-17T02:00:00Z 2013-08-17T04:00:00Z 132.000000 198.000000 51.000000 11.000000 1.150000 14.000000 4 2 1
2013-08-17T01:00:00Z 2013-08-17T03:00:00Z 143.000000 189.000000 54.000000 5.000000 1.408333 11.000000 4 3 1
2013-08-16T13:00:00Z 2013-08-16T15:00:00Z 139.000000 187.000000 52.000000 4.000000 1.281818 80.000000 4 5 1
2013-08-16T01:00:00Z 2013-08-16T03:00:00Z 117.000000 182.000000 26.000000 4.000000 1.050000 75.000000 4 2 1
2013-08-15T19:00:00Z 2013-08-15T21:00:00Z 150.000000 174.000000 29.000000 6.000000 1.358333 148.000000 4 5 1
2013-08-15T18:00:00Z 2013-08-15T20:00:00Z 148.000000 179.000000 28.000000 8.000000 1.333333 168.000000 4 5 1
2013-08-15T17:00:00Z 2013-08-15T19:00:00Z 123.000000 148.000000 29.000000 9.000000 1.341667 183.000000 4 4 1
2013-08-15T16:00:00Z 2013-08-15T18:00:00Z 122.000000 142.000000 24.000000 9.000000 1.333333 186.000000 4 4 1
2013-08-15T15:00:00Z 2013-08-15T17:00:00Z 120.000000 139.000000 25.000000 9.000000 1.216667 193.000000 4 4 1
2013-08-15T10:00:00Z 2013-08-15T12:00:00Z 116.000000 140.000000 48.000000 6.000000 1.183333 54.000000 4 3 1
2013-07-30T14:00:00Z 2013-07-30T16:00:00Z 121.000000 94.000000 28.000000 7.000000 0.944444 265.000000 4 3 1
2013-07-30T09:00:00Z 2013-07-30T11:00:00Z 150.000000 186.000000 65.000000 8.000000 1.400000 42.000000 4 5 1
2013-07-30T08:00:00Z 2013-07-30T10:00:00Z 124.000000 166.000000 65.000000 7.000000 1.333333 16.000000 4 5 1
2013-07-28T02:00:00Z 2013-07-28T04:00:00Z 119.000000 132.000000 53.000000 5.000000 2.240000 3.000000 4 3 1
2013-07-28T01:00:00Z 2013-07-28T03:00:00Z 127.000000 151.000000 56.000000 4.000000 2.200000 2.000000 4 3 1
2013-07-27T23:00:00Z 2013-07-28T01:00:00Z 141.000000 142.000000 56.000000 5.000000 2.170000 4.000000 4 4 1
2013-07-27T22:00:00Z 2013-07-28T00:00:00Z 143.000000 158.000000 60.000000 5.000000 2.100000 7.000000 4 4 1
2013-07-27T21:00:00Z 2013-07-27T23:00:00Z 144.000000 147.000000 70.000000 4.000000 2.010000 11.000000 4 4 1
2013-07-27T20:00:00Z 2013-07-27T22:00:00Z 141.000000 159.000000 61.000000 4.000000 1.880000 25.000000 4 4 1
2013-07-27T19:00:00Z 2013-07-27T21:00:00Z 137.000000 116.000000 63.000000 5.000000 1.770000 39.000000 4 4 1
2013-07-27T18:00:00Z 2013-07-27T20:00:00Z 129.000000 96.000000 57.000000 5.000000 1.660000 52.000000 4 4 1
2013-07-27T17:00:00Z 2013-07-27T19:00:00Z 128.000000 83.000000 53.000000 5.000000 1.610000 51.000000 4 4 1
2013-07-27T16:00:00Z 2013-07-27T18:00:00Z 124.000000 155.000000 53.000000 5.000000 1.590000 41.000000 4 4 1
2013-07-27T15:00:00Z 2013-07-27T17:00:00Z 123.000000 168.000000 53.000000 5.000000 1.580000 40.000000 4 4 1
2013-07-27T14:00:00Z 2013-07-27T16:00:00Z 118.000000 163.000000 53.000000 5.000000 1.540000 37.000000 4 4 1
2013-07-19T03:00:00Z 2013-07-19T05:00:00Z 141.000000 147.000000 32.000000 9.000000 1.285714 36.000000 4 5 1
2013-07-19T02:00:00Z 2013-07-19T04:00:00Z 133.000000 115.000000 33.000000 8.000000 1.220000 42.000000 4 5 1
2013-07-19T01:00:00Z 2013-07-19T03:00:00Z 123.000000 106.000000 36.000000 9.000000 1.160000 50.000000 4 4 1
2013-07-18T21:00:00Z 2013-07-18T23:00:00Z 123.000000 234.000000 33.000000 10.000000 1.310000 99.000000 4 3 1
2013-07-18T20:00:00Z 2013-07-18T22:00:00Z 123.000000 204.000000 33.000000 9.000000 1.500000 107.000000 4 3 1
2013-07-18T19:00:00Z 2013-07-18T21:00:00Z 133.000000 241.000000 31.000000 12.000000 1.660000 114.000000 4 4 1
2013-07-18T18:00:00Z 2013-07-18T20:00:00Z 149.000000 187.000000 29.000000 13.000000 1.810000 115.000000 4 4 1
2013-07-18T04:00:00Z 2013-07-18T06:00:00Z 136.000000 139.000000 24.000000 9.000000 1.400000 63.000000 4 5 1
2013-07-18T03:00:00Z 2013-07-18T05:00:00Z 127.000000 154.000000 31.000000 13.000000 1.566667 62.000000 4 5 1
2013-06-29T21:00:00Z 2013-06-29T23:00:00Z 150.000000 177.000000 70.000000 7.000000 2.299700 18.000000 4 5 1
2013-06-29T20:00:00Z 2013-06-29T22:00:00Z 146.000000 175.000000 66.000000 8.000000 2.249800 29.000000 4 5 1
2013-06-29T19:00:00Z 2013-06-29T21:00:00Z 142.000000 174.000000 62.000000 9.000000 2.249800 42.000000 4 4 1
2013-06-29T18:00:00Z 2013-06-29T20:00:00Z 146.000000 196.000000 57.000000 9.000000 2.339200 49.000000 4 4 1
2013-06-29T17:00:00Z 2013-06-29T19:00:00Z 148.000000 195.000000 52.000000 9.000000 2.429300 51.000000 4 4 1
2013-06-29T16:00:00Z 2013-06-29T18:00:00Z 150.000000 187.000000 50.000000 9.000000 2.379600 50.000000 4 4 1
2013-06-29T15:00:00Z 2013-06-29T17:00:00Z 143.000000 195.000000 50.000000 8.000000 2.329600 41.000000 4 4 1
2013-06-29T14:00:00Z 2013-06-29T16:00:00Z 128.000000 155.000000 48.000000 8.000000 2.169800 40.000000 4 4 1
2013-06-29T13:00:00Z 2013-06-29T15:00:00Z 120.000000 141.000000 44.000000 7.000000 1.949700 41.000000 4 4 1
2013-06-28T01:00:00Z 2013-06-28T03:00:00Z 123.000000 250.000000 71.000000 10.000000 1.277778 47.000000 4 5 1
2013-06-27T09:00:00Z 2013-06-27T11:00:00Z 148.000000 190.000000 52.000000 19.000000 1.622000 57.000000 4 4 1
2013-06-27T02:00:00Z 2013-06-27T04:00:00Z 121.000000 63.000000 40.000000 5.000000 0.900000 62.000000 4 3 1
2013-06-27T01:00:00Z 2013-06-27T03:00:00Z 141.000000 73.000000 36.000000 7.000000 1.022222 78.000000 4 3 1
2013-06-27T00:00:00Z 2013-06-27T02:00:00Z 147.000000 140.000000 36.000000 6.000000 1.077667 91.000000 4 4 1
2013-06-26T22:00:00Z 2013-06-27T00:00:00Z 120.000000 155.000000 42.000000 6.000000 1.099889 130.000000 4 4 1
2013-06-26T07:00:00Z 2013-06-26T09:00:00Z 140.000000 48.000000 42.000000 4.000000 2.144222 6.000000 4 5 1
2013-06-26T06:00:00Z 2013-06-26T08:00:00Z 125.000000 60.000000 39.000000 4.000000 2.177556 4.000000 4 5 1
2013-06-26T05:00:00Z 2013-06-26T07:00:00Z 122.000000 41.000000 40.000000 4.000000 2.155444 5.000000 4 4 1
2013-06-26T04:00:00Z 2013-06-26T06:00:00Z 135.000000 70.000000 42.000000 4.000000 2.199889 7.000000 4 4 1
2013-06-26T02:00:00Z 2013-06-26T04:00:00Z 146.000000 58.000000 42.000000 4.000000 2.421889 10.000000 4 4 1
2013-06-26T01:00:00Z 2013-06-26T03:00:00Z 147.000000 78.000000 42.000000 5.000000 2.532889 13.000000 4 4 1
2013-06-26T00:00:00Z 2013-06-26T02:00:00Z 132.000000 131.000000 43.000000 5.000000 2.566667 16.000000 4 4 1
2013-06-25T23:00:00Z 2013-06-26T01:00:00Z 126.000000 34.000000 50.000000 6.000000 2.611000 14.000000 4 4 1
2013-06-25T22:00:00Z 2013-06-26T00:00:00Z 137.000000 6.000000 51.000000 6.000000 2.732778 16.000000 4 4 1
2013-06-25T14:00:00Z 2013-06-25T16:00:00Z 146.000000 137.000000 36.000000 11.000000 2.433111 60.000000 4 5 1
2013-06-25T13:00:00Z 2013-06-25T15:00:00Z 141.000000 163.000000 33.000000 10.000000 2.299556 59.000000 4 5 1
2013-06-25T12:00:00Z 2013-06-25T14:00:00Z 148.000000 146.000000 33.000000 8.000000 2.044222 54.000000 4 4 1
2013-06-25T11:00:00Z 2013-06-25T13:00:00Z 132.000000 144.000000 34.000000 5.000000 1.677556 49.000000 4 4 1
2013-06-24T19:00:00Z 2013-06-24T21:00:00Z 144.000000 198.000000 36.000000 9.000000 1.400000 184.000000 4 2 1
2013-06-24T18:00:00Z 2013-06-24T20:00:00Z 127.000000 168.000000 32.000000 11.000000 1.399900 199.000000 4 3 1
2013-06-24T17:00:00Z 2013-06-24T19:00:00Z 133.000000 194.000000 24.000000 11.000000 1.533222 203.000000 4 4 1
2013-06-24T16:00:00Z 2013-06-24T18:00:00Z 127.000000 218.000000 22.000000 10.000000 1.500000 203.000000 4 4 1
2013-06-24T14:00:00Z 2013-06-24T16:00:00Z 145.000000 159.000000 18.000000 9.000000 1.399900 199.000000 4 4 1
2013-06-24T13:00:00Z 2013-06-24T15:00:00Z 148.000000 183.000000 21.000000 11.000000 1.510667 183.000000 4 5 1
2013-06-20T22:00:00Z 2013-06-21T00:00:00Z 120.000000 213.000000 67.000000 29.000000 2.221778 44.000000 4 2 1
2013-06-17T01:00:00Z 2013-06-17T03:00:00Z 127.000000 210.000000 29.000000 8.000000 1.549900 52.000000 4 2 1
2013-06-16T08:00:00Z 2013-06-16T10:00:00Z 148.000000 183.000000 60.000000 23.000000 1.509800 54.000000 4 5 1
2013-06-16T07:00:00Z 2013-06-16T09:00:00Z 141.000000 170.000000 58.000000 21.000000 1.359900 61.000000 4 5 1
2013-06-16T06:00:00Z 2013-06-16T08:00:00Z 135.000000 165.000000 49.000000 21.000000 1.227273 68.000000 4 4 1
2013-06-16T05:00:00Z 2013-06-16T07:00:00Z 129.000000 159.000000 52.000000 22.000000 1.230000 67.000000 4 4 1
2013-06-16T04:00:00Z 2013-06-16T06:00:00Z 133.000000 156.000000 61.000000 22.000000 1.190000 73.000000 4 4 1
2013-06-16T03:00:00Z 2013-06-16T05:00:00Z 133.000000 156.000000 58.000000 28.000000 1.300000 99.000000 4 4 1
2013-06-16T02:00:00Z 2013-06-16T04:00:00Z 136.000000 172.000000 56.000000 32.000000 1.345455 104.000000 4 4 1
2013-06-16T01:00:00Z 2013-06-16T03:00:00Z 144.000000 166.000000 65.000000 36.000000 1.399900 118.000000 4 4 1
2013-06-15T17:00:00Z 2013-06-15T19:00:00Z 149.000000 204.000000 42.000000 40.000000 1.529600 274.000000 4 5 1
2013-06-15T14:00:00Z 2013-06-15T16:00:00Z 149.000000 206.000000 62.000000 50.000000 1.966444 192.000000 4 5 1
2013-06-15T13:00:00Z 2013-06-15T15:00:00Z 137.000000 191.000000 57.000000 49.000000 1.869600 152.000000 4 5 1
2013-06-15T12:00:00Z 2013-06-15T14:00:00Z 127.000000 179.000000 56.000000 46.000000 1.781545 122.000000 4 4 1
2013-06-14T21:00:00Z 2013-06-14T23:00:00Z 124.000000 184.000000 57.000000 19.000000 1.455333 170.000000 4 3 1
2013-06-14T20:00:00Z 2013-06-14T22:00:00Z 125.000000 169.000000 61.000000 15.000000 1.259800 192.000000 4 3 1
2013-06-14T18:00:00Z 2013-06-14T20:00:00Z 140.000000 174.000000 41.000000 22.000000 1.269800 261.000000 4 4 1
2013-06-14T17:00:00Z 2013-06-14T19:00:00Z 132.000000 183.000000 31.000000 23.000000 1.149700 267.000000 4 3 1
2013-06-14T16:00:00Z 2013-06-14T18:00:00Z 118.000000 165.000000 29.000000 23.000000 1.133111 256.000000 4 4 1
2013-06-14T14:00:00Z 2013-06-14T16:00:00Z 127.000000 166.000000 27.000000 33.000000 1.218091 260.000000 4 4 1
2013-06-14T13:00:00Z 2013-06-14T15:00:00Z 140.000000 182.000000 33.000000 41.000000 1.433222 248.000000 4 3 1
2013-06-14T11:00:00Z 2013-06-14T13:00:00Z 138.000000 196.000000 49.000000 38.000000 1.200000 154.000000 4 4 1
2013-06-14T10:00:00Z 2013-06-14T12:00:00Z 123.000000 189.000000 53.000000 39.000000 1.099909 114.000000 4 5 1
2013-06-13T21:00:00Z 2013-06-13T23:00:00Z 121.000000 168.000000 68.000000 15.000000 1.354182 124.000000 4 3 1
2013-06-13T15:00:00Z 2013-06-13T17:00:00Z 132.000000 168.000000 35.000000 41.000000 1.729600 253.000000 4 3 1
2013-06-13T14:00:00Z 2013-06-13T16:00:00Z 135.000000 199.000000 40.000000 50.000000 1.869800 236.000000 4 3 1
2013-06-13T13:00:00Z 2013-06-13T15:00:00Z 119.000000 197.000000 45.000000 54.000000 1.936000 181.000000 4 4 1
2013-06-13T12:00:00Z 2013-06-13T14:00:00Z 119.000000 170.000000 42.000000 57.000000 1.854182 147.000000 4 4 1
2013-06-13T10:00:00Z 2013-06-13T12:00:00Z 117.000000 141.000000 42.000000 59.000000 1.708818 96.000000 4 4 1
2013-06-13T09:00:00Z 2013-06-13T11:00:00Z 116.000000 136.000000 43.000000 54.000000 1.572455 78.000000 4 3 1
2013-06-09T02:00:00Z 2013-06-09T04:00:00Z 127.000000 157.000000 44.000000 6.000000 2.233000 3.000000 4 3 1
2013-06-09T01:00:00Z 2013-06-09T03:00:00Z 127.000000 153.000000 49.000000 5.000000 2.472636 3.000000 4 3 1
2013-06-09T00:00:00Z 2013-06-09T02:00:00Z 133.000000 166.000000 51.000000 6.000000 2.508083 3.000000 4 4 1
2013-06-08T23:00:00Z 2013-06-09T01:00:00Z 149.000000 196.000000 55.000000 5.000000 2.572636 3.000000 4 4 1
2013-06-08T09:00:00Z 2013-06-08T11:00:00Z 134.000000 142.000000 59.000000 15.000000 2.774750 4.000000 4 5 1
2013-06-08T08:00:00Z 2013-06-08T10:00:00Z 129.000000 124.000000 56.000000 12.000000 2.690545 5.000000 4 5 1
2013-06-08T03:00:00Z 2013-06-08T05:00:00Z 121.000000 100.000000 43.000000 5.000000 1.966444 5.000000 4 3 1
2013-06-08T02:00:00Z 2013-06-08T04:00:00Z 122.000000 124.000000 52.000000 5.000000 2.009500 3.000000 4 3 1
2013-06-08T01:00:00Z 2013-06-08T03:00:00Z 121.000000 131.000000 53.000000 6.000000 2.036273 3.000000 4 4 1
2013-06-08T00:00:00Z 2013-06-08T02:00:00Z 126.000000 133.000000 56.000000 6.000000 2.072727 3.000000 4 4 1
2013-06-07T23:00:00Z 2013-06-08T01:00:00Z 121.000000 134.000000 59.000000 7.000000 2.118091 2.000000 4 4 1
2013-06-07T22:00:00Z 2013-06-08T00:00:00Z 125.000000 135.000000 61.000000 8.000000 2.154455 3.000000 4 4 1
2013-06-07T21:00:00Z 2013-06-07T23:00:00Z 126.000000 144.000000 61.000000 8.000000 2.254455 3.000000 4 4 1
2013-06-07T20:00:00Z 2013-06-07T22:00:00Z 127.000000 140.000000 63.000000 9.000000 2.290545 3.000000 4 4 1
2013-06-07T19:00:00Z 2013-06-07T21:00:00Z 139.000000 153.000000 65.000000 10.000000 2.345091 3.000000 4 4 1
2013-06-07T18:00:00Z 2013-06-07T20:00:00Z 142.000000 152.000000 63.000000 11.000000 2.363364 4.000000 4 4 1
2013-06-07T17:00:00Z 2013-06-07T19:00:00Z 135.000000 140.000000 61.000000 12.000000 2.345182 5.000000 4 4 1
2013-06-07T16:00:00Z 2013-06-07T18:00:00Z 126.000000 138.000000 57.000000 12.000000 2.308818 5.000000 4 4 1
2013-06-07T15:00:00Z 2013-06-07T17:00:00Z 123.000000 116.000000 54.000000 12.000000 2.308636 5.000000 4 4 1
2013-06-07T14:00:00Z 2013-06-07T16:00:00Z 123.000000 118.000000 51.000000 11.000000 2.290818 4.000000 4 4 1
2013-06-07T08:00:00Z 2013-06-07T10:00:00Z 119.000000 128.000000 45.000000 15.000000 2.058000 2.000000 4 3 1
2013-06-07T07:00:00Z 2013-06-07T09:00:00Z 121.000000 116.000000 43.000000 13.000000 1.916333 3.000000 4 3 1
2013-06-07T06:00:00Z 2013-06-07T08:00:00Z 129.000000 118.000000 44.000000 12.000000 1.891333 4.000000 4 4 1
2013-06-07T05:00:00Z 2013-06-07T07:00:00Z 137.000000 134.000000 49.000000 11.000000 1.999417 3.000000 4 4 1
2013-06-07T04:00:00Z 2013-06-07T06:00:00Z 144.000000 135.000000 52.000000 10.000000 2.099500 4.000000 4 4 1
2013-06-07T03:00:00Z 2013-06-07T05:00:00Z 150.000000 142.000000 52.000000 7.000000 2.190455 2.000000 4 4 1
2013-06-07T02:00:00Z 2013-06-07T04:00:00Z 144.000000 137.000000 52.000000 7.000000 2.232917 7.000000 4 4 1
2013-06-07T01:00:00Z 2013-06-07T03:00:00Z 146.000000 131.000000 50.000000 6.000000 2.257917 8.000000 4 4 1
2013-06-07T00:00:00Z 2013-06-07T02:00:00Z 146.000000 133.000000 53.000000 6.000000 2.299583 7.000000 4 4 1
2013-06-06T23:00:00Z 2013-06-07T01:00:00Z 139.000000 136.000000 56.000000 6.000000 2.357917 7.000000 4 4 1
2013-06-06T22:00:00Z 2013-06-07T00:00:00Z 132.000000 142.000000 57.000000 6.000000 2.407917 4.000000 4 4 1
2013-06-06T21:00:00Z 2013-06-06T23:00:00Z 134.000000 157.000000 58.000000 6.000000 2.441417 4.000000 4 4 1
2013-06-06T20:00:00Z 2013-06-06T22:00:00Z 144.000000 174.000000 61.000000 6.000000 2.574583 2.000000 4 4 1
2013-06-06T19:00:00Z 2013-06-06T21:00:00Z 150.000000 181.000000 65.000000 7.000000 2.691417 3.000000 4 4 1
2013-06-06T18:00:00Z 2013-06-06T20:00:00Z 145.000000 159.000000 63.000000 7.000000 2.724417 4.000000 4 4 1
2013-06-06T17:00:00Z 2013-06-06T19:00:00Z 122.000000 129.000000 59.000000 8.000000 2.633000 6.000000 4 4 1
2013-06-06T16:00:00Z 2013-06-06T18:00:00Z 122.000000 126.000000 57.000000 9.000000 2.482917 7.000000 4 4 1
2013-06-06T07:00:00Z 2013-06-06T09:00:00Z 120.000000 104.000000 41.000000 9.000000 1.683333 9.000000 4 3 1
2013-06-06T06:00:00Z 2013-06-06T08:00:00Z 141.000000 139.000000 38.000000 9.000000 1.558167 14.000000 4 3 1
2013-06-05T13:00:00Z 2013-06-05T15:00:00Z 149.000000 155.000000 40.000000 7.000000 2.049833 30.000000 4 5 0
2013-06-05T12:00:00Z 2013-06-05T14:00:00Z 127.000000 124.000000 42.000000 7.000000 2.000000 28.000000 4 5 0
2013-06-04T14:00:00Z 2013-06-04T16:00:00Z 116.000000 160.000000 48.000000 32.000000 2.207917 60.000000 4 3 0
2013-06-04T13:00:00Z 2013-06-04T15:00:00Z 119.000000 153.000000 51.000000 44.000000 2.374500 68.000000 4 3 0
2013-06-04T12:00:00Z 2013-06-04T14:00:00Z 150.000000 173.000000 52.000000 44.000000 2.417818 76.000000 4 4 0
2013-06-04T04:00:00Z 2013-06-04T06:00:00Z 145.000000 215.000000 77.000000 24.000000 1.616583 49.000000 4 5 0
2013-06-04T03:00:00Z 2013-06-04T05:00:00Z 125.000000 191.000000 83.000000 19.000000 1.445455 49.000000 4 5 0
2013-06-04T02:00:00Z 2013-06-04T04:00:00Z 126.000000 171.000000 94.000000 19.000000 1.449917 58.000000 4 4 0
2013-06-04T01:00:00Z 2013-06-04T03:00:00Z 132.000000 180.000000 111.000000 17.000000 1.608250 60.000000 4 4 0
2013-06-04T00:00:00Z 2013-06-04T02:00:00Z 131.000000 169.000000 132.000000 16.000000 1.808083 42.000000 4 4 0
2013-06-03T23:00:00Z 2013-06-04T01:00:00Z 121.000000 185.000000 96.000000 15.000000 1.666417 62.000000 4 4 0
2013-06-03T22:00:00Z 2013-06-04T00:00:00Z 118.000000 175.000000 86.000000 16.000000 1.549833 78.000000 4 4 0
2013-06-03T11:00:00Z 2013-06-03T13:00:00Z 144.000000 65.000000 35.000000 30.000000 1.399833 151.000000 4 2 0
2013-06-03T00:00:00Z 2013-06-03T02:00:00Z 145.000000 138.000000 44.000000 24.000000 1.658000 70.000000 4 5 0
2013-06-02T23:00:00Z 2013-06-03T01:00:00Z 146.000000 139.000000 46.000000 30.000000 1.749833 76.000000 4 5 0
2013-06-02T07:00:00Z 2013-06-02T09:00:00Z 148.000000 205.000000 57.000000 32.000000 1.858083 37.000000 4 5 0
2013-06-02T06:00:00Z 2013-06-02T08:00:00Z 128.000000 216.000000 56.000000 27.000000 1.749833 32.000000 4 5 0
2013-06-01T08:00:00Z 2013-06-01T10:00:00Z 119.000000 168.000000 65.000000 26.000000 0.991667 52.000000 4 2 0
2013-06-01T07:00:00Z 2013-06-01T09:00:00Z 124.000000 175.000000 72.000000 16.000000 1.124833 29.000000 4 3 0
2013-06-01T06:00:00Z 2013-06-01T08:00:00Z 122.000000 167.000000 58.000000 10.000000 1.116667 26.000000 4 4 0
2013-06-01T05:00:00Z 2013-06-01T07:00:00Z 134.000000 181.000000 76.000000 9.000000 1.172636 23.000000 4 4 0
2013-06-01T04:00:00Z 2013-06-01T06:00:00Z 128.000000 161.000000 71.000000 9.000000 1.000000 28.000000 4 4 0
2013-06-01T03:00:00Z 2013-06-01T05:00:00Z 132.000000 161.000000 68.000000 10.000000 1.066667 33.000000 4 4 0
2013-06-01T02:00:00Z 2013-06-01T04:00:00Z 131.000000 164.000000 58.000000 12.000000 0.963636 41.000000 4 4 0
2013-06-01T01:00:00Z 2013-06-01T03:00:00Z 125.000000 154.000000 54.000000 17.000000 0.933250 62.000000 4 4 0
2013-06-01T00:00:00Z 2013-06-01T02:00:00Z 126.000000 149.000000 53.000000 21.000000 0.916500 75.000000 4 4 0
2013-05-31T23:00:00Z 2013-06-01T01:00:00Z 123.000000 154.000000 45.000000 25.000000 0.899917 97.000000 4 4 1
2013-05-31T22:00:00Z 2013-06-01T00:00:00Z 120.000000 154.000000 42.000000 26.000000 0.899917 118.000000 4 4 1
2013-05-31T21:00:00Z 2013-05-31T23:00:00Z 120.000000 176.000000 40.000000 26.000000 0.908250 144.000000 4 4 1
2013-05-31T20:00:00Z 2013-05-31T22:00:00Z 124.000000 193.000000 41.000000 32.000000 1.024917 173.000000 4 4 1
2013-05-31T19:00:00Z 2013-05-31T21:00:00Z 116.000000 190.000000 41.000000 37.000000 1.058333 195.000000 4 4 1
2013-05-31T18:00:00Z 2013-05-31T20:00:00Z 120.000000 185.000000 40.000000 49.000000 1.175000 212.000000 4 4 1
2013-05-31T17:00:00Z 2013-05-31T19:00:00Z 118.000000 191.000000 36.000000 54.000000 1.190727 225.000000 4 4 1
2013-05-31T15:00:00Z 2013-05-31T17:00:00Z 119.000000 164.000000 36.000000 60.000000 1.208083 224.000000 4 4 1
2013-05-31T14:00:00Z 2013-05-31T16:00:00Z 119.000000 159.000000 37.000000 54.000000 1.208250 199.000000 4 3 1
2013-05-31T13:00:00Z 2013-05-31T15:00:00Z 116.000000 174.000000 37.000000 44.000000 1.066667 175.000000 4 4 1
2013-05-26T17:00:00Z 2013-05-26T19:00:00Z 117.000000 137.000000 42.000000 38.000000 1.808167 64.000000 4 3 1
2013-05-26T16:00:00Z 2013-05-26T18:00:00Z 133.000000 143.000000 51.000000 48.000000 2.257833 65.000000 4 3 1
2013-05-26T15:00:00Z 2013-05-26T17:00:00Z 137.000000 168.000000 60.000000 48.000000 2.708000 62.000000 4 4 1
2013-05-26T14:00:00Z 2013-05-26T16:00:00Z 131.000000 157.000000 57.000000 38.000000 2.541500 58.000000 4 4 1
2013-05-26T13:00:00Z 2013-05-26T15:00:00Z 117.000000 153.000000 60.000000 36.000000 2.474833 50.000000 4 4 1
2013-05-24T09:00:00Z 2013-05-24T11:00:00Z 122.000000 141.000000 67.000000 33.000000 1.841417 72.000000 4 2 1
2013-05-24T01:00:00Z 2013-05-24T03:00:00Z 142.000000 243.000000 104.000000 25.000000 2.357917 42.000000 4 5 1
2013-05-24T00:00:00Z 2013-05-24T02:00:00Z 129.000000 198.000000 97.000000 26.000000 2.208000 52.000000 4 5 1
2013-05-23T23:00:00Z 2013-05-24T01:00:00Z 119.000000 215.000000 95.000000 29.000000 2.091250 66.000000 4 4 1
2013-05-23T22:00:00Z 2013-05-24T00:00:00Z 117.000000 219.000000 81.000000 32.000000 2.108000 94.000000 4 4 1
2013-05-22T16:00:00Z 2013-05-22T18:00:00Z 116.000000 120.000000 23.000000 29.000000 1.050000 184.000000 4 2 1
