2014-09-26T20:00:00Z 2014-09-26T22:00:00Z 153.000000 149.000000 86.000000 5.000000 1.966667 6.000000 5 4 1
2014-09-26T19:00:00Z 2014-09-26T21:00:00Z 167.000000 153.000000 83.000000 6.000000 1.983333 14.000000 5 5 1
2014-09-26T17:00:00Z 2014-09-26T19:00:00Z 160.000000 156.000000 67.000000 8.000000 1.800000 38.000000 5 5 1
2014-09-26T15:00:00Z 2014-09-26T17:00:00Z 156.000000 165.000000 47.000000 22.000000 1.416667 77.000000 5 5 1
2014-09-25T15:00:00Z 2014-09-25T17:00:00Z 155.000000 166.000000 43.000000 4.000000 1.225000 61.000000 5 4 1
2014-09-21T02:00:00Z 2014-09-21T04:00:00Z 169.000000 179.000000 47.000000 6.000000 1.525000 37.000000 5 4 1
2014-09-21T00:00:00Z 2014-09-21T02:00:00Z 185.000000 213.000000 80.000000 4.000000 1.750000 42.000000 5 5 1
2014-09-20T22:00:00Z 2014-09-21T00:00:00Z 165.000000 201.000000 77.000000 4.000000 1.566667 68.000000 5 5 1
2014-09-07T13:00:00Z 2014-09-07T15:00:00Z 168.000000 157.000000 41.000000 15.000000 1.258333 133.000000 5 4 1
2014-09-07T11:00:00Z 2014-09-07T13:00:00Z 206.000000 231.000000 67.000000 9.000000 1.541667 40.000000 5 5 1
2014-09-07T09:00:00Z 2014-09-07T11:00:00Z 187.000000 214.000000 64.000000 6.000000 1.466667 13.000000 5 5 1
2014-09-07T07:00:00Z 2014-09-07T09:00:00Z 170.000000 196.000000 49.000000 6.000000 1.258333 23.000000 5 5 1
2014-09-07T04:00:00Z 2014-09-07T06:00:00Z 153.000000 188.000000 45.000000 14.000000 1.116667 52.000000 5 5 1
2014-09-07T01:00:00Z 2014-09-07T03:00:00Z 153.000000 182.000000 56.000000 9.000000 1.175000 65.000000 5 4 1
2014-09-06T14:00:00Z 2014-09-06T16:00:00Z 154.000000 170.000000 30.000000 25.000000 1.808333 203.000000 5 4 1
2014-09-06T12:00:00Z 2014-09-06T14:00:00Z 151.000000 162.000000 32.000000 25.000000 1.866667 140.000000 5 5 1
2014-08-30T15:00:00Z 2014-08-30T17:00:00Z 156.000000 162.000000 56.000000 9.000000 2.025000 68.000000 5 4 1
2014-08-30T13:00:00Z 2014-08-30T15:00:00Z 153.000000 177.000000 50.000000 8.000000 1.841667 58.000000 5 5 1
2014-08-21T20:00:00Z 2014-08-21T22:00:00Z 159.000000 221.000000 42.000000 15.000000 1.530000 191.000000 5 1 1
2014-08-21T16:00:00Z 2014-08-21T18:00:00Z 160.000000 206.000000 39.000000 12.000000 1.216667 280.000000 5 4 1
2014-08-21T15:00:00Z 2014-08-21T17:00:00Z 154.000000 195.000000 40.000000 13.000000 1.290909 251.000000 5 4 1
2014-08-21T11:00:00Z 2014-08-21T13:00:00Z 153.000000 186.000000 60.000000 9.000000 1.383333 77.000000 5 4 1
2014-08-21T09:00:00Z 2014-08-21T11:00:00Z 154.000000 202.000000 86.000000 9.000000 1.391667 31.000000 5 5 1
2014-08-03T06:00:00Z 2014-08-03T08:00:00Z 160.000000 194.000000 47.000000 3.000000 1.166667 59.000000 5 4 0
2014-08-03T05:00:00Z 2014-08-03T07:00:00Z 163.000000 182.000000 47.000000 3.000000 1.183333 62.000000 5 4 0
2014-08-03T04:00:00Z 2014-08-03T06:00:00Z 166.000000 190.000000 46.000000 3.000000 1.166667 69.000000 5 5 0
2014-08-03T03:00:00Z 2014-08-03T05:00:00Z 164.000000 196.000000 56.000000 3.000000 1.225000 61.000000 5 5 0
2014-08-03T02:00:00Z 2014-08-03T04:00:00Z 159.000000 177.000000 60.000000 7.000000 1.216667 61.000000 5 5 0
2014-08-01T22:00:00Z 2014-08-02T00:00:00Z 154.000000 171.000000 40.000000 3.000000 1.308333 118.000000 5 4 0
2014-08-01T13:00:00Z 2014-08-01T15:00:00Z 154.000000 156.000000 26.000000 5.000000 1.225000 171.000000 5 4 0
2014-08-01T11:00:00Z 2014-08-01T13:00:00Z 171.000000 189.000000 37.000000 4.000000 1.409091 85.000000 5 5 0
2014-08-01T09:00:00Z 2014-08-01T11:00:00Z 168.000000 169.000000 47.000000 4.000000 1.508333 33.000000 5 5 0
2014-08-01T04:00:00Z 2014-08-01T06:00:00Z 162.000000 161.000000 44.000000 4.000000 1.716667 36.000000 5 4 0
2014-08-01T03:00:00Z 2014-08-01T05:00:00Z 166.000000 149.000000 42.000000 5.000000 1.675000 45.000000 5 4 0
2014-08-01T02:00:00Z 2014-08-01T04:00:00Z 161.000000 181.000000 38.000000 5.000000 1.350000 61.000000 5 5 0
2014-08-01T01:00:00Z 2014-08-01T03:00:00Z 172.000000 211.000000 39.000000 4.000000 1.466667 81.000000 5 5 0
2014-08-01T00:00:00Z 2014-08-01T02:00:00Z 188.000000 222.000000 41.000000 4.000000 1.641667 103.000000 5 5 0
2014-07-31T23:00:00Z 2014-08-01T01:00:00Z 187.000000 233.000000 39.000000 3.000000 1.666667 121.000000 5 5 1
2014-07-31T22:00:00Z 2014-08-01T00:00:00Z 174.000000 197.000000 39.000000 3.000000 1.525000 129.000000 5 5 1
2014-07-31T21:00:00Z 2014-07-31T23:00:00Z 164.000000 179.000000 34.000000 3.000000 1.416667 150.000000 5 5 1
2014-07-31T20:00:00Z 2014-07-31T22:00:00Z 160.000000 169.000000 32.000000 3.000000 1.333333 173.000000 5 5 1
2014-07-31T03:00:00Z 2014-07-31T05:00:00Z 195.000000 205.000000 47.000000 4.000000 1.836364 22.000000 5 5 1
2014-07-31T02:00:00Z 2014-07-31T04:00:00Z 196.000000 205.000000 42.000000 4.000000 1.833333 32.000000 5 5 1
2014-07-31T01:00:00Z 2014-07-31T03:00:00Z 196.000000 203.000000 37.000000 3.000000 1.841667 46.000000 5 5 1
2014-07-31T00:00:00Z 2014-07-31T02:00:00Z 201.000000 220.000000 41.000000 3.000000 1.966667 48.000000 5 5 1
2014-07-30T23:00:00Z 2014-07-31T01:00:00Z 200.000000 224.000000 47.000000 3.000000 2.008333 49.000000 5 5 1
2014-07-30T22:00:00Z 2014-07-31T00:00:00Z 193.000000 219.000000 47.000000 3.000000 2.033333 65.000000 5 5 1
2014-07-30T21:00:00Z 2014-07-30T23:00:00Z 180.000000 196.000000 42.000000 3.000000 1.933333 91.000000 5 5 1
2014-07-30T20:00:00Z 2014-07-30T22:00:00Z 165.000000 174.000000 40.000000 3.000000 1.783333 117.000000 5 5 1
2014-07-30T19:00:00Z 2014-07-30T21:00:00Z 155.000000 154.000000 35.000000 4.000000 1.691667 143.000000 5 5 1
2014-07-29T09:00:00Z 2014-07-29T11:00:00Z 193.000000 213.000000 46.000000 10.000000 1.133333 96.000000 5 4 1
2014-07-29T07:00:00Z 2014-07-29T09:00:00Z 182.000000 206.000000 42.000000 7.000000 1.072727 72.000000 5 5 1
2014-07-28T12:00:00Z 2014-07-28T14:00:00Z 153.000000 169.000000 27.000000 21.000000 1.275000 216.000000 5 3 1
2014-07-28T09:00:00Z 2014-07-28T11:00:00Z 159.000000 184.000000 54.000000 8.000000 1.083333 71.000000 5 5 1
2014-07-18T14:00:00Z 2014-07-18T16:00:00Z 172.000000 176.000000 34.000000 10.000000 1.808333 222.000000 5 4 1
2014-07-18T01:00:00Z 2014-07-18T03:00:00Z 198.000000 206.000000 52.000000 4.000000 2.636364 44.000000 5 5 1
2014-07-18T00:00:00Z 2014-07-18T02:00:00Z 194.000000 223.000000 46.000000 4.000000 2.700000 60.000000 5 5 1
2014-07-17T22:00:00Z 2014-07-18T00:00:00Z 183.000000 207.000000 50.000000 4.000000 2.640000 77.000000 5 5 1
2014-07-17T21:00:00Z 2014-07-17T23:00:00Z 180.000000 217.000000 49.000000 4.000000 2.672727 102.000000 5 5 1
2014-07-17T20:00:00Z 2014-07-17T22:00:00Z 174.000000 222.000000 48.000000 4.000000 2.600000 109.000000 5 5 1
2014-07-17T19:00:00Z 2014-07-17T21:00:00Z 169.000000 202.000000 44.000000 5.000000 2.554545 133.000000 5 5 1
2014-07-17T18:00:00Z 2014-07-17T20:00:00Z 170.000000 173.000000 42.000000 6.000000 2.481818 138.000000 5 5 1
2014-07-17T17:00:00Z 2014-07-17T19:00:00Z 167.000000 173.000000 40.000000 5.000000 2.409091 133.000000 5 5 1
2014-07-17T16:00:00Z 2014-07-17T18:00:00Z 170.000000 168.000000 36.000000 5.000000 2.200000 139.000000 5 5 1
2014-07-17T15:00:00Z 2014-07-17T17:00:00Z 158.000000 159.000000 34.000000 5.000000 1.945455 146.000000 5 5 1
2014-07-08T07:00:00Z 2014-07-08T09:00:00Z 153.000000 159.000000 47.000000 8.000000 1.191667 48.000000 5 4 1
2014-07-08T06:00:00Z 2014-07-08T08:00:00Z 158.000000 183.000000 43.000000 7.000000 1.150000 48.000000 5 4 1
2014-07-08T05:00:00Z 2014-07-08T07:00:00Z 172.000000 158.000000 42.000000 8.000000 1.158333 59.000000 5 5 1
2014-07-08T04:00:00Z 2014-07-08T06:00:00Z 191.000000 243.000000 45.000000 8.000000 1.236364 58.000000 5 5 1
2014-07-08T03:00:00Z 2014-07-08T05:00:00Z 205.000000 201.000000 44.000000 9.000000 1.308333 66.000000 5 5 1
2014-07-08T02:00:00Z 2014-07-08T04:00:00Z 209.000000 217.000000 47.000000 37.000000 1.325000 72.000000 5 5 1
2014-07-08T01:00:00Z 2014-07-08T03:00:00Z 210.000000 227.000000 46.000000 10.000000 1.358333 87.000000 5 5 1
2014-07-08T00:00:00Z 2014-07-08T02:00:00Z 218.000000 219.000000 48.000000 10.000000 1.363636 95.000000 5 5 1
2014-07-07T23:00:00Z 2014-07-08T01:00:00Z 221.000000 253.000000 46.000000 10.000000 1.325000 109.000000 5 5 1
2014-07-07T22:00:00Z 2014-07-08T00:00:00Z 216.000000 259.000000 49.000000 9.000000 1.327273 116.000000 5 5 1
2014-07-07T21:00:00Z 2014-07-07T23:00:00Z 211.000000 265.000000 44.000000 10.000000 1.281818 146.000000 5 5 1
2014-07-07T20:00:00Z 2014-07-07T22:00:00Z 204.000000 231.000000 41.000000 9.000000 1.291667 171.000000 5 5 1
2014-07-07T19:00:00Z 2014-07-07T21:00:00Z 207.000000 239.000000 40.000000 10.000000 1.254545 188.000000 5 5 1
2014-07-07T18:00:00Z 2014-07-07T20:00:00Z 214.000000 229.000000 36.000000 11.000000 1.300000 200.000000 5 5 1
2014-07-07T17:00:00Z 2014-07-07T19:00:00Z 218.000000 238.000000 33.000000 11.000000 1.216667 202.000000 5 5 1
2014-07-07T16:00:00Z 2014-07-07T18:00:00Z 223.000000 240.000000 30.000000 14.000000 1.172727 207.000000 5 5 1
2014-07-07T14:00:00Z 2014-07-07T16:00:00Z 192.000000 205.000000 27.000000 14.000000 1.100000 201.000000 5 5 1
2014-07-06T17:00:00Z 2014-07-06T19:00:00Z 181.000000 173.000000 23.000000 7.000000 1.066667 212.000000 5 5 1
2014-07-06T07:00:00Z 2014-07-06T09:00:00Z 214.000000 194.000000 44.000000 5.000000 1.433333 43.000000 5 5 1
2014-07-06T06:00:00Z 2014-07-06T08:00:00Z 212.000000 252.000000 43.000000 5.000000 1.416667 47.000000 5 5 1
2014-07-06T05:00:00Z 2014-07-06T07:00:00Z 203.000000 250.000000 39.000000 5.000000 1.350000 61.000000 5 5 1
2014-07-06T04:00:00Z 2014-07-06T06:00:00Z 206.000000 252.000000 35.000000 6.000000 1.300000 71.000000 5 5 1
2014-07-06T03:00:00Z 2014-07-06T05:00:00Z 216.000000 234.000000 37.000000 6.000000 1.358333 74.000000 5 5 1
2014-07-06T02:00:00Z 2014-07-06T04:00:00Z 206.000000 199.000000 36.000000 24.000000 1.441667 85.000000 5 5 1
2014-07-06T01:00:00Z 2014-07-06T03:00:00Z 188.000000 180.000000 39.000000 6.000000 1.541667 99.000000 5 5 1
2014-07-06T00:00:00Z 2014-07-06T02:00:00Z 171.000000 150.000000 39.000000 6.000000 1.566667 117.000000 5 5 1
2014-07-04T19:00:00Z 2014-07-04T21:00:00Z 190.000000 254.000000 37.000000 5.000000 1.450000 148.000000 5 5 0
2014-07-04T17:00:00Z 2014-07-04T19:00:00Z 192.000000 224.000000 27.000000 5.000000 1.408333 214.000000 5 5 0
2014-07-04T09:00:00Z 2014-07-04T11:00:00Z 184.000000 286.000000 40.000000 5.000000 1.250000 80.000000 5 5 0
2014-07-03T03:00:00Z 2014-07-03T05:00:00Z 152.000000 156.000000 33.000000 4.000000 1.100000 42.000000 5 5 0
2014-06-17T01:00:00Z 2014-06-17T03:00:00Z 207.000000 242.000000 31.000000 7.000000 1.225000 127.000000 5 4 1
2014-06-17T00:00:00Z 2014-06-17T02:00:00Z 169.000000 204.000000 39.000000 4.000000 1.241667 118.000000 5 5 1
2014-06-16T14:00:00Z 2014-06-16T16:00:00Z 151.000000 186.000000 39.000000 6.000000 1.041667 186.000000 5 4 1
2014-05-22T13:00:00Z 2014-05-22T15:00:00Z 178.000000 188.000000 38.000000 88.000000 1.772727 262.000000 5 2 1
2014-05-22T08:00:00Z 2014-05-22T10:00:00Z 231.000000 311.000000 85.000000 69.000000 2.133333 30.000000 5 6 1
2014-05-22T07:00:00Z 2014-05-22T09:00:00Z 207.000000 278.000000 88.000000 60.000000 2.008333 19.000000 5 6 1
2014-05-22T06:00:00Z 2014-05-22T08:00:00Z 188.000000 254.000000 88.000000 55.000000 1.950000 21.000000 5 5 1
2014-05-22T05:00:00Z 2014-05-22T07:00:00Z 186.000000 241.000000 94.000000 12.000000 2.016667 25.000000 5 5 1
2014-05-22T03:00:00Z 2014-05-22T05:00:00Z 160.000000 237.000000 98.000000 17.000000 1.900000 46.000000 5 5 1
2014-05-20T05:00:00Z 2014-05-20T07:00:00Z 170.000000 223.000000 79.000000 10.000000 1.491667 68.000000 5 3 1
2014-05-20T04:00:00Z 2014-05-20T06:00:00Z 192.000000 257.000000 72.000000 13.000000 1.641667 64.000000 5 4 1
2014-05-20T03:00:00Z 2014-05-20T05:00:00Z 194.000000 262.000000 81.000000 15.000000 1.591667 56.000000 5 5 1
2014-05-20T02:00:00Z 2014-05-20T04:00:00Z 183.000000 250.000000 81.000000 14.000000 1.550000 69.000000 5 5 1
2014-05-20T01:00:00Z 2014-05-20T03:00:00Z 170.000000 244.000000 80.000000 14.000000 1.525000 88.000000 5 5 1
2014-05-20T00:00:00Z 2014-05-20T02:00:00Z 165.000000 240.000000 83.000000 13.000000 1.541667 104.000000 5 5 1
2014-05-19T16:00:00Z 2014-05-19T18:00:00Z 151.000000 201.000000 36.000000 27.000000 1.118182 247.000000 5 3 1
2014-05-19T15:00:00Z 2014-05-19T17:00:00Z 155.000000 200.000000 36.000000 28.000000 1.241667 232.000000 5 4 1
2014-05-19T14:00:00Z 2014-05-19T16:00:00Z 152.000000 186.000000 36.000000 29.000000 1.291667 209.000000 5 5 1
2014-05-01T16:00:00Z 2014-05-01T18:00:00Z 163.000000 200.000000 27.000000 39.000000 1.183333 200.000000 5 3 0
2014-05-01T15:00:00Z 2014-05-01T17:00:00Z 161.000000 209.000000 26.000000 39.000000 1.150000 197.000000 5 4 0
2014-05-01T14:00:00Z 2014-05-01T16:00:00Z 162.000000 198.000000 28.000000 38.000000 1.100000 186.000000 5 5 0
2014-05-01T13:00:00Z 2014-05-01T15:00:00Z 168.000000 211.000000 33.000000 35.000000 1.091667 167.000000 5 5 0
2014-05-01T12:00:00Z 2014-05-01T14:00:00Z 165.000000 217.000000 37.000000 34.000000 1.008333 150.000000 5 5 0
2014-05-01T11:00:00Z 2014-05-01T13:00:00Z 169.000000 230.000000 49.000000 31.000000 1.041667 114.000000 5 5 0
2014-05-01T10:00:00Z 2014-05-01T12:00:00Z 170.000000 238.000000 58.000000 29.000000 1.066667 83.000000 5 5 0
2014-05-01T09:00:00Z 2014-05-01T11:00:00Z 160.000000 216.000000 70.000000 24.000000 1.075000 51.000000 5 5 0
2014-04-25T12:00:00Z 2014-04-25T14:00:00Z 170.000000 209.000000 89.000000 42.000000 1.416667 118.000000 5 4 1
2014-04-25T11:00:00Z 2014-04-25T13:00:00Z 177.000000 224.000000 96.000000 41.000000 1.483333 80.000000 5 5 1
2014-04-25T10:00:00Z 2014-04-25T12:00:00Z 167.000000 212.000000 103.000000 41.000000 1.583333 52.000000 5 5 1
2014-04-25T09:00:00Z 2014-04-25T11:00:00Z 161.000000 207.000000 104.000000 37.000000 1.590909 33.000000 5 5 1
2014-04-23T17:00:00Z 2014-04-23T19:00:00Z 155.000000 174.000000 35.000000 39.000000 1.183333 163.000000 5 4 1
2014-04-23T16:00:00Z 2014-04-23T18:00:00Z 170.000000 163.000000 32.000000 36.000000 1.191667 170.000000 5 4 1
2014-04-23T15:00:00Z 2014-04-23T17:00:00Z 176.000000 164.000000 32.000000 35.000000 1.175000 159.000000 5 5 1
2014-04-23T14:00:00Z 2014-04-23T16:00:00Z 174.000000 192.000000 34.000000 34.000000 1.225000 138.000000 5 5 1
2014-04-23T13:00:00Z 2014-04-23T15:00:00Z 182.000000 191.000000 35.000000 35.000000 1.200000 120.000000 5 5 1
2014-04-23T11:00:00Z 2014-04-23T13:00:00Z 171.000000 192.000000 49.000000 29.000000 1.018182 74.000000 5 5 1
2014-04-18T18:00:00Z 2014-04-18T20:00:00Z 157.000000 168.000000 45.000000 13.000000 1.408333 130.000000 5 4 1
2014-04-18T11:00:00Z 2014-04-18T13:00:00Z 181.000000 185.000000 69.000000 26.000000 1.616667 56.000000 5 5 1
2014-04-18T10:00:00Z 2014-04-18T12:00:00Z 162.000000 181.000000 76.000000 22.000000 1.672727 29.000000 5 5 1
2014-04-14T22:00:00Z 2014-04-15T00:00:00Z 205.000000 249.000000 72.000000 28.000000 1.600000 86.000000 5 3 1
2014-04-14T21:00:00Z 2014-04-14T23:00:00Z 243.000000 288.000000 92.000000 27.000000 1.916667 86.000000 5 4 1
2014-04-14T20:00:00Z 2014-04-14T22:00:00Z 232.000000 273.000000 71.000000 29.000000 1.750000 131.000000 5 5 1
2014-04-14T19:00:00Z 2014-04-14T21:00:00Z 227.000000 256.000000 60.000000 35.000000 1.700000 180.000000 5 5 1
2014-04-14T18:00:00Z 2014-04-14T20:00:00Z 214.000000 242.000000 49.000000 38.000000 1.641667 200.000000 5 5 1
2014-04-14T17:00:00Z 2014-04-14T19:00:00Z 208.000000 221.000000 49.000000 40.000000 1.618182 216.000000 5 5 1
2014-04-14T16:00:00Z 2014-04-14T18:00:00Z 223.000000 262.000000 53.000000 41.000000 1.690909 224.000000 5 5 1
2014-04-14T15:00:00Z 2014-04-14T17:00:00Z 250.000000 273.000000 61.000000 42.000000 1.854545 223.000000 5 5 1
2014-04-14T08:00:00Z 2014-04-14T10:00:00Z 225.000000 261.000000 82.000000 27.000000 1.990909 20.000000 5 6 1
2014-04-14T07:00:00Z 2014-04-14T09:00:00Z 215.000000 245.000000 77.000000 16.000000 2.000000 18.000000 5 6 1
2014-04-14T06:00:00Z 2014-04-14T08:00:00Z 221.000000 247.000000 80.000000 14.000000 2.010000 20.000000 5 5 1
2014-04-14T05:00:00Z 2014-04-14T07:00:00Z 216.000000 238.000000 94.000000 17.000000 2.072727 19.000000 5 5 1
2014-04-14T04:00:00Z 2014-04-14T06:00:00Z 213.000000 258.000000 93.000000 19.000000 2.018182 20.000000 5 5 1
2014-04-14T03:00:00Z 2014-04-14T05:00:00Z 218.000000 256.000000 94.000000 21.000000 1.981818 26.000000 5 5 1
2014-04-14T02:00:00Z 2014-04-14T04:00:00Z 219.000000 246.000000 94.000000 23.000000 2.118182 30.000000 5 5 1
2014-04-14T01:00:00Z 2014-04-14T03:00:00Z 217.000000 259.000000 104.000000 27.000000 1.936364 34.000000 5 5 1
2014-04-14T00:00:00Z 2014-04-14T02:00:00Z 215.000000 265.000000 116.000000 29.000000 1.763636 41.000000 5 5 1
2014-04-13T23:00:00Z 2014-04-14T01:00:00Z 198.000000 236.000000 100.000000 28.000000 1.600000 60.000000 5 5 1
2014-04-13T22:00:00Z 2014-04-14T00:00:00Z 193.000000 234.000000 83.000000 26.000000 1.440000 87.000000 5 5 1
2014-04-13T21:00:00Z 2014-04-13T23:00:00Z 189.000000 224.000000 67.000000 25.000000 1.320000 122.000000 5 5 1
2014-04-13T20:00:00Z 2014-04-13T22:00:00Z 157.000000 203.000000 55.000000 24.000000 1.209091 152.000000 5 5 1
2014-04-13T19:00:00Z 2014-04-13T21:00:00Z 151.000000 180.000000 45.000000 24.000000 1.072727 185.000000 5 5 1
2014-04-13T18:00:00Z 2014-04-13T20:00:00Z 158.000000 187.000000 41.000000 27.000000 1.090000 213.000000 5 5 1
2014-04-13T17:00:00Z 2014-04-13T19:00:00Z 175.000000 200.000000 41.000000 30.000000 1.090000 227.000000 5 5 1
2014-04-13T16:00:00Z 2014-04-13T18:00:00Z 180.000000 200.000000 44.000000 30.000000 1.100000 222.000000 5 5 1
2014-04-13T15:00:00Z 2014-04-13T17:00:00Z 177.000000 197.000000 48.000000 32.000000 1.133333 211.000000 5 5 1
2014-04-13T14:00:00Z 2014-04-13T16:00:00Z 194.000000 210.000000 51.000000 35.000000 1.191667 195.000000 5 5 1
2014-04-13T13:00:00Z 2014-04-13T15:00:00Z 195.000000 219.000000 72.000000 39.000000 1.291667 151.000000 5 5 1
2014-04-13T12:00:00Z 2014-04-13T14:00:00Z 188.000000 214.000000 94.000000 41.000000 1.450000 95.000000 5 5 1
2014-04-01T11:00:00Z 2014-04-01T13:00:00Z 166.000000 139.000000 64.000000 38.000000 1.250000 71.000000 5 4 0
2014-04-01T10:00:00Z 2014-04-01T12:00:00Z 184.000000 201.000000 74.000000 33.000000 1.463636 41.000000 5 4 0
2014-04-01T09:00:00Z 2014-04-01T11:00:00Z 171.000000 195.000000 74.000000 21.000000 1.491667 25.000000 5 5 0
2014-03-31T15:00:00Z 2014-03-31T17:00:00Z 197.000000 240.000000 72.000000 55.000000 2.341667 109.000000 5 2 1
2014-03-31T14:00:00Z 2014-03-31T16:00:00Z 237.000000 270.000000 88.000000 66.000000 2.958333 90.000000 5 4 1
2014-03-31T13:00:00Z 2014-03-31T15:00:00Z 247.000000 295.000000 99.000000 69.000000 3.208333 67.000000 5 5 1
2014-03-31T12:00:00Z 2014-03-31T14:00:00Z 224.000000 287.000000 101.000000 65.000000 3.125000 47.000000 5 5 1
2014-03-31T11:00:00Z 2014-03-31T13:00:00Z 199.000000 271.000000 107.000000 56.000000 2.918182 28.000000 5 5 1
2014-03-31T10:00:00Z 2014-03-31T12:00:00Z 175.000000 239.000000 102.000000 76.000000 2.783333 19.000000 5 5 1
2014-03-31T09:00:00Z 2014-03-31T11:00:00Z 161.000000 231.000000 98.000000 46.000000 2.663636 13.000000 5 5 1
2014-03-29T00:00:00Z 2014-03-29T02:00:00Z 153.000000 170.000000 94.000000 17.000000 2.458333 14.000000 5 3 1
2014-03-28T23:00:00Z 2014-03-29T01:00:00Z 154.000000 196.000000 99.000000 22.000000 2.525000 14.000000 5 4 1
2014-03-28T22:00:00Z 2014-03-29T00:00:00Z 168.000000 200.000000 99.000000 27.000000 2.616667 15.000000 5 5 1
2014-03-28T21:00:00Z 2014-03-28T23:00:00Z 163.000000 197.000000 97.000000 31.000000 2.516667 27.000000 5 5 1
2014-03-28T06:00:00Z 2014-03-28T08:00:00Z 159.000000 213.000000 72.000000 21.000000 1.933333 8.000000 5 4 1
2014-03-28T05:00:00Z 2014-03-28T07:00:00Z 158.000000 216.000000 73.000000 33.000000 2.033333 9.000000 5 4 1
2014-03-26T08:00:00Z 2014-03-26T10:00:00Z 244.000000 312.000000 120.000000 27.000000 2.058333 15.000000 5 6 1
2014-03-26T07:00:00Z 2014-03-26T09:00:00Z 228.000000 273.000000 118.000000 20.000000 1.991667 18.000000 5 6 1
2014-03-26T06:00:00Z 2014-03-26T08:00:00Z 228.000000 289.000000 115.000000 19.000000 1.916667 18.000000 5 5 1
2014-03-26T05:00:00Z 2014-03-26T07:00:00Z 223.000000 270.000000 114.000000 20.000000 1.708333 25.000000 5 5 1
2014-03-26T04:00:00Z 2014-03-26T06:00:00Z 217.000000 260.000000 113.000000 22.000000 1.708333 22.000000 5 5 1
2014-03-26T03:00:00Z 2014-03-26T05:00:00Z 213.000000 254.000000 115.000000 25.000000 1.666667 22.000000 5 5 1
2014-03-26T02:00:00Z 2014-03-26T04:00:00Z 204.000000 236.000000 106.000000 27.000000 1.650000 31.000000 5 5 1
2014-03-26T01:00:00Z 2014-03-26T03:00:00Z 200.000000 236.000000 111.000000 29.000000 1.716667 33.000000 5 5 1
2014-03-26T00:00:00Z 2014-03-26T02:00:00Z 193.000000 241.000000 116.000000 32.000000 1.633333 35.000000 5 5 1
2014-03-25T23:00:00Z 2014-03-26T01:00:00Z 177.000000 212.000000 109.000000 35.000000 1.283333 47.000000 5 5 1
2014-03-25T22:00:00Z 2014-03-26T00:00:00Z 164.000000 198.000000 106.000000 36.000000 1.375000 54.000000 5 5 1
2014-03-25T21:00:00Z 2014-03-25T23:00:00Z 163.000000 192.000000 101.000000 36.000000 1.333333 66.000000 5 5 1
2014-03-25T20:00:00Z 2014-03-25T22:00:00Z 180.000000 213.000000 104.000000 41.000000 1.350000 83.000000 5 5 1
2014-03-25T19:00:00Z 2014-03-25T21:00:00Z 177.000000 225.000000 82.000000 47.000000 1.291667 126.000000 5 5 1
2014-03-25T18:00:00Z 2014-03-25T20:00:00Z 181.000000 217.000000 70.000000 47.000000 1.166667 170.000000 5 5 1
2014-03-25T17:00:00Z 2014-03-25T19:00:00Z 192.000000 226.000000 66.000000 50.000000 1.266667 184.000000 5 5 1
2014-03-25T16:00:00Z 2014-03-25T18:00:00Z 216.000000 254.000000 71.000000 57.000000 1.375000 186.000000 5 5 1
2014-03-25T14:00:00Z 2014-03-25T16:00:00Z 210.000000 259.000000 74.000000 66.000000 1.558333 168.000000 5 5 1
2014-03-25T12:00:00Z 2014-03-25T14:00:00Z 210.000000 250.000000 78.000000 57.000000 1.600000 115.000000 5 5 1
2014-03-25T10:00:00Z 2014-03-25T12:00:00Z 202.000000 234.000000 104.000000 51.000000 1.833333 42.000000 5 5 1
2014-03-25T09:00:00Z 2014-03-25T11:00:00Z 197.000000 235.000000 99.000000 48.000000 1.858333 32.000000 5 5 1
2014-03-25T08:00:00Z 2014-03-25T10:00:00Z 197.000000 242.000000 93.000000 40.000000 1.850000 32.000000 5 5 1
2014-03-25T07:00:00Z 2014-03-25T09:00:00Z 214.000000 248.000000 91.000000 34.000000 1.666667 30.000000 5 5 1
2014-03-25T06:00:00Z 2014-03-25T08:00:00Z 208.000000 235.000000 97.000000 32.000000 1.841667 26.000000 5 5 1
2014-03-25T05:00:00Z 2014-03-25T07:00:00Z 225.000000 252.000000 96.000000 31.000000 1.950000 24.000000 5 5 1
2014-03-25T04:00:00Z 2014-03-25T06:00:00Z 239.000000 273.000000 107.000000 32.000000 2.066667 25.000000 5 5 1
2014-03-25T03:00:00Z 2014-03-25T05:00:00Z 245.000000 289.000000 119.000000 31.000000 2.209091 22.000000 5 5 1
2014-03-25T02:00:00Z 2014-03-25T04:00:00Z 245.000000 303.000000 127.000000 32.000000 2.375000 19.000000 5 5 1
2014-03-25T01:00:00Z 2014-03-25T03:00:00Z 247.000000 299.000000 133.000000 37.000000 2.366667 22.000000 5 5 1
2014-03-25T00:00:00Z 2014-03-25T02:00:00Z 238.000000 285.000000 135.000000 39.000000 2.233333 20.000000 5 5 1
2014-03-24T23:00:00Z 2014-03-25T01:00:00Z 220.000000 289.000000 131.000000 41.000000 2.066667 26.000000 5 5 1
2014-03-24T17:00:00Z 2014-03-24T19:00:00Z 168.000000 196.000000 67.000000 58.000000 1.325000 144.000000 5 5 1
2014-03-24T16:00:00Z 2014-03-24T18:00:00Z 195.000000 219.000000 75.000000 63.000000 1.483333 141.000000 5 5 1
2014-03-24T15:00:00Z 2014-03-24T17:00:00Z 223.000000 248.000000 96.000000 62.000000 1.766667 126.000000 5 5 1
2014-03-24T14:00:00Z 2014-03-24T16:00:00Z 231.000000 255.000000 99.000000 65.000000 1.933333 113.000000 5 5 1
2014-03-24T13:00:00Z 2014-03-24T15:00:00Z 240.000000 272.000000 100.000000 70.000000 2.050000 97.000000 5 5 1
2014-03-24T12:00:00Z 2014-03-24T14:00:00Z 244.000000 285.000000 102.000000 75.000000 2.175000 71.000000 5 5 1
2014-03-24T11:00:00Z 2014-03-24T13:00:00Z 249.000000 286.000000 95.000000 77.000000 2.190909 53.000000 5 5 1
2014-03-24T10:00:00Z 2014-03-24T12:00:00Z 250.000000 281.000000 97.000000 70.000000 2.225000 30.000000 5 5 1
2014-03-24T09:00:00Z 2014-03-24T11:00:00Z 243.000000 271.000000 95.000000 59.000000 2.233333 16.000000 5 5 1
2014-03-24T08:00:00Z 2014-03-24T10:00:00Z 230.000000 256.000000 96.000000 42.000000 2.208333 10.000000 5 5 1
2014-03-24T07:00:00Z 2014-03-24T09:00:00Z 220.000000 246.000000 93.000000 31.000000 2.058333 10.000000 5 5 1
2014-03-24T06:00:00Z 2014-03-24T08:00:00Z 227.000000 250.000000 97.000000 31.000000 2.100000 10.000000 5 5 1
2014-03-24T05:00:00Z 2014-03-24T07:00:00Z 219.000000 251.000000 103.000000 31.000000 2.175000 11.000000 5 5 1
2014-03-24T04:00:00Z 2014-03-24T06:00:00Z 218.000000 243.000000 91.000000 33.000000 2.150000 15.000000 5 5 1
2014-03-24T03:00:00Z 2014-03-24T05:00:00Z 218.000000 241.000000 100.000000 35.000000 2.108333 18.000000 5 5 1
2014-03-24T02:00:00Z 2014-03-24T04:00:00Z 220.000000 245.000000 105.000000 41.000000 2.308333 19.000000 5 5 1
2014-03-24T01:00:00Z 2014-03-24T03:00:00Z 225.000000 252.000000 102.000000 49.000000 2.200000 28.000000 5 5 1
2014-03-24T00:00:00Z 2014-03-24T02:00:00Z 228.000000 257.000000 99.000000 52.000000 2.041667 37.000000 5 5 1
2014-03-23T23:00:00Z 2014-03-24T01:00:00Z 218.000000 260.000000 85.000000 53.000000 1.883333 59.000000 5 5 1
2014-03-23T22:00:00Z 2014-03-24T00:00:00Z 192.000000 239.000000 91.000000 49.000000 1.733333 65.000000 5 5 1
2014-03-23T21:00:00Z 2014-03-23T23:00:00Z 156.000000 204.000000 81.000000 42.000000 1.450000 83.000000 5 5 1
2014-03-23T19:00:00Z 2014-03-23T21:00:00Z 153.000000 179.000000 60.000000 43.000000 1.358333 137.000000 5 5 1
2014-03-23T18:00:00Z 2014-03-23T20:00:00Z 165.000000 191.000000 49.000000 49.000000 1.475000 161.000000 5 4 1
2014-03-23T17:00:00Z 2014-03-23T19:00:00Z 167.000000 200.000000 43.000000 52.000000 1.441667 167.000000 5 5 1
2014-03-23T16:00:00Z 2014-03-23T18:00:00Z 157.000000 188.000000 40.000000 53.000000 1.308333 164.000000 5 5 1
2014-03-17T10:00:00Z 2014-03-17T12:00:00Z 165.000000 635.000000 81.000000 56.000000 1.966667 23.000000 5 2 1
2014-03-17T09:00:00Z 2014-03-17T11:00:00Z 164.000000 457.000000 96.000000 70.000000 2.550000 12.000000 5 3 1
2014-03-16T01:00:00Z 2014-03-16T03:00:00Z 172.000000 244.000000 115.000000 83.000000 2.825000 8.000000 5 4 1
2014-03-16T00:00:00Z 2014-03-16T02:00:00Z 169.000000 273.000000 122.000000 83.000000 2.375000 10.000000 5 4 1
2014-03-15T23:00:00Z 2014-03-16T01:00:00Z 168.000000 259.000000 125.000000 76.000000 1.991667 14.000000 5 5 1
2014-03-15T22:00:00Z 2014-03-16T00:00:00Z 157.000000 256.000000 125.000000 59.000000 1.983333 18.000000 5 5 1
2014-03-11T18:00:00Z 2014-03-11T20:00:00Z 172.000000 209.000000 87.000000 64.000000 1.858333 67.000000 5 2 1
2014-03-11T16:00:00Z 2014-03-11T18:00:00Z 176.000000 239.000000 77.000000 88.000000 1.963636 88.000000 5 5 1
2014-03-11T14:00:00Z 2014-03-11T16:00:00Z 201.000000 235.000000 73.000000 109.000000 2.063636 73.000000 5 5 1
2014-03-11T13:00:00Z 2014-03-11T15:00:00Z 198.000000 259.000000 87.000000 135.000000 2.509091 65.000000 5 5 1
2014-03-11T12:00:00Z 2014-03-11T14:00:00Z 211.000000 288.000000 99.000000 145.000000 3.190909 40.000000 5 5 1
2014-03-11T11:00:00Z 2014-03-11T13:00:00Z 207.000000 248.000000 101.000000 135.000000 2.900000 23.000000 5 5 1
2014-03-11T10:00:00Z 2014-03-11T12:00:00Z 209.000000 252.000000 104.000000 131.000000 3.066667 13.000000 5 5 1
2014-03-11T09:00:00Z 2014-03-11T11:00:00Z 194.000000 231.000000 99.000000 108.000000 3.316667 8.000000 5 5 1
2014-03-11T08:00:00Z 2014-03-11T10:00:00Z 175.000000 215.000000 95.000000 76.000000 3.408333 7.000000 5 5 1
2014-03-11T07:00:00Z 2014-03-11T09:00:00Z 176.000000 214.000000 93.000000 66.000000 3.172727 6.000000 5 5 1
2014-03-11T06:00:00Z 2014-03-11T08:00:00Z 167.000000 199.000000 91.000000 58.000000 2.954545 7.000000 5 5 1
2014-03-11T05:00:00Z 2014-03-11T07:00:00Z 167.000000 189.000000 91.000000 54.000000 2.727273 9.000000 5 5 1
2014-03-11T04:00:00Z 2014-03-11T06:00:00Z 164.000000 188.000000 86.000000 53.000000 2.790909 12.000000 5 5 1
2014-03-11T03:00:00Z 2014-03-11T05:00:00Z 156.000000 182.000000 91.000000 57.000000 2.987500 11.000000 5 5 1
2014-03-11T02:00:00Z 2014-03-11T04:00:00Z 162.000000 199.000000 89.000000 69.000000 2.736364 11.000000 5 5 1
2014-03-11T01:00:00Z 2014-03-11T03:00:00Z 159.000000 193.000000 94.000000 64.000000 2.718182 11.000000 5 5 1
2014-03-11T00:00:00Z 2014-03-11T02:00:00Z 151.000000 185.000000 99.000000 57.000000 2.636364 10.000000 5 5 1
2014-03-08T19:00:00Z 2014-03-08T21:00:00Z 158.000000 214.000000 108.000000 66.000000 2.000000 27.000000 5 5 1
2014-03-08T18:00:00Z 2014-03-08T20:00:00Z 174.000000 207.000000 110.000000 75.000000 2.200000 38.000000 5 5 1
2014-03-08T17:00:00Z 2014-03-08T19:00:00Z 168.000000 201.000000 103.000000 78.000000 2.233333 49.000000 5 5 1
2014-03-04T04:00:00Z 2014-03-04T06:00:00Z 169.000000 235.000000 77.000000 71.000000 2.450000 11.000000 5 1 0
2014-03-04T03:00:00Z 2014-03-04T05:00:00Z 203.000000 269.000000 82.000000 72.000000 2.911111 9.000000 5 2 0
2014-03-04T02:00:00Z 2014-03-04T04:00:00Z 238.000000 285.000000 93.000000 83.000000 3.708333 5.000000 5 5 0
2014-03-04T01:00:00Z 2014-03-04T03:00:00Z 239.000000 296.000000 98.000000 98.000000 3.916667 5.000000 5 5 0
2014-03-04T00:00:00Z 2014-03-04T02:00:00Z 231.000000 285.000000 99.000000 99.000000 3.933333 5.000000 5 5 0
2014-03-03T23:00:00Z 2014-03-04T01:00:00Z 231.000000 271.000000 102.000000 105.000000 4.150000 5.000000 5 5 0
2014-03-03T22:00:00Z 2014-03-04T00:00:00Z 231.000000 273.000000 103.000000 106.000000 4.341667 5.000000 5 5 0
2014-03-03T21:00:00Z 2014-03-03T23:00:00Z 232.000000 271.000000 105.000000 111.000000 4.391667 6.000000 5 5 0
2014-03-03T19:00:00Z 2014-03-03T21:00:00Z 229.000000 266.000000 107.000000 106.000000 4.250000 6.000000 5 5 0
2014-03-03T17:00:00Z 2014-03-03T19:00:00Z 238.000000 268.000000 107.000000 103.000000 4.300000 6.000000 5 5 0
2014-03-03T13:00:00Z 2014-03-03T15:00:00Z 248.000000 296.000000 109.000000 129.000000 4.766667 9.000000 5 6 0
2014-03-03T12:00:00Z 2014-03-03T14:00:00Z 236.000000 277.000000 105.000000 135.000000 4.891667 8.000000 5 6 0
2014-03-03T11:00:00Z 2014-03-03T13:00:00Z 225.000000 248.000000 102.000000 134.000000 4.883333 7.000000 5 5 0
2014-03-03T09:00:00Z 2014-03-03T11:00:00Z 212.000000 246.000000 97.000000 120.000000 4.741667 7.000000 5 5 0
2014-03-03T07:00:00Z 2014-03-03T09:00:00Z 187.000000 204.000000 94.000000 82.000000 4.650000 5.000000 5 5 0
2014-02-24T14:00:00Z 2014-02-24T16:00:00Z 237.000000 296.000000 127.000000 136.000000 4.333333 21.000000 5 6 1
2014-02-24T13:00:00Z 2014-02-24T15:00:00Z 226.000000 312.000000 116.000000 147.000000 4.241667 20.000000 5 6 1
2014-02-24T12:00:00Z 2014-02-24T14:00:00Z 226.000000 331.000000 117.000000 161.000000 4.608333 14.000000 5 5 1
2014-02-24T11:00:00Z 2014-02-24T13:00:00Z 246.000000 330.000000 113.000000 154.000000 4.858333 11.000000 5 5 1
2014-02-24T10:00:00Z 2014-02-24T12:00:00Z 238.000000 298.000000 109.000000 149.000000 4.791667 8.000000 5 5 1
2014-02-24T09:00:00Z 2014-02-24T11:00:00Z 229.000000 295.000000 109.000000 136.000000 4.875000 6.000000 5 5 1
2014-02-24T08:00:00Z 2014-02-24T10:00:00Z 233.000000 292.000000 110.000000 137.000000 4.850000 6.000000 5 5 1
2014-02-24T07:00:00Z 2014-02-24T09:00:00Z 233.000000 296.000000 111.000000 138.000000 4.858333 6.000000 5 5 1
2014-02-24T06:00:00Z 2014-02-24T08:00:00Z 231.000000 299.000000 112.000000 143.000000 4.966667 6.000000 5 5 1
2014-02-24T05:00:00Z 2014-02-24T07:00:00Z 240.000000 299.000000 107.000000 142.000000 4.725000 6.000000 5 5 1
2014-02-24T04:00:00Z 2014-02-24T06:00:00Z 247.000000 312.000000 111.000000 148.000000 4.916667 6.000000 5 5 1
2014-02-24T03:00:00Z 2014-02-24T05:00:00Z 246.000000 312.000000 112.000000 147.000000 5.225000 6.000000 5 5 1
2014-02-24T02:00:00Z 2014-02-24T04:00:00Z 247.000000 306.000000 107.000000 151.000000 5.145455 6.000000 5 5 1
2014-02-24T01:00:00Z 2014-02-24T03:00:00Z 242.000000 309.000000 110.000000 137.000000 4.933333 6.000000 5 5 1
2014-02-24T00:00:00Z 2014-02-24T02:00:00Z 237.000000 311.000000 112.000000 142.000000 4.950000 6.000000 5 5 1
2014-02-23T23:00:00Z 2014-02-24T01:00:00Z 237.000000 295.000000 112.000000 140.000000 4.716667 5.000000 5 5 1
2014-02-23T22:00:00Z 2014-02-24T00:00:00Z 242.000000 306.000000 110.000000 142.000000 4.733333 5.000000 5 5 1
2014-02-23T21:00:00Z 2014-02-23T23:00:00Z 242.000000 305.000000 111.000000 149.000000 4.775000 6.000000 5 5 1
2014-02-23T20:00:00Z 2014-02-23T22:00:00Z 238.000000 307.000000 111.000000 153.000000 4.733333 6.000000 5 5 1
2014-02-23T19:00:00Z 2014-02-23T21:00:00Z 234.000000 307.000000 112.000000 157.000000 4.625000 6.000000 5 5 1
2014-02-23T18:00:00Z 2014-02-23T20:00:00Z 227.000000 297.000000 111.000000 159.000000 4.436364 4.000000 5 5 1
2014-02-23T17:00:00Z 2014-02-23T19:00:00Z 236.000000 287.000000 108.000000 166.000000 4.391667 7.000000 5 5 1
2014-02-23T16:00:00Z 2014-02-23T18:00:00Z 223.000000 277.000000 105.000000 172.000000 4.400000 9.000000 5 5 1
2014-02-23T15:00:00Z 2014-02-23T17:00:00Z 206.000000 250.000000 100.000000 164.000000 4.041667 10.000000 5 5 1
2014-02-23T14:00:00Z 2014-02-23T16:00:00Z 201.000000 239.000000 94.000000 152.000000 3.591667 13.000000 5 5 1
2014-02-23T13:00:00Z 2014-02-23T15:00:00Z 206.000000 235.000000 91.000000 152.000000 3.466667 12.000000 5 5 1
2014-02-23T12:00:00Z 2014-02-23T14:00:00Z 200.000000 226.000000 89.000000 147.000000 3.441667 10.000000 5 5 1
2014-02-23T11:00:00Z 2014-02-23T13:00:00Z 190.000000 218.000000 87.000000 146.000000 3.375000 8.000000 5 5 1
2014-02-23T10:00:00Z 2014-02-23T12:00:00Z 190.000000 214.000000 83.000000 131.000000 3.127273 9.000000 5 5 1
2014-02-23T09:00:00Z 2014-02-23T11:00:00Z 189.000000 202.000000 81.000000 121.000000 2.972727 9.000000 5 5 1
2014-02-23T08:00:00Z 2014-02-23T10:00:00Z 187.000000 201.000000 80.000000 117.000000 3.033333 9.000000 5 5 1
2014-02-23T07:00:00Z 2014-02-23T09:00:00Z 184.000000 194.000000 78.000000 110.000000 2.991667 10.000000 5 5 1
2014-02-23T06:00:00Z 2014-02-23T08:00:00Z 185.000000 197.000000 73.000000 98.000000 2.741667 15.000000 5 5 1
2014-02-23T05:00:00Z 2014-02-23T07:00:00Z 191.000000 211.000000 80.000000 95.000000 2.700000 14.000000 5 5 1
2014-02-23T04:00:00Z 2014-02-23T06:00:00Z 201.000000 206.000000 75.000000 93.000000 2.741667 11.000000 5 5 1
2014-02-23T03:00:00Z 2014-02-23T05:00:00Z 208.000000 217.000000 73.000000 86.000000 2.770000 15.000000 5 5 1
2014-02-23T02:00:00Z 2014-02-23T04:00:00Z 216.000000 234.000000 74.000000 77.000000 2.741667 16.000000 5 5 1
2014-02-23T01:00:00Z 2014-02-23T03:00:00Z 220.000000 248.000000 77.000000 73.000000 2.533333 17.000000 5 5 1
2014-02-23T00:00:00Z 2014-02-23T02:00:00Z 227.000000 236.000000 86.000000 71.000000 2.416667 13.000000 5 5 1
2014-02-22T23:00:00Z 2014-02-23T01:00:00Z 234.000000 244.000000 94.000000 78.000000 2.616667 12.000000 5 5 1
2014-02-22T22:00:00Z 2014-02-23T00:00:00Z 245.000000 267.000000 107.000000 91.000000 3.154545 6.000000 5 5 1
2014-02-22T21:00:00Z 2014-02-22T23:00:00Z 243.000000 299.000000 116.000000 97.000000 3.650000 6.000000 5 5 1
2014-02-22T20:00:00Z 2014-02-22T22:00:00Z 237.000000 299.000000 118.000000 100.000000 3.808333 6.000000 5 5 1
2014-02-22T19:00:00Z 2014-02-22T21:00:00Z 240.000000 288.000000 119.000000 102.000000 3.641667 8.000000 5 5 1
2014-02-21T15:00:00Z 2014-02-21T17:00:00Z 247.000000 275.000000 88.000000 92.000000 2.325000 36.000000 5 6 1
2014-02-21T13:00:00Z 2014-02-21T15:00:00Z 236.000000 241.000000 81.000000 91.000000 2.308333 27.000000 5 5 1
2014-02-20T14:00:00Z 2014-02-20T16:00:00Z 210.000000 228.000000 79.000000 60.000000 2.225000 22.000000 5 6 1
2014-02-20T13:00:00Z 2014-02-20T15:00:00Z 186.000000 201.000000 77.000000 59.000000 2.208333 19.000000 5 5 1
2014-02-20T12:00:00Z 2014-02-20T14:00:00Z 178.000000 192.000000 75.000000 56.000000 2.180000 16.000000 5 5 1
2014-02-20T11:00:00Z 2014-02-20T13:00:00Z 167.000000 171.000000 76.000000 56.000000 2.280000 11.000000 5 5 1
2014-02-20T10:00:00Z 2014-02-20T12:00:00Z 157.000000 162.000000 75.000000 48.000000 2.260000 8.000000 5 5 1
2014-02-16T18:00:00Z 2014-02-16T20:00:00Z 232.000000 249.000000 92.000000 82.000000 2.970000 43.000000 5 6 1
2014-02-14T14:00:00Z 2014-02-14T16:00:00Z 245.000000 258.000000 94.000000 90.000000 2.483333 30.000000 5 6 1
2014-02-14T13:00:00Z 2014-02-14T15:00:00Z 228.000000 228.000000 84.000000 85.000000 2.416667 25.000000 5 6 1
2014-02-14T12:00:00Z 2014-02-14T14:00:00Z 211.000000 217.000000 76.000000 80.000000 2.366667 21.000000 5 5 1
2014-02-14T11:00:00Z 2014-02-14T13:00:00Z 199.000000 208.000000 71.000000 77.000000 2.400000 16.000000 5 5 1
2014-02-14T10:00:00Z 2014-02-14T12:00:00Z 202.000000 196.000000 78.000000 72.000000 2.883333 9.000000 5 5 1
2014-02-14T09:00:00Z 2014-02-14T11:00:00Z 197.000000 213.000000 81.000000 57.000000 3.233333 7.000000 5 5 1
2014-02-14T08:00:00Z 2014-02-14T10:00:00Z 200.000000 247.000000 73.000000 44.000000 3.100000 7.000000 5 5 1
2014-02-14T07:00:00Z 2014-02-14T09:00:00Z 206.000000 245.000000 81.000000 47.000000 3.333333 6.000000 5 5 1
2014-02-14T06:00:00Z 2014-02-14T08:00:00Z 213.000000 228.000000 84.000000 51.000000 3.525000 6.000000 5 5 1
2014-02-14T05:00:00Z 2014-02-14T07:00:00Z 215.000000 231.000000 94.000000 51.000000 3.433333 7.000000 5 5 1
2014-02-14T04:00:00Z 2014-02-14T06:00:00Z 213.000000 235.000000 84.000000 61.000000 3.116667 9.000000 5 5 1
2014-02-14T03:00:00Z 2014-02-14T05:00:00Z 219.000000 239.000000 81.000000 60.000000 3.275000 4.000000 5 5 1
2014-02-14T02:00:00Z 2014-02-14T04:00:00Z 225.000000 243.000000 84.000000 42.000000 3.955556 6.000000 5 5 1
2014-02-14T01:00:00Z 2014-02-14T03:00:00Z 227.000000 252.000000 89.000000 80.000000 3.633333 7.000000 5 5 1
2014-02-14T00:00:00Z 2014-02-14T02:00:00Z 228.000000 248.000000 97.000000 77.000000 3.725000 6.000000 5 5 1
2014-02-13T23:00:00Z 2014-02-14T01:00:00Z 229.000000 243.000000 102.000000 87.000000 3.763636 7.000000 5 5 1
2014-02-13T22:00:00Z 2014-02-14T00:00:00Z 236.000000 251.000000 100.000000 86.000000 3.750000 7.000000 5 5 1
2014-02-13T21:00:00Z 2014-02-13T23:00:00Z 229.000000 242.000000 99.000000 85.000000 3.675000 7.000000 5 5 1
2014-02-13T20:00:00Z 2014-02-13T22:00:00Z 228.000000 235.000000 101.000000 83.000000 3.616667 7.000000 5 5 1
2014-02-13T19:00:00Z 2014-02-13T21:00:00Z 220.000000 224.000000 102.000000 80.000000 3.416667 7.000000 5 5 1
2014-02-13T18:00:00Z 2014-02-13T20:00:00Z 205.000000 190.000000 89.000000 74.000000 2.783333 20.000000 5 5 1
2014-02-13T17:00:00Z 2014-02-13T19:00:00Z 193.000000 187.000000 78.000000 72.000000 2.291667 33.000000 5 5 1
2014-02-13T16:00:00Z 2014-02-13T18:00:00Z 189.000000 199.000000 78.000000 76.000000 2.209091 34.000000 5 5 1
2014-02-13T15:00:00Z 2014-02-13T17:00:00Z 186.000000 186.000000 77.000000 80.000000 2.300000 31.000000 5 5 1
2014-02-13T14:00:00Z 2014-02-13T16:00:00Z 189.000000 186.000000 78.000000 83.000000 2.550000 24.000000 5 5 1
2014-02-13T13:00:00Z 2014-02-13T15:00:00Z 193.000000 189.000000 77.000000 86.000000 2.833333 21.000000 5 5 1
2014-02-13T12:00:00Z 2014-02-13T14:00:00Z 192.000000 191.000000 76.000000 88.000000 2.958333 18.000000 5 5 1
2014-02-13T11:00:00Z 2014-02-13T13:00:00Z 187.000000 187.000000 76.000000 84.000000 2.941667 17.000000 5 5 1
2014-02-13T10:00:00Z 2014-02-13T12:00:00Z 178.000000 189.000000 78.000000 81.000000 2.808333 14.000000 5 5 1
2014-02-13T09:00:00Z 2014-02-13T11:00:00Z 171.000000 178.000000 78.000000 77.000000 2.609091 14.000000 5 5 1
2014-02-13T08:00:00Z 2014-02-13T10:00:00Z 167.000000 168.000000 74.000000 74.000000 2.408333 16.000000 5 5 1
2014-02-13T07:00:00Z 2014-02-13T09:00:00Z 164.000000 176.000000 68.000000 64.000000 2.416667 22.000000 5 5 1
2014-02-13T03:00:00Z 2014-02-13T05:00:00Z 176.000000 201.000000 72.000000 53.000000 1.900000 6.000000 5 5 1
2014-02-13T02:00:00Z 2014-02-13T04:00:00Z 182.000000 197.000000 80.000000 47.000000 3.220000 9.000000 5 5 1
2014-02-13T01:00:00Z 2014-02-13T03:00:00Z 191.000000 229.000000 89.000000 81.000000 3.640000 8.000000 5 5 1
2014-02-13T00:00:00Z 2014-02-13T02:00:00Z 165.000000 188.000000 102.000000 66.000000 3.416667 8.000000 5 5 1
2014-02-12T20:00:00Z 2014-02-12T22:00:00Z 153.000000 159.000000 107.000000 60.000000 2.358333 14.000000 5 4 1
2014-02-12T03:00:00Z 2014-02-12T05:00:00Z 164.000000 216.000000 87.000000 60.000000 4.800000 5.000000 5 4 1
2014-02-12T02:00:00Z 2014-02-12T04:00:00Z 165.000000 215.000000 97.000000 109.000000 3.383333 6.000000 5 4 1
2014-02-12T01:00:00Z 2014-02-12T03:00:00Z 165.000000 195.000000 96.000000 72.000000 3.191667 7.000000 5 5 1
2014-02-12T00:00:00Z 2014-02-12T02:00:00Z 157.000000 206.000000 104.000000 65.000000 3.216667 6.000000 5 5 1
2014-02-11T23:00:00Z 2014-02-12T01:00:00Z 161.000000 206.000000 105.000000 67.000000 2.916667 6.000000 5 5 1
2014-02-11T22:00:00Z 2014-02-12T00:00:00Z 167.000000 185.000000 107.000000 74.000000 2.750000 6.000000 5 5 1
2014-02-11T21:00:00Z 2014-02-11T23:00:00Z 170.000000 202.000000 109.000000 83.000000 2.608333 8.000000 5 5 1
2014-02-11T20:00:00Z 2014-02-11T22:00:00Z 178.000000 184.000000 112.000000 86.000000 2.666667 9.000000 5 5 1
2014-02-11T19:00:00Z 2014-02-11T21:00:00Z 176.000000 185.000000 111.000000 90.000000 2.533333 15.000000 5 5 1
2014-02-02T06:00:00Z 2014-02-02T08:00:00Z 155.000000 164.000000 57.000000 28.000000 2.708333 3.000000 5 4 0
2014-02-01T11:00:00Z 2014-02-01T13:00:00Z 156.000000 166.000000 59.000000 68.000000 2.025000 10.000000 5 4 0
2014-02-01T10:00:00Z 2014-02-01T12:00:00Z 163.000000 177.000000 61.000000 67.000000 2.075000 8.000000 5 4 0
2014-02-01T09:00:00Z 2014-02-01T11:00:00Z 159.000000 166.000000 63.000000 69.000000 2.016667 6.000000 5 5 0
2014-02-01T08:00:00Z 2014-02-01T10:00:00Z 158.000000 170.000000 63.000000 71.000000 1.991667 6.000000 5 5 0
2014-02-01T06:00:00Z 2014-02-01T08:00:00Z 159.000000 160.000000 61.000000 67.000000 2.025000 7.000000 5 5 0
2014-02-01T04:00:00Z 2014-02-01T06:00:00Z 152.000000 163.000000 58.000000 57.000000 1.841667 8.000000 5 5 0
2014-01-31T21:00:00Z 2014-01-31T23:00:00Z 154.000000 179.000000 58.000000 63.000000 1.866667 11.000000 5 4 1
2014-01-31T05:00:00Z 2014-01-31T07:00:00Z 156.000000 191.000000 54.000000 65.000000 1.833333 11.000000 5 3 1
2014-01-31T04:00:00Z 2014-01-31T06:00:00Z 177.000000 221.000000 51.000000 56.000000 1.641667 12.000000 5 4 1
2014-01-31T03:00:00Z 2014-01-31T05:00:00Z 228.000000 286.000000 46.000000 55.000000 1.466667 12.000000 5 5 1
2014-01-31T00:00:00Z 2014-01-31T02:00:00Z 152.000000 221.000000 49.000000 45.000000 1.208333 15.000000 5 6 1
2014-01-30T21:00:00Z 2014-01-30T23:00:00Z 154.000000 242.000000 59.000000 67.000000 1.766667 28.000000 5 4 1
2014-01-30T02:00:00Z 2014-01-30T04:00:00Z 155.000000 176.000000 71.000000 82.000000 2.741667 15.000000 5 2 1
2014-01-30T01:00:00Z 2014-01-30T03:00:00Z 176.000000 186.000000 82.000000 89.000000 2.841667 10.000000 5 3 1
2014-01-30T00:00:00Z 2014-01-30T02:00:00Z 182.000000 199.000000 90.000000 96.000000 2.872727 7.000000 5 5 1
2014-01-29T23:00:00Z 2014-01-30T01:00:00Z 195.000000 206.000000 93.000000 96.000000 3.008333 7.000000 5 5 1
2014-01-29T22:00:00Z 2014-01-30T00:00:00Z 200.000000 208.000000 100.000000 96.000000 3.250000 6.000000 5 5 1
2014-01-29T21:00:00Z 2014-01-29T23:00:00Z 192.000000 213.000000 100.000000 80.000000 2.966667 6.000000 5 5 1
2014-01-29T20:00:00Z 2014-01-29T22:00:00Z 189.000000 213.000000 100.000000 75.000000 2.816667 7.000000 5 5 1
2014-01-29T19:00:00Z 2014-01-29T21:00:00Z 187.000000 213.000000 102.000000 74.000000 2.725000 6.000000 5 5 1
2014-01-29T18:00:00Z 2014-01-29T20:00:00Z 175.000000 202.000000 99.000000 75.000000 2.408333 8.000000 5 5 1
2014-01-29T17:00:00Z 2014-01-29T19:00:00Z 165.000000 197.000000 92.000000 91.000000 2.216667 16.000000 5 5 1
2014-01-29T16:00:00Z 2014-01-29T18:00:00Z 163.000000 189.000000 84.000000 99.000000 2.091667 22.000000 5 5 1
2014-01-29T15:00:00Z 2014-01-29T17:00:00Z 155.000000 182.000000 80.000000 107.000000 2.018182 23.000000 5 5 1
2014-01-24T12:00:00Z 2014-01-24T14:00:00Z 189.000000 190.000000 105.000000 98.000000 3.316667 8.000000 5 3 1
2014-01-24T11:00:00Z 2014-01-24T13:00:00Z 194.000000 212.000000 102.000000 106.000000 3.416667 9.000000 5 4 1
2014-01-24T10:00:00Z 2014-01-24T12:00:00Z 197.000000 214.000000 102.000000 106.000000 3.566667 8.000000 5 5 1
2014-01-24T09:00:00Z 2014-01-24T11:00:00Z 205.000000 230.000000 105.000000 108.000000 3.791667 7.000000 5 5 1
2014-01-24T08:00:00Z 2014-01-24T10:00:00Z 202.000000 229.000000 103.000000 104.000000 3.575000 6.000000 5 5 1
2014-01-24T07:00:00Z 2014-01-24T09:00:00Z 217.000000 251.000000 108.000000 109.000000 3.791667 4.000000 5 5 1
2014-01-24T06:00:00Z 2014-01-24T08:00:00Z 222.000000 241.000000 111.000000 108.000000 3.850000 4.000000 5 5 1
2014-01-24T05:00:00Z 2014-01-24T07:00:00Z 232.000000 250.000000 117.000000 116.000000 3.958333 4.000000 5 5 1
2014-01-24T04:00:00Z 2014-01-24T06:00:00Z 240.000000 258.000000 122.000000 116.000000 4.100000 4.000000 5 5 1
2014-01-24T03:00:00Z 2014-01-24T05:00:00Z 245.000000 276.000000 123.000000 125.000000 4.250000 4.000000 5 5 1
2014-01-23T18:00:00Z 2014-01-23T20:00:00Z 245.000000 283.000000 136.000000 128.000000 3.925000 4.000000 5 6 1
2014-01-23T17:00:00Z 2014-01-23T19:00:00Z 217.000000 270.000000 137.000000 137.000000 3.400000 6.000000 5 6 1
2014-01-23T16:00:00Z 2014-01-23T18:00:00Z 219.000000 244.000000 126.000000 147.000000 3.183333 9.000000 5 5 1
2014-01-23T15:00:00Z 2014-01-23T17:00:00Z 217.000000 250.000000 126.000000 152.000000 3.250000 11.000000 5 5 1
2014-01-23T14:00:00Z 2014-01-23T16:00:00Z 216.000000 248.000000 126.000000 151.000000 3.500000 11.000000 5 5 1
2014-01-23T13:00:00Z 2014-01-23T15:00:00Z 216.000000 245.000000 122.000000 159.000000 3.566667 10.000000 5 5 1
2014-01-23T12:00:00Z 2014-01-23T14:00:00Z 208.000000 242.000000 122.000000 147.000000 3.716667 9.000000 5 5 1
2014-01-23T11:00:00Z 2014-01-23T13:00:00Z 203.000000 247.000000 122.000000 152.000000 4.272727 6.000000 5 5 1
2014-01-23T10:00:00Z 2014-01-23T12:00:00Z 189.000000 223.000000 144.000000 123.000000 4.400000 1.000000 5 5 1
2014-01-23T09:00:00Z 2014-01-23T11:00:00Z 178.000000 213.000000 120.000000 114.000000 3.480000 4.000000 5 5 1
2014-01-23T08:00:00Z 2014-01-23T10:00:00Z 181.000000 210.000000 117.000000 101.000000 3.550000 3.000000 5 5 1
2014-01-23T07:00:00Z 2014-01-23T09:00:00Z 185.000000 215.000000 116.000000 94.000000 3.500000 3.000000 5 5 1
2014-01-23T06:00:00Z 2014-01-23T08:00:00Z 195.000000 220.000000 116.000000 93.000000 3.570000 4.000000 5 5 1
2014-01-23T05:00:00Z 2014-01-23T07:00:00Z 212.000000 248.000000 118.000000 97.000000 3.954545 4.000000 5 5 1
2014-01-23T04:00:00Z 2014-01-23T06:00:00Z 222.000000 261.000000 117.000000 97.000000 4.154545 4.000000 5 5 1
2014-01-23T03:00:00Z 2014-01-23T05:00:00Z 224.000000 298.000000 120.000000 98.000000 4.200000 3.000000 5 5 1
2014-01-23T02:00:00Z 2014-01-23T04:00:00Z 215.000000 279.000000 121.000000 98.000000 4.381818 4.000000 5 5 1
2014-01-23T01:00:00Z 2014-01-23T03:00:00Z 221.000000 280.000000 123.000000 105.000000 4.581818 5.000000 5 5 1
2014-01-23T00:00:00Z 2014-01-23T02:00:00Z 205.000000 260.000000 122.000000 94.000000 4.172727 5.000000 5 5 1
2014-01-22T23:00:00Z 2014-01-23T01:00:00Z 195.000000 240.000000 124.000000 89.000000 3.781818 4.000000 5 5 1
2014-01-22T22:00:00Z 2014-01-23T00:00:00Z 196.000000 230.000000 126.000000 100.000000 3.309091 4.000000 5 5 1
2014-01-22T21:00:00Z 2014-01-22T23:00:00Z 184.000000 233.000000 125.000000 96.000000 2.736364 4.000000 5 5 1
2014-01-22T20:00:00Z 2014-01-22T22:00:00Z 175.000000 211.000000 123.000000 90.000000 2.410000 3.000000 5 5 1
2014-01-22T19:00:00Z 2014-01-22T21:00:00Z 170.000000 195.000000 131.000000 90.000000 2.527273 4.000000 5 5 1
2014-01-19T18:00:00Z 2014-01-19T20:00:00Z 164.000000 240.000000 96.000000 66.000000 2.875000 17.000000 5 2 1
2014-01-19T17:00:00Z 2014-01-19T19:00:00Z 193.000000 224.000000 114.000000 94.000000 3.158333 9.000000 5 3 1
2014-01-19T16:00:00Z 2014-01-19T18:00:00Z 187.000000 213.000000 113.000000 101.000000 3.191667 10.000000 5 5 1
2014-01-19T14:00:00Z 2014-01-19T16:00:00Z 173.000000 187.000000 92.000000 119.000000 2.950000 16.000000 5 5 1
2014-01-18T00:00:00Z 2014-01-18T02:00:00Z 187.000000 146.000000 77.000000 42.000000 2.700000 13.000000 5 3 1
2014-01-17T23:00:00Z 2014-01-18T01:00:00Z 219.000000 234.000000 88.000000 49.000000 3.088889 11.000000 5 3 1
2014-01-17T22:00:00Z 2014-01-18T00:00:00Z 233.000000 293.000000 92.000000 51.000000 3.044444 12.000000 5 5 1
2014-01-17T21:00:00Z 2014-01-17T23:00:00Z 230.000000 274.000000 93.000000 48.000000 2.988889 12.000000 5 5 1
2014-01-17T20:00:00Z 2014-01-17T22:00:00Z 166.000000 237.000000 97.000000 49.000000 2.975000 11.000000 5 5 1
2014-01-17T19:00:00Z 2014-01-17T21:00:00Z 169.000000 205.000000 99.000000 48.000000 2.591667 12.000000 5 5 1
2014-01-17T04:00:00Z 2014-01-17T06:00:00Z 221.000000 304.000000 77.000000 81.000000 3.175000 4.000000 5 3 1
2014-01-16T17:00:00Z 2014-01-16T19:00:00Z 213.000000 252.000000 110.000000 115.000000 2.616667 17.000000 5 6 1
2014-01-16T16:00:00Z 2014-01-16T18:00:00Z 160.000000 167.000000 83.000000 91.000000 1.916667 29.000000 5 6 1
2014-01-16T13:00:00Z 2014-01-16T15:00:00Z 240.000000 104.000000 96.000000 113.000000 2.800000 24.000000 5 4 1
2014-01-11T21:00:00Z 2014-01-11T23:00:00Z 185.000000 183.000000 107.000000 90.000000 3.075000 9.000000 5 3 1
2014-01-11T20:00:00Z 2014-01-11T22:00:00Z 196.000000 204.000000 119.000000 103.000000 3.025000 8.000000 5 4 1
2014-01-11T19:00:00Z 2014-01-11T21:00:00Z 184.000000 230.000000 123.000000 109.000000 3.158333 6.000000 5 5 1
2014-01-11T18:00:00Z 2014-01-11T20:00:00Z 164.000000 202.000000 121.000000 97.000000 2.700000 5.000000 5 5 1
2014-01-07T09:00:00Z 2014-01-07T11:00:00Z 155.000000 205.000000 72.000000 48.000000 2.775000 8.000000 5 3 1
2014-01-06T21:00:00Z 2014-01-06T23:00:00Z 173.000000 191.000000 80.000000 46.000000 2.591667 3.000000 5 5 1
2014-01-06T20:00:00Z 2014-01-06T22:00:00Z 166.000000 190.000000 79.000000 46.000000 2.391667 3.000000 5 5 1
2014-01-06T19:00:00Z 2014-01-06T21:00:00Z 162.000000 180.000000 79.000000 45.000000 2.141667 3.000000 5 5 1
2014-01-06T18:00:00Z 2014-01-06T20:00:00Z 156.000000 169.000000 78.000000 44.000000 1.991667 3.000000 5 5 1
2014-01-06T17:00:00Z 2014-01-06T19:00:00Z 152.000000 161.000000 73.000000 48.000000 2.008333 6.000000 5 5 1
2014-01-06T16:00:00Z 2014-01-06T18:00:00Z 151.000000 167.000000 68.000000 53.000000 2.050000 10.000000 5 5 1
2014-01-05T03:00:00Z 2014-01-05T05:00:00Z 157.000000 190.000000 89.000000 42.000000 3.581818 4.000000 5 4 0
2014-01-05T02:00:00Z 2014-01-05T04:00:00Z 155.000000 193.000000 88.000000 43.000000 3.616667 4.000000 5 4 0
2014-01-05T01:00:00Z 2014-01-05T03:00:00Z 169.000000 198.000000 88.000000 45.000000 3.733333 5.000000 5 5 0
2014-01-05T00:00:00Z 2014-01-05T02:00:00Z 159.000000 192.000000 89.000000 46.000000 3.666667 4.000000 5 5 0
2014-01-04T23:00:00Z 2014-01-05T01:00:00Z 167.000000 198.000000 90.000000 51.000000 3.516667 4.000000 5 5 0
2014-01-04T22:00:00Z 2014-01-05T00:00:00Z 163.000000 191.000000 91.000000 47.000000 3.416667 4.000000 5 5 0
2014-01-04T21:00:00Z 2014-01-04T23:00:00Z 173.000000 207.000000 93.000000 45.000000 3.366667 4.000000 5 5 0
2014-01-04T20:00:00Z 2014-01-04T22:00:00Z 176.000000 215.000000 95.000000 40.000000 3.200000 4.000000 5 5 0
2014-01-04T19:00:00Z 2014-01-04T21:00:00Z 179.000000 216.000000 96.000000 40.000000 3.108333 4.000000 5 5 0
2014-01-04T18:00:00Z 2014-01-04T20:00:00Z 176.000000 218.000000 96.000000 40.000000 3.025000 4.000000 5 5 0
2014-01-04T17:00:00Z 2014-01-04T19:00:00Z 172.000000 211.000000 95.000000 47.000000 3.033333 5.000000 5 5 0
2014-01-04T16:00:00Z 2014-01-04T18:00:00Z 166.000000 202.000000 91.000000 55.000000 3.166667 7.000000 5 5 0
2014-01-03T00:00:00Z 2014-01-03T02:00:00Z 151.000000 195.000000 105.000000 89.000000 4.108333 9.000000 5 3 0
2014-01-02T23:00:00Z 2014-01-03T01:00:00Z 167.000000 241.000000 120.000000 82.000000 4.658333 5.000000 5 4 0
2014-01-02T22:00:00Z 2014-01-03T00:00:00Z 166.000000 220.000000 123.000000 88.000000 4.591667 5.000000 5 5 0
2014-01-02T21:00:00Z 2014-01-02T23:00:00Z 162.000000 238.000000 123.000000 82.000000 4.408333 5.000000 5 5 0
2014-01-02T20:00:00Z 2014-01-02T22:00:00Z 156.000000 229.000000 122.000000 79.000000 4.208333 5.000000 5 5 0
2013-12-25T14:00:00Z 2013-12-25T16:00:00Z 178.000000 254.000000 107.000000 76.000000 2.975000 26.000000 5 2 1
2013-12-25T10:00:00Z 2013-12-25T12:00:00Z 242.000000 280.000000 135.000000 95.000000 5.000000 6.000000 5 6 1
2013-12-25T09:00:00Z 2013-12-25T11:00:00Z 221.000000 268.000000 132.000000 79.000000 5.016667 7.000000 5 6 1
2013-12-25T08:00:00Z 2013-12-25T10:00:00Z 238.000000 269.000000 133.000000 75.000000 5.150000 5.000000 5 5 1
2013-12-25T07:00:00Z 2013-12-25T09:00:00Z 234.000000 250.000000 133.000000 76.000000 4.916667 5.000000 5 5 1
2013-12-25T06:00:00Z 2013-12-25T08:00:00Z 237.000000 259.000000 135.000000 81.000000 5.033333 5.000000 5 5 1
2013-12-25T05:00:00Z 2013-12-25T07:00:00Z 236.000000 265.000000 136.000000 92.000000 4.725000 5.000000 5 5 1
2013-12-25T04:00:00Z 2013-12-25T06:00:00Z 241.000000 264.000000 132.000000 83.000000 4.608333 6.000000 5 5 1
2013-12-25T03:00:00Z 2013-12-25T05:00:00Z 247.000000 257.000000 131.000000 90.000000 4.658333 5.000000 5 5 1
2013-12-25T01:00:00Z 2013-12-25T03:00:00Z 249.000000 273.000000 131.000000 101.000000 4.883333 5.000000 5 5 1
2013-12-24T12:00:00Z 2013-12-24T14:00:00Z 231.000000 271.000000 132.000000 119.000000 5.000000 8.000000 5 6 1
2013-12-24T11:00:00Z 2013-12-24T13:00:00Z 186.000000 247.000000 108.000000 105.000000 4.116667 12.000000 5 5 1
2013-12-24T10:00:00Z 2013-12-24T12:00:00Z 171.000000 220.000000 101.000000 89.000000 4.416667 8.000000 5 5 1
2013-12-24T09:00:00Z 2013-12-24T11:00:00Z 177.000000 213.000000 100.000000 73.000000 4.625000 6.000000 5 5 1
2013-12-24T08:00:00Z 2013-12-24T10:00:00Z 187.000000 226.000000 103.000000 65.000000 4.900000 6.000000 5 5 1
2013-12-24T07:00:00Z 2013-12-24T09:00:00Z 196.000000 257.000000 106.000000 65.000000 5.075000 6.000000 5 5 1
2013-12-24T06:00:00Z 2013-12-24T08:00:00Z 203.000000 265.000000 111.000000 68.000000 5.358333 7.000000 5 5 1
2013-12-24T05:00:00Z 2013-12-24T07:00:00Z 181.000000 252.000000 108.000000 67.000000 5.408333 7.000000 5 5 1
2013-12-24T04:00:00Z 2013-12-24T06:00:00Z 174.000000 225.000000 109.000000 71.000000 5.275000 8.000000 5 5 1
2013-12-24T03:00:00Z 2013-12-24T05:00:00Z 168.000000 237.000000 109.000000 67.000000 4.791667 7.000000 5 5 1
2013-12-24T02:00:00Z 2013-12-24T04:00:00Z 179.000000 227.000000 109.000000 68.000000 4.233333 7.000000 5 5 1
2013-12-24T01:00:00Z 2013-12-24T03:00:00Z 183.000000 228.000000 112.000000 69.000000 4.533333 7.000000 5 5 1
2013-12-24T00:00:00Z 2013-12-24T02:00:00Z 184.000000 231.000000 111.000000 74.000000 3.916667 8.000000 5 5 1
2013-12-23T23:00:00Z 2013-12-24T01:00:00Z 178.000000 225.000000 109.000000 66.000000 3.541667 8.000000 5 5 1
2013-12-23T22:00:00Z 2013-12-24T00:00:00Z 166.000000 195.000000 108.000000 63.000000 3.383333 6.000000 5 5 1
2013-12-23T05:00:00Z 2013-12-23T07:00:00Z 167.000000 238.000000 104.000000 68.000000 3.691667 5.000000 5 3 1
2013-12-23T04:00:00Z 2013-12-23T06:00:00Z 196.000000 295.000000 121.000000 82.000000 4.181818 5.000000 5 4 1
2013-12-23T03:00:00Z 2013-12-23T05:00:00Z 191.000000 276.000000 110.000000 81.000000 4.133333 6.000000 5 5 1
2013-12-23T02:00:00Z 2013-12-23T04:00:00Z 203.000000 291.000000 114.000000 75.000000 4.625000 6.000000 5 5 1
2013-12-23T01:00:00Z 2013-12-23T03:00:00Z 219.000000 257.000000 119.000000 90.000000 4.908333 6.000000 5 5 1
2013-12-23T00:00:00Z 2013-12-23T02:00:00Z 228.000000 301.000000 123.000000 77.000000 4.666667 6.000000 5 5 1
2013-12-22T18:00:00Z 2013-12-22T20:00:00Z 221.000000 318.000000 143.000000 82.000000 3.700000 6.000000 5 6 1
2013-12-22T17:00:00Z 2013-12-22T19:00:00Z 165.000000 218.000000 130.000000 77.000000 3.058333 7.000000 5 6 1
2013-12-17T02:00:00Z 2013-12-17T04:00:00Z 179.000000 133.000000 73.000000 70.000000 3.600000 4.000000 5 4 1
2013-12-17T01:00:00Z 2013-12-17T03:00:00Z 159.000000 188.000000 82.000000 82.000000 3.400000 5.000000 5 4 1
2013-12-17T00:00:00Z 2013-12-17T02:00:00Z 169.000000 151.000000 85.000000 81.000000 3.560000 4.000000 5 5 1
2013-12-16T23:00:00Z 2013-12-17T01:00:00Z 162.000000 190.000000 88.000000 92.000000 3.420000 4.000000 5 5 1
2013-12-16T21:00:00Z 2013-12-16T23:00:00Z 153.000000 166.000000 86.000000 74.000000 3.380000 4.000000 5 5 1
2013-12-16T20:00:00Z 2013-12-16T22:00:00Z 162.000000 124.000000 86.000000 75.000000 3.180000 4.000000 5 4 1
2013-12-16T19:00:00Z 2013-12-16T21:00:00Z 170.000000 168.000000 91.000000 73.000000 3.460000 5.000000 5 5 1
2013-12-08T12:00:00Z 2013-12-08T14:00:00Z 200.000000 44.000000 75.000000 82.000000 2.833333 15.000000 5 4 1
2013-12-08T11:00:00Z 2013-12-08T13:00:00Z 239.000000 48.000000 88.000000 92.000000 3.712500 9.000000 5 5 1
2013-12-07T13:00:00Z 2013-12-07T15:00:00Z 235.000000 273.000000 110.000000 97.000000 3.657143 6.000000 5 6 1
2013-12-07T12:00:00Z 2013-12-07T14:00:00Z 224.000000 263.000000 103.000000 89.000000 3.533333 6.000000 5 6 1
2013-12-07T11:00:00Z 2013-12-07T13:00:00Z 189.000000 214.000000 89.000000 74.000000 3.212500 5.000000 5 5 1
2013-12-07T06:00:00Z 2013-12-07T08:00:00Z 176.000000 195.000000 82.000000 40.000000 3.275000 4.000000 5 4 1
2013-12-07T05:00:00Z 2013-12-07T07:00:00Z 203.000000 234.000000 86.000000 41.000000 3.737500 5.000000 5 4 1
2013-12-07T04:00:00Z 2013-12-07T06:00:00Z 213.000000 246.000000 84.000000 35.000000 3.714286 6.000000 5 5 1
2013-12-07T03:00:00Z 2013-12-07T05:00:00Z 232.000000 284.000000 90.000000 42.000000 4.050000 5.000000 5 5 1
2013-12-07T02:00:00Z 2013-12-07T04:00:00Z 230.000000 304.000000 92.000000 43.000000 4.150000 5.000000 5 5 1
2013-12-07T01:00:00Z 2013-12-07T03:00:00Z 237.000000 304.000000 97.000000 48.000000 4.300000 5.000000 5 5 1
2013-12-07T00:00:00Z 2013-12-07T02:00:00Z 230.000000 288.000000 99.000000 46.000000 4.357143 4.000000 5 5 1
2013-12-06T23:00:00Z 2013-12-07T01:00:00Z 211.000000 250.000000 98.000000 47.000000 4.062500 4.000000 5 5 1
2013-12-06T22:00:00Z 2013-12-07T00:00:00Z 185.000000 239.000000 97.000000 44.000000 3.400000 4.000000 5 5 1
2013-12-06T21:00:00Z 2013-12-06T23:00:00Z 162.000000 226.000000 95.000000 41.000000 2.875000 3.000000 5 5 1
2013-12-06T19:00:00Z 2013-12-06T21:00:00Z 154.000000 182.000000 92.000000 44.000000 2.614286 3.000000 5 5 1
2013-12-06T17:00:00Z 2013-12-06T19:00:00Z 151.000000 179.000000 98.000000 53.000000 2.025000 4.000000 5 5 1
2013-12-06T16:00:00Z 2013-12-06T18:00:00Z 171.000000 213.000000 107.000000 62.000000 2.337500 6.000000 5 4 1
2013-12-06T15:00:00Z 2013-12-06T17:00:00Z 158.000000 200.000000 114.000000 70.000000 2.575000 9.000000 5 5 1
2013-12-02T22:00:00Z 2013-12-03T00:00:00Z 152.000000 169.000000 98.000000 60.000000 3.711111 6.000000 5 4 0
2013-12-02T20:00:00Z 2013-12-02T22:00:00Z 151.000000 203.000000 102.000000 57.000000 3.337500 5.000000 5 5 0
2013-11-24T03:00:00Z 2013-11-24T05:00:00Z 162.000000 158.000000 82.000000 52.000000 3.330000 9.000000 5 3 1
2013-11-24T02:00:00Z 2013-11-24T04:00:00Z 174.000000 175.000000 87.000000 51.000000 3.540000 7.000000 5 4 1
2013-11-24T01:00:00Z 2013-11-24T03:00:00Z 177.000000 178.000000 90.000000 57.000000 3.230000 7.000000 5 5 1
2013-11-24T00:00:00Z 2013-11-24T02:00:00Z 175.000000 103.000000 92.000000 58.000000 3.250000 7.000000 5 5 1
2013-11-23T23:00:00Z 2013-11-24T01:00:00Z 195.000000 183.000000 105.000000 62.000000 3.490000 9.000000 5 5 1
2013-11-23T22:00:00Z 2013-11-24T00:00:00Z 220.000000 200.000000 116.000000 68.000000 3.830000 6.000000 5 5 1
2013-11-23T21:00:00Z 2013-11-23T23:00:00Z 220.000000 199.000000 115.000000 67.000000 3.690000 7.000000 5 5 1
2013-11-23T20:00:00Z 2013-11-23T22:00:00Z 211.000000 177.000000 115.000000 70.000000 3.190000 16.000000 5 5 1
2013-11-23T19:00:00Z 2013-11-23T21:00:00Z 201.000000 160.000000 116.000000 66.000000 2.880000 14.000000 5 5 1
2013-11-23T18:00:00Z 2013-11-23T20:00:00Z 177.000000 160.000000 112.000000 59.000000 2.322222 22.000000 5 5 1
2013-11-23T17:00:00Z 2013-11-23T19:00:00Z 166.000000 159.000000 108.000000 59.000000 2.130000 12.000000 5 5 1
2013-11-23T06:00:00Z 2013-11-23T08:00:00Z 177.000000 147.000000 92.000000 43.000000 3.270000 8.000000 5 4 1
2013-11-23T05:00:00Z 2013-11-23T07:00:00Z 197.000000 130.000000 95.000000 52.000000 3.270000 7.000000 5 4 1
2013-11-23T04:00:00Z 2013-11-23T06:00:00Z 212.000000 198.000000 110.000000 51.000000 3.880000 6.000000 5 5 1
2013-11-23T03:00:00Z 2013-11-23T05:00:00Z 222.000000 175.000000 101.000000 52.000000 4.310000 7.000000 5 5 1
2013-11-23T02:00:00Z 2013-11-23T04:00:00Z 224.000000 229.000000 101.000000 60.000000 4.170000 7.000000 5 5 1
2013-11-23T01:00:00Z 2013-11-23T03:00:00Z 250.000000 209.000000 107.000000 57.000000 4.100000 6.000000 5 5 1
2013-11-22T20:00:00Z 2013-11-22T22:00:00Z 231.000000 207.000000 116.000000 68.000000 2.860000 8.000000 5 6 1
2013-11-22T18:00:00Z 2013-11-22T20:00:00Z 157.000000 170.000000 118.000000 42.000000 2.170000 14.000000 5 5 1
2013-10-29T01:00:00Z 2013-10-29T03:00:00Z 179.000000 276.000000 83.000000 20.000000 2.881818 7.000000 5 2 1
2013-10-28T11:00:00Z 2013-10-28T13:00:00Z 250.000000 275.000000 111.000000 37.000000 2.218182 7.000000 5 6 1
2013-10-28T10:00:00Z 2013-10-28T12:00:00Z 250.000000 282.000000 106.000000 30.000000 2.390909 3.000000 5 6 1
2013-10-28T09:00:00Z 2013-10-28T11:00:00Z 241.000000 263.000000 100.000000 22.000000 2.272727 3.000000 5 5 1
2013-10-28T08:00:00Z 2013-10-28T10:00:00Z 229.000000 250.000000 98.000000 16.000000 2.254545 2.000000 5 5 1
2013-10-28T07:00:00Z 2013-10-28T09:00:00Z 232.000000 244.000000 98.000000 14.000000 2.190909 2.000000 5 5 1
2013-10-28T06:00:00Z 2013-10-28T08:00:00Z 230.000000 238.000000 95.000000 15.000000 2.045455 2.000000 5 5 1
2013-10-28T05:00:00Z 2013-10-28T07:00:00Z 225.000000 239.000000 101.000000 14.000000 2.081818 2.000000 5 5 1
2013-10-28T04:00:00Z 2013-10-28T06:00:00Z 232.000000 240.000000 106.000000 15.000000 2.200000 2.000000 5 5 1
2013-10-28T03:00:00Z 2013-10-28T05:00:00Z 245.000000 259.000000 107.000000 15.000000 2.320000 2.000000 5 5 1
2013-10-27T18:00:00Z 2013-10-27T20:00:00Z 241.000000 276.000000 155.000000 33.000000 2.100000 8.000000 5 6 1
2013-10-27T17:00:00Z 2013-10-27T19:00:00Z 236.000000 284.000000 153.000000 46.000000 2.000000 17.000000 5 5 1
2013-10-27T16:00:00Z 2013-10-27T18:00:00Z 226.000000 269.000000 144.000000 58.000000 1.963636 27.000000 5 5 1
2013-10-27T15:00:00Z 2013-10-27T17:00:00Z 215.000000 248.000000 138.000000 65.000000 1.981818 26.000000 5 5 1
2013-10-27T14:00:00Z 2013-10-27T16:00:00Z 200.000000 231.000000 126.000000 65.000000 1.927273 24.000000 5 5 1
2013-10-27T13:00:00Z 2013-10-27T15:00:00Z 191.000000 225.000000 116.000000 61.000000 1.845455 20.000000 5 5 1
2013-10-27T12:00:00Z 2013-10-27T14:00:00Z 169.000000 204.000000 109.000000 51.000000 1.709091 16.000000 5 5 1
2013-10-22T12:00:00Z 2013-10-22T14:00:00Z 152.000000 168.000000 83.000000 75.000000 1.833333 31.000000 5 4 1
2013-10-17T22:00:00Z 2013-10-18T00:00:00Z 172.000000 204.000000 113.000000 18.000000 1.800000 8.000000 5 5 1
2013-10-17T20:00:00Z 2013-10-17T22:00:00Z 162.000000 193.000000 122.000000 20.000000 1.512500 10.000000 5 5 1
2013-10-17T19:00:00Z 2013-10-17T21:00:00Z 156.000000 185.000000 119.000000 24.000000 1.387500 19.000000 5 5 1
2013-10-17T14:00:00Z 2013-10-17T16:00:00Z 166.000000 184.000000 64.000000 50.000000 1.162500 73.000000 5 3 1
2013-10-17T13:00:00Z 2013-10-17T15:00:00Z 180.000000 194.000000 92.000000 51.000000 1.450000 51.000000 5 4 1
2013-10-17T12:00:00Z 2013-10-17T14:00:00Z 163.000000 236.000000 115.000000 38.000000 1.812500 26.000000 5 5 1
2013-10-10T09:00:00Z 2013-10-10T11:00:00Z 164.000000 196.000000 85.000000 17.000000 1.675700 23.000000 5 4 1
2013-10-10T08:00:00Z 2013-10-10T10:00:00Z 162.000000 194.000000 86.000000 17.000000 1.699300 8.000000 5 4 1
2013-10-10T07:00:00Z 2013-10-10T09:00:00Z 158.000000 191.000000 86.000000 16.000000 1.690600 6.000000 5 5 1
2013-10-10T06:00:00Z 2013-10-10T08:00:00Z 155.000000 189.000000 85.000000 16.000000 1.681000 10.000000 5 5 1
2013-10-07T06:00:00Z 2013-10-07T08:00:00Z 153.000000 127.000000 54.000000 18.000000 2.100000 6.000000 5 4 1
2013-10-07T05:00:00Z 2013-10-07T07:00:00Z 161.000000 135.000000 54.000000 18.000000 2.140000 7.000000 5 4 1
2013-10-07T04:00:00Z 2013-10-07T06:00:00Z 162.000000 155.000000 51.000000 17.000000 2.170000 7.000000 5 5 1
2013-10-07T03:00:00Z 2013-10-07T05:00:00Z 157.000000 133.000000 51.000000 17.000000 2.350000 7.000000 5 5 1
2013-10-07T02:00:00Z 2013-10-07T04:00:00Z 166.000000 156.000000 56.000000 18.000000 2.560000 7.000000 5 5 1
2013-10-07T01:00:00Z 2013-10-07T03:00:00Z 168.000000 159.000000 62.000000 18.000000 2.630000 7.000000 5 5 1
2013-10-07T00:00:00Z 2013-10-07T02:00:00Z 171.000000 163.000000 71.000000 18.000000 2.820000 7.000000 5 5 1
2013-10-06T23:00:00Z 2013-10-07T01:00:00Z 179.000000 175.000000 75.000000 18.000000 2.910000 7.000000 5 5 1
2013-10-06T22:00:00Z 2013-10-07T00:00:00Z 183.000000 182.000000 81.000000 20.000000 2.890000 7.000000 5 5 1
2013-10-06T21:00:00Z 2013-10-06T23:00:00Z 182.000000 189.000000 85.000000 20.000000 2.850000 8.000000 5 5 1
2013-10-06T20:00:00Z 2013-10-06T22:00:00Z 167.000000 184.000000 81.000000 21.000000 2.790000 10.000000 5 5 1
2013-10-06T19:00:00Z 2013-10-06T21:00:00Z 164.000000 174.000000 86.000000 24.000000 2.570000 19.000000 5 5 1
2013-10-06T18:00:00Z 2013-10-06T20:00:00Z 163.000000 163.000000 70.000000 29.000000 2.330000 40.000000 5 5 1
2013-10-06T17:00:00Z 2013-10-06T19:00:00Z 160.000000 166.000000 56.000000 40.000000 2.220000 65.000000 5 5 1
2013-10-06T16:00:00Z 2013-10-06T18:00:00Z 164.000000 162.000000 56.000000 43.000000 2.340000 64.000000 5 5 1
2013-10-06T15:00:00Z 2013-10-06T17:00:00Z 153.000000 154.000000 53.000000 42.000000 2.450000 54.000000 5 5 1
2013-10-06T14:00:00Z 2013-10-06T16:00:00Z 162.000000 160.000000 52.000000 37.000000 2.560000 42.000000 5 5 1
2013-10-06T13:00:00Z 2013-10-06T15:00:00Z 176.000000 184.000000 61.000000 31.000000 2.860000 22.000000 5 5 1
2013-10-06T12:00:00Z 2013-10-06T14:00:00Z 188.000000 157.000000 60.000000 32.000000 2.770000 25.000000 5 5 1
2013-10-06T11:00:00Z 2013-10-06T13:00:00Z 211.000000 275.000000 60.000000 23.000000 2.850000 17.000000 5 5 1
2013-10-06T10:00:00Z 2013-10-06T12:00:00Z 218.000000 239.000000 63.000000 19.000000 3.090000 10.000000 5 5 1
2013-10-06T09:00:00Z 2013-10-06T11:00:00Z 203.000000 221.000000 67.000000 20.000000 3.060000 7.000000 5 5 1
2013-10-06T08:00:00Z 2013-10-06T10:00:00Z 208.000000 221.000000 66.000000 18.000000 2.660000 6.000000 5 5 1
2013-10-06T07:00:00Z 2013-10-06T09:00:00Z 223.000000 227.000000 67.000000 15.000000 2.290000 6.000000 5 5 1
2013-10-06T06:00:00Z 2013-10-06T08:00:00Z 233.000000 244.000000 67.000000 14.000000 2.150000 7.000000 5 5 1
2013-10-06T05:00:00Z 2013-10-06T07:00:00Z 246.000000 251.000000 71.000000 13.000000 2.050000 6.000000 5 5 1
2013-10-04T21:00:00Z 2013-10-04T23:00:00Z 250.000000 304.000000 113.000000 12.000000 2.780000 17.000000 5 6 0
2013-10-04T20:00:00Z 2013-10-04T22:00:00Z 217.000000 261.000000 98.000000 13.000000 2.560000 25.000000 5 6 0
2013-10-04T19:00:00Z 2013-10-04T21:00:00Z 199.000000 242.000000 83.000000 17.000000 2.390000 51.000000 5 5 0
2013-10-04T18:00:00Z 2013-10-04T20:00:00Z 189.000000 237.000000 69.000000 27.000000 2.272727 95.000000 5 5 0
2013-10-04T17:00:00Z 2013-10-04T19:00:00Z 187.000000 222.000000 61.000000 38.000000 2.210000 125.000000 5 5 0
2013-10-04T16:00:00Z 2013-10-04T18:00:00Z 184.000000 225.000000 59.000000 47.000000 2.290000 130.000000 5 5 0
2013-10-04T15:00:00Z 2013-10-04T17:00:00Z 183.000000 231.000000 69.000000 57.000000 2.480000 112.000000 5 5 0
2013-10-04T14:00:00Z 2013-10-04T16:00:00Z 172.000000 216.000000 79.000000 71.000000 2.830000 86.000000 5 5 0
2013-09-30T04:00:00Z 2013-09-30T06:00:00Z 159.000000 186.000000 93.000000 8.000000 1.672727 3.000000 5 4 1
2013-09-30T03:00:00Z 2013-09-30T05:00:00Z 162.000000 189.000000 80.000000 9.000000 1.755556 4.000000 5 4 1
2013-09-30T02:00:00Z 2013-09-30T04:00:00Z 162.000000 173.000000 74.000000 10.000000 1.718182 6.000000 5 5 1
2013-09-30T01:00:00Z 2013-09-30T03:00:00Z 168.000000 183.000000 76.000000 11.000000 1.681818 8.000000 5 5 1
2013-09-30T00:00:00Z 2013-09-30T02:00:00Z 173.000000 187.000000 73.000000 12.000000 1.666667 9.000000 5 5 1
2013-09-29T23:00:00Z 2013-09-30T01:00:00Z 180.000000 190.000000 83.000000 12.000000 1.708333 7.000000 5 5 1
2013-09-29T22:00:00Z 2013-09-30T00:00:00Z 176.000000 186.000000 85.000000 14.000000 1.690909 8.000000 5 5 1
2013-09-29T21:00:00Z 2013-09-29T23:00:00Z 181.000000 188.000000 82.000000 17.000000 1.645455 15.000000 5 5 1
2013-09-29T20:00:00Z 2013-09-29T22:00:00Z 190.000000 205.000000 79.000000 17.000000 1.608333 21.000000 5 5 1
2013-09-29T19:00:00Z 2013-09-29T21:00:00Z 188.000000 196.000000 81.000000 17.000000 1.616667 26.000000 5 5 1
2013-09-29T18:00:00Z 2013-09-29T20:00:00Z 190.000000 194.000000 71.000000 19.000000 1.518182 43.000000 5 5 1
2013-09-29T17:00:00Z 2013-09-29T19:00:00Z 191.000000 208.000000 68.000000 20.000000 1.450000 51.000000 5 5 1
2013-09-29T16:00:00Z 2013-09-29T18:00:00Z 197.000000 218.000000 65.000000 19.000000 1.483333 56.000000 5 5 1
2013-09-29T15:00:00Z 2013-09-29T17:00:00Z 221.000000 215.000000 72.000000 20.000000 1.533333 49.000000 5 5 1
2013-09-29T14:00:00Z 2013-09-29T16:00:00Z 223.000000 218.000000 74.000000 19.000000 1.572727 46.000000 5 5 1
2013-09-29T13:00:00Z 2013-09-29T15:00:00Z 226.000000 217.000000 78.000000 18.000000 1.627273 35.000000 5 5 1
2013-09-29T12:00:00Z 2013-09-29T14:00:00Z 224.000000 210.000000 80.000000 16.000000 1.641667 26.000000 5 5 1
2013-09-29T11:00:00Z 2013-09-29T13:00:00Z 198.000000 201.000000 80.000000 17.000000 1.718182 14.000000 5 5 1
2013-09-29T10:00:00Z 2013-09-29T12:00:00Z 201.000000 216.000000 78.000000 17.000000 1.836364 11.000000 5 5 1
2013-09-29T09:00:00Z 2013-09-29T11:00:00Z 210.000000 216.000000 77.000000 13.000000 1.672727 12.000000 5 5 1
2013-09-29T08:00:00Z 2013-09-29T10:00:00Z 217.000000 224.000000 74.000000 9.000000 1.509091 15.000000 5 5 1
2013-09-29T07:00:00Z 2013-09-29T09:00:00Z 228.000000 255.000000 68.000000 8.000000 1.363636 22.000000 5 5 1
2013-09-29T06:00:00Z 2013-09-29T08:00:00Z 239.000000 233.000000 66.000000 8.000000 1.350000 27.000000 5 5 1
2013-09-28T15:00:00Z 2013-09-28T17:00:00Z 242.000000 254.000000 54.000000 22.000000 1.427273 128.000000 5 5 1
2013-09-28T09:00:00Z 2013-09-28T11:00:00Z 250.000000 282.000000 78.000000 16.000000 1.733333 10.000000 5 6 1
2013-09-28T08:00:00Z 2013-09-28T10:00:00Z 215.000000 274.000000 69.000000 11.000000 1.572727 7.000000 5 6 1
2013-09-28T07:00:00Z 2013-09-28T09:00:00Z 214.000000 245.000000 68.000000 7.000000 1.500000 6.000000 5 5 1
2013-09-28T06:00:00Z 2013-09-28T08:00:00Z 205.000000 232.000000 62.000000 7.000000 1.391667 13.000000 5 5 1
2013-09-28T05:00:00Z 2013-09-28T07:00:00Z 199.000000 232.000000 59.000000 8.000000 1.300000 21.000000 5 5 1
2013-09-28T04:00:00Z 2013-09-28T06:00:00Z 200.000000 222.000000 60.000000 9.000000 1.283333 32.000000 5 5 1
2013-09-28T03:00:00Z 2013-09-28T05:00:00Z 193.000000 217.000000 65.000000 10.000000 1.300000 37.000000 5 5 1
2013-09-28T02:00:00Z 2013-09-28T04:00:00Z 195.000000 215.000000 66.000000 12.000000 1.318182 41.000000 5 5 1
2013-09-28T01:00:00Z 2013-09-28T03:00:00Z 202.000000 224.000000 66.000000 14.000000 1.390909 49.000000 5 5 1
2013-09-28T00:00:00Z 2013-09-28T02:00:00Z 224.000000 256.000000 63.000000 19.000000 1.558333 57.000000 5 5 1
2013-09-27T22:00:00Z 2013-09-28T00:00:00Z 249.000000 290.000000 84.000000 29.000000 1.875000 75.000000 5 5 1
2013-09-27T20:00:00Z 2013-09-27T22:00:00Z 249.000000 323.000000 116.000000 23.000000 2.163636 61.000000 5 5 1
2013-09-27T19:00:00Z 2013-09-27T21:00:00Z 239.000000 310.000000 93.000000 27.000000 1.908333 106.000000 5 6 1
2013-09-27T18:00:00Z 2013-09-27T20:00:00Z 229.000000 300.000000 75.000000 38.000000 1.658333 174.000000 5 5 1
2013-09-27T17:00:00Z 2013-09-27T19:00:00Z 235.000000 262.000000 63.000000 43.000000 1.527273 203.000000 5 5 1
2013-09-27T16:00:00Z 2013-09-27T18:00:00Z 222.000000 264.000000 55.000000 43.000000 1.436364 211.000000 5 5 1
2013-09-27T15:00:00Z 2013-09-27T17:00:00Z 189.000000 239.000000 70.000000 42.000000 1.463636 184.000000 5 5 1
2013-09-27T14:00:00Z 2013-09-27T16:00:00Z 170.000000 225.000000 82.000000 34.000000 1.650000 118.000000 5 5 1
2013-09-27T13:00:00Z 2013-09-27T15:00:00Z 162.000000 208.000000 103.000000 31.000000 1.741667 75.000000 5 5 1
2013-09-12T23:00:00Z 2013-09-13T01:00:00Z 165.000000 197.000000 55.000000 9.000000 1.383333 60.000000 5 2 1
2013-09-12T22:00:00Z 2013-09-13T00:00:00Z 202.000000 230.000000 93.000000 14.000000 1.991667 34.000000 5 3 1
2013-09-12T21:00:00Z 2013-09-12T23:00:00Z 188.000000 233.000000 88.000000 15.000000 2.063636 38.000000 5 5 1
2013-09-12T19:00:00Z 2013-09-12T21:00:00Z 176.000000 219.000000 68.000000 29.000000 1.983333 71.000000 5 5 1
2013-09-12T17:00:00Z 2013-09-12T19:00:00Z 161.000000 198.000000 69.000000 51.000000 1.783333 107.000000 5 5 1
2013-09-12T16:00:00Z 2013-09-12T18:00:00Z 156.000000 188.000000 67.000000 51.000000 1.700000 112.000000 5 5 1
2013-09-12T15:00:00Z 2013-09-12T17:00:00Z 155.000000 190.000000 58.000000 49.000000 1.645455 119.000000 5 5 1
2013-09-12T12:00:00Z 2013-09-12T14:00:00Z 154.000000 177.000000 65.000000 37.000000 1.783333 98.000000 5 4 1
2013-09-12T11:00:00Z 2013-09-12T13:00:00Z 160.000000 201.000000 72.000000 27.000000 1.958333 50.000000 5 4 1
2013-09-12T10:00:00Z 2013-09-12T12:00:00Z 153.000000 200.000000 87.000000 20.000000 1.972727 25.000000 5 5 1
2013-09-08T19:00:00Z 2013-09-08T21:00:00Z 156.000000 195.000000 42.000000 23.000000 2.972727 89.000000 5 3 1
2013-08-17T00:00:00Z 2013-08-17T02:00:00Z 151.000000 202.000000 61.000000 5.000000 1.533333 19.000000 5 4 1
2013-08-16T23:00:00Z 2013-08-17T01:00:00Z 151.000000 178.000000 63.000000 5.000000 1.591667 7.000000 5 4 1
2013-08-16T22:00:00Z 2013-08-17T00:00:00Z 162.000000 209.000000 75.000000 5.000000 1.508333 9.000000 5 5 1
2013-08-16T16:00:00Z 2013-08-16T18:00:00Z 166.000000 199.000000 51.000000 5.000000 1.383333 109.000000 5 5 1
2013-08-16T15:00:00Z 2013-08-16T17:00:00Z 157.000000 198.000000 52.000000 4.000000 1.436364 124.000000 5 5 1
2013-08-16T14:00:00Z 2013-08-16T16:00:00Z 154.000000 186.000000 51.000000 5.000000 1.370000 116.000000 5 5 1
2013-08-16T00:00:00Z 2013-08-16T02:00:00Z 166.000000 182.000000 30.000000 4.000000 1.391667 68.000000 5 2 1
2013-08-15T23:00:00Z 2013-08-16T01:00:00Z 162.000000 183.000000 29.000000 4.000000 1.391667 80.000000 5 4 1
2013-08-15T22:00:00Z 2013-08-16T00:00:00Z 179.000000 198.000000 32.000000 5.000000 1.391667 85.000000 5 5 1
2013-08-15T21:00:00Z 2013-08-15T23:00:00Z 172.000000 199.000000 32.000000 5.000000 1.375000 107.000000 5 5 1
2013-08-15T20:00:00Z 2013-08-15T22:00:00Z 160.000000 183.000000 31.000000 5.000000 1.375000 122.000000 5 5 1
2013-08-04T19:00:00Z 2013-08-04T21:00:00Z 156.000000 205.000000 20.000000 7.000000 1.355556 171.000000 5 1 0
2013-07-30T13:00:00Z 2013-07-30T15:00:00Z 166.000000 172.000000 48.000000 8.000000 1.211111 245.000000 5 3 1
2013-07-30T12:00:00Z 2013-07-30T14:00:00Z 169.000000 206.000000 57.000000 8.000000 1.311111 190.000000 5 4 1
2013-07-30T11:00:00Z 2013-07-30T13:00:00Z 165.000000 173.000000 46.000000 8.000000 1.333333 140.000000 5 5 1
2013-07-30T10:00:00Z 2013-07-30T12:00:00Z 158.000000 168.000000 47.000000 8.000000 1.333333 89.000000 5 5 1
2013-07-19T13:00:00Z 2013-07-19T15:00:00Z 158.000000 157.000000 43.000000 8.000000 1.211111 149.000000 5 3 1
2013-07-19T11:00:00Z 2013-07-19T13:00:00Z 180.000000 205.000000 54.000000 7.000000 1.355556 71.000000 5 5 1
2013-07-19T08:00:00Z 2013-07-19T10:00:00Z 175.000000 210.000000 44.000000 6.000000 1.410000 19.000000 5 5 1
2013-07-19T04:00:00Z 2013-07-19T06:00:00Z 151.000000 167.000000 28.000000 8.000000 1.160000 30.000000 5 5 1
2013-07-18T17:00:00Z 2013-07-18T19:00:00Z 164.000000 171.000000 30.000000 13.000000 1.970000 118.000000 5 4 1
2013-07-18T16:00:00Z 2013-07-18T18:00:00Z 173.000000 172.000000 30.000000 15.000000 2.120000 121.000000 5 4 1
2013-07-18T11:00:00Z 2013-07-18T13:00:00Z 177.000000 162.000000 34.000000 12.000000 1.900000 75.000000 5 5 1
2013-07-18T09:00:00Z 2013-07-18T11:00:00Z 171.000000 211.000000 38.000000 8.000000 1.650000 50.000000 5 5 1
2013-07-18T08:00:00Z 2013-07-18T10:00:00Z 164.000000 192.000000 31.000000 8.000000 1.411111 54.000000 5 5 1
2013-07-18T07:00:00Z 2013-07-18T09:00:00Z 163.000000 175.000000 22.000000 8.000000 1.355556 57.000000 5 5 1
2013-07-18T06:00:00Z 2013-07-18T08:00:00Z 161.000000 169.000000 21.000000 8.000000 1.355556 59.000000 5 5 1
2013-07-18T05:00:00Z 2013-07-18T07:00:00Z 156.000000 150.000000 22.000000 7.000000 1.377778 62.000000 5 5 1
2013-06-30T09:00:00Z 2013-06-30T11:00:00Z 246.000000 242.000000 62.000000 12.000000 3.219700 7.000000 5 6 1
2013-06-30T08:00:00Z 2013-06-30T10:00:00Z 217.000000 213.000000 56.000000 12.000000 3.149800 4.000000 5 6 1
2013-06-30T07:00:00Z 2013-06-30T09:00:00Z 185.000000 170.000000 51.000000 14.000000 3.066333 5.000000 5 5 1
2013-06-30T06:00:00Z 2013-06-30T08:00:00Z 172.000000 150.000000 51.000000 13.000000 2.929700 3.000000 5 5 1
2013-06-30T05:00:00Z 2013-06-30T07:00:00Z 168.000000 180.000000 49.000000 13.000000 2.839400 5.000000 5 5 1
2013-06-30T04:00:00Z 2013-06-30T06:00:00Z 168.000000 170.000000 54.000000 9.000000 2.699500 6.000000 5 5 1
2013-06-30T03:00:00Z 2013-06-30T05:00:00Z 166.000000 146.000000 54.000000 8.000000 2.599667 6.000000 5 5 1
2013-06-30T02:00:00Z 2013-06-30T04:00:00Z 168.000000 148.000000 57.000000 6.000000 2.499500 4.000000 5 5 1
2013-06-30T01:00:00Z 2013-06-30T03:00:00Z 166.000000 162.000000 57.000000 8.000000 2.399700 7.000000 5 5 1
2013-06-30T00:00:00Z 2013-06-30T02:00:00Z 164.000000 174.000000 60.000000 7.000000 2.399700 9.000000 5 5 1
2013-06-29T23:00:00Z 2013-06-30T01:00:00Z 164.000000 175.000000 67.000000 7.000000 2.399600 7.000000 5 5 1
2013-06-29T22:00:00Z 2013-06-30T00:00:00Z 158.000000 180.000000 57.000000 7.000000 2.309900 13.000000 5 5 1
2013-06-28T04:00:00Z 2013-06-28T06:00:00Z 240.000000 139.000000 35.000000 10.000000 1.266556 63.000000 5 6 1
2013-06-28T03:00:00Z 2013-06-28T05:00:00Z 220.000000 195.000000 38.000000 9.000000 1.424750 57.000000 5 6 1
2013-06-28T02:00:00Z 2013-06-28T04:00:00Z 196.000000 223.000000 52.000000 10.000000 1.444333 53.000000 5 5 1
2013-06-27T10:00:00Z 2013-06-27T12:00:00Z 169.000000 109.000000 45.000000 24.000000 1.733333 97.000000 5 2 1
2013-06-26T23:00:00Z 2013-06-27T01:00:00Z 153.000000 175.000000 38.000000 6.000000 1.166556 107.000000 5 4 1
2013-06-26T13:00:00Z 2013-06-26T15:00:00Z 198.000000 194.000000 34.000000 5.000000 1.811111 177.000000 5 5 1
2013-06-26T12:00:00Z 2013-06-26T14:00:00Z 189.000000 187.000000 34.000000 5.000000 1.833111 130.000000 5 5 1
2013-06-26T11:00:00Z 2013-06-26T13:00:00Z 186.000000 174.000000 31.000000 5.000000 1.874875 94.000000 5 5 1
2013-06-26T10:00:00Z 2013-06-26T12:00:00Z 181.000000 185.000000 34.000000 5.000000 1.922111 58.000000 5 5 1
2013-06-26T09:00:00Z 2013-06-26T11:00:00Z 165.000000 154.000000 41.000000 5.000000 2.010778 24.000000 5 5 1
2013-06-26T08:00:00Z 2013-06-26T10:00:00Z 153.000000 96.000000 44.000000 4.000000 2.099778 11.000000 5 5 1
2013-06-25T19:00:00Z 2013-06-25T21:00:00Z 163.000000 157.000000 65.000000 7.000000 3.166000 18.000000 5 4 1
2013-06-25T18:00:00Z 2013-06-25T20:00:00Z 173.000000 199.000000 54.000000 9.000000 3.255222 26.000000 5 4 1
2013-06-25T17:00:00Z 2013-06-25T19:00:00Z 158.000000 184.000000 49.000000 12.000000 3.066444 46.000000 5 5 1
2013-06-25T16:00:00Z 2013-06-25T18:00:00Z 156.000000 171.000000 48.000000 14.000000 2.932889 58.000000 5 5 1
2013-06-25T15:00:00Z 2013-06-25T17:00:00Z 154.000000 173.000000 42.000000 12.000000 2.644111 61.000000 5 5 1
2013-06-24T15:00:00Z 2013-06-24T17:00:00Z 152.000000 195.000000 23.000000 10.000000 1.533111 206.000000 5 4 1
2013-06-24T12:00:00Z 2013-06-24T14:00:00Z 158.000000 144.000000 28.000000 9.000000 1.539800 160.000000 5 4 1
2013-06-24T11:00:00Z 2013-06-24T13:00:00Z 166.000000 157.000000 32.000000 8.000000 1.589700 123.000000 5 4 1
2013-06-24T10:00:00Z 2013-06-24T12:00:00Z 171.000000 198.000000 42.000000 8.000000 1.622000 89.000000 5 5 1
2013-06-24T09:00:00Z 2013-06-24T11:00:00Z 191.000000 224.000000 50.000000 7.000000 1.733000 62.000000 5 5 1
2013-06-24T08:00:00Z 2013-06-24T10:00:00Z 154.000000 208.000000 43.000000 7.000000 1.669800 53.000000 5 5 1
2013-06-17T00:00:00Z 2013-06-17T02:00:00Z 171.000000 237.000000 33.000000 10.000000 1.829700 43.000000 5 2 1
2013-06-16T23:00:00Z 2013-06-17T01:00:00Z 191.000000 209.000000 41.000000 11.000000 1.999700 38.000000 5 4 1
2013-06-16T22:00:00Z 2013-06-17T00:00:00Z 193.000000 205.000000 55.000000 13.000000 2.219500 31.000000 5 5 1
2013-06-16T21:00:00Z 2013-06-16T23:00:00Z 196.000000 199.000000 62.000000 16.000000 2.499600 28.000000 5 5 1
2013-06-16T20:00:00Z 2013-06-16T22:00:00Z 196.000000 200.000000 63.000000 17.000000 2.559700 26.000000 5 5 1
2013-06-16T19:00:00Z 2013-06-16T21:00:00Z 196.000000 218.000000 61.000000 17.000000 2.517909 33.000000 5 5 1
2013-06-16T18:00:00Z 2013-06-16T20:00:00Z 194.000000 210.000000 65.000000 15.000000 2.490636 35.000000 5 5 1
2013-06-16T17:00:00Z 2013-06-16T19:00:00Z 178.000000 178.000000 74.000000 13.000000 2.419500 26.000000 5 5 1
2013-06-16T16:00:00Z 2013-06-16T18:00:00Z 182.000000 191.000000 73.000000 12.000000 2.439600 26.000000 5 5 1
2013-06-16T15:00:00Z 2013-06-16T17:00:00Z 179.000000 177.000000 75.000000 12.000000 2.481455 30.000000 5 5 1
2013-06-16T14:00:00Z 2013-06-16T16:00:00Z 170.000000 162.000000 73.000000 11.000000 2.381545 31.000000 5 5 1
2013-06-16T13:00:00Z 2013-06-16T15:00:00Z 177.000000 208.000000 75.000000 17.000000 2.445273 32.000000 5 5 1
2013-06-16T12:00:00Z 2013-06-16T14:00:00Z 172.000000 203.000000 75.000000 21.000000 2.369900 31.000000 5 5 1
2013-06-16T11:00:00Z 2013-06-16T13:00:00Z 168.000000 206.000000 74.000000 27.000000 2.159900 35.000000 5 5 1
2013-06-16T10:00:00Z 2013-06-16T12:00:00Z 160.000000 195.000000 70.000000 27.000000 1.959700 41.000000 5 5 1
2013-06-16T09:00:00Z 2013-06-16T11:00:00Z 156.000000 193.000000 61.000000 26.000000 1.718091 53.000000 5 5 1
2013-06-16T00:00:00Z 2013-06-16T02:00:00Z 152.000000 179.000000 64.000000 43.000000 1.499600 134.000000 5 4 1
2013-06-15T23:00:00Z 2013-06-16T01:00:00Z 154.000000 189.000000 63.000000 41.000000 1.645091 157.000000 5 4 1
2013-06-15T22:00:00Z 2013-06-16T00:00:00Z 183.000000 204.000000 64.000000 35.000000 1.849700 167.000000 5 5 1
2013-06-15T21:00:00Z 2013-06-15T23:00:00Z 211.000000 274.000000 70.000000 27.000000 2.029800 187.000000 5 5 1
2013-06-15T20:00:00Z 2013-06-15T22:00:00Z 182.000000 249.000000 58.000000 26.000000 1.790727 217.000000 5 5 1
2013-06-15T19:00:00Z 2013-06-15T21:00:00Z 164.000000 228.000000 58.000000 30.000000 1.708818 242.000000 5 5 1
2013-06-15T18:00:00Z 2013-06-15T20:00:00Z 154.000000 215.000000 50.000000 35.000000 1.581636 267.000000 5 5 1
2013-06-15T16:00:00Z 2013-06-15T18:00:00Z 157.000000 211.000000 46.000000 47.000000 1.681636 271.000000 5 5 1
2013-06-15T15:00:00Z 2013-06-15T17:00:00Z 155.000000 220.000000 58.000000 56.000000 1.918182 239.000000 5 4 1
2013-06-14T12:00:00Z 2013-06-14T14:00:00Z 155.000000 204.000000 42.000000 42.000000 1.324875 213.000000 5 4 1
2013-06-08T22:00:00Z 2013-06-09T00:00:00Z 152.000000 193.000000 56.000000 6.000000 2.681545 4.000000 5 4 1
2013-06-08T21:00:00Z 2013-06-08T23:00:00Z 159.000000 203.000000 56.000000 6.000000 2.772364 3.000000 5 4 1
2013-06-08T20:00:00Z 2013-06-08T22:00:00Z 160.000000 214.000000 57.000000 7.000000 2.732833 3.000000 5 5 1
2013-06-08T19:00:00Z 2013-06-08T21:00:00Z 184.000000 250.000000 62.000000 7.000000 2.754182 3.000000 5 5 1
2013-06-08T18:00:00Z 2013-06-08T20:00:00Z 184.000000 256.000000 64.000000 7.000000 2.581273 4.000000 5 5 1
2013-06-08T17:00:00Z 2013-06-08T19:00:00Z 174.000000 233.000000 59.000000 9.000000 2.358000 5.000000 5 5 1
2013-06-08T16:00:00Z 2013-06-08T18:00:00Z 186.000000 218.000000 59.000000 8.000000 2.418000 5.000000 5 5 1
2013-06-08T15:00:00Z 2013-06-08T17:00:00Z 202.000000 219.000000 61.000000 9.000000 2.559800 5.000000 5 5 1
2013-06-08T14:00:00Z 2013-06-08T16:00:00Z 207.000000 226.000000 59.000000 11.000000 2.666333 4.000000 5 5 1
2013-06-08T13:00:00Z 2013-06-08T15:00:00Z 218.000000 245.000000 61.000000 11.000000 2.790545 4.000000 5 5 1
2013-06-08T12:00:00Z 2013-06-08T14:00:00Z 199.000000 229.000000 61.000000 14.000000 2.882917 4.000000 5 5 1
2013-06-08T11:00:00Z 2013-06-08T13:00:00Z 190.000000 198.000000 62.000000 15.000000 2.999545 4.000000 5 5 1
2013-06-08T10:00:00Z 2013-06-08T12:00:00Z 160.000000 175.000000 61.000000 16.000000 2.945091 4.000000 5 5 1
2013-06-06T05:00:00Z 2013-06-06T07:00:00Z 159.000000 155.000000 38.000000 10.000000 1.516417 18.000000 5 4 1
2013-06-06T04:00:00Z 2013-06-06T06:00:00Z 163.000000 165.000000 41.000000 10.000000 1.574917 19.000000 5 4 1
2013-06-06T03:00:00Z 2013-06-06T05:00:00Z 151.000000 157.000000 38.000000 9.000000 1.521889 14.000000 5 5 1
2013-06-06T02:00:00Z 2013-06-06T04:00:00Z 155.000000 148.000000 38.000000 8.000000 1.624917 15.000000 5 5 1
2013-06-06T01:00:00Z 2013-06-06T03:00:00Z 159.000000 163.000000 45.000000 10.000000 1.863455 16.000000 5 5 1
2013-06-06T00:00:00Z 2013-06-06T02:00:00Z 165.000000 163.000000 42.000000 10.000000 1.974667 14.000000 5 5 1
2013-06-05T23:00:00Z 2013-06-06T01:00:00Z 168.000000 154.000000 46.000000 10.000000 2.058250 11.000000 5 5 0
2013-06-05T22:00:00Z 2013-06-06T00:00:00Z 166.000000 178.000000 50.000000 10.000000 2.083167 10.000000 5 5 0
2013-06-05T21:00:00Z 2013-06-05T23:00:00Z 180.000000 197.000000 53.000000 9.000000 2.158000 8.000000 5 5 0
2013-06-05T20:00:00Z 2013-06-05T22:00:00Z 191.000000 222.000000 59.000000 10.000000 2.324333 6.000000 5 5 0
2013-06-05T19:00:00Z 2013-06-05T21:00:00Z 181.000000 196.000000 59.000000 9.000000 2.283167 6.000000 5 5 0
2013-06-05T18:00:00Z 2013-06-05T20:00:00Z 168.000000 174.000000 54.000000 7.000000 1.974500 9.000000 5 5 0
2013-06-05T17:00:00Z 2013-06-05T19:00:00Z 161.000000 157.000000 48.000000 6.000000 1.732917 15.000000 5 5 0
2013-06-05T16:00:00Z 2013-06-05T18:00:00Z 169.000000 163.000000 45.000000 6.000000 1.699750 21.000000 5 5 0
2013-06-05T15:00:00Z 2013-06-05T17:00:00Z 166.000000 168.000000 43.000000 7.000000 1.816500 26.000000 5 5 0
2013-06-05T14:00:00Z 2013-06-05T16:00:00Z 163.000000 167.000000 40.000000 7.000000 1.958083 29.000000 5 5 0
2013-06-04T11:00:00Z 2013-06-04T13:00:00Z 155.000000 165.000000 49.000000 45.000000 2.472273 89.000000 5 4 0
2013-06-04T10:00:00Z 2013-06-04T12:00:00Z 161.000000 169.000000 49.000000 47.000000 2.407917 100.000000 5 4 0
2013-06-04T09:00:00Z 2013-06-04T11:00:00Z 168.000000 174.000000 46.000000 49.000000 2.333000 112.000000 5 5 0
2013-06-04T08:00:00Z 2013-06-04T10:00:00Z 181.000000 201.000000 46.000000 51.000000 2.457917 116.000000 5 5 0
2013-06-04T07:00:00Z 2013-06-04T09:00:00Z 181.000000 215.000000 41.000000 45.000000 2.383000 123.000000 5 5 0
2013-06-04T06:00:00Z 2013-06-04T08:00:00Z 179.000000 232.000000 40.000000 32.000000 2.016500 118.000000 5 5 0
2013-06-04T05:00:00Z 2013-06-04T07:00:00Z 177.000000 247.000000 38.000000 24.000000 1.772636 89.000000 5 5 0
2013-06-03T10:00:00Z 2013-06-03T12:00:00Z 165.000000 167.000000 43.000000 35.000000 1.608083 122.000000 5 3 0
2013-06-03T09:00:00Z 2013-06-03T11:00:00Z 180.000000 189.000000 52.000000 36.000000 1.808333 85.000000 5 4 0
2013-06-03T08:00:00Z 2013-06-03T10:00:00Z 184.000000 214.000000 66.000000 30.000000 1.949583 45.000000 5 5 0
2013-06-03T07:00:00Z 2013-06-03T09:00:00Z 171.000000 180.000000 61.000000 17.000000 1.899833 31.000000 5 5 0
2013-06-03T06:00:00Z 2013-06-03T08:00:00Z 164.000000 169.000000 53.000000 11.000000 1.849583 28.000000 5 5 0
2013-06-03T05:00:00Z 2013-06-03T07:00:00Z 158.000000 157.000000 53.000000 12.000000 1.745455 24.000000 5 5 0
2013-06-03T04:00:00Z 2013-06-03T06:00:00Z 170.000000 181.000000 55.000000 14.000000 1.741417 29.000000 5 5 0
2013-06-03T03:00:00Z 2013-06-03T05:00:00Z 166.000000 166.000000 53.000000 16.000000 1.754364 37.000000 5 5 0
2013-06-03T02:00:00Z 2013-06-03T04:00:00Z 160.000000 147.000000 43.000000 20.000000 1.666333 57.000000 5 5 0
2013-06-03T01:00:00Z 2013-06-03T03:00:00Z 159.000000 154.000000 46.000000 20.000000 1.616333 61.000000 5 5 0
2013-06-02T22:00:00Z 2013-06-03T00:00:00Z 153.000000 133.000000 48.000000 34.000000 1.699750 87.000000 5 4 0
2013-06-02T21:00:00Z 2013-06-02T23:00:00Z 151.000000 168.000000 51.000000 38.000000 1.808000 100.000000 5 4 0
2013-06-02T20:00:00Z 2013-06-02T22:00:00Z 152.000000 178.000000 51.000000 40.000000 1.816417 116.000000 5 5 0
2013-06-02T19:00:00Z 2013-06-02T21:00:00Z 156.000000 174.000000 50.000000 45.000000 1.741500 131.000000 5 5 0
2013-06-02T18:00:00Z 2013-06-02T20:00:00Z 168.000000 196.000000 48.000000 48.000000 1.766417 140.000000 5 5 0
2013-06-02T17:00:00Z 2013-06-02T19:00:00Z 180.000000 246.000000 48.000000 42.000000 1.983083 128.000000 5 5 0
2013-06-02T16:00:00Z 2013-06-02T18:00:00Z 212.000000 258.000000 47.000000 43.000000 2.224750 126.000000 5 5 0
2013-06-02T15:00:00Z 2013-06-02T17:00:00Z 238.000000 285.000000 48.000000 47.000000 2.549583 122.000000 5 5 0
2013-06-02T14:00:00Z 2013-06-02T16:00:00Z 250.000000 285.000000 52.000000 54.000000 2.827182 106.000000 5 5 0
2013-06-02T13:00:00Z 2013-06-02T15:00:00Z 248.000000 289.000000 57.000000 43.000000 2.874417 84.000000 5 5 0
2013-06-02T12:00:00Z 2013-06-02T14:00:00Z 246.000000 279.000000 60.000000 54.000000 2.874583 69.000000 5 5 0
2013-06-02T11:00:00Z 2013-06-02T13:00:00Z 242.000000 279.000000 62.000000 53.000000 2.782833 59.000000 5 5 0
2013-06-02T10:00:00Z 2013-06-02T12:00:00Z 220.000000 264.000000 60.000000 52.000000 2.582833 58.000000 5 5 0
2013-06-02T09:00:00Z 2013-06-02T11:00:00Z 209.000000 259.000000 53.000000 56.000000 2.408250 60.000000 5 5 0
2013-06-02T08:00:00Z 2013-06-02T10:00:00Z 180.000000 221.000000 56.000000 43.000000 2.074667 47.000000 5 5 0
2013-05-24T08:00:00Z 2013-05-24T10:00:00Z 178.000000 249.000000 91.000000 39.000000 2.491417 49.000000 5 2 1
2013-05-24T07:00:00Z 2013-05-24T09:00:00Z 183.000000 261.000000 86.000000 28.000000 2.332833 30.000000 5 4 1
2013-05-24T06:00:00Z 2013-05-24T08:00:00Z 170.000000 241.000000 92.000000 21.000000 2.299500 26.000000 5 5 1
2013-05-24T05:00:00Z 2013-05-24T07:00:00Z 162.000000 241.000000 98.000000 20.000000 2.433000 27.000000 5 5 1
2013-05-24T04:00:00Z 2013-05-24T06:00:00Z 165.000000 242.000000 103.000000 21.000000 2.191417 34.000000 5 5 1
2013-05-24T03:00:00Z 2013-05-24T05:00:00Z 166.000000 235.000000 87.000000 23.000000 2.483333 47.000000 5 5 1
2013-05-24T02:00:00Z 2013-05-24T04:00:00Z 159.000000 231.000000 95.000000 23.000000 2.232917 38.000000 5 5 1
