2014-05-22T11:00:00Z 2014-05-22T13:00:00Z 283.000000 351.000000 78.000000 110.000000 2.790000 150.000000 6 5 1
2014-05-22T09:00:00Z 2014-05-22T11:00:00Z 262.000000 347.000000 85.000000 86.000000 2.518182 57.000000 6 6 1
2014-04-14T14:00:00Z 2014-04-14T16:00:00Z 261.000000 284.000000 73.000000 45.000000 1.890909 195.000000 6 5 1
2014-04-14T13:00:00Z 2014-04-14T15:00:00Z 278.000000 309.000000 82.000000 51.000000 2.100000 159.000000 6 5 1
2014-04-14T12:00:00Z 2014-04-14T14:00:00Z 275.000000 312.000000 88.000000 56.000000 2.190909 120.000000 6 6 1
2014-04-14T11:00:00Z 2014-04-14T13:00:00Z 262.000000 296.000000 81.000000 56.000000 2.209091 86.000000 6 6 1
2014-04-14T10:00:00Z 2014-04-14T12:00:00Z 273.000000 306.000000 86.000000 52.000000 2.136364 53.000000 6 6 1
2014-04-14T09:00:00Z 2014-04-14T11:00:00Z 258.000000 291.000000 88.000000 42.000000 2.072727 29.000000 6 6 1
2014-03-27T12:00:00Z 2014-03-27T14:00:00Z 335.000000 394.000000 118.000000 56.000000 4.250000 10.000000 6 5 1
2014-03-27T10:00:00Z 2014-03-27T12:00:00Z 327.000000 385.000000 115.000000 40.000000 2.658333 11.000000 6 6 1
2014-03-27T08:00:00Z 2014-03-27T10:00:00Z 319.000000 363.000000 117.000000 23.000000 2.300000 11.000000 6 6 1
2014-03-27T07:00:00Z 2014-03-27T09:00:00Z 317.000000 349.000000 116.000000 20.000000 2.191667 15.000000 6 6 1
2014-03-27T06:00:00Z 2014-03-27T08:00:00Z 317.000000 342.000000 114.000000 19.000000 2.150000 21.000000 6 6 1
2014-03-27T05:00:00Z 2014-03-27T07:00:00Z 323.000000 353.000000 130.000000 20.000000 2.225000 19.000000 6 6 1
2014-03-27T04:00:00Z 2014-03-27T06:00:00Z 333.000000 367.000000 123.000000 22.000000 2.266667 21.000000 6 6 1
2014-03-27T03:00:00Z 2014-03-27T05:00:00Z 351.000000 402.000000 126.000000 25.000000 2.341667 27.000000 6 6 1
2014-03-27T02:00:00Z 2014-03-27T04:00:00Z 357.000000 415.000000 135.000000 27.000000 2.633333 26.000000 6 6 1
2014-03-27T01:00:00Z 2014-03-27T03:00:00Z 369.000000 423.000000 139.000000 30.000000 2.725000 29.000000 6 6 1
2014-03-27T00:00:00Z 2014-03-27T02:00:00Z 358.000000 417.000000 139.000000 32.000000 2.808333 32.000000 6 6 1
2014-03-26T23:00:00Z 2014-03-27T01:00:00Z 353.000000 400.000000 141.000000 35.000000 2.766667 30.000000 6 6 1
2014-03-26T22:00:00Z 2014-03-27T00:00:00Z 347.000000 402.000000 138.000000 40.000000 2.475000 41.000000 6 6 1
2014-03-26T21:00:00Z 2014-03-26T23:00:00Z 360.000000 420.000000 133.000000 47.000000 2.408333 51.000000 6 6 1
2014-03-26T20:00:00Z 2014-03-26T22:00:00Z 336.000000 392.000000 115.000000 54.000000 2.216667 79.000000 6 6 1
2014-03-26T19:00:00Z 2014-03-26T21:00:00Z 326.000000 382.000000 103.000000 64.000000 2.075000 118.000000 6 6 1
2014-03-26T18:00:00Z 2014-03-26T20:00:00Z 307.000000 362.000000 81.000000 72.000000 1.925000 161.000000 6 6 1
2014-03-26T17:00:00Z 2014-03-26T19:00:00Z 283.000000 333.000000 71.000000 73.000000 1.858333 182.000000 6 6 1
2014-03-26T16:00:00Z 2014-03-26T18:00:00Z 266.000000 311.000000 71.000000 67.000000 1.558333 181.000000 6 6 1
2014-03-26T15:00:00Z 2014-03-26T17:00:00Z 286.000000 314.000000 97.000000 61.000000 1.708333 160.000000 6 6 1
2014-03-26T13:00:00Z 2014-03-26T15:00:00Z 290.000000 336.000000 109.000000 64.000000 1.925000 97.000000 6 6 1
2014-03-26T11:00:00Z 2014-03-26T13:00:00Z 296.000000 333.000000 121.000000 61.000000 2.083333 45.000000 6 6 1
2014-03-26T10:00:00Z 2014-03-26T12:00:00Z 284.000000 333.000000 125.000000 52.000000 2.091667 27.000000 6 6 1
2014-03-26T09:00:00Z 2014-03-26T11:00:00Z 258.000000 321.000000 123.000000 39.000000 2.091667 17.000000 6 6 1
2014-03-03T16:00:00Z 2014-03-03T18:00:00Z 261.000000 296.000000 112.000000 109.000000 4.683333 7.000000 6 5 0
2014-03-03T15:00:00Z 2014-03-03T17:00:00Z 265.000000 306.000000 114.000000 113.000000 4.891667 7.000000 6 5 0
2014-03-03T14:00:00Z 2014-03-03T16:00:00Z 256.000000 295.000000 112.000000 119.000000 4.783333 8.000000 6 6 0
2014-02-26T18:00:00Z 2014-02-26T20:00:00Z 298.000000 426.000000 100.000000 85.000000 3.141667 17.000000 6 4 1
2014-02-26T11:00:00Z 2014-02-26T13:00:00Z 486.000000 542.000000 153.000000 129.000000 5.627273 10.000000 6 6 1
2014-02-26T10:00:00Z 2014-02-26T12:00:00Z 473.000000 532.000000 146.000000 118.000000 5.509091 9.000000 6 6 1
2014-02-26T09:00:00Z 2014-02-26T11:00:00Z 450.000000 490.000000 134.000000 93.000000 5.345455 8.000000 6 6 1
2014-02-26T08:00:00Z 2014-02-26T10:00:00Z 443.000000 467.000000 134.000000 72.000000 5.463636 8.000000 6 6 1
2014-02-25T10:00:00Z 2014-02-25T12:00:00Z 333.000000 364.000000 106.000000 98.000000 4.318182 9.000000 6 6 1
2014-02-25T09:00:00Z 2014-02-25T11:00:00Z 340.000000 367.000000 104.000000 84.000000 4.345455 8.000000 6 6 1
2014-02-25T08:00:00Z 2014-02-25T10:00:00Z 345.000000 366.000000 107.000000 77.000000 4.940000 8.000000 6 6 1
2014-02-25T07:00:00Z 2014-02-25T09:00:00Z 361.000000 395.000000 117.000000 73.000000 5.590909 8.000000 6 6 1
2014-02-25T06:00:00Z 2014-02-25T08:00:00Z 364.000000 403.000000 115.000000 68.000000 5.736364 8.000000 6 6 1
2014-02-25T05:00:00Z 2014-02-25T07:00:00Z 363.000000 382.000000 126.000000 67.000000 5.758333 8.000000 6 6 1
2014-02-25T04:00:00Z 2014-02-25T06:00:00Z 366.000000 398.000000 123.000000 65.000000 5.808333 7.000000 6 6 1
2014-02-25T03:00:00Z 2014-02-25T05:00:00Z 354.000000 383.000000 122.000000 71.000000 5.677778 8.000000 6 6 1
2014-02-25T02:00:00Z 2014-02-25T04:00:00Z 354.000000 382.000000 122.000000 69.000000 5.772727 8.000000 6 6 1
2014-02-25T01:00:00Z 2014-02-25T03:00:00Z 349.000000 369.000000 120.000000 62.000000 5.636364 8.000000 6 6 1
2014-02-25T00:00:00Z 2014-02-25T02:00:00Z 344.000000 355.000000 120.000000 62.000000 5.181818 7.000000 6 6 1
2014-02-24T23:00:00Z 2014-02-25T01:00:00Z 349.000000 350.000000 122.000000 67.000000 4.550000 7.000000 6 6 1
2014-02-24T18:00:00Z 2014-02-24T20:00:00Z 344.000000 412.000000 148.000000 105.000000 4.666667 18.000000 6 6 1
2014-02-24T16:00:00Z 2014-02-24T18:00:00Z 277.000000 386.000000 141.000000 127.000000 4.525000 25.000000 6 6 1
2014-02-24T15:00:00Z 2014-02-24T17:00:00Z 257.000000 336.000000 136.000000 132.000000 4.391667 22.000000 6 6 1
2014-02-22T13:00:00Z 2014-02-22T15:00:00Z 264.000000 284.000000 90.000000 128.000000 3.025000 19.000000 6 6 1
2014-02-22T12:00:00Z 2014-02-22T14:00:00Z 266.000000 283.000000 92.000000 121.000000 3.000000 16.000000 6 6 1
2014-02-22T11:00:00Z 2014-02-22T13:00:00Z 269.000000 291.000000 91.000000 105.000000 2.758333 12.000000 6 6 1
2014-02-22T10:00:00Z 2014-02-22T12:00:00Z 256.000000 291.000000 95.000000 103.000000 3.109091 9.000000 6 6 1
2014-02-22T09:00:00Z 2014-02-22T11:00:00Z 256.000000 293.000000 96.000000 97.000000 3.018182 8.000000 6 6 1
2014-02-22T08:00:00Z 2014-02-22T10:00:00Z 257.000000 283.000000 97.000000 92.000000 2.950000 7.000000 6 6 1
2014-02-22T07:00:00Z 2014-02-22T09:00:00Z 253.000000 281.000000 98.000000 90.000000 3.083333 7.000000 6 6 1
2014-02-22T06:00:00Z 2014-02-22T08:00:00Z 261.000000 310.000000 96.000000 85.000000 3.183333 9.000000 6 6 1
2014-02-22T05:00:00Z 2014-02-22T07:00:00Z 266.000000 329.000000 102.000000 87.000000 3.250000 9.000000 6 6 1
2014-02-22T04:00:00Z 2014-02-22T06:00:00Z 269.000000 315.000000 92.000000 87.000000 3.058333 12.000000 6 6 1
2014-02-22T03:00:00Z 2014-02-22T05:00:00Z 277.000000 324.000000 93.000000 79.000000 2.970000 13.000000 6 6 1
2014-02-22T02:00:00Z 2014-02-22T04:00:00Z 289.000000 327.000000 101.000000 75.000000 3.541667 10.000000 6 6 1
2014-02-22T01:00:00Z 2014-02-22T03:00:00Z 291.000000 324.000000 107.000000 76.000000 3.891667 10.000000 6 6 1
2014-02-22T00:00:00Z 2014-02-22T02:00:00Z 272.000000 314.000000 108.000000 66.000000 3.491667 10.000000 6 6 1
2014-02-21T23:00:00Z 2014-02-22T01:00:00Z 272.000000 296.000000 106.000000 64.000000 3.250000 12.000000 6 6 1
2014-02-21T22:00:00Z 2014-02-22T00:00:00Z 268.000000 286.000000 109.000000 68.000000 3.116667 11.000000 6 6 1
2014-02-21T20:00:00Z 2014-02-21T22:00:00Z 267.000000 305.000000 118.000000 68.000000 2.966667 9.000000 6 6 1
2014-02-21T18:00:00Z 2014-02-21T20:00:00Z 257.000000 283.000000 108.000000 75.000000 2.491667 22.000000 6 6 1
2014-02-21T16:00:00Z 2014-02-21T18:00:00Z 253.000000 290.000000 93.000000 88.000000 2.366667 36.000000 6 6 1
2014-02-16T21:00:00Z 2014-02-16T23:00:00Z 277.000000 314.000000 109.000000 80.000000 3.270000 8.000000 6 5 1
2014-02-16T19:00:00Z 2014-02-16T21:00:00Z 279.000000 327.000000 108.000000 93.000000 3.560000 25.000000 6 6 1
2014-02-16T09:00:00Z 2014-02-16T11:00:00Z 327.000000 352.000000 83.000000 89.000000 3.700000 13.000000 6 6 1
2014-02-16T07:00:00Z 2014-02-16T09:00:00Z 353.000000 390.000000 84.000000 85.000000 3.525000 11.000000 6 6 1
2014-02-16T06:00:00Z 2014-02-16T08:00:00Z 381.000000 409.000000 89.000000 90.000000 3.825000 11.000000 6 6 1
2014-02-16T05:00:00Z 2014-02-16T07:00:00Z 403.000000 450.000000 121.000000 79.000000 4.025000 11.000000 6 6 1
2014-02-16T04:00:00Z 2014-02-16T06:00:00Z 414.000000 446.000000 97.000000 90.000000 3.708333 9.000000 6 6 1
2014-02-16T03:00:00Z 2014-02-16T05:00:00Z 423.000000 464.000000 95.000000 82.000000 4.100000 6.000000 6 6 1
2014-02-16T02:00:00Z 2014-02-16T04:00:00Z 433.000000 477.000000 103.000000 82.000000 4.633333 7.000000 6 6 1
2014-02-16T01:00:00Z 2014-02-16T03:00:00Z 443.000000 493.000000 109.000000 89.000000 4.741667 8.000000 6 6 1
2014-02-16T00:00:00Z 2014-02-16T02:00:00Z 455.000000 527.000000 129.000000 97.000000 4.933333 8.000000 6 6 1
2014-02-15T23:00:00Z 2014-02-16T01:00:00Z 452.000000 515.000000 129.000000 94.000000 4.800000 9.000000 6 6 1
2014-02-15T22:00:00Z 2014-02-16T00:00:00Z 457.000000 502.000000 133.000000 82.000000 4.800000 9.000000 6 6 1
2014-02-15T21:00:00Z 2014-02-15T23:00:00Z 449.000000 520.000000 134.000000 75.000000 4.175000 8.000000 6 6 1
2014-02-15T20:00:00Z 2014-02-15T22:00:00Z 454.000000 489.000000 135.000000 77.000000 3.825000 9.000000 6 6 1
2014-02-15T19:00:00Z 2014-02-15T21:00:00Z 438.000000 465.000000 128.000000 84.000000 3.566667 14.000000 6 6 1
2014-02-15T18:00:00Z 2014-02-15T20:00:00Z 436.000000 480.000000 125.000000 104.000000 3.491667 20.000000 6 6 1
2014-02-15T17:00:00Z 2014-02-15T19:00:00Z 435.000000 529.000000 125.000000 130.000000 3.458333 27.000000 6 6 1
2014-02-15T16:00:00Z 2014-02-15T18:00:00Z 441.000000 517.000000 122.000000 145.000000 3.575000 31.000000 6 6 1
2014-02-15T15:00:00Z 2014-02-15T17:00:00Z 424.000000 490.000000 116.000000 146.000000 3.508333 33.000000 6 6 1
2014-02-15T14:00:00Z 2014-02-15T16:00:00Z 401.000000 450.000000 107.000000 148.000000 3.354545 33.000000 6 6 1
2014-02-15T13:00:00Z 2014-02-15T15:00:00Z 371.000000 376.000000 101.000000 142.000000 3.283333 26.000000 6 6 1
2014-02-15T12:00:00Z 2014-02-15T14:00:00Z 344.000000 361.000000 95.000000 135.000000 3.175000 22.000000 6 6 1
2014-02-15T11:00:00Z 2014-02-15T13:00:00Z 328.000000 360.000000 94.000000 125.000000 3.250000 13.000000 6 6 1
2014-02-15T10:00:00Z 2014-02-15T12:00:00Z 320.000000 479.000000 93.000000 108.000000 3.458333 9.000000 6 6 1
2014-02-15T09:00:00Z 2014-02-15T11:00:00Z 315.000000 332.000000 94.000000 85.000000 3.725000 7.000000 6 6 1
2014-02-15T07:00:00Z 2014-02-15T09:00:00Z 314.000000 363.000000 98.000000 76.000000 3.925000 6.000000 6 6 1
2014-02-15T06:00:00Z 2014-02-15T08:00:00Z 311.000000 361.000000 98.000000 78.000000 3.700000 6.000000 6 6 1
2014-02-15T05:00:00Z 2014-02-15T07:00:00Z 328.000000 398.000000 104.000000 72.000000 3.591667 8.000000 6 6 1
2014-02-15T04:00:00Z 2014-02-15T06:00:00Z 363.000000 507.000000 100.000000 76.000000 3.533333 9.000000 6 6 1
2014-02-15T03:00:00Z 2014-02-15T05:00:00Z 394.000000 486.000000 96.000000 72.000000 3.660000 6.000000 6 6 1
2014-02-15T02:00:00Z 2014-02-15T04:00:00Z 418.000000 577.000000 99.000000 60.000000 4.266667 9.000000 6 6 1
2014-02-15T01:00:00Z 2014-02-15T03:00:00Z 440.000000 582.000000 103.000000 112.000000 4.208333 10.000000 6 6 1
2014-02-15T00:00:00Z 2014-02-15T02:00:00Z 492.000000 634.000000 115.000000 108.000000 4.441667 11.000000 6 6 1
2014-02-14T23:00:00Z 2014-02-15T01:00:00Z 509.000000 647.000000 115.000000 110.000000 3.966667 12.000000 6 6 1
2014-02-14T22:00:00Z 2014-02-15T00:00:00Z 480.000000 661.000000 118.000000 98.000000 3.816667 11.000000 6 6 1
2014-02-14T21:00:00Z 2014-02-14T23:00:00Z 417.000000 476.000000 123.000000 92.000000 3.508333 10.000000 6 6 1
2014-02-14T20:00:00Z 2014-02-14T22:00:00Z 354.000000 381.000000 125.000000 80.000000 3.166667 10.000000 6 6 1
2014-02-14T19:00:00Z 2014-02-14T21:00:00Z 306.000000 325.000000 123.000000 77.000000 2.841667 15.000000 6 6 1
2014-02-14T18:00:00Z 2014-02-14T20:00:00Z 286.000000 285.000000 118.000000 77.000000 2.641667 23.000000 6 6 1
2014-02-14T17:00:00Z 2014-02-14T19:00:00Z 268.000000 289.000000 111.000000 85.000000 2.600000 34.000000 6 6 1
2014-02-14T16:00:00Z 2014-02-14T18:00:00Z 271.000000 290.000000 104.000000 85.000000 2.591667 36.000000 6 6 1
2014-02-14T15:00:00Z 2014-02-14T17:00:00Z 258.000000 257.000000 101.000000 90.000000 2.525000 33.000000 6 6 1
2014-01-31T02:00:00Z 2014-01-31T04:00:00Z 276.000000 355.000000 45.000000 60.000000 1.316667 13.000000 6 5 1
2014-01-31T01:00:00Z 2014-01-31T03:00:00Z 311.000000 452.000000 49.000000 81.000000 1.133333 12.000000 6 5 1
2014-01-24T02:00:00Z 2014-01-24T04:00:00Z 254.000000 285.000000 124.000000 128.000000 4.625000 4.000000 6 5 1
2014-01-24T01:00:00Z 2014-01-24T03:00:00Z 257.000000 293.000000 127.000000 130.000000 4.716667 4.000000 6 5 1
2014-01-24T00:00:00Z 2014-01-24T02:00:00Z 264.000000 304.000000 130.000000 132.000000 4.833333 4.000000 6 6 1
2014-01-23T23:00:00Z 2014-01-24T01:00:00Z 270.000000 306.000000 131.000000 125.000000 4.891667 4.000000 6 6 1
2014-01-23T22:00:00Z 2014-01-24T00:00:00Z 274.000000 315.000000 132.000000 121.000000 4.966667 5.000000 6 6 1
2014-01-23T21:00:00Z 2014-01-23T23:00:00Z 271.000000 320.000000 134.000000 114.000000 4.766667 5.000000 6 6 1
2014-01-23T20:00:00Z 2014-01-23T22:00:00Z 271.000000 316.000000 133.000000 105.000000 4.600000 5.000000 6 6 1
2014-01-23T19:00:00Z 2014-01-23T21:00:00Z 256.000000 307.000000 133.000000 113.000000 4.150000 4.000000 6 6 1
2014-01-17T03:00:00Z 2014-01-17T05:00:00Z 257.000000 327.000000 84.000000 91.000000 3.766667 3.000000 6 5 1
2014-01-17T02:00:00Z 2014-01-17T04:00:00Z 276.000000 350.000000 88.000000 99.000000 4.150000 3.000000 6 5 1
2014-01-17T01:00:00Z 2014-01-17T03:00:00Z 296.000000 341.000000 94.000000 103.000000 4.391667 4.000000 6 6 1
2014-01-17T00:00:00Z 2014-01-17T02:00:00Z 316.000000 349.000000 100.000000 102.000000 4.591667 4.000000 6 6 1
2014-01-16T23:00:00Z 2014-01-17T01:00:00Z 311.000000 348.000000 103.000000 93.000000 4.341667 4.000000 6 6 1
2014-01-16T22:00:00Z 2014-01-17T00:00:00Z 333.000000 378.000000 108.000000 91.000000 4.383333 4.000000 6 6 1
2014-01-16T21:00:00Z 2014-01-16T23:00:00Z 370.000000 418.000000 119.000000 107.000000 4.825000 5.000000 6 6 1
2014-01-16T20:00:00Z 2014-01-16T22:00:00Z 352.000000 398.000000 123.000000 114.000000 4.241667 5.000000 6 6 1
2014-01-16T19:00:00Z 2014-01-16T21:00:00Z 322.000000 385.000000 125.000000 110.000000 3.566667 5.000000 6 6 1
2014-01-16T18:00:00Z 2014-01-16T20:00:00Z 267.000000 318.000000 126.000000 118.000000 3.216667 7.000000 6 6 1
2014-01-16T11:00:00Z 2014-01-16T13:00:00Z 350.000000 389.000000 130.000000 150.000000 4.575000 10.000000 6 5 1
2014-01-16T10:00:00Z 2014-01-16T12:00:00Z 356.000000 398.000000 129.000000 135.000000 4.783333 7.000000 6 6 1
2014-01-16T09:00:00Z 2014-01-16T11:00:00Z 369.000000 415.000000 127.000000 107.000000 4.925000 6.000000 6 6 1
2014-01-16T08:00:00Z 2014-01-16T10:00:00Z 365.000000 416.000000 128.000000 99.000000 4.945455 5.000000 6 6 1
2014-01-16T07:00:00Z 2014-01-16T09:00:00Z 403.000000 457.000000 133.000000 106.000000 5.341667 5.000000 6 6 1
2014-01-16T06:00:00Z 2014-01-16T08:00:00Z 435.000000 500.000000 136.000000 92.000000 5.700000 6.000000 6 6 1
2014-01-16T05:00:00Z 2014-01-16T07:00:00Z 442.000000 497.000000 136.000000 94.000000 6.183333 7.000000 6 6 1
2014-01-16T04:00:00Z 2014-01-16T06:00:00Z 420.000000 482.000000 156.000000 99.000000 6.191667 6.000000 6 6 1
2014-01-16T03:00:00Z 2014-01-16T05:00:00Z 447.000000 473.000000 139.000000 101.000000 6.300000 6.000000 6 6 1
2014-01-16T02:00:00Z 2014-01-16T04:00:00Z 479.000000 521.000000 141.000000 106.000000 6.225000 7.000000 6 6 1
2014-01-16T01:00:00Z 2014-01-16T03:00:00Z 481.000000 531.000000 148.000000 135.000000 5.875000 7.000000 6 6 1
2014-01-16T00:00:00Z 2014-01-16T02:00:00Z 466.000000 492.000000 152.000000 139.000000 5.683333 7.000000 6 6 1
2014-01-15T23:00:00Z 2014-01-16T01:00:00Z 437.000000 470.000000 150.000000 136.000000 5.341667 7.000000 6 6 1
2013-12-25T13:00:00Z 2013-12-25T15:00:00Z 267.000000 295.000000 146.000000 126.000000 4.572727 14.000000 6 4 1
2013-12-25T12:00:00Z 2013-12-25T14:00:00Z 277.000000 293.000000 150.000000 134.000000 5.016667 11.000000 6 5 1
2013-12-25T11:00:00Z 2013-12-25T13:00:00Z 271.000000 293.000000 145.000000 122.000000 5.266667 8.000000 6 6 1
2013-12-25T02:00:00Z 2013-12-25T04:00:00Z 251.000000 264.000000 130.000000 93.000000 4.950000 5.000000 6 5 1
2013-12-25T00:00:00Z 2013-12-25T02:00:00Z 257.000000 278.000000 132.000000 102.000000 4.958333 5.000000 6 6 1
2013-12-24T23:00:00Z 2013-12-25T01:00:00Z 260.000000 281.000000 132.000000 100.000000 5.066667 6.000000 6 5 1
2013-12-24T22:00:00Z 2013-12-25T00:00:00Z 263.000000 293.000000 137.000000 101.000000 5.041667 5.000000 6 6 1
2013-12-24T20:00:00Z 2013-12-24T22:00:00Z 269.000000 304.000000 139.000000 98.000000 5.066667 6.000000 6 6 1
2013-12-24T18:00:00Z 2013-12-24T20:00:00Z 264.000000 300.000000 145.000000 110.000000 4.975000 5.000000 6 6 1
2013-12-24T17:00:00Z 2013-12-24T19:00:00Z 267.000000 322.000000 146.000000 120.000000 4.866667 11.000000 6 6 1
2013-12-22T23:00:00Z 2013-12-23T01:00:00Z 251.000000 327.000000 128.000000 81.000000 4.541667 5.000000 6 5 1
2013-12-22T22:00:00Z 2013-12-23T00:00:00Z 272.000000 353.000000 134.000000 82.000000 4.708333 6.000000 6 5 1
2013-12-22T21:00:00Z 2013-12-22T23:00:00Z 270.000000 354.000000 137.000000 87.000000 4.575000 6.000000 6 6 1
2013-12-22T20:00:00Z 2013-12-22T22:00:00Z 263.000000 339.000000 138.000000 88.000000 4.108333 6.000000 6 6 1
2013-12-22T19:00:00Z 2013-12-22T21:00:00Z 255.000000 340.000000 142.000000 88.000000 3.983333 6.000000 6 6 1
2013-12-08T10:00:00Z 2013-12-08T12:00:00Z 262.000000 341.000000 98.000000 92.000000 4.375000 5.000000 6 5 1
2013-12-08T09:00:00Z 2013-12-08T11:00:00Z 264.000000 352.000000 96.000000 91.000000 4.180000 4.000000 6 5 1
2013-12-08T08:00:00Z 2013-12-08T10:00:00Z 301.000000 408.000000 104.000000 76.000000 4.785714 2.000000 6 6 1
2013-12-08T07:00:00Z 2013-12-08T09:00:00Z 333.000000 427.000000 107.000000 73.000000 5.087500 3.000000 6 6 1
2013-12-08T06:00:00Z 2013-12-08T08:00:00Z 344.000000 403.000000 109.000000 70.000000 5.475000 3.000000 6 6 1
2013-12-08T05:00:00Z 2013-12-08T07:00:00Z 341.000000 426.000000 110.000000 73.000000 5.737500 3.000000 6 6 1
2013-12-08T04:00:00Z 2013-12-08T06:00:00Z 341.000000 384.000000 114.000000 61.000000 5.814286 4.000000 6 6 1
2013-12-08T03:00:00Z 2013-12-08T05:00:00Z 340.000000 426.000000 106.000000 69.000000 6.042857 3.000000 6 6 1
2013-12-08T02:00:00Z 2013-12-08T04:00:00Z 335.000000 352.000000 108.000000 75.000000 6.175000 3.000000 6 6 1
2013-12-08T01:00:00Z 2013-12-08T03:00:00Z 346.000000 423.000000 115.000000 93.000000 6.650000 3.000000 6 6 1
2013-12-08T00:00:00Z 2013-12-08T02:00:00Z 346.000000 420.000000 115.000000 89.000000 6.428571 3.000000 6 6 1
2013-12-07T23:00:00Z 2013-12-08T01:00:00Z 328.000000 407.000000 114.000000 77.000000 6.142857 3.000000 6 6 1
2013-12-07T22:00:00Z 2013-12-08T00:00:00Z 336.000000 439.000000 115.000000 69.000000 6.362500 3.000000 6 6 1
2013-12-07T21:00:00Z 2013-12-07T23:00:00Z 336.000000 370.000000 112.000000 58.000000 6.412500 3.000000 6 6 1
2013-12-07T20:00:00Z 2013-12-07T22:00:00Z 348.000000 387.000000 115.000000 56.000000 5.800000 3.000000 6 6 1
2013-12-07T19:00:00Z 2013-12-07T21:00:00Z 361.000000 407.000000 119.000000 57.000000 6.025000 2.000000 6 6 1
2013-12-07T18:00:00Z 2013-12-07T20:00:00Z 347.000000 405.000000 122.000000 73.000000 5.800000 3.000000 6 6 1
2013-12-07T17:00:00Z 2013-12-07T19:00:00Z 331.000000 391.000000 123.000000 95.000000 5.225000 2.000000 6 6 1
2013-12-07T16:00:00Z 2013-12-07T18:00:00Z 311.000000 376.000000 120.000000 112.000000 4.542857 5.000000 6 6 1
2013-12-07T15:00:00Z 2013-12-07T17:00:00Z 294.000000 356.000000 120.000000 111.000000 4.437500 6.000000 6 6 1
2013-12-07T14:00:00Z 2013-12-07T16:00:00Z 267.000000 289.000000 118.000000 105.000000 4.142857 8.000000 6 6 1
2013-11-23T00:00:00Z 2013-11-23T02:00:00Z 279.000000 207.000000 112.000000 102.000000 4.200000 7.000000 6 5 1
2013-11-22T23:00:00Z 2013-11-23T01:00:00Z 260.000000 204.000000 115.000000 100.000000 3.860000 6.000000 6 5 1
2013-11-22T22:00:00Z 2013-11-23T00:00:00Z 254.000000 240.000000 117.000000 101.000000 3.570000 8.000000 6 6 1
2013-10-29T00:00:00Z 2013-10-29T02:00:00Z 261.000000 337.000000 116.000000 28.000000 4.918182 2.000000 6 2 1
2013-10-28T23:00:00Z 2013-10-29T01:00:00Z 289.000000 337.000000 132.000000 34.000000 5.200000 2.000000 6 5 1
2013-10-28T22:00:00Z 2013-10-29T00:00:00Z 316.000000 351.000000 140.000000 40.000000 5.000000 2.000000 6 6 1
2013-10-28T21:00:00Z 2013-10-28T23:00:00Z 330.000000 363.000000 146.000000 45.000000 4.772727 2.000000 6 6 1
2013-10-28T20:00:00Z 2013-10-28T22:00:00Z 340.000000 371.000000 150.000000 52.000000 4.781818 3.000000 6 6 1
2013-10-28T19:00:00Z 2013-10-28T21:00:00Z 311.000000 352.000000 154.000000 53.000000 4.009091 4.000000 6 6 1
2013-10-28T18:00:00Z 2013-10-28T20:00:00Z 300.000000 330.000000 134.000000 54.000000 3.118182 20.000000 6 6 1
2013-10-28T16:00:00Z 2013-10-28T18:00:00Z 268.000000 285.000000 86.000000 60.000000 2.072727 78.000000 6 6 1
2013-10-28T14:00:00Z 2013-10-28T16:00:00Z 267.000000 287.000000 79.000000 66.000000 2.027273 77.000000 6 6 1
2013-10-28T12:00:00Z 2013-10-28T14:00:00Z 257.000000 279.000000 114.000000 47.000000 2.180000 20.000000 6 6 1
2013-10-28T02:00:00Z 2013-10-28T04:00:00Z 257.000000 281.000000 116.000000 17.000000 2.754545 2.000000 6 5 1
2013-10-28T01:00:00Z 2013-10-28T03:00:00Z 264.000000 290.000000 121.000000 16.000000 2.981818 2.000000 6 5 1
2013-10-28T00:00:00Z 2013-10-28T02:00:00Z 272.000000 302.000000 123.000000 15.000000 3.172727 3.000000 6 6 1
2013-10-27T23:00:00Z 2013-10-28T01:00:00Z 267.000000 300.000000 125.000000 16.000000 3.263636 3.000000 6 6 1
2013-10-27T22:00:00Z 2013-10-28T00:00:00Z 257.000000 291.000000 127.000000 17.000000 3.136364 3.000000 6 6 1
2013-10-27T20:00:00Z 2013-10-27T22:00:00Z 254.000000 292.000000 145.000000 21.000000 2.727273 3.000000 6 6 1
2013-10-06T04:00:00Z 2013-10-06T06:00:00Z 261.000000 249.000000 96.000000 13.000000 2.080000 7.000000 6 5 1
2013-10-06T03:00:00Z 2013-10-06T05:00:00Z 283.000000 325.000000 83.000000 12.000000 2.240000 7.000000 6 5 1
2013-10-06T02:00:00Z 2013-10-06T04:00:00Z 292.000000 283.000000 86.000000 11.000000 2.440000 8.000000 6 6 1
2013-10-06T01:00:00Z 2013-10-06T03:00:00Z 293.000000 306.000000 89.000000 11.000000 2.580000 10.000000 6 6 1
2013-10-06T00:00:00Z 2013-10-06T02:00:00Z 289.000000 309.000000 86.000000 11.000000 2.610000 10.000000 6 6 1
2013-10-05T23:00:00Z 2013-10-06T01:00:00Z 292.000000 333.000000 90.000000 14.000000 2.610000 12.000000 6 6 0
2013-10-05T22:00:00Z 2013-10-06T00:00:00Z 294.000000 341.000000 95.000000 16.000000 2.570000 18.000000 6 6 0
2013-10-05T21:00:00Z 2013-10-05T23:00:00Z 303.000000 327.000000 110.000000 14.000000 2.670000 17.000000 6 6 0
2013-10-05T20:00:00Z 2013-10-05T22:00:00Z 293.000000 327.000000 126.000000 14.000000 2.677778 17.000000 6 6 0
2013-10-05T19:00:00Z 2013-10-05T21:00:00Z 277.000000 304.000000 83.000000 14.000000 2.181818 45.000000 6 6 0
2013-10-05T18:00:00Z 2013-10-05T20:00:00Z 257.000000 277.000000 67.000000 22.000000 1.830000 98.000000 6 6 0
2013-10-05T10:00:00Z 2013-10-05T12:00:00Z 301.000000 313.000000 80.000000 32.000000 2.460000 19.000000 6 6 0
2013-10-05T09:00:00Z 2013-10-05T11:00:00Z 284.000000 298.000000 72.000000 16.000000 2.472727 13.000000 6 6 0
2013-10-05T08:00:00Z 2013-10-05T10:00:00Z 268.000000 295.000000 69.000000 9.000000 2.560000 7.000000 6 6 0
2013-10-05T07:00:00Z 2013-10-05T09:00:00Z 262.000000 262.000000 70.000000 7.000000 2.570000 7.000000 6 6 0
2013-10-05T06:00:00Z 2013-10-05T08:00:00Z 258.000000 260.000000 74.000000 7.000000 2.700000 6.000000 6 6 0
2013-10-05T05:00:00Z 2013-10-05T07:00:00Z 259.000000 254.000000 79.000000 7.000000 2.770000 6.000000 6 6 0
2013-10-05T04:00:00Z 2013-10-05T06:00:00Z 262.000000 265.000000 71.000000 7.000000 2.645455 9.000000 6 6 0
2013-10-05T03:00:00Z 2013-10-05T05:00:00Z 273.000000 266.000000 85.000000 9.000000 2.710000 6.000000 6 6 0
2013-10-05T02:00:00Z 2013-10-05T04:00:00Z 280.000000 300.000000 72.000000 9.000000 2.910000 8.000000 6 6 0
2013-10-05T01:00:00Z 2013-10-05T03:00:00Z 295.000000 303.000000 86.000000 10.000000 2.890000 9.000000 6 6 0
2013-10-05T00:00:00Z 2013-10-05T02:00:00Z 296.000000 325.000000 88.000000 10.000000 2.960000 12.000000 6 6 0
2013-10-04T23:00:00Z 2013-10-05T01:00:00Z 296.000000 322.000000 94.000000 11.000000 2.930000 13.000000 6 6 0
2013-10-04T22:00:00Z 2013-10-05T00:00:00Z 295.000000 332.000000 100.000000 12.000000 2.850000 18.000000 6 6 0
2013-09-29T05:00:00Z 2013-09-29T07:00:00Z 259.000000 291.000000 59.000000 8.000000 1.366667 30.000000 6 5 1
2013-09-29T04:00:00Z 2013-09-29T06:00:00Z 265.000000 264.000000 59.000000 7.000000 1.372727 23.000000 6 5 1
2013-09-29T03:00:00Z 2013-09-29T05:00:00Z 276.000000 274.000000 64.000000 7.000000 1.481818 18.000000 6 6 1
2013-09-29T02:00:00Z 2013-09-29T04:00:00Z 271.000000 276.000000 69.000000 7.000000 1.609091 18.000000 6 6 1
2013-09-29T01:00:00Z 2013-09-29T03:00:00Z 282.000000 310.000000 75.000000 8.000000 1.627273 20.000000 6 6 1
2013-09-29T00:00:00Z 2013-09-29T02:00:00Z 277.000000 285.000000 91.000000 9.000000 1.690909 20.000000 6 6 1
2013-09-28T23:00:00Z 2013-09-29T01:00:00Z 269.000000 282.000000 98.000000 9.000000 1.827273 18.000000 6 6 1
2013-09-28T14:00:00Z 2013-09-28T16:00:00Z 257.000000 273.000000 59.000000 21.000000 1.500000 105.000000 6 5 1
2013-09-28T13:00:00Z 2013-09-28T15:00:00Z 271.000000 289.000000 71.000000 22.000000 1.616667 75.000000 6 5 1
2013-09-28T12:00:00Z 2013-09-28T14:00:00Z 268.000000 291.000000 78.000000 23.000000 1.650000 53.000000 6 6 1
2013-09-28T11:00:00Z 2013-09-28T13:00:00Z 260.000000 290.000000 83.000000 24.000000 1.745455 31.000000 6 6 1
2013-09-28T10:00:00Z 2013-09-28T12:00:00Z 262.000000 292.000000 79.000000 20.000000 1.758333 20.000000 6 6 1
2013-06-30T11:00:00Z 2013-06-30T13:00:00Z 269.000000 286.000000 61.000000 12.000000 2.789600 44.000000 6 5 1
2013-06-30T10:00:00Z 2013-06-30T12:00:00Z 282.000000 310.000000 66.000000 11.000000 3.321556 12.000000 6 5 1
2013-06-28T21:00:00Z 2013-06-28T23:00:00Z 433.000000 391.000000 62.000000 16.000000 3.109700 56.000000 6 1 1
2013-06-28T20:00:00Z 2013-06-28T22:00:00Z 461.000000 383.000000 63.000000 14.000000 3.189400 69.000000 6 6 1
2013-06-28T19:00:00Z 2013-06-28T21:00:00Z 464.000000 505.000000 64.000000 13.000000 3.209400 84.000000 6 6 1
2013-06-28T18:00:00Z 2013-06-28T20:00:00Z 453.000000 458.000000 56.000000 15.000000 3.166000 101.000000 6 6 1
2013-06-28T17:00:00Z 2013-06-28T19:00:00Z 446.000000 453.000000 53.000000 15.000000 2.959400 113.000000 6 6 1
2013-06-28T16:00:00Z 2013-06-28T18:00:00Z 405.000000 475.000000 50.000000 14.000000 2.849500 106.000000 6 6 1
2013-06-28T15:00:00Z 2013-06-28T17:00:00Z 342.000000 398.000000 47.000000 13.000000 2.679800 99.000000 6 6 1
2013-06-28T14:00:00Z 2013-06-28T16:00:00Z 281.000000 333.000000 45.000000 17.000000 2.579700 100.000000 6 6 1
2013-06-28T13:00:00Z 2013-06-28T15:00:00Z 281.000000 338.000000 48.000000 20.000000 2.855000 72.000000 6 6 1
2013-06-28T12:00:00Z 2013-06-28T14:00:00Z 282.000000 332.000000 51.000000 20.000000 2.999556 50.000000 6 6 1
2013-06-28T11:00:00Z 2013-06-28T13:00:00Z 272.000000 261.000000 51.000000 20.000000 2.944000 42.000000 6 6 1
2013-06-28T10:00:00Z 2013-06-28T12:00:00Z 267.000000 234.000000 49.000000 19.000000 2.844111 40.000000 6 6 1
2013-06-28T09:00:00Z 2013-06-28T11:00:00Z 272.000000 194.000000 50.000000 18.000000 2.811000 35.000000 6 6 1
2013-06-28T08:00:00Z 2013-06-28T10:00:00Z 271.000000 158.000000 53.000000 19.000000 2.799444 29.000000 6 6 1
2013-06-28T07:00:00Z 2013-06-28T09:00:00Z 265.000000 134.000000 51.000000 19.000000 2.588444 29.000000 6 6 1
2013-06-28T06:00:00Z 2013-06-28T08:00:00Z 265.000000 248.000000 40.000000 14.000000 1.877444 41.000000 6 6 1
2013-06-28T05:00:00Z 2013-06-28T07:00:00Z 255.000000 216.000000 36.000000 10.000000 1.399889 50.000000 6 6 1
