2013-06-11T22:00:00Z 294.560000 1010.000000 80.000000 3.210000 315.501000 -1.000000 88.000000
2013-06-11T21:00:00Z 294.770000 1009.000000 75.000000 0.510000 45.000000 -1.000000 92.000000
2013-06-11T20:00:00Z 295.080000 1008.000000 75.000000 3.460000 324.526000 -1.000000 92.000000
2013-06-11T19:00:00Z 295.300000 1007.000000 75.000000 3.460000 324.526000 -1.000000 92.000000
2013-06-11T18:00:00Z 295.300000 1007.000000 75.000000 3.460000 324.526000 -1.000000 92.000000
2013-06-11T17:00:00Z 296.020000 1006.000000 73.000000 5.000000 320.000000 -1.000000 20.000000
2013-11-20T21:00:00Z 284.010000 1023.000000 58.000000 2.000000 100.000000 -1.000000 0.000000
2013-11-20T20:00:00Z 285.510000 1022.000000 54.000000 2.000000 90.000000 -1.000000 0.000000
2013-11-20T19:00:00Z 285.970000 1022.000000 41.000000 3.000000 100.000000 -1.000000 0.000000
2013-11-20T18:00:00Z 287.020000 1021.000000 23.000000 1.000000 0.000000 -1.000000 0.000000
2013-11-20T17:00:00Z 287.020000 1021.000000 23.000000 1.000000 0.000000 -1.000000 0.000000
2013-11-20T16:00:00Z 289.070000 1021.000000 21.000000 2.000000 280.000000 -1.000000 0.000000
2013-11-26T05:00:00Z 278.080000 1021.000000 81.000000 1.000000 210.000000 -1.000000 0.000000
2013-11-26T04:00:00Z 278.620000 1021.000000 81.000000 1.000000 220.000000 -1.000000 0.000000
2013-11-26T03:00:00Z 278.620000 1021.000000 81.000000 1.000000 220.000000 -1.000000 0.000000
2013-11-26T02:00:00Z 279.610000 1022.000000 75.000000 2.410000 322.500000 -1.000000 0.000000
2013-11-26T01:00:00Z 279.080000 1022.000000 75.000000 2.410000 322.500000 -1.000000 0.000000
2013-11-26T00:00:00Z 280.620000 1022.000000 70.000000 1.000000 190.000000 -1.000000 0.000000
2013-12-01T05:00:00Z 281.040000 1026.000000 41.000000 3.250000 264.000000 -1.000000 0.000000
2013-12-01T04:00:00Z 281.110000 1025.000000 41.000000 3.250000 264.000000 -1.000000 0.000000
2013-12-01T03:00:00Z 281.110000 1025.000000 41.000000 3.760000 243.500000 -1.000000 0.000000
2013-12-01T02:00:00Z 281.650000 1025.000000 41.000000 3.760000 243.500000 -1.000000 0.000000
2013-12-01T01:00:00Z 281.650000 1025.000000 41.000000 3.760000 243.500000 -1.000000 0.000000
2013-12-01T00:00:00Z 281.920000 1025.000000 41.000000 2.910000 233.000000 -1.000000 20.000000
2013-12-04T23:00:00Z 285.580000 1024.000000 88.000000 1.540000 45.000000 -1.000000 0.000000
2013-12-04T22:00:00Z 285.850000 1024.000000 88.000000 3.080000 45.000000 -1.000000 0.000000
2013-12-04T21:00:00Z 286.350000 1022.000000 79.000000 3.750000 107.501000 -1.000000 0.000000
2013-12-04T20:00:00Z 286.870000 1024.000000 39.000000 3.750000 107.501000 -1.000000 0.000000
2013-12-04T19:00:00Z 286.870000 1024.000000 39.000000 3.750000 107.501000 -1.000000 0.000000
2013-12-04T18:00:00Z 287.950000 1024.000000 54.000000 1.540000 135.000000 -1.000000 8.000000
2013-12-08T17:00:00Z 288.830000 1018.000000 64.000000 2.060000 135.000000 -1.000000 0.000000
2013-12-08T16:00:00Z 291.060000 1018.000000 64.000000 3.080000 180.000000 -1.000000 0.000000
2013-12-08T15:00:00Z 292.120000 1018.000000 57.000000 3.080000 270.000000 -1.000000 0.000000
2013-12-08T14:00:00Z 292.270000 1019.000000 57.000000 3.600000 180.000000 -1.000000 0.000000
2013-12-08T13:00:00Z 291.760000 1020.000000 57.000000 4.110000 270.000000 -1.000000 0.000000
2013-12-08T12:00:00Z 291.760000 1020.000000 57.000000 4.110000 270.000000 -1.000000 0.000000
2013-12-26T06:00:00Z 277.120000 1027.000000 88.000000 1.030000 135.000000 -1.000000 88.000000
2013-12-26T05:00:00Z 277.120000 1027.000000 88.000000 1.030000 135.000000 -1.000000 88.000000
2013-12-26T04:00:00Z 277.110000 1027.000000 88.000000 2.060000 135.000000 -1.000000 88.000000
2013-12-26T03:00:00Z 277.840000 1028.000000 86.000000 2.060000 270.000000 -1.000000 88.000000
2013-12-26T02:00:00Z 277.620000 1029.000000 89.000000 1.030000 45.000000 -1.000000 88.000000
2013-12-26T01:00:00Z 278.030000 1028.000000 84.000000 0.510000 315.000000 -1.000000 88.000000
2013-12-29T07:00:00Z 271.050000 1030.000000 83.000000 3.080000 248.000000 -1.000000 0.000000
2013-12-29T06:00:00Z 272.340000 1030.000000 64.000000 0.510000 300.000000 -1.000000 0.000000
2013-12-29T05:00:00Z 272.340000 1030.000000 64.000000 0.510000 300.000000 -1.000000 0.000000
2013-12-29T04:00:00Z 272.100000 1029.000000 82.000000 1.540000 45.000000 -1.000000 0.000000
2013-12-29T03:00:00Z 272.630000 1030.000000 83.000000 5.140000 292.000000 -1.000000 8.000000
2013-12-29T02:00:00Z 272.920000 1029.000000 83.000000 5.140000 270.000000 -1.000000 8.000000
2013-12-31T21:00:00Z 283.040000 1018.000000 36.000000 2.060000 226.000000 -1.000000 0.000000
2013-12-31T20:00:00Z 282.080000 1018.000000 31.000000 1.030000 235.000000 -1.000000 0.000000
2013-12-31T19:00:00Z 285.370000 1018.000000 23.000000 2.570000 167.000000 -1.000000 0.000000
2013-12-31T18:00:00Z 285.370000 1018.000000 23.000000 2.570000 167.000000 -1.000000 0.000000
2013-12-31T17:00:00Z 285.930000 1018.000000 21.000000 0.510000 336.000000 -1.000000 0.000000
2013-12-31T16:00:00Z 286.240000 1017.000000 19.000000 2.570000 291.000000 -1.000000 0.000000
2014-01-03T07:00:00Z 282.080000 1017.000000 91.000000 1.030000 315.000000 -1.000000 80.000000
2014-01-03T06:00:00Z 282.640000 1016.000000 94.000000 1.540000 0.000000 -1.000000 80.000000
2014-01-03T05:00:00Z 282.960000 1016.000000 91.000000 1.540000 248.000000 -1.000000 76.000000
2014-01-03T04:00:00Z 282.720000 1016.000000 91.000000 1.030000 158.000000 -1.000000 76.000000
2014-01-03T03:00:00Z 282.720000 1016.000000 91.000000 1.030000 158.000000 -1.000000 76.000000
2014-01-03T02:00:00Z 283.040000 1017.000000 92.000000 2.060000 135.000000 -1.000000 44.000000
2014-01-12T18:00:00Z 279.690000 1033.000000 74.000000 1.030000 225.000000 0.000000 56.000000
2014-01-12T17:00:00Z 281.230000 1033.000000 74.000000 1.030000 0.000000 0.000000 56.000000
2014-01-12T16:00:00Z 281.230000 1033.000000 74.000000 1.030000 0.000000 0.000000 56.000000
2014-01-12T15:00:00Z 281.680000 1032.000000 81.000000 1.540000 135.000000 0.000000 68.000000
2014-01-12T14:00:00Z 280.900000 1030.000000 61.000000 5.000000 350.000000 0.000000 20.000000
2014-01-12T13:00:00Z 280.900000 1030.000000 61.000000 5.000000 350.000000 0.000000 20.000000
2014-01-17T18:00:00Z 283.607000 1039.190000 49.000000 2.500000 290.000000 -1.000000 12.000000
2014-01-17T17:00:00Z 283.607000 1039.190000 49.000000 2.500000 290.000000 -1.000000 12.000000
2014-01-17T16:00:00Z 283.607000 1039.190000 49.000000 2.500000 290.000000 -1.000000 12.000000
2014-01-17T15:00:00Z 285.647000 1038.780000 53.000000 1.100000 203.001000 -1.000000 0.000000
2014-01-17T14:00:00Z 285.647000 1038.780000 53.000000 1.100000 203.001000 -1.000000 0.000000
2014-01-17T13:00:00Z 285.647000 1038.780000 53.000000 1.100000 203.001000 -1.000000 0.000000
2014-01-18T06:00:00Z 275.262000 1044.350000 94.000000 4.010000 0.500122 -1.000000 0.000000
2014-01-18T05:00:00Z 275.262000 1044.350000 94.000000 4.010000 0.500122 -1.000000 0.000000
2014-01-18T04:00:00Z 275.262000 1044.350000 94.000000 4.010000 0.500122 -1.000000 0.000000
2014-01-18T03:00:00Z 275.262000 1044.350000 94.000000 4.010000 0.500122 -1.000000 0.000000
2014-01-19T18:00:00Z 281.910000 1040.080000 54.000000 4.950000 180.000000 -1.000000 12.000000
2014-01-19T17:00:00Z 281.910000 1040.080000 54.000000 4.950000 180.000000 -1.000000 12.000000
2014-01-19T16:00:00Z 281.910000 1040.080000 54.000000 4.950000 180.000000 -1.000000 12.000000
2014-01-19T15:00:00Z 284.418000 1041.370000 50.000000 4.760000 170.000000 -1.000000 0.000000
2014-01-19T14:00:00Z 284.418000 1041.370000 50.000000 4.760000 170.000000 -1.000000 0.000000
2014-01-19T13:00:00Z 284.418000 1041.370000 50.000000 4.760000 170.000000 -1.000000 0.000000
2014-01-29T23:00:00Z 284.470000 1019.000000 89.000000 1.540000 270.000000 0.000000 88.000000
2014-01-29T22:00:00Z 284.750000 1016.000000 86.000000 0.510000 233.000000 0.000000 88.000000
2014-01-29T21:00:00Z 284.870000 1019.000000 93.000000 1.030000 248.000000 -1.000000 92.000000
2014-01-29T20:00:00Z 285.280000 1019.000000 93.000000 0.510000 0.000000 -1.000000 92.000000
2014-01-29T19:00:00Z 285.250000 1018.000000 93.000000 2.900000 233.500000 -1.000000 92.000000
2014-01-29T18:00:00Z 285.920000 1019.000000 71.000000 1.030000 225.000000 -1.000000 92.000000
2014-02-01T21:00:00Z 292.270000 1013.000000 67.000000 1.540000 202.000000 -1.000000 0.000000
2014-02-01T20:00:00Z 293.710000 1014.000000 64.000000 3.080000 270.000000 -1.000000 36.000000
2014-02-01T19:00:00Z 294.400000 1014.000000 64.000000 3.080000 315.000000 -1.000000 36.000000
2014-02-01T18:00:00Z 294.820000 1013.000000 45.000000 2.570000 292.000000 -1.000000 32.000000
2014-02-01T17:00:00Z 296.640000 1012.000000 45.000000 2.060000 315.000000 -1.000000 32.000000
2014-02-01T16:00:00Z 297.040000 1012.000000 45.000000 2.570000 248.000000 -1.000000 0.000000
2014-02-19T21:00:00Z 277.150000 1028.000000 60.000000 3.000000 290.000000 -1.000000 0.000000
2014-02-19T20:00:00Z 277.150000 1028.000000 64.000000 3.000000 330.000000 -1.000000 0.000000
2014-02-19T19:00:00Z 277.150000 1028.000000 64.000000 3.000000 330.000000 -1.000000 0.000000
2014-02-19T18:00:00Z 277.150000 1027.000000 69.000000 3.000000 320.000000 -1.000000 0.000000
2014-02-19T17:00:00Z 278.150000 1026.000000 65.000000 5.000000 330.000000 -1.000000 76.000000
2014-02-19T16:00:00Z 278.150000 1026.000000 65.000000 5.000000 330.000000 -1.000000 76.000000
2014-03-18T07:00:00Z 287.720000 1018.000000 75.000000 1.310000 246.002000 -1.000000 12.000000
2014-03-18T06:00:00Z 287.600000 1014.000000 84.000000 1.220000 251.002000 -1.000000 0.000000
2014-03-18T05:00:00Z 287.850000 1016.000000 82.000000 1.220000 251.002000 -1.000000 0.000000
2014-03-18T04:00:00Z 288.220000 1016.000000 82.000000 1.220000 251.002000 -1.000000 0.000000
2014-03-18T03:00:00Z 288.220000 1016.000000 82.000000 1.220000 251.002000 -1.000000 0.000000
2014-03-18T02:00:00Z 288.570000 1016.000000 83.000000 1.310000 191.502000 -1.000000 8.000000
2014-04-17T08:00:00Z 290.480000 1012.000000 94.000000 2.610000 140.501000 4.000000 92.000000
2014-04-17T07:00:00Z 289.320000 1009.000000 85.000000 0.510000 315.000000 -1.000000 92.000000
2014-04-17T06:00:00Z 289.330000 1008.000000 88.000000 5.220000 157.001000 0.000000 76.000000
2014-04-17T05:00:00Z 289.330000 1008.000000 88.000000 5.220000 157.001000 0.000000 76.000000
2014-04-17T04:00:00Z 289.440000 1006.000000 96.000000 0.510000 152.000000 -1.000000 76.000000
2014-04-17T03:00:00Z 289.510000 1010.000000 90.000000 1.220000 166.500000 -1.000000 68.000000
2014-05-14T12:00:00Z 299.435000 1014.810000 61.000000 3.510000 172.500000 0.000000 24.000000
2014-05-14T11:00:00Z 299.435000 1014.810000 61.000000 3.510000 172.500000 0.000000 24.000000
2014-05-14T10:00:00Z 299.435000 1014.810000 61.000000 3.510000 172.500000 0.000000 24.000000
2014-05-14T09:00:00Z 295.406000 1016.180000 70.000000 4.760000 153.001000 0.000000 24.000000
2014-05-14T08:00:00Z 295.406000 1016.180000 70.000000 4.760000 153.001000 0.000000 24.000000
2014-05-14T07:00:00Z 293.131000 1014.330000 100.000000 2.010000 252.503000 1.500000 92.000000
2014-05-21T10:00:00Z 298.420000 1011.000000 61.000000 1.910000 113.002000 -1.000000 0.000000
2014-05-21T09:00:00Z 296.640000 1010.000000 74.000000 2.060000 146.502000 -1.000000 8.000000
2014-05-21T08:00:00Z 294.340000 1011.000000 74.000000 1.540000 90.000000 -1.000000 8.000000
2014-05-21T07:00:00Z 291.650000 1011.000000 74.000000 2.060000 315.000000 -1.000000 8.000000
2014-05-21T06:00:00Z 290.600000 1010.000000 98.000000 2.860000 167.001000 -1.000000 64.000000
2014-05-21T05:00:00Z 290.730000 1010.000000 98.000000 1.540000 180.000000 -1.000000 64.000000
2014-05-25T12:00:00Z 301.671000 1018.900000 65.000000 3.270000 180.502000 -1.000000 92.000000
2014-05-25T11:00:00Z 299.860000 1009.000000 79.000000 0.510000 222.000000 6.000000 92.000000
2014-05-25T10:00:00Z 301.671000 1018.900000 65.000000 3.270000 180.502000 -1.000000 92.000000
2014-05-25T09:00:00Z 297.520000 1009.000000 100.000000 3.780000 195.002000 19.500000 92.000000
2014-05-25T08:00:00Z 298.530000 1019.220000 74.000000 2.950000 144.000000 -1.000000 92.000000
2014-05-25T07:00:00Z 298.530000 1019.220000 74.000000 2.950000 144.000000 -1.000000 92.000000
2014-05-26T05:00:00Z 294.366000 1021.690000 96.000000 1.600000 291.500000 0.000000 80.000000
2014-05-26T04:00:00Z 294.366000 1021.690000 96.000000 1.600000 291.500000 0.000000 80.000000
2014-05-26T03:00:00Z 293.760000 1021.140000 96.000000 1.320000 210.003000 0.000000 12.000000
2014-05-26T02:00:00Z 293.760000 1021.140000 96.000000 1.320000 210.003000 0.000000 12.000000
2014-05-26T01:00:00Z 293.760000 1021.140000 96.000000 1.320000 210.003000 0.000000 12.000000
2014-05-26T00:00:00Z 296.420000 1007.000000 93.000000 1.260000 53.500400 0.000000 0.000000
2014-06-28T11:00:00Z 299.610000 1007.000000 69.000000 2.000000 260.000000 -1.000000 48.000000
2014-06-28T10:00:00Z 298.610000 1007.000000 74.000000 3.000000 230.000000 -1.000000 20.000000
2014-06-28T09:00:00Z 296.620000 1007.000000 83.000000 3.000000 240.000000 -1.000000 20.000000
2014-06-28T08:00:00Z 296.620000 1007.000000 83.000000 3.000000 240.000000 -1.000000 20.000000
2014-06-28T07:00:00Z 295.150000 1007.000000 88.000000 1.000000 0.000000 0.000000 56.000000
2014-06-28T06:00:00Z 294.620000 1007.000000 88.000000 1.000000 210.000000 -1.000000 48.000000
2014-06-29T12:00:00Z 300.070000 1008.000000 54.000000 3.000000 180.000000 0.000000 48.000000
2014-06-29T11:00:00Z 300.070000 1008.000000 54.000000 3.000000 180.000000 0.000000 48.000000
2014-06-29T10:00:00Z 300.080000 1008.000000 51.000000 3.000000 200.000000 0.000000 48.000000
2014-06-29T09:00:00Z 298.610000 1008.000000 65.000000 2.000000 210.000000 0.000000 48.000000
2014-06-29T08:00:00Z 297.610000 1008.000000 69.000000 2.000000 190.000000 0.000000 64.000000
2014-06-29T07:00:00Z 295.150000 1007.000000 83.000000 3.000000 180.000000 0.000000 64.000000
2014-07-10T17:00:00Z 303.960000 1000.000000 49.000000 3.000000 10.000000 -1.000000 40.000000
2014-07-10T16:00:00Z 304.380000 1000.000000 47.000000 5.000000 280.000000 5.000000 20.000000
2014-07-10T15:00:00Z 304.380000 1000.000000 47.000000 5.000000 280.000000 5.000000 20.000000
2014-07-10T14:00:00Z 303.250000 1001.000000 50.000000 3.000000 280.000000 -1.000000 75.000000
2014-07-10T13:00:00Z 305.510000 1001.000000 52.000000 3.000000 250.000000 -1.000000 40.000000
2014-07-10T12:00:00Z 305.070000 1002.000000 59.000000 3.000000 270.000000 -1.000000 75.000000
2014-10-16T04:00:00Z 286.580000 1021.000000 72.000000 1.000000 150.000000 -1.000000 88.000000
2014-10-16T03:00:00Z 286.580000 1021.000000 72.000000 1.000000 150.000000 -1.000000 88.000000
2014-10-16T02:00:00Z 287.630000 1021.000000 72.000000 1.000000 0.000000 -1.000000 8.000000
2014-10-16T01:00:00Z 288.100000 1020.000000 63.000000 1.000000 0.000000 -1.000000 36.000000
2014-10-16T00:00:00Z 288.100000 1020.000000 63.000000 1.000000 0.000000 -1.000000 36.000000
2014-10-15T23:00:00Z 289.100000 1020.000000 59.000000 3.000000 150.000000 -1.000000 0.000000
2014-10-21T08:00:00Z 295.110000 1013.000000 73.000000 3.000000 270.000000 -1.000000 0.000000
2014-10-21T07:00:00Z 295.110000 1013.000000 73.000000 3.000000 270.000000 -1.000000 0.000000
2014-10-21T06:00:00Z 293.150000 1011.000000 88.000000 2.000000 190.000000 -1.000000 0.000000
2014-10-21T05:00:00Z 293.630000 1011.000000 83.000000 2.000000 180.000000 -1.000000 0.000000
2014-10-21T04:00:00Z 294.150000 1011.000000 83.000000 3.000000 180.000000 -1.000000 0.000000
2014-10-21T03:00:00Z 294.150000 1011.000000 83.000000 3.000000 180.000000 -1.000000 0.000000
2014-11-06T04:00:00Z 284.769000 1032.790000 94.000000 2.020000 286.003000 -1.000000 12.000000
2014-11-06T03:00:00Z 289.150000 1019.000000 87.000000 4.000000 320.000000 -1.000000 0.000000
2014-11-06T02:00:00Z 289.150000 1019.000000 87.000000 4.000000 320.000000 -1.000000 0.000000
2014-11-06T01:00:00Z 290.150000 1019.000000 82.000000 1.000000 150.000000 -1.000000 0.000000
2014-11-06T00:00:00Z 290.150000 1019.000000 82.000000 1.000000 150.000000 -1.000000 0.000000
2014-11-05T23:00:00Z 290.150000 1019.000000 82.000000 2.000000 130.000000 -1.000000 0.000000
2014-11-11T22:00:00Z 287.620000 1020.000000 72.000000 3.000000 310.000000 -1.000000 32.000000
2014-11-11T21:00:00Z 288.090000 1019.000000 67.000000 4.000000 290.000000 -1.000000 36.000000
2014-11-11T20:00:00Z 289.100000 1019.000000 59.000000 3.000000 290.000000 -1.000000 0.000000
2014-11-11T19:00:00Z 290.090000 1018.000000 48.000000 3.000000 290.000000 -1.000000 0.000000
2014-11-11T18:00:00Z 290.100000 1017.000000 45.000000 1.000000 0.000000 -1.000000 0.000000
2014-11-11T17:00:00Z 290.100000 1017.000000 45.000000 1.000000 0.000000 -1.000000 0.000000
