2014-07-07T08:00:00Z 298.150000 1005.000000 78.000000 3.000000 140.000000 0.000000 80.000000
2014-07-26T00:00:00Z 299.150000 1006.000000 57.000000 2.000000 150.000000 -1.000000 0.000000
2014-07-28T00:00:00Z 300.150000 1005.000000 65.000000 3.000000 130.000000 -1.000000 0.000000
2014-07-27T20:00:00Z 303.150000 1005.000000 51.000000 3.000000 150.000000 -1.000000 0.000000
2014-07-30T08:00:00Z 297.150000 1006.000000 88.000000 1.000000 20.000000 -1.000000 90.000000
2014-08-02T08:00:00Z 298.520000 1014.860000 94.000000 1.970000 33.500200 42.000000 0.000000
2014-08-20T20:00:00Z 302.090000 1007.000000 51.000000 3.000000 170.000000 -1.000000 0.000000
2014-08-29T22:00:00Z 299.000000 1015.000000 88.000000 1.000000 0.000000 -1.000000 92.000000
2014-09-01T08:00:00Z 298.880000 1014.000000 88.000000 1.000000 0.000000 -1.000000 32.000000
2014-09-05T19:00:00Z 302.860000 1009.000000 69.000000 3.000000 120.000000 -1.000000 0.000000
2014-09-20T17:00:00Z 297.650000 1011.000000 83.000000 2.000000 0.000000 -1.000000 44.000000
2014-09-25T08:00:00Z 291.150000 1018.000000 93.000000 1.000000 0.000000 -1.000000 92.000000
