2013-06-01T04:00:00Z 293.120000 996.000000 71.000000 1.250000 315.005000 -1.000000 0.000000
2013-06-01T03:00:00Z 293.910000 996.000000 70.000000 0.510000 74.000000 -1.000000 0.000000
2013-06-01T02:00:00Z 295.510000 995.000000 68.000000 1.240000 10.000500 -1.000000 0.000000
2013-06-01T01:00:00Z 296.290000 995.000000 67.000000 0.510000 94.000000 -1.000000 0.000000
2013-06-01T00:00:00Z 294.150000 1003.000000 77.000000 2.000000 90.000000 -1.000000 0.000000
2013-05-31T23:00:00Z 294.150000 1003.000000 77.000000 2.000000 90.000000 -1.000000 0.000000
2013-06-02T14:00:00Z 297.820000 1003.000000 69.000000 3.000000 110.000000 -1.000000 76.000000
2013-06-02T13:00:00Z 297.360000 995.000000 69.000000 1.030000 132.000000 -1.000000 92.000000
2013-06-02T12:00:00Z 295.250000 997.000000 73.000000 2.060000 90.000000 -1.000000 68.000000
2013-06-02T11:00:00Z 295.250000 997.000000 73.000000 2.060000 90.000000 -1.000000 68.000000
2013-06-02T10:00:00Z 294.440000 998.000000 74.000000 0.510000 54.000000 -1.000000 68.000000
2013-06-02T09:00:00Z 293.930000 1007.000000 73.000000 2.000000 130.000000 -1.000000 68.000000
2013-06-05T20:00:00Z 292.150000 1011.000000 88.000000 2.000000 110.000000 -1.000000 90.000000
2013-06-05T19:00:00Z 292.350000 1003.000000 89.000000 2.570000 105.000000 -1.000000 32.000000
2013-06-05T18:00:00Z 292.150000 1011.000000 88.000000 1.000000 0.000000 -1.000000 90.000000
2013-06-05T17:00:00Z 292.090000 1011.000000 88.000000 2.000000 100.000000 0.000000 90.000000
2013-06-05T16:00:00Z 292.080000 1011.000000 88.000000 2.000000 100.000000 0.000000 90.000000
2013-06-05T15:00:00Z 292.080000 1012.000000 88.000000 3.000000 110.000000 0.150000 90.000000
2013-06-14T16:00:00Z 305.380000 1006.000000 57.000000 1.540000 247.000000 -1.000000 48.000000
2013-06-14T15:00:00Z 305.390000 1006.000000 56.000000 3.080000 267.000000 -1.000000 0.000000
2013-06-14T14:00:00Z 308.150000 1007.000000 57.000000 3.080000 223.000000 -1.000000 20.000000
2013-06-14T13:00:00Z 304.110000 1007.000000 61.000000 1.030000 282.000000 -1.000000 20.000000
2013-06-14T12:00:00Z 303.780000 1008.000000 61.000000 3.080000 127.000000 -1.000000 0.000000
2013-06-14T11:00:00Z 301.930000 1008.000000 64.000000 1.030000 165.000000 -1.000000 0.000000
2013-06-15T17:00:00Z 305.950000 1004.000000 58.000000 3.600000 223.000000 -1.000000 8.000000
2013-06-15T16:00:00Z 306.340000 1004.000000 57.000000 0.510000 236.000000 -1.000000 8.000000
2013-06-15T15:00:00Z 306.440000 1006.000000 38.000000 2.000000 110.000000 -1.000000 0.000000
2013-06-15T14:00:00Z 306.510000 1006.000000 42.000000 2.000000 0.000000 -1.000000 0.000000
2013-06-15T13:00:00Z 304.180000 1006.000000 59.000000 0.510000 26.000000 -1.000000 0.000000
2013-06-15T12:00:00Z 302.410000 1007.000000 63.000000 2.060000 50.000000 -1.000000 0.000000
2013-06-26T01:00:00Z 295.150000 999.000000 94.000000 2.000000 50.000000 7.500000 90.000000
2013-06-26T00:00:00Z 295.150000 999.000000 94.000000 2.000000 120.000000 7.500000 90.000000
2013-06-25T23:00:00Z 294.150000 999.000000 94.000000 1.000000 0.000000 0.500000 90.000000
2013-06-25T22:00:00Z 296.150000 998.000000 88.000000 2.000000 220.000000 0.500000 90.000000
2013-06-25T21:00:00Z 295.150000 997.000000 94.000000 2.000000 130.000000 -1.000000 90.000000
2013-06-25T20:00:00Z 295.150000 998.000000 94.000000 4.000000 150.000000 -1.000000 90.000000
2013-06-28T05:00:00Z 298.040000 1000.000000 25.000000 0.510000 153.000000 -1.000000 0.000000
2013-06-28T04:00:00Z 298.040000 1000.000000 17.000000 0.510000 43.000000 -1.000000 0.000000
2013-06-28T03:00:00Z 298.390000 1000.000000 11.000000 1.210000 81.500000 -1.000000 0.000000
2013-06-28T02:00:00Z 299.450000 1000.000000 13.000000 1.210000 81.500000 -1.000000 0.000000
2013-06-28T01:00:00Z 292.276000 989.300000 91.000000 1.210000 81.500000 -1.000000 0.000000
2013-06-28T00:00:00Z 294.245000 988.870000 85.000000 1.160000 117.001000 -1.000000 0.000000
2013-06-30T01:00:00Z 296.530000 1004.000000 46.000000 0.920000 345.003000 0.250000 24.000000
2013-06-30T00:00:00Z 296.540000 1005.000000 45.000000 1.540000 1.000000 0.000000 68.000000
2013-06-29T23:00:00Z 296.540000 1004.000000 44.000000 0.510000 277.000000 0.000000 68.000000
2013-06-29T22:00:00Z 296.600000 1005.000000 94.000000 2.000000 360.000000 0.000000 68.000000
2013-06-29T21:00:00Z 297.100000 1005.000000 41.000000 0.510000 319.000000 2.000000 68.000000
2013-06-29T20:00:00Z 296.210000 1004.000000 37.000000 2.570000 305.000000 2.000000 68.000000
2013-07-18T14:00:00Z 300.720000 1004.000000 78.000000 4.000000 140.000000 -1.000000 80.000000
2013-07-18T13:00:00Z 300.720000 1004.000000 78.000000 4.000000 140.000000 -1.000000 80.000000
2013-07-18T12:00:00Z 301.180000 1005.000000 74.000000 3.000000 140.000000 -1.000000 92.000000
2013-07-18T11:00:00Z 300.720000 1005.000000 83.000000 3.000000 150.000000 -1.000000 92.000000
2013-07-18T10:00:00Z 300.260000 1005.000000 88.000000 2.000000 90.000000 -1.000000 92.000000
2013-07-18T09:00:00Z 299.650000 1005.000000 88.000000 2.000000 120.000000 -1.000000 92.000000
2013-08-15T21:00:00Z 303.150000 1001.000000 79.000000 2.000000 110.000000 6.000000 32.000000
2013-08-15T20:00:00Z 303.150000 1001.000000 79.000000 2.000000 120.000000 0.000000 36.000000
2013-08-15T19:00:00Z 303.150000 1001.000000 74.000000 2.000000 110.000000 0.000000 36.000000
2013-08-15T18:00:00Z 304.150000 1001.000000 70.000000 2.000000 130.000000 0.000000 36.000000
2013-08-15T17:00:00Z 305.150000 1001.000000 62.000000 3.000000 150.000000 1.000000 64.000000
2013-08-15T16:00:00Z 305.150000 1001.000000 62.000000 3.000000 150.000000 1.000000 64.000000
2013-09-12T15:00:00Z 300.185000 1014.960000 63.000000 5.560000 177.500000 -1.000000 12.000000
2013-09-12T14:00:00Z 300.185000 1014.960000 63.000000 5.560000 177.500000 -1.000000 12.000000
2013-09-12T13:00:00Z 300.150000 1012.000000 44.000000 4.000000 160.000000 -1.000000 12.000000
2013-09-12T12:00:00Z 300.150000 1012.000000 44.000000 4.000000 160.000000 -1.000000 12.000000
2013-09-12T11:00:00Z 298.150000 1013.000000 53.000000 2.000000 0.000000 -1.000000 12.000000
2013-09-12T10:00:00Z 297.150000 1014.000000 60.000000 2.000000 0.000000 -1.000000 12.000000
2013-09-19T22:00:00Z 293.150000 1013.000000 88.000000 1.000000 0.000000 -1.000000 56.000000
2013-09-19T21:00:00Z 293.150000 1013.000000 82.000000 1.000000 0.000000 -1.000000 56.000000
2013-09-19T20:00:00Z 295.150000 1012.000000 83.000000 1.000000 0.000000 -1.000000 56.000000
2013-09-19T19:00:00Z 295.150000 1012.000000 83.000000 1.000000 0.000000 -1.000000 56.000000
2013-09-19T18:00:00Z 297.150000 1011.000000 73.000000 3.000000 170.000000 -1.000000 56.000000
2013-09-19T17:00:00Z 298.150000 1010.000000 65.000000 5.000000 180.000000 -1.000000 8.000000
2013-09-27T17:00:00Z 296.150000 1009.000000 40.000000 2.000000 140.000000 -1.000000 0.000000
2013-09-27T16:00:00Z 296.150000 1009.000000 40.000000 2.000000 140.000000 -1.000000 0.000000
2013-09-27T15:00:00Z 296.040000 1010.000000 35.000000 3.000000 140.000000 -1.000000 0.000000
2013-09-27T14:00:00Z 296.040000 1010.000000 35.000000 3.000000 140.000000 -1.000000 0.000000
2013-09-27T13:00:00Z 295.150000 1010.000000 37.000000 3.000000 150.000000 -1.000000 0.000000
2013-09-27T12:00:00Z 294.430000 1002.000000 54.000000 1.030000 128.000000 -1.000000 0.000000
2013-10-04T21:00:00Z 295.290000 1014.000000 82.000000 1.000000 30.000000 -1.000000 0.000000
2013-10-04T20:00:00Z 294.570000 1013.000000 82.000000 1.000000 40.000000 -1.000000 0.000000
2013-10-04T19:00:00Z 295.710000 1013.000000 77.000000 1.000000 80.000000 -1.000000 0.000000
2013-10-04T18:00:00Z 299.080000 1012.000000 64.000000 2.000000 90.000000 -1.000000 0.000000
2013-10-04T17:00:00Z 298.450000 1012.000000 60.000000 2.000000 100.000000 -1.000000 0.000000
2013-10-04T16:00:00Z 298.670000 1012.000000 52.000000 3.000000 140.000000 -1.000000 0.000000
2013-10-09T19:00:00Z 288.150000 1009.000000 77.000000 2.000000 20.000000 0.000000 88.000000
2013-10-09T18:00:00Z 288.150000 1009.000000 77.000000 3.000000 360.000000 0.000000 88.000000
2013-10-09T17:00:00Z 292.150000 1009.000000 59.000000 3.000000 10.000000 0.000000 48.000000
2013-10-09T16:00:00Z 293.150000 1009.000000 56.000000 3.000000 20.000000 0.000000 48.000000
2013-10-09T15:00:00Z 293.150000 1009.000000 56.000000 1.000000 0.000000 0.000000 48.000000
2013-10-09T14:00:00Z 293.150000 1009.000000 56.000000 2.000000 90.000000 1.000000 64.000000
2013-10-27T14:00:00Z 290.073000 1019.840000 54.000000 1.960000 151.000000 -1.000000 0.000000
2013-10-27T13:00:00Z 290.073000 1019.840000 54.000000 1.960000 151.000000 -1.000000 0.000000
2013-10-27T12:00:00Z 286.489000 1021.860000 62.000000 1.780000 78.000100 -1.000000 0.000000
2013-10-27T11:00:00Z 286.489000 1021.860000 62.000000 1.780000 78.000100 -1.000000 0.000000
2013-10-27T10:00:00Z 286.489000 1021.860000 62.000000 1.780000 78.000100 -1.000000 0.000000
2013-10-27T09:00:00Z 277.207000 1022.740000 84.000000 0.800000 63.000100 -1.000000 0.000000
2013-10-31T12:00:00Z 285.155000 1031.750000 61.000000 2.060000 12.500200 0.000000 76.000000
2013-10-31T11:00:00Z 285.155000 1031.750000 61.000000 2.060000 12.500200 0.000000 76.000000
2013-10-31T10:00:00Z 285.155000 1031.750000 61.000000 2.060000 12.500200 0.000000 76.000000
2013-10-31T09:00:00Z 277.312000 1031.530000 78.000000 1.560000 321.500000 0.000000 36.000000
2013-10-31T08:00:00Z 284.750000 1029.000000 65.000000 1.560000 321.500000 0.000000 36.000000
2013-10-31T07:00:00Z 284.210000 1028.000000 66.000000 1.560000 321.500000 0.000000 36.000000
2013-11-08T20:00:00Z 281.666000 1027.380000 84.000000 3.360000 205.500000 -1.000000 0.000000
2013-11-08T19:00:00Z 281.666000 1027.380000 84.000000 3.360000 205.500000 -1.000000 0.000000
2013-11-08T18:00:00Z 281.666000 1027.380000 84.000000 3.360000 205.500000 -1.000000 0.000000
2013-11-08T17:00:00Z 288.320000 1019.000000 62.000000 4.390000 206.002000 -1.000000 0.000000
2013-11-08T16:00:00Z 289.000000 1019.000000 60.000000 4.390000 206.002000 -1.000000 0.000000
2013-11-08T15:00:00Z 288.890000 1019.000000 59.000000 4.280000 196.504000 -1.000000 8.000000
2013-11-13T17:00:00Z 286.380000 1019.000000 61.000000 3.250000 206.000000 -1.000000 12.000000
2013-11-13T16:00:00Z 286.560000 1019.000000 61.000000 3.250000 206.000000 -1.000000 12.000000
2013-11-13T15:00:00Z 286.510000 1019.000000 61.000000 2.760000 197.500000 -1.000000 12.000000
2013-11-13T14:00:00Z 286.510000 1019.000000 61.000000 2.760000 197.500000 -1.000000 12.000000
2013-11-13T13:00:00Z 285.880000 1020.000000 61.000000 2.760000 197.500000 -1.000000 12.000000
2013-11-13T12:00:00Z 285.880000 1020.000000 61.000000 2.760000 197.500000 -1.000000 12.000000
2013-11-22T18:00:00Z 281.150000 1022.000000 28.000000 2.000000 160.000000 -1.000000 8.000000
2013-11-22T17:00:00Z 281.150000 1022.000000 28.000000 2.000000 160.000000 -1.000000 8.000000
2013-11-22T16:00:00Z 284.150000 1021.000000 21.000000 3.000000 170.000000 -1.000000 0.000000
2013-11-22T15:00:00Z 286.150000 1022.000000 17.000000 2.000000 140.000000 -1.000000 0.000000
2013-11-22T14:00:00Z 286.150000 1022.000000 17.000000 2.000000 140.000000 -1.000000 0.000000
2013-11-22T13:00:00Z 286.150000 1022.000000 17.000000 2.000000 140.000000 -1.000000 0.000000
2013-12-06T21:00:00Z 281.520000 1020.000000 63.000000 2.050000 204.501000 -1.000000 0.000000
2013-12-06T20:00:00Z 281.520000 1020.000000 63.000000 2.050000 204.501000 -1.000000 0.000000
2013-12-06T19:00:00Z 283.250000 1019.000000 62.000000 3.100000 172.000000 -1.000000 0.000000
2013-12-06T18:00:00Z 283.120000 1019.000000 62.000000 2.700000 176.500000 -1.000000 0.000000
2013-12-06T17:00:00Z 284.690000 1018.000000 62.000000 2.700000 176.500000 -1.000000 0.000000
2013-12-06T16:00:00Z 285.430000 1018.000000 62.000000 2.700000 176.500000 -1.000000 0.000000
2013-12-22T18:00:00Z 270.020000 1023.000000 52.000000 1.160000 173.000000 -1.000000 0.000000
2013-12-22T17:00:00Z 274.150000 1030.000000 26.000000 2.000000 200.000000 -1.000000 0.000000
2013-12-22T16:00:00Z 274.150000 1030.000000 26.000000 2.000000 200.000000 -1.000000 0.000000
2013-12-22T15:00:00Z 275.270000 1030.000000 22.000000 2.000000 160.000000 -1.000000 44.000000
2013-12-22T14:00:00Z 274.440000 1023.000000 32.000000 0.510000 227.000000 -1.000000 0.000000
2013-12-22T13:00:00Z 269.345000 1036.060000 40.000000 2.010000 4.500850 -1.000000 32.000000
2014-01-04T11:00:00Z 272.150000 1024.000000 74.000000 1.000000 0.000000 -1.000000 12.000000
2014-01-04T10:00:00Z 271.150000 1025.000000 74.000000 1.000000 0.000000 -1.000000 20.000000
2014-01-04T09:00:00Z 271.150000 1025.000000 74.000000 1.000000 0.000000 -1.000000 20.000000
2014-01-04T08:00:00Z 270.390000 1017.000000 77.000000 0.510000 133.000000 -1.000000 0.000000
2014-01-04T07:00:00Z 270.390000 1017.000000 77.000000 0.510000 133.000000 -1.000000 0.000000
2014-01-04T06:00:00Z 269.590000 1017.000000 78.000000 2.720000 206.505000 -1.000000 0.000000
2014-01-05T22:00:00Z 272.860000 1019.000000 54.000000 1.030000 142.000000 -1.000000 0.000000
2014-01-05T21:00:00Z 274.820000 1018.000000 45.000000 1.030000 93.000000 -1.000000 0.000000
2014-01-05T20:00:00Z 272.150000 1025.000000 42.000000 1.000000 0.000000 -1.000000 0.000000
2014-01-05T19:00:00Z 272.150000 1025.000000 42.000000 1.000000 0.000000 -1.000000 0.000000
2014-01-05T18:00:00Z 276.470000 1025.000000 27.000000 2.000000 180.000000 -1.000000 0.000000
2014-01-05T17:00:00Z 278.960000 1016.000000 34.000000 2.460000 80.500100 -1.000000 0.000000
2014-01-11T15:00:00Z 278.150000 1019.000000 19.000000 0.510000 160.000000 -1.000000 0.000000
2014-01-11T14:00:00Z 277.090000 1028.000000 10.000000 2.000000 310.000000 -1.000000 0.000000
2014-01-11T13:00:00Z 275.510000 1021.000000 23.000000 0.510000 176.000000 -1.000000 0.000000
2014-01-11T12:00:00Z 272.150000 1031.000000 20.000000 2.000000 330.000000 -1.000000 0.000000
2014-01-11T11:00:00Z 272.150000 1031.000000 20.000000 2.000000 330.000000 -1.000000 0.000000
2014-01-11T10:00:00Z 269.200000 1024.000000 33.000000 0.510000 55.000000 -1.000000 0.000000
2014-01-17T17:00:00Z 275.832000 1033.350000 29.000000 4.450000 304.000000 -1.000000 0.000000
2014-01-17T16:00:00Z 276.771000 1039.260000 19.000000 4.710000 306.504000 -1.000000 0.000000
2014-01-17T15:00:00Z 276.022000 1033.430000 51.000000 1.850000 321.001000 -1.000000 0.000000
2014-01-17T14:00:00Z 276.022000 1033.430000 51.000000 1.850000 321.001000 -1.000000 0.000000
2014-01-17T13:00:00Z 276.022000 1033.430000 51.000000 1.850000 321.001000 -1.000000 0.000000
2014-01-18T20:00:00Z 270.959000 1033.880000 51.000000 4.750000 177.000000 -1.000000 0.000000
2014-01-18T19:00:00Z 270.959000 1033.880000 51.000000 4.750000 177.000000 -1.000000 0.000000
2014-01-18T18:00:00Z 276.787000 1034.230000 25.000000 3.450000 191.501000 -1.000000 0.000000
2014-01-18T17:00:00Z 276.787000 1034.230000 25.000000 3.450000 191.501000 -1.000000 0.000000
2014-01-18T16:00:00Z 276.787000 1034.230000 25.000000 3.450000 191.501000 -1.000000 0.000000
2014-01-18T15:00:00Z 280.009000 1035.370000 33.000000 2.660000 183.500000 -1.000000 0.000000
2014-01-19T07:00:00Z 265.774000 1033.480000 85.000000 3.380000 354.001000 -1.000000 56.000000
2014-01-19T06:00:00Z 265.649000 1029.320000 85.000000 2.300000 23.500500 -1.000000 64.000000
2014-01-19T05:00:00Z 265.649000 1029.320000 85.000000 2.300000 23.500500 -1.000000 64.000000
2014-01-19T04:00:00Z 266.712000 1037.330000 75.000000 1.730000 128.000000 -1.000000 88.000000
2014-01-19T03:00:00Z 266.712000 1037.330000 75.000000 1.730000 128.000000 -1.000000 88.000000
2014-01-22T16:00:00Z 278.150000 1021.000000 12.000000 1.000000 0.000000 -1.000000 0.000000
2014-01-22T15:00:00Z 278.150000 1021.000000 12.000000 1.000000 0.000000 -1.000000 0.000000
2014-01-22T14:00:00Z 277.330000 1013.000000 24.000000 2.110000 132.000000 -1.000000 0.000000
2014-01-22T13:00:00Z 274.970000 1024.000000 17.000000 1.000000 0.000000 -1.000000 0.000000
2014-01-22T12:00:00Z 274.970000 1024.000000 17.000000 1.000000 0.000000 -1.000000 0.000000
2014-01-22T11:00:00Z 272.030000 1027.810000 38.000000 2.110000 65.500700 -1.000000 0.000000
2014-01-27T08:00:00Z 268.090000 1017.000000 73.000000 3.000000 360.000000 -1.000000 20.000000
2014-01-27T07:00:00Z 268.090000 1017.000000 73.000000 3.000000 360.000000 -1.000000 20.000000
2014-01-27T06:00:00Z 267.900000 1009.000000 70.000000 1.960000 4.500060 -1.000000 20.000000
2014-01-27T05:00:00Z 267.150000 1017.000000 73.000000 2.000000 10.000000 -1.000000 0.000000
2014-01-27T04:00:00Z 268.020000 1018.000000 79.000000 2.000000 340.000000 -1.000000 0.000000
2014-01-27T03:00:00Z 267.150000 1019.000000 73.000000 0.550000 257.001000 -1.000000 0.000000
2014-01-29T12:00:00Z 274.150000 1013.000000 50.000000 2.000000 70.000000 -1.000000 0.000000
2014-01-29T11:00:00Z 272.295000 1018.480000 60.000000 2.110000 13.500000 -1.000000 0.000000
2014-01-29T10:00:00Z 271.150000 1015.000000 68.000000 2.000000 120.000000 -1.000000 0.000000
2014-01-29T09:00:00Z 270.250000 1008.000000 77.000000 2.110000 13.500000 -1.000000 0.000000
2014-01-29T08:00:00Z 266.150000 1015.000000 79.000000 2.000000 150.000000 -1.000000 0.000000
2014-01-29T07:00:00Z 267.850000 1016.000000 78.000000 3.000000 360.000000 -1.000000 0.000000
2014-01-30T19:00:00Z 278.100000 1018.000000 18.000000 5.000000 150.000000 -1.000000 0.000000
2014-01-30T18:00:00Z 278.780000 1018.000000 10.000000 2.000000 150.000000 -1.000000 0.000000
2014-01-30T17:00:00Z 281.300000 1009.000000 16.000000 1.540000 165.000000 -1.000000 0.000000
2014-01-30T16:00:00Z 281.300000 1009.000000 16.000000 1.540000 165.000000 -1.000000 0.000000
2014-01-30T15:00:00Z 281.600000 1017.000000 6.000000 2.000000 90.000000 -1.000000 0.000000
2014-01-30T14:00:00Z 280.270000 1018.000000 6.000000 3.000000 70.000000 -1.000000 0.000000
2014-01-31T16:00:00Z 275.986000 1020.620000 72.000000 3.000000 65.000200 -1.000000 56.000000
2014-01-31T15:00:00Z 276.480000 1010.000000 63.000000 3.870000 39.001200 -1.000000 92.000000
2014-01-31T14:00:00Z 276.480000 1010.000000 63.000000 3.870000 39.001200 -1.000000 92.000000
2014-01-31T13:00:00Z 275.930000 1011.000000 59.000000 3.870000 39.001200 -1.000000 92.000000
2014-01-31T12:00:00Z 274.820000 1012.000000 66.000000 1.030000 331.000000 -1.000000 88.000000
2014-01-31T11:00:00Z 274.820000 1012.000000 66.000000 1.030000 331.000000 -1.000000 88.000000
2014-02-05T21:00:00Z 271.020000 1021.000000 54.000000 1.670000 152.507000 -1.000000 8.000000
2014-02-05T20:00:00Z 270.150000 1028.000000 49.000000 1.000000 90.000000 -1.000000 8.000000
2014-02-05T19:00:00Z 271.150000 1028.000000 46.000000 1.000000 100.000000 -1.000000 0.000000
2014-02-05T18:00:00Z 272.150000 1028.000000 42.000000 1.000000 160.000000 -1.000000 0.000000
2014-02-05T17:00:00Z 274.260000 1019.000000 46.000000 0.510000 132.000000 -1.000000 44.000000
2014-02-05T16:00:00Z 274.210000 1027.000000 31.000000 2.000000 200.000000 -1.000000 0.000000
2014-02-11T17:00:00Z 273.970000 1018.000000 39.000000 2.060000 240.000000 -1.000000 0.000000
2014-02-11T16:00:00Z 273.970000 1018.000000 39.000000 2.060000 240.000000 -1.000000 0.000000
2014-02-11T15:00:00Z 274.220000 1026.000000 24.000000 4.000000 200.000000 -1.000000 0.000000
2014-02-11T14:00:00Z 272.600000 1018.000000 39.000000 0.510000 117.000000 -1.000000 0.000000
2014-02-11T13:00:00Z 272.600000 1018.000000 39.000000 0.510000 117.000000 -1.000000 0.000000
2014-02-11T12:00:00Z 271.310000 1020.000000 40.000000 2.740000 208.500000 -1.000000 0.000000
2014-02-12T17:00:00Z 276.320000 1032.000000 16.000000 3.000000 190.000000 -1.000000 0.000000
2014-02-12T16:00:00Z 277.100000 1024.000000 29.000000 1.540000 140.000000 -1.000000 8.000000
2014-02-12T15:00:00Z 277.100000 1024.000000 29.000000 1.540000 140.000000 -1.000000 8.000000
2014-02-12T14:00:00Z 277.150000 1032.000000 14.000000 2.000000 140.000000 -1.000000 0.000000
2014-02-12T13:00:00Z 276.490000 1033.000000 12.000000 2.000000 130.000000 -1.000000 0.000000
2014-02-12T12:00:00Z 275.000000 1025.000000 26.000000 1.540000 46.000000 -1.000000 0.000000
2014-02-19T21:00:00Z 272.150000 1029.000000 46.000000 4.000000 170.000000 -1.000000 0.000000
2014-02-19T20:00:00Z 272.150000 1029.000000 46.000000 4.000000 170.000000 -1.000000 0.000000
2014-02-19T19:00:00Z 274.150000 1028.000000 31.000000 4.000000 160.000000 -1.000000 0.000000
2014-02-19T18:00:00Z 275.150000 1027.000000 22.000000 2.000000 160.000000 -1.000000 0.000000
2014-02-19T17:00:00Z 278.150000 1027.000000 17.000000 3.000000 140.000000 -1.000000 0.000000
2014-02-19T16:00:00Z 278.150000 1027.000000 17.000000 3.000000 140.000000 -1.000000 0.000000
2014-03-10T18:00:00Z 279.150000 1019.000000 38.000000 2.000000 170.000000 -1.000000 0.000000
2014-03-10T17:00:00Z 281.150000 1020.000000 31.000000 3.000000 150.000000 -1.000000 0.000000
2014-03-10T16:00:00Z 282.150000 1020.000000 26.000000 3.000000 120.000000 -1.000000 0.000000
2014-03-10T15:00:00Z 282.150000 1020.000000 26.000000 3.000000 120.000000 -1.000000 0.000000
2014-03-10T14:00:00Z 281.150000 1021.000000 28.000000 2.000000 0.000000 -1.000000 0.000000
2014-03-10T13:00:00Z 279.150000 1023.000000 35.000000 2.000000 180.000000 -1.000000 0.000000
2014-03-16T15:00:00Z 290.150000 1013.000000 16.000000 5.000000 140.000000 -1.000000 0.000000
2014-03-16T14:00:00Z 290.150000 1014.000000 13.000000 3.000000 140.000000 -1.000000 0.000000
2014-03-16T13:00:00Z 292.400000 1016.000000 13.000000 4.000000 110.000000 -1.000000 0.000000
2014-03-16T12:00:00Z 290.860000 1031.250000 34.000000 4.410000 69.004800 -1.000000 8.000000
2014-03-16T11:00:00Z 290.860000 1031.250000 34.000000 4.410000 69.004800 -1.000000 8.000000
2014-03-16T10:00:00Z 289.210000 1018.000000 17.000000 2.000000 330.000000 -1.000000 8.000000
2014-03-28T18:00:00Z 293.960000 998.000000 50.000000 1.030000 134.000000 -1.000000 0.000000
2014-03-28T17:00:00Z 295.250000 997.000000 43.000000 2.060000 152.000000 -1.000000 0.000000
2014-03-28T16:00:00Z 295.250000 997.000000 43.000000 2.060000 152.000000 -1.000000 0.000000
2014-03-28T15:00:00Z 295.670000 1006.000000 28.000000 2.000000 0.000000 -1.000000 0.000000
2014-03-28T14:00:00Z 295.670000 1006.000000 28.000000 2.000000 0.000000 -1.000000 0.000000
2014-03-28T13:00:00Z 291.330000 1007.000000 40.000000 4.000000 360.000000 -1.000000 0.000000
2014-04-17T22:00:00Z 289.150000 1015.000000 67.000000 2.000000 150.000000 0.000000 92.000000
2014-04-17T21:00:00Z 289.150000 1015.000000 67.000000 2.000000 150.000000 0.000000 92.000000
2014-04-17T20:00:00Z 289.560000 1014.000000 67.000000 2.000000 150.000000 -1.000000 80.000000
2014-04-17T19:00:00Z 289.470000 1005.000000 66.000000 1.540000 148.000000 -1.000000 80.000000
2014-04-17T18:00:00Z 289.150000 1012.000000 67.000000 2.000000 150.000000 -1.000000 68.000000
2014-04-17T17:00:00Z 289.150000 1012.000000 67.000000 2.000000 150.000000 -1.000000 68.000000
2014-04-23T07:00:00Z 288.150000 1011.000000 77.000000 3.000000 140.000000 -1.000000 0.000000
2014-04-23T06:00:00Z 288.150000 1011.000000 77.000000 2.000000 150.000000 -1.000000 0.000000
2014-04-23T05:00:00Z 288.150000 1011.000000 77.000000 2.000000 150.000000 -1.000000 0.000000
2014-04-23T04:00:00Z 289.810000 1011.000000 67.000000 2.000000 150.000000 -1.000000 0.000000
2014-04-23T03:00:00Z 291.290000 1003.000000 63.000000 4.480000 216.509000 -1.000000 0.000000
2014-04-23T02:00:00Z 291.810000 1002.000000 58.000000 1.540000 196.000000 -1.000000 0.000000
2014-05-01T02:00:00Z 291.150000 1008.000000 68.000000 3.000000 120.000000 -1.000000 0.000000
2014-05-01T01:00:00Z 293.150000 1008.000000 56.000000 3.000000 150.000000 -1.000000 0.000000
2014-05-01T00:00:00Z 293.150000 1008.000000 56.000000 3.000000 150.000000 -1.000000 0.000000
2014-04-30T23:00:00Z 295.150000 1008.000000 49.000000 4.000000 180.000000 -1.000000 0.000000
2014-04-30T22:00:00Z 295.150000 1008.000000 46.000000 4.000000 180.000000 -1.000000 0.000000
2014-04-30T21:00:00Z 295.150000 1008.000000 46.000000 4.000000 180.000000 -1.000000 0.000000
2014-05-07T00:00:00Z 284.949000 1012.070000 96.000000 3.660000 79.511000 0.500000 20.000000
2014-05-06T23:00:00Z 284.949000 1012.070000 96.000000 3.660000 79.511000 0.500000 20.000000
2014-05-06T22:00:00Z 284.949000 1012.070000 96.000000 3.660000 79.511000 0.500000 20.000000
2014-05-06T21:00:00Z 284.949000 1012.070000 96.000000 3.660000 79.511000 0.500000 20.000000
2014-05-06T20:00:00Z 291.470000 1004.000000 51.000000 1.000000 360.000000 2.500000 36.000000
2014-05-06T19:00:00Z 291.470000 1004.000000 51.000000 1.000000 360.000000 2.500000 36.000000
2014-05-15T13:00:00Z 302.596000 1006.490000 30.000000 5.010000 234.004000 -1.000000 0.000000
2014-05-15T12:00:00Z 299.034000 1008.740000 41.000000 1.460000 175.005000 -1.000000 0.000000
2014-05-15T11:00:00Z 299.034000 1008.740000 41.000000 1.460000 175.005000 -1.000000 0.000000
2014-05-15T10:00:00Z 299.034000 1008.740000 41.000000 1.460000 175.005000 -1.000000 0.000000
2014-05-15T09:00:00Z 291.125000 1010.160000 40.000000 0.610000 345.504000 -1.000000 0.000000
2014-05-15T08:00:00Z 291.125000 1010.160000 40.000000 0.610000 345.504000 -1.000000 0.000000
2014-05-18T17:00:00Z 303.150000 996.000000 32.000000 3.600000 215.000000 -1.000000 24.000000
2014-05-18T16:00:00Z 303.150000 996.000000 32.000000 3.600000 215.000000 -1.000000 24.000000
2014-05-18T15:00:00Z 303.150000 1006.000000 28.000000 6.000000 200.000000 -1.000000 0.000000
2014-05-18T14:00:00Z 300.660000 1007.000000 30.000000 3.000000 0.000000 -1.000000 24.000000
2014-05-18T13:00:00Z 300.660000 1007.000000 30.000000 3.000000 0.000000 -1.000000 24.000000
2014-05-18T12:00:00Z 300.240000 1000.000000 35.000000 2.570000 108.000000 -1.000000 24.000000
2014-05-19T11:00:00Z 295.330000 1005.000000 60.000000 3.000000 140.000000 0.000000 0.000000
2014-05-19T10:00:00Z 298.600000 1012.860000 73.000000 1.930000 39.009100 0.000000 0.000000
2014-05-19T09:00:00Z 298.600000 1012.860000 73.000000 1.930000 39.009100 0.000000 0.000000
2014-05-19T08:00:00Z 291.020000 1006.000000 88.000000 3.000000 320.000000 0.000000 0.000000
2014-05-19T07:00:00Z 292.106000 1013.920000 84.000000 2.050000 11.000000 0.000000 0.000000
2014-05-19T06:00:00Z 289.640000 1013.810000 91.000000 1.570000 156.506000 0.500000 76.000000
2014-05-21T14:00:00Z 302.370000 1005.000000 39.000000 2.000000 0.000000 -1.000000 20.000000
2014-05-21T13:00:00Z 302.370000 1005.000000 39.000000 2.000000 0.000000 -1.000000 20.000000
2014-05-21T12:00:00Z 299.980000 1006.000000 44.000000 2.000000 110.000000 -1.000000 0.000000
2014-05-21T11:00:00Z 299.980000 1006.000000 44.000000 2.000000 110.000000 -1.000000 0.000000
2014-05-21T10:00:00Z 296.300000 999.000000 52.000000 0.510000 103.000000 -1.000000 0.000000
2014-05-21T09:00:00Z 296.300000 999.000000 52.000000 0.510000 103.000000 -1.000000 0.000000
2014-05-25T04:00:00Z 291.233000 1016.160000 99.000000 2.220000 359.001000 0.000000 32.000000
2014-05-25T03:00:00Z 292.293000 1016.320000 100.000000 3.200000 16.501100 7.000000 92.000000
2014-05-25T02:00:00Z 292.340000 1000.000000 95.000000 3.010000 24.500000 -1.000000 48.000000
2014-05-25T01:00:00Z 292.340000 1000.000000 94.000000 3.010000 24.500000 -1.000000 48.000000
2014-05-25T00:00:00Z 292.150000 1009.000000 93.000000 2.000000 120.000000 -1.000000 48.000000
2014-05-24T23:00:00Z 292.150000 1009.000000 93.000000 3.000000 130.000000 -1.000000 36.000000
2014-07-07T09:00:00Z 300.150000 1004.000000 74.000000 3.000000 160.000000 0.000000 68.000000
2014-07-07T07:00:00Z 297.150000 1005.000000 83.000000 2.000000 100.000000 0.000000 80.000000
2014-07-07T06:00:00Z 297.150000 1005.000000 83.000000 2.000000 100.000000 0.000000 80.000000
2014-07-07T05:00:00Z 297.150000 1005.000000 83.000000 1.000000 0.000000 0.000000 88.000000
2014-07-26T04:00:00Z 295.150000 1007.000000 78.000000 1.000000 0.000000 -1.000000 0.000000
2014-07-26T03:00:00Z 296.150000 1006.000000 73.000000 1.000000 0.000000 -1.000000 0.000000
2014-07-26T02:00:00Z 297.150000 1006.000000 69.000000 1.000000 0.000000 -1.000000 0.000000
2014-07-26T01:00:00Z 299.150000 1006.000000 57.000000 2.000000 150.000000 -1.000000 0.000000
2014-07-25T23:00:00Z 299.150000 1007.000000 54.000000 2.000000 150.000000 -1.000000 0.000000
2014-07-28T01:00:00Z 299.150000 1005.000000 69.000000 2.000000 140.000000 -1.000000 0.000000
2014-07-27T23:00:00Z 301.150000 1005.000000 58.000000 2.000000 160.000000 -1.000000 0.000000
2014-07-27T22:00:00Z 301.150000 1005.000000 58.000000 2.000000 160.000000 -1.000000 0.000000
2014-07-27T21:00:00Z 303.150000 1005.000000 51.000000 3.000000 150.000000 -1.000000 0.000000
2014-07-30T07:00:00Z 296.150000 1005.000000 94.000000 3.000000 30.000000 -1.000000 75.000000
2014-07-30T06:00:00Z 296.436000 1012.340000 99.000000 1.860000 304.501000 -1.000000 44.000000
2014-07-30T05:00:00Z 296.150000 1004.000000 94.000000 1.000000 0.000000 -1.000000 90.000000
2014-07-30T04:00:00Z 296.150000 1004.000000 94.000000 1.000000 0.000000 -1.000000 90.000000
2014-07-30T03:00:00Z 296.150000 1003.000000 94.000000 4.000000 80.000000 -1.000000 90.000000
2014-08-02T09:00:00Z 298.520000 1014.860000 94.000000 1.970000 33.500200 42.000000 0.000000
2014-08-02T07:00:00Z 298.520000 1014.860000 94.000000 1.970000 33.500200 42.000000 0.000000
2014-08-02T06:00:00Z 296.490000 1012.870000 95.000000 1.260000 109.500000 -1.000000 0.000000
2014-08-02T05:00:00Z 296.490000 1012.870000 95.000000 1.260000 109.500000 -1.000000 0.000000
2014-08-21T01:00:00Z 300.280000 1008.000000 65.000000 3.000000 140.000000 -1.000000 0.000000
2014-08-21T00:00:00Z 300.280000 1008.000000 65.000000 3.000000 140.000000 -1.000000 0.000000
2014-08-20T23:00:00Z 301.300000 1008.000000 61.000000 2.000000 110.000000 -1.000000 0.000000
2014-08-20T22:00:00Z 302.140000 1008.000000 61.000000 3.000000 130.000000 -1.000000 0.000000
2014-08-20T21:00:00Z 302.090000 1007.000000 51.000000 3.000000 170.000000 -1.000000 0.000000
2014-08-30T03:00:00Z 299.460000 1016.000000 88.000000 2.000000 70.000000 -1.000000 88.000000
2014-08-30T02:00:00Z 299.460000 1016.000000 88.000000 2.000000 60.000000 -1.000000 88.000000
2014-08-30T01:00:00Z 299.890000 1016.000000 88.000000 2.000000 70.000000 -1.000000 56.000000
2014-08-30T00:00:00Z 299.500000 1016.000000 94.000000 1.000000 80.000000 -1.000000 44.000000
2014-08-29T23:00:00Z 299.330000 1016.000000 94.000000 1.000000 0.000000 -1.000000 92.000000
2014-09-01T09:00:00Z 299.920000 1014.000000 83.000000 1.000000 0.000000 -1.000000 32.000000
2014-09-01T07:00:00Z 298.250000 1014.000000 94.000000 1.000000 0.000000 -1.000000 88.000000
2014-09-01T06:00:00Z 298.440000 1014.000000 100.000000 1.000000 80.000000 -1.000000 36.000000
2014-09-01T05:00:00Z 298.440000 1014.000000 100.000000 1.000000 80.000000 -1.000000 36.000000
2014-09-01T04:00:00Z 298.600000 1014.000000 100.000000 1.000000 80.000000 -1.000000 36.000000
2014-09-05T18:00:00Z 303.720000 1009.000000 61.000000 3.000000 140.000000 -1.000000 0.000000
2014-09-05T17:00:00Z 303.720000 1009.000000 61.000000 3.000000 140.000000 -1.000000 0.000000
2014-09-05T16:00:00Z 304.730000 1009.000000 51.000000 3.000000 150.000000 -1.000000 0.000000
2014-09-05T15:00:00Z 304.730000 1009.000000 51.000000 3.000000 150.000000 -1.000000 0.000000
2014-09-20T16:00:00Z 297.650000 1011.000000 83.000000 2.000000 0.000000 -1.000000 44.000000
2014-09-20T15:00:00Z 297.650000 1011.000000 83.000000 2.000000 0.000000 -1.000000 44.000000
2014-09-20T14:00:00Z 297.650000 1011.000000 83.000000 2.000000 0.000000 -1.000000 44.000000
2014-09-25T10:00:00Z 292.150000 1019.000000 88.000000 1.000000 0.000000 -1.000000 90.000000
2014-09-25T09:00:00Z 291.150000 1018.000000 93.000000 1.000000 0.000000 -1.000000 92.000000
2014-09-25T07:00:00Z 290.150000 1018.000000 93.000000 1.000000 60.000000 -1.000000 92.000000
2014-09-25T06:00:00Z 287.150000 1017.000000 100.000000 1.000000 60.000000 -1.000000 76.000000
2014-09-25T05:00:00Z 287.150000 1017.000000 100.000000 1.000000 60.000000 -1.000000 76.000000
2014-10-03T14:00:00Z 289.150000 1018.000000 82.000000 1.000000 0.000000 -1.000000 90.000000
2014-10-03T13:00:00Z 289.150000 1018.000000 82.000000 1.000000 0.000000 -1.000000 90.000000
2014-10-03T12:00:00Z 289.150000 1018.000000 82.000000 1.000000 0.000000 -1.000000 90.000000
2014-10-03T11:00:00Z 288.150000 1019.000000 77.000000 2.000000 360.000000 -1.000000 90.000000
2014-10-03T10:00:00Z 288.150000 1019.000000 77.000000 2.000000 360.000000 -1.000000 90.000000
2014-10-03T09:00:00Z 287.150000 1019.000000 82.000000 1.000000 20.000000 -1.000000 0.000000
2014-10-07T13:00:00Z 289.150000 1021.000000 59.000000 2.000000 0.000000 -1.000000 0.000000
2014-10-07T12:00:00Z 289.150000 1021.000000 59.000000 2.000000 0.000000 -1.000000 0.000000
2014-10-07T11:00:00Z 289.150000 1021.000000 59.000000 2.000000 0.000000 -1.000000 0.000000
2014-10-07T10:00:00Z 286.150000 1022.000000 66.000000 2.000000 60.000000 -1.000000 0.000000
2014-10-17T17:00:00Z 289.150000 1014.000000 55.000000 1.000000 0.000000 -1.000000 0.000000
2014-10-17T16:00:00Z 296.150000 1014.000000 28.000000 4.000000 190.000000 -1.000000 0.000000
2014-10-17T15:00:00Z 296.150000 1014.000000 27.000000 3.000000 180.000000 -1.000000 0.000000
2014-10-17T14:00:00Z 296.150000 1014.000000 27.000000 3.000000 180.000000 -1.000000 0.000000
2014-10-17T13:00:00Z 294.150000 1015.000000 30.000000 2.000000 150.000000 -1.000000 0.000000
2014-10-17T12:00:00Z 292.150000 1016.000000 34.000000 1.000000 0.000000 -1.000000 0.000000
2014-10-18T11:00:00Z 295.150000 1018.000000 40.000000 1.000000 0.000000 -1.000000 0.000000
2014-10-18T10:00:00Z 290.150000 1018.000000 51.000000 1.000000 0.000000 -1.000000 0.000000
2014-10-18T09:00:00Z 287.150000 1019.000000 62.000000 2.000000 20.000000 -1.000000 0.000000
2014-10-18T08:00:00Z 282.150000 1018.000000 81.000000 3.000000 360.000000 -1.000000 0.000000
2014-10-18T07:00:00Z 282.150000 1018.000000 81.000000 3.000000 360.000000 -1.000000 0.000000
2014-10-18T06:00:00Z 281.150000 1017.000000 87.000000 2.000000 360.000000 -1.000000 0.000000
2014-10-29T15:00:00Z 289.150000 1023.000000 44.000000 3.000000 160.000000 -1.000000 56.000000
2014-10-29T14:00:00Z 289.150000 1023.000000 44.000000 3.000000 160.000000 -1.000000 56.000000
2014-10-29T13:00:00Z 289.150000 1023.000000 44.000000 3.000000 160.000000 -1.000000 56.000000
2014-10-29T12:00:00Z 287.150000 1025.000000 50.000000 1.000000 0.000000 -1.000000 80.000000
2014-10-29T11:00:00Z 287.150000 1025.000000 50.000000 1.000000 0.000000 -1.000000 80.000000
2014-10-29T10:00:00Z 285.150000 1025.000000 62.000000 2.000000 360.000000 -1.000000 80.000000
