2014-07-07T20:00:00Z 296.301000 1008.300000 99.000000 0.710000 42.504600 8.000000 44.000000 303.101000 1007.490000 60.000000 3.010000 196.505000 -1.000000 8.000000 301.150000 1000.000000 74.000000 3.000000 160.000000 0.000000 0.000000 294.701000 942.640000 92.000000 2.260000 212.005000 2.000000 92.000000 297.101000 1013.330000 90.000000 4.260000 169.005000 -1.000000 76.000000
2014-07-17T20:00:00Z 303.056000 1012.630000 70.000000 2.110000 136.505000 0.000000 44.000000 298.056000 1013.120000 90.000000 1.160000 166.005000 6.000000 48.000000 302.150000 1005.000000 83.000000 3.000000 60.000000 -1.000000 8.000000 294.406000 948.270000 94.000000 0.810000 240.005000 1.000000 0.000000 299.105000 1018.320000 91.000000 2.520000 168.506000 0.000000 8.000000
2014-07-28T03:00:00Z 296.360000 1013.510000 84.000000 4.260000 217.001000 -1.000000 0.000000 295.310000 1014.320000 89.000000 2.260000 186.001000 -1.000000 0.000000 296.150000 1006.000000 94.000000 2.000000 150.000000 -1.000000 0.000000 290.752000 948.480000 91.000000 1.440000 189.002000 -1.000000 0.000000 296.952000 1019.490000 90.000000 5.420000 199.502000 -1.000000 0.000000
2014-07-30T20:00:00Z 298.063000 1013.810000 82.000000 3.800000 87.000500 -1.000000 0.000000 300.313000 1013.730000 77.000000 2.400000 56.000500 -1.000000 0.000000 301.150000 1005.000000 74.000000 2.000000 90.000000 0.000000 0.000000 294.763000 947.500000 90.000000 1.350000 132.000000 -1.000000 0.000000 296.063000 1017.370000 100.000000 6.750000 79.500500 -1.000000 92.000000
2014-08-01T08:00:00Z 298.398000 1015.470000 89.000000 2.000000 67.001300 -1.000000 68.000000 300.448000 1015.390000 86.000000 2.050000 99.501300 -1.000000 12.000000 300.398000 1006.640000 86.000000 2.050000 63.501300 -1.000000 12.000000 296.398000 948.520000 83.000000 1.500000 179.001000 -1.000000 20.000000 296.098000 1019.440000 100.000000 1.250000 9.501250 -1.000000 36.000000
2014-08-21T08:00:00Z 303.710000 1021.000000 79.000000 2.070000 209.007000 -1.000000 32.000000 298.601000 1016.090000 74.000000 3.120000 192.007000 -1.000000 36.000000 297.150000 1007.000000 88.000000 1.770000 234.507000 -1.000000 0.000000 295.801000 949.700000 81.000000 1.470000 118.507000 -1.000000 20.000000 298.301000 1020.380000 97.000000 3.670000 251.007000 -1.000000 44.000000
2014-08-30T08:00:00Z 300.930000 1031.820000 100.000000 2.220000 57.502300 0.000000 76.000000 295.463000 1026.810000 98.000000 1.920000 7.502320 -1.000000 12.000000 296.150000 1015.000000 88.000000 1.000000 90.000000 -1.000000 92.000000 290.763000 958.800000 92.000000 1.520000 166.002000 -1.000000 56.000000 297.513000 1030.620000 99.000000 0.720000 208.002000 -1.000000 8.000000
2014-09-05T20:00:00Z 303.150000 1023.600000 70.000000 1.720000 166.000000 -1.000000 0.000000 298.243000 1018.270000 60.000000 3.220000 106.500000 -1.000000 80.000000 297.150000 1010.000000 78.000000 1.000000 130.000000 -1.000000 56.000000 288.943000 952.440000 89.000000 0.970000 179.500000 -1.000000 0.000000 296.293000 1023.620000 99.000000 2.770000 120.000000 -1.000000 0.000000
2014-09-07T08:00:00Z 299.820000 1022.190000 74.000000 2.010000 173.002000 -1.000000 68.000000 295.682000 1017.550000 85.000000 1.660000 140.002000 -1.000000 92.000000 294.150000 1009.000000 94.000000 1.760000 34.501800 -1.000000 88.000000 291.282000 949.780000 86.000000 1.510000 185.002000 -1.000000 80.000000 297.026000 1022.280000 98.000000 2.110000 198.001000 -1.000000 24.000000
2014-09-20T19:00:00Z 298.150000 1025.940000 97.000000 2.110000 5.504880 0.000000 68.000000 287.015000 1016.660000 92.000000 1.210000 82.001100 -1.000000 0.000000 291.150000 1013.000000 100.000000 1.000000 320.000000 -1.000000 0.000000 288.477000 951.330000 100.000000 1.310000 85.000700 1.000000 92.000000 291.476000 1025.930000 100.000000 3.110000 133.007000 1.000000 88.000000
