2013-12-26T10:00:00Z -1.000000 -1.000000 19.070000 335.000000 -1.000000 -1.000000 18.000000 330.000000 -1.000000 -1.000000 18.000000 330.000000 -1.000000 1036.040000 9.910000 323.000000 -1.000000 1033.580000 7.930000 5.000000
2013-12-26T09:00:00Z -1.000000 -1.000000 16.670000 331.000000 -1.000000 -1.000000 18.000000 330.000000 -1.000000 -1.000000 18.000000 330.000000 -1.000000 1036.230000 8.700000 322.000000 -1.000000 1033.710000 5.860000 358.000000
2013-12-26T08:00:00Z -1.000000 1035.790000 13.440000 338.000000 0.470000 1037.130000 7.280000 324.000000 0.310000 1037.790000 5.110000 320.000000 -1.000000 1036.130000 8.180000 321.000000 -1.000000 1033.560000 4.440000 348.000000
2013-12-26T07:00:00Z -1.000000 -1.000000 15.180000 340.000000 -1.000000 -1.000000 13.000000 340.000000 -1.000000 -1.000000 13.000000 340.000000 -1.000000 1035.530000 9.030000 321.000000 -1.000000 1032.990000 3.940000 345.000000
2013-12-26T06:00:00Z -1.000000 -1.000000 18.870000 330.000000 -1.000000 -1.000000 18.000000 340.000000 -1.000000 -1.000000 18.000000 340.000000 -1.000000 1034.630000 10.560000 322.000000 -1.000000 1032.150000 3.900000 348.000000
2013-12-26T05:00:00Z -1.000000 1033.760000 12.710000 326.000000 0.540000 1035.410000 6.210000 319.000000 0.310000 1035.970000 7.270000 28.000000 -1.000000 1033.880000 11.490000 322.000000 -1.000000 1031.400000 4.230000 351.000000
2014-01-03T01:00:00Z -1.000000 -1.000000 2.000000 -1.000000 -1.000000 -1.000000 16.000000 300.000000 -1.000000 -1.000000 16.000000 300.000000 -1.000000 1020.530000 3.740000 275.000000 -1.000000 1018.290000 2.300000 331.000000
2014-01-03T00:00:00Z -1.000000 -1.000000 2.980000 329.000000 -1.000000 -1.000000 11.000000 280.000000 -1.000000 -1.000000 11.000000 280.000000 -1.000000 1020.550000 2.840000 271.000000 -1.000000 1018.120000 2.990000 357.000000
2014-01-02T23:00:00Z -1.000000 1018.100000 7.030000 348.000000 -1.000000 1017.900000 9.000000 300.000000 -1.000000 1018.100000 6.700000 299.000000 -1.000000 1020.400000 2.000000 270.000000 -1.000000 1017.940000 3.280000 3.000000
2014-01-02T22:00:00Z -1.000000 -1.000000 2.780000 342.000000 -1.000000 -1.000000 4.000000 330.000000 -1.000000 -1.000000 4.000000 330.000000 -1.000000 1019.960000 1.420000 298.000000 0.750000 1017.720000 2.440000 341.000000
2014-01-02T21:00:00Z -1.000000 -1.000000 1.430000 2.000000 -1.000000 -1.000000 2.000000 320.000000 -1.000000 -1.000000 2.000000 320.000000 -1.000000 1019.350000 1.680000 341.000000 0.750000 1017.480000 2.460000 286.000000
2014-01-02T20:00:00Z 0.220000 1017.020000 2.100000 331.000000 0.840000 1017.850000 0.970000 45.000000 0.580000 1017.490000 2.990000 305.000000 -1.000000 1018.670000 1.970000 350.000000 0.750000 1017.190000 3.520000 258.000000
2014-01-11T05:00:00Z -1.000000 1032.330000 1.060000 15.000000 -1.000000 1032.730000 2.050000 218.000000 -1.000000 1032.270000 1.990000 200.000000 -1.000000 1034.120000 1.160000 258.000000 -1.000000 1032.690000 3.270000 232.000000
2014-01-11T04:00:00Z -1.000000 -1.000000 2.000000 180.000000 -1.000000 -1.000000 4.000000 290.000000 -1.000000 -1.000000 4.000000 290.000000 -1.000000 1033.980000 0.720000 286.000000 -1.000000 1032.730000 2.490000 231.000000
2014-01-11T03:00:00Z -1.000000 -1.000000 2.360000 287.000000 -1.000000 -1.000000 2.000000 280.000000 -1.000000 -1.000000 2.000000 280.000000 -1.000000 1033.940000 0.990000 6.000000 -1.000000 1032.850000 1.190000 233.000000
2014-01-11T02:00:00Z -1.000000 1032.740000 1.030000 223.000000 -1.000000 1033.400000 1.930000 261.000000 -1.000000 1033.170000 4.860000 294.000000 -1.000000 1033.960000 1.750000 24.000000 -1.000000 1032.930000 0.320000 270.000000
2014-01-11T01:00:00Z -1.000000 -1.000000 1.300000 319.000000 -1.000000 -1.000000 4.000000 340.000000 -1.000000 -1.000000 4.000000 340.000000 -1.000000 1034.160000 2.030000 23.000000 -1.000000 1032.960000 0.550000 310.000000
2014-01-11T00:00:00Z -1.000000 -1.000000 1.930000 240.000000 -1.000000 -1.000000 2.000000 300.000000 -1.000000 -1.000000 2.000000 300.000000 -1.000000 1034.430000 2.070000 20.000000 -1.000000 1032.960000 1.020000 302.000000
2014-01-15T07:00:00Z -1.000000 -1.000000 2.260000 340.000000 -1.000000 -1.000000 4.000000 290.000000 -1.000000 -1.000000 4.000000 290.000000 0.750000 1035.940000 1.830000 7.000000 0.430000 1033.370000 1.060000 304.000000
2014-01-15T06:00:00Z -1.000000 -1.000000 2.000000 170.000000 -1.000000 -1.000000 4.000000 280.000000 -1.000000 -1.000000 4.000000 280.000000 0.750000 1035.290000 1.710000 14.000000 0.430000 1033.080000 0.640000 285.000000
2014-01-15T05:00:00Z -1.000000 1033.240000 1.260000 163.000000 -1.000000 1033.670000 1.370000 248.000000 -1.000000 1033.470000 2.780000 311.000000 -1.000000 1034.840000 1.660000 20.000000 -1.000000 1032.960000 0.750000 260.000000
2014-01-15T04:00:00Z -1.000000 -1.000000 1.820000 308.000000 -1.000000 -1.000000 4.000000 310.000000 -1.000000 -1.000000 4.000000 310.000000 -1.000000 1034.810000 1.720000 22.000000 -1.000000 1033.180000 1.680000 265.000000
2014-01-15T03:00:00Z -1.000000 -1.000000 0.860000 296.000000 -1.000000 -1.000000 7.000000 320.000000 -1.000000 -1.000000 7.000000 320.000000 -1.000000 1034.990000 1.820000 23.000000 -1.000000 1033.580000 2.990000 270.000000
2014-01-15T02:00:00Z -1.000000 1034.230000 0.210000 341.000000 -1.000000 1034.850000 3.590000 258.000000 -1.000000 1034.590000 4.390000 282.000000 -1.000000 1035.180000 1.910000 23.000000 -1.000000 1033.890000 3.790000 271.000000
2014-01-24T15:00:00Z -1.000000 -1.000000 6.800000 23.000000 -1.000000 -1.000000 7.000000 270.000000 -1.000000 -1.000000 7.000000 270.000000 0.760000 1019.900000 2.840000 272.000000 0.840000 1017.670000 5.500000 62.000000
2014-01-24T14:00:00Z 0.750000 1016.530000 6.230000 1.000000 0.880000 1016.780000 6.040000 345.000000 0.790000 1017.310000 3.970000 343.000000 0.770000 1019.750000 1.100000 208.000000 0.780000 1017.220000 6.130000 69.000000
2014-01-24T13:00:00Z -1.000000 -1.000000 9.830000 355.000000 -1.000000 -1.000000 4.000000 300.000000 -1.000000 -1.000000 4.000000 300.000000 0.840000 1020.200000 0.610000 132.000000 0.770000 1017.390000 6.060000 67.000000
2014-01-24T12:00:00Z -1.000000 -1.000000 10.960000 354.000000 -1.000000 -1.000000 7.000000 300.000000 -1.000000 -1.000000 7.000000 300.000000 0.930000 1021.000000 1.300000 42.000000 0.770000 1017.910000 5.620000 61.000000
2014-01-24T11:00:00Z 0.460000 1018.100000 4.820000 344.000000 0.850000 1018.480000 5.560000 10.000000 0.790000 1018.390000 2.860000 317.000000 0.980000 1021.570000 2.280000 28.000000 0.780000 1018.210000 4.830000 54.000000
2014-01-24T10:00:00Z -1.000000 -1.000000 2.000000 320.000000 -1.000000 -1.000000 -1.000000 -1.000000 -1.000000 -1.000000 -1.000000 -1.000000 0.910000 1021.760000 2.520000 27.000000 0.800000 1018.070000 3.320000 46.000000
2014-01-27T14:00:00Z 0.290000 1016.450000 1.380000 28.000000 0.850000 1017.340000 5.280000 30.000000 0.770000 1016.670000 2.620000 52.000000 0.330000 1017.880000 0.650000 336.000000 0.590000 1016.010000 2.870000 280.000000
2014-01-27T13:00:00Z -1.000000 -1.000000 7.000000 270.000000 -1.000000 -1.000000 7.000000 40.000000 -1.000000 -1.000000 7.000000 40.000000 0.440000 1018.060000 0.920000 158.000000 0.640000 1016.150000 3.670000 254.000000
2014-01-27T12:00:00Z -1.000000 -1.000000 -1.000000 -1.000000 -1.000000 -1.000000 -1.000000 -1.000000 -1.000000 -1.000000 -1.000000 -1.000000 0.620000 1018.780000 1.320000 157.000000 0.700000 1016.710000 5.090000 241.000000
2014-01-27T11:00:00Z 0.280000 1017.780000 2.840000 292.000000 0.840000 1018.390000 5.270000 13.000000 0.600000 1017.740000 1.710000 35.000000 0.750000 1019.330000 1.190000 153.000000 0.750000 1017.170000 5.820000 235.000000
2014-01-27T10:00:00Z -1.000000 -1.000000 9.000000 220.000000 -1.000000 -1.000000 4.000000 40.000000 -1.000000 -1.000000 4.000000 40.000000 0.750000 1019.400000 0.570000 105.000000 0.760000 1017.330000 4.910000 229.000000
2014-01-27T09:00:00Z -1.000000 -1.000000 3.130000 335.000000 -1.000000 -1.000000 4.000000 -1.000000 -1.000000 -1.000000 4.000000 -1.000000 0.750000 1019.310000 1.340000 17.000000 0.770000 1017.410000 3.240000 219.000000
2014-01-30T03:00:00Z -1.000000 -1.000000 2.000000 350.000000 -1.000000 -1.000000 4.000000 330.000000 -1.000000 -1.000000 4.000000 330.000000 -1.000000 1017.450000 2.700000 267.000000 -1.000000 1015.490000 1.380000 24.000000
2014-01-30T02:00:00Z -1.000000 1015.210000 1.810000 13.000000 -1.000000 1015.100000 3.670000 62.000000 -1.000000 1014.610000 2.760000 337.000000 -1.000000 1017.100000 3.940000 281.000000 -1.000000 1015.080000 1.380000 3.000000
2014-01-30T01:00:00Z -1.000000 -1.000000 4.000000 310.000000 -1.000000 -1.000000 2.000000 310.000000 -1.000000 -1.000000 2.000000 310.000000 -1.000000 1016.770000 3.130000 294.000000 -1.000000 1014.600000 1.420000 351.000000
2014-01-30T00:00:00Z -1.000000 -1.000000 4.000000 320.000000 -1.000000 -1.000000 4.000000 340.000000 -1.000000 -1.000000 4.000000 340.000000 -1.000000 1016.490000 1.920000 336.000000 -1.000000 1014.120000 1.420000 342.000000
2014-01-29T23:00:00Z -1.000000 1014.100000 2.330000 45.000000 -1.000000 1013.600000 1.990000 334.000000 -1.000000 1012.700000 3.560000 282.000000 -1.000000 1016.100000 2.000000 20.000000 -1.000000 1013.670000 1.150000 325.000000
2014-01-29T22:00:00Z -1.000000 -1.000000 4.070000 338.000000 -1.000000 -1.000000 4.000000 20.000000 -1.000000 -1.000000 4.000000 20.000000 0.490000 1015.570000 1.660000 30.000000 0.570000 1013.260000 0.820000 263.000000
2014-01-31T07:00:00Z -1.000000 -1.000000 5.230000 12.000000 -1.000000 -1.000000 7.000000 350.000000 -1.000000 -1.000000 7.000000 350.000000 0.390000 1022.640000 3.490000 -1.000000 0.750000 1021.640000 2.960000 71.000000
2014-01-31T06:00:00Z -1.000000 -1.000000 5.310000 20.000000 -1.000000 -1.000000 4.000000 340.000000 -1.000000 -1.000000 4.000000 340.000000 0.390000 1022.110000 2.890000 359.000000 0.750000 1021.390000 2.610000 68.000000
2014-01-31T05:00:00Z -1.000000 1019.550000 3.910000 20.000000 -1.000000 1018.430000 6.730000 67.000000 -1.000000 1018.370000 1.980000 313.000000 -1.000000 1021.660000 2.140000 5.000000 -1.000000 1021.270000 2.410000 66.000000
2014-01-31T04:00:00Z -1.000000 -1.000000 9.000000 350.000000 -1.000000 -1.000000 4.000000 20.000000 -1.000000 -1.000000 4.000000 20.000000 -1.000000 1021.390000 1.710000 45.000000 -1.000000 1021.420000 2.550000 66.000000
2014-01-31T03:00:00Z -1.000000 -1.000000 7.000000 40.000000 -1.000000 -1.000000 4.000000 40.000000 -1.000000 -1.000000 4.000000 40.000000 -1.000000 1021.200000 2.570000 87.000000 -1.000000 1021.700000 2.840000 68.000000
2014-01-31T02:00:00Z -1.000000 1020.720000 5.830000 101.000000 -1.000000 1019.100000 5.380000 40.000000 -1.000000 1018.800000 2.600000 9.000000 -1.000000 1021.040000 3.310000 104.000000 -1.000000 1021.910000 2.990000 70.000000
2014-02-02T09:00:00Z -1.000000 -1.000000 11.540000 4.000000 -1.000000 -1.000000 -1.000000 -1.000000 -1.000000 -1.000000 -1.000000 -1.000000 0.740000 1016.850000 4.740000 340.000000 0.700000 1013.440000 2.830000 321.000000
2014-02-02T08:00:00Z 0.640000 1013.150000 6.610000 344.000000 1.000000 1013.640000 1.560000 83.000000 1.000000 1012.780000 1.230000 330.000000 0.740000 1016.020000 2.680000 358.000000 0.670000 1012.670000 3.900000 296.000000
2014-02-02T07:00:00Z -1.000000 -1.000000 7.930000 342.000000 -1.000000 -1.000000 4.000000 150.000000 -1.000000 -1.000000 4.000000 150.000000 0.740000 1014.780000 1.570000 326.000000 0.670000 1011.800000 4.780000 282.000000
2014-02-02T06:00:00Z -1.000000 -1.000000 6.760000 345.000000 -1.000000 -1.000000 7.000000 140.000000 -1.000000 -1.000000 7.000000 140.000000 0.740000 1013.310000 2.800000 276.000000 0.670000 1010.910000 5.510000 273.000000
2014-02-02T05:00:00Z -1.000000 1011.460000 2.000000 310.000000 -1.000000 1011.800000 2.540000 323.000000 -1.000000 1011.340000 1.400000 334.000000 -1.000000 1012.180000 3.970000 267.000000 -1.000000 1010.330000 6.090000 266.000000
2014-02-02T04:00:00Z -1.000000 -1.000000 3.630000 202.000000 -1.000000 -1.000000 2.000000 230.000000 -1.000000 -1.000000 2.000000 230.000000 -1.000000 1011.630000 3.350000 272.000000 -1.000000 1010.290000 6.510000 262.000000
2014-02-08T09:00:00Z -1.000000 -1.000000 2.890000 7.000000 -1.000000 -1.000000 2.000000 50.000000 -1.000000 -1.000000 2.000000 50.000000 0.990000 1027.830000 2.340000 349.000000 0.930000 1027.320000 3.030000 43.000000
2014-02-08T08:00:00Z 0.640000 1026.620000 3.210000 331.000000 0.840000 1027.070000 1.090000 273.000000 0.760000 1026.590000 1.800000 9.000000 1.000000 1027.060000 2.430000 325.000000 0.970000 1026.730000 2.260000 23.000000
2014-02-08T07:00:00Z -1.000000 -1.000000 0.260000 70.000000 -1.000000 -1.000000 2.000000 150.000000 -1.000000 -1.000000 2.000000 150.000000 1.000000 1026.420000 2.240000 328.000000 0.970000 1026.300000 1.890000 31.000000
2014-02-08T06:00:00Z -1.000000 -1.000000 1.970000 93.000000 -1.000000 -1.000000 4.000000 170.000000 -1.000000 -1.000000 4.000000 170.000000 1.000000 1025.850000 1.990000 348.000000 0.970000 1025.930000 1.990000 56.000000
2014-02-08T05:00:00Z -1.000000 1024.950000 2.390000 169.000000 -1.000000 1024.830000 3.560000 172.000000 -1.000000 1024.440000 2.460000 174.000000 -1.000000 1025.480000 1.940000 3.000000 -1.000000 1025.720000 2.110000 67.000000
2014-02-08T04:00:00Z -1.000000 -1.000000 1.300000 71.000000 -1.000000 -1.000000 2.000000 180.000000 -1.000000 -1.000000 2.000000 180.000000 -1.000000 1025.440000 1.730000 353.000000 -1.000000 1025.790000 1.580000 48.000000
2014-02-17T02:00:00Z -1.000000 1033.910000 2.710000 62.000000 -1.000000 1033.260000 3.350000 35.000000 -1.000000 1033.220000 2.290000 350.000000 -1.000000 1034.600000 3.870000 32.000000 -1.000000 1034.880000 4.260000 59.000000
2014-02-17T01:00:00Z -1.000000 -1.000000 5.000000 67.000000 -1.000000 -1.000000 4.000000 -1.000000 -1.000000 -1.000000 4.000000 -1.000000 -1.000000 1034.340000 3.180000 58.000000 -1.000000 1034.720000 4.200000 54.000000
2014-02-17T00:00:00Z -1.000000 -1.000000 3.080000 96.000000 -1.000000 -1.000000 7.000000 20.000000 -1.000000 -1.000000 7.000000 20.000000 -1.000000 1034.050000 3.490000 96.000000 -1.000000 1034.510000 4.430000 51.000000
2014-02-16T23:00:00Z -1.000000 1033.500000 3.110000 93.000000 -1.000000 1032.100000 7.000000 70.000000 -1.000000 1031.500000 5.190000 36.000000 -1.000000 1033.700000 4.000000 110.000000 -1.000000 1034.180000 4.490000 49.000000
2014-02-16T22:00:00Z -1.000000 -1.000000 3.110000 93.000000 -1.000000 -1.000000 4.000000 20.000000 -1.000000 -1.000000 4.000000 20.000000 0.730000 1033.260000 3.140000 91.000000 0.660000 1033.660000 4.230000 50.000000
2014-02-16T21:00:00Z -1.000000 -1.000000 2.120000 147.000000 -1.000000 -1.000000 4.000000 20.000000 -1.000000 -1.000000 4.000000 20.000000 0.730000 1032.760000 3.110000 41.000000 0.660000 1033.010000 3.790000 51.000000
2014-03-04T05:00:00Z -1.000000 1024.690000 2.680000 18.000000 -1.000000 1025.100000 5.850000 25.000000 -1.000000 1025.420000 3.090000 356.000000 -1.000000 1025.870000 1.890000 122.000000 -1.000000 1025.090000 5.140000 68.000000
2014-03-04T04:00:00Z -1.000000 -1.000000 5.130000 353.000000 -1.000000 -1.000000 4.000000 10.000000 -1.000000 -1.000000 4.000000 10.000000 -1.000000 1025.540000 1.240000 69.000000 -1.000000 1024.620000 5.910000 55.000000
2014-03-04T03:00:00Z -1.000000 -1.000000 7.840000 355.000000 -1.000000 -1.000000 7.000000 30.000000 -1.000000 -1.000000 7.000000 30.000000 -1.000000 1025.330000 3.050000 12.000000 -1.000000 1024.230000 7.240000 41.000000
2014-03-04T02:00:00Z -1.000000 1023.710000 6.890000 -1.000000 -1.000000 1023.940000 6.010000 25.000000 -1.000000 1023.570000 3.440000 17.000000 -1.000000 1025.050000 4.580000 5.000000 -1.000000 1023.860000 7.950000 36.000000
2014-03-04T01:00:00Z -1.000000 -1.000000 7.840000 5.000000 -1.000000 -1.000000 7.000000 40.000000 -1.000000 -1.000000 7.000000 40.000000 -1.000000 1024.590000 4.250000 9.000000 -1.000000 1023.500000 7.060000 42.000000
2014-03-04T00:00:00Z -1.000000 -1.000000 6.510000 350.000000 -1.000000 -1.000000 7.000000 10.000000 -1.000000 -1.000000 7.000000 10.000000 -1.000000 1024.050000 3.100000 21.000000 -1.000000 1023.170000 5.600000 58.000000
2014-03-09T15:00:00Z -1.000000 -1.000000 16.000000 160.000000 -1.000000 -1.000000 9.000000 140.000000 -1.000000 -1.000000 9.000000 140.000000 -1.000000 1024.750000 6.960000 246.000000 -1.000000 1026.370000 1.680000 159.000000
2014-03-09T14:00:00Z 0.280000 1025.920000 8.260000 160.000000 0.840000 1025.000000 5.410000 135.000000 0.600000 1024.010000 1.850000 150.000000 -1.000000 1025.180000 7.790000 246.000000 -1.000000 1026.620000 2.230000 120.000000
2014-03-09T13:00:00Z -1.000000 -1.000000 13.000000 150.000000 -1.000000 -1.000000 -1.000000 -1.000000 -1.000000 -1.000000 -1.000000 -1.000000 -1.000000 1025.910000 4.570000 226.000000 -1.000000 1027.240000 3.120000 105.000000
2014-03-09T12:00:00Z -1.000000 -1.000000 -1.000000 -1.000000 -1.000000 -1.000000 -1.000000 -1.000000 -1.000000 -1.000000 -1.000000 -1.000000 -1.000000 1026.850000 4.190000 137.000000 -1.000000 1028.080000 4.060000 96.000000
2014-03-09T11:00:00Z 0.280000 1028.190000 1.920000 95.000000 0.840000 1027.650000 3.270000 74.000000 0.600000 1027.020000 2.190000 19.000000 -1.000000 1027.650000 7.280000 110.000000 -1.000000 1028.660000 4.550000 90.000000
2014-03-09T10:00:00Z -1.000000 -1.000000 -1.000000 -1.000000 -1.000000 -1.000000 -1.000000 -1.000000 -1.000000 -1.000000 -1.000000 -1.000000 -1.000000 1028.300000 6.260000 102.000000 -1.000000 1028.770000 4.290000 78.000000
2014-03-11T20:00:00Z 0.650000 1018.540000 10.410000 30.000000 0.850000 1017.640000 9.780000 39.000000 0.780000 1017.310000 3.890000 39.000000 1.000000 1024.650000 1.590000 298.000000 0.930000 1021.360000 7.460000 57.000000
2014-03-11T19:00:00Z -1.000000 -1.000000 12.040000 37.000000 -1.000000 -1.000000 16.000000 50.000000 -1.000000 -1.000000 16.000000 50.000000 0.990000 1022.860000 4.430000 350.000000 0.890000 1019.900000 7.810000 49.000000
2014-03-11T18:00:00Z -1.000000 -1.000000 8.990000 44.000000 -1.000000 -1.000000 16.000000 40.000000 -1.000000 -1.000000 16.000000 40.000000 0.990000 1020.610000 9.850000 359.000000 0.850000 1018.260000 8.340000 38.000000
2014-03-11T17:00:00Z 0.290000 1014.760000 6.910000 39.000000 0.840000 1013.950000 9.760000 26.000000 0.620000 1011.940000 5.770000 33.000000 0.980000 1018.780000 12.680000 2.000000 0.810000 1017.010000 7.970000 30.000000
2014-03-11T16:00:00Z -1.000000 -1.000000 -1.000000 -1.000000 -1.000000 -1.000000 13.000000 60.000000 -1.000000 -1.000000 13.000000 60.000000 0.910000 1017.640000 10.260000 7.000000 0.750000 1016.410000 5.380000 26.000000
2014-03-11T15:00:00Z -1.000000 -1.000000 2.000000 330.000000 -1.000000 -1.000000 9.000000 60.000000 -1.000000 -1.000000 9.000000 60.000000 0.820000 1016.910000 5.510000 24.000000 0.690000 1016.200000 1.600000 18.000000
2014-03-16T06:00:00Z -1.000000 -1.000000 13.000000 100.000000 -1.000000 -1.000000 16.000000 50.000000 -1.000000 -1.000000 16.000000 50.000000 0.750000 1017.950000 2.600000 33.000000 0.750000 1018.090000 6.170000 89.000000
2014-03-16T05:00:00Z -1.000000 1015.110000 3.260000 102.000000 -1.000000 1013.470000 10.900000 41.000000 -1.000000 1012.950000 3.270000 24.000000 -1.000000 1017.040000 2.000000 30.000000 -1.000000 1017.420000 5.590000 90.000000
2014-03-16T04:00:00Z -1.000000 -1.000000 13.000000 100.000000 -1.000000 -1.000000 -1.000000 -1.000000 -1.000000 -1.000000 -1.000000 -1.000000 -1.000000 1016.660000 1.910000 23.000000 -1.000000 1017.130000 5.060000 90.000000
2014-03-16T03:00:00Z -1.000000 -1.000000 3.760000 106.000000 -1.000000 -1.000000 7.000000 320.000000 -1.000000 -1.000000 7.000000 320.000000 -1.000000 1016.510000 1.860000 15.000000 -1.000000 1017.000000 4.590000 87.000000
2014-03-16T02:00:00Z -1.000000 1014.490000 2.960000 74.000000 -1.000000 1012.480000 7.720000 42.000000 -1.000000 1012.160000 1.780000 302.000000 -1.000000 1016.310000 1.840000 8.000000 -1.000000 1016.800000 4.390000 83.000000
2014-03-16T01:00:00Z -1.000000 -1.000000 5.150000 114.000000 -1.000000 -1.000000 7.000000 40.000000 -1.000000 -1.000000 7.000000 40.000000 -1.000000 1015.990000 1.840000 8.000000 -1.000000 1016.460000 4.760000 75.000000
2014-03-17T17:00:00Z 0.750000 1011.240000 14.480000 323.000000 0.640000 1012.450000 1.830000 88.000000 0.570000 1011.880000 2.720000 178.000000 0.730000 1012.880000 9.370000 298.000000 0.750000 1009.750000 7.540000 309.000000
2014-03-17T16:00:00Z -1.000000 -1.000000 18.310000 304.000000 -1.000000 -1.000000 -1.000000 -1.000000 -1.000000 -1.000000 -1.000000 -1.000000 0.730000 1011.780000 9.600000 304.000000 0.750000 1008.900000 6.500000 307.000000
2014-03-17T15:00:00Z -1.000000 -1.000000 21.640000 297.000000 -1.000000 -1.000000 4.000000 -1.000000 -1.000000 -1.000000 4.000000 -1.000000 0.740000 1010.810000 10.740000 315.000000 0.750000 1008.370000 4.860000 308.000000
2014-03-17T14:00:00Z 0.680000 1010.630000 15.660000 298.000000 0.840000 1011.870000 4.140000 292.000000 0.610000 1011.100000 3.160000 2.000000 0.750000 1010.200000 11.310000 320.000000 0.750000 1008.200000 3.490000 307.000000
2014-03-17T13:00:00Z -1.000000 -1.000000 14.070000 290.000000 -1.000000 -1.000000 -1.000000 -1.000000 -1.000000 -1.000000 -1.000000 -1.000000 0.750000 1010.090000 10.170000 315.000000 0.750000 1008.610000 2.760000 300.000000
2014-03-17T12:00:00Z -1.000000 -1.000000 14.750000 276.000000 -1.000000 -1.000000 4.000000 270.000000 -1.000000 -1.000000 4.000000 270.000000 0.740000 1010.330000 8.460000 303.000000 0.750000 1009.380000 2.420000 286.000000
2014-03-29T01:00:00Z -1.000000 -1.000000 4.080000 15.000000 -1.000000 -1.000000 7.000000 280.000000 -1.000000 -1.000000 7.000000 280.000000 -1.000000 1012.410000 2.050000 283.000000 -1.000000 1011.370000 1.970000 74.000000
2014-03-29T00:00:00Z -1.000000 -1.000000 2.000000 140.000000 -1.000000 -1.000000 2.000000 340.000000 -1.000000 -1.000000 2.000000 340.000000 -1.000000 1012.520000 2.270000 295.000000 -1.000000 1011.480000 3.510000 64.000000
2014-03-28T23:00:00Z -1.000000 1011.500000 2.080000 83.000000 -1.000000 1009.900000 1.960000 13.000000 -1.000000 1009.700000 4.060000 334.000000 -1.000000 1012.300000 2.000000 320.000000 -1.000000 1011.380000 4.610000 63.000000
2014-03-28T22:00:00Z -1.000000 -1.000000 1.750000 110.000000 -1.000000 -1.000000 -1.000000 -1.000000 -1.000000 -1.000000 -1.000000 -1.000000 0.950000 1011.490000 2.570000 31.000000 0.680000 1010.880000 4.730000 67.000000
2014-03-28T21:00:00Z -1.000000 -1.000000 2.000000 140.000000 -1.000000 -1.000000 2.000000 60.000000 -1.000000 -1.000000 2.000000 60.000000 0.950000 1010.360000 5.620000 58.000000 0.680000 1010.170000 4.430000 74.000000
2014-03-28T20:00:00Z 0.280000 1008.610000 3.190000 146.000000 0.840000 1008.570000 1.820000 109.000000 0.600000 1008.390000 1.630000 134.000000 0.950000 1009.250000 7.690000 61.000000 0.680000 1009.460000 4.120000 79.000000
2014-03-31T15:00:00Z -1.000000 -1.000000 13.000000 180.000000 -1.000000 -1.000000 11.000000 330.000000 -1.000000 -1.000000 11.000000 330.000000 1.000000 1014.480000 4.200000 267.000000 0.820000 1015.610000 3.480000 148.000000
2014-03-31T14:00:00Z 0.400000 1014.640000 6.170000 164.000000 0.960000 1015.310000 12.300000 245.000000 0.980000 1015.820000 2.430000 202.000000 0.980000 1014.730000 3.600000 228.000000 0.790000 1016.100000 4.290000 127.000000
2014-03-31T13:00:00Z -1.000000 -1.000000 -1.000000 -1.000000 -1.000000 -1.000000 11.000000 230.000000 -1.000000 -1.000000 11.000000 230.000000 0.910000 1015.270000 2.880000 186.000000 0.720000 1016.810000 5.330000 114.000000
2014-03-31T12:00:00Z -1.000000 -1.000000 9.000000 120.000000 -1.000000 -1.000000 -1.000000 -1.000000 -1.000000 -1.000000 -1.000000 -1.000000 0.820000 1016.000000 3.580000 134.000000 0.640000 1017.650000 6.460000 105.000000
2014-03-31T11:00:00Z 0.400000 1017.000000 3.220000 170.000000 0.950000 1016.780000 4.290000 230.000000 0.870000 1016.860000 3.050000 249.000000 0.750000 1016.650000 4.550000 114.000000 0.600000 1018.280000 7.000000 100.000000
2014-03-31T10:00:00Z -1.000000 -1.000000 11.000000 200.000000 -1.000000 -1.000000 11.000000 270.000000 -1.000000 -1.000000 11.000000 270.000000 0.760000 1017.180000 3.420000 103.000000 0.630000 1018.570000 6.420000 97.000000
2014-04-01T13:00:00Z -1.000000 -1.000000 -1.000000 -1.000000 -1.000000 -1.000000 9.000000 170.000000 -1.000000 -1.000000 9.000000 170.000000 0.320000 1011.340000 5.600000 126.000000 0.420000 1011.990000 4.190000 225.000000
2014-04-01T12:00:00Z -1.000000 -1.000000 -1.000000 -1.000000 -1.000000 -1.000000 -1.000000 -1.000000 -1.000000 -1.000000 -1.000000 -1.000000 0.330000 1012.630000 4.720000 134.000000 0.420000 1012.980000 2.740000 226.000000
2014-04-01T11:00:00Z 0.200000 1014.200000 2.460000 223.000000 0.450000 1014.480000 1.930000 242.000000 0.550000 1014.180000 1.710000 195.000000 0.330000 1013.780000 3.600000 141.000000 0.440000 1013.820000 1.470000 225.000000
2014-04-01T10:00:00Z -1.000000 -1.000000 -1.000000 -1.000000 -1.000000 -1.000000 -1.000000 -1.000000 -1.000000 -1.000000 -1.000000 -1.000000 0.330000 1014.730000 2.010000 136.000000 0.480000 1014.390000 0.570000 217.000000
2014-04-01T09:00:00Z -1.000000 -1.000000 -1.000000 -1.000000 -1.000000 -1.000000 -1.000000 -1.000000 -1.000000 -1.000000 -1.000000 -1.000000 0.330000 1015.530000 0.700000 54.000000 0.520000 1014.800000 0.260000 101.000000
2014-04-01T08:00:00Z 0.180000 1015.000000 2.010000 260.000000 0.350000 1015.490000 2.190000 269.000000 0.560000 1015.040000 4.150000 286.000000 0.330000 1016.020000 1.960000 356.000000 0.570000 1015.030000 0.740000 66.000000
2014-04-15T08:00:00Z 0.290000 1020.740000 7.880000 130.000000 0.840000 1019.500000 3.930000 123.000000 0.630000 1018.300000 2.500000 91.000000 0.760000 1022.400000 10.580000 108.000000 0.750000 1022.650000 7.760000 92.000000
2014-04-15T07:00:00Z -1.000000 -1.000000 7.000000 150.000000 -1.000000 -1.000000 4.000000 100.000000 -1.000000 -1.000000 4.000000 100.000000 0.760000 1021.590000 8.000000 99.000000 0.750000 1021.890000 7.420000 82.000000
2014-04-15T06:00:00Z -1.000000 -1.000000 2.600000 101.000000 -1.000000 -1.000000 4.000000 130.000000 -1.000000 -1.000000 4.000000 130.000000 0.760000 1020.330000 5.060000 74.000000 0.750000 1020.790000 7.300000 64.000000
2014-04-15T05:00:00Z -1.000000 1017.800000 2.840000 131.000000 -1.000000 1016.520000 1.650000 85.000000 -1.000000 1015.370000 0.640000 193.000000 -1.000000 1019.230000 4.030000 40.000000 -1.000000 1019.810000 7.110000 51.000000
2014-04-15T04:00:00Z -1.000000 -1.000000 5.530000 149.000000 -1.000000 -1.000000 2.000000 170.000000 -1.000000 -1.000000 2.000000 170.000000 -1.000000 1018.530000 3.720000 33.000000 -1.000000 1019.140000 5.870000 42.000000
2014-04-15T03:00:00Z -1.000000 -1.000000 3.080000 114.000000 -1.000000 -1.000000 9.000000 160.000000 -1.000000 -1.000000 9.000000 160.000000 -1.000000 1017.990000 3.090000 44.000000 -1.000000 1018.600000 4.010000 31.000000
2014-04-18T20:00:00Z 0.650000 1021.170000 5.560000 139.000000 0.960000 1020.240000 2.280000 121.000000 1.000000 1020.720000 0.590000 221.000000 0.740000 1020.230000 7.300000 117.000000 0.700000 1021.610000 2.490000 226.000000
2014-04-18T19:00:00Z -1.000000 -1.000000 8.710000 155.000000 -1.000000 -1.000000 -1.000000 -1.000000 -1.000000 -1.000000 -1.000000 -1.000000 0.750000 1019.180000 5.770000 122.000000 0.710000 1020.830000 1.810000 194.000000
2014-04-18T18:00:00Z -1.000000 -1.000000 10.960000 154.000000 -1.000000 -1.000000 2.000000 40.000000 -1.000000 -1.000000 2.000000 40.000000 0.750000 1017.980000 3.730000 128.000000 0.730000 1019.900000 2.270000 120.000000
2014-04-18T17:00:00Z 0.280000 1019.050000 10.310000 150.000000 0.850000 1018.450000 6.480000 134.000000 0.770000 1018.350000 1.840000 21.000000 0.760000 1017.230000 2.030000 146.000000 0.750000 1019.280000 3.990000 99.000000
2014-04-18T16:00:00Z -1.000000 -1.000000 13.000000 170.000000 -1.000000 -1.000000 4.000000 40.000000 -1.000000 -1.000000 4.000000 40.000000 0.750000 1017.240000 1.650000 210.000000 0.690000 1019.140000 4.870000 95.000000
2014-04-18T15:00:00Z -1.000000 -1.000000 9.620000 140.000000 -1.000000 -1.000000 4.000000 50.000000 -1.000000 -1.000000 4.000000 50.000000 0.720000 1017.690000 2.930000 244.000000 0.610000 1019.310000 5.340000 94.000000
2014-04-23T19:00:00Z -1.000000 -1.000000 11.290000 244.000000 -1.000000 -1.000000 13.000000 170.000000 -1.000000 -1.000000 13.000000 170.000000 0.910000 1010.320000 1.490000 75.000000 0.820000 1010.560000 5.300000 193.000000
2014-04-23T18:00:00Z -1.000000 -1.000000 13.130000 205.000000 -1.000000 -1.000000 20.000000 170.000000 -1.000000 -1.000000 20.000000 170.000000 0.850000 1008.680000 6.660000 177.000000 0.820000 1009.680000 8.080000 190.000000
2014-04-23T17:00:00Z 0.280000 1007.940000 13.920000 195.000000 0.930000 1007.970000 10.860000 193.000000 0.740000 1006.950000 8.570000 165.000000 0.780000 1007.480000 12.060000 181.000000 0.830000 1009.120000 10.260000 189.000000
2014-04-23T16:00:00Z -1.000000 -1.000000 13.000000 210.000000 -1.000000 -1.000000 22.000000 170.000000 -1.000000 -1.000000 22.000000 170.000000 0.780000 1007.040000 14.630000 175.000000 0.810000 1009.050000 11.460000 190.000000
2014-04-23T15:00:00Z -1.000000 -1.000000 12.810000 209.000000 -1.000000 -1.000000 20.000000 160.000000 -1.000000 -1.000000 20.000000 160.000000 0.790000 1007.040000 15.810000 168.000000 0.780000 1009.290000 12.050000 191.000000
2014-04-23T14:00:00Z 0.280000 1009.320000 9.790000 193.000000 0.800000 1009.010000 10.590000 192.000000 0.590000 1008.660000 9.160000 160.000000 0.760000 1007.360000 15.080000 164.000000 0.750000 1009.710000 11.780000 194.000000
2014-05-01T17:00:00Z 0.790000 1005.170000 9.240000 253.000000 0.850000 1005.960000 4.860000 261.000000 0.770000 1005.990000 6.090000 297.000000 0.770000 1004.350000 7.910000 167.000000 0.780000 1005.390000 9.360000 191.000000
2014-05-01T16:00:00Z -1.000000 -1.000000 13.000000 210.000000 -1.000000 -1.000000 11.000000 180.000000 -1.000000 -1.000000 11.000000 180.000000 0.760000 1003.710000 10.070000 171.000000 0.770000 1005.430000 9.690000 197.000000
2014-05-01T15:00:00Z -1.000000 -1.000000 11.690000 190.000000 -1.000000 -1.000000 9.000000 180.000000 -1.000000 -1.000000 9.000000 180.000000 0.760000 1003.800000 11.000000 179.000000 0.770000 1005.750000 9.820000 207.000000
2014-05-01T14:00:00Z 0.510000 1005.530000 10.730000 174.000000 0.840000 1005.580000 8.150000 203.000000 0.610000 1005.170000 6.380000 160.000000 0.770000 1004.240000 10.660000 182.000000 0.750000 1006.180000 9.970000 215.000000
2014-05-01T13:00:00Z -1.000000 -1.000000 11.000000 180.000000 -1.000000 -1.000000 13.000000 170.000000 -1.000000 -1.000000 13.000000 170.000000 0.780000 1005.080000 8.300000 169.000000 0.700000 1006.720000 10.010000 220.000000
2014-05-01T12:00:00Z -1.000000 -1.000000 10.090000 194.000000 -1.000000 -1.000000 -1.000000 -1.000000 -1.000000 -1.000000 -1.000000 -1.000000 0.780000 1006.290000 6.120000 134.000000 0.630000 1007.380000 9.840000 224.000000
2014-05-07T08:00:00Z 0.180000 1005.140000 7.460000 15.000000 0.320000 1005.390000 4.230000 20.000000 0.240000 1005.110000 2.330000 324.000000 0.600000 1005.750000 1.950000 57.000000 0.650000 1005.570000 3.370000 69.000000
2014-05-07T07:00:00Z -1.000000 -1.000000 11.000000 60.000000 -1.000000 -1.000000 4.000000 340.000000 -1.000000 -1.000000 4.000000 340.000000 0.600000 1005.220000 1.880000 54.000000 0.650000 1005.010000 3.300000 72.000000
2014-05-07T06:00:00Z -1.000000 -1.000000 4.590000 68.000000 -1.000000 -1.000000 4.000000 330.000000 -1.000000 -1.000000 4.000000 330.000000 0.600000 1004.620000 3.250000 22.000000 0.650000 1004.380000 3.390000 73.000000
2014-05-07T05:00:00Z -1.000000 1002.410000 4.170000 63.000000 -1.000000 1002.360000 4.000000 41.000000 -1.000000 1002.790000 0.660000 289.000000 -1.000000 1004.120000 4.390000 13.000000 -1.000000 1003.930000 3.480000 72.000000
2014-05-07T04:00:00Z -1.000000 -1.000000 4.930000 97.000000 -1.000000 -1.000000 4.000000 -1.000000 -1.000000 -1.000000 4.000000 -1.000000 -1.000000 1003.730000 4.050000 14.000000 -1.000000 1003.710000 3.520000 75.000000
2014-05-07T03:00:00Z -1.000000 -1.000000 4.160000 108.000000 -1.000000 -1.000000 4.000000 10.000000 -1.000000 -1.000000 4.000000 10.000000 -1.000000 1003.440000 3.130000 20.000000 -1.000000 1003.690000 3.560000 76.000000
2014-05-20T07:00:00Z -1.000000 -1.000000 2.000000 200.000000 -1.000000 -1.000000 2.000000 340.000000 -1.000000 -1.000000 2.000000 340.000000 0.310000 1006.960000 2.290000 106.000000 0.510000 1005.310000 3.290000 38.000000
2014-05-20T06:00:00Z -1.000000 -1.000000 6.410000 38.000000 -1.000000 -1.000000 2.000000 320.000000 -1.000000 -1.000000 2.000000 320.000000 0.310000 1006.670000 2.580000 44.000000 0.510000 1004.950000 2.880000 37.000000
2014-05-20T05:00:00Z -1.000000 1003.620000 1.900000 65.000000 -1.000000 1003.040000 2.110000 119.000000 -1.000000 1002.290000 3.490000 293.000000 -1.000000 1006.340000 3.770000 21.000000 -1.000000 1004.640000 2.300000 39.000000
2014-05-20T04:00:00Z -1.000000 -1.000000 3.220000 38.000000 -1.000000 -1.000000 2.000000 260.000000 -1.000000 -1.000000 2.000000 260.000000 -1.000000 1006.020000 3.540000 14.000000 -1.000000 1004.420000 1.360000 47.000000
2014-05-20T03:00:00Z -1.000000 -1.000000 -1.000000 -1.000000 -1.000000 -1.000000 7.000000 320.000000 -1.000000 -1.000000 7.000000 320.000000 -1.000000 1005.660000 2.540000 8.000000 -1.000000 1004.250000 0.570000 107.000000
2014-05-20T02:00:00Z -1.000000 1003.050000 3.030000 197.000000 -1.000000 1002.280000 3.330000 191.000000 -1.000000 1002.050000 3.090000 286.000000 -1.000000 1005.300000 1.780000 3.000000 -1.000000 1004.150000 1.150000 163.000000
2014-05-22T13:00:00Z -1.000000 -1.000000 13.890000 206.000000 -1.000000 -1.000000 16.000000 170.000000 -1.000000 -1.000000 16.000000 170.000000 0.320000 1005.480000 10.090000 213.000000 0.500000 1007.340000 7.140000 217.000000
2014-05-22T12:00:00Z -1.000000 -1.000000 9.000000 200.000000 -1.000000 -1.000000 13.000000 170.000000 -1.000000 -1.000000 13.000000 170.000000 0.330000 1006.250000 6.460000 195.000000 0.440000 1007.900000 5.440000 209.000000
2014-05-22T11:00:00Z -1.000000 1007.530000 6.730000 206.000000 0.320000 1007.110000 6.260000 211.000000 0.270000 1006.720000 5.620000 163.000000 0.330000 1006.880000 4.340000 163.000000 0.410000 1008.310000 3.890000 194.000000
2014-05-22T10:00:00Z -1.000000 -1.000000 11.000000 250.000000 -1.000000 -1.000000 -1.000000 -1.000000 -1.000000 -1.000000 -1.000000 -1.000000 0.330000 1007.290000 3.140000 138.000000 0.480000 1008.460000 2.830000 168.000000
2014-05-22T09:00:00Z -1.000000 -1.000000 -1.000000 -1.000000 -1.000000 -1.000000 4.000000 80.000000 -1.000000 -1.000000 4.000000 80.000000 0.330000 1007.570000 2.070000 106.000000 0.550000 1008.450000 2.700000 128.000000
2014-05-22T08:00:00Z -1.000000 1007.500000 2.400000 181.000000 0.450000 1007.080000 3.310000 208.000000 0.570000 1006.940000 1.300000 237.000000 0.330000 1007.620000 1.750000 65.000000 0.620000 1008.300000 3.160000 101.000000
2014-05-25T11:00:00Z 0.650000 1007.220000 13.020000 293.000000 0.750000 1008.570000 9.540000 263.000000 0.720000 1009.410000 5.150000 271.000000 0.730000 1005.430000 11.170000 255.000000 0.850000 1005.770000 2.760000 221.000000
2014-05-25T10:00:00Z -1.000000 -1.000000 18.400000 298.000000 -1.000000 -1.000000 -1.000000 -1.000000 -1.000000 -1.000000 -1.000000 -1.000000 0.820000 1005.970000 8.010000 249.000000 0.900000 1006.410000 2.360000 209.000000
2014-05-25T09:00:00Z -1.000000 -1.000000 11.000000 300.000000 -1.000000 -1.000000 7.000000 290.000000 -1.000000 -1.000000 7.000000 290.000000 0.910000 1006.530000 2.950000 242.000000 0.950000 1006.960000 1.740000 231.000000
2014-05-25T08:00:00Z 0.600000 1008.130000 4.820000 243.000000 0.770000 1009.160000 8.600000 311.000000 0.960000 1010.160000 4.270000 285.000000 1.000000 1006.910000 0.890000 105.000000 1.000000 1007.340000 1.470000 254.000000
2014-05-25T07:00:00Z -1.000000 -1.000000 1.020000 322.000000 -1.000000 -1.000000 4.000000 330.000000 -1.000000 -1.000000 4.000000 330.000000 1.000000 1006.970000 1.440000 96.000000 1.000000 1007.460000 1.030000 238.000000
2014-05-25T06:00:00Z -1.000000 -1.000000 2.000000 180.000000 -1.000000 -1.000000 9.000000 300.000000 -1.000000 -1.000000 9.000000 300.000000 1.000000 1006.850000 0.700000 125.000000 1.000000 1007.420000 0.980000 191.000000
2014-07-08T10:00:00Z -1.000000 -1.000000 9.000000 -1.000000 -1.000000 -1.000000 -1.000000 -1.000000 -1.000000 -1.000000 -1.000000 -1.000000 0.510000 1003.320000 6.310000 319.000000 0.740000 1002.460000 3.840000 216.000000
2014-07-08T09:00:00Z -1.000000 -1.000000 7.000000 260.000000 -1.000000 -1.000000 4.000000 320.000000 -1.000000 -1.000000 4.000000 320.000000 0.630000 1003.410000 4.320000 307.000000 0.760000 1002.420000 4.830000 214.000000
2014-07-08T08:00:00Z 0.400000 1001.680000 3.170000 224.000000 0.860000 1001.620000 2.360000 186.000000 0.780000 1001.560000 2.360000 281.000000 0.750000 1003.300000 2.930000 285.000000 0.780000 1002.310000 5.310000 212.000000
2014-07-08T07:00:00Z -1.000000 -1.000000 3.020000 285.000000 -1.000000 -1.000000 2.000000 270.000000 -1.000000 -1.000000 2.000000 270.000000 0.750000 1002.850000 2.260000 270.000000 0.780000 1002.060000 4.580000 208.000000
2014-07-08T06:00:00Z -1.000000 -1.000000 4.000000 20.000000 -1.000000 -1.000000 4.000000 330.000000 -1.000000 -1.000000 4.000000 330.000000 0.750000 1002.210000 1.800000 256.000000 0.780000 1001.740000 3.390000 199.000000
2014-07-08T05:00:00Z -1.000000 1000.780000 2.290000 213.000000 -1.000000 1000.660000 3.620000 222.000000 -1.000000 1000.210000 1.590000 257.000000 -1.000000 1001.650000 1.600000 240.000000 -1.000000 1001.500000 2.910000 191.000000
2014-07-18T19:00:00Z -1.000000 -1.000000 7.000000 190.000000 -1.000000 -1.000000 9.000000 150.000000 -1.000000 -1.000000 9.000000 150.000000 0.910000 1006.660000 1.010000 242.000000 0.710000 1007.010000 3.070000 220.000000
2014-07-18T18:00:00Z -1.000000 -1.000000 7.000000 210.000000 -1.000000 -1.000000 9.000000 140.000000 -1.000000 -1.000000 9.000000 140.000000 0.830000 1006.090000 0.510000 41.000000 0.690000 1006.550000 4.050000 225.000000
2014-07-18T17:00:00Z 0.210000 1005.860000 7.800000 192.000000 0.390000 1005.340000 5.120000 183.000000 0.690000 1005.060000 5.480000 155.000000 0.760000 1005.780000 1.460000 68.000000 0.680000 1006.300000 4.850000 223.000000
2014-07-18T16:00:00Z -1.000000 -1.000000 -1.000000 -1.000000 -1.000000 -1.000000 9.000000 150.000000 -1.000000 -1.000000 9.000000 150.000000 0.740000 1005.890000 2.080000 108.000000 0.650000 1006.370000 5.470000 213.000000
2014-07-18T15:00:00Z -1.000000 -1.000000 -1.000000 -1.000000 -1.000000 -1.000000 -1.000000 -1.000000 -1.000000 -1.000000 -1.000000 -1.000000 0.750000 1006.260000 3.490000 137.000000 0.630000 1006.660000 6.200000 202.000000
2014-07-18T14:00:00Z 0.510000 1006.570000 4.390000 205.000000 0.770000 1006.190000 3.880000 194.000000 0.610000 1005.890000 3.920000 161.000000 0.760000 1006.690000 4.470000 147.000000 0.630000 1006.990000 6.510000 196.000000
2014-07-28T12:00:00Z -1.000000 -1.000000 -1.000000 -1.000000 -1.000000 -1.000000 13.000000 170.000000 -1.000000 -1.000000 13.000000 170.000000 0.660000 1003.750000 5.670000 202.000000 0.810000 1004.810000 7.970000 236.000000
2014-07-28T11:00:00Z 0.290000 1005.440000 7.910000 218.000000 0.840000 1005.230000 8.830000 223.000000 0.600000 1005.140000 0.860000 110.000000 0.600000 1004.530000 4.040000 199.000000 0.860000 1005.220000 6.980000 242.000000
2014-07-28T10:00:00Z -1.000000 -1.000000 9.000000 260.000000 -1.000000 -1.000000 4.000000 180.000000 -1.000000 -1.000000 4.000000 180.000000 0.520000 1005.150000 2.240000 187.000000 0.720000 1005.650000 5.480000 239.000000
2014-07-28T09:00:00Z -1.000000 -1.000000 11.000000 250.000000 -1.000000 -1.000000 4.000000 220.000000 -1.000000 -1.000000 4.000000 220.000000 0.440000 1005.670000 1.080000 123.000000 0.580000 1006.050000 3.880000 221.000000
2014-07-28T08:00:00Z 0.070000 1006.260000 5.390000 200.000000 0.450000 1006.250000 2.310000 236.000000 0.580000 1006.200000 2.210000 273.000000 0.360000 1006.010000 1.660000 66.000000 0.440000 1006.300000 3.130000 196.000000
2014-07-28T07:00:00Z -1.000000 -1.000000 4.100000 187.000000 -1.000000 -1.000000 2.000000 210.000000 -1.000000 -1.000000 2.000000 210.000000 0.360000 1006.080000 1.680000 36.000000 0.440000 1006.320000 2.930000 183.000000
2014-07-29T12:00:00Z -1.000000 -1.000000 13.000000 190.000000 -1.000000 -1.000000 -1.000000 -1.000000 -1.000000 -1.000000 -1.000000 -1.000000 0.780000 1003.380000 6.900000 170.000000 0.660000 1004.970000 7.570000 201.000000
2014-07-29T11:00:00Z 0.340000 1004.660000 8.320000 197.000000 0.840000 1003.870000 6.320000 162.000000 0.610000 1003.390000 1.820000 128.000000 0.750000 1003.860000 4.420000 153.000000 0.680000 1005.280000 6.860000 206.000000
2014-07-29T10:00:00Z -1.000000 -1.000000 -1.000000 -1.000000 -1.000000 -1.000000 2.000000 210.000000 -1.000000 -1.000000 2.000000 210.000000 0.620000 1004.330000 2.640000 135.000000 0.660000 1005.470000 6.460000 206.000000
2014-07-29T09:00:00Z -1.000000 -1.000000 -1.000000 -1.000000 -1.000000 -1.000000 4.000000 200.000000 -1.000000 -1.000000 4.000000 200.000000 0.500000 1004.780000 1.410000 97.000000 0.640000 1005.580000 6.110000 203.000000
2014-07-29T08:00:00Z 0.340000 1005.110000 4.640000 171.000000 0.840000 1004.420000 4.690000 175.000000 0.600000 1004.060000 4.660000 160.000000 0.380000 1004.990000 1.420000 42.000000 0.620000 1005.590000 5.530000 200.000000
2014-07-29T07:00:00Z -1.000000 -1.000000 4.830000 160.000000 -1.000000 -1.000000 4.000000 130.000000 -1.000000 -1.000000 4.000000 130.000000 0.380000 1004.810000 1.780000 19.000000 0.620000 1005.440000 4.420000 197.000000
2014-08-03T14:00:00Z 0.480000 999.560000 6.140000 167.000000 0.690000 999.830000 6.220000 174.000000 0.590000 999.240000 3.540000 170.000000 0.750000 999.350000 5.840000 358.000000 0.700000 1000.130000 3.350000 29.000000
2014-08-03T13:00:00Z -1.000000 -1.000000 9.000000 120.000000 -1.000000 -1.000000 -1.000000 -1.000000 -1.000000 -1.000000 -1.000000 -1.000000 0.750000 999.850000 4.470000 352.000000 0.680000 1000.520000 3.840000 61.000000
2014-08-03T12:00:00Z -1.000000 -1.000000 -1.000000 -1.000000 -1.000000 -1.000000 4.000000 160.000000 -1.000000 -1.000000 4.000000 160.000000 0.750000 1000.600000 1.720000 323.000000 0.680000 1001.100000 4.940000 89.000000
2014-08-03T11:00:00Z 0.370000 1001.190000 2.330000 9.000000 0.840000 1001.210000 0.960000 271.000000 0.610000 1001.120000 2.120000 131.000000 0.750000 1001.300000 1.270000 237.000000 0.670000 1001.610000 5.920000 98.000000
2014-08-03T10:00:00Z -1.000000 -1.000000 2.000000 30.000000 -1.000000 -1.000000 2.000000 280.000000 -1.000000 -1.000000 2.000000 280.000000 0.750000 1001.950000 0.610000 218.000000 0.650000 1002.010000 5.780000 86.000000
2014-08-03T09:00:00Z -1.000000 -1.000000 -1.000000 -1.000000 -1.000000 -1.000000 -1.000000 -1.000000 -1.000000 -1.000000 -1.000000 -1.000000 0.750000 1002.570000 0.980000 43.000000 0.640000 1002.340000 5.600000 63.000000
2014-08-21T21:00:00Z -1.000000 -1.000000 4.000000 190.000000 -1.000000 -1.000000 4.000000 50.000000 -1.000000 -1.000000 4.000000 50.000000 0.960000 1009.470000 1.690000 101.000000 0.900000 1008.370000 1.690000 284.000000
2014-08-21T20:00:00Z 0.320000 1007.130000 4.280000 53.000000 0.920000 1006.980000 4.390000 209.000000 0.970000 1006.490000 6.250000 222.000000 0.960000 1008.890000 1.690000 101.000000 0.900000 1008.100000 2.730000 267.000000
2014-08-21T19:00:00Z -1.000000 -1.000000 2.380000 164.000000 -1.000000 -1.000000 -1.000000 -1.000000 -1.000000 -1.000000 -1.000000 -1.000000 0.890000 1007.820000 2.560000 25.000000 0.900000 1007.470000 2.300000 256.000000
2014-08-21T18:00:00Z -1.000000 -1.000000 7.000000 220.000000 -1.000000 -1.000000 2.000000 140.000000 -1.000000 -1.000000 2.000000 140.000000 0.820000 1006.490000 4.980000 6.000000 0.900000 1006.670000 1.390000 229.000000
2014-08-21T17:00:00Z 0.370000 1005.350000 6.190000 215.000000 0.920000 1005.690000 3.110000 209.000000 0.970000 1005.860000 2.310000 160.000000 0.750000 1005.520000 7.600000 359.000000 0.900000 1006.040000 1.310000 205.000000
2014-08-21T16:00:00Z -1.000000 -1.000000 -1.000000 -1.000000 -1.000000 -1.000000 -1.000000 -1.000000 -1.000000 -1.000000 -1.000000 -1.000000 0.610000 1005.140000 6.160000 352.000000 0.800000 1005.720000 2.160000 231.000000
2014-08-30T23:00:00Z -1.000000 1013.900000 2.710000 24.000000 -1.000000 1012.700000 3.110000 97.000000 -1.000000 1013.000000 2.510000 152.000000 -1.000000 1013.700000 2.000000 290.000000 -1.000000 1013.800000 1.260000 241.000000
2014-08-30T22:00:00Z -1.000000 -1.000000 2.000000 80.000000 -1.000000 -1.000000 4.000000 70.000000 -1.000000 -1.000000 4.000000 70.000000 1.000000 1013.900000 3.490000 308.000000 0.970000 1013.980000 1.610000 247.000000
2014-08-30T21:00:00Z -1.000000 -1.000000 2.000000 70.000000 -1.000000 -1.000000 4.000000 50.000000 -1.000000 -1.000000 4.000000 50.000000 1.000000 1014.070000 5.580000 318.000000 0.970000 1014.140000 1.780000 254.000000
2014-08-30T20:00:00Z 0.500000 1013.300000 2.800000 110.000000 0.880000 1013.110000 3.610000 48.000000 0.770000 1012.260000 1.480000 355.000000 1.000000 1014.100000 6.060000 319.000000 0.970000 1014.200000 1.470000 249.000000
2014-08-30T19:00:00Z -1.000000 -1.000000 2.000000 120.000000 -1.000000 -1.000000 4.000000 50.000000 -1.000000 -1.000000 4.000000 50.000000 0.930000 1013.840000 3.220000 302.000000 0.930000 1014.070000 1.100000 169.000000
2014-08-30T18:00:00Z -1.000000 -1.000000 4.000000 170.000000 -1.000000 -1.000000 2.000000 120.000000 -1.000000 -1.000000 2.000000 120.000000 0.850000 1013.430000 2.890000 196.000000 0.900000 1013.830000 3.010000 127.000000
2014-09-21T06:00:00Z -1.000000 -1.000000 2.780000 62.000000 -1.000000 -1.000000 4.000000 60.000000 -1.000000 -1.000000 4.000000 60.000000 0.740000 1018.200000 3.310000 343.000000 0.510000 1017.590000 2.300000 43.000000
2014-09-21T05:00:00Z -1.000000 1015.810000 3.540000 31.000000 -1.000000 1015.340000 1.380000 331.000000 -1.000000 1015.000000 1.430000 18.000000 -1.000000 1017.470000 3.800000 342.000000 -1.000000 1016.940000 2.400000 30.000000
2014-09-21T04:00:00Z -1.000000 -1.000000 4.000000 60.000000 -1.000000 -1.000000 4.000000 90.000000 -1.000000 -1.000000 4.000000 90.000000 -1.000000 1016.940000 4.100000 348.000000 -1.000000 1016.460000 2.430000 21.000000
2014-09-21T03:00:00Z -1.000000 -1.000000 4.000000 80.000000 -1.000000 -1.000000 4.000000 90.000000 -1.000000 -1.000000 4.000000 90.000000 -1.000000 1016.490000 4.280000 357.000000 -1.000000 1016.060000 2.400000 15.000000
2014-09-21T02:00:00Z -1.000000 1014.610000 5.410000 104.000000 -1.000000 1013.950000 2.930000 117.000000 -1.000000 1013.690000 0.900000 152.000000 -1.000000 1016.060000 3.900000 2.000000 -1.000000 1015.680000 2.350000 18.000000
2014-09-21T01:00:00Z -1.000000 -1.000000 7.870000 109.000000 -1.000000 -1.000000 2.000000 -1.000000 -1.000000 -1.000000 2.000000 -1.000000 -1.000000 1015.660000 2.220000 348.000000 -1.000000 1015.300000 2.450000 37.000000
2014-09-25T22:00:00Z -1.000000 -1.000000 5.400000 158.000000 -1.000000 -1.000000 2.000000 130.000000 -1.000000 -1.000000 2.000000 130.000000 0.730000 1014.790000 0.320000 218.000000 0.750000 1015.410000 1.000000 211.000000
2014-09-25T21:00:00Z -1.000000 -1.000000 4.820000 149.000000 -1.000000 -1.000000 2.000000 50.000000 -1.000000 -1.000000 2.000000 50.000000 0.730000 1015.260000 3.970000 184.000000 0.750000 1015.820000 1.360000 223.000000
2014-09-25T20:00:00Z 0.260000 1014.820000 3.690000 145.000000 0.690000 1014.530000 1.770000 190.000000 0.750000 1014.690000 1.940000 169.000000 0.730000 1015.480000 6.640000 180.000000 0.750000 1016.030000 1.770000 213.000000
2014-09-25T19:00:00Z -1.000000 -1.000000 2.510000 127.000000 -1.000000 -1.000000 2.000000 110.000000 -1.000000 -1.000000 2.000000 110.000000 0.720000 1015.220000 7.310000 170.000000 0.720000 1015.810000 2.720000 185.000000
2014-09-25T18:00:00Z -1.000000 -1.000000 3.600000 153.000000 -1.000000 -1.000000 4.000000 130.000000 -1.000000 -1.000000 4.000000 130.000000 0.720000 1014.710000 7.340000 157.000000 0.700000 1015.390000 4.380000 168.000000
2014-09-25T17:00:00Z 0.340000 1014.530000 6.760000 153.000000 0.660000 1014.200000 4.550000 169.000000 0.750000 1014.130000 4.290000 153.000000 0.710000 1014.430000 7.260000 147.000000 0.670000 1015.180000 5.500000 164.000000
2014-09-26T23:00:00Z -1.000000 1012.100000 5.770000 356.000000 -1.000000 1011.700000 0.600000 340.000000 -1.000000 1010.800000 2.110000 321.000000 -1.000000 1013.600000 7.000000 320.000000 -1.000000 1012.090000 1.740000 341.000000
2014-09-26T22:00:00Z -1.000000 -1.000000 4.000000 10.000000 -1.000000 -1.000000 -1.000000 -1.000000 -1.000000 -1.000000 -1.000000 -1.000000 0.760000 1013.070000 7.630000 320.000000 0.880000 1011.680000 2.240000 350.000000
2014-09-26T21:00:00Z -1.000000 -1.000000 5.620000 346.000000 -1.000000 -1.000000 4.000000 30.000000 -1.000000 -1.000000 4.000000 30.000000 0.760000 1012.550000 7.340000 317.000000 0.880000 1011.400000 3.040000 7.000000
2014-09-26T20:00:00Z 0.500000 1010.890000 2.430000 31.000000 0.950000 1010.540000 2.780000 42.000000 0.740000 1009.590000 1.860000 340.000000 0.760000 1011.940000 7.010000 311.000000 0.880000 1011.050000 2.950000 15.000000
2014-09-26T19:00:00Z -1.000000 -1.000000 9.000000 350.000000 -1.000000 -1.000000 4.000000 40.000000 -1.000000 -1.000000 4.000000 40.000000 0.760000 1011.110000 7.540000 301.000000 0.880000 1010.470000 0.820000 33.000000
2014-09-26T18:00:00Z -1.000000 -1.000000 10.740000 340.000000 -1.000000 -1.000000 2.000000 100.000000 -1.000000 -1.000000 2.000000 100.000000 0.750000 1010.180000 8.400000 289.000000 0.890000 1009.820000 2.470000 184.000000
2014-10-11T18:00:00Z -1.000000 -1.000000 10.030000 325.000000 -1.000000 -1.000000 2.000000 250.000000 -1.000000 -1.000000 2.000000 250.000000 0.910000 1024.060000 7.180000 332.000000 0.700000 1021.690000 3.730000 213.000000
2014-10-11T17:00:00Z 0.660000 1020.740000 4.700000 317.000000 0.840000 1020.570000 3.340000 45.000000 0.600000 1019.640000 0.820000 103.000000 0.980000 1022.860000 6.860000 354.000000 0.610000 1021.010000 4.500000 201.000000
2014-10-11T16:00:00Z -1.000000 -1.000000 7.000000 70.000000 -1.000000 -1.000000 2.000000 180.000000 -1.000000 -1.000000 2.000000 180.000000 0.930000 1021.690000 4.720000 2.000000 0.610000 1020.440000 5.400000 195.000000
2014-10-11T15:00:00Z -1.000000 -1.000000 9.000000 70.000000 -1.000000 -1.000000 2.000000 210.000000 -1.000000 -1.000000 2.000000 210.000000 0.820000 1020.620000 1.460000 12.000000 0.660000 1019.990000 6.150000 190.000000
2014-10-11T14:00:00Z 0.570000 1019.710000 1.150000 106.000000 0.840000 1019.660000 1.060000 40.000000 0.600000 1019.210000 0.470000 50.000000 0.760000 1020.070000 0.960000 168.000000 0.700000 1019.870000 6.360000 186.000000
2014-10-11T13:00:00Z -1.000000 -1.000000 -1.000000 -1.000000 -1.000000 -1.000000 4.000000 330.000000 -1.000000 -1.000000 4.000000 330.000000 0.770000 1020.450000 1.360000 196.000000 0.710000 1020.340000 5.690000 182.000000
