2014-01-02T13:00:00Z -1.000000 -1.000000 2.000000 280.000000 -1.000000 -1.000000 4.000000 50.000000 -1.000000 -1.000000 4.000000 50.000000 -1.000000 1017.580000 1.920000 147.000000 -1.000000 1017.180000 6.980000 213.000000
2014-01-02T12:00:00Z -1.000000 -1.000000 4.000000 240.000000 -1.000000 -1.000000 4.000000 330.000000 -1.000000 -1.000000 4.000000 330.000000 -1.000000 1019.410000 1.310000 118.000000 -1.000000 1018.700000 5.770000 206.000000
2014-01-02T11:00:00Z 0.140000 1020.260000 1.360000 138.000000 0.660000 1020.430000 2.130000 23.000000 0.270000 1019.770000 5.150000 261.000000 -1.000000 1020.900000 1.270000 82.000000 -1.000000 1019.970000 4.390000 197.000000
2014-01-02T10:00:00Z -1.000000 -1.000000 2.000000 70.000000 -1.000000 -1.000000 4.000000 310.000000 -1.000000 -1.000000 4.000000 310.000000 -1.000000 1021.760000 1.700000 71.000000 -1.000000 1020.760000 2.770000 178.000000
2014-01-02T09:00:00Z -1.000000 -1.000000 3.590000 12.000000 -1.000000 -1.000000 2.000000 340.000000 -1.000000 -1.000000 2.000000 340.000000 -1.000000 1022.280000 2.070000 69.000000 -1.000000 1021.290000 1.870000 124.000000
2014-01-02T08:00:00Z -1.000000 1020.490000 1.530000 47.000000 0.750000 1020.330000 1.220000 25.000000 0.720000 1019.710000 2.990000 289.000000 -1.000000 1022.470000 2.010000 67.000000 -1.000000 1021.580000 2.690000 86.000000
2014-01-04T11:00:00Z -1.000000 1024.300000 4.180000 169.000000 0.140000 1023.710000 2.600000 146.000000 0.060000 1022.960000 0.300000 267.000000 0.760000 1025.590000 1.370000 40.000000 0.750000 1025.320000 4.100000 203.000000
2014-01-04T10:00:00Z -1.000000 -1.000000 4.730000 179.000000 -1.000000 -1.000000 2.000000 80.000000 -1.000000 -1.000000 2.000000 80.000000 0.630000 1026.280000 1.520000 33.000000 0.720000 1025.870000 2.470000 192.000000
2014-01-04T09:00:00Z -1.000000 -1.000000 3.600000 163.000000 -1.000000 -1.000000 2.000000 40.000000 -1.000000 -1.000000 2.000000 40.000000 0.490000 1026.630000 1.730000 23.000000 0.700000 1026.150000 0.960000 129.000000
2014-01-04T08:00:00Z 0.330000 1025.310000 1.920000 127.000000 0.840000 1024.820000 1.450000 104.000000 0.580000 1024.230000 3.660000 323.000000 0.350000 1026.740000 1.890000 18.000000 0.670000 1026.270000 1.790000 66.000000
2014-01-04T07:00:00Z -1.000000 -1.000000 2.080000 127.000000 -1.000000 -1.000000 2.000000 250.000000 -1.000000 -1.000000 2.000000 250.000000 0.350000 1026.530000 1.920000 18.000000 0.670000 1026.190000 2.130000 61.000000
2014-01-04T06:00:00Z -1.000000 -1.000000 2.380000 174.000000 -1.000000 -1.000000 -1.000000 -1.000000 -1.000000 -1.000000 -1.000000 -1.000000 0.350000 1026.080000 1.870000 20.000000 0.670000 1025.960000 1.920000 65.000000
2014-01-06T11:00:00Z 0.780000 1028.050000 2.040000 169.000000 0.950000 1027.930000 1.890000 111.000000 0.740000 1027.800000 3.040000 25.000000 0.990000 1028.250000 1.470000 348.000000 0.850000 1027.460000 2.620000 220.000000
2014-01-06T10:00:00Z -1.000000 -1.000000 3.430000 124.000000 -1.000000 -1.000000 7.000000 50.000000 -1.000000 -1.000000 7.000000 50.000000 0.980000 1028.600000 1.480000 5.000000 0.850000 1027.890000 1.110000 185.000000
2014-01-06T09:00:00Z -1.000000 -1.000000 3.890000 127.000000 -1.000000 -1.000000 4.000000 350.000000 -1.000000 -1.000000 4.000000 350.000000 0.980000 1028.520000 1.630000 37.000000 0.850000 1028.060000 1.760000 88.000000
2014-01-06T08:00:00Z 0.750000 1028.040000 1.150000 82.000000 0.320000 1027.720000 1.250000 119.000000 0.560000 1027.220000 2.650000 8.000000 0.980000 1028.390000 1.970000 52.000000 0.850000 1028.130000 3.150000 72.000000
2014-01-06T07:00:00Z -1.000000 -1.000000 0.620000 111.000000 -1.000000 -1.000000 2.000000 50.000000 -1.000000 -1.000000 2.000000 50.000000 0.980000 1028.280000 2.060000 50.000000 0.850000 1028.080000 3.400000 66.000000
2014-01-06T06:00:00Z -1.000000 -1.000000 2.270000 108.000000 -1.000000 -1.000000 2.000000 60.000000 -1.000000 -1.000000 2.000000 60.000000 0.980000 1028.100000 2.020000 41.000000 0.850000 1027.930000 3.030000 60.000000
2014-01-13T16:00:00Z -1.000000 -1.000000 0.570000 140.000000 -1.000000 -1.000000 4.000000 160.000000 -1.000000 -1.000000 4.000000 160.000000 0.310000 1031.280000 1.250000 21.000000 0.310000 1030.840000 1.480000 239.000000
2014-01-13T15:00:00Z -1.000000 -1.000000 4.000000 250.000000 -1.000000 -1.000000 4.000000 200.000000 -1.000000 -1.000000 4.000000 200.000000 0.310000 1031.110000 0.910000 91.000000 0.300000 1030.740000 1.070000 232.000000
2014-01-13T14:00:00Z 0.070000 1030.100000 4.710000 221.000000 0.330000 1029.750000 5.630000 214.000000 -1.000000 1029.120000 4.640000 163.000000 0.310000 1031.410000 1.380000 127.000000 0.310000 1031.000000 0.920000 229.000000
2014-01-13T13:00:00Z -1.000000 -1.000000 -1.000000 -1.000000 -1.000000 -1.000000 4.000000 200.000000 -1.000000 -1.000000 4.000000 200.000000 0.310000 1032.540000 1.130000 145.000000 0.370000 1031.870000 1.480000 241.000000
2014-01-13T12:00:00Z -1.000000 -1.000000 -1.000000 -1.000000 -1.000000 -1.000000 -1.000000 -1.000000 -1.000000 -1.000000 -1.000000 -1.000000 0.310000 1034.150000 0.640000 185.000000 0.440000 1033.100000 2.340000 247.000000
2014-01-13T11:00:00Z 0.070000 1033.260000 3.820000 221.000000 0.320000 1033.210000 6.390000 215.000000 0.240000 1032.930000 2.970000 166.000000 0.310000 1035.410000 0.520000 247.000000 0.500000 1034.080000 2.650000 250.000000
2014-01-14T21:00:00Z -1.000000 -1.000000 2.240000 180.000000 -1.000000 -1.000000 2.000000 20.000000 -1.000000 -1.000000 2.000000 20.000000 -1.000000 1035.640000 1.930000 54.000000 -1.000000 1034.250000 2.570000 248.000000
2014-01-14T20:00:00Z 0.180000 1034.390000 2.740000 222.000000 0.850000 1035.310000 1.300000 313.000000 0.210000 1034.890000 2.830000 271.000000 -1.000000 1035.430000 1.700000 66.000000 -1.000000 1034.220000 2.840000 243.000000
2014-01-14T19:00:00Z -1.000000 -1.000000 2.000000 50.000000 -1.000000 -1.000000 2.000000 10.000000 -1.000000 -1.000000 2.000000 10.000000 0.750000 1034.970000 0.550000 77.000000 0.750000 1033.960000 2.870000 247.000000
2014-01-14T18:00:00Z -1.000000 -1.000000 -1.000000 -1.000000 -1.000000 -1.000000 2.000000 170.000000 -1.000000 -1.000000 2.000000 170.000000 0.750000 1034.380000 1.080000 244.000000 0.750000 1033.570000 2.820000 257.000000
2014-01-14T17:00:00Z 0.160000 1033.690000 3.240000 205.000000 0.320000 1034.150000 1.770000 144.000000 0.240000 1033.740000 2.020000 165.000000 0.750000 1033.950000 2.150000 255.000000 0.750000 1033.290000 2.550000 264.000000
2014-01-14T16:00:00Z -1.000000 -1.000000 -1.000000 -1.000000 -1.000000 -1.000000 4.000000 110.000000 -1.000000 -1.000000 4.000000 110.000000 0.610000 1033.720000 2.560000 279.000000 0.670000 1033.130000 1.830000 265.000000
2014-01-15T17:00:00Z 0.610000 1029.430000 3.570000 179.000000 0.840000 1029.680000 2.680000 159.000000 0.610000 1028.760000 4.190000 160.000000 0.350000 1030.510000 2.100000 174.000000 0.530000 1029.680000 2.000000 189.000000
2014-01-15T16:00:00Z -1.000000 -1.000000 3.040000 148.000000 -1.000000 -1.000000 7.000000 140.000000 -1.000000 -1.000000 7.000000 140.000000 0.340000 1030.470000 2.690000 164.000000 0.540000 1029.550000 2.770000 203.000000
2014-01-15T15:00:00Z -1.000000 -1.000000 4.000000 200.000000 -1.000000 -1.000000 11.000000 160.000000 -1.000000 -1.000000 11.000000 160.000000 0.330000 1030.570000 3.410000 151.000000 0.550000 1029.520000 3.650000 214.000000
2014-01-15T14:00:00Z 0.610000 1030.010000 3.780000 213.000000 0.800000 1030.100000 3.770000 167.000000 0.610000 1029.570000 6.250000 168.000000 0.330000 1031.110000 3.670000 143.000000 0.570000 1029.840000 4.020000 222.000000
2014-01-15T13:00:00Z -1.000000 -1.000000 4.000000 230.000000 -1.000000 -1.000000 4.000000 160.000000 -1.000000 -1.000000 4.000000 160.000000 0.330000 1032.440000 2.910000 132.000000 0.570000 1030.840000 3.400000 233.000000
2014-01-15T12:00:00Z -1.000000 -1.000000 9.000000 240.000000 -1.000000 -1.000000 2.000000 350.000000 -1.000000 -1.000000 2.000000 350.000000 0.330000 1034.190000 1.830000 106.000000 0.570000 1032.200000 2.480000 256.000000
2014-01-22T16:00:00Z -1.000000 -1.000000 4.000000 170.000000 -1.000000 -1.000000 7.000000 140.000000 -1.000000 -1.000000 7.000000 140.000000 0.740000 1022.720000 1.940000 195.000000 0.460000 1022.450000 2.240000 219.000000
2014-01-22T15:00:00Z -1.000000 -1.000000 7.000000 210.000000 -1.000000 -1.000000 4.000000 150.000000 -1.000000 -1.000000 4.000000 150.000000 0.740000 1022.900000 2.450000 242.000000 0.460000 1022.380000 1.640000 208.000000
2014-01-22T14:00:00Z -1.000000 1022.060000 2.910000 195.000000 0.320000 1022.200000 1.990000 189.000000 0.570000 1021.670000 2.690000 145.000000 -1.000000 1023.470000 2.840000 256.000000 -1.000000 1022.630000 1.220000 196.000000
2014-01-22T13:00:00Z -1.000000 -1.000000 -1.000000 -1.000000 -1.000000 -1.000000 2.000000 180.000000 -1.000000 -1.000000 2.000000 180.000000 -1.000000 1024.710000 1.490000 235.000000 -1.000000 1023.480000 1.080000 205.000000
2014-01-22T12:00:00Z -1.000000 -1.000000 -1.000000 -1.000000 -1.000000 -1.000000 2.000000 160.000000 -1.000000 -1.000000 2.000000 160.000000 -1.000000 1026.330000 1.840000 132.000000 -1.000000 1024.660000 1.130000 224.000000
2014-01-22T11:00:00Z -1.000000 1025.680000 1.060000 239.000000 0.450000 1026.150000 1.240000 12.000000 0.570000 1025.590000 2.840000 33.000000 -1.000000 1027.610000 3.390000 113.000000 -1.000000 1025.590000 1.230000 235.000000
2014-01-29T11:00:00Z 0.290000 1014.790000 1.990000 131.000000 0.840000 1014.190000 2.160000 110.000000 0.590000 1013.930000 0.680000 309.000000 0.970000 1015.330000 4.070000 213.000000 0.790000 1014.970000 7.470000 209.000000
2014-01-29T10:00:00Z -1.000000 -1.000000 9.000000 200.000000 -1.000000 -1.000000 2.000000 50.000000 -1.000000 -1.000000 2.000000 50.000000 0.900000 1016.100000 2.850000 235.000000 0.700000 1015.730000 5.390000 206.000000
2014-01-29T09:00:00Z -1.000000 -1.000000 7.000000 190.000000 -1.000000 -1.000000 2.000000 330.000000 -1.000000 -1.000000 2.000000 330.000000 0.820000 1016.610000 2.380000 293.000000 0.620000 1016.290000 2.770000 197.000000
2014-01-29T08:00:00Z 0.210000 1016.380000 2.900000 136.000000 0.800000 1015.780000 1.270000 344.000000 0.600000 1015.480000 2.800000 278.000000 0.750000 1017.070000 3.300000 324.000000 0.530000 1016.800000 1.350000 181.000000
2014-01-29T07:00:00Z -1.000000 -1.000000 1.130000 70.000000 -1.000000 -1.000000 2.000000 350.000000 -1.000000 -1.000000 2.000000 350.000000 0.750000 1017.460000 3.260000 329.000000 0.530000 1017.220000 1.990000 199.000000
2014-01-29T06:00:00Z -1.000000 -1.000000 2.250000 352.000000 -1.000000 -1.000000 2.000000 290.000000 -1.000000 -1.000000 2.000000 290.000000 0.750000 1017.810000 2.490000 330.000000 0.530000 1017.600000 3.890000 211.000000
2014-01-30T18:00:00Z -1.000000 -1.000000 6.160000 154.000000 -1.000000 -1.000000 4.000000 350.000000 -1.000000 -1.000000 4.000000 350.000000 -1.000000 1019.130000 2.760000 117.000000 -1.000000 1020.310000 2.990000 130.000000
2014-01-30T17:00:00Z 0.250000 1018.680000 6.890000 155.000000 0.600000 1017.610000 2.580000 80.000000 0.590000 1017.660000 1.180000 153.000000 -1.000000 1018.870000 3.970000 138.000000 -1.000000 1019.850000 3.960000 120.000000
2014-01-30T16:00:00Z -1.000000 -1.000000 10.700000 165.000000 0.320000 1017.610000 5.100000 110.000000 0.310000 1017.660000 4.370000 127.000000 -1.000000 1018.910000 5.160000 166.000000 -1.000000 1019.640000 4.110000 129.000000
2014-01-30T15:00:00Z -1.000000 -1.000000 16.000000 150.000000 -1.000000 -1.000000 7.000000 120.000000 -1.000000 -1.000000 7.000000 120.000000 -1.000000 1019.170000 7.170000 188.000000 -1.000000 1019.600000 4.060000 144.000000
2014-01-30T14:00:00Z 0.110000 1018.490000 7.230000 132.000000 0.280000 1018.480000 3.860000 159.000000 0.270000 1018.500000 5.190000 120.000000 -1.000000 1019.670000 7.860000 201.000000 -1.000000 1019.770000 3.770000 148.000000
2014-01-30T13:00:00Z -1.000000 -1.000000 11.000000 110.000000 -1.000000 -1.000000 2.000000 160.000000 -1.000000 -1.000000 2.000000 160.000000 -1.000000 1020.640000 5.550000 222.000000 -1.000000 1020.370000 3.160000 119.000000
2014-01-31T16:00:00Z -1.000000 -1.000000 4.000000 60.000000 -1.000000 -1.000000 9.000000 90.000000 -1.000000 -1.000000 9.000000 90.000000 0.640000 1019.170000 2.630000 165.000000 0.950000 1019.280000 4.610000 84.000000
2014-01-31T15:00:00Z -1.000000 -1.000000 2.420000 109.000000 -1.000000 -1.000000 9.000000 70.000000 -1.000000 -1.000000 9.000000 70.000000 0.480000 1019.110000 3.580000 147.000000 0.910000 1019.330000 3.260000 95.000000
2014-01-31T14:00:00Z 0.640000 1017.930000 3.770000 45.000000 0.860000 1017.160000 7.660000 68.000000 0.610000 1017.050000 4.280000 67.000000 0.400000 1019.400000 3.980000 136.000000 0.900000 1019.570000 2.490000 109.000000
2014-01-31T13:00:00Z -1.000000 -1.000000 7.000000 20.000000 -1.000000 -1.000000 11.000000 60.000000 -1.000000 -1.000000 11.000000 60.000000 0.530000 1020.340000 3.080000 124.000000 0.930000 1020.150000 2.460000 111.000000
2014-01-31T12:00:00Z -1.000000 -1.000000 7.000000 20.000000 -1.000000 -1.000000 -1.000000 -1.000000 -1.000000 -1.000000 -1.000000 -1.000000 0.760000 1021.630000 1.880000 90.000000 0.990000 1020.920000 2.770000 104.000000
2014-01-31T11:00:00Z 0.500000 1020.190000 3.920000 32.000000 0.820000 1019.820000 7.360000 40.000000 0.610000 1019.930000 3.320000 32.000000 0.870000 1022.610000 1.940000 40.000000 1.000000 1021.510000 3.030000 97.000000
2014-02-05T22:00:00Z -1.000000 -1.000000 2.890000 113.000000 -1.000000 -1.000000 2.000000 320.000000 -1.000000 -1.000000 2.000000 320.000000 0.750000 1030.640000 1.330000 100.000000 0.750000 1030.300000 1.760000 61.000000
2014-02-05T21:00:00Z -1.000000 -1.000000 1.740000 136.000000 -1.000000 -1.000000 7.000000 330.000000 -1.000000 -1.000000 7.000000 330.000000 0.750000 1030.370000 1.310000 163.000000 0.750000 1029.900000 0.430000 166.000000
2014-02-05T20:00:00Z 0.510000 1028.820000 2.160000 162.000000 0.980000 1028.810000 1.060000 308.000000 1.000000 1029.090000 1.680000 320.000000 0.750000 1029.950000 2.090000 182.000000 0.750000 1029.480000 1.780000 210.000000
2014-02-05T19:00:00Z -1.000000 -1.000000 3.600000 143.000000 -1.000000 -1.000000 -1.000000 -1.000000 -1.000000 -1.000000 -1.000000 -1.000000 0.620000 1029.270000 2.670000 167.000000 0.680000 1029.050000 2.560000 204.000000
2014-02-05T18:00:00Z -1.000000 -1.000000 4.730000 139.000000 -1.000000 -1.000000 2.000000 90.000000 -1.000000 -1.000000 2.000000 90.000000 0.480000 1028.450000 3.420000 149.000000 0.610000 1028.590000 3.080000 194.000000
2014-02-05T17:00:00Z 0.790000 1027.900000 3.720000 169.000000 0.980000 1027.680000 2.070000 267.000000 1.000000 1027.710000 1.180000 62.000000 0.350000 1027.830000 4.060000 142.000000 0.530000 1028.230000 3.610000 186.000000
2014-02-11T14:00:00Z 0.270000 1026.860000 6.920000 223.000000 0.320000 1027.090000 5.530000 246.000000 0.270000 1026.650000 3.170000 164.000000 0.750000 1026.070000 2.700000 127.000000 0.570000 1026.440000 4.540000 231.000000
2014-02-11T13:00:00Z -1.000000 -1.000000 9.000000 250.000000 -1.000000 -1.000000 -1.000000 -1.000000 -1.000000 -1.000000 -1.000000 -1.000000 0.630000 1027.370000 2.540000 118.000000 0.550000 1027.420000 2.900000 223.000000
2014-02-11T12:00:00Z -1.000000 -1.000000 -1.000000 -1.000000 -1.000000 -1.000000 -1.000000 -1.000000 -1.000000 -1.000000 -1.000000 -1.000000 0.470000 1029.200000 2.310000 107.000000 0.560000 1028.800000 1.330000 164.000000
2014-02-11T11:00:00Z 0.490000 1029.590000 3.820000 231.000000 0.450000 1029.610000 3.130000 194.000000 0.560000 1029.140000 1.230000 121.000000 0.350000 1030.670000 1.930000 92.000000 0.570000 1029.910000 1.920000 110.000000
2014-02-11T10:00:00Z -1.000000 -1.000000 9.000000 240.000000 -1.000000 -1.000000 2.000000 30.000000 -1.000000 -1.000000 2.000000 30.000000 0.340000 1031.450000 1.310000 61.000000 0.550000 1030.520000 1.520000 110.000000
2014-02-11T09:00:00Z -1.000000 -1.000000 3.070000 320.000000 -1.000000 -1.000000 2.000000 330.000000 -1.000000 -1.000000 2.000000 330.000000 0.340000 1031.860000 1.400000 4.000000 0.540000 1030.870000 0.640000 166.000000
2014-02-19T22:00:00Z -1.000000 -1.000000 5.240000 155.000000 -1.000000 -1.000000 4.000000 210.000000 -1.000000 -1.000000 4.000000 210.000000 0.750000 1030.510000 1.760000 32.000000 0.750000 1031.210000 0.920000 98.000000
2014-02-19T21:00:00Z -1.000000 -1.000000 5.670000 163.000000 -1.000000 -1.000000 7.000000 190.000000 -1.000000 -1.000000 7.000000 190.000000 0.750000 1030.410000 1.760000 32.000000 0.750000 1031.010000 0.260000 226.000000
2014-02-19T20:00:00Z 0.180000 1029.930000 5.510000 159.000000 0.350000 1029.660000 2.350000 129.000000 0.560000 1029.280000 3.320000 154.000000 0.750000 1030.110000 1.760000 32.000000 0.750000 1030.660000 0.850000 239.000000
2014-02-19T19:00:00Z -1.000000 -1.000000 8.100000 164.000000 -1.000000 -1.000000 4.000000 150.000000 -1.000000 -1.000000 4.000000 150.000000 0.750000 1029.400000 0.750000 315.000000 0.750000 1029.980000 1.270000 191.000000
2014-02-19T18:00:00Z -1.000000 -1.000000 6.180000 160.000000 -1.000000 -1.000000 4.000000 150.000000 -1.000000 -1.000000 4.000000 150.000000 0.750000 1028.500000 2.040000 257.000000 0.750000 1029.150000 2.390000 161.000000
2014-02-19T17:00:00Z 0.280000 1028.140000 7.100000 156.000000 0.450000 1028.100000 4.510000 138.000000 0.560000 1027.700000 3.740000 129.000000 0.750000 1027.850000 3.730000 248.000000 0.750000 1028.540000 3.320000 145.000000
2014-03-01T22:00:00Z -1.000000 -1.000000 6.510000 210.000000 -1.000000 -1.000000 7.000000 170.000000 -1.000000 -1.000000 7.000000 170.000000 0.750000 1023.630000 1.280000 2.000000 0.750000 1024.700000 0.960000 69.000000
2014-03-01T21:00:00Z -1.000000 -1.000000 7.870000 189.000000 -1.000000 -1.000000 9.000000 170.000000 -1.000000 -1.000000 9.000000 170.000000 0.750000 1023.310000 1.260000 71.000000 0.750000 1024.320000 1.540000 105.000000
2014-03-01T20:00:00Z -1.000000 1022.690000 6.070000 179.000000 0.310000 1023.140000 4.170000 198.000000 0.550000 1023.170000 4.300000 176.000000 0.750000 1022.890000 1.600000 113.000000 0.750000 1023.850000 2.220000 128.000000
2014-03-01T19:00:00Z -1.000000 -1.000000 9.000000 160.000000 -1.000000 -1.000000 9.000000 180.000000 -1.000000 -1.000000 9.000000 180.000000 0.600000 1022.190000 2.170000 181.000000 0.750000 1023.160000 3.110000 156.000000
2014-03-01T18:00:00Z -1.000000 -1.000000 9.310000 188.000000 -1.000000 -1.000000 7.000000 190.000000 -1.000000 -1.000000 7.000000 190.000000 0.460000 1021.390000 4.580000 212.000000 0.750000 1022.380000 4.560000 174.000000
2014-03-01T17:00:00Z -1.000000 1021.400000 3.840000 274.000000 0.310000 1021.890000 6.230000 198.000000 0.350000 1021.610000 5.210000 184.000000 0.310000 1021.000000 6.240000 222.000000 -1.000000 1021.900000 5.530000 181.000000
2014-03-16T16:00:00Z -1.000000 -1.000000 13.000000 100.000000 -1.000000 -1.000000 -1.000000 -1.000000 -1.000000 -1.000000 -1.000000 -1.000000 0.770000 1013.180000 10.590000 157.000000 0.750000 1014.970000 7.310000 131.000000
2014-03-16T15:00:00Z -1.000000 -1.000000 18.000000 110.000000 -1.000000 -1.000000 -1.000000 -1.000000 -1.000000 -1.000000 -1.000000 -1.000000 0.770000 1013.830000 9.880000 150.000000 0.750000 1015.770000 7.700000 131.000000
2014-03-16T14:00:00Z 0.440000 1014.870000 9.500000 94.000000 0.310000 1013.820000 7.200000 41.000000 0.180000 1013.790000 3.280000 16.000000 0.770000 1014.710000 9.350000 144.000000 0.750000 1016.610000 7.910000 129.000000
2014-03-16T13:00:00Z -1.000000 -1.000000 16.000000 70.000000 -1.000000 -1.000000 -1.000000 -1.000000 -1.000000 -1.000000 -1.000000 -1.000000 0.770000 1015.980000 9.500000 142.000000 0.750000 1017.550000 7.990000 122.000000
2014-03-16T12:00:00Z -1.000000 -1.000000 13.000000 100.000000 -1.000000 -1.000000 13.000000 50.000000 -1.000000 -1.000000 13.000000 50.000000 0.760000 1017.470000 9.680000 142.000000 0.750000 1018.530000 8.090000 113.000000
2014-03-16T11:00:00Z 0.500000 1017.670000 10.970000 85.000000 0.800000 1016.770000 9.240000 46.000000 0.590000 1017.000000 4.400000 45.000000 0.760000 1018.650000 8.920000 140.000000 0.750000 1019.240000 8.140000 106.000000
2014-03-23T08:00:00Z 0.180000 1026.770000 2.760000 32.000000 0.320000 1026.420000 6.680000 40.000000 0.060000 1026.360000 3.510000 -1.000000 0.750000 1028.000000 1.980000 326.000000 0.750000 1026.940000 1.290000 25.000000
2014-03-23T07:00:00Z -1.000000 -1.000000 4.000000 340.000000 -1.000000 -1.000000 7.000000 40.000000 -1.000000 -1.000000 7.000000 40.000000 0.750000 1027.860000 2.820000 346.000000 0.750000 1026.680000 1.880000 20.000000
2014-03-23T06:00:00Z -1.000000 -1.000000 2.310000 348.000000 -1.000000 -1.000000 9.000000 50.000000 -1.000000 -1.000000 9.000000 50.000000 0.750000 1027.340000 3.520000 6.000000 0.750000 1026.140000 2.310000 29.000000
2014-03-23T05:00:00Z -1.000000 1025.520000 2.650000 65.000000 -1.000000 1024.640000 8.210000 42.000000 -1.000000 1024.250000 3.550000 22.000000 -1.000000 1026.870000 3.970000 18.000000 -1.000000 1025.710000 2.450000 35.000000
2014-03-23T04:00:00Z -1.000000 -1.000000 0.310000 311.000000 -1.000000 -1.000000 11.000000 50.000000 -1.000000 -1.000000 11.000000 50.000000 -1.000000 1026.600000 3.700000 24.000000 -1.000000 1025.590000 1.930000 39.000000
2014-03-23T03:00:00Z -1.000000 -1.000000 1.540000 94.000000 -1.000000 -1.000000 11.000000 40.000000 -1.000000 -1.000000 11.000000 40.000000 -1.000000 1026.370000 2.920000 31.000000 -1.000000 1025.580000 1.110000 48.000000
2014-03-31T02:00:00Z -1.000000 1016.070000 5.520000 148.000000 -1.000000 1015.760000 3.670000 206.000000 -1.000000 1015.720000 1.190000 213.000000 -1.000000 1016.940000 1.770000 329.000000 -1.000000 1017.990000 1.640000 139.000000
2014-03-31T01:00:00Z -1.000000 -1.000000 6.510000 140.000000 -1.000000 -1.000000 2.000000 140.000000 -1.000000 -1.000000 2.000000 140.000000 -1.000000 1017.040000 1.210000 355.000000 -1.000000 1018.060000 1.900000 114.000000
2014-03-31T00:00:00Z -1.000000 -1.000000 5.670000 167.000000 -1.000000 -1.000000 7.000000 160.000000 -1.000000 -1.000000 7.000000 160.000000 -1.000000 1017.160000 1.430000 52.000000 -1.000000 1018.080000 2.570000 87.000000
2014-03-30T23:00:00Z -1.000000 1016.100000 5.690000 160.000000 -1.000000 1017.600000 2.850000 198.000000 -1.000000 1016.800000 2.730000 181.000000 -1.000000 1017.200000 2.000000 70.000000 -1.000000 1018.010000 2.770000 77.000000
2014-03-30T22:00:00Z -1.000000 -1.000000 4.810000 162.000000 -1.000000 -1.000000 7.000000 180.000000 -1.000000 -1.000000 7.000000 180.000000 0.330000 1017.200000 1.850000 57.000000 0.310000 1017.890000 1.370000 85.000000
2014-03-30T21:00:00Z -1.000000 -1.000000 6.510000 210.000000 -1.000000 -1.000000 7.000000 180.000000 -1.000000 -1.000000 7.000000 180.000000 0.330000 1017.120000 1.640000 27.000000 0.310000 1017.690000 1.070000 219.000000
2014-03-31T23:00:00Z -1.000000 1015.400000 4.070000 142.000000 -1.000000 1016.100000 3.120000 203.000000 -1.000000 1015.700000 3.350000 288.000000 -1.000000 1014.900000 2.000000 70.000000 -1.000000 1015.540000 3.060000 147.000000
2014-03-31T22:00:00Z -1.000000 -1.000000 5.230000 118.000000 -1.000000 -1.000000 4.000000 260.000000 -1.000000 -1.000000 4.000000 260.000000 0.770000 1015.100000 2.810000 98.000000 0.900000 1015.930000 3.040000 142.000000
2014-03-31T21:00:00Z -1.000000 -1.000000 4.030000 95.000000 -1.000000 -1.000000 7.000000 270.000000 -1.000000 -1.000000 7.000000 270.000000 0.770000 1015.400000 3.840000 114.000000 0.900000 1016.360000 2.510000 134.000000
2014-03-31T20:00:00Z 0.320000 1015.150000 1.230000 109.000000 1.000000 1015.180000 3.200000 186.000000 0.940000 1015.290000 1.310000 267.000000 0.770000 1015.520000 3.640000 119.000000 0.900000 1016.520000 2.070000 132.000000
2014-03-31T19:00:00Z -1.000000 -1.000000 7.760000 156.000000 -1.000000 -1.000000 9.000000 290.000000 -1.000000 -1.000000 9.000000 290.000000 0.840000 1015.250000 0.760000 79.000000 0.890000 1016.150000 1.990000 159.000000
2014-03-31T18:00:00Z -1.000000 -1.000000 0.690000 237.000000 -1.000000 -1.000000 7.000000 300.000000 -1.000000 -1.000000 7.000000 300.000000 0.910000 1014.810000 4.060000 317.000000 0.870000 1015.520000 2.690000 188.000000
2014-04-17T21:00:00Z -1.000000 -1.000000 4.820000 131.000000 -1.000000 -1.000000 4.000000 80.000000 -1.000000 -1.000000 4.000000 80.000000 1.000000 1015.340000 2.780000 289.000000 0.930000 1015.910000 0.590000 336.000000
2014-04-17T20:00:00Z 0.430000 1014.540000 4.940000 113.000000 0.850000 1014.060000 1.900000 151.000000 0.750000 1014.370000 1.560000 148.000000 1.000000 1014.690000 1.720000 280.000000 0.930000 1015.340000 0.500000 273.000000
2014-04-17T19:00:00Z -1.000000 -1.000000 9.000000 80.000000 -1.000000 -1.000000 4.000000 190.000000 -1.000000 -1.000000 4.000000 190.000000 1.000000 1013.910000 0.850000 241.000000 0.950000 1014.620000 0.320000 193.000000
2014-04-17T18:00:00Z -1.000000 -1.000000 11.000000 100.000000 -1.000000 -1.000000 4.000000 60.000000 -1.000000 -1.000000 4.000000 60.000000 1.000000 1013.090000 1.310000 167.000000 0.980000 1013.810000 0.910000 130.000000
2014-04-17T17:00:00Z 0.560000 1013.170000 4.630000 159.000000 0.850000 1012.800000 0.370000 147.000000 0.750000 1012.200000 2.390000 56.000000 1.000000 1012.500000 2.310000 153.000000 1.000000 1013.200000 1.600000 119.000000
2014-04-17T16:00:00Z -1.000000 -1.000000 9.000000 120.000000 -1.000000 -1.000000 7.000000 60.000000 -1.000000 -1.000000 7.000000 60.000000 1.000000 1012.310000 3.110000 154.000000 1.000000 1012.890000 2.140000 115.000000
2014-04-23T07:00:00Z -1.000000 -1.000000 5.420000 169.000000 -1.000000 -1.000000 2.000000 270.000000 -1.000000 -1.000000 2.000000 270.000000 0.350000 1012.050000 1.960000 324.000000 0.670000 1012.670000 4.580000 229.000000
2014-04-23T06:00:00Z -1.000000 -1.000000 7.130000 165.000000 -1.000000 -1.000000 2.000000 240.000000 -1.000000 -1.000000 2.000000 240.000000 0.350000 1011.650000 2.040000 318.000000 0.670000 1012.260000 3.840000 226.000000
2014-04-23T05:00:00Z -1.000000 1011.660000 5.480000 187.000000 -1.000000 1011.300000 3.750000 172.000000 -1.000000 1011.310000 4.100000 232.000000 -1.000000 1011.310000 2.060000 321.000000 -1.000000 1011.940000 3.170000 222.000000
2014-04-23T04:00:00Z -1.000000 -1.000000 6.450000 185.000000 -1.000000 -1.000000 7.000000 180.000000 -1.000000 -1.000000 7.000000 180.000000 -1.000000 1011.180000 2.310000 344.000000 -1.000000 1011.870000 2.530000 218.000000
2014-04-23T03:00:00Z -1.000000 -1.000000 7.130000 185.000000 -1.000000 -1.000000 4.000000 160.000000 -1.000000 -1.000000 4.000000 160.000000 -1.000000 1011.110000 3.020000 6.000000 -1.000000 1011.900000 1.960000 211.000000
2014-04-23T02:00:00Z -1.000000 1011.860000 6.410000 190.000000 -1.000000 1011.870000 1.850000 155.000000 -1.000000 1011.370000 3.220000 227.000000 -1.000000 1011.020000 3.480000 18.000000 -1.000000 1011.920000 1.670000 206.000000
2014-04-24T07:00:00Z -1.000000 -1.000000 7.000000 150.000000 -1.000000 -1.000000 4.000000 180.000000 -1.000000 -1.000000 4.000000 180.000000 0.390000 1014.900000 0.760000 320.000000 0.570000 1015.010000 5.590000 213.000000
2014-04-24T06:00:00Z -1.000000 -1.000000 4.610000 175.000000 -1.000000 -1.000000 2.000000 100.000000 -1.000000 -1.000000 2.000000 100.000000 0.390000 1014.120000 1.460000 268.000000 0.570000 1014.390000 4.970000 215.000000
2014-04-24T05:00:00Z -1.000000 1013.450000 3.530000 166.000000 -1.000000 1012.800000 2.690000 156.000000 -1.000000 1012.440000 1.310000 332.000000 -1.000000 1013.470000 1.880000 254.000000 -1.000000 1013.930000 4.180000 217.000000
2014-04-24T04:00:00Z -1.000000 -1.000000 5.000000 183.000000 -1.000000 -1.000000 2.000000 150.000000 -1.000000 -1.000000 2.000000 150.000000 -1.000000 1013.090000 1.000000 238.000000 -1.000000 1013.760000 2.870000 213.000000
2014-04-24T03:00:00Z -1.000000 -1.000000 3.870000 173.000000 -1.000000 -1.000000 4.000000 140.000000 -1.000000 -1.000000 4.000000 140.000000 -1.000000 1012.830000 0.820000 116.000000 -1.000000 1013.740000 1.470000 197.000000
2014-04-24T02:00:00Z -1.000000 1013.420000 5.780000 185.000000 -1.000000 1012.610000 1.390000 124.000000 -1.000000 1011.940000 0.610000 339.000000 -1.000000 1012.570000 1.570000 97.000000 -1.000000 1013.680000 0.930000 171.000000
2014-05-01T02:00:00Z -1.000000 1008.470000 4.400000 169.000000 -1.000000 1008.460000 3.780000 196.000000 -1.000000 1008.580000 2.110000 236.000000 -1.000000 1007.730000 1.610000 218.000000 -1.000000 1008.550000 1.470000 259.000000
2014-05-01T01:00:00Z -1.000000 -1.000000 4.830000 160.000000 -1.000000 -1.000000 2.000000 140.000000 -1.000000 -1.000000 2.000000 140.000000 -1.000000 1007.660000 1.510000 189.000000 -1.000000 1008.460000 1.850000 225.000000
2014-05-01T00:00:00Z -1.000000 -1.000000 5.050000 167.000000 -1.000000 -1.000000 2.000000 100.000000 -1.000000 -1.000000 2.000000 100.000000 -1.000000 1007.660000 1.650000 149.000000 -1.000000 1008.330000 2.900000 200.000000
2014-04-30T23:00:00Z -1.000000 1008.000000 6.640000 188.000000 -1.000000 1009.800000 2.380000 134.000000 -1.000000 1008.900000 0.800000 153.000000 -1.000000 1007.600000 2.000000 140.000000 -1.000000 1008.200000 4.020000 194.000000
2014-04-30T22:00:00Z -1.000000 -1.000000 7.400000 190.000000 -1.000000 -1.000000 2.000000 100.000000 -1.000000 -1.000000 2.000000 100.000000 0.550000 1007.490000 2.070000 169.000000 0.310000 1008.140000 4.780000 197.000000
2014-04-30T21:00:00Z -1.000000 -1.000000 7.750000 200.000000 -1.000000 -1.000000 2.000000 70.000000 -1.000000 -1.000000 2.000000 70.000000 0.550000 1007.320000 2.950000 203.000000 0.310000 1008.080000 5.450000 203.000000
2014-05-15T13:00:00Z -1.000000 -1.000000 4.000000 250.000000 -1.000000 -1.000000 -1.000000 -1.000000 -1.000000 -1.000000 -1.000000 -1.000000 0.330000 1000.030000 3.430000 283.000000 0.310000 1000.370000 6.700000 302.000000
2014-05-15T12:00:00Z -1.000000 -1.000000 4.000000 40.000000 -1.000000 -1.000000 13.000000 260.000000 -1.000000 -1.000000 13.000000 260.000000 0.330000 1000.830000 3.260000 335.000000 0.310000 1000.830000 7.430000 333.000000
2014-05-15T11:00:00Z 0.820000 1001.410000 1.440000 295.000000 0.910000 1001.860000 9.950000 236.000000 1.000000 1002.550000 8.820000 258.000000 -1.000000 1001.550000 4.170000 4.000000 -1.000000 1001.230000 8.220000 346.000000
2014-05-15T10:00:00Z -1.000000 -1.000000 4.000000 350.000000 -1.000000 -1.000000 11.000000 260.000000 -1.000000 -1.000000 11.000000 260.000000 -1.000000 1002.170000 3.460000 19.000000 0.310000 1001.530000 6.700000 337.000000
2014-05-15T09:00:00Z -1.000000 -1.000000 -1.000000 -1.000000 -1.000000 -1.000000 11.000000 250.000000 -1.000000 -1.000000 11.000000 250.000000 -1.000000 1002.700000 2.120000 49.000000 0.310000 1001.760000 4.870000 304.000000
2014-05-15T08:00:00Z 1.000000 1002.300000 3.850000 322.000000 0.900000 1002.960000 4.960000 271.000000 0.770000 1004.000000 7.640000 263.000000 -1.000000 1002.990000 1.790000 80.000000 0.310000 1001.860000 4.710000 272.000000
2014-05-21T14:00:00Z -1.000000 1004.480000 6.690000 177.000000 0.420000 1004.120000 3.970000 169.000000 0.270000 1003.590000 6.300000 152.000000 0.310000 1004.740000 6.060000 79.000000 0.750000 1005.160000 3.890000 135.000000
2014-05-21T13:00:00Z -1.000000 -1.000000 -1.000000 -1.000000 -1.000000 -1.000000 9.000000 110.000000 -1.000000 -1.000000 9.000000 110.000000 0.370000 1005.330000 5.260000 85.000000 0.760000 1005.700000 3.300000 126.000000
2014-05-21T12:00:00Z -1.000000 -1.000000 -1.000000 -1.000000 -1.000000 -1.000000 9.000000 90.000000 -1.000000 -1.000000 9.000000 90.000000 0.460000 1005.950000 4.050000 113.000000 0.760000 1006.290000 2.610000 118.000000
2014-05-21T11:00:00Z 0.180000 1006.590000 3.160000 92.000000 0.350000 1006.020000 7.160000 40.000000 0.560000 1005.410000 3.080000 13.000000 0.510000 1006.560000 3.720000 138.000000 0.750000 1006.830000 2.110000 105.000000
2014-05-21T10:00:00Z -1.000000 -1.000000 4.000000 120.000000 -1.000000 -1.000000 4.000000 -1.000000 -1.000000 -1.000000 4.000000 -1.000000 0.450000 1007.220000 2.870000 133.000000 0.720000 1007.330000 2.070000 86.000000
2014-05-21T09:00:00Z -1.000000 -1.000000 -1.000000 -1.000000 -1.000000 -1.000000 -1.000000 -1.000000 -1.000000 -1.000000 -1.000000 -1.000000 0.390000 1007.860000 1.990000 99.000000 0.680000 1007.770000 2.330000 70.000000
2014-06-16T05:00:00Z -1.000000 1004.250000 4.680000 207.000000 -1.000000 1004.260000 2.180000 202.000000 -1.000000 1004.140000 3.000000 179.000000 -1.000000 1003.620000 3.280000 66.000000 -1.000000 1003.570000 0.380000 139.000000
2014-06-16T04:00:00Z -1.000000 -1.000000 3.320000 225.000000 -1.000000 -1.000000 2.000000 140.000000 -1.000000 -1.000000 2.000000 140.000000 -1.000000 1003.560000 3.020000 79.000000 -1.000000 1003.520000 0.480000 103.000000
2014-06-16T03:00:00Z -1.000000 -1.000000 5.760000 210.000000 -1.000000 -1.000000 4.000000 150.000000 -1.000000 -1.000000 4.000000 150.000000 -1.000000 1003.610000 2.540000 100.000000 -1.000000 1003.480000 0.530000 65.000000
2014-06-16T02:00:00Z -1.000000 1004.240000 4.650000 222.000000 -1.000000 1004.530000 3.430000 188.000000 -1.000000 1004.330000 2.130000 166.000000 -1.000000 1003.740000 1.560000 134.000000 -1.000000 1003.510000 0.330000 6.000000
2014-06-16T01:00:00Z -1.000000 -1.000000 11.000000 250.000000 -1.000000 -1.000000 4.000000 150.000000 -1.000000 -1.000000 4.000000 150.000000 -1.000000 1004.050000 2.560000 246.000000 -1.000000 1003.710000 1.410000 268.000000
2014-06-16T00:00:00Z -1.000000 -1.000000 2.670000 219.000000 -1.000000 -1.000000 9.000000 160.000000 -1.000000 -1.000000 9.000000 160.000000 -1.000000 1004.440000 6.750000 265.000000 -1.000000 1003.980000 3.380000 259.000000
2014-07-01T09:00:00Z -1.000000 -1.000000 7.000000 180.000000 -1.000000 -1.000000 4.000000 330.000000 -1.000000 -1.000000 4.000000 330.000000 0.970000 1007.150000 3.330000 153.000000 0.780000 1007.720000 3.170000 161.000000
2014-07-01T08:00:00Z 0.370000 1006.210000 3.680000 133.000000 0.670000 1005.600000 2.020000 235.000000 0.590000 1005.410000 1.800000 284.000000 0.970000 1007.340000 2.150000 94.000000 0.780000 1007.840000 1.570000 127.000000
2014-07-01T07:00:00Z -1.000000 -1.000000 6.820000 140.000000 -1.000000 -1.000000 -1.000000 -1.000000 -1.000000 -1.000000 -1.000000 -1.000000 0.970000 1007.300000 2.440000 46.000000 0.780000 1007.730000 1.280000 96.000000
2014-07-01T06:00:00Z -1.000000 -1.000000 4.000000 100.000000 -1.000000 -1.000000 -1.000000 -1.000000 -1.000000 -1.000000 -1.000000 -1.000000 0.970000 1007.100000 3.100000 17.000000 0.780000 1007.470000 1.220000 87.000000
2014-07-01T05:00:00Z -1.000000 1005.420000 2.710000 89.000000 -1.000000 1004.670000 2.800000 151.000000 -1.000000 1004.430000 1.930000 250.000000 -1.000000 1006.930000 3.630000 3.000000 -1.000000 1007.240000 1.140000 83.000000
2014-07-01T04:00:00Z -1.000000 -1.000000 3.870000 83.000000 -1.000000 -1.000000 4.000000 180.000000 -1.000000 -1.000000 4.000000 180.000000 -1.000000 1006.850000 3.410000 357.000000 -1.000000 1007.120000 1.040000 76.000000
2014-07-02T21:00:00Z -1.000000 -1.000000 5.290000 134.000000 -1.000000 -1.000000 4.000000 110.000000 -1.000000 -1.000000 4.000000 110.000000 1.000000 1003.020000 5.810000 159.000000 1.000000 1003.500000 1.770000 156.000000
2014-07-02T20:00:00Z 0.720000 1002.330000 5.320000 126.000000 0.840000 1001.450000 1.860000 133.000000 0.610000 1001.070000 1.890000 93.000000 1.000000 1002.840000 6.410000 162.000000 1.000000 1003.460000 1.340000 178.000000
2014-07-02T19:00:00Z -1.000000 -1.000000 2.870000 90.000000 -1.000000 -1.000000 4.000000 150.000000 -1.000000 -1.000000 4.000000 150.000000 1.000000 1002.580000 6.520000 156.000000 1.000000 1003.410000 1.580000 153.000000
2014-07-02T18:00:00Z -1.000000 -1.000000 7.000000 150.000000 -1.000000 -1.000000 -1.000000 -1.000000 -1.000000 -1.000000 -1.000000 -1.000000 0.990000 1002.280000 6.480000 147.000000 1.000000 1003.340000 2.580000 131.000000
2014-07-02T17:00:00Z 0.830000 1001.500000 4.110000 157.000000 0.840000 1000.630000 2.070000 177.000000 0.610000 1000.170000 3.740000 103.000000 0.990000 1002.150000 6.690000 142.000000 1.000000 1003.360000 3.560000 126.000000
2014-07-02T16:00:00Z -1.000000 -1.000000 -1.000000 -1.000000 -1.000000 -1.000000 7.000000 110.000000 -1.000000 -1.000000 7.000000 110.000000 1.000000 1002.320000 7.450000 147.000000 1.000000 1003.510000 4.230000 131.000000
2014-07-05T18:00:00Z -1.000000 -1.000000 9.000000 160.000000 -1.000000 -1.000000 7.000000 140.000000 -1.000000 -1.000000 7.000000 140.000000 0.750000 1005.040000 8.010000 209.000000 0.770000 1006.310000 5.370000 210.000000
2014-07-05T17:00:00Z 0.430000 1005.580000 6.790000 162.000000 0.740000 1005.250000 5.760000 186.000000 0.750000 1004.690000 3.820000 165.000000 0.730000 1004.930000 8.590000 216.000000 0.750000 1006.140000 5.320000 209.000000
2014-07-05T16:00:00Z -1.000000 -1.000000 4.000000 130.000000 -1.000000 -1.000000 -1.000000 -1.000000 -1.000000 -1.000000 -1.000000 -1.000000 0.720000 1005.140000 8.190000 208.000000 0.740000 1006.360000 4.880000 202.000000
2014-07-05T15:00:00Z -1.000000 -1.000000 -1.000000 -1.000000 -1.000000 -1.000000 4.000000 130.000000 -1.000000 -1.000000 4.000000 130.000000 0.720000 1005.520000 7.570000 193.000000 0.740000 1006.790000 4.360000 188.000000
2014-07-05T14:00:00Z 0.320000 1006.710000 4.100000 182.000000 0.380000 1006.470000 5.160000 220.000000 0.570000 1006.170000 1.770000 145.000000 0.740000 1005.940000 7.180000 179.000000 0.750000 1007.200000 3.920000 169.000000
2014-07-05T13:00:00Z -1.000000 -1.000000 9.000000 70.000000 -1.000000 -1.000000 2.000000 100.000000 -1.000000 -1.000000 2.000000 100.000000 0.810000 1006.350000 6.390000 171.000000 0.770000 1007.550000 3.610000 142.000000
2014-07-30T08:00:00Z 1.000000 1005.070000 3.030000 99.000000 0.980000 1004.870000 4.970000 65.000000 0.790000 1004.670000 2.730000 25.000000 0.990000 1006.640000 2.020000 4.000000 1.000000 1006.460000 3.270000 131.000000
2014-07-30T07:00:00Z -1.000000 -1.000000 9.000000 100.000000 -1.000000 -1.000000 -1.000000 -1.000000 -1.000000 -1.000000 -1.000000 -1.000000 0.990000 1006.320000 1.670000 13.000000 1.000000 1006.150000 3.380000 127.000000
2014-07-30T06:00:00Z -1.000000 -1.000000 4.850000 53.000000 -1.000000 -1.000000 4.000000 50.000000 -1.000000 -1.000000 4.000000 50.000000 0.990000 1005.850000 0.940000 66.000000 1.000000 1005.780000 3.720000 123.000000
2014-07-30T05:00:00Z -1.000000 1003.700000 4.150000 42.000000 -1.000000 1003.210000 2.610000 6.000000 -1.000000 1003.200000 2.360000 355.000000 -1.000000 1005.350000 0.940000 117.000000 -1.000000 1005.450000 3.790000 118.000000
2014-07-30T04:00:00Z -1.000000 -1.000000 7.000000 120.000000 -1.000000 -1.000000 2.000000 40.000000 -1.000000 -1.000000 2.000000 40.000000 -1.000000 1004.840000 0.590000 288.000000 -1.000000 1005.180000 3.130000 109.000000
2014-07-30T03:00:00Z -1.000000 -1.000000 7.000000 170.000000 -1.000000 -1.000000 2.000000 40.000000 -1.000000 -1.000000 2.000000 40.000000 -1.000000 1004.300000 2.730000 297.000000 -1.000000 1004.960000 2.340000 92.000000
2014-08-20T02:00:00Z -1.000000 1010.480000 2.080000 206.000000 -1.000000 1010.740000 2.200000 193.000000 -1.000000 1010.810000 2.980000 198.000000 -1.000000 1010.320000 3.480000 342.000000 -1.000000 1010.380000 0.490000 252.000000
2014-08-20T01:00:00Z -1.000000 -1.000000 2.600000 181.000000 -1.000000 -1.000000 4.000000 160.000000 -1.000000 -1.000000 4.000000 160.000000 -1.000000 1010.410000 3.040000 343.000000 -1.000000 1010.470000 0.670000 252.000000
2014-08-20T00:00:00Z -1.000000 -1.000000 2.000000 220.000000 -1.000000 -1.000000 4.000000 160.000000 -1.000000 -1.000000 4.000000 160.000000 -1.000000 1010.550000 2.480000 350.000000 -1.000000 1010.590000 0.960000 250.000000
2014-08-19T23:00:00Z -1.000000 1010.400000 3.630000 182.000000 -1.000000 1011.700000 2.550000 160.000000 -1.000000 1011.500000 2.880000 173.000000 -1.000000 1010.600000 2.000000 -1.000000 -1.000000 1010.670000 1.220000 247.000000
2014-08-19T22:00:00Z -1.000000 -1.000000 3.470000 186.000000 -1.000000 -1.000000 4.000000 150.000000 -1.000000 -1.000000 4.000000 150.000000 0.330000 1010.530000 1.680000 15.000000 0.440000 1010.710000 1.310000 237.000000
2014-08-19T21:00:00Z -1.000000 -1.000000 4.820000 189.000000 -1.000000 -1.000000 4.000000 170.000000 -1.000000 -1.000000 4.000000 170.000000 0.330000 1010.380000 1.520000 34.000000 0.440000 1010.720000 1.420000 227.000000
2014-08-21T01:00:00Z -1.000000 -1.000000 2.380000 194.000000 -1.000000 -1.000000 4.000000 160.000000 -1.000000 -1.000000 4.000000 160.000000 -1.000000 1007.970000 0.930000 275.000000 -1.000000 1007.560000 1.920000 210.000000
2014-08-21T00:00:00Z -1.000000 -1.000000 3.290000 170.000000 -1.000000 -1.000000 2.000000 140.000000 -1.000000 -1.000000 2.000000 140.000000 -1.000000 1008.320000 1.150000 3.000000 -1.000000 1007.870000 2.620000 210.000000
2014-08-20T23:00:00Z -1.000000 1007.800000 3.760000 157.000000 -1.000000 1008.700000 5.000000 183.000000 -1.000000 1007.800000 2.890000 181.000000 -1.000000 1008.600000 2.000000 20.000000 -1.000000 1008.090000 3.220000 210.000000
2014-08-20T22:00:00Z -1.000000 -1.000000 4.100000 157.000000 -1.000000 -1.000000 4.000000 150.000000 -1.000000 -1.000000 4.000000 150.000000 0.760000 1008.840000 2.100000 23.000000 0.620000 1008.190000 3.580000 210.000000
2014-08-20T21:00:00Z -1.000000 -1.000000 5.000000 173.000000 -1.000000 -1.000000 7.000000 160.000000 -1.000000 -1.000000 7.000000 160.000000 0.760000 1009.000000 1.750000 20.000000 0.620000 1008.210000 3.830000 210.000000
2014-08-20T20:00:00Z 0.480000 1007.470000 4.430000 180.000000 0.710000 1007.250000 3.350000 193.000000 0.720000 1006.890000 2.400000 164.000000 0.760000 1008.790000 1.230000 353.000000 0.620000 1008.060000 4.210000 211.000000
2014-08-30T02:00:00Z -1.000000 1015.840000 2.500000 119.000000 -1.000000 1015.410000 2.920000 39.000000 -1.000000 1015.590000 1.530000 346.000000 -1.000000 1017.100000 2.000000 -1.000000 -1.000000 1016.670000 0.380000 178.000000
2014-08-30T01:00:00Z -1.000000 -1.000000 3.080000 94.000000 -1.000000 -1.000000 2.000000 30.000000 -1.000000 -1.000000 2.000000 30.000000 -1.000000 1017.110000 2.000000 -1.000000 -1.000000 1016.820000 1.530000 78.000000
2014-08-30T00:00:00Z -1.000000 -1.000000 2.980000 81.000000 -1.000000 -1.000000 2.000000 30.000000 -1.000000 -1.000000 2.000000 30.000000 -1.000000 1017.110000 2.000000 -1.000000 -1.000000 1016.960000 3.780000 70.000000
2014-08-29T23:00:00Z -1.000000 1015.800000 2.800000 86.000000 -1.000000 1015.800000 0.720000 71.000000 -1.000000 1015.400000 1.400000 353.000000 -1.000000 1017.000000 -1.000000 -1.000000 -1.000000 1016.950000 4.820000 70.000000
2014-08-29T22:00:00Z -1.000000 -1.000000 1.820000 138.000000 -1.000000 -1.000000 2.000000 60.000000 -1.000000 -1.000000 2.000000 60.000000 0.730000 1016.730000 1.830000 106.000000 0.560000 1016.700000 3.480000 75.000000
2014-08-29T21:00:00Z -1.000000 -1.000000 2.000000 100.000000 -1.000000 -1.000000 2.000000 40.000000 -1.000000 -1.000000 2.000000 40.000000 0.730000 1016.360000 1.830000 106.000000 0.560000 1016.300000 1.180000 112.000000
2014-09-22T09:00:00Z -1.000000 -1.000000 9.000000 130.000000 -1.000000 -1.000000 4.000000 80.000000 -1.000000 -1.000000 4.000000 80.000000 0.990000 1019.870000 2.430000 91.000000 0.840000 1020.170000 3.520000 94.000000
2014-09-22T08:00:00Z 0.680000 1019.130000 3.190000 86.000000 0.850000 1018.490000 3.030000 45.000000 0.770000 1018.590000 1.600000 4.000000 0.990000 1020.070000 1.790000 67.000000 0.870000 1020.190000 4.130000 75.000000
2014-09-22T07:00:00Z -1.000000 -1.000000 1.880000 73.000000 -1.000000 -1.000000 2.000000 20.000000 -1.000000 -1.000000 2.000000 20.000000 0.990000 1020.030000 1.770000 36.000000 0.870000 1020.090000 3.900000 64.000000
2014-09-22T06:00:00Z -1.000000 -1.000000 2.000000 60.000000 -1.000000 -1.000000 2.000000 80.000000 -1.000000 -1.000000 2.000000 80.000000 0.990000 1019.830000 2.120000 13.000000 0.870000 1019.880000 3.230000 51.000000
2014-09-22T05:00:00Z -1.000000 1018.460000 2.820000 89.000000 -1.000000 1017.830000 3.080000 45.000000 -1.000000 1017.710000 1.550000 31.000000 -1.000000 1019.670000 2.160000 359.000000 -1.000000 1019.720000 2.770000 40.000000
2014-09-22T04:00:00Z -1.000000 -1.000000 2.000000 90.000000 -1.000000 -1.000000 4.000000 350.000000 -1.000000 -1.000000 4.000000 350.000000 -1.000000 1019.590000 1.240000 335.000000 -1.000000 1019.660000 2.590000 42.000000
2014-09-25T08:00:00Z 0.160000 1018.610000 0.780000 89.000000 0.450000 1018.590000 1.820000 157.000000 0.580000 1018.320000 2.310000 204.000000 0.750000 1020.330000 2.100000 328.000000 0.750000 1019.250000 0.470000 48.000000
2014-09-25T07:00:00Z -1.000000 -1.000000 1.130000 60.000000 -1.000000 -1.000000 2.000000 170.000000 -1.000000 -1.000000 2.000000 170.000000 0.750000 1019.920000 2.320000 331.000000 0.750000 1018.890000 0.750000 347.000000
2014-09-25T06:00:00Z -1.000000 -1.000000 -1.000000 -1.000000 -1.000000 -1.000000 4.000000 160.000000 -1.000000 -1.000000 4.000000 160.000000 0.750000 1019.150000 2.120000 332.000000 0.750000 1018.300000 1.480000 330.000000
2014-09-25T05:00:00Z -1.000000 1017.080000 1.360000 120.000000 -1.000000 1017.010000 1.700000 160.000000 -1.000000 1016.910000 1.160000 256.000000 -1.000000 1018.540000 1.990000 339.000000 -1.000000 1017.850000 1.970000 326.000000
2014-09-25T04:00:00Z -1.000000 -1.000000 0.570000 40.000000 -1.000000 -1.000000 2.000000 70.000000 -1.000000 -1.000000 2.000000 70.000000 -1.000000 1018.310000 2.410000 357.000000 -1.000000 1017.730000 2.030000 327.000000
2014-09-25T03:00:00Z -1.000000 -1.000000 2.000000 160.000000 -1.000000 -1.000000 4.000000 210.000000 -1.000000 -1.000000 4.000000 210.000000 -1.000000 1018.230000 3.150000 11.000000 -1.000000 1017.750000 1.820000 330.000000
2014-09-26T08:00:00Z 0.500000 1011.950000 6.920000 152.000000 0.840000 1011.600000 3.730000 162.000000 0.620000 1011.470000 3.560000 196.000000 0.990000 1011.420000 2.880000 175.000000 0.820000 1012.840000 2.680000 158.000000
2014-09-26T07:00:00Z -1.000000 -1.000000 5.230000 152.000000 -1.000000 -1.000000 -1.000000 -1.000000 -1.000000 -1.000000 -1.000000 -1.000000 0.990000 1011.730000 2.460000 185.000000 0.820000 1013.170000 2.250000 132.000000
2014-09-26T06:00:00Z -1.000000 -1.000000 6.900000 149.000000 -1.000000 -1.000000 2.000000 260.000000 -1.000000 -1.000000 2.000000 260.000000 0.990000 1011.950000 2.610000 181.000000 0.820000 1013.500000 2.280000 102.000000
2014-09-26T05:00:00Z -1.000000 1012.680000 3.630000 130.000000 -1.000000 1011.900000 1.560000 106.000000 -1.000000 1011.940000 2.290000 218.000000 -1.000000 1012.180000 2.750000 176.000000 -1.000000 1013.790000 2.530000 86.000000
2014-09-26T04:00:00Z -1.000000 -1.000000 2.000000 160.000000 -1.000000 -1.000000 2.000000 -1.000000 -1.000000 -1.000000 2.000000 -1.000000 -1.000000 1012.420000 2.820000 172.000000 -1.000000 1014.030000 2.490000 83.000000
2014-09-26T03:00:00Z -1.000000 -1.000000 -1.000000 -1.000000 -1.000000 -1.000000 2.000000 20.000000 -1.000000 -1.000000 2.000000 20.000000 -1.000000 1012.680000 2.910000 166.000000 -1.000000 1014.240000 2.170000 88.000000
2014-10-07T13:00:00Z -1.000000 -1.000000 -1.000000 -1.000000 -1.000000 -1.000000 4.000000 110.000000 -1.000000 -1.000000 4.000000 110.000000 0.750000 1019.830000 3.110000 124.000000 0.750000 1019.630000 6.050000 236.000000
2014-10-07T12:00:00Z -1.000000 -1.000000 -1.000000 -1.000000 -1.000000 -1.000000 2.000000 250.000000 -1.000000 -1.000000 2.000000 250.000000 0.750000 1020.930000 3.510000 156.000000 0.750000 1020.420000 6.100000 240.000000
2014-10-07T11:00:00Z 0.530000 1020.840000 1.960000 192.000000 0.840000 1020.390000 1.860000 128.000000 0.590000 1020.120000 1.590000 126.000000 -1.000000 1021.840000 3.600000 173.000000 -1.000000 1021.050000 5.700000 242.000000
2014-10-07T10:00:00Z -1.000000 -1.000000 7.000000 200.000000 -1.000000 -1.000000 2.000000 350.000000 -1.000000 -1.000000 2.000000 350.000000 -1.000000 1022.470000 1.630000 187.000000 -1.000000 1021.410000 4.540000 238.000000
2014-10-07T09:00:00Z -1.000000 -1.000000 2.000000 60.000000 -1.000000 -1.000000 4.000000 240.000000 -1.000000 -1.000000 4.000000 240.000000 -1.000000 1022.920000 1.600000 334.000000 -1.000000 1021.620000 3.030000 224.000000
2014-10-07T08:00:00Z 0.480000 1021.370000 1.970000 185.000000 0.660000 1021.010000 1.840000 141.000000 0.570000 1020.630000 1.460000 199.000000 -1.000000 1023.100000 3.670000 344.000000 -1.000000 1021.650000 2.000000 200.000000
