2013-06-01T11:00:00 0 0 0 0 0
2013-06-01T10:00:00 0 0 0 0 0
2013-06-01T09:00:00 0 0 0 0 0
2013-06-01T08:00:00 0 0 0 0 0
2013-06-01T07:00:00 0 0 0 0 0
2013-06-01T06:00:00 0 0 0 0 0
2013-06-05T04:00:00 0 0 0 0 0
2013-06-05T03:00:00 0 0 0 0 0
2013-06-05T02:00:00 0 0 0 0 0
2013-06-05T01:00:00 0 0 0 0 0
2013-06-05T00:00:00 0 0 0 0 0
2013-06-04T23:00:00 0 0 0 0 0
2013-06-09T13:00:00 0 0 0 0 0
2013-06-09T12:00:00 0 0 0 0 0
2013-06-09T11:00:00 0 0 0 0 0
2013-06-09T10:00:00 0 0 0 0 0
2013-06-09T09:00:00 0 0 0 0 0
2013-06-09T08:00:00 0 0 0 0 0
2013-06-13T22:00:00 0 0 0 0 0
2013-06-13T21:00:00 0 0 0 0 0
2013-06-13T20:00:00 0 0 0 0 0
2013-06-13T19:00:00 0 0 0 0 0
2013-06-14T23:00:00 0 0 0 0 0
2013-06-14T22:00:00 0 0 0 0 0
2013-06-14T21:00:00 0 0 0 0 0
2013-06-14T20:00:00 0 0 0 0 0
2013-06-14T19:00:00 0 0 0 0 0
2013-06-14T18:00:00 0 0 0 0 0
2013-06-17T10:00:00 0 0 0 0 0
2013-06-17T09:00:00 0 0 0 0 0
2013-06-17T08:00:00 0 0 0 0 0
2013-06-17T07:00:00 0 0 0 0 0
2013-06-17T06:00:00 0 0 0 0 0
2013-06-17T05:00:00 0 0 0 0 0
2013-06-27T13:00:00 0 0 0 0 0
2013-06-27T12:00:00 0 0 0 0 0
2013-06-27T11:00:00 0 0 0 0 0
2013-06-27T10:00:00 0 0 0 0 0
2013-06-27T09:00:00 0 0 0 0 0
2013-06-27T08:00:00 0 0 0 0 0
2013-06-29T19:00:00 0 0 0 0 0
2013-06-29T18:00:00 0 0 0 0 0
2013-06-29T17:00:00 0 0 0 0 0
2013-06-29T16:00:00 0 0 0 0 0
2013-06-29T15:00:00 0 0 0 0 0
2013-06-29T14:00:00 0 0 0 0 0
2013-07-20T09:00:00 0.727524394103 0.272475605897 2 0 2
2013-07-20T08:00:00 0 0 0 0 0
2013-07-20T07:00:00 0 0 0 0 0
2013-07-20T06:00:00 0 0 0 0 0
2013-07-20T05:00:00 0 0 0 0 0
2013-07-20T04:00:00 0 0 0 0 0
2013-07-28T07:00:00 0 0 0 0 0
2013-07-28T06:00:00 0 0 0 0 0
2013-07-28T05:00:00 0 0 0 0 0
2013-07-28T04:00:00 0 0 0 0 0
2013-07-28T03:00:00 0 0 0 0 0
2013-07-30T22:00:00 0.936642309285 0.0633576907149 2 0 2
2013-07-30T21:00:00 0.882873987215 0.117126012785 3 0 3
2013-07-30T20:00:00 0.882873987215 0.117126012785 3 0 3
2013-07-30T19:00:00 0.866866896987 0.133133103013 4 0 4
2013-07-30T18:00:00 0.844455770769 0.155544229231 3 0 3
2013-08-17T09:00:00 0.799460017726 0.200539982274 5 0 5
2013-08-17T08:00:00 0.793514612029 0.206485387971 3 0 3
2013-08-17T07:00:00 0.806262126905 0.193737873096 2 0 2
2013-08-17T06:00:00 0.693901967651 0.306098032348 2 0 2
2013-08-17T05:00:00 0.693901967651 0.306098032348 2 0 2
2013-08-17T04:00:00 0.709415981556 0.290584018444 6 0 6
2013-09-13T09:00:00 0 0 0 0 0
2013-09-13T08:00:00 0 0 0 0 0
2013-09-13T07:00:00 0 0 0 0 0
2013-09-13T06:00:00 0 0 0 0 0
2013-09-13T05:00:00 0 0 0 0 0
2013-09-13T04:00:00 0 0 0 0 0
2013-09-20T05:00:00 0 0 0 0 0
2013-09-20T04:00:00 0 0 0 0 0
2013-09-20T03:00:00 0 0 0 0 0
2013-09-20T02:00:00 0.185982786723 0.814017213277 0 1 1
2013-09-20T01:00:00 0.439747651643 0.560252348357 1 1 2
2013-09-20T00:00:00 0.439747651643 0.560252348357 1 1 2
2013-10-07T17:00:00 0.872485157267 0.127514842733 3 0 3
2013-10-07T16:00:00 0.838374118991 0.161625881009 4 0 4
2013-10-07T15:00:00 0.774112539259 0.225887460741 3 0 3
2013-10-07T14:00:00 0.611588442198 0.388411557802 3 1 4
2013-10-07T13:00:00 0.611588442198 0.388411557802 3 1 4
2013-10-07T12:00:00 0.611588442198 0.388411557802 3 1 4
2013-10-10T17:00:00 0.0 0.0 0 0 0
2013-10-10T16:00:00 0.0 0.0 0 0 0
2013-10-10T15:00:00 0.0 0.0 0 0 0
2013-10-10T14:00:00 0.0 0.0 0 0 0
2013-10-10T13:00:00 0 0 0 0 0
2013-10-10T12:00:00 0 0 0 0 0
2013-10-19T18:00:00 0.936889741622 0.0631102583782 1 0 1
2013-10-19T17:00:00 0 0 0 0 0
2013-10-19T16:00:00 0.642783901263 0.357216098737 1 0 1
2013-10-19T15:00:00 0.643789389951 0.356210610048 2 0 2
2013-10-19T14:00:00 0.723847096866 0.276152903134 4 0 4
2013-10-19T13:00:00 0.723847096866 0.276152903134 4 0 4
2013-10-22T19:00:00 0.911998331304 0.0880016686961 2 0 2
2013-10-22T18:00:00 0.911998331304 0.0880016686961 2 0 2
2013-10-22T17:00:00 0.784567048202 0.215432951798 3 0 3
2013-10-22T16:00:00 0.784567048202 0.215432951798 3 0 3
2013-10-29T17:00:00 0.75225933696 0.24774066304 1 0 1
2013-10-29T16:00:00 0.75225933696 0.24774066304 1 0 1
2013-10-29T15:00:00 0.75225933696 0.24774066304 1 0 1
2013-10-29T14:00:00 0 0 0 0 0
2013-10-29T13:00:00 0 0 0 0 0
2013-10-29T12:00:00 0 0 0 0 0
2013-11-09T19:00:00 0.648564161536 0.351435838464 3 1 4
2013-11-09T18:00:00 0.879893782535 0.120106217465 3 0 3
2013-11-09T17:00:00 0.879893782535 0.120106217465 3 0 3
2013-11-09T16:00:00 0.917416327629 0.0825836723708 3 0 3
2013-11-09T15:00:00 0.917416327629 0.0825836723708 3 0 3
2013-11-09T14:00:00 0.917416327629 0.0825836723708 3 0 3
2013-11-14T16:00:00 0.767130176346 0.232869823654 13 0 13
2013-11-14T15:00:00 0.777450529846 0.222549470154 12 0 12
2013-11-14T14:00:00 0.808277155286 0.191722844715 10 0 10
2013-11-14T13:00:00 0.824750980354 0.175249019646 9 0 9
2013-11-14T12:00:00 0.817203045327 0.182796954674 10 0 10
2013-11-14T11:00:00 0.82395437713 0.17604562287 9 0 9
2013-11-24T17:00:00 0.846886294537 0.153113705463 5 0 5
2013-11-24T16:00:00 0.836108923647 0.163891076353 4 0 4
2013-11-24T15:00:00 0.756441059094 0.243558940906 1 0 1
2013-11-24T14:00:00 0.780850933232 0.219149066768 2 0 2
2013-11-24T13:00:00 0.80526080737 0.19473919263 1 0 1
2013-11-24T12:00:00 0.80526080737 0.19473919263 1 0 1
2013-12-09T06:00:00 0.702376417229 0.29762358277 2 0 2
2013-12-09T05:00:00 0.702376417229 0.29762358277 2 0 2
2013-12-09T04:00:00 0.703221792797 0.296778207203 2 0 2
2013-12-09T03:00:00 0.703221792797 0.296778207203 2 0 2
2013-12-09T02:00:00 0.735605799734 0.264394200266 4 0 4
2013-12-09T01:00:00 0.753533709597 0.246466290403 11 0 11
2013-12-26T04:00:00 0.637694085675 0.362305914325 3 1 4
2013-12-26T03:00:00 0.637694085675 0.362305914325 3 1 4
2013-12-26T02:00:00 0.686556811296 0.313443188704 5 1 6
2013-12-26T01:00:00 0.714042952751 0.285957047249 9 1 10
2013-12-26T00:00:00 0.752757865054 0.247242134946 17 1 18
2013-12-25T23:00:00 0.773122419206 0.226877580795 25 1 26
2014-01-03T01:00:00 0.762533583791 0.237466416209 23 0 23
2014-01-03T00:00:00 0.759351336067 0.240648663933 21 0 21
2014-01-02T23:00:00 0.737875463858 0.262124536142 19 1 20
2014-01-02T22:00:00 0.726173724367 0.273826275633 16 1 17
2014-01-02T21:00:00 0.700141484283 0.299858515717 12 1 13
2014-01-02T20:00:00 0.701192184669 0.298807815331 10 1 11
2014-01-05T05:00:00 0.756441059094 0.243558940906 6 0 6
2014-01-05T04:00:00 0.756441059094 0.243558940906 6 0 6
2014-01-05T03:00:00 0.756441059094 0.243558940906 6 0 6
2014-01-05T02:00:00 0.756163618672 0.243836381328 7 0 7
2014-01-05T01:00:00 0.756052642503 0.243947357497 5 0 5
2014-01-05T00:00:00 0.757369744401 0.242630255599 5 0 5
2014-01-11T22:00:00 0.705493381247 0.294506618753 2 0 2
2014-01-11T21:00:00 0.705493381247 0.294506618753 2 0 2
2014-01-11T20:00:00 0.705493381247 0.294506618753 2 0 2
2014-01-11T19:00:00 0.705493381247 0.294506618753 2 0 2
2014-01-11T18:00:00 0.726434729238 0.273565270762 1 0 1
2014-01-11T17:00:00 0.693191879666 0.306808120334 2 0 2
2014-01-14T01:00:00 0.888459765853 0.111540234147 2 0 2
2014-01-14T00:00:00 0.818935587156 0.181064412844 5 0 5
2014-01-13T23:00:00 0.817473623277 0.182526376723 7 0 7
2014-01-13T22:00:00 0.808025126577 0.191974873423 9 0 9
2014-01-13T21:00:00 0.790960793782 0.209039206218 8 0 8
2014-01-13T20:00:00 0.793631818999 0.206368181001 9 0 9
2014-01-17T05:00:00 0.0 0.0 0 0 0
2014-01-17T04:00:00 0.705686260504 0.294313739496 1 0 1
2014-01-17T03:00:00 0.829737785762 0.170262214239 2 0 2
2014-01-17T02:00:00 0.612963930431 0.387036069569 2 1 3
2014-01-17T01:00:00 0.612963930431 0.387036069569 2 1 3
2014-01-17T00:00:00 0.726702409185 0.273297590816 5 1 6
2014-01-18T00:00:00 0.733090211522 0.266909788478 6 0 6
2014-01-17T23:00:00 0.778623099567 0.221376900433 9 0 9
2014-01-17T22:00:00 0.778623099567 0.221376900433 9 0 9
2014-01-17T21:00:00 0.749783043161 0.250216956839 11 0 11
2014-01-17T20:00:00 0.745220548682 0.254779451318 9 0 9
2014-01-17T19:00:00 0.753960854944 0.246039145056 7 0 7
2014-01-19T21:00:00 0.811198340323 0.188801659677 10 0 10
2014-01-19T20:00:00 0.795977947261 0.204022052739 7 0 7
2014-01-19T19:00:00 0.795977947261 0.204022052739 7 0 7
2014-01-19T18:00:00 0.781158656504 0.218841343496 6 1 7
2014-01-19T17:00:00 0.735771418201 0.264228581799 3 1 4
2014-01-19T16:00:00 0.704818741167 0.295181258833 2 1 3
2014-01-24T13:00:00 0.720553840253 0.279446159747 5 0 5
2014-01-24T12:00:00 0.732998175377 0.267001824623 6 0 6
2014-01-24T11:00:00 0.749689677429 0.250310322571 7 0 7
2014-01-24T10:00:00 0.73124043201 0.26875956799 8 0 8
2014-01-24T09:00:00 0.751632134848 0.248367865152 9 0 9
2014-01-24T08:00:00 0.754879515394 0.245120484606 11 0 11
2014-01-30T02:00:00 0.77710168048 0.22289831952 2 0 2
2014-01-30T01:00:00 0.77710168048 0.22289831952 2 0 2
2014-01-30T00:00:00 0.785987573685 0.214012426315 1 0 1
2014-01-29T23:00:00 0.785987573685 0.214012426315 1 0 1
2014-01-29T22:00:00 0.576830863789 0.423169136211 2 1 3
2014-01-29T21:00:00 0.472252508841 0.527747491159 1 1 2
2014-01-31T07:00:00 0.826860447614 0.173139552386 3 0 3
2014-01-31T06:00:00 0.856280784596 0.143719215405 2 0 2
2014-01-31T05:00:00 0.775671827569 0.224328172431 1 0 1
2014-01-31T04:00:00 0.775671827569 0.224328172431 1 0 1
2014-01-31T03:00:00 0.775671827569 0.224328172431 1 0 1
2014-01-31T02:00:00 0.775671827569 0.224328172431 1 0 1
2014-02-02T09:00:00 0.0 0.0 0 0 0
2014-02-02T08:00:00 0 0 0 0 0
2014-02-02T07:00:00 0 0 0 0 0
2014-02-02T06:00:00 0 0 0 0 0
2014-02-02T05:00:00 0 0 0 0 0
2014-02-02T04:00:00 0.336232579833 0.663767420167 0 1 1
2014-02-06T13:00:00 0.765308679582 0.234691320418 16 1 17
2014-02-06T12:00:00 0.751881320362 0.248118679638 15 1 16
2014-02-06T11:00:00 0.780537778491 0.219462221509 12 0 12
2014-02-06T10:00:00 0.776949420143 0.223050579857 14 0 14
2014-02-06T09:00:00 0.776949420143 0.223050579857 14 0 14
2014-02-06T08:00:00 0.787027652324 0.212972347676 14 0 14
2014-02-12T07:00:00 0 0 0 0 0
2014-02-12T06:00:00 0 0 0 0 0
2014-02-12T05:00:00 0.755293125238 0.244706874762 3 0 3
2014-02-12T04:00:00 0.755293125238 0.244706874762 3 0 3
2014-02-12T03:00:00 0.761992038414 0.238007961586 5 0 5
2014-02-12T02:00:00 0.761992038414 0.238007961586 5 0 5
2014-02-17T04:00:00 0.769237339734 0.230762660266 5 0 5
2014-02-17T03:00:00 0.772321164085 0.227678835915 6 0 6
2014-02-17T02:00:00 0.791115527026 0.208884472974 7 0 7
2014-02-17T01:00:00 0.810413820315 0.189586179685 9 0 9
2014-02-17T00:00:00 0.805257196789 0.194742803211 11 0 11
2014-02-16T23:00:00 0.80016089508 0.19983910492 14 0 14
2014-03-04T04:00:00 0.679991360456 0.320008639544 2 0 2
2014-03-04T03:00:00 0.679991360456 0.320008639544 2 0 2
2014-03-04T02:00:00 0.60789888906 0.39210111094 1 0 1
2014-03-04T01:00:00 0.666144662083 0.333855337917 3 0 3
2014-03-04T00:00:00 0.653028395713 0.346971604287 4 1 5
2014-03-03T23:00:00 0.664426428458 0.335573571542 5 1 6
2014-03-11T19:00:00 0.804882964085 0.195117035915 4 0 4
2014-03-11T18:00:00 0 0 0 0 0
2014-03-11T17:00:00 0 0 0 0 0
2014-03-11T16:00:00 0.896979458267 0.103020541733 3 0 3
2014-03-11T15:00:00 0.824085825186 0.175914174814 4 0 4
2014-03-11T14:00:00 0.800627693017 0.199372306983 6 0 6
2014-03-16T06:00:00 0.522526975749 0.477473024251 1 1 2
2014-03-16T05:00:00 0.522526975749 0.477473024251 1 1 2
2014-03-16T04:00:00 0.679168573103 0.320831426897 2 0 2
2014-03-16T03:00:00 0.723986240127 0.276013759873 3 0 3
2014-03-16T02:00:00 0.696569384047 0.303430615953 4 0 4
2014-03-16T01:00:00 0.696569384047 0.303430615953 4 0 4
2014-03-28T11:00:00 0.783569153654 0.216430846346 11 0 11
2014-03-28T10:00:00 0.783569153654 0.216430846346 11 0 11
2014-03-28T09:00:00 0.783569153654 0.216430846346 11 0 11
2014-03-28T08:00:00 0.837928507636 0.162071492364 1 0 1
2014-03-28T07:00:00 0.0 0.0 0 0 0
2014-03-28T06:00:00 0 0 0 0 0
2014-03-29T01:00:00 0.851150115466 0.148849884534 6 0 6
2014-03-29T00:00:00 0.847251521185 0.152748478815 7 0 7
2014-03-28T23:00:00 0.86284104521 0.13715895479 6 0 6
2014-03-28T22:00:00 0.86284104521 0.13715895479 6 0 6
2014-03-28T21:00:00 0.873859207295 0.126140792705 8 0 8
2014-03-28T20:00:00 0.832203601353 0.167796398647 7 0 7
2014-04-01T14:00:00 0.787389777968 0.212610222032 28 2 30
2014-04-01T13:00:00 0.806538441724 0.193461558276 42 2 44
2014-04-01T12:00:00 0.806538441724 0.193461558276 42 2 44
2014-04-01T11:00:00 0.8040883097 0.1959116903 41 2 43
2014-04-01T10:00:00 0.80069775144 0.19930224856 36 2 38
2014-04-01T09:00:00 0.818382271683 0.181617728317 28 1 29
2014-04-15T08:00:00 0.767247269675 0.232752730325 9 0 9
2014-04-15T07:00:00 0.769675147931 0.230324852069 7 0 7
2014-04-15T06:00:00 0.769492727849 0.230507272151 8 0 8
2014-04-15T05:00:00 0.767820447238 0.232179552762 10 0 10
2014-04-15T04:00:00 0.773164233763 0.226835766237 11 0 11
2014-04-15T03:00:00 0.783835161627 0.216164838373 13 0 13
2014-04-23T19:00:00 0.728708214043 0.271291785957 7 0 7
2014-04-23T18:00:00 0.719799950789 0.280200049211 6 0 6
2014-04-23T17:00:00 0.703505424931 0.296494575069 4 0 4
2014-04-23T16:00:00 0.726815428719 0.273184571281 3 0 3
2014-04-23T15:00:00 0.676710214043 0.323289785957 5 1 6
2014-04-23T14:00:00 0.740301674505 0.259698325494 8 1 9
2014-04-25T22:00:00 0.838316653423 0.161683346577 6 0 6
2014-04-25T21:00:00 0.830112499559 0.169887500441 7 0 7
2014-04-25T20:00:00 0.815982777312 0.184017222688 8 0 8
2014-04-25T19:00:00 0.804376021379 0.195623978621 9 0 9
2014-04-25T18:00:00 0.773057338109 0.226942661892 6 0 6
2014-04-25T17:00:00 0.740290857406 0.259709142594 5 0 5
2014-05-07T07:00:00 0 0 0 0 0
2014-05-07T06:00:00 0 0 0 0 0
2014-05-07T05:00:00 0 0 0 0 0
2014-05-07T04:00:00 0 0 0 0 0
2014-05-07T03:00:00 0 0 0 0 0
2014-05-07T02:00:00 0 0 0 0 0
2014-05-16T00:00:00 0 0 0 0 0
2014-05-15T23:00:00 0 0 0 0 0
2014-05-15T22:00:00 0 0 0 0 0
2014-05-15T21:00:00 0 0 0 0 0
2014-05-15T20:00:00 0 0 0 0 0
2014-05-15T19:00:00 0 0 0 0 0
2014-05-19T00:00:00 0.841213429275 0.158786570725 1 0 1
2014-05-18T23:00:00 0.841213429275 0.158786570725 1 0 1
2014-05-18T22:00:00 0.841213429275 0.158786570725 1 0 1
2014-05-18T21:00:00 0.841213429275 0.158786570725 1 0 1
2014-05-18T20:00:00 0.841213429275 0.158786570725 1 0 1
2014-05-18T19:00:00 0.841213429275 0.158786570725 1 0 1
2014-05-20T06:00:00 0 0 0 0 0
2014-05-20T05:00:00 0 0 0 0 0
2014-05-20T04:00:00 0 0 0 0 0
2014-05-20T03:00:00 0.615894275439 0.384105724561 1 0 1
2014-05-20T02:00:00 0.615894275439 0.384105724561 1 0 1
2014-05-20T01:00:00 0.615894275439 0.384105724561 1 0 1
2014-05-22T14:00:00 0.712640417398 0.287359582602 3 0 3
2014-05-22T13:00:00 0.818156171482 0.181843828518 6 0 6
2014-05-22T12:00:00 0.833556942597 0.166443057404 6 0 6
2014-05-22T11:00:00 0.833556942597 0.166443057404 6 0 6
2014-05-22T10:00:00 0.849075973823 0.150924026177 5 0 5
2014-05-22T09:00:00 0.849075973823 0.150924026177 5 0 5
2014-05-25T11:00:00 0.681312379656 0.318687620344 1 0 1
2014-05-25T10:00:00 0.681312379656 0.318687620344 1 0 1
2014-05-25T09:00:00 0.681312379656 0.318687620344 1 0 1
2014-05-25T08:00:00 0.681312379656 0.318687620344 1 0 1
2014-05-25T07:00:00 0 0 0 0 0
2014-05-25T06:00:00 0 0 0 0 0
2014-05-30T18:00:00 0.703393932393 0.296606067607 3 1 4
2014-05-30T17:00:00 0.625561995983 0.374438004017 2 1 3
2014-05-30T16:00:00 0.622749715295 0.377250284705 2 1 3
2014-05-30T15:00:00 0.622749715295 0.377250284705 2 1 3
2014-05-31T23:00:00 0.728825234614 0.271174765386 5 1 6
2014-05-31T22:00:00 0.796905024438 0.203094975562 5 0 5
2014-05-31T21:00:00 0.805716406359 0.194283593641 2 0 2
2014-05-31T20:00:00 0.848485304015 0.151514695985 4 0 4
2014-05-31T19:00:00 0.826702817459 0.173297182541 5 0 5
2014-05-31T18:00:00 0.826702817459 0.173297182541 5 0 5
2014-06-17T03:00:00 0.0 0.0 0 0 0
2014-06-17T02:00:00 0.0 0.0 0 0 0
2014-06-17T01:00:00 0.0 0.0 0 0 0
2014-06-17T00:00:00 0.784521823858 0.215478176142 1 0 1
2014-06-16T23:00:00 0.700460618669 0.299539381331 2 1 3
2014-06-16T22:00:00 0.606380703409 0.393619296591 2 2 4
2014-06-17T17:00:00 0.768215787274 0.231784212726 1 0 1
2014-06-17T16:00:00 0.813246693806 0.186753306194 2 0 2
2014-06-17T15:00:00 0.858277600339 0.141722399661 1 0 1
2014-06-17T14:00:00 0.741294331865 0.258705668135 2 0 2
2014-07-05T11:00:00 0.873124850342 0.126875149658 3 0 3
2014-07-05T10:00:00 0.841242404703 0.158757595298 2 0 2
2014-07-05T09:00:00 0.745595067783 0.254404932217 1 0 1
2014-07-05T08:00:00 0 0 0 0 0
2014-07-05T07:00:00 0 0 0 0 0
2014-07-05T06:00:00 0 0 0 0 0
2014-07-19T00:00:00 0.0 0.0 0 0 0
2014-07-18T23:00:00 0.936889741622 0.0631102583782 1 0 1
2014-07-18T22:00:00 0.774470747023 0.225529252977 3 0 3
2014-07-18T21:00:00 0.774470747023 0.225529252977 3 0 3
2014-07-18T20:00:00 0.774470747023 0.225529252977 3 0 3
2014-07-18T19:00:00 0.774470747023 0.225529252977 3 0 3
2014-07-29T12:00:00 0 0 0 0 0
2014-07-29T11:00:00 0 0 0 0 0
2014-07-29T10:00:00 0 0 0 0 0
2014-07-29T09:00:00 0 0 0 0 0
2014-07-29T08:00:00 0 0 0 0 0
2014-07-29T07:00:00 0 0 0 0 0
2014-08-09T11:00:00 0.62607590157 0.37392409843 3 1 4
2014-08-09T10:00:00 0.616614853891 0.383385146109 2 1 3
2014-08-09T09:00:00 0.546896707432 0.453103292568 1 1 2
2014-08-09T08:00:00 0.242973335703 0.757026664297 0 1 1
2014-08-21T21:00:00 0.73331443497 0.26668556503 5 1 6
2014-08-21T20:00:00 0.819180887449 0.180819112551 4 0 4
2014-08-21T19:00:00 0.819180887449 0.180819112551 4 0 4
2014-08-21T18:00:00 0.816687542414 0.183312457587 2 0 2
2014-08-21T17:00:00 0.816687542414 0.183312457587 2 0 2
2014-08-21T16:00:00 0.696485343205 0.303514656795 1 0 1
2014-08-23T22:00:00 0.766892520984 0.233107479016 4 0 4
2014-08-23T21:00:00 0.727310604723 0.272689395277 5 1 6
2014-08-23T20:00:00 0.727310604723 0.272689395277 5 1 6
2014-08-23T19:00:00 0.710720297716 0.289279702284 5 1 6
2014-08-30T23:00:00 0.758480128664 0.241519871336 4 0 4
2014-08-30T22:00:00 0.758480128664 0.241519871336 4 0 4
2014-08-30T21:00:00 0.793721115723 0.206278884277 6 0 6
2014-08-30T20:00:00 0.793721115723 0.206278884277 6 0 6
2014-08-30T19:00:00 0.819114924027 0.180885075973 6 0 6
2014-08-30T18:00:00 0.778888753401 0.221111246599 7 0 7
2014-09-01T15:00:00 0.635280311754 0.364719688246 3 2 5
2014-09-01T14:00:00 0.702705866209 0.297294133791 10 1 11
2014-09-01T13:00:00 0.714411377282 0.285588622718 17 1 18
2014-09-01T12:00:00 0.715494817226 0.284505182774 18 1 19
2014-09-01T11:00:00 0.715494817226 0.284505182774 18 1 19
2014-09-01T10:00:00 0.733195605765 0.266804394235 18 0 18
2014-09-07T22:00:00 0.741258193994 0.258741806006 5 1 6
2014-09-07T21:00:00 0.760686611642 0.239313388358 6 1 7
2014-09-07T20:00:00 0.760686611642 0.239313388358 6 1 7
2014-09-07T19:00:00 0.738709123975 0.261290876025 6 1 7
2014-09-07T18:00:00 0.691213848484 0.308786151516 4 1 5
2014-09-07T17:00:00 0.758685141984 0.241314858016 8 0 8
2014-09-21T05:00:00 0.0 0.0 0 0 0
2014-09-21T04:00:00 0.0 0.0 0 0 0
2014-09-21T03:00:00 0.0 0.0 0 0 0
2014-09-21T02:00:00 0.0 0.0 0 0 0
2014-09-21T01:00:00 0.896675046476 0.103324953523 2 0 2
2014-09-21T00:00:00 0.896675046476 0.103324953523 2 0 2
2014-09-25T23:00:00 0.84809252742 0.15190747258 6 0 6
2014-09-25T22:00:00 0.887280169822 0.112719830178 5 0 5
2014-09-25T21:00:00 0.874877776872 0.125122223129 4 0 4
2014-09-25T20:00:00 0.874877776872 0.125122223129 4 0 4
2014-09-25T19:00:00 0.874877776872 0.125122223129 4 0 4
2014-09-25T18:00:00 0.874123096492 0.125876903507 2 0 2
2014-09-26T23:00:00 0.761284613841 0.238715386159 4 0 4
2014-09-26T22:00:00 0.770497905401 0.229502094599 4 0 4
2014-09-26T21:00:00 0.770497905401 0.229502094599 4 0 4
2014-09-26T20:00:00 0.751950387805 0.248049612195 5 0 5
2014-09-26T19:00:00 0.715376286593 0.284623713407 4 0 4
2014-09-26T18:00:00 0.711744565301 0.288255434699 3 0 3
2014-10-04T00:00:00 0.745226232008 0.254773767992 11 1 12
2014-10-03T23:00:00 0.754885500793 0.245114499207 11 1 12
2014-10-03T22:00:00 0.741316583353 0.258683416647 14 1 15
2014-10-03T21:00:00 0.735787024598 0.264212975402 14 1 15
2014-10-03T20:00:00 0.758834256777 0.241165743223 14 1 15
2014-10-03T19:00:00 0.721071690789 0.278928309211 14 2 16
2014-10-11T18:00:00 0.779370599026 0.220629400974 9 0 9
2014-10-11T17:00:00 0.755458820669 0.24454117933 10 0 10
2014-10-11T16:00:00 0.756210555798 0.243789444202 12 0 12
2014-10-11T15:00:00 0.732078332944 0.267921667056 19 1 20
2014-10-11T14:00:00 0.736529397667 0.263470602333 22 1 23
2014-10-11T13:00:00 0.739043929216 0.260956070784 24 1 25
2014-10-18T04:00:00 0.742801536074 0.257198463926 5 0 5
2014-10-18T03:00:00 0.731425125244 0.268574874756 6 0 6
2014-10-18T02:00:00 0.731425125244 0.268574874756 6 0 6
2014-10-18T01:00:00 0.718110954799 0.281889045201 5 0 5
2014-10-18T00:00:00 0.741873102564 0.258126897436 7 0 7
2014-10-17T23:00:00 0.777013540801 0.222986459199 7 0 7
2014-10-20T23:00:00 0.684036909117 0.315963090883 2 0 2
2014-10-20T22:00:00 0.684036909117 0.315963090883 2 0 2
2014-10-20T21:00:00 0.0 0.0 0 0 0
2014-10-20T20:00:00 0.0 0.0 0 0 0
2014-10-26T04:00:00 0 0 0 0 0
2014-10-26T03:00:00 0 0 0 0 0
2014-10-26T02:00:00 0 0 0 0 0
2014-10-26T01:00:00 0 0 0 0 0
2014-10-26T00:00:00 0.722332081174 0.277667918826 2 0 2
2014-10-25T23:00:00 0.600658020534 0.399341979466 3 1 4
