2013-06-02T15:00:00 327 52 27 43 10 23 276 4 49 4 78
2013-06-02T16:00:00 314 52 21 48 10 23 283 4 42 4 99
2013-06-02T17:00:00 298 53 24 50 9 23 270 4 41 3 102
2013-06-02T18:00:00 270 54 22 46 9 22 227 3 36 1 98
2013-06-02T19:00:00 240 54 20 39 9 18 191 5 36 1 92
2013-06-02T20:00:00 219 54 25 28 6 21 160 4 27 2 86
2013-06-02T21:00:00 212 52 26 26 6 25 118 4 24 2 74
2013-06-02T22:00:00 195 54 28 25 5 24 88 5 23 2 49
2013-06-02T23:00:00 174 54 31 21 3 21 64 4 19 2 37
2013-06-03T00:00:00 160 57 36 17 2 23 49 4 21 1 33
2013-06-03T01:00:00 138 50 37 14 1 27 44 2 17 1 30
2013-06-03T02:00:00 112 42 29 11 1 21 30 2 16 0 23
2013-06-03T03:00:00 82 35 24 9 1 15 21 1 12 0 19
2013-06-03T04:00:00 60 28 20 3 1 10 10 0 9 0 15
2013-06-03T05:00:00 42 17 14 2 1 9 5 0 8 0 11
2013-06-03T06:00:00 28 8 9 1 1 6 4 0 3 0 10
2013-06-03T07:00:00 19 10 8 0 0 2 4 0 2 0 9
2013-06-03T08:00:00 31 12 10 1 0 4 8 0 5 0 12
2013-06-03T09:00:00 53 16 17 2 1 7 16 2 7 0 15
2013-06-03T10:00:00 72 24 23 3 1 9 26 2 7 0 22
2013-06-03T11:00:00 86 25 30 3 1 11 39 2 12 0 27
2013-06-03T12:00:00 105 25 32 3 1 11 48 2 17 0 32
2013-06-03T13:00:00 120 28 34 3 1 14 49 2 19 0 37
2013-06-03T14:00:00 121 31 34 4 2 13 56 3 18 0 38
2013-06-03T15:00:00 120 31 30 3 1 13 62 1 19 0 41
2013-06-03T16:00:00 122 24 32 3 1 14 63 2 22 0 39
2013-06-03T17:00:00 132 28 28 6 1 15 63 3 18 1 41
2013-06-03T18:00:00 135 28 31 9 1 17 63 3 16 1 38
2013-06-03T19:00:00 143 25 39 11 1 16 70 3 18 1 36
2013-06-03T20:00:00 141 22 43 15 2 17 67 2 19 2 36
2013-06-03T21:00:00 136 31 52 18 2 20 62 2 19 4 38
2013-06-03T22:00:00 145 42 48 20 2 19 59 2 19 4 39
2013-06-03T23:00:00 135 47 53 18 5 18 51 4 19 3 41
2013-06-04T00:00:00 128 49 55 15 5 17 43 7 20 3 41
2013-06-04T01:00:00 113 54 49 16 5 14 36 7 16 3 38
2013-06-04T02:00:00 107 52 47 10 4 12 31 7 16 2 33
2013-06-04T03:00:00 92 38 36 8 4 8 24 7 13 0 26
2013-06-04T04:00:00 64 27 32 5 4 6 16 7 10 0 20
2013-06-04T05:00:00 50 16 24 4 1 5 11 4 8 0 9
2013-06-04T06:00:00 33 11 15 5 3 3 13 1 4 0 6
2013-06-05T21:00:00 129 36 30 17 1 14 74 4 18 2 32
2013-06-05T22:00:00 125 43 31 16 1 13 67 4 17 2 34
2013-06-05T23:00:00 113 39 29 15 1 12 53 5 16 2 34
2013-06-06T00:00:00 108 51 31 15 2 12 47 6 14 2 35
2013-06-06T01:00:00 100 54 32 14 2 13 37 5 12 1 28
2013-06-06T02:00:00 84 50 28 8 2 11 28 5 9 1 25
2013-06-06T03:00:00 61 38 24 6 2 11 17 4 9 1 19
2013-06-06T04:00:00 46 25 18 5 2 8 13 3 6 1 13
2013-06-06T05:00:00 40 22 16 3 2 7 12 2 7 0 9
2013-06-06T06:00:00 32 11 11 2 1 5 6 1 8 0 3
2013-06-06T07:00:00 26 5 6 2 1 3 4 2 7 0 4
2013-06-06T08:00:00 32 4 9 2 1 5 8 1 10 0 5
2013-06-06T09:00:00 53 13 13 2 1 6 13 2 14 0 12
2013-06-06T10:00:00 75 27 19 5 2 10 26 2 21 0 14
2013-06-06T11:00:00 94 34 27 6 3 11 39 3 22 0 19
2013-06-06T12:00:00 117 39 33 12 3 15 48 5 28 0 22
2013-06-06T13:00:00 129 43 36 16 3 17 66 5 28 2 22
2013-06-06T14:00:00 139 48 37 21 4 17 73 6 29 2 22
2013-06-06T15:00:00 144 42 32 22 5 21 79 8 28 2 25
2013-06-06T16:00:00 142 35 34 21 5 18 76 8 23 2 25
2013-06-06T17:00:00 155 31 27 21 4 19 75 7 24 2 26
2013-06-06T18:00:00 149 30 26 17 4 16 75 6 20 2 32
2013-06-06T19:00:00 156 31 28 14 3 19 61 6 20 1 35
2013-06-06T20:00:00 161 37 29 12 4 23 56 5 17 1 38
2013-06-06T21:00:00 148 44 33 14 3 23 50 3 17 1 33
2013-06-06T22:00:00 159 49 28 13 3 26 45 3 21 1 40
2013-06-06T23:00:00 138 53 37 12 3 28 41 3 18 1 37
2013-06-07T00:00:00 129 59 41 10 3 30 35 2 20 1 35
2013-06-07T01:00:00 116 59 41 8 4 26 40 2 20 0 33
2013-06-07T02:00:00 95 47 35 4 2 20 34 2 21 0 27
2013-06-07T03:00:00 81 40 31 1 2 15 32 1 17 0 22
2013-06-07T04:00:00 49 30 28 0 1 11 27 1 12 0 14
2013-06-07T05:00:00 36 23 18 0 1 7 20 1 11 0 12
2013-06-07T06:00:00 29 14 11 0 1 5 18 1 6 0 6
2013-06-07T07:00:00 22 13 6 0 0 5 13 0 6 0 5
2013-06-07T08:00:00 57 15 12 1 0 5 21 0 9 0 9
2013-06-07T09:00:00 110 22 27 3 2 12 27 1 15 0 16
2013-06-07T10:00:00 141 36 38 5 3 17 41 3 20 0 24
2013-06-07T11:00:00 157 42 46 7 3 21 50 4 23 0 27
2013-06-07T12:00:00 189 48 48 7 4 24 66 5 26 0 37
2013-06-07T13:00:00 213 50 55 9 4 22 70 6 26 0 43
2013-06-07T14:00:00 194 51 52 12 4 22 70 7 24 0 48
2013-06-07T15:00:00 164 46 41 14 3 18 69 6 23 0 49
2013-06-07T16:00:00 149 36 31 14 4 14 63 4 25 1 45
2013-06-07T17:00:00 159 35 35 13 4 13 59 3 26 2 43
2013-06-07T18:00:00 151 31 40 15 4 10 51 3 26 2 34
2013-06-07T19:00:00 144 31 36 13 4 14 53 2 27 2 36
2013-06-07T20:00:00 148 34 36 13 6 22 55 2 26 2 28
2013-06-07T21:00:00 148 39 41 14 6 19 55 2 24 2 26
2013-06-07T22:00:00 156 39 44 15 5 29 55 2 19 1 28
2013-06-07T23:00:00 152 42 43 16 5 30 56 3 19 0 29
2013-06-08T00:00:00 154 40 39 16 4 33 52 2 18 0 32
2013-06-08T01:00:00 145 39 38 16 5 29 49 2 16 1 24
2013-06-08T02:00:00 130 34 35 13 3 22 37 2 14 1 26
2013-06-08T03:00:00 110 27 27 8 2 21 31 2 11 1 21
2013-06-08T04:00:00 87 22 22 5 1 10 23 2 8 1 16
2013-06-08T05:00:00 72 16 12 3 1 7 17 1 4 2 13
2013-06-08T06:00:00 44 14 7 1 1 4 11 1 3 2 8
2013-06-08T07:00:00 42 10 5 1 0 5 9 1 2 1 7
2013-06-08T08:00:00 42 12 7 2 0 5 16 1 1 1 10
2013-06-08T09:00:00 60 17 12 3 1 6 19 1 4 1 20
2013-06-08T10:00:00 91 19 24 3 1 8 33 2 8 1 28
2013-06-08T11:00:00 112 20 32 5 1 9 40 6 9 0 39
2013-06-08T12:00:00 135 26 38 7 1 9 53 8 11 1 44
2013-06-08T13:00:00 147 33 47 9 1 10 67 8 16 1 51
2013-06-15T18:00:00 248 55 34 42 12 20 330 5 39 2 74
2013-06-15T19:00:00 243 61 38 38 7 18 281 5 38 1 73
2013-06-15T20:00:00 219 58 36 42 8 16 240 6 32 2 70
2013-06-15T21:00:00 213 65 32 41 8 17 199 6 29 2 65
2013-06-15T22:00:00 224 76 30 38 8 19 165 6 29 1 55
2013-06-15T23:00:00 239 74 34 32 7 22 138 5 25 1 52
2013-06-16T00:00:00 239 78 30 29 6 24 109 5 23 2 50
2013-06-16T01:00:00 225 76 32 19 6 23 88 4 22 2 41
2013-06-16T02:00:00 201 71 28 11 4 20 70 3 19 1 34
2013-06-16T03:00:00 162 57 27 8 3 16 60 2 17 2 32
2013-06-16T04:00:00 121 39 24 5 2 12 35 2 12 2 23
2013-06-16T05:00:00 83 30 17 4 1 7 25 1 8 3 16
2013-06-16T06:00:00 49 21 14 3 1 4 19 0 6 2 9
2013-06-16T07:00:00 34 11 4 5 0 2 16 0 3 2 5
2013-06-26T02:00:00 122 34 38 7 4 16 31 2 7 2 32
2013-06-26T03:00:00 95 29 31 6 4 14 27 3 7 2 29
2013-06-26T04:00:00 86 25 26 5 4 8 22 2 7 0 23
2013-06-26T05:00:00 60 17 20 3 2 4 12 2 6 0 16
2013-06-26T06:00:00 35 8 15 2 0 3 9 3 5 0 12
2013-06-26T07:00:00 34 9 7 2 0 2 7 3 5 0 6
2013-06-26T08:00:00 40 11 6 2 1 3 11 3 6 0 5
2013-06-28T06:00:00 37 17 12 1 1 5 10 1 2 1 12
2013-06-28T07:00:00 29 15 8 1 1 3 11 1 3 1 14
2013-06-28T08:00:00 33 16 11 1 1 2 9 2 5 1 16
2013-06-28T09:00:00 46 20 12 3 1 3 16 2 6 1 23
2013-06-28T10:00:00 73 25 18 2 1 7 28 4 10 2 29
2013-06-28T11:00:00 103 25 27 2 4 7 49 4 13 2 36
2013-06-28T12:00:00 115 32 31 4 4 8 74 4 15 2 45
2013-06-28T13:00:00 131 35 36 7 5 10 82 3 15 2 48
2013-06-28T14:00:00 142 35 32 8 5 13 96 4 16 2 45
2013-06-28T15:00:00 150 36 33 7 6 16 99 5 19 3 45
2013-06-28T16:00:00 147 35 34 10 7 14 100 4 23 1 47
2013-06-28T17:00:00 143 36 32 11 4 16 91 4 23 1 41
2013-06-28T18:00:00 149 33 32 15 4 16 82 5 26 1 36
2013-06-28T19:00:00 154 34 31 15 3 14 78 5 31 1 38
2013-06-28T20:00:00 166 42 34 21 4 11 73 6 35 1 41
2013-06-28T21:00:00 178 46 31 25 4 10 73 6 37 1 42
2013-06-28T22:00:00 195 50 31 24 4 14 66 5 35 3 39
2013-06-28T23:00:00 196 52 31 28 4 18 61 6 35 4 47
2013-06-29T00:00:00 201 56 34 29 4 25 61 5 32 4 49
2013-06-29T01:00:00 188 57 31 28 5 26 60 5 29 6 42
2013-06-29T02:00:00 168 45 29 21 4 28 52 2 25 7 38
2013-06-29T03:00:00 140 37 28 16 3 24 42 2 20 6 31
2013-06-29T04:00:00 102 29 22 14 2 18 35 4 14 4 28
2013-06-29T05:00:00 75 25 15 9 2 12 28 4 10 3 19
2013-06-29T06:00:00 53 19 9 2 2 4 13 4 9 3 12
2013-06-29T07:00:00 42 13 7 1 0 4 12 5 7 1 10
2013-06-29T08:00:00 48 16 5 4 0 8 18 5 7 1 14
2013-06-29T09:00:00 69 21 10 6 0 11 33 4 9 1 19
2013-06-29T10:00:00 102 21 15 11 1 11 54 2 16 1 23
2013-06-29T11:00:00 150 31 21 18 1 13 90 2 22 1 35
2013-06-29T12:00:00 193 35 25 22 2 18 144 3 25 2 43
2013-06-29T13:00:00 240 36 30 30 2 22 178 3 28 3 60
2013-06-29T14:00:00 255 38 37 32 3 21 205 3 35 2 66
2013-06-29T15:00:00 259 42 35 37 4 25 245 3 36 5 75
2013-06-29T16:00:00 266 45 31 37 3 32 273 3 33 7 78
2013-06-29T17:00:00 257 41 28 33 4 33 275 3 32 8 72
2013-06-29T18:00:00 237 44 25 32 6 31 246 2 36 7 78
2013-06-29T19:00:00 212 47 23 30 7 30 222 3 36 6 74
2013-07-18T15:00:00 153 34 21 13 5 21 156 2 31 1 62
2013-07-18T16:00:00 156 37 19 12 3 19 152 2 29 2 64
2013-07-18T17:00:00 158 38 15 14 5 20 140 2 30 2 60
2013-07-18T18:00:00 166 45 14 14 4 22 120 2 28 2 53
2013-07-18T19:00:00 158 50 15 11 5 22 115 2 28 2 49
2013-07-18T20:00:00 158 48 15 12 4 22 104 5 27 1 41
2013-07-18T21:00:00 161 55 14 16 3 23 88 5 24 1 37
2013-07-18T22:00:00 162 61 12 19 3 23 76 5 27 0 31
2013-07-18T23:00:00 179 71 18 21 2 24 75 5 23 0 37
2013-07-19T00:00:00 179 72 23 22 3 26 71 5 21 0 46
2013-07-19T01:00:00 179 65 21 23 2 27 59 4 22 0 43
2013-07-19T02:00:00 155 59 17 19 2 24 48 1 19 1 38
2013-07-19T03:00:00 132 51 16 12 2 21 36 0 16 1 33
2013-07-19T04:00:00 104 43 13 7 3 19 23 0 12 1 27
2013-07-19T05:00:00 66 29 7 3 2 14 11 1 9 1 16
2013-07-19T06:00:00 46 14 2 1 1 8 4 1 8 1 4
2013-07-19T07:00:00 30 10 0 0 1 6 7 1 2 1 4
2013-07-19T08:00:00 43 11 2 0 3 7 14 1 3 0 9
2013-07-19T09:00:00 59 22 5 0 3 11 30 2 8 1 18
2013-08-15T22:00:00 184 40 18 12 3 9 46 1 34 2 44
2013-08-15T23:00:00 181 44 20 14 3 9 44 1 30 1 39
2013-08-16T00:00:00 170 46 19 13 4 10 38 1 28 1 44
2013-08-16T01:00:00 174 47 17 11 4 8 37 1 31 1 43
2013-08-16T02:00:00 155 45 13 9 3 4 31 1 24 1 35
2013-08-16T03:00:00 139 36 10 5 5 4 21 1 19 0 29
2013-08-16T04:00:00 102 31 10 5 5 4 15 0 14 0 24
2013-08-16T05:00:00 75 22 5 3 3 1 8 0 12 0 20
2013-08-16T06:00:00 51 14 3 3 2 1 4 0 8 0 12
2013-08-16T07:00:00 38 6 1 0 2 2 9 0 5 0 10
2013-08-16T08:00:00 49 3 3 0 2 2 14 0 8 0 17
2013-08-16T09:00:00 82 7 7 1 0 3 24 0 16 0 23
2013-09-27T18:00:00 178 14 26 11 6 3 42 3 17 1 36
2013-09-27T19:00:00 155 13 20 13 6 3 42 3 15 0 36
2013-09-27T20:00:00 146 10 19 15 4 4 37 5 15 0 36
2013-09-27T21:00:00 142 11 14 14 4 7 31 5 16 0 30
2013-09-27T22:00:00 147 12 16 13 4 9 30 4 15 1 24
2013-09-27T23:00:00 160 19 18 15 4 9 37 3 19 1 29
2013-09-28T00:00:00 169 22 20 16 4 12 35 4 17 1 40
2013-09-28T01:00:00 179 27 19 11 3 12 32 4 15 2 36
2013-09-28T02:00:00 162 29 19 8 3 10 30 3 13 2 31
2013-09-28T03:00:00 138 26 16 8 2 7 24 2 11 2 31
2013-09-28T04:00:00 111 23 12 7 2 5 19 2 9 1 28
2013-09-28T05:00:00 84 16 8 4 2 4 9 2 2 1 18
2013-09-28T06:00:00 51 12 5 1 0 1 6 1 0 1 4
2013-09-28T07:00:00 37 5 5 1 0 0 5 1 0 0 3
2013-09-28T08:00:00 50 6 3 2 1 1 5 0 6 0 12
2013-09-28T09:00:00 65 10 4 2 2 2 14 0 9 0 20
2013-09-28T10:00:00 101 13 9 3 2 3 21 0 11 0 24
2013-09-28T11:00:00 137 17 12 6 2 3 37 0 20 0 31
2013-09-28T12:00:00 172 20 19 10 2 3 60 0 27 0 39
2013-09-28T13:00:00 192 26 20 15 2 4 75 0 31 1 49
2013-09-28T14:00:00 216 26 24 17 3 5 84 0 30 1 46
2013-09-28T15:00:00 243 27 23 21 4 5 94 1 29 1 49
2013-09-28T16:00:00 235 30 21 23 4 4 104 2 30 1 52
2013-09-28T17:00:00 232 29 19 23 4 5 107 3 22 1 48
2013-09-28T18:00:00 219 25 14 20 4 6 94 3 21 2 55
2013-09-28T19:00:00 204 25 14 17 5 6 78 4 19 1 50
2013-09-28T20:00:00 188 25 14 18 4 10 71 4 15 1 49
2013-09-28T21:00:00 173 27 15 14 2 10 60 3 17 1 47
2013-09-28T22:00:00 164 30 16 13 2 12 45 2 16 2 50
2013-09-28T23:00:00 164 31 22 13 2 12 32 2 18 2 48
2013-09-29T00:00:00 161 36 22 14 3 11 27 2 14 1 39
2013-09-29T01:00:00 154 35 24 13 2 11 28 1 16 1 36
2013-09-29T02:00:00 131 31 19 9 1 5 23 1 17 1 33
2013-09-29T03:00:00 104 25 17 8 1 4 16 1 13 1 26
2013-09-29T04:00:00 87 16 13 6 1 2 14 1 11 0 16
2013-09-29T05:00:00 58 11 6 3 1 2 8 0 8 0 14
2013-09-29T06:00:00 34 9 4 1 0 2 3 0 6 0 9
2013-09-29T07:00:00 31 4 0 0 0 1 4 0 2 0 6
2013-09-29T08:00:00 36 6 2 0 1 1 6 0 3 0 7
2013-09-29T09:00:00 49 10 9 1 2 1 10 1 6 0 12
2013-09-29T10:00:00 83 17 13 2 2 1 21 1 7 0 14
2013-09-29T11:00:00 104 19 16 3 2 2 32 1 9 1 21
2013-09-29T12:00:00 138 19 22 4 3 2 49 1 17 1 24
2013-09-29T13:00:00 157 21 25 8 3 5 60 1 20 2 27
2013-09-29T14:00:00 175 21 24 8 4 6 75 1 23 2 31
2013-10-04T22:00:00 334 48 19 34 10 12 197 3 38 2 123
2013-10-04T23:00:00 309 51 21 30 9 11 159 2 35 2 112
2013-10-05T00:00:00 273 57 21 20 7 10 119 1 29 3 103
2013-10-05T01:00:00 236 57 19 17 7 10 103 0 28 2 81
2013-10-05T02:00:00 200 49 19 14 5 5 76 0 23 2 56
2013-10-05T03:00:00 160 36 17 10 3 4 66 1 18 2 43
2013-10-05T04:00:00 124 27 10 9 1 1 48 1 12 1 31
2013-10-05T05:00:00 85 19 5 5 0 1 32 1 7 1 20
2013-10-05T06:00:00 50 9 2 4 0 1 18 1 6 0 9
2013-10-05T07:00:00 31 6 2 4 0 1 13 1 5 0 6
2013-10-05T08:00:00 50 7 2 4 0 3 21 1 10 0 13
2013-10-05T09:00:00 83 13 4 6 1 4 43 1 14 0 20
2013-10-05T10:00:00 133 19 5 10 2 5 84 1 18 0 26
2013-10-05T11:00:00 187 26 10 11 3 8 128 1 24 0 44
2013-10-05T12:00:00 240 31 12 20 5 12 177 2 34 1 64
2013-10-05T18:00:00 380 35 17 48 9 17 285 0 56 9 123
2013-10-05T19:00:00 366 37 18 43 12 17 264 0 47 9 118
2013-10-05T20:00:00 345 35 21 42 16 13 230 1 38 6 111
2013-10-05T21:00:00 333 35 23 42 14 12 194 3 36 6 87
2013-10-05T22:00:00 307 37 25 36 13 14 142 4 27 6 93
2013-10-05T23:00:00 275 39 28 34 11 11 100 4 30 6 81
2013-10-06T00:00:00 241 43 24 28 10 8 82 4 28 2 74
2013-10-06T01:00:00 211 41 19 21 8 6 62 5 28 2 55
2013-10-06T02:00:00 178 38 16 13 4 6 43 4 29 3 44
2013-10-06T03:00:00 135 33 14 7 4 5 29 2 24 3 37
2013-10-06T04:00:00 98 27 9 7 3 2 25 1 22 2 21
2013-10-06T05:00:00 77 20 4 3 1 1 17 1 14 1 18
2013-10-06T06:00:00 64 12 4 1 2 2 10 1 9 2 11
2013-10-06T07:00:00 62 9 4 1 1 2 13 0 8 2 14
2013-10-06T08:00:00 80 10 5 2 2 1 16 1 6 1 21
2013-10-06T09:00:00 128 16 6 5 2 1 28 1 8 1 32
2013-10-06T10:00:00 172 30 10 10 3 2 46 1 15 2 41
2013-10-06T11:00:00 237 39 12 15 3 3 76 1 21 2 47
2013-10-06T12:00:00 293 46 13 17 2 2 103 1 28 1 62
2013-10-06T13:00:00 348 50 15 21 4 4 127 1 37 1 71
2013-10-06T14:00:00 372 54 19 24 4 11 174 0 44 2 82
2013-10-06T15:00:00 382 53 20 26 6 15 192 1 46 3 87
2013-10-06T16:00:00 386 44 17 28 5 17 208 1 49 2 89
2013-10-06T17:00:00 374 45 16 24 7 18 207 1 49 2 100
2013-10-06T18:00:00 357 44 18 25 9 18 202 1 49 2 110
2013-10-06T19:00:00 320 47 16 26 8 19 186 2 46 2 110
2013-10-06T20:00:00 300 46 11 31 9 16 142 2 41 2 108
2013-10-27T15:00:00 258 22 33 22 9 7 178 0 33 3 63
2013-10-27T16:00:00 253 20 34 26 8 8 184 0 33 4 61
2013-10-27T17:00:00 259 23 31 26 11 8 180 0 36 4 55
2013-10-27T18:00:00 252 22 27 24 11 10 155 0 29 3 61
2013-10-27T19:00:00 247 31 23 24 10 7 118 0 31 2 52
2013-10-27T20:00:00 211 27 22 21 6 8 85 1 33 2 49
2013-10-27T21:00:00 193 29 25 22 5 9 63 1 27 1 42
2013-10-27T22:00:00 185 26 22 20 5 7 38 1 21 2 40
2013-10-27T23:00:00 172 31 22 21 3 9 27 1 15 2 43
2013-10-28T00:00:00 161 30 28 17 3 6 20 1 18 3 32
2013-10-28T01:00:00 135 25 30 12 2 6 20 1 17 3 31
2013-10-28T02:00:00 116 23 27 9 2 5 14 0 13 3 27
2013-10-28T03:00:00 97 18 23 5 1 4 13 0 12 4 25
2013-10-28T04:00:00 73 18 19 2 2 4 11 0 10 2 21
2013-10-28T05:00:00 52 9 16 0 1 1 7 0 6 2 12
2013-10-28T06:00:00 30 6 4 0 1 1 4 0 3 1 8
2013-10-28T07:00:00 27 3 3 0 1 1 4 0 1 2 5
2013-10-28T08:00:00 36 3 2 0 1 0 4 0 4 3 5
2013-10-28T09:00:00 59 7 6 0 1 0 5 1 5 2 11
2013-10-28T10:00:00 79 9 11 0 0 1 8 1 6 2 14
2013-10-28T11:00:00 105 14 14 2 0 1 13 2 7 2 15
2013-10-28T12:00:00 129 15 17 3 0 1 16 2 9 2 17
2013-10-28T13:00:00 150 15 18 3 0 2 25 3 12 1 21
2013-10-28T14:00:00 157 15 21 4 1 2 32 3 10 0 22
2013-10-28T15:00:00 146 12 19 6 1 3 38 2 9 0 21
2013-10-28T16:00:00 144 13 17 6 1 6 43 2 9 0 23
2013-10-28T17:00:00 130 9 18 6 1 6 41 2 12 0 23
2013-10-28T18:00:00 129 12 18 5 2 6 38 2 11 0 24
2013-10-31T13:00:00 139 18 25 2 5 4 32 0 19 0 20
2013-10-31T14:00:00 154 17 25 3 6 4 43 0 20 0 24
2013-10-31T15:00:00 152 17 27 5 7 5 43 0 24 0 27
2013-10-31T16:00:00 148 16 26 5 4 5 45 0 20 1 30
2013-10-31T17:00:00 138 16 17 4 5 6 43 0 16 1 31
2013-10-31T18:00:00 131 16 15 5 4 5 38 0 16 2 35
2013-10-31T19:00:00 127 14 18 5 4 3 31 0 15 3 33
2013-10-31T20:00:00 130 12 16 5 4 4 21 0 13 3 34
2013-10-31T21:00:00 139 10 14 7 4 3 18 0 7 3 35
2013-10-31T22:00:00 151 14 13 8 3 5 16 0 8 2 33
2013-10-31T23:00:00 168 14 21 9 2 4 14 0 9 2 30
2013-11-01T00:00:00 165 14 26 10 3 5 14 0 9 1 33
2013-11-01T01:00:00 165 18 35 12 4 4 13 0 10 0 30
2013-11-01T02:00:00 138 17 36 11 3 3 11 0 10 1 25
2013-11-01T03:00:00 114 16 32 8 2 3 11 0 12 1 21
2013-11-01T04:00:00 85 12 28 8 2 1 8 0 11 1 14
2013-11-01T05:00:00 53 10 20 6 2 1 5 0 11 1 14
2013-11-01T06:00:00 32 8 15 4 1 0 2 0 9 1 6
2013-11-01T07:00:00 19 2 4 1 0 0 2 0 7 2 6
2013-11-01T08:00:00 26 3 5 1 0 0 5 0 5 1 7
2013-11-01T09:00:00 41 10 8 0 0 1 10 0 7 2 13
2013-11-01T10:00:00 70 12 16 0 0 2 18 0 10 2 17
2013-11-01T11:00:00 97 16 20 0 1 2 27 0 11 2 20
2013-11-01T12:00:00 119 17 23 1 1 2 35 1 17 2 22
2013-11-01T13:00:00 143 19 29 2 1 2 44 1 20 1 30
2013-11-01T14:00:00 158 23 29 3 1 3 47 1 25 1 31
2013-11-01T15:00:00 170 19 28 3 2 2 51 1 21 0 33
2013-11-01T16:00:00 172 20 22 6 2 2 48 1 25 1 37
2013-11-01T17:00:00 172 19 20 6 1 2 44 2 25 1 39
2013-11-01T18:00:00 191 24 18 9 2 2 44 1 20 1 44
2013-11-01T19:00:00 179 24 14 10 3 3 36 1 21 1 41
2013-11-01T20:00:00 183 27 15 9 3 3 31 1 19 1 44
2013-11-01T21:00:00 178 29 18 12 2 4 22 2 24 2 43
2013-11-01T22:00:00 172 29 25 10 3 5 23 2 20 1 39
2013-11-01T23:00:00 175 29 27 11 6 9 22 2 23 1 42
2013-11-02T00:00:00 162 30 33 10 7 9 16 3 24 1 40
2013-11-02T01:00:00 161 30 33 9 7 9 18 4 24 2 37
2013-11-02T02:00:00 143 22 32 11 7 8 17 5 22 2 33
2013-11-02T03:00:00 123 18 27 9 8 7 16 4 18 1 26
2013-11-02T04:00:00 101 14 18 8 7 5 11 4 14 1 22
2013-11-02T05:00:00 72 11 14 7 4 1 7 3 9 1 12
2013-11-02T06:00:00 50 5 6 4 2 2 5 2 7 1 6
2013-11-02T07:00:00 39 4 6 3 1 1 4 1 3 0 4
2013-11-02T08:00:00 63 8 6 1 3 1 7 0 5 0 5
2013-11-02T09:00:00 103 14 9 4 3 1 17 0 8 0 10
2013-11-02T10:00:00 147 24 15 4 3 2 34 0 16 0 18
2013-11-02T11:00:00 193 29 20 4 5 3 54 0 24 0 26
2013-11-02T12:00:00 248 33 27 7 8 2 89 0 28 0 32
2013-11-02T13:00:00 292 37 32 10 10 5 125 0 30 0 43
2013-11-02T14:00:00 306 35 34 15 8 8 148 0 29 0 45
2013-11-02T15:00:00 307 29 35 19 8 13 168 0 28 0 49
2013-11-02T16:00:00 304 21 35 23 11 12 169 0 24 0 48
2013-11-02T17:00:00 291 22 30 26 9 12 175 0 22 0 49
2013-11-02T18:00:00 271 21 29 25 7 13 153 0 20 0 50
2013-11-02T19:00:00 253 19 22 26 8 12 119 0 28 0 42
2013-11-02T20:00:00 236 30 20 24 9 12 96 0 30 0 49
2013-11-22T19:00:00 135 19 13 7 4 4 29 2 23 1 27
2013-11-22T20:00:00 128 24 14 7 4 5 26 1 18 1 37
2013-11-22T21:00:00 129 23 12 8 5 8 23 1 17 1 40
2013-11-22T22:00:00 138 31 11 9 5 10 25 0 11 1 42
2013-11-22T23:00:00 141 38 15 9 4 9 23 0 14 2 40
2013-11-23T00:00:00 137 46 15 7 3 8 22 1 17 2 40
2013-11-23T01:00:00 131 46 19 7 2 7 21 1 15 2 42
2013-11-23T02:00:00 127 40 19 7 2 7 17 1 13 3 35
2013-11-23T03:00:00 108 37 19 5 0 4 17 1 13 3 28
2013-11-23T04:00:00 82 28 17 4 0 1 13 1 12 3 21
2013-11-23T05:00:00 59 19 12 3 0 1 10 1 9 2 17
2013-11-23T06:00:00 39 9 9 2 0 1 8 1 6 2 13
2013-11-23T07:00:00 27 9 5 2 0 1 6 1 4 2 8
2013-11-23T08:00:00 28 7 8 1 0 1 7 1 5 0 2
2013-11-23T09:00:00 40 17 11 3 1 5 14 1 8 0 14
2013-11-23T10:00:00 72 19 16 3 2 8 19 2 15 0 18
2013-11-23T11:00:00 103 25 23 5 4 10 34 2 21 1 27
2013-11-23T12:00:00 121 32 26 8 5 10 51 1 26 1 37
2013-11-23T13:00:00 152 37 29 9 5 12 72 1 32 1 51
2013-11-23T14:00:00 183 43 31 14 6 12 91 2 35 1 58
2013-11-23T15:00:00 204 37 30 14 7 9 95 2 38 1 49
2013-11-23T16:00:00 206 39 25 16 8 10 93 1 43 1 50
2013-11-23T17:00:00 213 38 22 17 9 10 84 1 41 0 51
2013-11-23T18:00:00 236 33 21 19 10 11 72 1 48 0 42
2013-11-23T19:00:00 220 34 20 19 10 12 52 1 45 2 34
2013-11-23T20:00:00 207 31 16 16 9 12 35 0 44 2 38
2013-12-06T22:00:00 131 38 19 14 1 4 26 3 19 1 32
2013-12-06T23:00:00 130 40 19 13 2 6 22 2 19 1 32
2013-12-07T00:00:00 130 42 25 12 2 6 17 2 25 1 33
2013-12-07T01:00:00 132 45 25 11 2 7 20 2 24 2 31
2013-12-07T02:00:00 118 42 22 12 2 5 17 2 22 1 25
2013-12-07T03:00:00 105 36 20 9 2 5 16 1 19 1 18
2013-12-07T04:00:00 82 30 16 9 2 6 12 1 17 1 15
2013-12-07T05:00:00 59 23 15 8 1 3 11 0 14 1 11
2013-12-07T06:00:00 46 17 8 6 0 2 11 0 7 1 6
2013-12-07T07:00:00 27 7 3 5 0 1 9 0 7 1 3
2013-12-07T08:00:00 36 8 2 2 0 1 8 1 7 2 10
2013-12-07T09:00:00 45 9 5 2 0 2 10 1 11 2 13
2013-12-07T10:00:00 78 12 6 4 0 1 18 1 12 2 21
2013-12-07T11:00:00 104 14 13 6 2 2 26 1 17 2 34
2013-12-07T12:00:00 132 19 15 9 4 2 42 2 22 3 47
2013-12-07T13:00:00 160 29 17 16 7 2 64 2 27 2 55
2013-12-07T14:00:00 164 32 22 21 9 4 85 1 34 1 53
2013-12-07T15:00:00 192 32 23 23 10 11 94 1 36 1 56
2013-12-07T16:00:00 189 31 23 25 10 13 110 1 39 1 55
2013-12-07T17:00:00 194 31 20 26 11 17 112 1 41 2 50
2013-12-07T18:00:00 189 31 21 23 10 18 100 1 44 1 42
2013-12-07T19:00:00 184 24 22 20 7 18 82 1 44 1 41
2013-12-07T20:00:00 196 26 20 19 6 18 63 1 38 1 42
2013-12-07T21:00:00 179 32 21 20 5 10 53 1 35 1 42
2013-12-07T22:00:00 173 34 23 15 5 14 35 2 35 2 41
2013-12-07T23:00:00 170 45 23 16 3 10 29 3 33 3 39
2013-12-08T00:00:00 169 50 24 18 3 11 28 2 28 3 39
2013-12-08T01:00:00 160 53 24 16 3 12 25 3 26 3 40
2013-12-08T02:00:00 143 46 26 12 3 11 25 3 24 3 38
2013-12-08T03:00:00 121 38 22 11 3 11 23 3 22 3 32
2013-12-08T04:00:00 101 33 19 11 3 5 16 2 16 2 27
2013-12-08T05:00:00 73 20 15 7 2 4 12 1 10 0 22
2013-12-08T06:00:00 49 9 12 4 1 2 9 1 8 0 16
2013-12-08T07:00:00 35 4 9 2 1 1 5 0 6 0 9
2013-12-22T19:00:00 167 26 15 29 5 7 63 0 22 1 39
2013-12-22T20:00:00 160 29 16 28 5 9 48 1 21 2 36
2013-12-22T21:00:00 151 36 19 25 5 9 36 1 22 2 38
2013-12-22T22:00:00 145 38 21 19 4 11 28 1 19 2 39
2013-12-22T23:00:00 144 40 23 8 5 11 22 1 19 3 46
2013-12-23T00:00:00 131 35 22 7 3 11 16 1 19 3 53
2013-12-23T01:00:00 117 37 27 5 3 11 13 1 17 3 47
2013-12-23T02:00:00 106 30 27 1 3 9 11 1 16 1 44
2013-12-23T03:00:00 91 22 22 0 2 7 9 1 12 1 34
2013-12-23T04:00:00 67 17 17 0 2 4 9 1 11 1 27
2013-12-23T05:00:00 41 9 13 0 0 2 5 1 8 0 19
2013-12-23T06:00:00 28 7 10 0 0 0 4 1 4 0 7
2013-12-23T07:00:00 18 3 5 0 1 0 1 1 5 0 5
2013-12-23T08:00:00 22 5 3 0 2 0 4 0 5 0 3
2013-12-23T09:00:00 32 5 5 0 2 0 4 0 4 0 5
2013-12-23T10:00:00 51 6 6 1 2 5 9 0 8 0 8
2013-12-23T11:00:00 68 10 10 1 2 5 14 0 15 0 10
2013-12-23T12:00:00 93 17 9 2 2 7 18 1 18 0 11
2013-12-23T13:00:00 110 22 13 2 2 7 21 2 19 0 13
2013-12-23T14:00:00 113 22 14 3 1 8 26 4 24 1 15
2013-12-23T15:00:00 115 24 14 4 2 8 31 4 23 2 16
2013-12-23T16:00:00 110 25 19 3 5 3 32 4 20 2 15
2013-12-23T17:00:00 108 24 18 3 5 6 32 4 18 2 14
2013-12-23T18:00:00 92 19 24 2 5 5 28 3 15 2 23
2013-12-23T19:00:00 94 14 25 3 4 5 30 2 17 2 27
2013-12-23T20:00:00 105 13 30 2 4 5 26 0 14 2 29
2013-12-23T21:00:00 116 12 35 6 3 5 21 0 15 1 31
2013-12-23T22:00:00 123 16 31 6 1 6 17 0 18 2 38
2013-12-23T23:00:00 125 20 33 6 1 3 16 0 17 2 48
2013-12-24T00:00:00 142 30 34 6 3 3 16 0 19 2 41
2013-12-24T01:00:00 134 31 34 5 3 3 13 0 19 2 39
2013-12-24T02:00:00 116 31 29 6 3 2 11 0 17 1 34
2013-12-24T03:00:00 92 32 22 1 3 2 10 0 17 1 29
2013-12-24T04:00:00 70 27 21 1 2 1 8 0 13 0 22
2013-12-24T05:00:00 52 20 18 1 2 1 4 0 9 0 11
2013-12-24T06:00:00 26 9 12 1 0 0 4 0 7 0 8
2013-12-24T07:00:00 19 9 5 1 0 0 2 0 3 0 6
2013-12-24T08:00:00 22 11 9 0 1 0 2 0 6 0 6
2013-12-24T09:00:00 34 13 12 0 1 1 7 1 9 0 8
2013-12-24T10:00:00 51 17 15 1 1 2 8 1 10 0 9
2013-12-24T11:00:00 74 23 17 2 2 2 14 1 15 1 13
2013-12-24T12:00:00 94 25 17 3 2 2 21 1 17 1 22
2013-12-24T13:00:00 104 28 23 6 2 2 27 1 24 1 25
2013-12-24T14:00:00 115 28 20 9 1 2 32 2 22 2 29
2013-12-24T17:00:00 101 22 17 9 2 1 36 2 22 2 38
2013-12-24T18:00:00 102 26 19 10 2 1 33 2 21 2 43
2013-12-24T19:00:00 101 25 21 8 3 4 31 2 19 2 41
2013-12-24T20:00:00 102 28 23 11 4 6 26 1 17 1 39
2013-12-24T21:00:00 114 26 22 11 5 5 25 1 20 2 41
2013-12-24T22:00:00 121 28 29 13 5 5 23 1 16 2 41
2013-12-24T23:00:00 136 32 33 15 4 6 24 2 21 2 38
2013-12-25T00:00:00 136 34 38 15 5 9 28 2 24 2 33
2013-12-25T01:00:00 138 33 43 16 4 8 32 2 25 2 36
2013-12-25T02:00:00 124 28 42 10 3 7 30 2 25 2 39
2013-12-25T03:00:00 101 27 42 9 2 7 23 2 21 1 32
2013-12-25T04:00:00 86 23 34 7 1 7 20 2 20 0 27
2013-12-25T05:00:00 60 15 27 4 1 6 16 1 12 0 22
2013-12-25T06:00:00 37 6 19 2 0 3 8 1 8 0 13
2014-01-15T18:00:00 132 28 12 7 4 7 43 1 23 1 28
2014-01-15T19:00:00 122 29 17 10 3 12 40 1 19 1 33
2014-01-15T20:00:00 121 27 17 13 1 13 35 1 18 1 32
2014-01-15T23:00:00 130 41 19 12 2 21 19 3 16 6 34
2014-01-16T00:00:00 131 45 24 10 4 21 13 2 20 6 35
2014-01-16T01:00:00 122 41 25 10 4 16 11 2 21 6 30
2014-01-16T02:00:00 111 36 24 9 4 13 10 2 20 6 28
2014-01-16T03:00:00 92 28 22 8 4 12 9 2 15 4 24
2014-01-16T04:00:00 61 26 19 7 4 8 9 1 13 2 19
2014-01-16T05:00:00 45 17 16 5 3 3 7 0 12 1 17
2014-01-16T06:00:00 32 9 12 5 1 1 5 0 6 0 12
2014-01-16T07:00:00 27 6 7 2 1 1 3 0 2 0 8
2014-01-16T08:00:00 35 5 8 2 2 1 3 0 3 0 7
2014-01-16T09:00:00 48 8 11 2 2 1 3 0 3 0 15
2014-01-16T10:00:00 68 11 12 3 1 4 6 0 5 0 25
2014-01-16T11:00:00 83 16 13 5 1 3 10 0 12 1 33
2014-01-16T12:00:00 102 21 15 6 1 3 12 0 21 1 34
2014-01-16T13:00:00 119 28 17 6 3 4 15 0 26 2 41
2014-01-16T14:00:00 131 35 17 6 2 7 22 0 28 2 42
2014-01-16T15:00:00 136 34 15 6 3 9 32 0 32 2 40
2014-01-16T16:00:00 137 31 18 6 4 8 36 1 34 3 34
2014-01-16T17:00:00 147 29 16 4 4 9 41 1 29 3 31
2014-01-16T18:00:00 139 26 15 5 6 10 45 1 22 5 34
2014-01-16T19:00:00 139 21 15 7 4 13 46 1 20 4 30
2014-01-16T20:00:00 132 22 19 7 4 13 44 1 22 5 30
2014-01-16T21:00:00 130 29 19 9 3 16 43 1 19 5 35
2014-01-16T22:00:00 137 33 16 10 3 14 37 0 17 4 35
2014-01-16T23:00:00 135 40 18 12 5 16 33 0 18 7 33
2014-01-17T00:00:00 135 38 17 12 3 15 30 0 19 5 34
2014-01-17T01:00:00 125 36 16 10 3 12 30 0 16 5 33
2014-01-17T02:00:00 115 28 10 8 3 9 24 0 13 4 29
2014-01-22T17:00:00 159 22 9 5 4 11 37 4 16 3 39
2014-01-22T18:00:00 172 19 7 3 6 8 38 5 14 3 37
2014-01-22T19:00:00 157 22 7 2 7 9 37 5 14 2 37
2014-01-22T20:00:00 141 24 5 5 6 7 30 4 20 2 34
2014-01-22T21:00:00 135 26 5 4 6 5 33 3 21 2 39
2014-01-22T22:00:00 122 30 4 6 7 7 29 2 20 2 35
2014-01-22T23:00:00 124 35 1 6 6 7 26 1 22 0 39
2014-01-23T00:00:00 123 38 3 6 5 6 23 0 23 0 41
2014-01-23T01:00:00 126 39 4 5 4 5 22 0 24 0 38
2014-01-23T02:00:00 117 37 4 2 3 5 22 0 19 0 34
2014-01-23T03:00:00 101 29 5 2 4 6 13 0 18 0 27
2014-01-23T04:00:00 82 24 4 0 3 3 11 1 17 0 23
2014-01-23T05:00:00 61 18 4 0 2 1 6 1 13 0 15
2014-01-23T06:00:00 32 14 2 0 1 1 8 2 10 0 9
2014-01-23T07:00:00 26 10 1 0 1 1 7 2 7 0 5
2014-01-23T08:00:00 37 8 1 1 1 4 8 3 8 0 6
2014-01-23T09:00:00 48 8 0 3 0 4 10 3 9 0 11
2014-01-23T10:00:00 65 11 2 5 0 4 14 2 12 0 17
2014-01-23T11:00:00 86 12 3 11 0 7 24 2 17 1 25
2014-01-23T12:00:00 112 17 3 14 1 10 28 1 22 2 38
2014-01-23T13:00:00 133 24 4 17 1 13 33 1 30 2 45
2014-01-23T14:00:00 132 27 5 16 2 12 37 0 30 3 51
2014-01-31T17:00:00 194 44 5 8 8 14 89 2 23 4 50
2014-01-31T18:00:00 186 48 6 9 11 14 76 2 22 5 49
2014-01-31T19:00:00 165 46 6 8 11 16 64 2 19 5 47
2014-01-31T20:00:00 155 45 6 9 11 17 52 2 20 3 43
2014-01-31T21:00:00 161 47 5 10 9 15 49 2 18 4 37
2014-01-31T22:00:00 181 49 5 10 8 15 41 0 23 4 35
2014-01-31T23:00:00 179 55 6 9 7 18 30 0 23 5 33
2014-02-01T04:00:00 79 34 3 4 2 7 15 1 9 1 20
2014-02-01T05:00:00 57 20 2 3 1 4 11 1 6 0 15
2014-02-01T06:00:00 37 13 2 0 1 2 8 0 2 0 9
2014-02-01T07:00:00 28 8 1 0 0 2 3 0 0 0 8
2014-02-01T08:00:00 28 7 2 0 0 2 3 0 0 0 6
2014-02-01T09:00:00 37 10 1 0 1 4 7 0 3 0 13
2014-02-01T10:00:00 58 11 2 0 1 5 10 1 7 0 18
2014-02-12T18:00:00 116 18 10 8 7 8 33 2 18 3 28
2014-02-12T19:00:00 118 23 12 5 6 5 27 1 17 4 29
2014-02-12T20:00:00 116 23 12 8 8 11 21 1 16 4 29
2014-02-12T21:00:00 111 29 14 10 10 12 23 1 17 4 23
2014-02-12T22:00:00 121 33 14 10 9 12 16 1 17 4 24
2014-02-12T23:00:00 122 46 12 12 7 14 15 0 19 4 25
2014-02-13T00:00:00 120 48 10 14 7 15 15 0 19 3 24
2014-02-13T01:00:00 115 46 10 13 7 15 15 0 16 1 22
2014-02-13T02:00:00 105 45 9 10 6 9 13 0 15 1 16
2014-02-13T03:00:00 92 38 6 7 4 8 10 0 12 1 14
2014-02-13T04:00:00 68 29 4 6 3 7 7 0 10 0 9
2014-02-13T05:00:00 44 12 3 4 1 4 6 0 5 0 6
2014-02-13T06:00:00 27 6 3 1 1 3 5 0 1 0 4
2014-02-13T07:00:00 19 3 1 1 1 2 4 0 1 0 2
2014-02-13T08:00:00 19 4 2 1 0 2 5 0 3 0 4
2014-02-13T09:00:00 37 9 3 1 0 1 10 0 4 0 7
2014-02-13T10:00:00 58 12 6 3 0 3 13 2 8 1 8
2014-02-13T11:00:00 80 14 7 3 2 6 19 2 10 1 12
2014-02-13T12:00:00 100 16 8 3 3 9 23 3 14 1 12
2014-02-13T13:00:00 112 18 9 4 3 9 31 3 15 1 19
2014-02-13T14:00:00 125 22 9 5 3 10 36 3 16 1 19
2014-02-13T15:00:00 120 20 12 5 4 10 38 3 17 2 22
2014-02-13T16:00:00 117 22 10 3 4 10 41 1 14 1 25
2014-02-13T17:00:00 109 22 10 3 2 7 41 1 16 1 25
2014-02-13T18:00:00 104 25 8 6 1 5 38 0 13 2 31
2014-02-13T19:00:00 112 30 7 8 1 11 33 0 14 2 26
2014-02-13T20:00:00 116 31 6 8 1 12 28 0 14 2 28
2014-02-13T21:00:00 121 35 2 13 2 14 20 0 14 2 29
2014-02-13T22:00:00 132 45 2 14 2 14 18 0 17 3 31
2014-02-13T23:00:00 148 54 4 15 2 15 14 0 14 5 32
2014-02-14T00:00:00 155 57 5 14 2 16 14 0 18 6 31
2014-02-14T01:00:00 159 52 9 11 2 11 13 2 21 8 32
2014-02-14T02:00:00 145 48 9 10 2 10 13 2 19 8 28
2014-02-14T03:00:00 128 41 9 5 0 8 14 2 17 7 22
2014-02-14T04:00:00 100 27 8 3 0 6 10 2 13 6 17
2014-02-14T05:00:00 74 17 5 3 0 5 8 2 13 4 12
2014-02-14T06:00:00 55 9 4 1 0 3 8 2 8 2 8
2014-02-14T07:00:00 36 7 0 1 0 2 7 0 3 0 6
2014-02-14T08:00:00 45 6 0 2 0 1 10 0 1 0 12
2014-02-14T09:00:00 66 8 0 2 1 2 15 1 4 0 16
2014-02-14T10:00:00 96 11 2 2 1 2 21 2 6 2 20
2014-02-14T11:00:00 120 16 4 1 1 3 29 2 8 4 25
2014-02-14T12:00:00 144 24 4 5 3 6 35 2 9 4 30
2014-02-14T13:00:00 161 27 4 8 4 7 43 2 16 4 31
2014-02-14T14:00:00 172 30 4 13 4 9 47 3 19 5 31
2014-02-14T15:00:00 177 33 5 13 5 11 49 2 16 6 33
2014-02-14T16:00:00 165 39 4 15 6 15 49 1 20 6 32
2014-02-14T17:00:00 168 47 3 17 7 17 46 1 18 5 33
2014-02-14T18:00:00 165 45 4 19 6 16 47 1 19 5 33
2014-02-14T19:00:00 177 49 7 18 6 17 40 1 15 6 36
2014-02-14T20:00:00 185 51 9 13 9 21 36 2 15 6 39
2014-02-14T21:00:00 191 63 13 21 9 20 32 3 17 6 45
2014-02-14T22:00:00 212 67 15 21 10 22 32 3 18 6 49
2014-02-14T23:00:00 222 64 17 20 12 22 32 4 25 9 51
2014-02-15T00:00:00 239 65 19 14 13 25 31 6 27 10 58
2014-02-15T01:00:00 221 63 17 13 12 27 30 6 29 11 56
2014-02-15T02:00:00 190 62 15 12 10 22 26 4 28 10 49
2014-02-15T03:00:00 157 47 10 4 8 22 21 3 26 9 36
2014-02-15T04:00:00 121 33 7 3 6 16 15 3 19 7 28
2014-02-15T05:00:00 84 24 4 2 3 13 10 2 11 3 22
2014-02-15T06:00:00 45 18 1 2 1 8 2 1 7 2 9
2014-02-15T07:00:00 31 14 0 1 1 5 1 1 2 0 4
2014-02-15T08:00:00 30 10 1 1 0 4 2 1 0 0 4
2014-02-15T09:00:00 42 12 2 1 1 2 6 2 2 0 8
2014-02-15T10:00:00 63 16 5 0 1 4 11 3 6 1 17
2014-02-15T11:00:00 85 19 6 2 1 8 19 3 8 1 24
2014-02-15T12:00:00 110 23 7 4 2 8 31 4 12 2 30
2014-02-15T13:00:00 132 29 10 8 4 7 47 4 17 2 35
2014-02-15T14:00:00 155 31 11 9 5 9 56 4 20 3 41
2014-02-15T15:00:00 165 30 11 11 8 10 67 3 21 4 48
2014-02-15T16:00:00 168 33 8 13 9 9 74 3 18 3 46
2014-02-15T17:00:00 185 34 7 15 9 6 71 3 19 3 44
2014-02-15T18:00:00 191 36 8 16 10 9 64 1 20 2 48
2014-02-15T19:00:00 181 35 6 19 9 12 53 1 16 2 44
2014-02-15T20:00:00 185 41 5 19 8 13 49 1 16 2 44
2014-02-15T21:00:00 192 45 6 21 4 14 43 1 15 3 38
2014-02-15T22:00:00 191 45 9 22 3 21 33 1 22 4 35
2014-02-15T23:00:00 189 46 12 19 4 24 35 1 21 7 36
2014-02-16T00:00:00 184 50 13 17 3 26 37 2 19 7 29
2014-02-16T01:00:00 187 51 14 10 2 23 34 2 22 8 32
2014-02-16T02:00:00 166 41 15 10 2 19 32 2 20 8 26
2014-02-16T03:00:00 136 34 13 6 2 17 23 2 18 6 22
2014-02-16T04:00:00 111 29 10 3 2 9 21 1 10 5 18
2014-02-16T05:00:00 72 22 8 3 1 5 14 1 8 2 10
2014-02-16T06:00:00 46 12 6 2 0 0 7 0 5 2 7
2014-03-23T08:00:00 35 5 4 3 3 2 3 0 5 0 6
2014-03-23T09:00:00 59 9 7 3 2 2 7 0 9 0 14
2014-03-23T10:00:00 88 13 14 4 2 2 18 0 12 0 25
2014-03-23T11:00:00 118 18 17 5 3 4 30 1 15 0 39
2014-03-23T15:00:00 199 37 23 18 5 13 88 2 24 1 64
2014-03-23T16:00:00 195 40 17 20 5 13 100 2 28 2 63
2014-03-23T17:00:00 198 42 16 18 5 14 107 1 35 2 59
2014-03-23T18:00:00 198 45 19 20 5 11 95 1 38 4 56
2014-03-23T19:00:00 185 44 16 19 6 16 85 1 36 4 57
2014-03-23T20:00:00 178 43 16 20 5 15 74 1 34 3 55
2014-03-23T21:00:00 173 42 17 19 7 19 61 0 32 3 57
2014-03-23T22:00:00 173 41 16 18 8 22 43 0 28 3 53
2014-03-23T23:00:00 166 43 16 20 7 22 27 0 22 3 53
2014-03-24T00:00:00 152 45 20 17 6 25 27 1 15 1 55
2014-03-24T01:00:00 145 43 21 14 4 18 20 1 12 1 49
2014-03-24T02:00:00 131 36 23 10 3 17 18 1 12 1 41
2014-03-24T03:00:00 105 31 20 7 1 14 16 1 10 1 34
2014-03-24T04:00:00 75 27 19 4 0 11 11 1 7 0 28
2014-03-24T05:00:00 50 18 17 2 0 9 8 1 3 0 18
2014-03-24T06:00:00 27 10 8 2 0 3 2 0 2 0 11
2014-03-24T07:00:00 20 5 4 1 0 3 1 0 2 0 9
2014-03-24T08:00:00 30 9 4 0 0 4 0 0 3 0 9
2014-03-24T09:00:00 45 13 8 0 0 2 0 0 4 0 11
2014-03-24T10:00:00 55 12 16 0 1 5 4 1 6 1 18
2014-03-24T11:00:00 68 16 21 0 1 5 7 1 12 1 21
2014-03-24T12:00:00 89 17 22 3 1 6 10 1 16 2 27
2014-03-24T13:00:00 106 21 25 5 1 8 14 2 21 2 30
2014-03-24T14:00:00 115 18 26 11 1 10 16 2 22 2 35
2014-03-24T15:00:00 118 14 22 11 1 11 21 4 25 2 36
2014-03-24T16:00:00 121 14 19 11 0 9 20 3 26 1 34
2014-03-24T17:00:00 117 12 15 13 0 9 17 4 20 1 38
2014-03-24T18:00:00 113 11 21 13 1 8 15 4 16 0 35
2014-03-24T19:00:00 108 8 23 11 3 8 14 3 13 0 38
2014-03-24T23:00:00 123 21 30 7 5 9 19 0 17 1 41
2014-03-25T00:00:00 127 26 29 4 4 12 20 0 21 1 56
2014-03-25T01:00:00 128 29 29 5 2 13 22 0 21 1 52
2014-03-25T02:00:00 120 30 24 5 0 13 14 0 20 1 51
2014-03-25T03:00:00 106 26 20 2 0 13 15 0 13 0 44
2014-03-25T04:00:00 84 23 15 1 0 12 12 0 10 0 36
2014-03-25T05:00:00 63 14 12 1 0 9 9 0 9 0 24
2014-03-25T06:00:00 42 8 6 2 0 6 7 0 5 0 6
2014-03-25T07:00:00 27 4 2 1 1 4 2 0 2 0 3
2014-03-25T08:00:00 30 5 2 2 1 4 2 0 3 0 5
2014-03-25T09:00:00 47 9 5 2 1 4 2 0 9 1 9
2014-03-25T10:00:00 60 10 6 3 3 5 7 0 13 1 13
2014-03-25T11:00:00 73 12 11 3 4 5 12 0 19 1 20
2014-03-25T12:00:00 101 17 14 2 5 7 17 0 22 1 23
2014-03-25T13:00:00 108 23 18 6 4 7 19 0 25 2 29
2014-03-25T14:00:00 120 22 26 5 4 10 28 0 27 2 31
2014-03-25T15:00:00 121 20 25 7 5 10 29 0 23 1 35
2014-03-25T16:00:00 128 25 30 7 4 9 34 1 21 1 35
2014-03-25T17:00:00 135 24 27 7 3 10 32 1 15 1 31
2014-03-25T18:00:00 116 21 27 7 5 12 28 1 16 1 35
2014-03-25T19:00:00 113 19 22 3 7 16 29 1 14 1 35
2014-03-25T20:00:00 105 20 15 6 9 15 23 1 12 1 34
2014-03-25T21:00:00 101 22 16 5 8 17 22 1 11 2 37
2014-03-25T22:00:00 99 29 18 7 7 21 13 0 10 3 39
2014-03-25T23:00:00 95 35 25 7 8 26 12 0 13 4 44
2014-03-26T00:00:00 101 39 25 7 6 27 16 0 13 4 46
2014-03-26T01:00:00 110 38 29 7 4 23 13 0 12 3 41
2014-03-26T02:00:00 99 35 29 4 2 21 10 0 11 3 38
2014-03-26T03:00:00 86 31 25 3 2 18 9 0 10 2 27
2014-03-26T04:00:00 68 18 18 0 2 13 8 0 9 1 20
2014-03-26T05:00:00 50 12 9 1 1 7 5 0 5 0 12
2014-03-26T06:00:00 35 6 8 1 0 2 0 0 1 0 4
2014-03-26T07:00:00 27 4 5 3 0 1 0 0 1 0 5
2014-03-26T08:00:00 40 6 6 3 1 2 3 0 2 0 8
2014-03-26T09:00:00 54 10 10 3 1 2 4 0 4 1 10
2014-03-26T10:00:00 77 14 11 5 1 3 7 0 4 1 15
2014-03-26T11:00:00 97 17 14 5 1 5 10 0 8 1 19
2014-03-26T12:00:00 113 17 16 7 2 6 14 0 11 2 24
2014-03-26T13:00:00 125 18 17 6 2 7 21 0 13 2 25
2014-03-26T14:00:00 125 20 16 7 2 7 20 0 11 2 27
2014-03-26T15:00:00 135 18 14 8 2 9 23 0 13 2 34
2014-03-26T16:00:00 128 19 15 8 2 9 21 1 13 2 34
2014-03-26T17:00:00 129 19 17 8 2 8 21 2 12 2 35
2014-03-26T18:00:00 134 25 15 7 1 9 18 2 13 1 33
2014-03-26T19:00:00 133 27 17 10 2 9 16 4 13 1 32
2014-03-26T20:00:00 130 25 19 12 2 11 17 4 13 1 32
2014-03-26T21:00:00 115 31 20 12 3 12 14 4 10 0 29
2014-03-26T22:00:00 119 33 27 14 5 15 17 3 13 0 30
2014-03-26T23:00:00 125 39 26 15 5 16 17 2 15 0 33
2014-03-27T00:00:00 118 39 33 14 5 16 18 2 14 0 36
2014-03-27T01:00:00 110 39 38 11 4 17 14 0 17 0 41
2014-03-27T02:00:00 95 36 37 8 3 14 12 0 19 0 38
2014-03-27T03:00:00 87 29 36 7 2 11 11 0 19 0 32
2014-03-27T04:00:00 69 22 26 3 0 7 8 0 16 0 27
2014-03-27T05:00:00 42 13 22 1 0 5 5 1 11 0 19
2014-03-27T06:00:00 30 6 14 1 0 3 4 1 8 0 12
2014-03-27T07:00:00 19 4 5 0 0 2 5 1 5 0 6
2014-03-27T08:00:00 26 7 5 0 0 2 5 1 6 0 7
2014-03-27T09:00:00 38 9 4 0 0 3 8 1 10 0 13
2014-03-27T10:00:00 52 10 7 0 1 4 9 2 13 0 19
2014-03-27T11:00:00 81 11 11 0 2 5 14 1 17 0 24
2014-03-27T12:00:00 101 16 15 4 2 7 21 1 18 0 27
2014-03-27T13:00:00 114 17 19 4 2 9 23 4 22 1 32
2014-10-29T16:00:00 132 36 44 5 1 5 56 4 19 1 35
2014-10-29T17:00:00 117 31 45 7 2 6 55 4 22 1 37
2014-10-29T18:00:00 125 31 39 6 4 7 51 4 22 1 36
2014-10-29T19:00:00 133 29 39 6 4 6 45 5 22 1 35
2014-10-29T20:00:00 119 31 42 6 4 4 37 5 23 1 31
2014-10-29T21:00:00 117 30 45 6 5 3 31 4 23 1 34
2014-10-29T22:00:00 136 40 56 7 6 3 30 2 20 1 44
2014-10-29T23:00:00 146 47 59 7 5 2 27 2 17 1 48
2014-10-30T00:00:00 159 53 62 6 6 1 25 3 20 1 55
2014-10-30T01:00:00 157 51 64 5 6 2 21 2 19 2 53
2014-10-30T02:00:00 142 47 63 5 6 1 19 3 15 2 50
2014-10-30T03:00:00 120 42 54 4 5 1 16 2 14 2 38
2014-10-30T04:00:00 85 29 40 2 4 1 7 3 10 1 25
2014-10-30T05:00:00 62 20 29 0 3 1 5 3 7 1 15
2014-10-30T06:00:00 31 9 19 0 0 1 2 2 2 1 7
2014-10-30T07:00:00 21 6 13 0 0 0 4 2 0 0 5
2014-10-30T08:00:00 26 7 9 0 2 1 7 1 0 0 6
2014-10-30T09:00:00 40 10 10 1 3 1 11 1 1 0 10
2014-10-30T10:00:00 56 17 22 2 4 1 19 0 3 0 20
2014-10-30T11:00:00 67 19 31 2 5 2 23 1 6 1 25
2014-10-30T12:00:00 82 26 41 2 5 3 30 2 8 1 30
2014-10-30T13:00:00 93 26 44 4 6 4 33 2 10 2 36
2014-10-30T14:00:00 103 29 45 5 5 4 36 2 12 2 38
2014-10-30T15:00:00 113 30 50 4 4 5 40 3 12 2 39
2014-10-30T16:00:00 113 24 41 5 4 6 36 3 14 2 31
2014-10-30T17:00:00 119 25 42 6 3 6 36 2 13 1 33
2014-10-30T18:00:00 126 21 41 7 3 5 36 1 12 1 32
2014-10-30T19:00:00 139 24 42 7 3 4 32 1 14 0 30
2014-10-30T20:00:00 149 21 46 8 2 5 26 1 14 0 33
2014-10-30T21:00:00 158 22 46 11 2 4 22 0 14 0 33
2014-10-30T22:00:00 175 32 51 12 1 5 26 0 14 0 43
2014-10-30T23:00:00 184 40 47 13 3 8 28 1 13 2 41
2014-10-31T00:00:00 184 41 56 13 4 11 22 1 17 2 45
2014-10-31T01:00:00 171 50 59 12 3 11 24 2 15 2 44
2014-10-31T02:00:00 150 45 54 11 4 11 26 2 15 2 40
2014-10-31T05:00:00 68 19 36 4 2 7 10 2 9 0 19
2014-10-23T18:00:00 139 34 38 5 2 7 51 2 19 0 37
2014-10-23T19:00:00 133 36 41 6 2 7 47 3 22 0 32
2014-10-23T20:00:00 135 35 38 4 2 8 42 3 19 1 30
2014-10-23T21:00:00 137 37 44 6 3 8 33 4 18 1 30
2014-10-23T22:00:00 134 38 48 10 3 8 33 3 19 1 35
2014-10-23T23:00:00 162 48 51 12 3 8 32 3 20 2 42
2014-10-24T00:00:00 159 58 68 17 3 6 33 3 20 3 37
2014-10-24T01:00:00 158 60 67 15 3 5 35 3 16 3 34
2014-10-24T02:00:00 147 55 62 15 4 3 32 2 17 2 29
2014-10-24T03:00:00 130 49 53 13 3 3 28 1 12 2 27
2014-10-24T04:00:00 113 41 42 9 2 2 22 1 9 2 20
2014-10-24T05:00:00 72 26 30 6 2 3 14 1 6 1 11
2014-10-24T06:00:00 50 16 11 1 2 2 9 1 4 0 8
2014-10-24T07:00:00 37 12 6 0 1 2 2 0 4 0 6
2014-10-24T08:00:00 36 12 6 0 0 1 6 0 5 0 7
2014-10-24T09:00:00 61 12 9 1 0 1 9 1 6 1 13
2014-10-24T10:00:00 76 18 15 1 0 3 21 1 10 1 22
2014-10-24T11:00:00 94 18 20 1 0 4 32 1 13 1 28
2014-10-24T12:00:00 118 22 24 1 1 6 39 1 15 2 30
2014-10-24T13:00:00 142 23 26 5 3 8 41 1 17 2 40
2014-10-24T14:00:00 153 25 30 7 4 9 44 1 15 3 37
2014-10-24T15:00:00 144 28 35 6 5 9 49 0 18 3 34
2014-10-24T16:00:00 154 32 37 9 5 8 48 1 16 4 33
2014-10-24T17:00:00 153 38 39 10 6 6 48 1 15 4 31
2014-10-24T18:00:00 156 38 43 13 5 5 50 2 16 3 34
2014-10-24T19:00:00 158 38 46 10 3 4 52 2 17 4 35
2014-10-24T20:00:00 174 37 46 13 3 4 51 2 23 4 39
2014-10-24T21:00:00 190 47 43 17 3 4 48 3 27 3 41
2014-10-24T22:00:00 189 45 45 15 3 4 45 2 29 3 43
2014-10-24T23:00:00 206 43 41 16 3 7 39 2 31 3 52
2014-10-25T00:00:00 216 49 43 14 4 6 38 1 35 3 56
2014-10-25T01:00:00 207 54 47 14 5 7 40 1 35 2 50
2014-10-25T02:00:00 184 55 45 9 5 7 36 1 30 1 47
2014-10-25T03:00:00 158 40 41 6 4 7 30 0 22 1 43
2014-10-25T04:00:00 137 33 32 7 4 6 23 0 18 0 33
2014-10-25T05:00:00 100 29 29 6 3 3 18 0 12 0 20
2014-10-25T06:00:00 64 17 18 6 2 4 11 0 5 0 12
2014-10-07T16:00:00 222 44 47 26 3 10 114 3 34 4 63
2014-10-07T17:00:00 219 50 42 25 4 11 114 3 30 3 62
2014-10-07T18:00:00 221 61 39 25 3 9 105 3 31 3 55
2014-10-07T19:00:00 212 56 32 28 5 9 85 2 29 3 55
2014-10-07T20:00:00 197 62 30 29 6 7 72 1 26 4 55
2014-10-07T21:00:00 186 68 31 27 7 7 64 0 27 2 62
2014-10-07T22:00:00 197 81 28 27 7 7 58 0 29 2 64
2014-10-07T23:00:00 208 88 35 30 7 7 53 1 28 5 73
2014-10-08T00:00:00 207 82 46 30 9 6 55 2 22 5 75
2014-10-08T01:00:00 195 84 52 25 6 5 53 2 21 5 68
2014-10-08T02:00:00 180 74 48 18 6 4 50 2 19 4 59
2014-10-08T03:00:00 157 61 46 15 4 2 42 2 12 4 49
2014-10-08T04:00:00 111 40 43 12 4 2 34 2 8 3 41
2014-10-08T05:00:00 70 22 32 9 3 2 21 1 5 0 25
2014-10-08T06:00:00 41 16 19 7 1 2 14 0 3 0 15
2014-10-08T07:00:00 32 9 10 7 1 2 12 0 1 0 13
2014-10-08T08:00:00 35 10 11 6 0 2 9 1 1 0 16
2014-10-08T09:00:00 52 13 12 6 0 4 10 1 1 1 19
2014-10-08T10:00:00 60 15 17 6 1 5 20 2 6 1 20
2014-10-08T11:00:00 85 17 27 6 2 4 25 2 9 1 23
2014-10-08T12:00:00 91 17 28 5 2 3 35 2 13 2 30
2014-10-08T13:00:00 97 20 30 3 4 4 38 2 13 3 30
2014-10-08T14:00:00 98 21 33 3 4 5 42 1 15 5 35
2014-10-08T15:00:00 99 19 35 3 4 4 46 1 15 4 33
2014-10-08T16:00:00 108 22 31 3 3 3 40 2 18 4 37
2014-10-08T17:00:00 105 26 29 3 3 4 38 3 15 4 38
2014-10-08T18:00:00 116 27 36 5 3 5 35 3 11 3 38
2014-10-08T19:00:00 125 24 40 7 2 4 31 3 13 2 34
2014-10-08T20:00:00 134 29 48 7 3 4 34 4 16 0 37
2014-10-08T21:00:00 143 33 54 9 4 5 30 4 17 0 36
2014-10-08T22:00:00 157 37 58 10 6 6 30 2 13 2 33
2014-10-08T23:00:00 157 42 63 12 7 7 33 1 19 3 39
2014-10-09T00:00:00 166 54 61 12 7 7 29 2 26 3 38
2014-10-09T01:00:00 157 59 60 11 6 7 27 2 27 3 43
2014-10-09T02:00:00 135 52 49 11 5 6 21 1 23 3 34
2014-10-09T03:00:00 108 47 40 8 4 4 19 2 21 3 31
2014-10-09T04:00:00 82 38 33 7 2 4 14 2 18 1 29
2014-10-09T05:00:00 62 28 20 3 0 2 8 2 12 0 20
2014-10-09T06:00:00 37 14 14 1 0 1 6 1 6 0 15
2014-10-09T07:00:00 32 10 10 0 0 1 5 1 6 0 11
2014-10-09T08:00:00 38 12 9 0 1 1 5 1 9 0 14
2014-10-09T09:00:00 57 16 11 1 2 3 7 0 13 0 18
2014-10-09T10:00:00 60 22 14 1 3 3 11 0 15 0 24
2014-10-09T11:00:00 71 24 21 3 5 4 19 0 16 0 34
2014-10-09T12:00:00 85 29 27 4 7 5 22 1 17 0 40
2014-10-09T13:00:00 110 31 32 5 7 7 32 2 21 0 40
2014-10-09T14:00:00 123 31 33 5 8 9 39 2 19 0 39
2014-10-09T15:00:00 128 29 38 4 8 8 42 2 18 0 43
2014-10-09T16:00:00 136 28 41 4 9 7 42 2 17 2 38
2014-10-09T17:00:00 138 28 43 3 9 6 37 2 17 2 37
2014-10-09T18:00:00 151 28 39 3 7 5 36 1 18 2 39
2014-10-09T19:00:00 133 25 40 5 7 4 30 0 12 2 44
2014-10-09T20:00:00 143 31 45 5 5 7 22 0 10 3 48
2014-10-09T21:00:00 154 36 42 8 4 7 20 0 12 3 49
2014-10-09T22:00:00 163 47 48 9 4 10 23 1 14 1 54
2014-10-09T23:00:00 171 58 53 8 3 12 29 1 14 1 48
2014-10-10T00:00:00 166 59 65 9 4 16 36 2 15 1 45
2014-10-10T01:00:00 158 64 59 7 4 15 33 2 14 1 39
2014-10-10T02:00:00 140 55 53 7 4 10 31 2 16 0 30
2014-10-10T03:00:00 110 46 47 4 4 9 28 2 12 0 25
2014-10-10T04:00:00 86 31 37 3 2 6 22 1 9 0 17
2014-10-10T05:00:00 62 17 24 3 1 4 14 1 7 0 13
2014-10-10T08:00:00 43 8 10 3 0 1 6 0 3 0 13
2014-10-10T09:00:00 49 10 14 3 1 1 12 0 4 0 13
2014-10-10T10:00:00 67 19 21 3 1 1 13 1 10 0 15
2014-10-10T11:00:00 88 23 30 4 2 2 17 1 13 0 23
2014-10-10T12:00:00 104 27 36 5 3 3 19 1 17 0 23
2014-10-10T13:00:00 109 32 42 3 4 3 26 1 17 0 24
2014-10-10T14:00:00 114 29 41 5 4 3 35 2 21 0 27
2014-10-10T15:00:00 109 31 43 6 4 3 36 2 23 0 28
2014-10-10T16:00:00 110 24 41 6 4 3 37 1 21 0 30
2014-10-10T17:00:00 108 23 40 6 3 2 42 1 22 0 33
2014-10-10T18:00:00 113 23 41 7 4 2 46 1 21 0 36
2014-10-10T19:00:00 116 24 44 8 4 3 40 1 22 1 38
2014-10-10T20:00:00 121 29 43 6 5 3 36 0 19 1 42
2014-10-10T21:00:00 137 33 43 9 4 5 38 0 18 2 48
2014-10-10T22:00:00 149 39 44 10 7 5 50 0 21 2 50
