2013-06-01T15:00:00 413 57 47 71 14 40 459 4 52 4 125
2013-06-01T16:00:00 427 60 45 73 12 41 487 3 51 7 120
2013-06-01T17:00:00 404 59 46 76 11 44 499 4 54 6 135
2013-06-01T18:00:00 375 62 44 71 7 44 463 4 53 6 135
2013-06-01T19:00:00 346 64 38 64 8 43 422 6 52 7 122
2013-06-01T20:00:00 352 65 42 60 9 35 373 8 49 8 101
2013-06-01T21:00:00 324 60 38 54 7 37 322 9 48 7 97
2013-06-01T22:00:00 305 66 37 55 8 44 277 8 45 4 89
2013-06-01T23:00:00 293 76 45 50 8 38 221 6 33 5 69
2013-06-02T00:00:00 289 72 45 48 6 34 182 7 33 3 53
2013-06-02T01:00:00 263 66 51 39 5 28 154 5 28 4 53
2013-06-02T02:00:00 219 59 45 26 3 23 114 3 23 3 44
2013-06-02T03:00:00 182 50 41 19 3 17 88 2 16 3 34
2013-06-02T04:00:00 136 39 37 12 1 6 64 2 12 3 27
2013-06-02T05:00:00 87 20 22 9 0 5 44 2 10 2 19
2013-06-02T06:00:00 52 12 18 5 0 2 32 1 5 2 13
2013-06-02T07:00:00 35 6 12 2 1 2 25 0 6 0 6
2013-06-02T08:00:00 41 8 8 3 2 5 32 0 7 0 10
2013-06-02T09:00:00 72 13 11 6 2 11 61 0 11 0 17
2013-06-02T10:00:00 122 17 17 8 3 17 93 0 22 0 25
2013-06-02T11:00:00 175 28 18 11 6 20 134 1 29 1 40
2013-06-02T12:00:00 232 36 21 19 7 23 191 2 36 4 49
2013-06-02T13:00:00 291 44 23 30 8 28 226 2 39 4 61
2013-06-02T14:00:00 323 48 27 42 10 28 257 3 46 4 69
2013-06-05T07:00:00 30 11 4 1 0 5 12 0 6 1 1
2013-06-05T08:00:00 34 12 7 2 0 6 16 0 7 0 4
2013-06-05T09:00:00 66 15 11 5 0 9 24 0 11 0 15
2013-06-05T10:00:00 90 21 19 5 0 12 39 1 11 0 23
2013-06-05T11:00:00 120 25 27 5 1 10 51 1 14 2 31
2013-06-05T12:00:00 154 31 31 5 3 10 63 2 14 2 42
2013-06-05T13:00:00 161 32 34 8 4 11 71 2 15 3 48
2013-06-05T14:00:00 173 32 32 11 4 12 78 5 14 4 52
2013-06-05T15:00:00 160 32 30 10 4 11 82 7 13 4 47
2013-06-05T16:00:00 156 31 28 11 4 12 76 7 16 4 43
2013-06-05T17:00:00 145 34 24 14 3 14 79 7 15 3 39
2013-06-05T18:00:00 125 29 21 15 1 14 78 6 16 3 33
2013-06-05T19:00:00 126 29 22 14 1 14 77 7 18 3 34
2013-06-05T20:00:00 126 29 26 17 1 15 76 5 21 2 32
2013-06-15T00:00:00 129 34 21 25 1 24 82 6 19 3 41
2013-06-15T01:00:00 136 39 25 25 2 21 73 6 18 3 37
2013-06-15T02:00:00 119 36 26 17 3 21 67 7 15 1 33
2013-06-15T03:00:00 99 34 23 10 3 18 54 6 14 0 30
2013-06-15T04:00:00 89 27 20 8 4 17 43 6 13 0 26
2013-06-15T05:00:00 67 22 19 2 3 16 33 5 10 0 21
2013-06-15T06:00:00 50 14 14 1 3 12 20 4 9 0 12
2013-06-15T07:00:00 40 10 9 0 2 9 19 2 6 0 9
2013-06-15T08:00:00 55 13 8 1 3 7 21 1 6 0 12
2013-06-15T09:00:00 82 19 9 2 3 8 39 0 10 0 15
2013-06-15T10:00:00 103 20 12 3 2 11 66 0 13 0 24
2013-06-15T11:00:00 148 21 13 7 5 11 113 2 24 0 44
2013-06-15T12:00:00 199 31 19 16 6 17 174 6 32 1 61
2013-06-15T13:00:00 227 37 22 30 12 22 244 7 38 2 71
2013-06-15T14:00:00 263 42 26 34 11 27 298 7 45 2 80
2013-06-15T15:00:00 280 42 29 38 12 27 334 8 45 2 81
2013-06-15T16:00:00 288 47 31 44 13 25 365 8 47 3 91
2013-06-15T17:00:00 263 58 33 47 12 25 354 8 44 3 82
2013-06-13T23:00:00 148 42 28 11 6 16 49 4 15 1 31
2013-06-14T00:00:00 148 48 32 10 8 23 51 6 15 2 33
2013-06-14T01:00:00 131 54 34 8 6 23 46 6 14 3 30
2013-06-14T02:00:00 104 53 34 6 5 19 39 6 12 3 24
2013-06-14T03:00:00 87 49 31 6 5 15 33 4 10 2 20
2013-06-14T04:00:00 70 39 28 4 5 10 28 3 8 2 17
2013-06-14T05:00:00 56 31 23 3 4 10 21 3 5 2 14
2013-06-14T06:00:00 41 20 15 2 2 3 14 1 3 1 9
2013-06-14T07:00:00 31 10 11 1 2 1 12 1 3 0 5
2013-06-14T08:00:00 39 11 10 2 1 4 14 1 3 0 9
2013-06-14T09:00:00 54 14 10 3 0 4 21 1 6 0 15
2013-06-14T10:00:00 72 18 16 3 1 7 31 1 9 1 16
2013-06-14T11:00:00 96 22 19 5 1 10 48 3 14 1 21
2013-06-14T12:00:00 116 24 21 6 2 10 72 3 17 1 29
2013-06-14T13:00:00 137 30 27 10 4 11 93 4 21 2 35
2013-06-14T14:00:00 143 30 28 15 5 10 114 4 24 3 37
2013-06-14T15:00:00 141 29 30 16 5 13 118 6 24 3 37
2013-06-14T16:00:00 138 26 27 17 5 14 121 7 25 2 39
2013-06-25T02:00:00 142 48 31 5 1 12 27 1 8 2 36
2013-06-25T03:00:00 105 38 24 4 1 5 23 1 5 2 27
2013-06-25T04:00:00 75 24 19 2 1 5 13 1 4 2 19
2013-06-25T05:00:00 55 20 17 1 1 3 9 1 2 2 9
2013-06-25T06:00:00 36 14 11 1 1 2 6 0 1 1 7
2013-06-25T07:00:00 32 13 9 0 0 1 7 0 1 1 6
2013-06-25T08:00:00 38 14 11 1 1 2 11 0 2 0 7
2013-06-25T09:00:00 52 18 18 4 1 3 14 1 7 1 10
2013-06-25T10:00:00 67 25 25 4 1 8 22 2 9 1 15
2013-06-25T11:00:00 88 24 32 7 1 12 31 2 11 1 19
2013-06-25T12:00:00 109 24 37 9 1 13 42 3 15 1 22
2013-06-25T13:00:00 126 27 38 11 1 15 54 3 21 1 33
2013-06-25T14:00:00 135 28 40 14 0 14 62 5 23 1 39
2013-06-25T15:00:00 137 25 39 13 2 14 69 4 23 0 43
2013-06-25T16:00:00 137 24 35 14 2 11 76 3 25 0 47
2013-06-25T17:00:00 138 27 31 11 2 9 83 4 26 0 55
2013-06-25T18:00:00 136 35 28 13 2 10 80 4 29 1 59
2013-06-25T19:00:00 142 39 28 16 2 9 76 6 27 1 54
2013-06-25T20:00:00 150 46 29 16 2 12 71 5 26 2 51
2013-06-25T21:00:00 162 50 30 15 0 13 67 5 21 2 46
2013-06-25T22:00:00 153 47 31 15 0 17 56 6 18 4 43
2013-06-25T23:00:00 154 50 34 17 2 19 50 6 16 4 38
2013-06-26T00:00:00 159 49 37 14 4 19 45 5 12 3 34
2013-06-26T01:00:00 138 45 42 10 4 20 39 3 9 3 34
2013-06-27T14:00:00 149 32 26 10 0 7 100 7 19 2 47
2013-06-27T15:00:00 150 32 30 11 1 10 101 7 15 2 47
2013-06-27T16:00:00 148 28 31 10 2 7 100 6 12 2 51
2013-06-27T17:00:00 142 29 32 8 2 8 95 5 13 1 51
2013-06-27T18:00:00 137 34 30 12 4 9 94 5 11 0 51
2013-06-27T19:00:00 140 36 30 10 5 8 86 7 9 0 50
2013-06-27T20:00:00 151 32 32 11 6 11 73 7 15 0 44
2013-06-27T21:00:00 160 41 29 11 5 12 68 7 14 0 48
2013-06-27T22:00:00 163 46 27 14 5 22 62 7 15 1 46
2013-06-27T23:00:00 163 49 31 13 6 26 55 8 16 2 50
2013-06-28T00:00:00 162 54 36 11 4 28 48 7 15 2 48
2013-06-28T01:00:00 152 53 36 10 4 29 41 6 15 2 44
2013-06-28T02:00:00 127 53 31 7 3 26 35 5 9 2 41
2013-06-28T03:00:00 106 40 30 6 3 22 30 4 8 2 34
2013-06-28T04:00:00 76 34 26 3 2 12 21 4 6 2 24
2013-06-28T05:00:00 56 29 19 3 1 8 15 2 3 1 16
2013-06-29T20:00:00 205 50 21 31 8 30 213 3 28 6 73
2013-06-29T21:00:00 205 47 20 32 10 27 171 3 28 3 65
2013-06-29T22:00:00 193 48 19 33 12 21 143 3 27 1 64
2013-06-29T23:00:00 200 52 17 32 12 20 118 2 25 2 62
2013-06-30T00:00:00 193 59 18 30 10 24 101 2 20 2 56
2013-06-30T01:00:00 190 65 15 24 10 24 92 1 16 2 48
2013-07-17T13:00:00 170 50 27 12 3 16 133 2 21 2 45
2013-07-17T14:00:00 179 43 28 12 3 18 148 3 25 2 43
2013-07-17T15:00:00 184 37 23 11 3 15 157 4 23 2 44
2013-07-17T16:00:00 180 35 27 10 2 11 164 5 22 2 41
2013-07-17T17:00:00 174 36 22 10 1 12 159 5 22 2 44
2013-07-17T18:00:00 165 34 23 13 1 10 154 5 19 2 36
2013-07-17T19:00:00 167 36 25 10 1 13 135 5 18 1 36
2013-07-17T20:00:00 175 37 24 15 1 16 121 5 15 1 35
2013-07-17T21:00:00 163 40 30 18 2 18 106 4 13 1 33
2013-07-17T22:00:00 169 44 27 19 2 19 79 4 12 2 42
2013-07-18T01:00:00 155 39 25 19 1 16 64 2 15 1 37
2013-07-18T02:00:00 128 38 24 13 1 10 55 1 12 2 35
2013-07-18T03:00:00 109 31 17 10 0 7 44 1 11 2 33
2013-07-18T04:00:00 77 24 13 8 0 5 37 0 11 1 23
2013-07-18T05:00:00 50 19 10 6 0 0 19 0 8 1 18
2013-07-18T06:00:00 43 16 5 5 0 0 12 0 8 1 17
2013-07-18T07:00:00 36 12 6 2 0 3 9 0 9 1 12
2013-07-18T08:00:00 54 15 6 4 0 3 16 0 11 0 17
2013-07-18T09:00:00 73 20 7 8 0 8 34 1 14 0 21
2013-07-18T10:00:00 96 22 14 10 2 12 62 1 15 0 28
2013-07-18T11:00:00 112 23 18 10 2 15 87 1 20 0 34
2013-07-18T12:00:00 126 29 19 11 3 17 117 1 26 0 44
2013-07-18T13:00:00 149 35 19 14 3 18 131 2 26 0 51
2013-07-18T14:00:00 151 36 21 15 4 24 146 2 28 1 59
2013-07-29T16:00:00 171 43 30 10 2 23 115 2 31 3 46
2013-07-29T17:00:00 174 40 30 11 1 20 110 3 28 2 38
2013-07-29T18:00:00 176 39 29 9 1 17 104 2 32 2 39
2013-07-29T19:00:00 159 45 27 8 1 17 94 2 34 2 41
2013-07-29T20:00:00 157 42 27 9 1 18 92 3 34 1 37
2013-07-29T21:00:00 169 53 32 9 1 21 83 3 37 1 36
2013-07-29T22:00:00 177 66 29 10 3 23 74 4 32 0 38
2013-07-29T23:00:00 182 76 31 12 3 25 73 3 38 1 50
2013-07-30T00:00:00 188 84 34 11 5 28 68 4 34 1 54
2013-07-30T01:00:00 179 83 31 9 5 26 62 4 28 1 49
2013-07-30T02:00:00 158 81 26 7 5 26 53 3 23 1 43
2013-07-30T03:00:00 123 66 21 6 5 17 41 2 17 2 38
2013-07-30T04:00:00 94 46 18 6 2 13 36 1 15 2 30
2013-07-30T05:00:00 62 32 12 4 2 9 25 1 6 1 15
2013-07-30T06:00:00 42 19 6 5 0 4 14 0 2 2 5
2013-07-30T07:00:00 32 12 3 5 0 3 10 0 2 2 3
2013-07-30T08:00:00 53 13 4 4 2 5 16 0 5 2 8
2013-07-30T09:00:00 82 19 6 5 3 7 25 0 8 1 13
2013-07-30T10:00:00 104 24 6 4 3 12 44 0 12 1 19
2013-07-30T11:00:00 130 31 11 8 4 14 65 0 14 1 31
2013-07-30T12:00:00 158 35 18 10 6 18 91 0 14 1 36
2013-07-30T13:00:00 178 37 22 12 7 20 101 1 21 2 43
2013-07-30T14:00:00 180 35 22 13 6 18 117 1 21 2 44
2013-07-30T15:00:00 169 34 22 16 5 18 122 1 20 2 53
2013-07-30T16:00:00 170 36 25 15 7 15 117 1 20 2 57
2013-07-30T17:00:00 156 32 23 10 7 14 113 1 24 2 50
2013-08-14T22:00:00 170 29 14 14 5 15 43 1 36 5 48
2013-08-14T23:00:00 171 33 21 13 4 16 38 2 30 4 49
2013-08-15T00:00:00 162 34 21 12 2 15 40 3 28 4 42
2013-08-15T01:00:00 155 32 24 10 2 14 32 4 22 3 37
2013-08-15T02:00:00 125 25 21 6 2 8 24 4 21 3 33
2013-08-15T03:00:00 105 20 20 3 2 5 13 4 14 2 27
2013-08-15T04:00:00 89 17 17 1 2 4 12 3 6 2 17
2013-08-15T05:00:00 57 12 10 1 2 1 8 2 4 0 8
2013-08-15T06:00:00 34 9 7 1 2 0 2 1 3 0 3
2013-08-15T07:00:00 35 10 1 0 0 1 4 0 7 0 5
2013-08-15T08:00:00 56 10 6 1 0 1 8 0 6 0 8
2013-08-15T09:00:00 88 16 8 2 2 2 14 1 10 0 11
2013-08-15T10:00:00 117 20 9 4 2 2 30 1 15 1 16
2013-08-15T11:00:00 154 27 15 6 3 4 45 1 19 1 25
2013-08-15T12:00:00 190 27 15 9 4 8 65 1 24 1 32
2013-08-15T13:00:00 222 35 14 14 5 7 77 2 24 1 40
2013-08-15T14:00:00 233 35 13 18 5 7 87 2 27 1 45
2013-08-15T15:00:00 222 34 14 17 3 8 95 1 27 1 50
2013-08-15T16:00:00 218 36 19 15 6 9 94 1 26 0 53
2013-08-15T17:00:00 213 34 16 13 7 10 88 1 29 1 54
2013-08-15T18:00:00 209 37 19 11 6 6 77 1 31 1 51
2013-08-15T19:00:00 188 33 23 11 5 8 67 0 30 1 47
2013-08-15T20:00:00 175 36 24 8 6 12 60 0 32 1 46
2013-08-15T21:00:00 172 39 24 12 6 10 55 0 33 2 48
2013-09-11T16:00:00 187 18 26 12 3 4 53 2 24 2 18
2013-09-11T17:00:00 164 17 27 14 4 4 48 2 21 1 27
2013-09-11T18:00:00 160 15 26 13 3 5 44 2 21 1 27
2013-09-11T19:00:00 158 15 29 13 4 3 34 2 17 0 29
2013-09-11T20:00:00 147 20 30 17 3 4 35 1 15 1 32
2013-09-11T21:00:00 147 22 29 17 3 3 31 0 14 1 41
2013-09-11T22:00:00 158 26 30 15 3 5 25 0 14 4 48
2013-09-11T23:00:00 164 30 26 12 3 7 25 0 14 4 43
2013-09-12T00:00:00 149 35 28 13 5 6 28 0 14 4 47
2013-09-12T01:00:00 133 35 25 11 3 6 24 0 16 4 44
2013-09-12T02:00:00 118 30 20 7 3 4 21 1 14 3 38
2013-09-12T03:00:00 102 25 16 5 4 5 18 1 13 3 27
2013-09-12T04:00:00 68 20 13 5 4 3 16 1 11 0 19
2013-09-12T05:00:00 46 14 12 5 3 1 10 1 8 0 14
2013-09-12T06:00:00 26 8 6 3 1 1 3 1 3 0 6
2013-09-12T07:00:00 26 5 2 2 3 2 4 1 0 0 4
2013-09-12T08:00:00 41 4 4 1 3 2 4 0 2 0 7
2013-09-12T09:00:00 60 6 9 2 3 3 16 0 5 0 15
2013-09-12T10:00:00 86 7 14 5 5 3 26 0 8 0 24
2013-09-12T11:00:00 103 8 15 6 5 6 33 0 10 0 28
2013-09-12T12:00:00 141 11 18 8 5 7 43 2 13 0 33
2013-09-12T13:00:00 157 13 21 9 4 7 49 2 15 0 36
2013-09-12T14:00:00 169 14 22 9 4 8 59 2 16 0 36
2013-09-12T15:00:00 167 16 22 8 3 7 57 2 20 1 39
2013-09-26T18:00:00 156 21 28 5 3 5 56 0 26 1 30
2013-09-26T19:00:00 158 17 29 5 4 5 55 0 29 1 29
2013-09-26T20:00:00 150 20 31 8 5 7 45 0 31 0 34
2013-09-26T21:00:00 160 16 27 10 7 6 35 1 30 0 36
2013-09-26T22:00:00 168 18 29 10 8 8 30 1 31 0 33
2013-09-26T23:00:00 177 21 32 12 7 9 23 2 28 0 37
2013-09-27T00:00:00 185 21 29 12 6 10 19 2 25 0 38
2013-09-27T01:00:00 172 24 29 10 5 9 12 3 19 0 43
2013-09-27T02:00:00 148 21 28 8 4 6 12 3 14 0 38
2013-09-27T03:00:00 111 19 23 7 2 6 10 2 11 0 31
2013-09-27T04:00:00 79 16 17 5 2 4 8 2 8 0 26
2013-09-27T05:00:00 55 10 10 3 2 4 8 1 6 0 20
2013-09-27T06:00:00 34 7 8 3 1 2 4 1 2 0 13
2013-09-27T07:00:00 25 3 5 3 1 2 4 0 2 0 7
2013-09-27T08:00:00 34 3 6 1 1 2 8 0 2 0 5
2013-09-27T09:00:00 55 3 10 0 3 4 13 1 4 0 8
2013-09-27T10:00:00 76 6 12 1 3 6 20 2 5 0 19
2013-09-27T11:00:00 104 9 19 2 3 5 29 2 11 0 22
2013-09-27T12:00:00 140 14 22 5 4 4 43 4 16 0 25
2013-09-27T13:00:00 170 15 28 8 5 5 48 4 19 1 30
2013-09-27T14:00:00 191 18 29 9 7 6 53 4 21 1 35
2013-09-27T15:00:00 201 20 34 11 6 4 59 4 20 1 37
2013-09-27T16:00:00 201 19 34 12 5 2 57 4 21 1 35
2013-09-27T17:00:00 185 17 28 12 5 3 51 5 18 1 37
2013-10-03T22:00:00 358 59 24 35 4 8 228 3 63 2 106
2013-10-03T23:00:00 324 51 24 29 5 7 186 2 58 2 97
2013-10-04T00:00:00 284 49 23 26 3 7 144 1 51 3 90
2013-10-04T01:00:00 234 41 23 20 3 6 111 0 41 3 74
2013-10-04T02:00:00 193 34 20 17 3 4 86 0 31 3 49
2013-10-04T03:00:00 156 31 19 12 3 2 64 0 17 2 36
2013-10-04T04:00:00 106 27 18 6 2 3 42 0 13 1 31
2013-10-04T05:00:00 74 22 13 6 1 2 19 0 10 1 19
2013-10-04T06:00:00 44 15 9 4 2 2 15 0 4 0 14
2013-10-04T07:00:00 50 15 7 3 3 2 25 0 7 0 17
2013-10-04T08:00:00 68 12 11 4 4 2 35 0 10 1 26
2013-10-04T09:00:00 114 14 10 7 7 3 60 0 15 3 36
2013-10-04T10:00:00 168 14 13 11 7 5 100 0 25 3 45
2013-10-04T11:00:00 218 17 16 11 13 7 140 0 35 4 58
2013-10-04T12:00:00 270 25 18 16 14 13 184 0 43 4 72
2013-10-04T13:00:00 313 27 19 21 15 13 215 0 45 5 85
2013-10-04T14:00:00 354 30 15 28 15 15 264 1 55 4 96
2013-10-04T15:00:00 365 33 16 30 12 16 312 3 65 3 99
2013-10-04T16:00:00 370 34 13 33 16 14 336 3 61 4 113
2013-10-04T17:00:00 384 34 13 40 12 13 350 4 59 3 121
2013-10-04T18:00:00 399 31 14 45 12 9 360 5 59 3 124
2013-10-04T19:00:00 399 33 14 44 10 8 337 6 54 3 130
2013-10-04T20:00:00 379 39 14 41 10 11 302 5 46 3 135
2013-10-04T21:00:00 360 44 13 41 12 10 242 3 37 2 134
2013-10-08T21:00:00 122 26 14 4 4 5 23 3 19 1 39
2013-10-08T22:00:00 132 30 14 5 4 5 24 3 19 2 39
2013-10-08T23:00:00 141 29 18 5 5 6 25 1 14 2 35
2013-10-09T00:00:00 154 35 21 7 2 6 19 0 12 2 29
2013-10-09T01:00:00 141 33 25 6 2 2 15 0 9 2 27
2013-10-09T02:00:00 123 26 23 4 2 2 13 0 10 2 21
2013-10-09T03:00:00 99 24 23 4 1 1 8 0 9 1 15
2013-10-09T04:00:00 75 16 20 2 1 1 5 0 6 0 9
2013-10-09T05:00:00 46 12 15 2 0 0 5 0 5 0 7
2013-10-09T06:00:00 22 6 10 0 0 0 4 0 4 0 5
2013-10-09T07:00:00 23 7 3 0 0 1 4 0 3 1 4
2013-10-09T08:00:00 35 9 6 1 1 3 8 0 4 1 4
2013-10-09T09:00:00 58 10 8 3 1 3 9 0 8 1 12
2013-10-09T10:00:00 71 13 10 3 2 5 12 0 8 1 14
2013-10-09T11:00:00 92 18 18 3 4 5 18 0 8 2 18
2013-10-09T12:00:00 108 16 18 4 4 5 24 1 12 2 21
2013-10-09T13:00:00 111 14 23 5 4 6 29 2 13 2 24
2013-10-09T14:00:00 115 14 23 5 3 6 29 2 10 2 26
2013-10-09T15:00:00 113 14 26 3 3 7 33 2 7 2 23
2013-10-09T16:00:00 118 13 27 6 3 6 40 2 11 2 23
2013-10-09T17:00:00 116 11 21 7 1 9 37 2 12 1 27
2013-10-09T18:00:00 120 16 22 8 2 11 30 1 10 1 25
2013-10-09T19:00:00 122 18 18 9 2 11 30 1 10 0 31
2013-10-16T20:00:00 133 19 22 6 2 4 26 1 23 1 38
2013-10-16T21:00:00 126 20 24 6 2 3 22 1 20 2 35
2013-10-16T22:00:00 121 20 21 7 4 4 15 1 20 2 35
2013-10-16T23:00:00 121 21 21 10 3 5 9 1 20 2 30
2013-10-17T00:00:00 115 28 22 11 3 6 11 1 23 3 37
2013-10-17T01:00:00 112 24 23 12 3 5 10 1 23 3 32
2013-10-17T02:00:00 93 24 18 9 2 5 10 0 20 3 26
2013-10-17T03:00:00 75 23 14 8 2 5 8 0 18 2 20
2013-10-17T04:00:00 54 19 14 6 0 3 7 0 15 2 16
2013-10-17T05:00:00 35 14 12 3 0 2 7 0 11 2 12
2013-10-17T06:00:00 23 5 7 1 0 0 4 0 4 1 4
2013-10-17T07:00:00 23 2 3 0 0 0 2 1 2 0 4
2013-10-17T08:00:00 22 4 3 0 1 0 2 1 2 0 7
2013-10-17T09:00:00 36 6 7 0 1 0 8 1 3 0 9
2013-10-17T10:00:00 69 12 12 0 1 0 13 1 6 0 12
2013-10-17T11:00:00 94 13 14 1 2 4 25 1 7 0 19
2013-10-17T12:00:00 117 18 21 4 2 4 31 1 10 0 22
2013-10-17T13:00:00 133 21 22 8 2 4 39 0 12 0 25
2013-10-17T14:00:00 144 21 26 9 2 5 47 0 14 0 26
2013-10-17T15:00:00 167 26 25 10 2 5 51 0 16 1 34
2013-10-17T16:00:00 171 22 21 12 6 5 58 1 18 1 34
2013-10-17T17:00:00 164 21 21 11 6 1 52 1 22 1 31
2013-10-17T18:00:00 167 20 16 11 6 2 50 1 25 1 32
2013-10-17T19:00:00 167 17 22 7 6 7 45 1 28 1 32
2013-10-26T15:00:00 331 28 30 25 6 11 185 0 42 3 55
2013-10-26T16:00:00 347 35 31 29 5 11 203 0 43 3 64
2013-10-26T17:00:00 377 33 29 27 7 15 216 0 45 5 68
2013-10-26T18:00:00 377 40 26 31 8 16 213 0 45 6 69
2013-10-26T19:00:00 362 44 24 25 9 18 188 1 43 5 69
2013-10-26T20:00:00 343 42 22 25 8 19 155 3 43 6 64
2013-10-26T21:00:00 323 45 27 21 7 19 128 4 39 5 63
2013-10-26T22:00:00 282 44 27 17 6 18 103 4 35 6 64
2013-10-26T23:00:00 242 47 27 19 5 13 73 4 30 4 67
2013-10-27T00:00:00 220 43 28 16 4 13 48 4 27 3 64
2013-10-27T01:00:00 183 38 29 12 3 11 45 3 25 3 55
2013-10-27T02:00:00 154 40 30 8 3 7 38 1 20 1 48
2013-10-27T03:00:00 126 33 26 7 2 3 26 0 18 1 41
2013-10-27T04:00:00 104 24 24 7 2 3 16 0 14 0 27
2013-10-27T05:00:00 74 15 18 3 0 3 11 0 10 0 15
2013-10-27T06:00:00 47 9 10 1 0 2 7 0 6 0 8
2013-10-27T07:00:00 44 6 8 3 0 0 2 0 3 0 8
2013-10-27T08:00:00 54 5 7 2 0 1 7 0 5 0 6
2013-10-27T09:00:00 79 7 9 4 1 2 11 0 7 0 7
2013-10-27T10:00:00 121 13 13 5 2 3 32 0 15 0 13
2013-10-27T11:00:00 148 14 18 6 2 4 51 0 22 0 25
2013-10-27T12:00:00 185 19 28 12 2 5 88 0 29 1 35
2013-10-27T13:00:00 212 19 32 15 4 8 125 0 30 2 48
2013-10-27T14:00:00 247 22 35 21 8 8 159 0 29 2 56
2013-10-30T14:00:00 150 8 19 6 4 3 39 0 18 0 27
2013-10-30T15:00:00 152 11 16 8 2 4 44 0 24 0 26
2013-10-30T16:00:00 148 10 19 7 2 3 47 0 28 0 29
2013-10-30T17:00:00 137 11 14 9 0 4 48 0 23 1 28
2013-10-30T18:00:00 126 12 16 9 0 5 45 0 23 1 26
2013-10-30T19:00:00 120 15 20 8 1 5 43 0 25 1 27
2013-10-30T20:00:00 113 17 19 8 2 7 32 0 24 2 24
2013-10-30T21:00:00 114 15 21 6 2 6 23 1 17 2 28
2013-10-30T22:00:00 119 23 22 10 2 8 19 2 14 2 27
2013-10-30T23:00:00 125 22 24 6 2 9 16 2 16 1 26
2013-10-31T00:00:00 148 29 35 6 4 9 16 2 17 1 27
2013-10-31T01:00:00 144 25 36 6 4 8 14 2 12 1 22
2013-10-31T02:00:00 130 23 36 5 3 5 13 2 10 0 22
2013-10-31T03:00:00 109 21 34 5 3 5 12 1 9 0 14
2013-10-31T04:00:00 91 15 29 1 3 3 9 0 8 0 11
2013-10-31T05:00:00 69 13 24 1 3 1 3 0 5 1 7
2013-10-31T06:00:00 32 4 10 1 1 0 1 0 1 1 3
2013-10-31T07:00:00 20 3 4 2 0 0 1 0 1 1 5
2013-10-31T08:00:00 25 7 5 2 0 0 3 0 4 1 5
2013-10-31T09:00:00 44 10 7 2 0 0 7 0 6 1 6
2013-10-31T10:00:00 62 9 13 2 4 0 10 0 10 1 10
2013-10-31T11:00:00 84 12 22 3 4 0 17 0 14 0 14
2013-10-31T12:00:00 116 14 25 3 5 1 25 0 16 0 16
2013-11-07T20:00:00 116 20 20 13 1 10 27 1 20 0 31
2013-11-07T21:00:00 109 17 25 11 0 9 21 1 17 0 27
2013-11-07T22:00:00 112 19 26 12 1 9 15 0 16 0 31
2013-11-07T23:00:00 119 28 29 12 1 8 15 0 20 1 38
2013-11-08T00:00:00 121 35 36 12 2 8 15 0 25 1 39
2013-11-08T03:00:00 82 27 28 6 2 2 12 0 17 1 30
2013-11-08T04:00:00 62 25 23 4 1 1 11 0 17 1 21
2013-11-08T05:00:00 40 16 16 3 1 0 6 0 11 0 10
2013-11-08T06:00:00 17 7 7 0 0 1 4 0 5 0 6
2013-11-08T07:00:00 8 7 6 2 1 1 2 0 4 0 4
2013-11-08T08:00:00 11 9 4 2 1 2 1 0 5 0 6
2013-11-08T09:00:00 25 11 9 2 2 5 4 1 9 0 9
2013-11-08T10:00:00 48 12 20 3 2 8 10 2 11 1 15
2013-11-08T11:00:00 71 12 26 3 2 9 16 2 13 1 21
2013-11-08T12:00:00 97 12 31 8 2 8 23 3 16 1 34
2013-11-08T13:00:00 119 13 34 8 1 9 30 3 20 1 35
2013-11-08T14:00:00 125 14 36 12 1 8 37 4 23 1 34
2013-11-08T15:00:00 138 14 35 15 0 7 41 3 25 1 39
2013-11-08T16:00:00 139 14 25 16 1 4 45 2 27 1 36
2013-11-08T17:00:00 139 18 19 18 1 4 44 2 27 2 30
2013-11-08T18:00:00 134 17 17 14 3 5 39 2 26 2 25
2013-11-08T19:00:00 139 19 15 12 3 5 33 3 23 2 27
2013-11-08T20:00:00 144 22 17 10 4 7 28 2 21 3 30
2013-11-12T19:00:00 113 21 15 7 1 2 30 3 26 0 25
2013-11-12T20:00:00 113 20 16 8 3 3 21 3 23 0 27
2013-11-12T21:00:00 110 19 16 8 3 3 21 3 22 0 28
2013-11-12T22:00:00 116 27 19 8 4 5 21 2 20 0 28
2013-11-12T23:00:00 129 31 23 12 4 5 20 2 14 0 30
2013-11-13T00:00:00 131 33 24 10 4 4 21 2 14 0 33
2013-11-13T01:00:00 121 34 23 10 4 5 17 0 15 0 29
2013-11-13T02:00:00 107 29 23 8 2 5 17 0 13 0 24
2013-11-13T03:00:00 95 28 20 6 1 5 12 0 10 0 18
2013-11-13T04:00:00 67 18 14 5 0 4 10 0 8 0 15
2013-11-13T05:00:00 43 13 9 2 0 4 6 0 6 0 11
2013-11-13T06:00:00 24 7 5 2 0 3 4 0 4 0 3
2013-11-13T07:00:00 21 2 6 2 0 2 5 0 4 0 4
2013-11-13T08:00:00 27 4 7 3 0 1 5 0 5 0 9
2013-11-13T09:00:00 36 7 12 3 0 2 7 0 7 1 16
2013-11-13T10:00:00 52 8 15 4 0 2 15 0 6 1 18
2013-11-13T11:00:00 68 9 19 3 1 2 18 0 7 1 22
2013-11-13T12:00:00 79 11 22 4 2 2 19 0 10 1 23
2013-11-13T13:00:00 86 14 22 6 2 4 27 0 10 1 24
2013-11-13T14:00:00 94 17 23 7 4 7 27 0 11 1 28
2013-11-13T15:00:00 104 16 21 9 5 7 28 0 13 0 26
2013-11-13T16:00:00 111 17 19 9 5 6 21 1 16 0 28
2013-11-13T17:00:00 105 19 17 9 7 7 18 1 15 0 31
2013-11-21T20:00:00 101 22 26 10 3 5 16 0 15 1 30
2013-11-21T21:00:00 114 24 24 10 3 5 15 0 16 1 29
2013-11-21T22:00:00 116 22 25 10 3 6 13 1 17 1 28
2013-11-21T23:00:00 121 29 22 10 1 5 13 2 15 1 36
2013-11-22T00:00:00 110 36 21 11 1 5 12 2 20 2 39
2013-11-22T01:00:00 105 38 22 11 2 3 12 2 19 3 42
2013-11-22T02:00:00 95 32 21 9 1 2 11 2 20 2 36
2013-11-22T03:00:00 73 31 17 6 1 2 7 2 19 2 33
2013-11-22T04:00:00 59 27 14 4 1 0 7 1 17 2 29
2013-11-22T05:00:00 38 18 13 3 1 1 4 0 13 2 19
2013-11-22T06:00:00 29 11 8 1 1 1 1 0 7 1 13
2013-11-22T07:00:00 23 7 5 0 0 2 1 0 8 0 8
2013-11-22T08:00:00 28 11 3 0 1 3 5 0 6 0 10
2013-11-22T09:00:00 39 17 6 0 2 4 10 0 8 1 12
2013-11-22T10:00:00 60 14 10 1 2 4 14 1 10 1 20
2013-11-22T11:00:00 75 18 15 2 2 3 19 1 13 1 24
2013-11-22T12:00:00 98 20 21 3 3 4 22 2 16 1 28
2013-11-22T13:00:00 109 23 25 4 4 4 29 3 19 1 32
2013-11-22T14:00:00 118 23 24 5 3 3 32 4 26 2 32
2013-11-22T15:00:00 127 21 24 6 3 2 32 4 24 1 32
2013-11-22T16:00:00 124 24 24 5 3 3 32 4 29 1 28
2013-11-22T17:00:00 130 22 20 5 4 4 31 4 26 1 30
2013-11-22T18:00:00 131 22 16 7 4 4 33 3 23 1 30
2013-12-05T21:00:00 111 31 19 7 3 5 22 0 20 1 36
2013-12-05T22:00:00 117 35 23 10 3 7 20 0 21 1 35
2013-12-05T23:00:00 128 37 22 11 3 9 20 0 23 1 38
2013-12-06T00:00:00 136 39 26 10 2 9 18 0 23 1 39
2013-12-06T01:00:00 125 37 29 9 1 10 16 0 17 1 30
2013-12-06T02:00:00 107 35 25 8 0 7 14 0 16 0 26
2013-12-06T03:00:00 90 25 22 5 0 6 10 0 16 0 24
2013-12-06T04:00:00 73 22 16 2 0 4 7 0 13 0 19
2013-12-06T05:00:00 47 16 15 1 0 2 4 0 12 0 11
2013-12-06T06:00:00 28 12 8 1 0 1 3 0 7 0 4
2013-12-06T09:00:00 51 16 10 0 0 0 7 0 11 0 7
2013-12-06T10:00:00 54 15 17 3 0 0 11 0 13 2 9
2013-12-06T11:00:00 83 21 19 5 0 0 16 0 17 3 13
2013-12-06T12:00:00 100 21 21 5 0 1 21 0 23 3 19
2013-12-06T13:00:00 114 26 23 6 0 2 23 0 22 4 27
2013-12-06T14:00:00 115 22 25 6 1 4 27 0 26 5 29
2013-12-06T15:00:00 128 27 22 6 1 4 29 0 29 5 30
2013-12-06T16:00:00 145 31 17 4 1 5 29 1 29 4 34
2013-12-06T17:00:00 142 30 13 4 1 6 30 3 28 3 34
2013-12-06T18:00:00 138 33 12 8 2 6 30 3 23 3 32
2013-12-06T19:00:00 141 33 15 9 2 5 29 3 22 2 28
2013-12-06T20:00:00 144 36 16 11 1 5 28 3 19 2 31
2013-12-06T21:00:00 133 37 15 14 1 5 25 4 18 2 35
2013-12-19T13:00:00 101 15 20 6 5 5 18 2 15 0 24
2013-12-19T14:00:00 101 14 24 9 6 6 21 2 19 1 30
2013-12-19T15:00:00 116 11 23 8 6 5 28 1 19 1 32
2013-12-19T16:00:00 117 10 20 8 6 5 33 1 24 1 30
2013-12-19T17:00:00 110 14 16 10 6 6 33 1 20 2 31
2013-12-19T18:00:00 110 21 22 8 4 5 32 1 18 2 32
2013-12-19T19:00:00 110 21 26 7 4 4 30 0 18 2 30
2013-12-19T20:00:00 121 26 26 5 3 8 27 0 19 1 27
2013-12-19T21:00:00 108 33 31 5 3 8 19 0 22 2 27
2013-12-19T22:00:00 102 36 31 4 3 9 14 0 23 2 35
2013-12-19T23:00:00 104 42 35 3 3 9 15 0 22 1 38
2013-12-20T00:00:00 114 41 36 3 3 10 16 0 27 1 41
2013-12-22T08:00:00 28 10 5 1 1 3 3 0 8 1 5
2013-12-22T09:00:00 46 9 6 3 1 1 5 0 10 0 6
2013-12-22T10:00:00 66 12 8 4 3 1 10 0 20 1 11
2013-12-22T11:00:00 88 18 8 4 5 2 25 0 22 2 13
2013-12-22T12:00:00 104 25 14 4 6 2 35 0 27 2 16
2013-12-22T13:00:00 132 27 14 5 6 2 45 1 34 2 24
2013-12-22T14:00:00 149 28 14 10 5 2 62 1 35 3 31
2013-12-22T15:00:00 156 29 14 11 6 3 73 1 36 3 37
2013-12-22T16:00:00 161 27 13 16 5 4 76 1 30 2 38
2013-12-22T17:00:00 165 27 14 27 4 5 71 1 30 1 37
2013-12-22T18:00:00 171 26 13 28 5 7 68 1 29 1 39
2014-01-01T05:00:00 198 74 41 13 10 15 37 0 26 2 48
2014-01-01T06:00:00 133 46 29 10 5 13 27 0 19 1 35
2014-01-01T07:00:00 76 23 19 7 1 9 15 0 12 1 10
2014-01-01T08:00:00 69 11 13 4 0 4 11 0 10 1 16
2014-01-01T09:00:00 78 16 13 3 0 1 18 1 13 2 29
2014-01-01T10:00:00 105 23 19 4 2 3 30 1 21 3 33
2014-01-01T11:00:00 130 29 24 5 2 4 44 1 25 3 39
2014-01-01T12:00:00 144 36 26 8 5 5 59 1 26 3 49
2014-01-01T13:00:00 169 39 29 9 6 6 75 1 28 2 55
2014-01-01T14:00:00 184 42 33 12 8 7 85 3 33 3 55
2014-01-01T15:00:00 183 38 32 10 10 10 94 2 31 2 45
2014-01-01T16:00:00 173 37 24 10 8 9 91 2 26 1 50
2014-01-01T17:00:00 175 40 22 10 9 8 88 2 25 2 50
2014-01-02T12:00:00 97 17 18 7 2 3 11 0 11 0 25
2014-01-02T13:00:00 113 18 23 7 2 3 19 1 13 0 26
2014-01-03T17:00:00 113 25 17 7 3 9 40 0 19 1 37
2014-01-03T18:00:00 112 30 18 11 4 8 39 0 19 1 35
2014-01-03T19:00:00 112 30 22 10 4 9 35 1 18 1 31
2014-01-03T20:00:00 109 27 26 11 4 9 27 1 19 1 23
2014-01-03T21:00:00 121 27 23 14 4 8 21 1 18 1 27
2014-01-03T22:00:00 125 27 26 13 2 7 17 2 13 2 29
2014-01-03T23:00:00 123 27 31 11 2 7 15 3 13 2 26
2014-01-04T00:00:00 116 27 34 8 1 7 21 3 16 2 23
2014-01-04T01:00:00 107 31 35 8 2 5 21 2 15 1 25
2014-01-04T02:00:00 97 29 31 4 2 3 23 3 15 1 27
2014-01-04T03:00:00 79 26 28 1 1 3 21 3 12 1 23
2014-01-04T04:00:00 62 20 23 2 1 2 17 2 12 0 15
2014-01-04T05:00:00 46 18 17 2 1 0 18 1 9 0 13
2014-01-04T06:00:00 36 12 12 2 1 0 8 1 5 0 10
2014-01-04T07:00:00 25 5 8 2 0 0 7 1 3 0 8
2014-01-04T08:00:00 24 7 6 2 1 1 2 0 2 0 8
2014-01-04T09:00:00 32 6 5 2 1 1 8 0 6 0 11
2014-01-04T10:00:00 50 9 6 3 3 1 17 0 9 1 18
2014-01-04T11:00:00 69 10 10 6 3 2 29 1 15 1 24
2014-01-05T06:00:00 44 10 6 6 2 3 11 0 6 1 8
2014-01-05T07:00:00 33 6 3 6 1 2 7 0 4 0 7
2014-01-05T08:00:00 32 6 1 7 1 1 8 0 5 0 8
2014-01-05T09:00:00 41 7 3 7 1 2 12 0 12 0 9
2014-01-05T10:00:00 50 9 5 9 1 3 15 1 12 1 16
2014-01-05T11:00:00 73 17 12 9 2 4 20 1 13 1 18
2014-01-05T12:00:00 94 20 16 9 4 6 37 1 15 1 21
2014-01-05T13:00:00 119 27 21 9 5 6 52 1 16 2 22
2014-01-05T14:00:00 132 33 23 8 6 8 70 1 20 2 27
2014-01-05T15:00:00 147 34 22 8 5 7 79 1 18 2 37
2014-01-05T16:00:00 149 37 26 8 7 7 84 0 19 1 36
2014-01-05T17:00:00 149 35 23 8 6 6 88 0 22 1 40
2014-01-05T18:00:00 143 35 25 7 4 4 80 0 27 1 43
2014-01-05T19:00:00 141 32 24 6 6 6 66 0 28 0 44
2014-01-05T20:00:00 139 31 26 7 7 7 47 0 23 0 43
2014-01-05T21:00:00 131 30 31 7 7 9 36 0 18 0 39
2014-01-05T22:00:00 128 31 30 6 5 8 30 0 21 0 38
2014-01-14T19:00:00 135 29 19 11 3 8 35 1 21 3 31
2014-01-14T20:00:00 118 31 15 10 3 9 34 1 22 4 37
2014-01-14T21:00:00 113 31 12 10 3 11 25 1 20 5 39
2014-01-14T22:00:00 117 29 14 10 3 13 26 1 18 6 37
2014-01-14T23:00:00 118 31 15 10 3 14 20 1 21 4 37
2014-01-15T00:00:00 120 34 20 10 2 16 20 2 18 4 37
2014-01-15T01:00:00 118 36 22 8 2 17 17 1 14 4 35
2014-01-15T02:00:00 114 34 22 8 2 15 11 1 10 3 26
2014-01-15T03:00:00 97 29 22 6 1 12 11 1 9 2 19
2014-01-15T04:00:00 74 28 19 5 1 10 8 1 6 1 18
2014-01-15T05:00:00 50 22 14 4 0 7 5 1 2 0 11
2014-01-15T06:00:00 34 17 9 3 0 3 1 0 2 0 4
2014-01-15T07:00:00 34 12 5 2 0 1 2 0 1 0 3
2014-01-15T08:00:00 39 11 7 0 0 1 2 0 3 1 4
2014-01-15T09:00:00 49 11 7 0 0 1 3 0 5 2 8
2014-01-15T10:00:00 55 11 7 0 0 1 10 0 7 2 10
2014-01-15T11:00:00 74 18 8 0 0 3 18 0 11 4 14
2014-01-15T12:00:00 95 20 8 2 0 4 27 0 14 4 21
2014-01-15T13:00:00 116 24 7 2 1 4 34 0 21 4 25
2014-01-15T14:00:00 120 30 5 2 3 6 40 0 22 3 31
2014-01-15T15:00:00 132 31 7 3 4 6 45 0 25 2 29
2014-01-15T16:00:00 143 33 10 5 4 7 46 0 26 2 29
2014-01-15T17:00:00 142 27 12 7 4 6 44 0 25 0 30
2014-01-18T11:00:00 127 19 16 4 3 10 34 0 17 1 25
2014-01-18T12:00:00 172 24 16 6 5 9 45 0 22 2 34
2014-01-18T13:00:00 198 27 18 11 6 9 58 0 25 2 40
2014-01-18T14:00:00 234 30 17 16 9 10 77 0 29 2 50
2014-01-18T15:00:00 255 35 16 18 8 14 86 0 31 2 49
2014-01-18T16:00:00 261 39 9 19 9 18 94 0 37 1 57
2014-01-18T17:00:00 258 38 9 21 14 14 96 1 33 3 54
2014-01-18T18:00:00 244 39 9 20 14 16 90 1 33 2 50
2014-01-18T19:00:00 240 39 7 16 15 17 83 1 34 3 51
2014-01-18T20:00:00 207 38 6 11 12 17 67 1 33 5 46
2014-01-18T21:00:00 194 31 6 12 11 12 58 1 29 5 41
2014-01-18T22:00:00 175 32 9 13 11 7 46 1 24 5 40
2014-01-18T23:00:00 184 37 9 13 8 10 33 0 27 3 40
2014-01-19T00:00:00 179 39 11 15 6 8 30 1 26 5 42
2014-01-19T01:00:00 162 42 9 15 6 9 28 2 23 4 39
2014-01-19T02:00:00 155 41 8 14 7 11 24 2 19 2 34
2014-01-19T03:00:00 133 39 8 10 7 12 16 2 17 2 33
2014-01-19T04:00:00 107 30 6 7 5 14 9 2 16 2 24
2014-01-19T05:00:00 69 20 5 4 3 10 8 2 11 2 15
2014-01-19T06:00:00 44 11 3 1 3 9 6 1 7 0 7
2014-01-19T07:00:00 37 4 3 0 1 7 2 0 5 0 4
2014-01-21T19:00:00 94 24 7 10 1 9 24 2 14 4 40
2014-01-21T20:00:00 89 27 5 14 1 10 26 2 15 4 41
2014-01-21T21:00:00 83 29 6 10 2 12 24 2 17 5 36
2014-01-21T22:00:00 94 37 5 9 3 11 20 2 15 5 36
2014-01-21T23:00:00 114 40 7 11 3 12 22 0 21 6 36
2014-01-22T00:00:00 119 49 7 13 4 11 22 0 25 6 37
2014-01-22T01:00:00 121 45 6 12 4 11 21 1 23 4 30
2014-01-22T02:00:00 112 37 6 9 4 9 19 1 18 3 26
2014-01-22T03:00:00 101 31 7 9 3 6 15 1 14 2 21
2014-01-22T04:00:00 80 25 6 7 2 5 15 1 14 2 14
2014-01-22T05:00:00 53 20 4 5 2 4 8 1 8 1 10
2014-01-22T06:00:00 37 6 3 3 0 3 6 1 2 0 5
2014-01-22T07:00:00 25 7 2 2 0 1 4 0 0 0 5
2014-01-22T08:00:00 24 8 2 1 2 3 4 0 1 0 3
2014-01-22T09:00:00 35 15 4 2 3 4 8 0 5 0 5
2014-01-22T10:00:00 56 20 5 3 4 5 9 0 10 0 10
2014-01-22T11:00:00 71 22 7 4 4 6 13 0 13 0 15
2014-01-22T12:00:00 89 28 9 6 4 9 16 0 18 0 21
2014-01-22T13:00:00 113 25 9 8 4 9 19 0 20 1 28
2014-01-22T14:00:00 134 27 11 8 4 9 25 1 20 1 36
2014-01-22T15:00:00 143 26 7 8 3 10 28 2 18 1 36
2014-01-22T16:00:00 152 22 8 6 2 10 34 3 16 1 39
2014-01-28T15:00:00 116 20 12 10 8 8 22 0 16 1 21
2014-01-28T16:00:00 122 20 11 11 9 7 22 0 15 2 20
2014-01-28T17:00:00 130 20 11 10 8 8 23 1 14 5 18
2014-01-28T18:00:00 136 19 11 11 8 5 22 2 12 7 16
2014-01-28T19:00:00 134 21 9 11 9 4 21 3 9 8 22
2014-01-28T20:00:00 130 32 10 9 8 5 23 3 7 7 27
2014-01-28T21:00:00 132 34 9 8 7 6 20 3 9 8 32
2014-01-28T22:00:00 134 38 10 7 6 8 17 3 11 8 36
2014-01-28T23:00:00 128 42 10 7 10 7 19 2 10 7 38
2014-01-29T00:00:00 122 43 8 6 9 7 14 2 10 5 40
2014-01-29T01:00:00 117 44 8 6 7 10 14 1 12 4 37
2014-01-29T02:00:00 102 34 3 7 7 8 10 1 12 5 31
2014-01-29T03:00:00 80 33 3 6 6 6 10 1 9 4 24
2014-01-29T04:00:00 60 27 2 6 5 5 11 2 6 3 17
2014-01-29T05:00:00 44 21 1 5 1 5 5 2 6 1 13
2014-01-29T06:00:00 27 16 1 4 1 5 3 1 5 1 7
2014-01-29T07:00:00 26 11 1 1 0 2 1 1 2 1 5
2014-01-29T08:00:00 32 12 0 1 0 2 2 1 3 0 5
2014-01-29T09:00:00 42 12 1 1 0 2 4 2 4 0 8
2014-01-29T10:00:00 57 10 1 1 0 3 10 1 6 0 11
2014-01-29T11:00:00 79 16 3 2 2 5 13 1 6 0 15
2014-01-29T12:00:00 95 19 3 3 2 6 17 1 9 0 21
2014-01-30T03:00:00 99 31 5 1 4 7 9 3 16 3 22
2014-01-30T04:00:00 77 28 4 1 2 4 6 1 13 2 20
2014-01-30T05:00:00 53 19 1 1 2 2 6 1 12 2 13
2014-01-30T06:00:00 34 9 0 0 2 1 3 1 7 1 7
2014-01-30T07:00:00 33 6 1 0 1 1 2 1 8 1 7
2014-01-30T08:00:00 41 10 2 1 0 0 4 1 3 1 11
2014-01-30T09:00:00 60 15 2 2 0 1 9 0 7 1 15
2014-01-30T10:00:00 73 17 4 3 1 2 14 1 11 1 23
2014-01-30T11:00:00 92 21 6 3 1 3 20 1 15 3 30
2014-01-30T12:00:00 110 27 7 4 1 4 23 2 17 4 37
2014-01-30T13:00:00 122 31 7 7 3 4 27 2 22 4 38
2014-01-30T14:00:00 139 29 7 7 4 4 29 2 22 4 40
2014-01-30T15:00:00 140 34 8 6 7 4 27 2 23 4 40
2014-01-30T16:00:00 160 32 7 7 7 3 28 2 25 4 35
2014-01-30T17:00:00 155 35 6 8 8 3 26 2 28 5 34
2014-01-30T18:00:00 166 41 5 10 9 4 34 1 29 5 34
2014-01-30T19:00:00 186 53 5 10 8 5 35 2 31 4 36
2014-02-12T08:00:00 23 4 1 1 0 1 3 0 5 0 8
2014-02-12T09:00:00 39 9 2 2 0 4 4 0 8 0 8
2014-02-12T10:00:00 58 11 3 3 0 5 7 0 9 0 10
2014-02-12T11:00:00 83 15 4 8 0 5 16 0 13 1 14
2014-02-12T12:00:00 107 17 4 9 1 5 22 0 17 1 18
2014-02-12T13:00:00 114 17 3 13 2 9 28 1 20 2 22
2014-02-12T14:00:00 123 18 4 12 2 9 36 1 20 2 25
2014-02-12T15:00:00 127 15 4 12 2 7 37 1 19 2 32
2014-02-12T16:00:00 123 17 5 13 4 7 44 1 20 3 34
2014-02-12T17:00:00 121 17 7 8 8 8 37 2 19 2 31
2014-03-01T12:00:00 131 22 7 14 2 10 39 0 16 2 29
2014-03-01T13:00:00 156 26 7 17 5 9 55 0 21 2 32
2014-03-01T14:00:00 176 33 13 23 6 11 70 0 24 2 34
2014-03-01T15:00:00 198 36 17 23 8 16 73 0 24 2 38
2014-03-01T16:00:00 203 41 19 23 8 14 87 0 24 3 42
2014-03-01T17:00:00 205 40 16 22 8 14 96 0 25 2 42
2014-03-01T18:00:00 190 44 15 21 12 14 95 0 24 2 44
2014-03-01T19:00:00 182 52 20 21 9 19 86 0 23 4 44
2014-03-01T20:00:00 167 52 16 19 9 16 73 1 20 5 46
2014-03-01T21:00:00 161 48 13 19 8 10 62 1 23 6 50
2014-03-01T22:00:00 150 44 11 17 7 13 49 1 27 4 49
2014-03-01T23:00:00 151 48 13 15 7 13 34 1 27 4 53
2014-03-02T00:00:00 153 47 13 14 3 12 28 1 27 4 47
2014-03-02T01:00:00 146 37 12 12 3 8 23 2 28 3 47
2014-03-02T02:00:00 144 33 12 8 3 9 20 1 28 3 44
2014-03-02T03:00:00 116 33 12 7 2 10 19 1 22 2 32
2014-03-02T04:00:00 98 30 11 6 2 7 10 1 15 2 26
2014-03-02T05:00:00 74 19 10 4 2 5 8 1 11 2 16
2014-03-02T06:00:00 51 12 9 2 1 6 3 1 7 2 12
2014-03-02T07:00:00 41 10 5 2 1 5 2 0 2 1 9
2014-03-02T08:00:00 38 7 3 1 0 4 3 0 3 1 10
2014-03-22T07:00:00 34 13 6 1 0 0 1 0 6 1 10
2014-03-22T08:00:00 42 10 5 2 0 0 3 0 8 1 12
2014-03-22T09:00:00 52 12 7 5 0 0 7 0 8 2 14
2014-03-22T10:00:00 82 15 13 6 2 0 16 0 13 3 22
2014-03-22T11:00:00 105 18 16 7 6 4 35 0 20 3 24
2014-03-22T12:00:00 148 22 22 9 8 5 69 0 26 4 36
2014-03-22T13:00:00 169 27 25 13 9 7 84 0 32 4 52
2014-03-22T14:00:00 198 30 25 16 10 8 107 1 37 4 58
2014-03-22T15:00:00 214 27 25 16 10 10 139 1 42 3 64
2014-03-22T16:00:00 229 29 21 19 9 11 157 2 39 3 65
2014-03-22T17:00:00 240 29 19 20 5 11 158 2 36 3 72
2014-03-22T18:00:00 227 26 13 22 5 14 143 2 37 2 68
2014-03-22T21:00:00 205 37 20 23 4 25 87 2 29 3 65
2014-03-22T22:00:00 180 40 26 21 4 31 67 1 35 5 63
2014-03-22T23:00:00 182 45 27 19 7 30 54 1 40 5 58
2014-03-23T00:00:00 178 50 33 18 5 28 38 1 41 8 67
2014-03-23T01:00:00 159 49 33 12 6 22 37 0 39 10 53
2014-03-23T02:00:00 136 41 31 9 5 19 30 0 38 10 45
2014-03-23T03:00:00 115 33 25 5 6 16 25 0 28 9 34
2014-03-23T04:00:00 100 25 18 4 5 9 18 0 20 6 27
2014-03-23T05:00:00 63 15 15 5 2 6 11 0 10 6 23
2014-03-23T06:00:00 37 9 8 2 3 4 8 0 3 3 5
2014-03-23T07:00:00 29 2 4 2 2 3 5 0 2 1 4
2014-10-29T07:00:00 38 10 6 1 0 1 3 0 1 1 7
2014-10-29T08:00:00 44 15 5 1 1 1 5 0 2 1 5
2014-10-29T09:00:00 59 19 13 0 2 2 8 0 5 2 15
2014-10-29T10:00:00 66 19 26 0 3 4 16 1 7 2 20
2014-10-29T11:00:00 94 25 33 0 4 4 22 1 9 2 24
2014-10-29T12:00:00 100 29 46 2 4 4 31 1 11 1 27
2014-10-29T13:00:00 106 31 52 3 4 5 40 1 14 1 31
2014-10-29T14:00:00 122 31 54 3 3 7 49 1 16 1 38
2014-10-29T15:00:00 125 33 53 4 2 7 54 3 14 0 39
