2013-06-13T01:00:00 0 0 0 0 0
2013-06-13T00:00:00 0 0 0 0 0
2013-06-12T23:00:00 0 0 0 0 0
2013-06-12T22:00:00 0 0 0 0 0
2013-06-12T21:00:00 0 0 0 0 0
2013-06-12T20:00:00 0 0 0 0 0
2013-11-08T21:00:00 0.705138586639 0.294861413361 1 0 1
2013-11-08T20:00:00 0.705138586639 0.294861413361 1 0 1
2013-11-08T19:00:00 0.461249922564 0.538750077436 1 1 2
2013-11-08T18:00:00 0.461249922564 0.538750077436 1 1 2
2013-11-08T17:00:00 0.443391427696 0.556608572304 2 2 4
2013-11-08T16:00:00 0.422227070152 0.577772929848 2 3 5
2013-11-17T11:00:00 0.299813870974 0.700186129026 1 5 6
2013-11-17T10:00:00 0.325377811265 0.674622188735 1 4 5
2013-11-17T09:00:00 0.329631147271 0.670368852729 1 3 4
2013-11-17T08:00:00 0.251539347549 0.748460652451 0 1 1
2013-11-17T07:00:00 0.67942457164 0.32057542836 1 0 1
2013-11-17T06:00:00 0.67942457164 0.32057542836 1 0 1
2013-11-21T13:00:00 0.608344638116 0.391655361884 2 1 3
2013-11-21T12:00:00 0.642877731604 0.357122268396 3 1 4
2013-11-21T11:00:00 0.663999144577 0.336000855423 4 1 5
2013-11-21T10:00:00 0.663999144577 0.336000855423 4 1 5
2013-11-21T09:00:00 0.663999144577 0.336000855423 4 1 5
2013-11-21T08:00:00 0.747480904269 0.252519095731 2 0 2
2013-12-04T13:00:00 0.700591587263 0.299408412737 31 3 34
2013-12-04T12:00:00 0.693263569164 0.306736430836 27 3 30
2013-12-04T11:00:00 0.702085828002 0.297914171998 23 2 25
2013-12-04T10:00:00 0.709340684973 0.290659315027 16 1 17
2013-12-04T09:00:00 0.703101714476 0.296898285524 15 1 16
2013-12-04T08:00:00 0.678445131699 0.321554868301 9 1 10
2013-12-08T07:00:00 0.646728777352 0.353271222648 11 2 13
2013-12-08T06:00:00 0.692984787601 0.307015212399 4 0 4
2013-12-08T05:00:00 0.595793547473 0.404206452527 6 2 8
2013-12-08T04:00:00 0.626008966317 0.373991033683 10 2 12
2013-12-08T03:00:00 0.575504190421 0.424495809579 12 5 17
2013-12-08T02:00:00 0.53571834249 0.46428165751 10 6 16
2013-12-10T11:00:00 0.29554200626 0.70445799374 17 96 113
2013-12-10T10:00:00 0.294842100784 0.705157899216 14 81 95
2013-12-10T09:00:00 0.309079566479 0.690920433521 12 57 69
2013-12-10T08:00:00 0.352579038303 0.647420961697 8 25 33
2013-12-10T07:00:00 0.583835112924 0.416164887076 6 2 8
2013-12-10T06:00:00 0.613056809647 0.386943190353 4 1 5
2013-12-25T17:00:00 0.60256735358 0.39743264642 2 1 3
2013-12-25T16:00:00 0.760282974633 0.239717025367 3 0 3
2013-12-25T15:00:00 0.749559739832 0.250440260168 2 0 2
2013-12-25T14:00:00 0.746252220249 0.253747779751 4 0 4
2013-12-25T13:00:00 0.746252220249 0.253747779751 4 0 4
2013-12-25T12:00:00 0.750551979712 0.249448020288 5 0 5
2013-12-31T11:00:00 0.43386789049 0.56613210951 3 4 7
2013-12-31T10:00:00 0.497133524466 0.502866475534 3 2 5
2013-12-31T09:00:00 0.497133524466 0.502866475534 3 2 5
2013-12-31T08:00:00 0.687331555922 0.312668444078 3 0 3
2013-12-31T07:00:00 0.706349286642 0.293650713358 1 0 1
2013-12-31T06:00:00 0.0 0.0 0 0 0
2014-01-04T07:00:00 0.776179780004 0.223820219996 4 0 4
2014-01-04T06:00:00 0.755133973236 0.244866026764 4 0 4
2014-01-04T05:00:00 0.737332108841 0.262667891159 3 0 3
2014-01-04T04:00:00 0.737332108841 0.262667891159 3 0 3
2014-01-04T03:00:00 0.674972617093 0.325027382907 2 0 2
2014-01-04T02:00:00 0.719494933536 0.280505066464 3 0 3
2014-01-13T02:00:00 0.781729444236 0.218270555764 1 0 1
2014-01-13T01:00:00 0.781729444236 0.218270555764 1 0 1
2014-01-13T00:00:00 0.781729444236 0.218270555764 1 0 1
2014-01-12T23:00:00 0.0 0.0 0 0 0
2014-01-12T22:00:00 0.0 0.0 0 0 0
2014-01-12T21:00:00 0.239730329724 0.760269670276 0 1 1
2014-01-19T09:00:00 0.687784800988 0.312215199012 6 1 7
2014-01-19T08:00:00 0.752520095316 0.247479904684 3 0 3
2014-01-19T07:00:00 0.0 0.0 0 0 0
2014-01-19T06:00:00 0.0 0.0 0 0 0
2014-01-20T20:00:00 0.636732536912 0.363267463088 4 1 5
2014-01-20T19:00:00 0.604803392473 0.395196607527 6 3 9
2014-01-20T18:00:00 0.604803392473 0.395196607527 6 3 9
2014-01-20T17:00:00 0.569798332413 0.430201667587 4 3 7
2014-01-20T16:00:00 0.666155696966 0.333844303034 6 2 8
2014-01-20T15:00:00 0.662988648988 0.337011351012 8 2 10
2014-01-31T11:00:00 0.713095558313 0.286904441687 14 1 15
2014-01-31T10:00:00 0.713095558313 0.286904441687 14 1 15
2014-01-31T09:00:00 0.748687619004 0.251312380996 10 0 10
2014-01-31T08:00:00 0.743004309829 0.256995690171 7 0 7
2014-01-31T07:00:00 0.630396170394 0.369603829606 6 2 8
2014-01-31T06:00:00 0.601946586874 0.398053413126 14 6 20
2014-02-02T17:00:00 0.575408112488 0.424591887512 13 7 20
2014-02-02T16:00:00 0.60271699318 0.39728300682 21 9 30
2014-02-02T15:00:00 0.651694613999 0.348305386001 37 10 47
2014-02-02T14:00:00 0.674877110314 0.325122889686 46 11 57
2014-02-02T13:00:00 0.679844169478 0.320155830522 47 10 57
2014-02-02T12:00:00 0.666124996377 0.333875003623 46 11 57
2014-03-10T23:00:00 0.505702705427 0.494297294573 1 1 2
2014-03-10T22:00:00 0.505702705427 0.494297294573 1 1 2
2014-03-10T21:00:00 0.505702705427 0.494297294573 1 1 2
2014-03-10T20:00:00 0.505702705427 0.494297294573 1 1 2
2014-03-10T19:00:00 0.243876449783 0.756123550217 0 1 1
2014-03-10T18:00:00 0.0 0.0 0 0 0
2014-03-18T00:00:00 0.548110680714 0.451889319286 7 3 10
2014-03-17T23:00:00 0.504811745306 0.495188254694 6 4 10
2014-03-17T22:00:00 0.480734815233 0.519265184766 3 3 6
2014-03-17T21:00:00 0.480734815233 0.519265184766 3 3 6
2014-03-19T06:00:00 0.0 0.0 0 0 0
2014-03-19T05:00:00 0.0 0.0 0 0 0
2014-03-19T04:00:00 0.0 0.0 0 0 0
2014-03-19T03:00:00 0.0 0.0 0 0 0
2014-03-19T02:00:00 0.0 0.0 0 0 0
2014-03-19T01:00:00 0.0 0.0 0 0 0
2014-04-18T04:00:00 0.656364179924 0.343635820076 7 1 8
2014-04-18T03:00:00 0.656364179924 0.343635820076 7 1 8
2014-04-18T02:00:00 0.680322132569 0.319677867431 9 1 10
2014-04-18T01:00:00 0.681394106253 0.318605893747 10 1 11
2014-04-18T00:00:00 0.726771443684 0.273228556316 11 0 11
2014-04-17T23:00:00 0.736820932132 0.263179067868 9 0 9
2014-05-14T18:00:00 0 0 0 0 0
2014-05-14T17:00:00 0 0 0 0 0
2014-05-14T16:00:00 0 0 0 0 0
2014-05-14T15:00:00 0 0 0 0 0
2014-05-14T14:00:00 0 0 0 0 0
2014-05-14T13:00:00 0 0 0 0 0
2014-05-22T04:00:00 0.255236084523 0.744763915477 0 2 2
2014-05-22T03:00:00 0.255236084523 0.744763915477 0 2 2
2014-05-22T02:00:00 0.255236084523 0.744763915477 0 2 2
2014-05-22T01:00:00 0.255236084523 0.744763915477 0 2 2
2014-05-22T00:00:00 0.255236084523 0.744763915477 0 2 2
2014-05-21T23:00:00 0.255236084523 0.744763915477 0 2 2
2014-05-25T19:00:00 0.472259861303 0.527740138697 2 2 4
2014-05-25T18:00:00 0.472259861303 0.527740138697 2 2 4
2014-05-25T17:00:00 0.441673787885 0.558326212115 2 3 5
2014-05-25T16:00:00 0.386859841011 0.613140158989 1 3 4
2014-05-25T15:00:00 0.435634898446 0.564365101554 2 3 5
2014-05-25T14:00:00 0.478689256473 0.521310743528 2 2 4
2014-05-27T11:00:00 0.631004355728 0.368995644272 3 1 4
2014-05-27T10:00:00 0.631004355728 0.368995644272 3 1 4
2014-05-27T09:00:00 0.631004355728 0.368995644272 3 1 4
2014-05-27T08:00:00 0.588197657538 0.411802342462 2 1 3
2014-05-27T07:00:00 0.588197657538 0.411802342462 2 1 3
2014-05-27T06:00:00 0.21736125849 0.78263874151 0 1 1
2014-06-28T20:00:00 0.703169353016 0.296830646984 1 0 1
2014-06-28T19:00:00 0.681575899506 0.318424100494 2 0 2
2014-06-28T18:00:00 0.681575899506 0.318424100494 2 0 2
2014-06-28T17:00:00 0.535676082931 0.464323917069 2 1 3
2014-06-28T16:00:00 0.535676082931 0.464323917069 2 1 3
2014-06-28T15:00:00 0.451929447889 0.548070552111 1 1 2
2014-06-29T18:00:00 0.711673839211 0.288326160789 2 0 2
2014-06-29T17:00:00 0.530172679331 0.469827320669 2 1 3
2014-06-29T16:00:00 0.530172679331 0.469827320669 2 1 3
2014-06-29T15:00:00 0.530172679331 0.469827320669 2 1 3
2014-06-29T14:00:00 0.518779718681 0.481220281319 2 1 3
2014-06-29T13:00:00 0.419772401969 0.580227598031 1 1 2
2014-07-11T13:00:00 0.603862696629 0.396137303371 7 2 9
2014-07-11T12:00:00 0.587821268558 0.412178731442 7 3 10
2014-07-11T11:00:00 0.600606209771 0.399393790229 5 2 7
2014-07-11T10:00:00 0.587354060529 0.412645939471 4 2 6
2014-07-11T09:00:00 0.65717225506 0.34282774494 4 1 5
2014-07-11T08:00:00 0.631183898787 0.368816101213 3 1 4
2014-08-26T05:00:00 0 0 0 0 0
2014-08-26T04:00:00 0 0 0 0 0
2014-08-26T03:00:00 0 0 0 0 0
2014-08-26T02:00:00 0 0 0 0 0
2014-10-15T22:00:00 0.457240481468 0.542759518532 2 2 4
2014-10-15T21:00:00 0.457240481468 0.542759518532 2 2 4
2014-10-15T20:00:00 0.390492087655 0.609507912345 1 2 3
2014-10-15T19:00:00 0.463799906591 0.536200093409 1 1 2
2014-10-15T18:00:00 0.21736125849 0.78263874151 0 1 1
2014-11-07T01:00:00 0.690735192699 0.309264807301 6 0 6
2014-11-07T00:00:00 0.626464921701 0.373535078299 6 1 7
2014-11-06T23:00:00 0.574969927397 0.425030072603 5 2 7
2014-11-06T22:00:00 0.491303421804 0.508696578196 4 3 7
2014-11-06T21:00:00 0.454703553934 0.545296446067 3 3 6
2014-11-06T20:00:00 0.497904673795 0.502095326205 4 3 7
2014-11-12T15:00:00 0.68357047706 0.31642952294 16 2 18
2014-11-12T14:00:00 0.714787850618 0.285212149382 20 1 21
2014-11-12T13:00:00 0.705625982654 0.294374017346 22 1 23
2014-11-12T12:00:00 0.699761757475 0.300238242525 20 1 21
2014-11-12T11:00:00 0.718912924994 0.281087075006 18 0 18
2014-11-12T10:00:00 0.718729503774 0.281270496226 13 0 13
2014-11-17T13:00:00 0 0 0 0 0
2014-11-17T12:00:00 0 0 0 0 0
2014-11-17T11:00:00 0 0 0 0 0
2014-11-17T10:00:00 0 0 0 0 0
2014-11-17T09:00:00 0 0 0 0 0
2014-11-17T08:00:00 0 0 0 0 0
