2013-06-01T04:00:00 0 0 0 0 0
2013-06-01T03:00:00 0 0 0 0 0
2013-06-01T02:00:00 0 0 0 0 0
2013-06-01T01:00:00 0 0 0 0 0
2013-06-01T00:00:00 0 0 0 0 0
2013-05-31T23:00:00 0 0 0 0 0
2013-06-02T14:00:00 0 0 0 0 0
2013-06-02T13:00:00 0 0 0 0 0
2013-06-02T12:00:00 0 0 0 0 0
2013-06-02T11:00:00 0 0 0 0 0
2013-06-02T10:00:00 0 0 0 0 0
2013-06-02T09:00:00 0 0 0 0 0
2013-06-05T20:00:00 0 0 0 0 0
2013-06-05T19:00:00 0 0 0 0 0
2013-06-05T18:00:00 0 0 0 0 0
2013-06-05T17:00:00 0 0 0 0 0
2013-06-05T16:00:00 0 0 0 0 0
2013-06-05T15:00:00 0 0 0 0 0
2013-06-14T16:00:00 0 0 0 0 0
2013-06-14T15:00:00 0 0 0 0 0
2013-06-14T14:00:00 0 0 0 0 0
2013-06-14T13:00:00 0 0 0 0 0
2013-06-14T12:00:00 0 0 0 0 0
2013-06-14T11:00:00 0 0 0 0 0
2013-06-15T17:00:00 0 0 0 0 0
2013-06-15T16:00:00 0 0 0 0 0
2013-06-15T15:00:00 0 0 0 0 0
2013-06-15T14:00:00 0 0 0 0 0
2013-06-15T13:00:00 0 0 0 0 0
2013-06-15T12:00:00 0 0 0 0 0
2013-06-26T01:00:00 0 0 0 0 0
2013-06-26T00:00:00 0 0 0 0 0
2013-06-25T23:00:00 0 0 0 0 0
2013-06-25T22:00:00 0 0 0 0 0
2013-06-25T21:00:00 0 0 0 0 0
2013-06-25T20:00:00 0 0 0 0 0
2013-06-28T05:00:00 0 0 0 0 0
2013-06-28T04:00:00 0 0 0 0 0
2013-06-28T03:00:00 0 0 0 0 0
2013-06-28T02:00:00 0 0 0 0 0
2013-06-28T01:00:00 0 0 0 0 0
2013-06-28T00:00:00 0 0 0 0 0
2013-06-30T01:00:00 0 0 0 0 0
2013-06-30T00:00:00 0 0 0 0 0
2013-06-29T23:00:00 0 0 0 0 0
2013-06-29T22:00:00 0 0 0 0 0
2013-06-29T21:00:00 0 0 0 0 0
2013-06-29T20:00:00 0 0 0 0 0
2013-07-18T14:00:00 0 0 0 0 0
2013-07-18T13:00:00 0 0 0 0 0
2013-07-18T12:00:00 0 0 0 0 0
2013-07-18T11:00:00 0 0 0 0 0
2013-07-18T10:00:00 0 0 0 0 0
2013-07-18T09:00:00 0 0 0 0 0
2013-08-15T21:00:00 0.90610278801 0.0938972119901 2 0 2
2013-08-15T20:00:00 0.90610278801 0.0938972119901 2 0 2
2013-08-15T19:00:00 0.90610278801 0.0938972119901 2 0 2
2013-08-15T18:00:00 0.938535455062 0.0614645449383 1 0 1
2013-08-15T17:00:00 0 0 0 0 0
2013-08-15T16:00:00 0 0 0 0 0
2013-09-12T15:00:00 0.940654485262 0.0593455147378 1 0 1
2013-09-12T14:00:00 0.0 0.0 0 0 0
2013-09-12T13:00:00 0.0 0.0 0 0 0
2013-09-12T12:00:00 0.0 0.0 0 0 0
2013-09-12T11:00:00 0 0 0 0 0
2013-09-12T10:00:00 0 0 0 0 0
2013-09-19T22:00:00 0.439747651643 0.560252348357 1 1 2
2013-09-19T21:00:00 0.439747651643 0.560252348357 1 1 2
2013-09-19T20:00:00 0.693512516563 0.306487483437 1 0 1
2013-09-19T19:00:00 0.0 0.0 0 0 0
2013-09-19T18:00:00 0.0 0.0 0 0 0
2013-09-19T17:00:00 0.764756220604 0.235243779396 2 0 2
2013-09-27T17:00:00 0.76712717635 0.23287282365 1 0 1
2013-09-27T16:00:00 0.76712717635 0.23287282365 1 0 1
2013-09-27T15:00:00 0.76712717635 0.23287282365 1 0 1
2013-09-27T14:00:00 0 0 0 0 0
2013-09-27T13:00:00 0 0 0 0 0
2013-09-27T12:00:00 0 0 0 0 0
2013-10-04T21:00:00 0.790913648157 0.209086351843 17 0 17
2013-10-04T20:00:00 0.783658472064 0.216341527936 19 0 19
2013-10-04T19:00:00 0.770340279323 0.229659720678 14 0 14
2013-10-04T18:00:00 0.768010821713 0.231989178287 13 0 13
2013-10-04T17:00:00 0.781250291213 0.218749708787 11 0 11
2013-10-04T16:00:00 0.809311815528 0.190688184472 6 0 6
2013-10-09T19:00:00 0.635914059581 0.364085940419 1 0 1
2013-10-09T18:00:00 0.635914059581 0.364085940419 1 0 1
2013-10-09T17:00:00 0.635914059581 0.364085940419 1 0 1
2013-10-09T16:00:00 0 0 0 0 0
2013-10-09T15:00:00 0 0 0 0 0
2013-10-09T14:00:00 0 0 0 0 0
2013-10-27T14:00:00 0.771096341274 0.228903658726 2 0 2
2013-10-27T13:00:00 0.771096341274 0.228903658726 2 0 2
2013-10-27T12:00:00 0.771096341274 0.228903658726 2 0 2
2013-10-27T11:00:00 0.771096341274 0.228903658726 2 0 2
2013-10-27T10:00:00 0.887784240579 0.112215759421 1 0 1
2013-10-27T09:00:00 0.887784240579 0.112215759421 1 0 1
2013-10-31T12:00:00 0 0 0 0 0
2013-10-31T11:00:00 0 0 0 0 0
2013-10-31T10:00:00 0 0 0 0 0
2013-10-31T09:00:00 0 0 0 0 0
2013-10-31T08:00:00 0 0 0 0 0
2013-10-31T07:00:00 0 0 0 0 0
2013-11-08T20:00:00 0.878339120898 0.121660879102 5 0 5
2013-11-08T19:00:00 0.878339120898 0.121660879102 5 0 5
2013-11-08T18:00:00 0.887321189962 0.112678810038 5 0 5
2013-11-08T17:00:00 0.853726917709 0.146273082291 3 0 3
2013-11-08T16:00:00 0.790427422427 0.209572577573 6 0 6
2013-11-08T15:00:00 0.741104875531 0.25889512447 4 0 4
2013-11-13T17:00:00 0.878469499644 0.121530500356 1 0 1
2013-11-13T16:00:00 0 0 0 0 0
2013-11-13T15:00:00 0 0 0 0 0
2013-11-13T14:00:00 0.834200994707 0.165799005293 3 0 3
2013-11-13T13:00:00 0.707931559779 0.292068440221 4 1 5
2013-11-13T12:00:00 0.707931559779 0.292068440221 4 1 5
2013-11-22T18:00:00 0.811255085806 0.188744914194 28 0 28
2013-11-22T17:00:00 0.815467943027 0.184532056973 23 0 23
2013-11-22T16:00:00 0.791305559921 0.208694440079 18 0 18
2013-11-22T15:00:00 0.795654915449 0.204345084551 21 0 21
2013-11-22T14:00:00 0.786111655096 0.213888344904 19 0 19
2013-11-22T13:00:00 0.785965088974 0.214034911026 17 0 17
2013-12-06T21:00:00 0.732900471721 0.267099528279 21 1 22
2013-12-06T20:00:00 0.759261158999 0.240738841001 24 1 25
2013-12-06T19:00:00 0.747807258036 0.252192741964 22 2 24
2013-12-06T18:00:00 0.791926633766 0.208073366234 14 1 15
2013-12-06T17:00:00 0.773924935285 0.226075064715 9 1 10
2013-12-06T16:00:00 0.772586975295 0.227413024705 5 1 6
2013-12-22T18:00:00 0.784851323043 0.215148676957 5 0 5
2013-12-22T17:00:00 0.776906630663 0.223093369337 3 0 3
2013-12-22T16:00:00 0.878348416182 0.121651583818 1 0 1
2013-12-22T15:00:00 0.887847139176 0.112152860824 2 0 2
2013-12-22T14:00:00 0.758998139929 0.241001860071 2 0 2
2013-12-22T13:00:00 0.818295340493 0.181704659507 3 0 3
2014-01-04T11:00:00 0.896841213865 0.103158786135 2 0 2
2014-01-04T10:00:00 0 0 0 0 0
2014-01-04T09:00:00 0 0 0 0 0
2014-01-04T08:00:00 0 0 0 0 0
2014-01-04T07:00:00 0 0 0 0 0
2014-01-04T06:00:00 0 0 0 0 0
2014-01-05T22:00:00 0.835652252464 0.164347747536 5 0 5
2014-01-05T21:00:00 0.851275609842 0.148724390158 5 0 5
2014-01-05T20:00:00 0.810957286962 0.189042713039 6 0 6
2014-01-05T19:00:00 0.785770796029 0.214229203971 5 0 5
2014-01-05T18:00:00 0.754971700861 0.245028299139 8 0 8
2014-01-05T17:00:00 0.728443478105 0.271556521895 8 0 8
2014-01-11T15:00:00 0.689722497716 0.310277502284 3 0 3
2014-01-11T14:00:00 0.689722497716 0.310277502284 3 0 3
2014-01-11T13:00:00 0.689722497716 0.310277502284 3 0 3
2014-01-11T12:00:00 0.689722497716 0.310277502284 3 0 3
2014-01-11T11:00:00 0.704609231527 0.295390768473 2 0 2
2014-01-11T10:00:00 0.704609231527 0.295390768473 2 0 2
2014-01-17T17:00:00 0.653981884487 0.346018115513 4 0 4
2014-01-17T16:00:00 0.697282533132 0.302717466868 6 0 6
2014-01-17T15:00:00 0.735922405034 0.264077594967 4 0 4
2014-01-17T14:00:00 0.756408848823 0.243591151177 3 0 3
2014-01-17T13:00:00 0.762197686641 0.237802313359 5 0 5
2014-01-18T20:00:00 0.72689600483 0.27310399517 13 1 14
2014-01-18T19:00:00 0.73561141783 0.26438858217 14 1 15
2014-01-18T18:00:00 0.756664057259 0.243335942741 17 1 18
2014-01-18T17:00:00 0.781090480152 0.218909519848 19 1 20
2014-01-18T16:00:00 0.784892951012 0.215107048988 27 1 28
2014-01-18T15:00:00 0.796427901202 0.203572098798 29 1 30
2014-01-19T07:00:00 0.271830800338 0.728169199662 0 1 1
2014-01-19T06:00:00 0.271830800338 0.728169199662 0 1 1
2014-01-19T05:00:00 0.271830800338 0.728169199662 0 1 1
2014-01-19T04:00:00 0.442682028412 0.557317971588 1 2 3
2014-01-19T03:00:00 0.442682028412 0.557317971588 1 2 3
2014-01-22T16:00:00 0.7685829417 0.2314170583 4 0 4
2014-01-22T15:00:00 0.7685829417 0.2314170583 4 0 4
2014-01-22T14:00:00 0.7685829417 0.2314170583 4 0 4
2014-01-22T13:00:00 0.65265642496 0.34734357504 3 1 4
2014-01-22T12:00:00 0.628976157199 0.371023842801 2 1 3
2014-01-22T11:00:00 0.501953459536 0.498046540464 1 1 2
2014-01-27T08:00:00 0.816463847342 0.183536152658 3 0 3
2014-01-27T07:00:00 0.840587877376 0.159412122623 2 0 2
2014-01-27T06:00:00 0.766704960949 0.233295039051 1 0 1
2014-01-27T05:00:00 0 0 0 0 0
2014-01-27T04:00:00 0 0 0 0 0
2014-01-27T03:00:00 0 0 0 0 0
2014-01-29T12:00:00 0.731175135509 0.268824864491 5 0 5
2014-01-29T11:00:00 0.733858241059 0.266141758941 5 0 5
2014-01-29T10:00:00 0.736808608815 0.263191391185 4 0 4
2014-01-29T09:00:00 0.778362113463 0.221637886537 3 0 3
2014-01-29T08:00:00 0.712436833362 0.287563166637 2 0 2
2014-01-29T07:00:00 0.818676335116 0.181323664884 1 0 1
2014-01-30T19:00:00 0.60273201985 0.39726798015 5 3 8
2014-01-30T18:00:00 0.581226177328 0.418773822672 4 3 7
2014-01-30T17:00:00 0.503873456848 0.496126543152 3 4 7
2014-01-30T16:00:00 0.42026239662 0.57973760338 1 4 5
2014-01-30T15:00:00 0.309498313078 0.690501686923 0 2 2
2014-01-30T14:00:00 0.309498313078 0.690501686923 0 2 2
2014-01-31T16:00:00 0.799647612473 0.200352387527 3 0 3
2014-01-31T15:00:00 0.799647612473 0.200352387527 3 0 3
2014-01-31T14:00:00 0.617006522127 0.382993477873 4 2 6
2014-01-31T13:00:00 0.63417036108 0.36582963892 5 2 7
2014-01-31T12:00:00 0.644865337161 0.355134662839 5 2 7
2014-01-31T11:00:00 0.644865337161 0.355134662839 5 2 7
2014-02-05T21:00:00 0.79122401172 0.20877598828 38 1 39
2014-02-05T20:00:00 0.797410159557 0.202589840443 38 1 39
2014-02-05T19:00:00 0.795794039323 0.204205960677 35 1 36
2014-02-05T18:00:00 0.799258784748 0.200741215252 31 1 32
2014-02-05T17:00:00 0.824131655217 0.175868344783 20 0 20
2014-02-05T16:00:00 0.809953955585 0.190046044415 18 0 18
2014-02-11T17:00:00 0.779384598888 0.220615401112 5 0 5
2014-02-11T16:00:00 0.777199604139 0.222800395861 5 0 5
2014-02-11T15:00:00 0.702666173379 0.297333826621 5 1 6
2014-02-11T14:00:00 0.706789786728 0.293210213272 6 1 7
2014-02-11T13:00:00 0.728749647846 0.271250352154 7 1 8
2014-02-11T12:00:00 0.728749647846 0.271250352154 7 1 8
2014-02-12T17:00:00 0.781666497017 0.218333502983 1 0 1
2014-02-12T16:00:00 0.781666497017 0.218333502983 1 0 1
2014-02-12T15:00:00 0.781666497017 0.218333502983 1 0 1
2014-02-12T14:00:00 0.65446355639 0.34553644361 3 1 4
2014-02-12T13:00:00 0.692684169993 0.307315830007 5 1 6
2014-02-12T12:00:00 0.692684169993 0.307315830007 5 1 6
2014-02-19T21:00:00 0.741925581571 0.258074418429 15 1 16
2014-02-19T20:00:00 0.748673435963 0.251326564037 18 1 19
2014-02-19T19:00:00 0.748673435963 0.251326564037 18 1 19
2014-02-19T18:00:00 0.780033714139 0.219966285861 19 0 19
2014-02-19T17:00:00 0.787778623681 0.212221376319 17 0 17
2014-02-19T16:00:00 0.787778623681 0.212221376319 17 0 17
2014-03-10T18:00:00 0.794043690141 0.205956309859 4 0 4
2014-03-10T17:00:00 0.815591998119 0.184408001881 3 0 3
2014-03-10T16:00:00 0.815591998119 0.184408001881 3 0 3
2014-03-10T15:00:00 0.909679208646 0.0903207913546 2 0 2
2014-03-10T14:00:00 0.815868928959 0.184131071041 2 0 2
2014-03-10T13:00:00 0.749269182249 0.250730817751 1 0 1
2014-03-16T15:00:00 0.783972999225 0.216027000775 7 0 7
2014-03-16T14:00:00 0.794721199814 0.205278800186 5 0 5
2014-03-16T13:00:00 0.808679249786 0.191320750214 6 0 6
2014-03-16T12:00:00 0.808679249786 0.191320750214 6 0 6
2014-03-16T11:00:00 0.784570201633 0.215429798367 3 0 3
2014-03-16T10:00:00 0.677618354397 0.322381645603 2 1 3
2014-03-28T18:00:00 0.852671085999 0.147328914001 4 0 4
2014-03-28T17:00:00 0.807309711587 0.192690288412 6 0 6
2014-03-28T16:00:00 0.807309711587 0.192690288412 6 0 6
2014-03-28T15:00:00 0.713834986629 0.286165013371 3 0 3
2014-03-28T14:00:00 0.767875509007 0.232124490993 12 0 12
2014-03-28T13:00:00 0.773264201209 0.226735798791 13 0 13
2014-04-17T22:00:00 0.863926728735 0.136073271265 2 0 2
2014-04-17T21:00:00 0.863926728735 0.136073271265 2 0 2
2014-04-17T20:00:00 0.863926728735 0.136073271265 2 0 2
2014-04-17T19:00:00 0.847158343882 0.152841656118 3 0 3
2014-04-17T18:00:00 0.847158343882 0.152841656118 3 0 3
2014-04-17T17:00:00 0.813621574176 0.186378425824 1 0 1
2014-04-23T07:00:00 0.813621574176 0.186378425824 1 0 1
2014-04-23T06:00:00 0 0 0 0 0
2014-04-23T05:00:00 0 0 0 0 0
2014-04-23T04:00:00 0 0 0 0 0
2014-04-23T03:00:00 0.94196661655 0.0580333834502 1 0 1
2014-04-23T02:00:00 0.799909671034 0.200090328966 2 0 2
2014-05-01T02:00:00 0.911756486455 0.0882435135446 3 0 3
2014-05-01T01:00:00 0.83645245344 0.16354754656 5 0 5
2014-05-01T00:00:00 0.83645245344 0.16354754656 5 0 5
2014-04-30T23:00:00 0.845913648769 0.154086351231 6 0 6
2014-04-30T22:00:00 0.828160966589 0.17183903341 8 0 8
2014-04-30T21:00:00 0.764011806971 0.235988193029 7 0 7
2014-05-07T00:00:00 0 0 0 0 0
2014-05-06T23:00:00 0 0 0 0 0
2014-05-06T22:00:00 0 0 0 0 0
2014-05-06T21:00:00 0 0 0 0 0
2014-05-06T20:00:00 0 0 0 0 0
2014-05-06T19:00:00 0 0 0 0 0
2014-05-15T13:00:00 0 0 0 0 0
2014-05-15T12:00:00 0 0 0 0 0
2014-05-15T11:00:00 0 0 0 0 0
2014-05-15T10:00:00 0 0 0 0 0
2014-05-15T09:00:00 0 0 0 0 0
2014-05-15T08:00:00 0 0 0 0 0
2014-05-18T17:00:00 0 0 0 0 0
2014-05-18T16:00:00 0 0 0 0 0
2014-05-18T15:00:00 0.713912240823 0.286087759178 2 0 2
2014-05-18T14:00:00 0.713912240823 0.286087759178 2 0 2
2014-05-18T13:00:00 0.713912240823 0.286087759178 2 0 2
2014-05-18T12:00:00 0.713912240823 0.286087759178 2 0 2
2014-05-19T11:00:00 0.66319727912 0.33680272088 1 0 1
2014-05-19T10:00:00 0.66319727912 0.33680272088 1 0 1
2014-05-19T09:00:00 0.66319727912 0.33680272088 1 0 1
2014-05-19T08:00:00 0 0 0 0 0
2014-05-19T07:00:00 0 0 0 0 0
2014-05-19T06:00:00 0 0 0 0 0
2014-05-21T14:00:00 0.0 0.0 0 0 0
2014-05-21T13:00:00 0.0 0.0 0 0 0
2014-05-21T12:00:00 0.0 0.0 0 0 0
2014-05-21T11:00:00 0.0 0.0 0 0 0
2014-05-21T10:00:00 0.0 0.0 0 0 0
2014-05-21T09:00:00 0.0 0.0 0 0 0
2014-05-25T04:00:00 0 0 0 0 0
2014-05-25T03:00:00 0 0 0 0 0
2014-05-25T02:00:00 0 0 0 0 0
2014-05-25T01:00:00 0 0 0 0 0
2014-05-25T00:00:00 0 0 0 0 0
2014-05-24T23:00:00 0.605178190095 0.394821809905 1 0 1
2014-07-07T09:00:00 0.936889741622 0.0631102583782 1 0 1
2014-07-07T08:00:00 0.936889741622 0.0631102583782 1 0 1
2014-07-07T07:00:00 0 0 0 0 0
2014-07-07T06:00:00 0 0 0 0 0
2014-07-07T05:00:00 0 0 0 0 0
2014-07-26T04:00:00 0 0 0 0 0
2014-07-26T03:00:00 0 0 0 0 0
2014-07-26T02:00:00 0 0 0 0 0
2014-07-26T01:00:00 0.657607409628 0.342392590372 3 1 4
2014-07-26T00:00:00 0.678672850522 0.321327149478 4 1 5
2014-07-25T23:00:00 0.665625320872 0.334374679128 5 1 6
2014-07-28T01:00:00 0.70491540899 0.29508459101 3 0 3
2014-07-28T00:00:00 0.70491540899 0.29508459101 3 0 3
2014-07-27T23:00:00 0.729712927555 0.270287072445 5 0 5
2014-07-27T22:00:00 0.729712927555 0.270287072445 5 0 5
2014-07-27T21:00:00 0.741062476535 0.258937523465 4 0 4
2014-07-27T20:00:00 0.762337021948 0.237662978052 3 0 3
2014-07-30T08:00:00 0 0 0 0 0
2014-07-30T07:00:00 0 0 0 0 0
2014-07-30T06:00:00 0 0 0 0 0
2014-07-30T05:00:00 0 0 0 0 0
2014-07-30T04:00:00 0 0 0 0 0
2014-07-30T03:00:00 0 0 0 0 0
2014-08-02T09:00:00 0.742954455075 0.257045544925 1 0 1
2014-08-02T08:00:00 0 0 0 0 0
2014-08-02T07:00:00 0 0 0 0 0
2014-08-02T06:00:00 0 0 0 0 0
2014-08-02T05:00:00 0 0 0 0 0
2014-08-21T01:00:00 0.659090423015 0.340909576985 8 1 9
2014-08-21T00:00:00 0.645487328339 0.354512671661 7 1 8
2014-08-20T23:00:00 0.709050731611 0.290949268389 7 0 7
2014-08-20T22:00:00 0.732934467394 0.267065532606 8 0 8
2014-08-20T21:00:00 0.763485742163 0.236514257837 10 0 10
2014-08-20T20:00:00 0.763485742163 0.236514257837 10 0 10
2014-08-30T03:00:00 0.822088168704 0.177911831296 5 0 5
2014-08-30T02:00:00 0.863419612342 0.136580387658 6 0 6
2014-08-30T01:00:00 0.897824738194 0.102175261806 4 0 4
2014-08-30T00:00:00 0.83398479618 0.16601520382 6 0 6
2014-08-29T23:00:00 0.813575163207 0.186424836793 8 0 8
2014-08-29T22:00:00 0.800327858894 0.199672141106 8 0 8
2014-09-01T09:00:00 0.710707251331 0.289292748669 15 0 15
2014-09-01T08:00:00 0.733079624875 0.266920375125 8 0 8
2014-09-01T07:00:00 0.743608515857 0.256391484143 2 0 2
2014-09-01T06:00:00 0.715922317812 0.284077682188 2 0 2
2014-09-01T05:00:00 0.715742815524 0.284257184476 4 0 4
2014-09-01T04:00:00 0.655685277288 0.344314722712 6 1 7
2014-09-05T19:00:00 0.739618042267 0.260381957733 26 1 27
2014-09-05T18:00:00 0.735097394801 0.264902605199 33 2 35
2014-09-05T17:00:00 0.735769843145 0.264230156855 29 2 31
2014-09-05T16:00:00 0.750420382002 0.249579617998 27 1 28
2014-09-05T15:00:00 0.733555130499 0.266444869501 24 1 25
2014-09-20T17:00:00 0.751177334699 0.248822665301 3 0 3
2014-09-20T16:00:00 0.754969676941 0.245030323058 4 0 4
2014-09-20T15:00:00 0.705087619729 0.29491238027 2 0 2
2014-09-20T14:00:00 0.705087619729 0.29491238027 2 0 2
2014-09-25T10:00:00 0.816337338697 0.183662661303 2 0 2
2014-09-25T09:00:00 0.835634719741 0.164365280259 1 0 1
2014-09-25T08:00:00 0.835634719741 0.164365280259 1 0 1
2014-09-25T07:00:00 0 0 0 0 0
2014-09-25T06:00:00 0 0 0 0 0
2014-09-25T05:00:00 0 0 0 0 0
2014-10-03T14:00:00 0.718605625165 0.281394374835 17 3 20
2014-10-03T13:00:00 0.738538000552 0.261461999448 17 2 19
2014-10-03T12:00:00 0.758861181542 0.241138818458 13 1 14
2014-10-03T11:00:00 0.742868336554 0.257131663446 8 1 9
2014-10-03T10:00:00 0.795127760404 0.204872239596 6 0 6
2014-10-03T09:00:00 0.760749729081 0.239250270918 2 0 2
2014-10-07T13:00:00 0.757081065452 0.242918934548 5 1 6
2014-10-07T12:00:00 0.782768019191 0.217231980809 6 1 7
2014-10-07T11:00:00 0.762204866785 0.237795133215 5 1 6
2014-10-07T10:00:00 0.825920430143 0.174079569857 4 0 4
2014-10-17T17:00:00 0.76803358414 0.23196641586 5 0 5
2014-10-17T16:00:00 0.76803358414 0.23196641586 5 0 5
2014-10-17T15:00:00 0.753586366338 0.246413633662 3 0 3
2014-10-17T14:00:00 0.812082948279 0.187917051721 3 0 3
2014-10-17T13:00:00 0.75530912007 0.24469087993 5 0 5
2014-10-17T12:00:00 0.709913964682 0.290086035318 4 0 4
2014-10-18T11:00:00 0.718905123988 0.281094876012 5 0 5
2014-10-18T10:00:00 0.771777545936 0.228222454064 3 0 3
2014-10-18T09:00:00 0.936889741622 0.0631102583782 1 0 1
2014-10-18T08:00:00 0 0 0 0 0
2014-10-18T07:00:00 0.708245251736 0.291754748264 3 0 3
2014-10-18T06:00:00 0.708245251736 0.291754748264 3 0 3
2014-10-29T15:00:00 0 0 0 0 0
2014-10-29T14:00:00 0 0 0 0 0
2014-10-29T13:00:00 0 0 0 0 0
2014-10-29T12:00:00 0 0 0 0 0
2014-10-29T11:00:00 0 0 0 0 0
2014-10-29T10:00:00 0 0 0 0 0
