2014-07-09T20:00:00Z 300.827000 1010.380000 50.000000 2.810000 198.503000 -1.000000 76.000000 301.286000 1011.000000 52.000000 5.070000 254.001000 -1.000000 80.000000 294.150000 1005.000000 83.000000 6.000000 270.000000 -1.000000 75.000000 295.377000 944.800000 56.000000 1.660000 318.003000 -1.000000 92.000000 299.436000 1012.460000 77.000000 3.070000 281.501000 0.000000 92.000000
2014-07-10T08:00:00Z 299.895000 1009.780000 72.000000 1.860000 246.502000 -1.000000 88.000000 294.845000 1013.920000 89.000000 3.910000 282.502000 1.000000 100.000000 295.150000 1004.000000 88.000000 2.000000 270.000000 7.000000 75.000000 295.642000 944.990000 72.000000 1.530000 307.503000 -1.000000 0.000000 299.042000 1013.000000 83.000000 3.280000 306.003000 -1.000000 32.000000
2014-07-11T08:00:00Z 295.356000 1011.530000 88.000000 2.120000 249.000000 -1.000000 36.000000 300.853000 1010.600000 56.000000 3.320000 338.003000 -1.000000 0.000000 302.150000 1001.000000 58.000000 4.000000 300.000000 0.000000 0.000000 295.403000 944.780000 67.000000 1.520000 346.003000 -1.000000 0.000000 295.956000 1014.450000 100.000000 5.820000 276.000000 -1.000000 32.000000
2014-07-13T08:00:00Z 303.014000 1012.850000 39.000000 2.210000 15.501300 -1.000000 0.000000 299.664000 1013.670000 69.000000 1.110000 158.501000 -1.000000 0.000000 301.150000 1004.000000 51.000000 3.000000 320.000000 -1.000000 0.000000 296.714000 946.460000 55.000000 1.510000 310.501000 -1.000000 0.000000 298.614000 1015.290000 91.000000 0.710000 347.001000 -1.000000 0.000000
2014-07-19T08:00:00Z 302.834000 1017.960000 85.000000 0.200000 133.002000 0.000000 0.000000 302.924000 1018.140000 73.000000 2.520000 188.002000 -1.000000 24.000000 302.150000 1009.000000 79.000000 1.000000 180.000000 -1.000000 8.000000 299.574000 951.590000 78.000000 1.570000 209.502000 -1.000000 0.000000 299.774000 1021.790000 93.000000 1.770000 246.002000 -1.000000 0.000000
2014-07-21T08:00:00Z 297.813000 1011.300000 100.000000 6.030000 13.501800 2.500000 88.000000 304.561000 1010.080000 77.000000 2.320000 217.005000 14.000000 8.000000 305.150000 1001.000000 75.000000 1.000000 360.000000 13.000000 8.000000 295.463000 945.640000 98.000000 1.530000 332.502000 3.500000 92.000000 300.213000 1014.060000 92.000000 5.480000 201.502000 0.000000 32.000000
2014-07-26T20:00:00Z 301.443000 1016.720000 60.000000 4.220000 199.505000 -1.000000 8.000000 301.343000 1017.770000 55.000000 3.770000 180.005000 -1.000000 0.000000 301.150000 1009.000000 51.000000 3.000000 130.000000 -1.000000 0.000000 295.993000 951.140000 84.000000 1.170000 179.505000 -1.000000 0.000000 299.993000 1021.420000 82.000000 3.370000 231.005000 -1.000000 0.000000
2014-08-03T20:00:00Z 300.411000 1010.410000 83.000000 2.480000 53.005600 -1.000000 20.000000 300.161000 1010.810000 87.000000 3.530000 36.505600 3.000000 80.000000 303.150000 1001.000000 74.000000 2.000000 150.000000 11.000000 92.000000 296.061000 945.560000 94.000000 0.880000 348.006000 -1.000000 56.000000 299.361000 1013.080000 82.000000 3.230000 341.506000 -1.000000 24.000000
2014-08-05T08:00:00Z 294.477000 1016.370000 97.000000 2.070000 251.003000 0.500000 76.000000 295.127000 1017.260000 94.000000 1.870000 332.503000 -1.000000 80.000000 295.150000 1009.000000 94.000000 1.000000 210.000000 0.000000 90.000000 292.127000 949.330000 89.000000 1.520000 342.003000 -1.000000 8.000000 294.377000 1019.530000 100.000000 3.870000 53.002500 3.500000 80.000000
2014-08-07T08:00:00Z 297.492000 1018.360000 69.000000 2.560000 344.507000 -1.000000 0.000000 297.242000 1018.600000 82.000000 1.810000 20.006700 -1.000000 0.000000 294.150000 1009.000000 88.000000 2.000000 340.000000 -1.000000 0.000000 294.492000 951.970000 66.000000 0.310000 89.006700 -1.000000 20.000000 299.292000 1021.600000 84.000000 4.360000 53.006700 -1.000000 0.000000
2014-08-09T20:00:00Z 300.930000 1018.080000 59.000000 2.810000 196.500000 -1.000000 12.000000 298.864000 1013.310000 63.000000 2.310000 139.500000 -1.000000 0.000000 296.150000 1004.000000 73.000000 3.000000 160.000000 -1.000000 0.000000 292.014000 947.080000 66.000000 1.910000 180.500000 -1.000000 12.000000 297.164000 1018.420000 93.000000 3.260000 158.500000 -1.000000 0.000000
2014-08-12T20:00:00Z 295.834000 1014.390000 72.000000 1.910000 303.006000 0.500000 64.000000 298.234000 1014.640000 63.000000 3.060000 185.506000 -1.000000 80.000000 299.150000 1005.000000 65.000000 1.000000 100.000000 -1.000000 0.000000 291.434000 948.820000 74.000000 1.160000 3.005800 -1.000000 56.000000 298.434000 1018.450000 85.000000 4.360000 198.006000 -1.000000 64.000000
2014-08-14T08:00:00Z 293.044000 1018.770000 99.000000 1.920000 225.502000 -1.000000 44.000000 294.544000 1019.020000 92.000000 1.970000 347.502000 -1.000000 0.000000 293.150000 1009.000000 88.000000 4.000000 270.000000 0.000000 0.000000 290.394000 950.520000 90.000000 1.420000 343.502000 -1.000000 0.000000 293.644000 1022.100000 100.000000 4.770000 63.001800 3.000000 88.000000
2014-08-16T08:00:00Z 297.806000 1017.410000 69.000000 2.960000 25.002800 -1.000000 0.000000 298.156000 1016.680000 70.000000 3.110000 52.502800 -1.000000 12.000000 298.150000 1009.000000 73.000000 1.000000 10.000000 -1.000000 20.000000 292.856000 951.590000 70.000000 1.510000 21.002800 -1.000000 0.000000 298.364000 1021.610000 98.000000 1.670000 7.009000 -1.000000 0.000000
