2014-07-07T08:00:00Z 299.632000 1012.590000 84.000000 1.850000 186.000000 0.000000 80.000000 299.032000 1012.510000 86.000000 1.950000 167.000000 -1.000000 88.000000 302.150000 1004.000000 74.000000 2.000000 170.000000 0.000000 80.000000 296.532000 946.370000 90.000000 1.550000 185.000000 -1.000000 92.000000 297.032000 1017.130000 94.000000 2.400000 230.500000 -1.000000 68.000000
2014-07-26T00:00:00Z 293.643000 1016.140000 78.000000 1.210000 177.003000 -1.000000 0.000000 294.643000 1017.110000 82.000000 1.260000 161.503000 -1.000000 0.000000 296.150000 1008.000000 88.000000 3.000000 160.000000 -1.000000 0.000000 289.093000 949.500000 87.000000 0.960000 132.003000 -1.000000 12.000000 297.693000 1017.680000 89.000000 8.060000 16.003100 -1.000000 0.000000
2014-07-28T00:00:00Z 299.619000 1014.830000 61.000000 5.210000 217.002000 -1.000000 0.000000 297.769000 1016.370000 63.000000 3.760000 184.002000 -1.000000 0.000000 295.150000 1006.000000 94.000000 1.000000 180.000000 -1.000000 0.000000 294.269000 949.090000 89.000000 1.160000 198.502000 -1.000000 36.000000 298.969000 1019.530000 88.000000 5.260000 205.502000 -1.000000 0.000000
2014-07-27T20:00:00Z 302.097000 1014.410000 58.000000 4.210000 209.501000 -1.000000 12.000000 300.842000 1015.190000 59.000000 3.630000 183.003000 -1.000000 0.000000 300.150000 1006.000000 65.000000 2.000000 150.000000 -1.000000 0.000000 297.397000 949.070000 79.000000 1.410000 197.501000 -1.000000 56.000000 299.342000 1019.560000 85.000000 5.780000 210.503000 -1.000000 0.000000
2014-07-30T08:00:00Z 296.436000 1012.340000 99.000000 1.860000 304.501000 -1.000000 44.000000 296.336000 1012.740000 100.000000 2.060000 24.501300 -1.000000 64.000000 297.150000 1005.000000 94.000000 3.000000 40.000000 0.000000 90.000000 291.886000 946.760000 99.000000 1.560000 46.001300 23.000000 92.000000 295.986000 1017.930000 100.000000 5.010000 178.001000 4.000000 92.000000
2014-08-02T08:00:00Z 300.321000 1012.530000 91.000000 2.120000 84.001200 -1.000000 32.000000 302.971000 1012.700000 80.000000 1.370000 231.001000 -1.000000 0.000000 301.521000 1004.190000 83.000000 2.020000 312.501000 -1.000000 0.000000 296.170000 948.310000 91.000000 1.570000 181.000000 62.000000 44.000000 297.320000 1018.590000 98.000000 2.520000 83.000200 44.000000 36.000000
2014-08-20T20:00:00Z 303.710000 1020.840000 61.000000 3.980000 204.001000 -1.000000 88.000000 301.491000 1015.640000 56.000000 3.650000 171.003000 -1.000000 68.000000 300.150000 1007.000000 69.000000 3.000000 160.000000 -1.000000 0.000000 294.845000 949.640000 83.000000 1.230000 199.501000 -1.000000 32.000000 298.945000 1020.810000 89.000000 5.630000 209.001000 -1.000000 0.000000
2014-08-29T22:00:00Z 300.930000 1030.080000 95.000000 2.860000 24.500300 0.000000 44.000000 294.724000 1026.610000 96.000000 1.610000 21.006700 -1.000000 76.000000 295.257000 1015.850000 88.000000 2.860000 47.000300 1.000000 56.000000 287.924000 958.930000 91.000000 1.060000 169.007000 -1.000000 44.000000 296.511000 1028.570000 100.000000 1.930000 118.001000 -1.000000 0.000000
2014-09-01T08:00:00Z 300.930000 1028.000000 100.000000 2.100000 38.501300 0.000000 32.000000 293.749000 1022.420000 97.000000 2.280000 70.501300 -1.000000 88.000000 294.150000 1013.000000 100.000000 2.000000 110.000000 2.000000 92.000000 289.668000 954.800000 98.000000 1.400000 74.001300 -1.000000 76.000000 295.368000 1026.620000 100.000000 2.950000 92.001300 2.000000 88.000000
2014-09-05T19:00:00Z 303.710000 1023.600000 70.000000 1.720000 166.000000 -1.000000 0.000000 303.048000 1016.830000 58.000000 3.210000 123.000000 -1.000000 0.000000 297.150000 1009.000000 78.000000 1.000000 100.000000 -1.000000 56.000000 288.943000 952.440000 89.000000 0.970000 179.500000 -1.000000 0.000000 296.293000 1023.620000 99.000000 2.770000 120.000000 -1.000000 0.000000
2014-09-20T17:00:00Z 298.150000 1025.940000 97.000000 2.110000 5.504880 0.000000 68.000000 287.015000 1016.660000 92.000000 1.210000 82.001100 -1.000000 0.000000 291.150000 1013.000000 100.000000 1.000000 320.000000 -1.000000 0.000000 288.477000 951.330000 100.000000 1.310000 85.000700 1.000000 92.000000 291.476000 1025.930000 100.000000 3.110000 133.007000 1.000000 88.000000
2014-09-25T08:00:00Z 289.842000 1026.180000 100.000000 2.060000 148.500000 0.500000 92.000000 291.042000 1026.500000 100.000000 2.910000 153.000000 -1.000000 92.000000 290.150000 1018.000000 100.000000 2.000000 180.000000 2.000000 92.000000 286.546000 957.650000 100.000000 1.400000 61.004600 0.500000 92.000000 291.442000 1030.390000 100.000000 1.210000 10.000300 -1.000000 0.000000
