2013-06-12T01:00:00Z 293.270000 1010.000000 85.000000 1.030000 45.000000 -1.000000 64.000000
2013-06-12T02:00:00Z 293.270000 1010.000000 85.000000 1.030000 45.000000 -1.000000 64.000000
2013-06-12T03:00:00Z 293.190000 1009.000000 85.000000 3.780000 304.501000 -1.000000 64.000000
2013-06-12T04:00:00Z 293.500000 1009.000000 88.000000 3.000000 310.000000 -1.000000 40.000000
2013-06-12T05:00:00Z 293.190000 1009.000000 88.000000 2.000000 280.000000 -1.000000 40.000000
2013-06-12T06:00:00Z 293.580000 1010.000000 88.000000 2.000000 310.000000 -1.000000 40.000000
2013-06-12T07:00:00Z 293.730000 1010.000000 88.000000 2.000000 300.000000 -1.000000 40.000000
2013-06-12T08:00:00Z 294.320000 1011.000000 88.000000 3.000000 330.000000 -1.000000 40.000000
2013-06-12T09:00:00Z 294.980000 1011.000000 83.000000 3.000000 340.000000 -1.000000 40.000000
2013-11-07T08:00:00Z 288.753000 1036.940000 100.000000 2.660000 301.000000 -1.000000 0.000000
2013-11-07T09:00:00Z 288.753000 1036.940000 100.000000 2.660000 301.000000 -1.000000 0.000000
2013-11-07T10:00:00Z 292.790000 1025.000000 36.000000 2.660000 314.502000 -1.000000 0.000000
2013-11-07T11:00:00Z 294.365000 1036.530000 60.000000 2.660000 314.502000 -1.000000 0.000000
2013-11-08T03:00:00Z 289.410000 1021.000000 81.000000 0.510000 132.000000 -1.000000 0.000000
2013-11-08T04:00:00Z 289.300000 1023.000000 36.000000 3.940000 127.000000 -1.000000 0.000000
2013-11-08T05:00:00Z 283.726000 1034.240000 90.000000 3.940000 119.500000 -1.000000 0.000000
2013-12-01T11:00:00Z 286.900000 1025.000000 53.000000 3.600000 297.000000 -1.000000 0.000000
2013-12-01T12:00:00Z 287.590000 1026.000000 37.000000 4.810000 314.500000 -1.000000 0.000000
2013-12-01T13:00:00Z 287.590000 1026.000000 37.000000 4.810000 314.500000 -1.000000 0.000000
2013-12-01T14:00:00Z 287.590000 1026.000000 38.000000 4.810000 314.500000 -1.000000 0.000000
2013-12-01T15:00:00Z 287.380000 1026.000000 38.000000 4.810000 314.500000 -1.000000 0.000000
2013-12-01T16:00:00Z 286.350000 1024.000000 50.000000 4.110000 314.000000 -1.000000 0.000000
2013-12-01T17:00:00Z 284.870000 1027.000000 39.000000 3.280000 318.000000 -1.000000 0.000000
2013-12-01T18:00:00Z 284.870000 1027.000000 39.000000 3.280000 318.000000 -1.000000 0.000000
2013-12-01T19:00:00Z 284.340000 1027.000000 39.000000 2.680000 318.001000 -1.000000 0.000000
2013-12-01T20:00:00Z 284.020000 1027.000000 40.000000 2.680000 318.001000 -1.000000 0.000000
2013-12-01T21:00:00Z 283.340000 1027.000000 40.000000 2.410000 332.000000 -1.000000 0.000000
2013-12-01T22:00:00Z 282.850000 1027.000000 78.000000 2.060000 0.000000 -1.000000 0.000000
2013-12-01T23:00:00Z 282.240000 1027.000000 40.000000 1.300000 356.500000 -1.000000 0.000000
2013-12-02T00:00:00Z 282.240000 1027.000000 40.000000 1.300000 356.500000 -1.000000 0.000000
2013-12-02T01:00:00Z 281.250000 1027.000000 80.000000 1.030000 0.000000 -1.000000 0.000000
2013-12-02T02:00:00Z 281.000000 1026.000000 41.000000 1.300000 253.500000 -1.000000 0.000000
2013-12-02T03:00:00Z 280.190000 1026.000000 41.000000 1.300000 253.500000 -1.000000 0.000000
2013-12-02T04:00:00Z 279.910000 1026.000000 41.000000 1.600000 245.001000 -1.000000 0.000000
2013-12-02T05:00:00Z 279.910000 1026.000000 41.000000 1.600000 245.001000 -1.000000 0.000000
2013-12-02T06:00:00Z 279.640000 1026.000000 80.000000 1.540000 292.000000 -1.000000 0.000000
2013-12-02T07:00:00Z 279.290000 1026.000000 81.000000 1.030000 248.000000 -1.000000 0.000000
2013-12-02T08:00:00Z 281.600000 1027.000000 81.000000 0.510000 225.000000 -1.000000 0.000000
2013-12-02T09:00:00Z 281.600000 1027.000000 81.000000 0.510000 225.000000 -1.000000 0.000000
2013-12-02T10:00:00Z 284.200000 1027.000000 47.000000 1.030000 202.000000 -1.000000 0.000000
2013-12-02T11:00:00Z 286.860000 1026.000000 37.000000 2.100000 233.000000 -1.000000 0.000000
2013-12-02T12:00:00Z 288.710000 1025.000000 36.000000 2.100000 233.000000 -1.000000 0.000000
2013-12-02T13:00:00Z 288.890000 1024.000000 36.000000 1.540000 315.000000 -1.000000 0.000000
2013-12-02T14:00:00Z 288.890000 1024.000000 36.000000 1.540000 315.000000 -1.000000 0.000000
2013-12-02T15:00:00Z 289.420000 1024.000000 36.000000 2.400000 262.000000 -1.000000 0.000000
2013-12-02T16:00:00Z 288.140000 1022.000000 51.000000 0.510000 225.000000 -1.000000 0.000000
2013-12-02T17:00:00Z 285.830000 1024.000000 51.000000 3.080000 202.000000 -1.000000 0.000000
2013-12-02T18:00:00Z 285.830000 1024.000000 51.000000 3.080000 202.000000 -1.000000 0.000000
2013-12-02T19:00:00Z 284.890000 1024.000000 39.000000 1.810000 172.000000 -1.000000 0.000000
2013-12-02T20:00:00Z 283.570000 1023.000000 40.000000 1.810000 172.000000 -1.000000 0.000000
2013-12-02T21:00:00Z 282.950000 1024.000000 39.000000 1.760000 100.500000 -1.000000 0.000000
2013-12-02T22:00:00Z 283.170000 1022.000000 65.000000 4.100000 142.000000 -1.000000 0.000000
2013-12-02T23:00:00Z 282.560000 1022.000000 82.000000 2.060000 135.000000 -1.000000 0.000000
2013-12-03T00:00:00Z 282.560000 1022.000000 82.000000 2.060000 135.000000 -1.000000 0.000000
2013-12-03T01:00:00Z 282.810000 1023.000000 39.000000 3.710000 139.502000 -1.000000 0.000000
2013-12-03T02:00:00Z 282.410000 1023.000000 40.000000 3.710000 139.502000 -1.000000 0.000000
2013-12-03T03:00:00Z 282.520000 1020.000000 71.000000 0.510000 55.000000 -1.000000 0.000000
2013-12-03T04:00:00Z 282.130000 1022.000000 40.000000 3.710000 143.500000 -1.000000 0.000000
2013-12-03T05:00:00Z 282.130000 1022.000000 40.000000 3.710000 143.500000 -1.000000 0.000000
2013-12-03T06:00:00Z 281.850000 1022.000000 40.000000 3.710000 143.500000 -1.000000 0.000000
2013-12-03T07:00:00Z 281.950000 1023.000000 40.000000 3.830000 150.000000 -1.000000 0.000000
2013-12-03T08:00:00Z 283.170000 1021.000000 78.000000 1.540000 51.000000 -1.000000 0.000000
2013-12-03T09:00:00Z 286.860000 1023.000000 39.000000 4.150000 160.501000 -1.000000 0.000000
2013-12-03T10:00:00Z 286.860000 1023.000000 39.000000 4.150000 160.501000 -1.000000 0.000000
2013-12-03T11:00:00Z 289.860000 1021.000000 61.000000 2.060000 57.000000 -1.000000 0.000000
2013-12-03T12:00:00Z 292.330000 1021.000000 34.000000 4.150000 160.501000 -1.000000 0.000000
2013-12-03T13:00:00Z 292.090000 1018.000000 40.000000 0.510000 176.000000 -1.000000 24.000000
2013-12-03T14:00:00Z 291.660000 1019.000000 37.000000 4.660000 155.502000 -1.000000 24.000000
2013-12-03T15:00:00Z 291.660000 1019.000000 37.000000 4.660000 155.502000 -1.000000 24.000000
2013-12-03T16:00:00Z 290.790000 1020.000000 37.000000 3.850000 141.500000 -1.000000 48.000000
2013-12-03T17:00:00Z 289.220000 1020.000000 38.000000 3.850000 141.500000 -1.000000 48.000000
2013-12-05T17:00:00Z 288.860000 1021.000000 38.000000 1.650000 202.001000 -1.000000 48.000000
2013-12-06T09:00:00Z 283.490000 1024.000000 40.000000 4.000000 278.000000 -1.000000 0.000000
2013-12-06T10:00:00Z 284.560000 1021.000000 80.000000 4.110000 303.000000 -1.000000 0.000000
2013-12-06T11:00:00Z 285.690000 1023.000000 39.000000 3.810000 291.000000 -1.000000 0.000000
2013-12-06T12:00:00Z 286.790000 1022.000000 59.000000 1.540000 45.000000 -1.000000 0.000000
2013-12-06T13:00:00Z 285.720000 1021.000000 51.000000 1.540000 135.000000 -1.000000 0.000000
2013-12-06T14:00:00Z 285.390000 1021.000000 51.000000 4.110000 315.000000 -1.000000 0.000000
2013-12-06T15:00:00Z 285.300000 1021.000000 61.000000 1.540000 45.000000 -1.000000 0.000000
2013-12-06T16:00:00Z 285.300000 1021.000000 61.000000 1.540000 45.000000 -1.000000 0.000000
2013-12-06T17:00:00Z 285.130000 1022.000000 61.000000 2.060000 22.000000 -1.000000 0.000000
2013-12-06T18:00:00Z 285.010000 1021.000000 81.000000 0.510000 186.000000 -1.000000 0.000000
2013-12-06T19:00:00Z 284.470000 1024.000000 85.000000 2.200000 301.000000 -1.000000 0.000000
2013-12-06T20:00:00Z 284.410000 1024.000000 92.000000 1.540000 315.000000 -1.000000 8.000000
2013-12-06T21:00:00Z 284.410000 1024.000000 92.000000 1.540000 315.000000 -1.000000 8.000000
2013-12-06T22:00:00Z 282.640000 1024.000000 90.000000 1.540000 270.000000 -1.000000 0.000000
2013-12-06T23:00:00Z 282.340000 1022.000000 88.000000 2.310000 43.000100 -1.000000 0.000000
2013-12-07T00:00:00Z 281.740000 1024.000000 90.000000 0.510000 315.000000 -1.000000 0.000000
2013-12-07T01:00:00Z 281.750000 1024.000000 87.000000 2.060000 292.000000 -1.000000 0.000000
2013-12-07T02:00:00Z 281.440000 1024.000000 87.000000 1.030000 292.000000 -1.000000 0.000000
2013-12-07T03:00:00Z 281.170000 1024.000000 87.000000 1.410000 30.500000 -1.000000 0.000000
2013-12-07T04:00:00Z 281.190000 1024.000000 84.000000 1.800000 23.000200 -1.000000 0.000000
2013-12-07T05:00:00Z 280.700000 1022.000000 84.000000 1.800000 23.000200 -1.000000 0.000000
2013-12-07T06:00:00Z 279.820000 1024.000000 84.000000 1.800000 23.000200 -1.000000 0.000000
2013-12-07T07:00:00Z 279.440000 1024.000000 82.000000 1.540000 270.000000 -1.000000 0.000000
2013-12-07T08:00:00Z 282.150000 1025.000000 82.000000 1.030000 315.000000 -1.000000 0.000000
2013-12-07T09:00:00Z 282.430000 1026.000000 65.000000 2.060000 81.500200 -1.000000 0.000000
2013-12-07T10:00:00Z 282.430000 1026.000000 65.000000 2.060000 81.500200 -1.000000 0.000000
2013-12-07T11:00:00Z 285.480000 1025.000000 65.000000 2.060000 81.500200 -1.000000 0.000000
2013-12-07T12:00:00Z 287.490000 1022.000000 68.000000 0.510000 263.000000 -1.000000 0.000000
2013-12-07T13:00:00Z 287.750000 1022.000000 53.000000 3.080000 135.000000 -1.000000 0.000000
2013-12-07T14:00:00Z 287.750000 1022.000000 53.000000 3.080000 135.000000 -1.000000 0.000000
2013-12-09T08:00:00Z 283.150000 1019.000000 98.000000 4.630000 22.000000 -1.000000 8.000000
2013-12-09T09:00:00Z 283.540000 1020.000000 98.000000 3.080000 0.000000 -1.000000 8.000000
2013-12-09T10:00:00Z 283.260000 1020.000000 67.000000 2.060000 248.000000 -1.000000 0.000000
2013-12-09T11:00:00Z 283.940000 1020.000000 67.000000 4.110000 315.000000 -1.000000 0.000000
2013-12-09T12:00:00Z 283.940000 1020.000000 67.000000 4.110000 315.000000 -1.000000 0.000000
2013-12-09T13:00:00Z 284.200000 1019.000000 70.000000 5.650000 0.000000 -1.000000 92.000000
2013-12-09T14:00:00Z 284.130000 1019.000000 70.000000 3.600000 248.000000 -1.000000 92.000000
2013-12-09T15:00:00Z 283.830000 1019.000000 70.000000 5.140000 315.000000 -1.000000 92.000000
2013-12-09T16:00:00Z 283.420000 1022.000000 40.000000 8.750000 319.500000 -1.000000 0.000000
2013-12-09T17:00:00Z 283.420000 1022.000000 40.000000 8.750000 319.500000 -1.000000 0.000000
2013-12-09T18:00:00Z 283.320000 1022.000000 73.000000 2.570000 315.000000 -1.000000 0.000000
2013-12-09T19:00:00Z 282.690000 1022.000000 66.000000 2.060000 0.000000 -1.000000 0.000000
2013-12-09T20:00:00Z 282.670000 1022.000000 66.000000 4.630000 338.000000 -1.000000 0.000000
2013-12-09T21:00:00Z 282.670000 1022.000000 66.000000 4.630000 338.000000 -1.000000 0.000000
2013-12-26T09:00:00Z 278.150000 1029.000000 85.000000 3.600000 292.000000 -1.000000 0.000000
2013-12-26T10:00:00Z 278.710000 1029.000000 55.000000 2.060000 45.000000 -1.000000 8.000000
2013-12-26T11:00:00Z 278.710000 1029.000000 55.000000 2.060000 45.000000 -1.000000 8.000000
2013-12-26T12:00:00Z 279.570000 1028.000000 55.000000 2.060000 0.000000 -1.000000 8.000000
2013-12-26T13:00:00Z 280.060000 1028.000000 51.000000 3.080000 315.000000 -1.000000 32.000000
2013-12-26T14:00:00Z 279.960000 1026.000000 51.000000 3.600000 315.000000 -1.000000 32.000000
2013-12-26T15:00:00Z 279.200000 1028.000000 58.000000 1.540000 45.000000 -1.000000 88.000000
2013-12-26T16:00:00Z 279.200000 1028.000000 58.000000 1.540000 45.000000 -1.000000 88.000000
2013-12-26T17:00:00Z 279.080000 1028.000000 66.000000 3.600000 90.000000 -1.000000 92.000000
2013-12-29T13:00:00Z 278.310000 1027.000000 27.000000 5.000000 280.000000 -1.000000 0.000000
2013-12-29T14:00:00Z 278.930000 1024.000000 28.000000 2.570000 354.000000 -1.000000 0.000000
2013-12-29T15:00:00Z 279.010000 1028.000000 26.000000 1.540000 285.000000 -1.000000 0.000000
2013-12-29T16:00:00Z 278.940000 1028.000000 30.000000 1.540000 281.000000 -1.000000 0.000000
2013-12-29T17:00:00Z 278.940000 1028.000000 30.000000 1.540000 281.000000 -1.000000 0.000000
2013-12-29T18:00:00Z 277.750000 1028.000000 32.000000 3.500000 292.000000 -1.000000 0.000000
2013-12-29T19:00:00Z 276.990000 1026.000000 27.000000 2.000000 290.000000 -1.000000 0.000000
2013-12-29T20:00:00Z 275.180000 1024.000000 42.000000 0.510000 275.000000 -1.000000 20.000000
2013-12-29T21:00:00Z 275.240000 1024.000000 43.000000 3.410000 277.000000 -1.000000 20.000000
2013-12-29T22:00:00Z 274.960000 1024.000000 49.000000 2.110000 244.500000 -1.000000 0.000000
2013-12-29T23:00:00Z 273.690000 1024.000000 50.000000 2.450000 248.000000 -1.000000 0.000000
2013-12-30T00:00:00Z 273.080000 1024.000000 53.000000 2.010000 220.001000 -1.000000 0.000000
2013-12-30T01:00:00Z 273.080000 1024.000000 53.000000 2.010000 220.001000 -1.000000 0.000000
2013-12-30T02:00:00Z 272.450000 1023.000000 55.000000 2.010000 220.001000 -1.000000 0.000000
2013-12-30T03:00:00Z 272.510000 1023.000000 53.000000 2.010000 220.001000 -1.000000 0.000000
2013-12-30T04:00:00Z 271.600000 1026.000000 47.000000 3.860000 217.003000 -1.000000 0.000000
2013-12-30T05:00:00Z 271.600000 1026.000000 47.000000 3.860000 217.003000 -1.000000 0.000000
2013-12-30T06:00:00Z 271.550000 1024.000000 79.000000 3.660000 218.500000 -1.000000 0.000000
2013-12-30T07:00:00Z 270.150000 1024.000000 73.000000 1.000000 0.000000 -1.000000 0.000000
2013-12-30T08:00:00Z 272.740000 1023.000000 62.000000 1.540000 235.000000 -1.000000 0.000000
2013-12-30T09:00:00Z 277.100000 1023.000000 38.000000 2.570000 261.000000 -1.000000 0.000000
2014-01-18T08:00:00Z 275.662000 1046.330000 96.000000 4.300000 342.501000 -1.000000 0.000000
2014-01-18T09:00:00Z 275.662000 1046.330000 96.000000 4.300000 342.501000 -1.000000 0.000000
2014-01-18T10:00:00Z 281.506000 1047.520000 61.000000 5.110000 351.500000 -1.000000 0.000000
2014-01-18T11:00:00Z 281.379000 1047.480000 63.000000 4.570000 351.502000 -1.000000 0.000000
2014-01-18T12:00:00Z 282.784000 1046.230000 46.000000 5.760000 347.500000 -1.000000 0.000000
2014-01-20T02:00:00Z 277.720000 1028.000000 84.000000 5.650000 292.000000 -1.000000 36.000000
2014-01-20T03:00:00Z 277.580000 1023.000000 62.000000 2.570000 333.000000 -1.000000 0.000000
2014-01-20T04:00:00Z 277.580000 1023.000000 62.000000 2.570000 333.000000 -1.000000 0.000000
2014-01-20T05:00:00Z 277.490000 1024.000000 60.000000 2.570000 285.000000 -1.000000 0.000000
2014-01-20T06:00:00Z 277.060000 1028.000000 92.000000 3.600000 292.000000 -1.000000 0.000000
2014-01-20T07:00:00Z 277.750000 1028.000000 86.000000 4.110000 292.000000 -1.000000 12.000000
2014-01-30T02:00:00Z 283.490000 1018.000000 92.000000 0.510000 270.000000 0.000000 92.000000
2014-01-30T03:00:00Z 282.350000 1016.000000 89.000000 1.510000 252.000000 0.000000 92.000000
2014-01-30T04:00:00Z 281.300000 1018.000000 93.000000 3.000000 340.000000 0.250000 92.000000
2014-01-30T05:00:00Z 280.910000 1019.000000 95.000000 1.400000 280.500000 0.250000 92.000000
2014-01-30T06:00:00Z 280.910000 1019.000000 95.000000 1.400000 280.500000 0.250000 92.000000
2014-01-30T07:00:00Z 280.770000 1019.000000 95.000000 0.510000 135.000000 0.000000 0.000000
2014-01-30T08:00:00Z 281.350000 1020.000000 95.000000 2.060000 225.000000 0.000000 0.000000
2014-01-30T09:00:00Z 281.440000 1021.000000 95.000000 1.030000 0.000000 0.000000 0.000000
2014-01-30T10:00:00Z 283.440000 1023.000000 86.000000 0.510000 292.000000 0.000000 0.000000
2014-01-30T11:00:00Z 283.440000 1023.000000 86.000000 0.510000 292.000000 0.000000 0.000000
2014-01-30T12:00:00Z 285.110000 1021.000000 69.000000 0.510000 270.000000 0.000000 0.000000
2014-01-30T13:00:00Z 289.980000 1019.000000 55.000000 1.030000 292.000000 0.000000 0.000000
2014-01-30T14:00:00Z 289.980000 1019.000000 55.000000 1.030000 292.000000 0.000000 0.000000
2014-01-30T15:00:00Z 290.700000 1018.000000 55.000000 1.540000 202.000000 0.000000 0.000000
2014-01-30T16:00:00Z 289.410000 1019.000000 51.000000 1.030000 292.000000 0.000000 0.000000
2014-01-30T17:00:00Z 286.380000 1020.000000 50.000000 1.030000 45.000000 -1.000000 0.000000
2014-01-30T18:00:00Z 286.380000 1020.000000 50.000000 1.030000 45.000000 -1.000000 0.000000
2014-01-30T19:00:00Z 284.020000 1021.000000 83.000000 2.570000 90.000000 0.000000 0.000000
2014-01-30T20:00:00Z 282.060000 1021.000000 83.000000 2.570000 90.000000 0.000000 0.000000
2014-01-30T21:00:00Z 282.060000 1021.000000 83.000000 2.570000 90.000000 0.000000 0.000000
2014-02-02T00:00:00Z 289.510000 1014.000000 85.000000 1.030000 248.000000 -1.000000 0.000000
2014-02-02T01:00:00Z 288.380000 1014.000000 87.000000 1.210000 289.505000 -1.000000 0.000000
2014-02-02T02:00:00Z 286.770000 1016.000000 83.000000 1.250000 284.500000 -1.000000 0.000000
2014-02-02T03:00:00Z 285.560000 1016.000000 86.000000 1.250000 284.500000 -1.000000 0.000000
2014-03-10T01:00:00Z 278.620000 1028.000000 75.000000 1.000000 170.000000 -1.000000 0.000000
2014-03-10T02:00:00Z 277.610000 1028.000000 80.000000 1.000000 0.000000 -1.000000 0.000000
2014-03-10T03:00:00Z 278.080000 1028.000000 81.000000 1.000000 0.000000 -1.000000 0.000000
2014-03-10T04:00:00Z 278.080000 1028.000000 81.000000 1.000000 0.000000 -1.000000 0.000000
2014-03-10T05:00:00Z 277.690000 1028.000000 80.000000 2.370000 81.517900 -1.000000 0.000000
2014-03-10T06:00:00Z 277.690000 1028.000000 80.000000 2.370000 81.517900 -1.000000 0.000000
2014-03-10T07:00:00Z 277.690000 1028.000000 80.000000 2.370000 81.517900 -1.000000 0.000000
2014-03-10T08:00:00Z 282.610000 1029.000000 71.000000 3.770000 126.500000 -1.000000 0.000000
2014-03-10T09:00:00Z 282.610000 1029.000000 71.000000 3.770000 126.500000 -1.000000 0.000000
2014-03-18T09:00:00Z 293.150000 1015.000000 63.000000 1.310000 246.002000 -1.000000 12.000000
2014-03-18T10:00:00Z 297.180000 1019.000000 50.000000 2.400000 272.007000 -1.000000 12.000000
2014-03-18T11:00:00Z 297.180000 1019.000000 50.000000 2.400000 272.007000 -1.000000 12.000000
2014-03-18T12:00:00Z 297.410000 1018.000000 50.000000 2.400000 272.007000 -1.000000 12.000000
2014-03-18T13:00:00Z 297.690000 1017.000000 44.000000 2.060000 340.003000 -1.000000 24.000000
2014-04-17T11:00:00Z 290.160000 1010.000000 76.000000 2.060000 90.000000 -1.000000 92.000000
2014-04-17T12:00:00Z 292.630000 1010.000000 76.000000 2.060000 90.000000 -1.000000 92.000000
2014-04-17T13:00:00Z 293.670000 1010.000000 100.000000 4.110000 270.000000 -1.000000 92.000000
2014-04-17T14:00:00Z 293.670000 1010.000000 100.000000 4.110000 270.000000 -1.000000 92.000000
2014-05-26T18:00:00Z 301.460000 1005.000000 33.000000 1.540000 125.000000 0.000000 0.000000
2014-05-26T19:00:00Z 299.600000 1008.000000 36.000000 2.620000 306.514000 0.000000 0.000000
2014-05-26T20:00:00Z 298.860000 1009.000000 44.000000 0.510000 121.000000 0.000000 36.000000
2014-05-26T21:00:00Z 297.620000 1009.000000 47.000000 2.950000 259.500000 0.000000 36.000000
2014-05-26T22:00:00Z 296.280000 1009.000000 53.000000 2.410000 230.003000 0.000000 92.000000
2014-05-29T17:00:00Z 303.610000 1005.000000 43.000000 4.000000 150.000000 -1.000000 0.000000
2014-11-06T05:00:00Z 289.150000 1020.000000 77.000000 4.000000 320.000000 -1.000000 12.000000
2014-11-06T06:00:00Z 289.150000 1021.000000 77.000000 4.000000 320.000000 -1.000000 0.000000
2014-11-06T07:00:00Z 289.150000 1022.000000 72.000000 5.000000 320.000000 -1.000000 12.000000
2014-11-06T08:00:00Z 289.680000 1023.000000 72.000000 5.000000 320.000000 -1.000000 12.000000
2014-11-06T09:00:00Z 289.680000 1023.000000 72.000000 5.000000 320.000000 -1.000000 12.000000
2014-11-06T10:00:00Z 292.620000 1023.000000 52.000000 5.000000 360.000000 -1.000000 20.000000
2014-11-06T11:00:00Z 292.620000 1023.000000 52.000000 5.000000 360.000000 -1.000000 20.000000
2014-11-12T00:00:00Z 287.620000 1020.000000 72.000000 4.000000 290.000000 -1.000000 32.000000
2014-11-12T01:00:00Z 287.630000 1020.000000 77.000000 4.000000 290.000000 -1.000000 0.000000
2014-12-28T23:00:00Z 277.891000 1034.900000 89.000000 5.620000 262.002000 -1.000000 32.000000
