2013-06-05T04:00:00 73 39 18 5 2 4 20 2 12 1 12
2013-06-05T03:00:00 89 52 23 7 3 6 33 4 13 2 22
2013-06-05T02:00:00 107 57 32 8 4 7 44 4 14 2 29
2013-06-05T01:00:00 129 55 36 13 5 11 48 5 14 1 34
2013-06-05T00:00:00 131 53 31 15 4 13 47 4 14 1 39
2013-06-04T23:00:00 125 52 28 13 4 14 51 4 14 1 42
2013-06-04T22:00:00 128 46 27 14 5 14 51 4 10 2 47
2013-06-04T21:00:00 144 43 28 15 4 13 49 2 10 1 45
2013-06-04T20:00:00 133 41 23 18 4 12 46 2 9 2 45
2013-06-04T19:00:00 128 47 28 15 3 10 53 1 12 3 43
2013-06-04T18:00:00 161 50 46 16 3 12 62 8 17 3 44
2013-06-04T17:00:00 248 51 67 17 4 12 83 10 21 3 43
2013-06-09T13:00:00 151 28 32 13 4 14 98 4 23 1 41
2013-06-09T12:00:00 137 27 28 11 3 12 87 3 19 1 35
2013-06-09T11:00:00 104 22 22 7 1 10 65 3 14 1 25
2013-06-09T10:00:00 89 15 15 5 1 7 45 2 12 1 16
2013-06-09T09:00:00 60 11 11 4 1 7 38 2 7 1 15
2013-06-09T08:00:00 43 12 7 1 1 3 20 1 3 0 15
2013-06-09T07:00:00 39 10 7 2 2 3 11 0 5 0 12
2013-06-09T06:00:00 36 16 13 2 2 7 7 0 8 0 15
2013-06-09T05:00:00 54 23 22 4 2 11 13 2 11 0 20
2013-06-09T04:00:00 69 34 32 6 3 17 23 2 14 2 26
2013-06-09T03:00:00 87 42 34 7 3 22 34 2 17 4 29
2013-06-09T02:00:00 99 52 41 11 2 22 42 2 20 6 37
2013-06-17T10:00:00 71 18 12 4 2 6 33 3 12 1 17
2013-06-17T09:00:00 50 16 8 2 1 6 24 2 6 1 14
2013-06-17T08:00:00 43 11 3 2 0 3 13 1 2 0 8
2013-06-17T07:00:00 34 14 5 2 0 1 8 2 2 0 7
2013-06-17T06:00:00 43 16 12 2 0 3 4 3 4 0 8
2013-06-17T05:00:00 67 25 18 2 1 5 7 5 6 0 13
2013-06-17T04:00:00 94 35 26 7 2 9 9 6 8 0 23
2013-06-17T03:00:00 107 44 34 8 4 16 12 6 12 0 31
2013-06-17T02:00:00 130 54 37 9 4 20 20 7 13 1 35
2013-06-17T01:00:00 149 60 38 12 4 23 28 6 15 1 39
2013-06-17T00:00:00 163 59 34 15 4 23 36 7 16 1 42
2013-06-16T23:00:00 165 60 30 15 5 27 41 6 14 1 43
2013-06-27T13:00:00 143 31 28 8 0 8 86 6 22 3 38
2013-06-27T12:00:00 129 27 23 5 0 6 72 7 22 3 31
2013-06-27T11:00:00 101 25 21 5 0 6 58 5 18 2 23
2013-06-27T10:00:00 78 22 19 2 0 6 39 4 16 1 17
2013-06-27T09:00:00 48 15 14 0 0 3 22 3 12 1 9
2013-06-27T08:00:00 40 12 12 0 0 2 12 2 7 1 8
2013-06-27T07:00:00 33 6 13 1 0 1 7 3 5 0 6
2013-06-27T06:00:00 38 7 20 4 0 2 7 2 2 0 10
2013-06-27T05:00:00 53 15 23 5 0 5 14 4 4 0 24
2013-06-27T04:00:00 65 21 29 7 0 13 21 4 5 0 29
2013-06-27T03:00:00 80 31 35 8 0 17 27 5 12 1 37
2013-06-27T02:00:00 96 38 37 11 0 19 31 5 13 1 43
2013-07-20T09:00:00 99 25 16 12 3 9 44 0 11 1 28
2013-07-20T08:00:00 55 23 15 7 3 6 22 0 9 1 12
2013-07-20T07:00:00 39 19 8 1 2 3 12 1 5 0 8
2013-07-20T06:00:00 60 27 6 3 2 2 16 2 6 2 9
2013-07-20T05:00:00 94 46 11 7 3 10 32 2 11 2 22
2013-07-20T04:00:00 134 56 17 14 3 14 42 4 18 2 34
2013-07-20T03:00:00 163 56 22 17 6 19 60 4 23 2 42
2013-07-20T02:00:00 183 57 23 22 5 20 80 5 26 2 52
2013-07-20T01:00:00 207 59 27 29 5 27 90 7 34 2 60
2013-07-20T00:00:00 215 56 29 38 6 31 97 7 36 0 64
2013-07-19T23:00:00 221 46 26 36 5 25 92 7 35 1 63
2013-07-19T22:00:00 211 42 22 32 4 22 99 6 31 1 61
2013-08-17T09:00:00 111 12 11 10 3 4 37 0 7 0 20
2013-08-17T08:00:00 76 7 6 7 3 2 26 0 6 0 13
2013-08-17T07:00:00 49 7 3 2 0 2 13 0 3 2 11
2013-08-17T06:00:00 61 9 2 5 0 5 12 0 8 2 14
2013-08-17T05:00:00 89 20 8 9 1 7 20 0 15 2 22
2013-08-17T04:00:00 124 32 11 9 2 8 31 0 20 4 36
2013-08-17T03:00:00 163 43 14 10 2 9 35 1 28 4 42
2013-08-17T02:00:00 202 46 16 12 2 9 39 1 37 4 45
2013-08-17T01:00:00 237 50 20 15 4 9 50 2 43 2 53
2013-08-17T00:00:00 253 51 19 16 4 8 55 2 42 2 58
2013-08-16T23:00:00 257 41 16 16 4 6 58 2 43 2 54
2013-08-16T22:00:00 259 36 19 16 6 5 67 3 46 0 55
2013-09-13T09:00:00 98 10 7 2 2 1 11 0 7 0 19
2013-09-13T08:00:00 70 8 1 3 3 0 8 0 5 0 12
2013-09-13T07:00:00 52 8 2 2 2 0 4 0 5 0 7
2013-09-13T06:00:00 52 9 6 1 2 0 5 0 5 0 7
2013-09-13T05:00:00 71 15 14 1 3 0 10 1 10 0 14
2013-09-13T04:00:00 98 25 27 1 4 1 11 2 14 0 22
2013-09-13T03:00:00 119 33 33 3 7 4 14 2 18 1 25
2013-09-13T02:00:00 155 36 37 5 12 6 17 2 19 1 30
2013-09-13T01:00:00 181 39 39 5 22 9 23 2 19 2 35
2013-09-13T00:00:00 186 35 38 7 22 9 23 4 23 2 39
2013-09-12T23:00:00 183 34 39 7 21 9 24 4 20 3 38
2013-09-12T22:00:00 166 25 31 9 21 10 31 3 20 3 36
2013-10-07T17:00:00 269 41 32 17 4 10 108 0 21 3 84
2013-10-07T16:00:00 286 46 28 22 5 8 109 0 27 5 68
2013-10-07T15:00:00 261 44 26 20 7 7 105 0 27 5 63
2013-10-07T14:00:00 242 44 28 17 6 4 89 1 25 4 60
2013-10-07T13:00:00 209 43 23 16 5 4 73 1 22 3 54
2013-10-07T12:00:00 179 34 21 10 5 2 55 1 23 3 41
2013-10-07T11:00:00 134 26 10 8 5 2 35 1 18 2 33
2013-10-07T10:00:00 84 18 9 3 3 2 21 1 11 0 29
2013-10-07T09:00:00 60 13 7 3 1 1 11 2 7 0 21
2013-10-07T08:00:00 38 9 3 2 1 1 11 1 5 0 14
2013-10-07T07:00:00 32 7 2 1 2 0 7 1 6 0 9
2013-10-07T06:00:00 41 11 4 1 3 0 8 1 5 0 13
2013-10-10T17:00:00 132 21 36 9 6 8 53 1 16 3 27
2013-10-10T16:00:00 133 21 35 6 6 7 47 2 18 2 24
2013-10-10T15:00:00 137 26 36 5 5 4 44 2 16 2 27
2013-10-10T14:00:00 124 25 39 4 3 3 38 1 21 2 27
2013-10-10T13:00:00 119 24 35 5 1 2 31 1 19 0 27
2013-10-10T12:00:00 99 18 29 5 1 3 23 1 17 0 20
2013-10-10T11:00:00 81 16 22 4 0 2 15 1 15 0 18
2013-10-10T10:00:00 58 13 17 4 0 2 9 0 12 0 14
2013-10-10T09:00:00 37 6 11 4 0 1 5 1 10 0 10
2013-10-10T08:00:00 25 2 6 3 0 1 4 1 4 0 8
2013-10-10T07:00:00 19 2 6 0 0 1 5 1 4 0 4
2013-10-10T06:00:00 29 1 5 2 2 1 4 1 3 0 7
2013-10-19T18:00:00 378 30 32 34 3 19 260 1 66 2 69
2013-10-19T17:00:00 392 28 33 27 5 20 271 2 64 3 64
2013-10-19T16:00:00 399 25 32 26 4 18 252 1 67 3 64
2013-10-19T15:00:00 379 23 31 22 6 19 222 2 67 4 57
2013-10-19T14:00:00 344 27 34 23 5 12 185 2 56 4 52
2013-10-19T13:00:00 293 26 34 14 5 9 157 2 44 4 51
2013-10-19T12:00:00 240 22 29 12 5 7 109 2 33 3 35
2013-10-19T11:00:00 174 14 23 9 2 5 71 1 26 2 27
2013-10-19T10:00:00 121 15 17 8 2 4 42 1 14 2 19
2013-10-19T09:00:00 76 13 11 8 0 1 23 0 7 1 15
2013-10-29T17:00:00 143 25 23 7 1 4 50 2 19 2 29
2013-10-29T16:00:00 148 24 24 6 1 6 48 3 19 1 28
2013-10-29T15:00:00 157 21 21 5 1 6 41 2 20 3 29
2013-10-29T14:00:00 155 20 21 5 1 7 34 2 18 3 26
2013-10-29T13:00:00 144 17 16 5 0 7 26 2 19 3 23
2013-10-29T12:00:00 121 16 15 3 0 6 16 2 14 3 22
2013-10-29T11:00:00 92 9 10 1 0 5 10 1 12 2 19
2013-10-29T10:00:00 73 8 7 1 0 3 5 0 10 2 13
2013-10-29T09:00:00 49 7 4 2 0 2 4 0 5 0 11
2013-10-29T08:00:00 28 6 1 2 0 1 2 0 5 0 6
2013-10-29T07:00:00 15 8 2 2 0 0 1 0 1 0 4
2013-10-29T06:00:00 20 8 4 3 0 1 3 0 1 1 3
2013-11-09T19:00:00 224 42 16 23 7 13 99 0 40 1 55
2013-11-09T18:00:00 233 42 19 23 8 14 118 1 45 1 59
2013-11-09T17:00:00 242 42 15 24 8 14 136 2 43 1 65
2013-11-09T16:00:00 228 48 21 24 9 12 144 2 40 2 66
2013-11-09T15:00:00 224 46 24 20 8 10 130 2 39 2 64
2013-11-09T14:00:00 214 47 27 19 8 8 123 2 32 2 68
2013-11-09T13:00:00 198 40 26 12 7 7 99 3 25 2 59
2013-11-09T12:00:00 163 34 20 8 5 5 73 2 19 2 44
2013-11-09T11:00:00 117 23 19 4 3 3 47 1 14 1 32
2013-11-09T10:00:00 93 13 13 2 2 2 20 1 10 0 22
2013-11-09T09:00:00 63 13 8 1 1 1 14 1 7 0 14
2013-11-09T08:00:00 35 11 4 1 0 1 9 1 6 0 6
2013-11-14T16:00:00 107 29 28 5 2 4 32 3 22 0 30
2013-11-14T15:00:00 103 27 27 5 3 1 32 3 22 1 40
2013-11-14T14:00:00 101 20 25 3 3 1 28 3 20 1 34
2013-11-14T13:00:00 93 15 20 3 2 2 27 2 16 1 34
2013-11-14T12:00:00 83 17 16 2 2 1 23 4 16 1 34
2013-11-14T11:00:00 65 13 11 2 1 1 15 2 13 1 26
2013-11-14T10:00:00 47 14 7 2 1 1 14 2 12 1 23
2013-11-14T09:00:00 32 10 6 2 0 1 10 2 7 0 10
2013-11-14T08:00:00 21 10 5 1 0 1 6 2 5 0 7
2013-11-24T17:00:00 169 30 17 17 8 7 63 0 20 3 36
2013-11-24T16:00:00 173 30 18 15 7 8 62 0 18 2 28
2013-11-24T15:00:00 165 35 17 14 8 7 61 0 22 1 31
2013-11-24T14:00:00 167 38 18 12 7 8 54 0 23 2 26
2013-11-24T13:00:00 153 40 18 8 7 6 43 0 22 2 30
2013-11-24T12:00:00 117 36 16 5 4 5 34 0 21 2 26
2013-11-24T11:00:00 88 27 12 2 3 3 22 0 16 1 23
2013-11-24T10:00:00 62 22 8 1 2 2 15 0 13 1 23
2013-11-24T09:00:00 42 16 7 1 0 2 7 0 7 1 14
2013-11-24T08:00:00 23 12 5 1 0 1 3 0 5 1 11
2013-11-24T07:00:00 26 11 4 1 0 0 3 0 5 1 8
2013-11-24T06:00:00 34 16 8 3 0 5 1 0 4 1 12
2013-12-09T06:00:00 35 13 10 0 1 0 3 0 3 0 8
2013-12-09T05:00:00 55 21 18 1 1 0 5 0 9 0 13
2013-12-09T04:00:00 76 28 27 2 1 0 8 0 10 1 20
2013-12-09T03:00:00 96 33 26 3 1 1 13 0 14 2 25
2013-12-09T02:00:00 109 35 30 5 1 1 12 2 18 2 25
2013-12-09T01:00:00 125 33 29 8 1 3 13 3 23 2 28
2013-12-09T00:00:00 137 34 27 11 0 5 15 3 24 2 30
2013-12-08T23:00:00 151 31 25 11 2 7 18 3 23 2 34
2013-12-08T22:00:00 154 34 17 13 3 11 30 3 26 2 32
2013-12-08T21:00:00 160 35 19 13 3 11 35 3 32 1 35
2013-12-08T20:00:00 170 35 20 14 3 11 45 1 31 1 41
2013-12-08T19:00:00 190 34 19 15 4 10 57 0 30 2 39
2013-12-26T04:00:00 69 19 32 7 3 5 7 1 20 0 20
2013-12-26T03:00:00 90 27 35 9 3 6 11 1 23 1 24
2013-12-26T02:00:00 106 30 38 12 3 7 16 1 25 1 28
2013-12-26T01:00:00 121 35 37 14 3 10 17 1 24 2 30
2013-12-26T00:00:00 141 38 35 16 4 11 16 1 21 2 31
2013-12-25T23:00:00 129 33 26 12 2 12 17 2 18 2 26
2013-12-25T22:00:00 123 31 17 11 1 11 20 1 17 2 25
2013-12-25T21:00:00 118 25 15 11 1 11 21 1 14 1 23
2013-12-25T20:00:00 111 23 17 9 1 9 17 2 13 1 20
2013-12-25T19:00:00 107 19 16 7 3 5 21 2 14 0 19
2013-12-25T18:00:00 91 17 12 8 2 4 25 2 15 0 23
2013-12-25T17:00:00 93 18 14 8 3 3 24 2 13 0 24
2014-01-03T01:00:00 105 27 30 14 3 9 17 1 17 1 31
2014-01-03T00:00:00 110 28 31 14 4 11 17 1 20 1 28
2014-01-02T23:00:00 114 23 27 15 3 9 16 0 22 1 23
2014-01-02T22:00:00 108 16 26 14 4 9 19 0 21 1 20
2014-01-02T21:00:00 113 16 23 10 4 7 21 1 18 2 17
2014-01-02T20:00:00 111 14 20 8 2 5 21 1 19 2 20
2014-01-02T19:00:00 123 16 21 5 2 4 22 2 20 2 21
2014-01-02T18:00:00 125 14 26 4 1 3 26 3 19 2 25
2014-01-02T17:00:00 126 16 25 5 3 2 27 3 18 2 26
2014-01-02T16:00:00 128 18 24 4 2 3 26 3 16 2 27
2014-01-02T15:00:00 133 19 26 5 2 2 23 2 17 1 27
2014-01-02T14:00:00 131 18 25 7 2 2 22 2 16 0 25
2014-01-05T05:00:00 75 15 10 4 2 3 18 0 11 2 12
2014-01-05T04:00:00 95 28 15 4 2 4 24 0 14 3 19
2014-01-05T03:00:00 113 37 18 6 3 4 30 0 15 3 21
2014-01-05T02:00:00 123 43 23 7 3 6 37 0 19 3 24
2014-01-05T01:00:00 139 48 23 9 3 4 40 0 21 3 30
2014-01-05T00:00:00 144 43 22 9 3 6 39 0 23 2 33
2014-01-04T23:00:00 135 46 21 12 3 8 44 0 22 2 33
2014-01-04T22:00:00 129 40 18 15 4 8 50 0 26 2 32
2014-01-04T21:00:00 128 37 21 15 4 8 66 0 27 2 32
2014-01-04T20:00:00 144 36 17 16 6 8 77 0 28 3 41
2014-01-04T19:00:00 146 30 17 18 8 9 86 1 26 3 45
2014-01-04T18:00:00 156 34 19 18 7 6 98 1 23 3 43
2014-01-19T21:00:00 165 35 7 9 4 13 43 0 24 5 48
2014-01-19T20:00:00 174 34 11 10 4 12 53 0 28 2 40
2014-01-19T19:00:00 183 29 12 10 4 8 58 0 30 2 41
2014-01-19T18:00:00 183 32 13 9 5 11 66 0 30 2 43
2014-01-19T17:00:00 186 33 12 10 5 17 71 0 32 1 38
2014-01-19T16:00:00 195 30 12 11 5 18 69 0 26 1 38
2014-01-19T15:00:00 186 32 13 11 4 17 61 1 28 0 38
2014-01-19T14:00:00 165 30 11 9 6 19 49 1 24 1 36
2014-01-19T13:00:00 145 28 11 7 5 19 45 1 22 2 29
2014-01-19T12:00:00 124 19 9 5 3 16 32 1 16 2 21
2014-01-19T11:00:00 110 13 9 3 3 9 20 1 12 2 16
2014-01-19T10:00:00 77 10 8 1 2 6 11 1 10 2 10
2014-01-24T13:00:00 98 22 4 6 1 3 22 0 19 1 28
2014-01-24T12:00:00 88 21 4 6 1 3 20 0 13 1 22
2014-01-24T11:00:00 78 19 4 4 1 2 16 0 8 1 18
2014-01-24T10:00:00 59 13 4 2 1 0 10 0 6 1 15
2014-01-24T09:00:00 46 12 3 3 1 1 7 0 3 0 7
2014-01-24T08:00:00 27 11 0 3 0 2 6 0 2 0 3
2014-01-24T07:00:00 23 9 0 1 0 2 5 0 3 1 6
2014-01-24T06:00:00 38 11 1 1 0 3 4 0 4 1 9
2014-01-24T05:00:00 49 14 3 1 0 3 5 0 7 2 12
2014-01-24T04:00:00 74 25 3 4 1 7 6 0 9 4 14
2014-01-24T03:00:00 94 28 3 3 1 8 7 0 14 4 17
2014-01-24T02:00:00 111 35 5 3 2 8 10 0 16 4 25
2014-01-30T02:00:00 117 34 6 2 5 8 12 3 18 4 26
2014-01-30T01:00:00 127 34 7 2 6 8 16 3 17 4 31
2014-01-30T00:00:00 139 34 7 2 6 9 14 3 20 3 32
2014-01-29T23:00:00 135 30 7 2 7 8 14 3 15 2 28
2014-01-29T22:00:00 125 25 4 2 9 6 19 3 18 2 26
2014-01-29T21:00:00 121 24 4 4 7 5 17 1 17 1 24
2014-01-29T20:00:00 124 22 4 4 6 6 20 0 19 1 24
2014-01-29T19:00:00 126 26 3 6 4 5 22 0 14 1 21
2014-01-29T18:00:00 129 30 3 9 3 4 25 0 13 1 25
2014-01-29T17:00:00 126 26 2 9 2 6 26 0 16 1 30
2014-01-29T16:00:00 132 29 4 10 2 8 23 0 12 1 29
2014-01-29T15:00:00 132 26 3 8 2 8 29 0 12 1 30
2014-02-02T09:00:00 31 7 1 1 1 4 7 0 4 1 10
2014-02-02T08:00:00 23 8 1 0 1 3 3 0 3 0 5
2014-02-02T07:00:00 24 5 2 0 0 3 6 0 5 1 4
2014-02-02T06:00:00 38 8 2 0 0 7 6 1 8 2 9
2014-02-02T05:00:00 56 16 5 2 1 10 7 1 11 3 17
2014-02-02T04:00:00 78 27 5 4 2 11 13 1 14 3 21
2014-02-02T03:00:00 98 34 4 5 4 12 21 1 17 3 28
2014-02-02T02:00:00 115 35 5 7 6 14 27 1 17 4 34
2014-02-02T01:00:00 118 39 4 13 9 13 32 1 19 3 38
2014-02-02T00:00:00 118 44 5 16 10 10 36 0 19 3 35
2014-02-01T23:00:00 125 44 2 17 11 9 44 0 18 3 39
2014-02-01T22:00:00 126 38 2 17 10 9 49 1 19 4 40
2014-02-12T07:00:00 20 3 1 1 0 1 3 0 2 0 6
2014-02-12T06:00:00 23 12 1 1 0 2 2 0 2 0 7
2014-02-12T05:00:00 42 18 3 4 0 4 3 0 6 3 7
2014-02-12T04:00:00 62 22 8 4 0 7 5 1 8 3 9
2014-02-12T03:00:00 85 30 8 7 0 8 8 1 11 3 11
2014-02-12T02:00:00 106 35 11 9 0 8 11 2 13 3 18
2014-02-12T01:00:00 113 37 12 11 1 9 12 2 15 3 20
2014-02-12T00:00:00 120 35 13 14 1 8 13 2 16 4 23
2014-02-11T23:00:00 117 31 11 13 1 8 19 2 15 2 27
2014-02-11T22:00:00 116 33 7 15 1 7 25 2 14 2 33
2014-02-11T21:00:00 116 29 10 13 2 7 26 2 14 2 36
2014-02-11T20:00:00 115 27 7 11 3 10 27 1 14 4 30
2014-02-17T04:00:00 58 35 3 2 3 8 8 0 10 0 20
2014-02-17T03:00:00 88 41 5 2 3 12 9 0 15 0 24
2014-02-17T02:00:00 110 44 6 2 3 12 11 1 15 0 29
2014-02-17T01:00:00 128 51 7 5 3 14 13 1 16 0 35
2014-02-17T00:00:00 144 49 7 8 5 14 14 1 17 0 44
2014-02-16T23:00:00 139 43 8 10 6 12 19 1 19 0 44
2014-02-16T22:00:00 148 35 8 14 8 10 18 1 18 1 42
2014-02-16T21:00:00 144 32 7 16 10 6 33 1 16 2 51
2014-02-16T20:00:00 139 29 6 19 12 8 42 0 16 2 49
2014-02-16T19:00:00 154 26 7 17 14 6 47 0 14 2 45
2014-02-16T18:00:00 161 25 9 18 12 6 55 0 15 2 39
2014-02-16T17:00:00 172 25 12 18 12 7 60 0 15 4 38
2014-03-04T04:00:00 49 25 16 5 0 10 9 1 10 3 23
2014-03-04T03:00:00 75 29 19 7 0 12 15 1 11 3 28
2014-03-04T02:00:00 90 33 21 9 0 12 17 1 13 4 32
2014-03-04T01:00:00 105 38 24 10 0 10 20 0 12 4 37
2014-03-04T00:00:00 114 39 27 9 1 11 22 0 11 4 38
2014-03-03T23:00:00 116 31 22 6 1 9 22 0 10 5 32
2014-03-03T22:00:00 111 27 18 7 1 7 22 0 8 2 28
2014-03-03T21:00:00 97 25 24 5 1 5 17 0 8 4 26
2014-03-03T20:00:00 97 23 25 3 2 5 17 0 9 3 26
2014-03-03T19:00:00 98 22 21 3 3 6 16 0 13 3 27
2014-03-03T18:00:00 104 21 18 2 2 6 17 0 14 3 23
2014-03-03T17:00:00 113 20 20 2 2 5 19 0 11 2 30
2014-04-01T14:00:00 200 35 32 12 5 20 37 1 31 6 79
2014-04-01T13:00:00 191 34 31 6 5 20 31 0 33 5 75
2014-04-01T12:00:00 175 31 30 5 5 16 21 0 31 6 65
2014-04-01T11:00:00 143 27 25 5 3 15 15 0 26 5 57
2014-04-01T10:00:00 125 20 22 3 1 12 9 0 19 4 33
2014-04-01T09:00:00 87 15 13 4 1 10 5 0 13 4 30
2014-04-01T08:00:00 62 8 7 3 0 7 2 0 8 1 17
2014-04-01T07:00:00 45 6 5 3 0 6 0 0 4 1 14
2014-04-01T06:00:00 49 6 7 3 1 10 2 1 4 0 24
2014-04-01T05:00:00 66 12 10 6 2 11 3 1 7 1 33
2014-04-15T08:00:00 40 10 5 1 2 4 4 0 7 2 16
2014-04-15T07:00:00 24 8 3 1 2 1 4 0 3 0 13
2014-04-15T06:00:00 32 6 3 0 0 3 8 0 3 1 14
2014-04-15T05:00:00 51 12 10 2 0 11 11 0 8 3 23
2014-04-15T04:00:00 78 17 17 4 1 18 16 0 15 3 37
2014-04-15T03:00:00 98 21 20 5 1 26 18 1 21 4 51
2014-04-15T02:00:00 113 26 26 5 1 28 22 1 23 4 63
2014-04-15T01:00:00 133 27 31 8 1 33 25 1 27 4 64
2014-04-14T23:00:00 130 20 30 9 1 28 23 2 26 2 74
2014-04-14T22:00:00 120 17 27 7 0 24 20 3 21 2 70
2014-04-14T21:00:00 119 17 26 6 0 18 22 2 19 1 66
2014-04-23T19:00:00 182 22 33 7 4 16 29 2 21 3 72
2014-04-23T18:00:00 181 19 37 5 4 18 35 2 18 2 71
2014-04-23T17:00:00 167 20 37 4 1 18 32 4 15 1 66
2014-04-23T16:00:00 163 19 32 4 1 19 30 4 18 0 64
2014-04-23T15:00:00 150 14 27 3 1 18 30 4 18 0 65
2014-04-23T14:00:00 139 14 26 5 1 20 26 3 22 0 64
2014-04-23T13:00:00 124 12 20 4 0 20 25 3 19 1 60
2014-04-23T12:00:00 110 10 13 4 0 21 18 3 19 1 47
2014-04-23T11:00:00 99 9 10 3 0 21 16 1 18 1 42
2014-04-23T10:00:00 77 7 8 2 0 17 10 1 14 1 32
2014-04-23T09:00:00 63 6 4 2 0 12 9 0 10 1 22
2014-04-23T08:00:00 42 2 1 0 1 8 9 0 6 1 17
2014-05-16T00:00:00 145 50 47 12 4 8 32 2 14 2 51
2014-05-15T23:00:00 150 39 39 11 4 8 32 3 15 1 53
2014-05-15T22:00:00 136 33 28 9 6 15 33 2 20 1 63
2014-05-15T21:00:00 146 31 25 9 5 19 33 2 21 1 79
2014-05-15T20:00:00 147 25 23 5 3 27 39 2 26 0 95
2014-05-15T19:00:00 149 23 25 2 3 30 44 2 30 2 108
2014-05-15T18:00:00 162 24 22 2 3 37 43 2 38 2 118
2014-05-15T17:00:00 170 22 19 2 3 38 42 1 41 6 125
2014-05-15T16:00:00 186 23 21 3 0 39 40 1 38 6 116
2014-05-15T15:00:00 188 16 18 4 1 39 38 0 39 7 112
2014-05-15T14:00:00 186 16 24 4 1 35 34 0 38 7 103
2014-05-20T06:00:00 25 12 14 1 0 2 7 0 3 0 4
2014-05-20T05:00:00 45 20 30 4 0 2 10 0 5 0 12
2014-05-20T04:00:00 71 25 36 4 0 4 16 1 5 0 19
2014-05-20T03:00:00 88 27 44 7 1 4 27 2 8 0 21
2014-05-20T02:00:00 104 33 47 11 1 4 30 2 10 1 25
2014-05-20T01:00:00 112 32 50 11 2 4 32 2 11 1 28
2014-05-20T00:00:00 119 35 49 11 3 4 31 2 12 1 33
2014-05-19T23:00:00 103 28 39 8 3 3 31 2 12 1 27
2014-05-19T22:00:00 89 25 37 9 3 1 30 2 14 1 23
2014-05-19T21:00:00 81 25 31 7 2 3 26 1 15 1 25
2014-05-19T20:00:00 85 23 32 3 4 4 29 1 17 1 22
2014-05-19T19:00:00 94 25 34 5 3 3 35 1 17 1 22
2014-05-22T14:00:00 123 18 36 6 4 6 51 1 20 0 31
2014-05-22T13:00:00 112 16 38 2 2 5 42 1 19 0 21
2014-05-22T12:00:00 83 10 29 1 1 5 29 0 14 0 19
2014-05-22T11:00:00 64 6 25 1 1 3 21 0 13 0 15
2014-05-22T10:00:00 47 4 23 1 1 1 16 0 10 0 13
2014-05-22T09:00:00 30 3 15 0 2 1 13 0 5 0 8
2014-05-22T08:00:00 21 1 10 0 2 1 7 0 2 0 7
2014-05-22T07:00:00 16 0 9 0 3 0 4 0 2 0 9
2014-05-22T06:00:00 31 5 14 0 4 0 6 0 5 0 14
2014-05-22T05:00:00 42 18 19 2 4 1 9 1 7 0 22
2014-05-22T04:00:00 57 26 28 3 4 2 14 1 12 1 27
2014-05-22T03:00:00 73 34 30 4 3 3 16 1 13 1 29
2014-05-31T23:00:00 257 68 29 23 8 8 149 1 49 7 79
2014-05-31T22:00:00 224 57 29 20 7 6 156 2 49 5 76
2014-05-31T21:00:00 215 49 30 25 5 7 164 2 52 5 71
2014-05-31T20:00:00 209 44 30 27 6 6 159 2 43 6 72
2014-05-31T19:00:00 206 45 28 24 8 5 184 2 44 5 66
2014-05-31T18:00:00 222 46 29 23 5 7 186 3 45 2 68
2014-05-31T17:00:00 230 43 25 24 7 9 188 3 43 2 62
2014-05-31T16:00:00 243 44 26 21 9 11 178 2 43 2 58
2014-05-31T15:00:00 234 47 21 18 9 9 171 2 35 1 56
2014-05-31T14:00:00 219 48 18 16 7 10 165 1 38 0 58
2014-05-31T13:00:00 208 44 18 14 5 10 130 1 33 0 53
2014-05-31T12:00:00 174 31 17 10 5 7 110 0 27 0 39
2014-06-17T03:00:00 124 56 48 7 1 2 17 0 17 1 37
2014-06-17T02:00:00 142 67 47 9 2 3 19 0 20 2 43
2014-06-17T01:00:00 149 65 47 10 3 4 22 1 22 3 45
2014-06-17T00:00:00 148 65 47 12 4 4 23 1 23 4 41
2014-06-16T23:00:00 147 62 50 12 7 5 25 1 22 4 36
2014-06-16T22:00:00 129 51 47 14 6 5 23 2 17 3 29
2014-06-16T21:00:00 120 40 43 16 7 6 25 2 17 4 31
2014-06-16T20:00:00 117 32 39 13 8 5 31 2 15 3 31
2014-06-16T19:00:00 126 32 37 14 7 5 34 1 13 2 37
2014-06-16T18:00:00 134 32 39 12 7 8 41 1 15 2 40
2014-06-16T17:00:00 135 27 32 11 4 7 41 1 16 2 51
2014-06-16T16:00:00 149 29 28 10 4 7 47 1 18 3 50
2014-07-19T00:00:00 201 54 25 13 6 7 55 2 26 5 61
2014-07-18T23:00:00 188 50 23 15 5 6 47 3 26 4 65
2014-07-18T22:00:00 160 46 20 15 6 4 46 2 27 4 60
2014-07-18T21:00:00 151 45 15 16 6 5 47 1 30 3 52
2014-07-18T20:00:00 146 43 10 15 4 4 55 1 29 3 50
2014-07-18T19:00:00 153 49 8 15 5 2 55 2 28 4 48
2014-07-18T18:00:00 158 50 10 17 6 4 60 5 32 5 50
2014-07-18T17:00:00 159 49 10 15 7 4 62 4 35 4 42
2014-07-18T16:00:00 176 46 11 12 8 6 65 5 34 3 43
2014-07-18T15:00:00 177 40 11 11 9 6 64 6 33 3 42
2014-07-18T14:00:00 174 39 12 11 10 7 68 6 33 4 39
2014-07-18T13:00:00 168 34 12 8 9 7 56 5 33 3 38
2014-08-21T21:00:00 171 44 20 17 9 7 54 3 26 4 56
2014-08-21T20:00:00 176 41 16 12 7 8 60 3 28 4 51
2014-08-21T19:00:00 186 43 17 10 9 9 71 3 31 3 53
2014-08-21T18:00:00 191 39 19 8 10 11 75 1 28 4 57
2014-08-21T17:00:00 202 31 24 8 9 11 77 1 32 5 52
2014-08-21T16:00:00 191 37 18 8 10 12 76 1 31 5 54
2014-08-21T15:00:00 194 40 22 11 10 9 76 1 32 5 55
2014-08-21T14:00:00 181 45 22 10 12 7 72 1 32 4 54
2014-08-21T13:00:00 163 43 20 6 11 7 63 1 26 4 44
2014-08-21T12:00:00 147 39 17 4 10 3 52 1 23 3 36
2014-08-21T11:00:00 112 35 11 4 8 3 40 1 17 3 28
2014-08-21T10:00:00 87 26 11 4 7 2 31 1 13 2 18
2014-08-30T23:00:00 315 62 31 20 5 11 89 5 36 3 59
2014-08-30T22:00:00 302 57 28 24 6 10 97 5 31 3 60
2014-08-30T21:00:00 293 51 31 25 10 9 102 6 32 2 54
2014-08-30T20:00:00 278 47 32 19 10 10 121 6 30 3 52
2014-08-30T19:00:00 282 53 36 20 10 7 134 5 27 3 52
2014-08-30T18:00:00 280 52 32 19 13 8 147 3 27 5 51
2014-08-30T17:00:00 290 45 25 22 12 8 153 2 33 6 54
2014-08-30T16:00:00 269 45 25 19 12 10 153 2 38 6 45
2014-08-30T15:00:00 261 47 23 18 8 10 144 1 39 7 46
2014-08-30T14:00:00 246 50 21 17 8 8 130 1 43 6 48
2014-08-30T13:00:00 224 44 17 15 9 9 107 1 48 7 44
2014-08-30T12:00:00 191 41 16 11 7 6 83 1 46 5 37
2014-09-07T22:00:00 271 58 31 16 10 9 142 5 38 3 63
2014-09-07T21:00:00 265 54 33 18 9 10 161 5 45 3 62
2014-09-07T20:00:00 271 51 33 21 12 11 177 4 48 2 59
2014-09-07T19:00:00 286 47 26 25 11 11 198 3 45 2 66
2014-09-07T18:00:00 268 43 25 28 8 10 221 2 53 4 69
2014-09-07T17:00:00 270 43 23 30 8 10 219 1 58 5 68
2014-09-07T16:00:00 282 44 21 31 6 11 214 0 56 6 72
2014-09-07T15:00:00 285 42 21 28 6 9 197 0 58 5 78
2014-09-07T14:00:00 276 41 18 23 3 7 179 0 51 6 74
2014-09-07T13:00:00 245 41 19 14 2 5 151 0 48 7 64
2014-09-07T12:00:00 226 40 17 10 3 6 111 0 37 5 51
2014-09-07T11:00:00 194 31 15 7 4 5 77 0 30 3 42
2014-09-21T05:00:00 93 39 25 5 3 2 18 1 12 2 33
2014-09-21T04:00:00 135 52 38 6 3 3 34 2 18 3 47
2014-09-21T03:00:00 185 63 42 8 6 5 54 2 27 3 65
2014-09-21T02:00:00 223 69 50 9 8 5 69 2 30 4 69
2014-09-21T01:00:00 248 69 55 12 11 6 74 2 33 4 74
2014-09-21T00:00:00 272 63 51 12 12 8 84 1 35 4 77
2014-09-20T23:00:00 277 53 47 13 10 8 92 1 30 3 67
2014-09-20T22:00:00 276 44 40 14 12 8 92 1 27 2 67
2014-09-20T21:00:00 274 36 37 17 12 8 92 1 24 2 56
2014-09-20T20:00:00 271 39 31 20 10 9 102 1 24 1 62
2014-09-20T19:00:00 279 37 30 23 8 9 117 1 28 1 69
2014-09-20T18:00:00 281 42 38 24 7 10 122 1 29 2 75
2014-09-26T23:00:00 169 37 48 12 5 8 42 0 18 5 51
2014-09-26T22:00:00 159 33 44 8 4 6 46 0 15 4 50
2014-09-26T21:00:00 157 33 42 10 5 5 52 0 14 3 50
2014-09-26T20:00:00 149 28 42 8 5 4 56 0 17 3 44
2014-09-26T19:00:00 141 28 35 6 5 6 56 0 19 3 38
2014-09-26T18:00:00 143 29 37 4 5 7 54 0 18 1 28
2014-09-26T17:00:00 156 26 39 6 3 6 54 0 22 1 29
2014-09-26T16:00:00 170 26 42 6 3 6 52 0 26 2 37
2014-09-26T15:00:00 172 25 39 5 1 5 54 0 26 2 33
2014-09-26T14:00:00 170 25 37 5 2 5 54 0 26 2 32
2014-09-26T13:00:00 177 24 38 6 2 3 48 0 22 1 28
2014-10-04T00:00:00 256 67 35 20 12 7 141 1 59 5 68
2014-10-03T23:00:00 271 62 38 22 11 10 157 1 52 7 78
2014-10-03T22:00:00 264 62 33 17 16 10 185 1 51 7 78
2014-10-03T21:00:00 267 56 33 19 13 11 207 1 45 7 83
2014-10-03T20:00:00 274 51 30 21 15 13 225 3 43 6 81
2014-10-03T19:00:00 272 52 35 25 15 13 249 2 50 5 84
2014-10-03T18:00:00 279 55 30 25 14 11 255 2 49 5 84
2014-10-03T17:00:00 271 51 22 23 13 11 255 2 52 6 67
2014-10-03T16:00:00 268 53 20 23 8 12 236 3 51 7 69
2014-10-03T15:00:00 254 56 22 22 9 11 204 3 49 6 61
2014-10-11T18:00:00 149 24 45 7 4 6 57 3 33 2 38
2014-10-11T17:00:00 160 30 44 7 3 9 57 0 33 3 37
2014-10-11T16:00:00 168 30 47 7 2 10 57 0 32 3 33
2014-10-11T15:00:00 173 38 57 7 3 10 60 1 28 2 30
2014-10-11T14:00:00 190 47 62 8 2 10 67 1 28 2 29
2014-10-11T13:00:00 180 50 62 7 2 12 66 1 24 2 39
2014-10-11T12:00:00 166 54 55 6 1 11 56 1 22 2 39
2014-10-11T11:00:00 145 43 49 4 1 8 48 1 18 1 39
2014-10-11T10:00:00 113 39 38 4 1 5 37 1 13 1 36
2014-10-11T09:00:00 79 28 25 3 0 3 23 0 12 1 31
2014-10-11T08:00:00 53 15 14 2 1 2 12 1 11 1 28
2014-10-11T07:00:00 50 12 14 0 1 1 8 1 6 0 18
2014-10-26T04:00:00 141 44 41 15 5 4 30 5 24 2 39
2014-10-26T03:00:00 175 51 52 16 6 5 49 6 29 3 48
2014-10-26T02:00:00 200 52 58 18 6 6 56 5 27 3 61
2014-10-26T01:00:00 223 53 57 21 6 8 61 5 33 4 66
2014-10-26T00:00:00 228 59 60 17 6 8 63 3 33 4 70
2014-10-25T23:00:00 213 54 53 17 6 10 67 2 33 4 66
2014-10-25T22:00:00 214 48 52 19 4 10 84 1 26 3 69
2014-10-25T21:00:00 212 44 45 18 4 11 82 0 29 4 67
2014-10-25T20:00:00 220 43 44 16 6 11 106 0 32 4 59
2014-10-25T19:00:00 212 44 47 14 8 9 118 0 35 3 60
2014-10-25T18:00:00 218 42 43 15 9 10 134 0 34 4 61
2014-10-25T17:00:00 218 46 44 14 7 8 146 0 35 4 61
