2013-06-02T14:00:00 323 48 27 42 10 28 257 3 46 4 69
2013-06-02T13:00:00 291 44 23 30 8 28 226 2 39 4 61
2013-06-02T12:00:00 232 36 21 19 7 23 191 2 36 4 49
2013-06-02T11:00:00 175 28 18 11 6 20 134 1 29 1 40
2013-06-02T10:00:00 122 17 17 8 3 17 93 0 22 0 25
2013-06-02T09:00:00 72 13 11 6 2 11 61 0 11 0 17
2013-06-02T08:00:00 41 8 8 3 2 5 32 0 7 0 10
2013-06-02T07:00:00 35 6 12 2 1 2 25 0 6 0 6
2013-06-02T06:00:00 52 12 18 5 0 2 32 1 5 2 13
2013-06-02T05:00:00 87 20 22 9 0 5 44 2 10 2 19
2013-06-02T04:00:00 136 39 37 12 1 6 64 2 12 3 27
2013-06-02T03:00:00 182 50 41 19 3 17 88 2 16 3 34
2013-06-05T20:00:00 126 29 26 17 1 15 76 5 21 2 32
2013-06-05T19:00:00 126 29 22 14 1 14 77 7 18 3 34
2013-06-05T18:00:00 125 29 21 15 1 14 78 6 16 3 33
2013-06-05T17:00:00 145 34 24 14 3 14 79 7 15 3 39
2013-06-05T16:00:00 156 31 28 11 4 12 76 7 16 4 43
2013-06-05T15:00:00 160 32 30 10 4 11 82 7 13 4 47
2013-06-05T14:00:00 173 32 32 11 4 12 78 5 14 4 52
2013-06-05T13:00:00 161 32 34 8 4 11 71 2 15 3 48
2013-06-05T12:00:00 154 31 31 5 3 10 63 2 14 2 42
2013-06-05T11:00:00 120 25 27 5 1 10 51 1 14 2 31
2013-06-05T10:00:00 90 21 19 5 0 12 39 1 11 0 23
2013-06-05T09:00:00 66 15 11 5 0 9 24 0 11 0 15
2013-06-14T07:00:00 31 10 11 1 2 1 12 1 3 0 5
2013-06-14T08:00:00 39 11 10 2 1 4 14 1 3 0 9
2013-06-14T09:00:00 54 14 10 3 0 4 21 1 6 0 15
2013-06-14T10:00:00 72 18 16 3 1 7 31 1 9 1 16
2013-06-14T11:00:00 96 22 19 5 1 10 48 3 14 1 21
2013-06-14T12:00:00 116 24 21 6 2 10 72 3 17 1 29
2013-06-14T13:00:00 137 30 27 10 4 11 93 4 21 2 35
2013-06-14T14:00:00 143 30 28 15 5 10 114 4 24 3 37
2013-06-14T15:00:00 141 29 30 16 5 13 118 6 24 3 37
2013-06-14T16:00:00 138 26 27 17 5 14 121 7 25 2 39
2013-06-15T17:00:00 263 58 33 47 12 25 354 8 44 3 82
2013-06-15T16:00:00 288 47 31 44 13 25 365 8 47 3 91
2013-06-15T15:00:00 280 42 29 38 12 27 334 8 45 2 81
2013-06-15T14:00:00 263 42 26 34 11 27 298 7 45 2 80
2013-06-15T13:00:00 227 37 22 30 12 22 244 7 38 2 71
2013-06-15T12:00:00 199 31 19 16 6 17 174 6 32 1 61
2013-06-15T11:00:00 148 21 13 7 5 11 113 2 24 0 44
2013-06-15T10:00:00 103 20 12 3 2 11 66 0 13 0 24
2013-06-15T09:00:00 82 19 9 2 3 8 39 0 10 0 15
2013-06-15T08:00:00 55 13 8 1 3 7 21 1 6 0 12
2013-06-15T07:00:00 40 10 9 0 2 9 19 2 6 0 9
2013-06-15T06:00:00 50 14 14 1 3 12 20 4 9 0 12
2013-06-26T01:00:00 138 45 42 10 4 20 39 3 9 3 34
2013-06-26T00:00:00 159 49 37 14 4 19 45 5 12 3 34
2013-06-25T23:00:00 154 50 34 17 2 19 50 6 16 4 38
2013-06-25T22:00:00 153 47 31 15 0 17 56 6 18 4 43
2013-06-25T21:00:00 162 50 30 15 0 13 67 5 21 2 46
2013-06-25T20:00:00 150 46 29 16 2 12 71 5 26 2 51
2013-06-25T19:00:00 142 39 28 16 2 9 76 6 27 1 54
2013-06-25T18:00:00 136 35 28 13 2 10 80 4 29 1 59
2013-06-25T17:00:00 138 27 31 11 2 9 83 4 26 0 55
2013-06-25T16:00:00 137 24 35 14 2 11 76 3 25 0 47
2013-06-25T15:00:00 137 25 39 13 2 14 69 4 23 0 43
2013-06-25T14:00:00 135 28 40 14 0 14 62 5 23 1 39
2013-06-28T05:00:00 56 29 19 3 1 8 15 2 3 1 16
2013-06-28T04:00:00 76 34 26 3 2 12 21 4 6 2 24
2013-06-28T03:00:00 106 40 30 6 3 22 30 4 8 2 34
2013-06-28T02:00:00 127 53 31 7 3 26 35 5 9 2 41
2013-06-28T01:00:00 152 53 36 10 4 29 41 6 15 2 44
2013-06-28T00:00:00 162 54 36 11 4 28 48 7 15 2 48
2013-06-27T23:00:00 163 49 31 13 6 26 55 8 16 2 50
2013-06-27T22:00:00 163 46 27 14 5 22 62 7 15 1 46
2013-06-27T21:00:00 160 41 29 11 5 12 68 7 14 0 48
2013-06-27T20:00:00 151 32 32 11 6 11 73 7 15 0 44
2013-06-27T19:00:00 140 36 30 10 5 8 86 7 9 0 50
2013-06-27T18:00:00 137 34 30 12 4 9 94 5 11 0 51
2013-07-18T14:00:00 151 36 21 15 4 24 146 2 28 1 59
2013-07-18T13:00:00 149 35 19 14 3 18 131 2 26 0 51
2013-07-18T12:00:00 126 29 19 11 3 17 117 1 26 0 44
2013-07-18T11:00:00 112 23 18 10 2 15 87 1 20 0 34
2013-07-18T10:00:00 96 22 14 10 2 12 62 1 15 0 28
2013-07-18T09:00:00 73 20 7 8 0 8 34 1 14 0 21
2013-07-18T08:00:00 54 15 6 4 0 3 16 0 11 0 17
2013-07-18T07:00:00 36 12 6 2 0 3 9 0 9 1 12
2013-07-18T06:00:00 43 16 5 5 0 0 12 0 8 1 17
2013-07-18T05:00:00 50 19 10 6 0 0 19 0 8 1 18
2013-07-18T04:00:00 77 24 13 8 0 5 37 0 11 1 23
2013-07-18T03:00:00 109 31 17 10 0 7 44 1 11 2 33
2013-08-15T21:00:00 172 39 24 12 6 10 55 0 33 2 48
2013-08-15T20:00:00 175 36 24 8 6 12 60 0 32 1 46
2013-08-15T19:00:00 188 33 23 11 5 8 67 0 30 1 47
2013-08-15T18:00:00 209 37 19 11 6 6 77 1 31 1 51
2013-08-15T17:00:00 213 34 16 13 7 10 88 1 29 1 54
2013-08-15T16:00:00 218 36 19 15 6 9 94 1 26 0 53
2013-08-15T15:00:00 222 34 14 17 3 8 95 1 27 1 50
2013-08-15T14:00:00 233 35 13 18 5 7 87 2 27 1 45
2013-08-15T13:00:00 222 35 14 14 5 7 77 2 24 1 40
2013-08-15T12:00:00 190 27 15 9 4 8 65 1 24 1 32
2013-08-15T11:00:00 154 27 15 6 3 4 45 1 19 1 25
2013-08-15T10:00:00 117 20 9 4 2 2 30 1 15 1 16
2013-09-12T15:00:00 167 16 22 8 3 7 57 2 20 1 39
2013-09-12T14:00:00 169 14 22 9 4 8 59 2 16 0 36
2013-09-12T13:00:00 157 13 21 9 4 7 49 2 15 0 36
2013-09-12T12:00:00 141 11 18 8 5 7 43 2 13 0 33
2013-09-12T11:00:00 103 8 15 6 5 6 33 0 10 0 28
2013-09-12T10:00:00 86 7 14 5 5 3 26 0 8 0 24
2013-09-12T09:00:00 60 6 9 2 3 3 16 0 5 0 15
2013-09-12T08:00:00 41 4 4 1 3 2 4 0 2 0 7
2013-09-12T07:00:00 26 5 2 2 3 2 4 1 0 0 4
2013-09-12T06:00:00 26 8 6 3 1 1 3 1 3 0 6
2013-09-12T05:00:00 46 14 12 5 3 1 10 1 8 0 14
2013-09-12T04:00:00 68 20 13 5 4 3 16 1 11 0 19
2013-09-27T17:00:00 185 17 28 12 5 3 51 5 18 1 37
2013-09-27T16:00:00 201 19 34 12 5 2 57 4 21 1 35
2013-09-27T15:00:00 201 20 34 11 6 4 59 4 20 1 37
2013-09-27T14:00:00 191 18 29 9 7 6 53 4 21 1 35
2013-09-27T13:00:00 170 15 28 8 5 5 48 4 19 1 30
2013-09-27T12:00:00 140 14 22 5 4 4 43 4 16 0 25
2013-09-27T11:00:00 104 9 19 2 3 5 29 2 11 0 22
2013-09-27T10:00:00 76 6 12 1 3 6 20 2 5 0 19
2013-09-27T09:00:00 55 3 10 0 3 4 13 1 4 0 8
2013-09-27T08:00:00 34 3 6 1 1 2 8 0 2 0 5
2013-09-27T07:00:00 25 3 5 3 1 2 4 0 2 0 7
2013-09-27T06:00:00 34 7 8 3 1 2 4 1 2 0 13
2013-10-04T21:00:00 360 44 13 41 12 10 242 3 37 2 134
2013-10-04T20:00:00 379 39 14 41 10 11 302 5 46 3 135
2013-10-04T19:00:00 399 33 14 44 10 8 337 6 54 3 130
2013-10-04T18:00:00 399 31 14 45 12 9 360 5 59 3 124
2013-10-04T17:00:00 384 34 13 40 12 13 350 4 59 3 121
2013-10-04T16:00:00 370 34 13 33 16 14 336 3 61 4 113
2013-10-04T15:00:00 365 33 16 30 12 16 312 3 65 3 99
2013-10-04T14:00:00 354 30 15 28 15 15 264 1 55 4 96
2013-10-04T13:00:00 313 27 19 21 15 13 215 0 45 5 85
2013-10-04T12:00:00 270 25 18 16 14 13 184 0 43 4 72
2013-10-04T11:00:00 218 17 16 11 13 7 140 0 35 4 58
2013-10-04T10:00:00 168 14 13 11 7 5 100 0 25 3 45
2013-10-09T19:00:00 122 18 18 9 2 11 30 1 10 0 31
2013-10-09T18:00:00 120 16 22 8 2 11 30 1 10 1 25
2013-10-09T17:00:00 116 11 21 7 1 9 37 2 12 1 27
2013-10-09T16:00:00 118 13 27 6 3 6 40 2 11 2 23
2013-10-09T15:00:00 113 14 26 3 3 7 33 2 7 2 23
2013-10-09T14:00:00 115 14 23 5 3 6 29 2 10 2 26
2013-10-09T13:00:00 111 14 23 5 4 6 29 2 13 2 24
2013-10-09T12:00:00 108 16 18 4 4 5 24 1 12 2 21
2013-10-09T11:00:00 92 18 18 3 4 5 18 0 8 2 18
2013-10-09T10:00:00 71 13 10 3 2 5 12 0 8 1 14
2013-10-09T09:00:00 58 10 8 3 1 3 9 0 8 1 12
2013-10-09T08:00:00 35 9 6 1 1 3 8 0 4 1 4
2013-10-27T14:00:00 247 22 35 21 8 8 159 0 29 2 56
2013-10-27T13:00:00 212 19 32 15 4 8 125 0 30 2 48
2013-10-27T12:00:00 185 19 28 12 2 5 88 0 29 1 35
2013-10-27T11:00:00 148 14 18 6 2 4 51 0 22 0 25
2013-10-27T10:00:00 121 13 13 5 2 3 32 0 15 0 13
2013-10-27T09:00:00 79 7 9 4 1 2 11 0 7 0 7
2013-10-27T08:00:00 54 5 7 2 0 1 7 0 5 0 6
2013-10-27T07:00:00 44 6 8 3 0 0 2 0 3 0 8
2013-10-27T06:00:00 47 9 10 1 0 2 7 0 6 0 8
2013-10-27T05:00:00 74 15 18 3 0 3 11 0 10 0 15
2013-10-27T04:00:00 104 24 24 7 2 3 16 0 14 0 27
2013-10-27T03:00:00 126 33 26 7 2 3 26 0 18 1 41
2013-10-31T12:00:00 116 14 25 3 5 1 25 0 16 0 16
2013-10-31T11:00:00 84 12 22 3 4 0 17 0 14 0 14
2013-10-31T10:00:00 62 9 13 2 4 0 10 0 10 1 10
2013-10-31T09:00:00 44 10 7 2 0 0 7 0 6 1 6
2013-10-31T08:00:00 25 7 5 2 0 0 3 0 4 1 5
2013-10-31T07:00:00 20 3 4 2 0 0 1 0 1 1 5
2013-10-31T06:00:00 32 4 10 1 1 0 1 0 1 1 3
2013-10-31T05:00:00 69 13 24 1 3 1 3 0 5 1 7
2013-10-31T04:00:00 91 15 29 1 3 3 9 0 8 0 11
2013-10-31T03:00:00 109 21 34 5 3 5 12 1 9 0 14
2013-10-31T02:00:00 130 23 36 5 3 5 13 2 10 0 22
2013-10-31T01:00:00 144 25 36 6 4 8 14 2 12 1 22
2013-11-08T20:00:00 144 22 17 10 4 7 28 2 21 3 30
2013-11-08T19:00:00 139 19 15 12 3 5 33 3 23 2 27
2013-11-08T18:00:00 134 17 17 14 3 5 39 2 26 2 25
2013-11-08T17:00:00 139 18 19 18 1 4 44 2 27 2 30
2013-11-08T16:00:00 139 14 25 16 1 4 45 2 27 1 36
2013-11-08T15:00:00 138 14 35 15 0 7 41 3 25 1 39
2013-11-08T14:00:00 125 14 36 12 1 8 37 4 23 1 34
2013-11-08T13:00:00 119 13 34 8 1 9 30 3 20 1 35
2013-11-08T12:00:00 97 12 31 8 2 8 23 3 16 1 34
2013-11-08T11:00:00 71 12 26 3 2 9 16 2 13 1 21
2013-11-08T10:00:00 48 12 20 3 2 8 10 2 11 1 15
2013-11-08T09:00:00 25 11 9 2 2 5 4 1 9 0 9
2013-11-13T08:00:00 27 4 7 3 0 1 5 0 5 0 9
2013-11-13T09:00:00 36 7 12 3 0 2 7 0 7 1 16
2013-11-13T10:00:00 52 8 15 4 0 2 15 0 6 1 18
2013-11-13T11:00:00 68 9 19 3 1 2 18 0 7 1 22
2013-11-13T12:00:00 79 11 22 4 2 2 19 0 10 1 23
2013-11-13T13:00:00 86 14 22 6 2 4 27 0 10 1 24
2013-11-13T14:00:00 94 17 23 7 4 7 27 0 11 1 28
2013-11-13T15:00:00 104 16 21 9 5 7 28 0 13 0 26
2013-11-13T16:00:00 111 17 19 9 5 6 21 1 16 0 28
2013-11-13T17:00:00 105 19 17 9 7 7 18 1 15 0 31
2013-11-22T18:00:00 131 22 16 7 4 4 33 3 23 1 30
2013-11-22T17:00:00 130 22 20 5 4 4 31 4 26 1 30
2013-11-22T16:00:00 124 24 24 5 3 3 32 4 29 1 28
2013-11-22T15:00:00 127 21 24 6 3 2 32 4 24 1 32
2013-11-22T14:00:00 118 23 24 5 3 3 32 4 26 2 32
2013-11-22T13:00:00 109 23 25 4 4 4 29 3 19 1 32
2013-11-22T12:00:00 98 20 21 3 3 4 22 2 16 1 28
2013-11-22T11:00:00 75 18 15 2 2 3 19 1 13 1 24
2013-11-22T10:00:00 60 14 10 1 2 4 14 1 10 1 20
2013-11-22T09:00:00 39 17 6 0 2 4 10 0 8 1 12
2013-11-22T08:00:00 28 11 3 0 1 3 5 0 6 0 10
2013-11-22T07:00:00 23 7 5 0 0 2 1 0 8 0 8
2013-12-06T21:00:00 133 37 15 14 1 5 25 4 18 2 35
2013-12-06T20:00:00 144 36 16 11 1 5 28 3 19 2 31
2013-12-06T19:00:00 141 33 15 9 2 5 29 3 22 2 28
2013-12-06T18:00:00 138 33 12 8 2 6 30 3 23 3 32
2013-12-06T17:00:00 142 30 13 4 1 6 30 3 28 3 34
2013-12-06T16:00:00 145 31 17 4 1 5 29 1 29 4 34
2013-12-06T15:00:00 128 27 22 6 1 4 29 0 29 5 30
2013-12-06T14:00:00 115 22 25 6 1 4 27 0 26 5 29
2013-12-06T13:00:00 114 26 23 6 0 2 23 0 22 4 27
2013-12-06T12:00:00 100 21 21 5 0 1 21 0 23 3 19
2013-12-06T11:00:00 83 21 19 5 0 0 16 0 17 3 13
2013-12-06T10:00:00 54 15 17 3 0 0 11 0 13 2 9
2013-12-22T18:00:00 171 26 13 28 5 7 68 1 29 1 39
2013-12-22T17:00:00 165 27 14 27 4 5 71 1 30 1 37
2013-12-22T16:00:00 161 27 13 16 5 4 76 1 30 2 38
2013-12-22T15:00:00 156 29 14 11 6 3 73 1 36 3 37
2013-12-22T14:00:00 149 28 14 10 5 2 62 1 35 3 31
2013-12-22T13:00:00 132 27 14 5 6 2 45 1 34 2 24
2013-12-22T12:00:00 104 25 14 4 6 2 35 0 27 2 16
2013-12-22T11:00:00 88 18 8 4 5 2 25 0 22 2 13
2013-12-22T10:00:00 66 12 8 4 3 1 10 0 20 1 11
2013-12-22T09:00:00 46 9 6 3 1 1 5 0 10 0 6
2013-12-22T08:00:00 28 10 5 1 1 3 3 0 8 1 5
2014-01-04T11:00:00 69 10 10 6 3 2 29 1 15 1 24
2014-01-04T10:00:00 50 9 6 3 3 1 17 0 9 1 18
2014-01-04T09:00:00 32 6 5 2 1 1 8 0 6 0 11
2014-01-04T08:00:00 24 7 6 2 1 1 2 0 2 0 8
2014-01-04T07:00:00 25 5 8 2 0 0 7 1 3 0 8
2014-01-04T06:00:00 36 12 12 2 1 0 8 1 5 0 10
2014-01-04T05:00:00 46 18 17 2 1 0 18 1 9 0 13
2014-01-04T04:00:00 62 20 23 2 1 2 17 2 12 0 15
2014-01-04T03:00:00 79 26 28 1 1 3 21 3 12 1 23
2014-01-04T02:00:00 97 29 31 4 2 3 23 3 15 1 27
2014-01-04T01:00:00 107 31 35 8 2 5 21 2 15 1 25
2014-01-04T00:00:00 116 27 34 8 1 7 21 3 16 2 23
2014-01-05T22:00:00 128 31 30 6 5 8 30 0 21 0 38
2014-01-05T21:00:00 131 30 31 7 7 9 36 0 18 0 39
2014-01-05T20:00:00 139 31 26 7 7 7 47 0 23 0 43
2014-01-05T19:00:00 141 32 24 6 6 6 66 0 28 0 44
2014-01-05T18:00:00 143 35 25 7 4 4 80 0 27 1 43
2014-01-05T17:00:00 149 35 23 8 6 6 88 0 22 1 40
2014-01-05T16:00:00 149 37 26 8 7 7 84 0 19 1 36
2014-01-05T15:00:00 147 34 22 8 5 7 79 1 18 2 37
2014-01-05T14:00:00 132 33 23 8 6 8 70 1 20 2 27
2014-01-05T13:00:00 119 27 21 9 5 6 52 1 16 2 22
2014-01-05T12:00:00 94 20 16 9 4 6 37 1 15 1 21
2014-01-05T11:00:00 73 17 12 9 2 4 20 1 13 1 18
2014-01-22T16:00:00 152 22 8 6 2 10 34 3 16 1 39
2014-01-22T15:00:00 143 26 7 8 3 10 28 2 18 1 36
2014-01-22T14:00:00 134 27 11 8 4 9 25 1 20 1 36
2014-01-22T13:00:00 113 25 9 8 4 9 19 0 20 1 28
2014-01-22T12:00:00 89 28 9 6 4 9 16 0 18 0 21
2014-01-22T11:00:00 71 22 7 4 4 6 13 0 13 0 15
2014-01-22T10:00:00 56 20 5 3 4 5 9 0 10 0 10
2014-01-22T09:00:00 35 15 4 2 3 4 8 0 5 0 5
2014-01-22T08:00:00 24 8 2 1 2 3 4 0 1 0 3
2014-01-22T07:00:00 25 7 2 2 0 1 4 0 0 0 5
2014-01-22T06:00:00 37 6 3 3 0 3 6 1 2 0 5
2014-01-22T05:00:00 53 20 4 5 2 4 8 1 8 1 10
2014-01-29T12:00:00 95 19 3 3 2 6 17 1 9 0 21
2014-01-29T11:00:00 79 16 3 2 2 5 13 1 6 0 15
2014-01-29T10:00:00 57 10 1 1 0 3 10 1 6 0 11
2014-01-29T09:00:00 42 12 1 1 0 2 4 2 4 0 8
2014-01-29T08:00:00 32 12 0 1 0 2 2 1 3 0 5
2014-01-29T07:00:00 26 11 1 1 0 2 1 1 2 1 5
2014-01-29T06:00:00 27 16 1 4 1 5 3 1 5 1 7
2014-01-29T05:00:00 44 21 1 5 1 5 5 2 6 1 13
2014-01-29T04:00:00 60 27 2 6 5 5 11 2 6 3 17
2014-01-29T03:00:00 80 33 3 6 6 6 10 1 9 4 24
2014-01-29T02:00:00 102 34 3 7 7 8 10 1 12 5 31
2014-01-29T01:00:00 117 44 8 6 7 10 14 1 12 4 37
2014-01-30T19:00:00 186 53 5 10 8 5 35 2 31 4 36
2014-01-30T18:00:00 166 41 5 10 9 4 34 1 29 5 34
2014-01-30T17:00:00 155 35 6 8 8 3 26 2 28 5 34
2014-01-30T16:00:00 160 32 7 7 7 3 28 2 25 4 35
2014-01-30T15:00:00 140 34 8 6 7 4 27 2 23 4 40
2014-01-30T14:00:00 139 29 7 7 4 4 29 2 22 4 40
2014-01-30T13:00:00 122 31 7 7 3 4 27 2 22 4 38
2014-01-30T12:00:00 110 27 7 4 1 4 23 2 17 4 37
2014-01-30T11:00:00 92 21 6 3 1 3 20 1 15 3 30
2014-01-30T10:00:00 73 17 4 3 1 2 14 1 11 1 23
2014-01-30T09:00:00 60 15 2 2 0 1 9 0 7 1 15
2014-01-30T08:00:00 41 10 2 1 0 0 4 1 3 1 11
2014-02-05T21:00:00 187 36 14 21 10 7 57 1 22 8 44
2014-02-05T20:00:00 189 34 14 20 11 5 69 1 27 7 47
2014-02-05T19:00:00 200 31 12 22 11 6 84 1 30 6 48
2014-02-05T18:00:00 214 32 10 21 9 8 94 1 29 5 43
2014-02-05T17:00:00 206 31 10 24 8 8 96 1 27 4 47
2014-02-05T16:00:00 204 28 11 21 6 9 89 1 31 4 49
2014-02-05T15:00:00 186 29 8 18 7 8 80 1 30 3 44
2014-02-05T14:00:00 177 27 7 15 8 8 67 1 28 2 38
2014-02-05T13:00:00 155 22 7 12 8 5 48 1 25 2 35
2014-02-05T12:00:00 128 17 5 8 7 4 37 1 23 2 30
2014-02-05T11:00:00 99 12 4 2 5 3 25 1 20 2 22
2014-02-05T10:00:00 73 9 2 1 5 2 13 1 14 2 15
2014-02-11T17:00:00 125 24 11 7 4 9 40 4 14 4 33
2014-02-11T16:00:00 130 26 10 6 4 9 35 3 14 4 31
2014-02-11T15:00:00 127 24 7 6 6 9 31 3 11 4 28
2014-02-11T14:00:00 121 24 10 7 5 6 30 3 12 3 28
2014-02-11T13:00:00 108 23 6 7 5 3 26 3 13 2 31
2014-02-11T12:00:00 88 21 6 6 4 3 18 2 9 2 28
2014-02-11T11:00:00 78 17 4 4 3 3 10 0 6 1 19
2014-02-11T10:00:00 58 10 4 3 3 1 7 0 5 1 12
2014-02-11T09:00:00 40 8 4 2 0 0 7 0 6 1 12
2014-02-11T08:00:00 28 6 1 1 0 0 3 0 3 0 11
2014-02-11T07:00:00 26 7 1 1 0 0 1 0 2 0 8
2014-02-11T06:00:00 39 11 1 1 1 2 1 0 3 1 12
2014-02-12T17:00:00 121 17 7 8 8 8 37 2 19 2 31
2014-02-12T16:00:00 123 17 5 13 4 7 44 1 20 3 34
2014-02-12T15:00:00 127 15 4 12 2 7 37 1 19 2 32
2014-02-12T14:00:00 123 18 4 12 2 9 36 1 20 2 25
2014-02-12T13:00:00 114 17 3 13 2 9 28 1 20 2 22
2014-02-12T12:00:00 107 17 4 9 1 5 22 0 17 1 18
2014-02-12T11:00:00 83 15 4 8 0 5 16 0 13 1 14
2014-02-12T10:00:00 58 11 3 3 0 5 7 0 9 0 10
2014-02-12T09:00:00 39 9 2 2 0 4 4 0 8 0 8
2014-02-12T08:00:00 23 4 1 1 0 1 3 0 5 0 8
2014-02-19T21:00:00 115 38 11 15 3 9 23 2 14 1 25
2014-02-19T20:00:00 107 38 9 12 5 10 29 2 13 1 26
2014-02-19T19:00:00 103 35 11 12 6 11 34 2 11 2 27
2014-02-19T18:00:00 116 33 11 11 6 11 41 2 11 1 26
2014-02-19T17:00:00 120 32 10 10 6 10 39 2 15 1 26
2014-02-19T16:00:00 126 28 9 9 5 9 43 1 13 1 22
2014-02-19T15:00:00 118 22 7 6 3 6 43 0 12 1 23
2014-02-19T14:00:00 122 18 5 8 1 6 34 1 13 1 22
2014-02-19T13:00:00 119 18 4 8 1 7 27 1 12 1 20
2014-02-19T12:00:00 102 15 3 8 1 6 19 1 11 1 19
2014-02-19T11:00:00 81 11 2 8 1 5 15 1 5 1 14
2014-02-19T10:00:00 59 9 1 9 1 5 7 1 3 1 10
2014-03-10T18:00:00 109 17 19 6 5 8 22 1 7 0 35
2014-03-10T17:00:00 120 16 14 4 6 9 22 1 9 0 34
2014-03-10T16:00:00 125 10 15 5 7 7 23 1 11 0 34
2014-03-10T15:00:00 124 10 15 4 6 6 20 1 12 0 38
2014-03-10T14:00:00 116 13 17 4 4 6 17 0 13 0 39
2014-03-10T13:00:00 110 13 14 3 4 7 16 0 16 0 33
2014-03-10T12:00:00 99 14 11 2 2 5 12 0 15 0 33
2014-03-10T11:00:00 81 14 10 2 1 3 9 0 11 0 29
2014-03-10T10:00:00 60 11 7 1 0 3 7 0 10 0 24
2014-03-10T09:00:00 44 9 4 1 0 1 5 0 7 0 18
2014-03-10T08:00:00 34 6 0 1 0 1 4 0 5 0 12
2014-03-10T07:00:00 27 8 2 2 0 0 1 0 2 0 10
2014-03-16T15:00:00 185 31 19 26 10 14 97 1 27 3 63
2014-03-16T14:00:00 170 30 16 19 9 15 79 1 28 3 57
2014-03-16T13:00:00 149 29 15 15 8 12 63 1 25 3 57
2014-03-16T12:00:00 123 25 12 11 6 11 45 1 23 3 44
2014-03-16T11:00:00 101 22 9 7 3 7 28 1 15 2 38
2014-03-16T10:00:00 76 19 7 3 3 6 13 1 11 2 27
2014-03-16T09:00:00 56 17 3 1 1 6 5 0 7 1 19
2014-03-16T08:00:00 39 12 1 2 0 2 1 0 4 2 17
2014-03-16T07:00:00 31 13 1 2 0 1 4 1 2 3 12
2014-04-17T22:00:00 142 29 14 8 6 28 33 2 26 7 65
2014-04-17T21:00:00 146 25 13 11 7 27 30 2 23 5 59
2014-04-17T20:00:00 159 23 11 8 7 30 28 3 18 3 59
2014-04-17T19:00:00 169 24 13 7 5 26 26 3 25 3 54
2014-04-17T18:00:00 177 23 14 8 5 23 29 3 22 2 50
2014-04-17T17:00:00 182 22 19 8 5 27 34 3 25 2 50
2014-04-17T16:00:00 177 25 21 9 5 28 36 3 26 1 61
2014-04-17T15:00:00 170 22 22 7 4 24 36 3 29 1 70
2014-04-17T14:00:00 150 21 26 7 3 26 35 2 29 2 75
2014-04-17T13:00:00 152 20 26 6 2 26 35 2 23 2 70
2014-04-17T12:00:00 135 17 22 6 1 28 27 3 24 3 63
2014-04-17T11:00:00 107 13 17 5 2 24 20 1 18 2 56
2014-04-23T07:00:00 33 6 1 0 1 6 6 0 4 1 10
2014-04-23T06:00:00 39 8 3 0 1 3 10 0 2 1 16
2014-04-23T05:00:00 51 9 12 1 2 15 14 0 4 2 22
2014-04-23T04:00:00 77 17 20 2 2 19 21 1 10 4 41
2014-04-23T03:00:00 100 24 20 4 2 24 22 2 14 4 55
2014-04-23T02:00:00 115 31 25 5 1 29 25 2 20 5 62
2014-04-23T01:00:00 125 33 28 7 1 35 27 2 24 6 76
2014-04-23T00:00:00 129 34 30 7 1 36 28 2 26 6 84
2014-04-22T23:00:00 145 40 22 7 1 28 28 5 27 6 81
2014-04-22T22:00:00 139 35 21 6 1 27 25 5 24 4 69
2014-04-22T21:00:00 134 29 21 7 2 25 28 5 26 4 65
2014-04-22T20:00:00 145 23 19 7 2 22 33 5 22 4 65
2014-05-01T02:00:00 219 40 16 12 5 33 45 2 35 8 106
2014-05-01T01:00:00 234 45 14 15 6 33 49 4 38 9 116
2014-05-01T00:00:00 237 39 13 16 6 33 50 5 42 9 102
2014-04-30T23:00:00 230 39 9 14 6 37 41 4 40 6 95
2014-04-30T22:00:00 209 39 8 12 6 27 37 3 37 5 86
2014-04-30T21:00:00 209 35 9 13 8 21 37 3 31 6 71
2014-04-30T20:00:00 197 33 10 14 6 22 34 3 28 6 70
2014-04-30T19:00:00 197 27 9 13 7 23 37 1 27 5 64
2014-04-30T18:00:00 200 31 14 12 7 23 38 0 24 5 69
2014-04-30T17:00:00 208 32 14 12 8 20 41 0 23 6 68
2014-05-15T13:00:00 176 12 20 4 1 36 28 0 35 6 98
2014-05-15T12:00:00 157 10 18 3 1 32 23 0 31 6 88
2014-05-15T11:00:00 129 8 19 3 1 31 20 0 24 2 75
2014-05-15T10:00:00 96 6 13 2 1 21 17 0 20 2 63
2014-05-15T09:00:00 69 5 14 1 0 14 13 0 15 1 45
2014-05-15T08:00:00 45 2 6 1 0 9 8 0 10 1 35
2014-05-15T07:00:00 33 6 6 1 0 8 7 0 12 1 28
2014-05-15T06:00:00 37 7 7 1 0 10 9 0 12 1 43
2014-05-15T05:00:00 62 16 16 1 0 22 14 0 18 3 73
2014-05-15T04:00:00 112 21 23 1 1 32 22 0 28 5 101
2014-05-15T03:00:00 150 26 28 1 1 45 31 0 38 7 131
2014-05-15T02:00:00 188 28 32 2 5 58 37 0 45 11 152
2014-05-19T11:00:00 53 9 9 2 3 1 29 0 9 4 11
2014-05-19T10:00:00 38 7 8 2 2 1 21 0 7 4 10
2014-05-19T09:00:00 28 6 5 2 1 1 11 0 7 2 8
2014-05-19T08:00:00 20 5 4 1 0 1 7 0 4 0 8
2014-05-19T07:00:00 19 8 4 0 0 1 5 0 1 0 4
2014-05-19T06:00:00 30 10 10 1 0 2 6 0 3 0 7
2014-05-19T05:00:00 42 13 17 2 1 4 9 0 5 0 17
2014-05-19T04:00:00 64 22 21 4 3 5 10 1 11 0 23
2014-05-19T03:00:00 90 28 29 9 4 5 14 1 15 0 33
2014-05-19T02:00:00 113 32 31 13 5 8 26 1 17 2 34
2014-05-19T01:00:00 126 40 34 14 7 7 29 1 20 2 40
2014-05-21T14:00:00 128 31 24 3 3 3 38 1 23 0 24
2014-05-21T13:00:00 125 31 22 2 4 4 28 1 22 0 24
2014-05-21T12:00:00 105 22 16 2 4 4 25 1 14 1 24
2014-05-21T11:00:00 85 17 14 2 4 5 17 1 8 1 19
2014-05-21T10:00:00 70 14 10 2 4 5 15 0 6 1 16
2014-05-21T09:00:00 51 11 6 1 2 3 12 0 5 1 13
2014-05-21T08:00:00 29 4 4 1 1 4 9 0 2 1 8
2014-05-21T07:00:00 21 5 2 1 1 3 7 0 2 1 6
2014-05-21T06:00:00 29 4 7 2 1 3 6 0 3 1 9
2014-05-21T05:00:00 42 15 23 4 1 4 11 0 7 1 15
2014-05-21T04:00:00 69 22 36 8 1 5 15 1 13 3 27
2014-05-21T03:00:00 82 30 42 10 2 5 17 1 18 3 38
2014-07-28T01:00:00 182 62 20 13 5 11 55 2 37 4 34
2014-07-28T00:00:00 192 58 15 17 4 13 60 3 43 5 38
2014-07-27T23:00:00 185 49 13 15 6 12 64 3 43 5 36
2014-07-27T22:00:00 180 42 11 17 6 14 75 2 46 6 46
2014-07-27T21:00:00 165 45 13 15 9 12 93 1 47 5 50
2014-07-27T20:00:00 176 38 13 13 7 10 104 1 49 5 53
2014-07-27T19:00:00 178 44 15 17 9 8 118 1 47 4 60
2014-07-27T18:00:00 184 43 19 18 11 8 138 1 46 2 61
2014-07-27T17:00:00 191 45 21 22 9 10 153 1 44 3 61
2014-07-27T16:00:00 198 42 21 20 11 8 158 2 42 4 58
2014-07-30T08:00:00 63 9 3 1 5 2 12 1 8 1 12
2014-07-30T07:00:00 41 10 2 2 4 2 9 1 8 0 7
2014-07-30T06:00:00 52 15 2 3 7 1 11 3 8 1 15
2014-07-30T05:00:00 73 25 7 9 8 3 16 3 9 3 22
2014-07-30T04:00:00 111 35 11 10 8 3 22 4 20 3 29
2014-07-30T03:00:00 144 36 13 12 7 4 26 3 24 4 40
2014-07-30T02:00:00 168 51 18 18 7 5 36 3 28 4 47
2014-07-30T01:00:00 179 56 23 20 8 4 40 3 33 4 46
2014-07-30T00:00:00 184 52 25 21 5 7 40 2 33 3 46
2014-07-29T23:00:00 186 49 22 17 4 6 40 2 36 1 44
2014-07-29T22:00:00 168 45 19 18 5 6 43 2 28 1 38
2014-08-21T01:00:00 205 47 23 8 9 9 43 5 32 3 48
2014-08-21T00:00:00 198 45 21 7 11 8 43 5 34 3 47
2014-08-20T23:00:00 194 39 20 9 10 9 37 5 33 3 46
2014-08-20T22:00:00 176 39 20 9 9 10 39 4 31 2 44
2014-08-20T21:00:00 168 40 19 10 6 8 49 5 29 2 39
2014-08-20T20:00:00 163 41 17 13 10 9 56 4 28 2 30
2014-08-20T19:00:00 168 36 9 17 11 8 59 5 27 2 25
2014-08-20T18:00:00 173 38 10 17 9 7 68 4 23 3 31
2014-08-20T16:00:00 155 33 8 16 11 3 86 4 24 3 44
2014-08-20T15:00:00 156 36 6 15 11 4 82 3 27 2 41
2014-08-20T14:00:00 159 27 6 11 7 2 77 3 29 2 40
2014-08-30T03:00:00 158 58 27 10 7 8 48 0 24 6 38
2014-08-30T02:00:00 189 67 28 12 7 8 56 0 29 7 46
2014-08-30T01:00:00 210 68 30 16 5 7 58 0 33 6 55
2014-08-30T00:00:00 223 66 33 15 5 8 60 0 35 5 59
2014-08-29T23:00:00 219 64 31 14 3 6 56 0 35 4 61
2014-08-29T22:00:00 220 49 30 15 3 4 54 1 32 3 50
2014-08-29T21:00:00 213 43 28 13 4 3 52 1 29 2 48
2014-08-29T20:00:00 208 44 28 12 5 3 53 1 26 1 41
2014-08-29T19:00:00 207 39 28 8 7 7 61 1 26 0 37
2014-08-29T18:00:00 209 35 27 7 6 8 64 2 28 1 33
2014-08-29T17:00:00 183 24 25 5 6 8 60 2 22 1 30
2014-08-29T16:00:00 169 26 18 5 8 8 52 1 20 1 29
2014-09-25T10:00:00 74 10 15 6 1 1 17 0 8 0 16
2014-09-25T09:00:00 50 8 11 4 1 0 12 0 7 0 9
2014-09-25T08:00:00 38 8 6 4 0 0 6 0 5 0 6
2014-09-25T07:00:00 31 7 6 4 2 0 6 0 4 0 4
2014-09-25T06:00:00 38 11 15 5 3 0 6 1 3 0 8
2014-09-25T05:00:00 62 12 21 7 3 0 10 1 6 0 13
2014-09-25T04:00:00 88 21 34 9 3 5 19 1 10 0 27
2014-09-25T03:00:00 132 27 40 10 4 8 23 1 11 0 37
2014-09-25T02:00:00 154 33 47 14 5 8 29 1 13 1 46
2014-09-25T01:00:00 167 40 44 12 3 9 31 1 15 1 47
2014-09-25T00:00:00 180 40 40 14 2 10 39 0 16 1 47
2014-09-24T23:00:00 184 43 40 13 4 11 40 0 16 1 45
2014-10-03T14:00:00 247 53 21 21 6 10 179 1 51 7 58
2014-10-03T13:00:00 230 50 14 17 4 8 149 1 46 7 53
2014-10-03T12:00:00 193 41 14 13 4 8 128 1 40 6 49
2014-10-03T11:00:00 161 37 17 11 5 5 96 1 32 3 45
2014-10-03T10:00:00 128 27 16 10 3 3 68 0 25 2 31
2014-10-03T09:00:00 102 17 9 7 2 2 48 0 18 2 24
2014-10-03T08:00:00 75 13 4 5 1 1 37 0 8 1 22
2014-10-03T07:00:00 67 12 8 3 1 3 24 0 3 0 19
2014-10-03T06:00:00 67 19 10 5 3 2 22 0 3 1 14
2014-10-03T05:00:00 87 30 13 7 3 2 40 1 4 1 31
2014-10-03T04:00:00 127 41 22 7 3 5 66 2 12 1 56
2014-10-03T03:00:00 162 51 27 10 3 6 85 3 16 2 68
2014-10-17T17:00:00 213 39 45 8 4 9 60 0 18 1 55
2014-10-17T16:00:00 259 31 45 9 3 10 65 0 21 2 51
2014-10-17T15:00:00 315 34 45 9 3 13 57 0 21 2 40
2014-10-17T14:00:00 373 37 52 7 3 15 53 0 25 2 41
2014-10-17T13:00:00 397 29 51 5 1 12 50 0 22 1 30
2014-10-17T12:00:00 386 24 47 5 0 11 37 0 21 1 26
2014-10-17T11:00:00 308 20 38 3 0 8 30 0 16 1 15
2014-10-17T10:00:00 238 19 28 2 1 7 20 0 11 0 13
2014-10-17T09:00:00 158 13 22 1 1 3 18 0 11 0 11
2014-10-17T08:00:00 78 7 10 0 1 1 12 0 6 0 7
2014-10-17T07:00:00 33 10 9 1 1 0 10 0 7 0 7
2014-10-17T06:00:00 31 16 15 1 3 1 11 0 9 1 8
2014-10-29T15:00:00 125 33 53 4 2 7 54 3 14 0 39
2014-10-29T14:00:00 122 31 54 3 3 7 49 1 16 1 38
2014-10-29T13:00:00 106 31 52 3 4 5 40 1 14 1 31
2014-10-29T12:00:00 100 29 46 2 4 4 31 1 11 1 27
2014-10-29T11:00:00 94 25 33 0 4 4 22 1 9 2 24
2014-10-29T10:00:00 66 19 26 0 3 4 16 1 7 2 20
2014-10-29T09:00:00 59 19 13 0 2 2 8 0 5 2 15
2014-10-29T08:00:00 44 15 5 1 1 1 5 0 2 1 5
2014-10-29T07:00:00 38 10 6 1 0 1 3 0 1 1 7
