2013-06-13T01:00:00Z 152 75 -1 30 20 1.984125 68
2013-06-13T00:00:00Z 157 69 82 38 12 1.103375 62
2013-06-12T23:00:00Z 165 66 82 39 13 0.977250 72
2013-06-12T22:00:00Z 173 67 62 34 13 0.980875 83
2013-06-12T21:00:00Z 181 68 59 34 14 0.960375 88
2013-06-12T20:00:00Z 187 67 51 34 16 0.997250 94
2013-11-08T21:00:00Z 150 70 62 39 14 0.670500 91
2013-11-08T20:00:00Z 156 67 67 45 15 0.723667 87
2013-11-08T19:00:00Z 165 52 61 48 15 0.695167 88
2013-11-08T18:00:00Z 173 40 48 38 15 0.605000 101
2013-11-08T17:00:00Z 178 40 49 34 16 0.579167 113
2013-11-08T16:00:00Z 183 39 54 27 15 0.523167 127
2013-11-17T11:00:00Z 151 72 172 46 46 0.854000 56
2013-11-17T10:00:00Z 154 97 210 53 59 1.063833 43
2013-11-17T09:00:00Z 155 107 264 60 66 1.240667 26
2013-11-17T08:00:00Z 156 104 265 60 61 1.221167 18
2013-11-17T07:00:00Z 157 105 269 62 55 1.185667 14
2013-11-17T06:00:00Z 157 103 272 63 58 1.159333 14
2013-11-21T13:00:00Z 157 -1 -1 -1 -1 -1.000000 -1
2013-11-21T12:00:00Z 164 76 111 54 41 0.705833 115
2013-11-21T11:00:00Z 167 84 113 55 42 0.767667 111
2013-11-21T10:00:00Z 172 96 122 81 45 0.935333 70
2013-11-21T09:00:00Z 174 103 133 106 43 1.157167 32
2013-11-21T08:00:00Z 175 108 142 118 40 1.389500 18
2013-12-04T13:00:00Z 151 72 98 43 43 1.393833 95
2013-12-04T12:00:00Z 154 78 115 50 40 0.796833 92
2013-12-04T11:00:00Z 159 78 150 59 47 2.789167 70
2013-12-04T10:00:00Z 163 111 103 87 56 1.453000 33
2013-12-04T09:00:00Z 167 149 146 106 34 1.842833 11
2013-12-04T08:00:00Z 168 146 163 105 30 2.026000 9
2013-12-08T07:00:00Z 153 129 105 68 21 1.475333 12
2013-12-08T06:00:00Z 155 123 101 65 22 1.255500 22
2013-12-08T05:00:00Z 158 107 9 53 22 1.004167 40
2013-12-08T04:00:00Z 163 100 14 49 21 0.911167 49
2013-12-08T03:00:00Z 171 96 44 51 21 1.648000 52
2013-12-08T02:00:00Z 178 95 59 51 21 0.960167 55
2013-12-10T11:00:00Z 159 68 80 53 59 1.041167 40
2013-12-10T10:00:00Z 171 92 116 57 64 1.204000 29
2013-12-10T09:00:00Z 180 93 118 65 76 1.497500 17
2013-12-10T08:00:00Z 188 81 101 67 76 1.575167 12
2013-12-10T07:00:00Z 188 -1 -1 -1 -1 -1.000000 -1
2013-12-10T06:00:00Z 209 64 72 63 63 1.003167 12
2013-12-25T17:00:00Z 152 97 114 86 53 1.228333 16
2013-12-25T16:00:00Z 153 93 107 72 45 1.298600 28
2013-12-25T15:00:00Z 154 88 103 55 47 1.828200 39
2013-12-25T14:00:00Z 156 87 98 49 48 1.111200 43
2013-12-25T13:00:00Z 157 86 93 49 44 1.145400 44
2013-12-25T12:00:00Z 160 89 107 51 43 1.084400 40
2013-12-31T11:00:00Z 151 124 148 96 61 1.173875 29
2013-12-31T10:00:00Z 153 123 152 104 80 1.465125 15
2013-12-31T09:00:00Z 154 152 195 102 96 1.578500 12
2013-12-31T08:00:00Z 154 143 185 101 96 1.627625 10
2013-12-31T07:00:00Z 155 133 161 98 91 1.363750 9
2013-12-31T06:00:00Z 156 122 151 96 83 1.187375 10
2014-01-04T07:00:00Z 175 140 154 54 21 1.430571 14
2014-01-04T06:00:00Z 222 189 190 59 29 1.301500 16
2014-01-04T05:00:00Z 217 204 242 84 53 1.467125 13
2014-01-04T04:00:00Z 288 261 254 104 70 1.630250 10
2014-01-04T03:00:00Z 296 270 288 118 91 2.077125 9
2014-01-04T02:00:00Z 229 215 245 122 84 2.465500 9
2014-01-13T02:00:00Z 202 165 168 32 38 1.558875 43
2014-01-13T01:00:00Z 243 210 216 35 53 2.773375 46
2014-01-13T00:00:00Z 244 210 227 43 56 1.510750 47
2014-01-12T23:00:00Z 226 191 213 60 54 1.603857 37
2014-01-12T22:00:00Z 200 166 174 67 52 1.431286 53
2014-01-12T21:00:00Z 198 162 171 55 40 1.290286 62
2014-01-19T09:00:00Z 169 137 146 61 41 1.611429 22
2014-01-19T08:00:00Z 169 136 152 69 38 1.705571 13
2014-01-19T07:00:00Z 160 130 136 67 36 1.314375 13
2014-01-19T06:00:00Z 151 122 132 66 37 1.589000 16
2014-01-20T20:00:00Z 180 150 215 67 35 1.318429 30
2014-01-20T19:00:00Z 239 206 309 77 44 1.537143 29
2014-01-20T18:00:00Z 238 195 320 82 64 1.669250 27
2014-01-20T17:00:00Z 170 147 274 66 60 1.544429 40
2014-01-20T16:00:00Z 191 167 283 62 60 1.424286 45
2014-01-20T15:00:00Z 275 242 332 69 83 1.720571 49
2014-01-31T11:00:00Z 161 130 74 27 19 0.896875 92
2014-01-31T10:00:00Z 181 147 79 29 17 0.959000 84
2014-01-31T09:00:00Z 181 -1 -1 -1 -1 -1.000000 -1
2014-01-31T08:00:00Z 192 157 73 25 17 1.199429 87
2014-01-31T07:00:00Z 186 152 73 22 16 1.173143 95
2014-01-31T06:00:00Z 196 162 87 19 16 1.160571 102
2014-02-02T17:00:00Z 163 143 200 36 10 1.314714 35
2014-02-02T16:00:00Z 180 165 137 36 10 1.409857 31
2014-02-02T15:00:00Z 202 190 235 36 10 1.440857 29
2014-02-02T14:00:00Z 237 230 313 40 10 1.679857 23
2014-02-02T13:00:00Z 262 261 312 47 11 1.991857 17
2014-02-02T12:00:00Z 268 269 326 47 11 2.622667 12
2014-03-10T23:00:00Z 164 127 174 52 22 0.934714 81
2014-03-10T22:00:00Z 183 143 167 56 23 1.042143 83
2014-03-10T21:00:00Z 195 154 181 63 25 1.109143 83
2014-03-10T20:00:00Z 199 158 182 74 29 1.082143 84
2014-03-10T19:00:00Z 191 151 172 79 33 1.029000 92
2014-03-10T18:00:00Z 196 157 161 70 36 0.952857 114
2014-03-18T00:00:00Z 196 -1 -1 -1 -1 -1.000000 -1
2014-03-17T23:00:00Z 183 145 186 109 23 1.151286 37
2014-03-17T22:00:00Z 197 158 227 144 25 1.803429 19
2014-03-17T21:00:00Z 177 142 214 167 26 2.015000 15
2014-03-19T06:00:00Z 155 75 260 31 11 0.619000 78
2014-03-19T05:00:00Z 153 84 255 37 14 0.657714 69
2014-03-19T04:00:00Z 153 87 255 26 11 0.703857 87
2014-03-19T03:00:00Z 163 79 276 24 10 0.687286 90
2014-03-19T02:00:00Z 174 73 298 26 11 0.623857 84
2014-03-19T01:00:00Z 183 77 315 29 26 0.610857 98
2014-04-18T04:00:00Z 154 117 -1 50 23 1.093125 37
2014-04-18T03:00:00Z 187 141 148 61 28 1.219375 31
2014-04-18T02:00:00Z 208 159 163 82 42 1.540125 13
2014-04-18T01:00:00Z 208 158 163 91 49 1.846250 9
2014-04-18T00:00:00Z 207 157 165 93 44 1.915250 9
2014-04-17T23:00:00Z 208 159 175 95 42 1.988375 10
2014-05-14T18:00:00Z 159 120 158 62 30 1.223667 181
2014-05-14T17:00:00Z 170 130 166 56 39 1.364444 242
2014-05-14T16:00:00Z 165 120 142 47 42 1.387250 259
2014-05-14T15:00:00Z 174 133 185 44 38 1.232222 237
2014-05-14T14:00:00Z 173 131 158 44 42 1.555222 232
2014-05-14T13:00:00Z 163 124 149 48 40 1.418222 198
2014-05-22T04:00:00Z 153 117 123 24 14 0.816889 109
2014-05-22T03:00:00Z 156 119 119 25 14 0.860444 114
2014-05-22T02:00:00Z 171 126 129 29 15 0.845778 154
2014-05-22T01:00:00Z 177 134 141 29 18 0.859889 122
2014-05-22T00:00:00Z 182 138 151 32 17 0.939125 132
2014-05-21T23:00:00Z 171 129 156 39 15 0.964889 127
2014-05-25T19:00:00Z 185 140 157 69 21 1.510111 74
2014-05-25T18:00:00Z 241 191 214 71 20 1.471000 82
2014-05-25T17:00:00Z 258 208 244 66 15 1.485667 91
2014-05-25T16:00:00Z 241 192 223 63 14 1.491889 92
2014-05-25T15:00:00Z 191 146 180 53 11 1.271222 97
2014-05-25T14:00:00Z 166 126 147 47 13 1.154222 102
2014-05-27T11:00:00Z 174 132 189 48 55 0.761750 167
2014-05-27T10:00:00Z 221 171 254 75 39 1.179222 130
2014-05-27T09:00:00Z 265 215 309 99 49 1.451889 85
2014-05-27T08:00:00Z 281 231 322 99 47 1.592556 53
2014-05-27T07:00:00Z 279 229 309 84 39 1.625889 46
2014-05-27T06:00:00Z 274 224 307 68 32 1.583222 48
2014-06-28T20:00:00Z 157 119 161 52 18 0.982222 95
2014-06-28T19:00:00Z 156 119 124 55 21 1.007111 102
2014-06-28T18:00:00Z 156 -1 -1 -1 -1 -1.000000 -1
2014-06-28T17:00:00Z 171 129 149 42 21 0.968667 140
2014-06-28T16:00:00Z 205 157 213 42 19 1.047889 161
2014-06-28T15:00:00Z 205 -1 -1 -1 -1 -1.000000 -1
2014-06-29T18:00:00Z 205 -1 -1 -1 -1 -1.000000 -1
2014-06-29T17:00:00Z 168 127 145 40 20 0.972667 202
2014-06-29T16:00:00Z 187 142 177 41 24 0.968889 213
2014-06-29T15:00:00Z 193 147 189 40 23 1.000889 229
2014-06-29T14:00:00Z 193 -1 -1 -1 -1 -1.000000 -1
2014-06-29T13:00:00Z 172 130 165 40 24 0.998667 199
2014-07-11T13:00:00Z 172 -1 -1 -1 -1 -1.000000 -1
2014-07-11T12:00:00Z 247 165 302 71 27 1.390444 148
2014-07-11T11:00:00Z 209 160 214 56 30 1.741222 201
2014-07-11T10:00:00Z 218 168 209 59 38 1.427875 156
2014-07-11T09:00:00Z 205 157 211 79 25 1.564333 84
2014-07-11T08:00:00Z 205 -1 -1 -1 -1 -1.000000 -1
2014-08-26T05:00:00Z 159 120 149 50 22 1.174875 59
2014-08-26T04:00:00Z 162 122 139 46 20 1.215125 60
2014-08-26T03:00:00Z 159 121 139 45 18 1.232000 63
2014-08-26T02:00:00Z 155 118 142 44 19 1.633125 70
2014-10-15T22:00:00Z 158 119 164 112 27 1.194444 57
2014-10-15T21:00:00Z 170 128 186 127 30 1.421000 55
2014-10-15T20:00:00Z 173 131 198 126 34 1.449889 71
2014-10-15T19:00:00Z 173 -1 -1 -1 -1 -1.000000 -1
2014-10-15T18:00:00Z 166 126 199 117 47 1.439222 119
2014-11-07T01:00:00Z 169 128 147 42 28 1.237889 101
2014-11-07T00:00:00Z 182 137 157 49 20 1.227000 98
2014-11-06T23:00:00Z 184 139 160 52 19 1.223667 101
2014-11-06T22:00:00Z 177 136 155 50 18 1.212000 111
2014-11-06T21:00:00Z 177 -1 -1 -1 -1 -1.000000 -1
2014-11-06T20:00:00Z 200 151 206 64 22 1.312625 107
2014-11-12T15:00:00Z 153 117 115 46 29 0.970000 95
2014-11-12T14:00:00Z 198 152 197 48 34 1.248125 87
2014-11-12T13:00:00Z 198 -1 -1 -1 -1 -1.000000 -1
2014-11-12T12:00:00Z 252 200 228 57 46 1.449125 74
2014-11-12T11:00:00Z 274 236 273 77 59 1.945375 47
2014-11-12T10:00:00Z 264 225 263 80 66 2.543250 30
2014-11-17T13:00:00Z 154 117 123 32 28 1.107222 103
2014-11-17T12:00:00Z 181 137 142 37 34 0.978000 90
2014-11-17T11:00:00Z 235 185 207 49 42 1.276500 67
2014-11-17T10:00:00Z 261 211 250 59 46 1.582500 41
2014-11-17T09:00:00Z 237 187 239 65 46 1.563333 29
2014-11-17T08:00:00Z 242 192 218 72 49 1.547778 23
