2013-06-11T22:00:00Z 148 200 238 59 31 1.496000 42
2013-06-11T21:00:00Z 139 184 215 65 30 1.398250 46
2013-06-11T20:00:00Z 132 188 223 72 29 1.179625 52
2013-06-11T19:00:00Z 123 181 234 72 29 1.276500 69
2013-06-11T18:00:00Z 116 155 191 63 28 1.196750 96
2013-06-11T17:00:00Z 110 129 166 54 29 1.127125 120
2013-11-20T21:00:00Z 147 173 231 162 49 1.874667 9
2013-11-20T20:00:00Z 144 161 225 166 55 1.640500 12
2013-11-20T19:00:00Z 141 142 224 168 63 1.606167 12
2013-11-20T18:00:00Z 139 124 206 166 70 1.472833 15
2013-11-20T17:00:00Z 136 111 181 125 77 1.702167 47
2013-11-20T16:00:00Z 134 110 179 109 66 0.972667 80
2013-11-26T05:00:00Z 146 128 341 65 40 1.936286 11
2013-11-26T04:00:00Z 142 115 324 65 40 1.798286 11
2013-11-26T03:00:00Z 138 106 313 68 41 2.271143 11
2013-11-26T02:00:00Z 134 104 305 71 41 1.686571 11
2013-11-26T01:00:00Z 130 102 314 81 47 2.551000 11
2013-11-26T00:00:00Z 135 100 318 85 51 1.584714 11
2013-12-01T05:00:00Z 148 196 210 96 81 1.911000 10
2013-12-01T04:00:00Z 144 203 225 104 79 1.858000 11
2013-12-01T03:00:00Z 140 201 223 111 79 1.882500 12
2013-12-01T02:00:00Z 135 184 232 116 63 2.086500 12
2013-12-01T01:00:00Z 131 165 219 105 62 3.385833 45
2013-12-01T00:00:00Z 128 155 200 110 47 2.316667 11
2013-12-04T23:00:00Z 148 177 183 131 32 1.729000 32
2013-12-04T22:00:00Z 146 164 184 143 33 1.719833 27
2013-12-04T21:00:00Z 146 153 185 142 35 1.609500 34
2013-12-04T20:00:00Z 145 138 174 142 38 1.552333 37
2013-12-04T19:00:00Z 146 127 159 127 37 1.412667 52
2013-12-04T18:00:00Z 148 109 140 117 36 1.387167 60
2013-12-08T17:00:00Z 148 131 139 77 28 1.159167 89
2013-12-08T16:00:00Z 148 119 120 60 34 1.067500 112
2013-12-08T15:00:00Z 147 113 86 50 36 0.981500 117
2013-12-08T14:00:00Z 147 137 -1 47 37 0.991833 113
2013-12-08T13:00:00Z 146 178 80 56 37 1.193833 98
2013-12-08T12:00:00Z 143 181 132 72 38 1.418333 66
2013-12-26T06:00:00Z 140 280 298 77 93 1.906000 8
2013-12-26T05:00:00Z 131 214 258 75 95 1.581000 8
2013-12-26T04:00:00Z 126 164 194 66 61 1.149500 16
2013-12-26T03:00:00Z 125 124 157 67 44 1.002333 16
2013-12-26T02:00:00Z 126 101 126 73 32 1.069600 13
2013-12-26T01:00:00Z 128 90 112 79 34 0.928000 9
2013-12-29T07:00:00Z 147 153 180 73 84 1.700714 8
2013-12-29T06:00:00Z 145 141 178 73 87 1.830833 8
2013-12-29T05:00:00Z 143 125 163 71 77 1.452000 8
2013-12-29T04:00:00Z 141 124 149 74 63 1.524833 7
2013-12-29T03:00:00Z 139 137 167 78 62 1.672333 8
2013-12-29T02:00:00Z 137 145 157 83 71 3.030571 7
2013-12-31T21:00:00Z 147 119 159 124 49 1.607000 9
2013-12-31T20:00:00Z 124 98 144 124 41 1.445625 10
2013-12-31T19:00:00Z 112 89 124 117 35 1.219750 18
2013-12-31T18:00:00Z 93 71 113 110 32 1.055500 23
2013-12-31T17:00:00Z 86 66 97 80 27 0.855250 51
2013-12-31T16:00:00Z 89 69 95 63 29 1.089000 67
2014-01-03T07:00:00Z 134 109 119 87 39 1.188875 8
2014-01-03T06:00:00Z 119 97 102 83 32 1.080857 10
2014-01-03T05:00:00Z 107 87 80 76 27 0.869875 16
2014-01-03T04:00:00Z 103 82 81 72 23 0.794000 23
2014-01-03T03:00:00Z 99 79 82 69 22 0.799143 26
2014-01-03T02:00:00Z 98 77 77 68 22 0.851286 30
2014-01-12T18:00:00Z 141 114 133 50 30 0.958125 70
2014-01-12T17:00:00Z 133 107 125 43 30 0.944500 74
2014-01-12T16:00:00Z 113 89 109 41 35 0.947625 71
2014-01-12T15:00:00Z 104 81 93 40 37 0.892375 67
2014-01-12T14:00:00Z 92 69 82 39 34 0.890000 69
2014-01-12T13:00:00Z 92 -1 -1 -1 -1 -1.000000 -1
2014-01-17T18:00:00Z 123 102 119 116 48 1.244625 11
2014-01-17T17:00:00Z 122 97 100 104 45 0.957625 24
2014-01-17T16:00:00Z 122 -1 -1 -1 -1 -1.000000 -1
2014-01-17T15:00:00Z 106 83 97 79 34 0.764625 45
2014-01-17T14:00:00Z 106 -1 -1 -1 -1 -1.000000 -1
2014-01-17T13:00:00Z 101 79 82 68 30 0.984143 40
2014-01-18T06:00:00Z 118 95 100 41 25 0.928286 50
2014-01-18T05:00:00Z 106 84 78 36 22 0.822000 58
2014-01-18T04:00:00Z 109 86 66 34 23 0.763571 61
2014-01-18T03:00:00Z 138 110 114 42 27 0.836286 54
2014-01-19T18:00:00Z 147 120 141 69 27 1.178625 67
2014-01-19T17:00:00Z 112 89 108 53 26 0.942750 78
2014-01-19T16:00:00Z 101 80 92 38 25 0.842375 84
2014-01-19T15:00:00Z 101 -1 -1 -1 -1 -1.000000 -1
2014-01-19T14:00:00Z 127 101 105 43 31 0.928250 81
2014-01-19T13:00:00Z 119 93 101 43 32 0.960375 74
2014-01-29T23:00:00Z 144 117 115 67 17 1.004714 16
2014-01-29T22:00:00Z 134 109 106 68 16 1.135667 16
2014-01-29T21:00:00Z 121 98 95 72 15 1.106833 16
2014-01-29T20:00:00Z 108 86 88 77 15 1.056429 15
2014-01-29T19:00:00Z 88 69 75 81 16 1.022286 15
2014-01-29T18:00:00Z 75 57 65 76 16 0.911714 20
2014-02-01T21:00:00Z 141 114 135 89 18 1.248750 22
2014-02-01T20:00:00Z 121 97 118 81 17 1.150625 36
2014-02-01T19:00:00Z 105 84 102 74 16 0.992375 48
2014-02-01T18:00:00Z 96 77 89 67 15 0.909250 61
2014-02-01T17:00:00Z 88 70 78 41 14 0.697875 90
2014-02-01T16:00:00Z 85 67 71 32 15 0.715286 99
2014-02-19T21:00:00Z 147 121 138 88 40 1.768857 10
2014-02-19T20:00:00Z 136 110 131 87 37 1.668000 10
2014-02-19T19:00:00Z 125 101 124 81 35 1.386500 12
2014-02-19T18:00:00Z 113 89 114 71 36 1.470857 20
2014-02-19T17:00:00Z 95 74 97 60 34 1.392286 29
2014-02-19T16:00:00Z 84 63 79 52 31 1.143625 37
2014-03-18T07:00:00Z 138 109 146 108 22 1.643857 11
2014-03-18T06:00:00Z 133 106 122 101 19 1.212714 15
2014-03-18T05:00:00Z 132 105 121 98 20 1.024143 20
2014-03-18T04:00:00Z 132 -1 -1 -1 -1 -1.000000 -1
2014-03-18T03:00:00Z 126 98 113 94 22 0.950429 24
2014-03-18T02:00:00Z 129 100 116 93 22 0.889286 28
2014-04-17T08:00:00Z 139 105 126 76 29 0.987500 8
2014-04-17T07:00:00Z 131 99 121 74 29 0.976125 8
2014-04-17T06:00:00Z 125 95 113 74 28 0.992375 7
2014-04-17T05:00:00Z 120 91 105 73 21 1.050875 7
2014-04-17T04:00:00Z 119 90 103 75 19 1.018500 7
2014-04-17T03:00:00Z 128 97 113 78 19 1.023750 7
2014-05-14T12:00:00Z 132 100 119 54 33 1.395444 156
2014-05-14T11:00:00Z 92 69 86 65 20 1.303778 93
2014-05-14T10:00:00Z 79 58 58 65 12 1.166625 65
2014-05-14T09:00:00Z 78 57 -1 64 12 1.141556 39
2014-05-14T08:00:00Z 69 50 63 59 10 1.166111 21
2014-05-14T07:00:00Z 68 49 57 50 8 1.012556 28
2014-05-21T10:00:00Z 131 100 146 68 26 1.187222 97
2014-05-21T09:00:00Z 104 78 117 63 21 1.029889 59
2014-05-21T08:00:00Z 95 70 90 54 15 0.871556 37
2014-05-21T07:00:00Z 92 68 79 44 10 0.746889 28
2014-05-21T06:00:00Z 79 58 70 44 10 0.724889 19
2014-05-21T05:00:00Z 68 49 53 43 11 0.716222 16
2014-05-25T12:00:00Z 146 110 184 63 20 1.184222 66
2014-05-25T11:00:00Z 105 78 128 61 21 1.066111 56
2014-05-25T10:00:00Z 75 51 94 59 18 0.928222 38
2014-05-25T09:00:00Z 59 39 63 51 14 0.846000 27
2014-05-25T08:00:00Z 47 30 46 47 11 0.757667 27
2014-05-25T07:00:00Z 40 23 40 40 9 0.699444 24
2014-05-26T05:00:00Z 149 113 124 59 22 1.316333 22
2014-05-26T04:00:00Z 130 99 114 56 19 1.203222 25
2014-05-26T03:00:00Z 117 88 98 62 14 1.129889 20
2014-05-26T02:00:00Z 110 83 83 60 13 1.014111 22
2014-05-26T01:00:00Z 117 88 103 64 14 0.965333 22
2014-05-26T00:00:00Z 115 87 106 64 14 0.961556 26
2014-06-28T11:00:00Z 115 -1 -1 -1 -1 -1.000000 -1
2014-06-28T10:00:00Z 116 87 132 71 30 1.251444 51
2014-06-28T09:00:00Z 92 68 93 69 21 1.101667 26
2014-06-28T08:00:00Z 81 59 78 68 15 1.220667 13
2014-06-28T07:00:00Z 78 57 83 62 13 1.391222 9
2014-06-28T06:00:00Z 77 55 83 57 12 1.425444 9
2014-06-29T12:00:00Z 77 -1 -1 -1 -1 -1.000000 -1
2014-06-29T11:00:00Z 114 86 135 66 28 0.989778 89
2014-06-29T10:00:00Z 115 87 108 69 32 0.985111 66
2014-06-29T09:00:00Z 115 -1 -1 -1 -1 -1.000000 -1
2014-06-29T08:00:00Z 123 93 119 75 38 1.115556 23
2014-06-29T07:00:00Z 118 89 105 67 29 1.124000 14
2014-07-10T17:00:00Z 148 112 153 49 20 1.291333 197
2014-07-10T16:00:00Z 138 102 149 42 19 1.193333 204
2014-07-10T15:00:00Z 132 98 144 46 22 1.156778 181
2014-07-10T14:00:00Z 123 92 142 42 21 1.149556 167
2014-07-10T13:00:00Z 117 88 124 35 20 1.024556 168
2014-07-10T12:00:00Z 113 78 126 44 25 1.069667 126
2014-10-16T04:00:00Z 140 108 144 94 25 1.164111 46
2014-10-16T03:00:00Z 136 104 142 101 23 1.252333 50
2014-10-16T02:00:00Z 136 -1 -1 -1 -1 -1.000000 -1
2014-10-16T01:00:00Z 128 98 139 96 28 1.950000 56
2014-10-16T00:00:00Z 126 95 124 104 24 1.051667 57
2014-10-15T23:00:00Z 125 94 125 105 23 1.007111 60
2014-10-21T08:00:00Z 125 -1 -1 -1 -1 -1.000000 -1
2014-10-21T07:00:00Z 81 63 108 76 31 1.219625 17
2014-10-21T06:00:00Z 81 -1 -1 -1 -1 -1.000000 -1
2014-10-21T05:00:00Z 69 48 62 58 17 0.904250 12
2014-10-21T04:00:00Z 65 48 61 52 14 0.840500 15
2014-10-21T03:00:00Z 59 38 56 44 14 0.746125 20
2014-11-06T04:00:00Z 115 86 112 76 20 0.915000 28
2014-11-06T03:00:00Z 68 43 72 82 13 0.847625 16
2014-11-06T02:00:00Z 65 46 56 74 11 1.150875 35
2014-11-06T01:00:00Z 57 39 42 71 32 0.844500 32
2014-11-06T00:00:00Z 54 38 44 72 13 0.685750 38
2014-11-05T23:00:00Z 57 39 56 75 9 0.745000 38
2014-11-11T22:00:00Z 125 92 143 118 22 0.992250 20
2014-11-11T21:00:00Z 109 81 131 105 17 0.871875 31
2014-11-11T20:00:00Z 95 70 132 97 15 0.766571 41
2014-11-11T19:00:00Z 92 62 117 105 22 0.839750 39
2014-11-11T18:00:00Z 82 54 102 83 27 0.806500 70
2014-11-11T17:00:00Z 74 48 89 69 26 1.108375 90
