2014-10-03T16:00:00Z 2014-10-03T18:00:00Z 123.000000 166.000000 80.000000 7.000000 2.200000 11.000000 4 5 0
2014-10-03T15:00:00Z 2014-10-03T17:00:00Z 123.000000 166.000000 80.000000 7.000000 2.200000 11.000000 4 5 0
2014-10-02T21:00:00Z 2014-10-02T23:00:00Z 116.000000 166.000000 105.000000 2.000000 2.000000 5.000000 4 3 0
2014-09-25T20:00:00Z 2014-09-25T22:00:00Z 128.000000 130.000000 68.000000 4.000000 1.400000 56.000000 4 4 1
2014-09-25T19:00:00Z 2014-09-25T21:00:00Z 122.000000 126.000000 64.000000 3.000000 1.300000 60.000000 4 4 1
2014-09-25T18:00:00Z 2014-09-25T20:00:00Z 126.000000 126.000000 62.000000 4.000000 1.200000 60.000000 4 4 1
2014-09-25T12:00:00Z 2014-09-25T14:00:00Z 137.000000 156.000000 87.000000 3.000000 1.900000 10.000000 4 5 1
2014-09-25T10:00:00Z 2014-09-25T12:00:00Z 117.000000 134.000000 67.000000 3.000000 1.700000 16.000000 4 4 1
2014-09-22T18:00:00Z 2014-09-22T20:00:00Z 118.000000 144.000000 92.000000 23.000000 3.300000 12.000000 4 3 1
2014-09-22T16:00:00Z 2014-09-22T18:00:00Z 118.000000 144.000000 92.000000 23.000000 3.300000 12.000000 4 4 1
2014-09-22T14:00:00Z 2014-09-22T16:00:00Z 131.000000 177.000000 92.000000 24.000000 3.600000 14.000000 4 4 1
2014-09-22T13:00:00Z 2014-09-22T15:00:00Z 127.000000 172.000000 88.000000 24.000000 3.700000 17.000000 4 4 1
2014-09-22T12:00:00Z 2014-09-22T14:00:00Z 121.000000 158.000000 91.000000 24.000000 3.800000 12.000000 4 4 1
2014-09-20T18:00:00Z 2014-09-20T20:00:00Z 148.000000 186.000000 50.000000 13.000000 1.300000 189.000000 4 5 1
2014-09-20T00:00:00Z 2014-09-20T02:00:00Z 136.000000 144.000000 127.000000 4.000000 2.100000 4.000000 4 4 1
2014-09-19T22:00:00Z 2014-09-20T00:00:00Z 121.000000 142.000000 77.000000 10.000000 1.600000 63.000000 4 4 1
2014-09-19T12:00:00Z 2014-09-19T14:00:00Z 134.000000 144.000000 55.000000 22.000000 1.100000 88.000000 4 3 1
2014-09-19T10:00:00Z 2014-09-19T12:00:00Z 118.000000 229.000000 130.000000 9.000000 1.600000 11.000000 4 4 1
2014-09-11T20:00:00Z 2014-09-11T22:00:00Z 130.000000 156.000000 74.000000 32.000000 1.900000 71.000000 4 3 1
2014-09-11T19:00:00Z 2014-09-11T21:00:00Z 125.000000 171.000000 71.000000 32.000000 1.900000 89.000000 4 4 1
2014-09-10T11:00:00Z 2014-09-10T13:00:00Z 117.000000 147.000000 76.000000 29.000000 1.900000 78.000000 4 2 1
2014-09-07T20:00:00Z 2014-09-07T22:00:00Z 135.000000 152.000000 28.000000 23.000000 1.500000 159.000000 4 5 1
2014-09-07T19:00:00Z 2014-09-07T21:00:00Z 129.000000 171.000000 25.000000 24.000000 1.500000 175.000000 4 4 1
2014-09-07T18:00:00Z 2014-09-07T20:00:00Z 120.000000 165.000000 23.000000 22.000000 1.400000 175.000000 4 4 1
2014-09-06T23:00:00Z 2014-09-07T01:00:00Z 139.000000 166.000000 48.000000 22.000000 1.200000 115.000000 4 5 1
2014-09-06T21:00:00Z 2014-09-06T23:00:00Z 147.000000 172.000000 53.000000 21.000000 1.300000 121.000000 4 4 1
2014-09-06T20:00:00Z 2014-09-06T22:00:00Z 128.000000 183.000000 38.000000 18.000000 1.200000 145.000000 4 5 1
2014-09-06T19:00:00Z 2014-09-06T21:00:00Z 116.000000 154.000000 36.000000 18.000000 1.100000 156.000000 4 4 1
2014-09-05T21:00:00Z 2014-09-05T23:00:00Z 150.000000 189.000000 40.000000 27.000000 1.400000 192.000000 4 5 0
2014-09-01T10:00:00Z 2014-09-01T12:00:00Z 132.000000 162.000000 78.000000 8.000000 2.600000 17.000000 4 5 0
2014-08-30T08:00:00Z 2014-08-30T10:00:00Z 150.000000 155.000000 70.000000 10.000000 1.900000 21.000000 4 5 1
2014-08-30T03:00:00Z 2014-08-30T05:00:00Z 128.000000 199.000000 108.000000 5.000000 1.000000 10.000000 4 5 1
2014-08-28T04:00:00Z 2014-08-28T06:00:00Z 116.000000 198.000000 123.000000 20.000000 1.000000 18.000000 4 2 1
2014-08-28T03:00:00Z 2014-08-28T05:00:00Z 121.000000 201.000000 90.000000 26.000000 0.900000 47.000000 4 3 1
2014-08-23T19:00:00Z 2014-08-23T21:00:00Z 132.000000 204.000000 32.000000 11.000000 1.300000 186.000000 4 5 1
2014-08-23T09:00:00Z 2014-08-23T11:00:00Z 142.000000 170.000000 72.000000 8.000000 1.300000 48.000000 4 5 1
2014-08-23T08:00:00Z 2014-08-23T10:00:00Z 136.000000 192.000000 89.000000 7.000000 1.400000 23.000000 4 5 1
2014-08-23T07:00:00Z 2014-08-23T09:00:00Z 117.000000 171.000000 94.000000 6.000000 1.300000 12.000000 4 4 1
2014-08-23T05:00:00Z 2014-08-23T07:00:00Z 129.000000 139.000000 117.000000 6.000000 1.400000 10.000000 4 4 1
2014-08-23T02:00:00Z 2014-08-23T04:00:00Z 126.000000 242.000000 135.000000 7.000000 1.700000 13.000000 4 4 1
2014-08-23T01:00:00Z 2014-08-23T03:00:00Z 119.000000 184.000000 140.000000 7.000000 1.800000 10.000000 4 4 1
2014-08-23T00:00:00Z 2014-08-23T02:00:00Z 126.000000 169.000000 122.000000 6.000000 1.600000 18.000000 4 4 1
2014-08-22T22:00:00Z 2014-08-23T00:00:00Z 136.000000 177.000000 94.000000 10.000000 1.500000 51.000000 4 4 1
2014-08-22T20:00:00Z 2014-08-22T22:00:00Z 126.000000 179.000000 96.000000 11.000000 1.500000 73.000000 4 4 1
2014-08-21T19:00:00Z 2014-08-21T21:00:00Z 147.000000 162.000000 33.000000 24.000000 1.600000 195.000000 4 4 1
2014-08-21T18:00:00Z 2014-08-21T20:00:00Z 139.000000 215.000000 29.000000 19.000000 1.400000 214.000000 4 5 1
2014-08-21T17:00:00Z 2014-08-21T19:00:00Z 131.000000 140.000000 25.000000 18.000000 1.200000 230.000000 4 4 1
2014-08-21T05:00:00Z 2014-08-21T07:00:00Z 147.000000 181.000000 50.000000 18.000000 1.200000 59.000000 4 5 1
2014-08-21T04:00:00Z 2014-08-21T06:00:00Z 140.000000 177.000000 53.000000 17.000000 1.100000 62.000000 4 5 1
2014-08-21T03:00:00Z 2014-08-21T05:00:00Z 131.000000 172.000000 49.000000 17.000000 1.100000 75.000000 4 4 1
2014-08-21T02:00:00Z 2014-08-21T04:00:00Z 125.000000 167.000000 43.000000 16.000000 1.100000 91.000000 4 4 1
2014-08-21T01:00:00Z 2014-08-21T03:00:00Z 116.000000 152.000000 48.000000 15.000000 1.100000 96.000000 4 4 1
2014-08-20T17:00:00Z 2014-08-20T19:00:00Z 117.000000 150.000000 21.000000 44.000000 1.500000 232.000000 4 3 1
2014-08-20T11:00:00Z 2014-08-20T13:00:00Z 133.000000 139.000000 53.000000 20.000000 1.300000 129.000000 4 3 1
2014-08-20T10:00:00Z 2014-08-20T12:00:00Z 140.000000 186.000000 77.000000 19.000000 1.500000 69.000000 4 3 1
2014-08-20T09:00:00Z 2014-08-20T11:00:00Z 132.000000 184.000000 72.000000 20.000000 1.400000 47.000000 4 4 1
2014-08-20T07:00:00Z 2014-08-20T09:00:00Z 117.000000 150.000000 57.000000 19.000000 1.300000 37.000000 4 4 1
2014-08-19T11:00:00Z 2014-08-19T13:00:00Z 132.000000 140.000000 57.000000 12.000000 1.300000 145.000000 4 3 1
2014-06-17T16:00:00Z 2014-06-17T18:00:00Z 147.000000 192.000000 32.000000 4.000000 1.300000 179.000000 4 1 1
2014-06-17T15:00:00Z 2014-06-17T17:00:00Z 141.000000 157.000000 33.000000 5.000000 1.300000 177.000000 4 4 1
2014-06-17T14:00:00Z 2014-06-17T16:00:00Z 120.000000 150.000000 47.000000 6.000000 1.300000 141.000000 4 4 1
2014-06-16T22:00:00Z 2014-06-17T00:00:00Z 118.000000 141.000000 49.000000 4.000000 1.200000 129.000000 4 5 1
2014-06-16T18:00:00Z 2014-06-16T20:00:00Z 116.000000 119.000000 29.000000 4.000000 1.000000 188.000000 4 3 1
2014-06-16T05:00:00Z 2014-06-16T07:00:00Z 130.000000 171.000000 41.000000 4.000000 1.100000 55.000000 4 5 1
2014-06-15T15:00:00Z 2014-06-15T17:00:00Z 137.000000 265.000000 35.000000 37.000000 1.400000 245.000000 4 5 1
2014-06-15T10:00:00Z 2014-06-15T12:00:00Z 126.000000 198.000000 75.000000 24.000000 1.400000 103.000000 4 3 1
2014-06-15T08:00:00Z 2014-06-15T10:00:00Z 141.000000 186.000000 82.000000 29.000000 1.400000 53.000000 4 4 1
2014-06-15T01:00:00Z 2014-06-15T03:00:00Z 129.000000 153.000000 74.000000 24.000000 1.700000 68.000000 4 3 1
2014-05-25T10:00:00Z 2014-05-25T12:00:00Z 129.000000 567.000000 21.000000 2.000000 0.300000 73.000000 4 2 1
2014-05-22T01:00:00Z 2014-05-22T03:00:00Z 146.000000 257.000000 136.000000 31.000000 1.800000 14.000000 4 5 1
2014-05-22T00:00:00Z 2014-05-22T02:00:00Z 145.000000 260.000000 118.000000 28.000000 1.900000 42.000000 4 5 1
2014-05-21T23:00:00Z 2014-05-22T01:00:00Z 150.000000 249.000000 106.000000 26.000000 2.100000 81.000000 4 4 1
2014-05-21T20:00:00Z 2014-05-21T22:00:00Z 143.000000 256.000000 43.000000 36.000000 1.700000 229.000000 4 5 1
2014-05-21T19:00:00Z 2014-05-21T21:00:00Z 133.000000 227.000000 35.000000 38.000000 1.700000 258.000000 4 5 1
2014-05-21T18:00:00Z 2014-05-21T20:00:00Z 122.000000 231.000000 30.000000 38.000000 1.500000 256.000000 4 4 1
2014-05-21T17:00:00Z 2014-05-21T19:00:00Z 146.000000 278.000000 26.000000 38.000000 1.300000 248.000000 4 4 1
2014-05-21T00:00:00Z 2014-05-21T02:00:00Z 118.000000 170.000000 75.000000 26.000000 1.700000 71.000000 4 3 1
2014-05-20T23:00:00Z 2014-05-21T01:00:00Z 122.000000 158.000000 57.000000 29.000000 2.000000 128.000000 4 3 1
2014-05-20T22:00:00Z 2014-05-21T00:00:00Z 133.000000 297.000000 57.000000 36.000000 2.400000 160.000000 4 4 1
2014-05-19T22:00:00Z 2014-05-20T00:00:00Z 141.000000 279.000000 126.000000 15.000000 1.500000 78.000000 4 5 1
2014-05-19T17:00:00Z 2014-05-19T19:00:00Z 131.000000 172.000000 39.000000 21.000000 0.900000 229.000000 4 3 1
2014-05-19T11:00:00Z 2014-05-19T13:00:00Z 128.000000 174.000000 46.000000 30.000000 1.300000 122.000000 4 5 1
2014-05-19T01:00:00Z 2014-05-19T03:00:00Z 118.000000 216.000000 52.000000 26.000000 0.800000 125.000000 4 2 1
2014-05-18T23:00:00Z 2014-05-19T01:00:00Z 118.000000 214.000000 58.000000 29.000000 0.900000 152.000000 4 4 1
2014-05-18T21:00:00Z 2014-05-18T23:00:00Z 132.000000 201.000000 43.000000 35.000000 1.000000 198.000000 4 4 1
2014-05-18T18:00:00Z 2014-05-18T20:00:00Z 128.000000 251.000000 39.000000 65.000000 1.100000 261.000000 4 5 1
2014-05-08T07:00:00Z 2014-05-08T09:00:00Z 131.000000 131.000000 64.000000 26.000000 2.000000 38.000000 4 3 1
2014-05-08T06:00:00Z 2014-05-08T08:00:00Z 131.000000 141.000000 58.000000 26.000000 1.800000 35.000000 4 3 1
2014-05-08T04:00:00Z 2014-05-08T06:00:00Z 131.000000 136.000000 61.000000 23.000000 1.500000 32.000000 4 4 1
2014-05-08T03:00:00Z 2014-05-08T05:00:00Z 121.000000 135.000000 62.000000 22.000000 1.400000 34.000000 4 4 1
2014-05-08T02:00:00Z 2014-05-08T04:00:00Z 122.000000 136.000000 52.000000 19.000000 1.100000 51.000000 4 4 1
2014-05-07T08:00:00Z 2014-05-07T10:00:00Z 120.000000 224.000000 78.000000 33.000000 1.500000 32.000000 4 2 1
2014-05-07T07:00:00Z 2014-05-07T09:00:00Z 144.000000 235.000000 98.000000 32.000000 2.600000 8.000000 4 3 1
2014-05-07T06:00:00Z 2014-05-07T08:00:00Z 146.000000 188.000000 97.000000 39.000000 2.600000 5.000000 4 4 1
2014-05-07T05:00:00Z 2014-05-07T07:00:00Z 142.000000 167.000000 81.000000 44.000000 2.800000 14.000000 4 4 1
2014-05-07T04:00:00Z 2014-05-07T06:00:00Z 142.000000 165.000000 80.000000 50.000000 2.700000 20.000000 4 4 1
2014-05-07T03:00:00Z 2014-05-07T05:00:00Z 146.000000 171.000000 96.000000 53.000000 2.900000 8.000000 4 4 1
2014-05-07T02:00:00Z 2014-05-07T04:00:00Z 137.000000 178.000000 96.000000 52.000000 3.000000 8.000000 4 4 1
2014-05-07T01:00:00Z 2014-05-07T03:00:00Z 134.000000 197.000000 94.000000 46.000000 2.600000 15.000000 4 4 1
2014-05-07T00:00:00Z 2014-05-07T02:00:00Z 120.000000 220.000000 98.000000 40.000000 2.000000 20.000000 4 4 1
2014-05-06T23:00:00Z 2014-05-07T01:00:00Z 131.000000 232.000000 94.000000 49.000000 1.700000 36.000000 4 4 1
2014-05-06T22:00:00Z 2014-05-07T00:00:00Z 126.000000 235.000000 83.000000 48.000000 1.600000 54.000000 4 4 1
2014-05-06T21:00:00Z 2014-05-06T23:00:00Z 126.000000 212.000000 70.000000 42.000000 1.400000 75.000000 4 4 1
2014-05-06T20:00:00Z 2014-05-06T22:00:00Z 117.000000 222.000000 62.000000 39.000000 1.300000 93.000000 4 4 1
2014-05-06T18:00:00Z 2014-05-06T20:00:00Z 116.000000 177.000000 55.000000 38.000000 1.100000 113.000000 4 4 1
2014-05-01T17:00:00Z 2014-05-01T19:00:00Z 143.000000 230.000000 23.000000 40.000000 1.200000 173.000000 4 2 0
2014-05-01T16:00:00Z 2014-05-01T18:00:00Z 148.000000 207.000000 22.000000 44.000000 1.300000 173.000000 4 3 0
2014-05-01T15:00:00Z 2014-05-01T17:00:00Z 137.000000 204.000000 21.000000 42.000000 1.200000 170.000000 4 4 0
2014-05-01T14:00:00Z 2014-05-01T16:00:00Z 145.000000 172.000000 21.000000 41.000000 1.200000 162.000000 4 4 0
2014-05-01T12:00:00Z 2014-05-01T14:00:00Z 143.000000 212.000000 24.000000 40.000000 1.100000 137.000000 4 4 0
2014-05-01T08:00:00Z 2014-05-01T10:00:00Z 148.000000 195.000000 55.000000 29.000000 1.200000 43.000000 4 5 0
2014-05-01T07:00:00Z 2014-05-01T09:00:00Z 138.000000 196.000000 44.000000 25.000000 1.100000 50.000000 4 5 0
2014-05-01T06:00:00Z 2014-05-01T08:00:00Z 132.000000 194.000000 44.000000 23.000000 1.000000 52.000000 4 4 0
2014-05-01T05:00:00Z 2014-05-01T07:00:00Z 129.000000 182.000000 36.000000 24.000000 1.000000 64.000000 4 4 0
2014-05-01T04:00:00Z 2014-05-01T06:00:00Z 118.000000 179.000000 30.000000 26.000000 0.900000 80.000000 4 4 0
2014-04-25T20:00:00Z 2014-04-25T22:00:00Z 119.000000 310.000000 30.000000 7.000000 0.500000 74.000000 4 3 1
2014-04-25T19:00:00Z 2014-04-25T21:00:00Z 120.000000 276.000000 38.000000 9.000000 0.500000 78.000000 4 3 1
2014-04-25T18:00:00Z 2014-04-25T20:00:00Z 128.000000 309.000000 35.000000 11.000000 0.600000 98.000000 4 4 1
2014-04-23T18:00:00Z 2014-04-23T20:00:00Z 132.000000 145.000000 29.000000 45.000000 1.200000 161.000000 4 3 1
2014-04-23T09:00:00Z 2014-04-23T11:00:00Z 137.000000 174.000000 42.000000 25.000000 1.000000 48.000000 4 5 1
2014-04-23T08:00:00Z 2014-04-23T10:00:00Z 127.000000 162.000000 52.000000 22.000000 1.000000 34.000000 4 5 1
2014-04-22T03:00:00Z 2014-04-22T05:00:00Z 121.000000 178.000000 95.000000 11.000000 1.100000 2.000000 4 2 1
2014-04-18T19:00:00Z 2014-04-18T21:00:00Z 128.000000 148.000000 80.000000 31.000000 1.800000 56.000000 4 3 1
2014-04-18T07:00:00Z 2014-04-18T09:00:00Z 141.000000 149.000000 72.000000 15.000000 1.600000 2.000000 4 5 1
2014-04-18T06:00:00Z 2014-04-18T08:00:00Z 120.000000 154.000000 75.000000 19.000000 1.900000 2.000000 4 3 1
2014-04-18T05:00:00Z 2014-04-18T07:00:00Z 116.000000 141.000000 74.000000 20.000000 1.700000 2.000000 4 4 1
2014-04-18T03:00:00Z 2014-04-18T05:00:00Z 120.000000 137.000000 80.000000 23.000000 1.300000 2.000000 4 4 1
2014-04-18T02:00:00Z 2014-04-18T04:00:00Z 118.000000 137.000000 85.000000 23.000000 1.900000 2.000000 4 4 1
2014-04-18T01:00:00Z 2014-04-18T03:00:00Z 123.000000 139.000000 91.000000 28.000000 2.100000 3.000000 4 4 1
2014-04-18T00:00:00Z 2014-04-18T02:00:00Z 118.000000 153.000000 86.000000 31.000000 2.400000 13.000000 4 4 1
2014-04-13T20:00:00Z 2014-04-13T22:00:00Z 144.000000 179.000000 44.000000 27.000000 1.200000 157.000000 4 5 1
2014-04-13T18:00:00Z 2014-04-13T20:00:00Z 138.000000 157.000000 31.000000 32.000000 1.100000 212.000000 4 4 1
2014-04-02T18:00:00Z 2014-04-02T20:00:00Z 130.000000 277.000000 43.000000 30.000000 1.300000 112.000000 4 3 0
2014-04-02T17:00:00Z 2014-04-02T19:00:00Z 133.000000 314.000000 39.000000 38.000000 1.700000 135.000000 4 3 0
2014-04-02T10:00:00Z 2014-04-02T12:00:00Z 148.000000 180.000000 67.000000 36.000000 1.200000 58.000000 4 3 0
2014-04-02T08:00:00Z 2014-04-02T10:00:00Z 141.000000 252.000000 99.000000 26.000000 1.400000 9.000000 4 4 0
2014-04-02T06:00:00Z 2014-04-02T08:00:00Z 120.000000 167.000000 102.000000 21.000000 1.200000 2.000000 4 4 0
2014-04-02T05:00:00Z 2014-04-02T07:00:00Z 126.000000 141.000000 82.000000 26.000000 1.100000 10.000000 4 4 0
2014-04-02T04:00:00Z 2014-04-02T06:00:00Z 124.000000 154.000000 62.000000 32.000000 1.100000 32.000000 4 4 0
2014-04-02T03:00:00Z 2014-04-02T05:00:00Z 116.000000 150.000000 48.000000 36.000000 1.000000 52.000000 4 4 0
2014-04-01T05:00:00Z 2014-04-01T07:00:00Z 138.000000 145.000000 78.000000 15.000000 1.600000 4.000000 4 5 0
2014-03-31T07:00:00Z 2014-03-31T09:00:00Z 147.000000 188.000000 94.000000 33.000000 1.800000 7.000000 4 5 1
2014-03-31T06:00:00Z 2014-03-31T08:00:00Z 133.000000 180.000000 96.000000 36.000000 1.800000 5.000000 4 5 1
2014-03-31T05:00:00Z 2014-03-31T07:00:00Z 142.000000 189.000000 99.000000 43.000000 1.900000 4.000000 4 4 1
2014-03-31T02:00:00Z 2014-03-31T04:00:00Z 132.000000 208.000000 52.000000 35.000000 1.100000 55.000000 4 5 1
2014-03-28T20:00:00Z 2014-03-28T22:00:00Z 146.000000 173.000000 77.000000 37.000000 2.300000 50.000000 4 5 1
2014-03-28T19:00:00Z 2014-03-28T21:00:00Z 145.000000 194.000000 65.000000 39.000000 2.200000 78.000000 4 5 1
2014-03-28T07:00:00Z 2014-03-28T09:00:00Z 148.000000 174.000000 73.000000 27.000000 2.100000 8.000000 4 3 1
2014-03-28T02:00:00Z 2014-03-28T04:00:00Z 146.000000 227.000000 88.000000 40.000000 2.300000 2.000000 4 5 1
2014-03-28T00:00:00Z 2014-03-28T02:00:00Z 121.000000 203.000000 93.000000 44.000000 2.500000 4.000000 4 4 1
2014-03-27T22:00:00Z 2014-03-28T00:00:00Z 118.000000 227.000000 96.000000 41.000000 2.800000 4.000000 4 4 1
2014-03-25T21:00:00Z 2014-03-25T23:00:00Z 142.000000 155.000000 88.000000 31.000000 1.400000 66.000000 4 5 1
2014-03-25T19:00:00Z 2014-03-25T21:00:00Z 126.000000 177.000000 65.000000 47.000000 1.300000 133.000000 4 4 1
2014-03-25T18:00:00Z 2014-03-25T20:00:00Z 124.000000 165.000000 45.000000 44.000000 1.100000 171.000000 4 5 1
2014-03-24T17:00:00Z 2014-03-24T19:00:00Z 132.000000 172.000000 42.000000 58.000000 1.300000 148.000000 4 5 1
2014-03-23T21:00:00Z 2014-03-23T23:00:00Z 149.000000 172.000000 80.000000 35.000000 1.300000 87.000000 4 5 1
2014-03-23T20:00:00Z 2014-03-23T22:00:00Z 124.000000 149.000000 45.000000 34.000000 1.000000 134.000000 4 5 1
2014-03-23T19:00:00Z 2014-03-23T21:00:00Z 128.000000 148.000000 47.000000 34.000000 1.200000 147.000000 4 4 1
2014-03-23T09:00:00Z 2014-03-23T11:00:00Z 146.000000 208.000000 95.000000 51.000000 2.100000 18.000000 4 5 1
2014-03-23T08:00:00Z 2014-03-23T10:00:00Z 141.000000 202.000000 97.000000 45.000000 2.200000 12.000000 4 5 1
2014-03-23T07:00:00Z 2014-03-23T09:00:00Z 133.000000 196.000000 102.000000 45.000000 2.100000 6.000000 4 4 1
2014-03-17T07:00:00Z 2014-03-17T09:00:00Z 143.000000 168.000000 96.000000 49.000000 2.400000 16.000000 4 5 1
2014-03-17T06:00:00Z 2014-03-17T08:00:00Z 137.000000 160.000000 101.000000 45.000000 2.400000 15.000000 4 5 1
2014-03-17T05:00:00Z 2014-03-17T07:00:00Z 140.000000 148.000000 93.000000 42.000000 2.100000 15.000000 4 4 1
2014-03-17T04:00:00Z 2014-03-17T06:00:00Z 139.000000 147.000000 85.000000 44.000000 2.100000 26.000000 4 4 1
2014-03-17T01:00:00Z 2014-03-17T03:00:00Z 121.000000 139.000000 50.000000 40.000000 1.700000 57.000000 4 3 1
2014-03-17T00:00:00Z 2014-03-17T02:00:00Z 149.000000 164.000000 54.000000 46.000000 1.600000 60.000000 4 3 1
2014-03-16T22:00:00Z 2014-03-17T00:00:00Z 146.000000 195.000000 50.000000 56.000000 1.300000 81.000000 4 4 1
2014-03-16T21:00:00Z 2014-03-16T23:00:00Z 142.000000 191.000000 48.000000 58.000000 1.200000 93.000000 4 5 1
2014-03-16T20:00:00Z 2014-03-16T22:00:00Z 147.000000 217.000000 51.000000 63.000000 1.200000 97.000000 4 4 1
2014-03-16T19:00:00Z 2014-03-16T21:00:00Z 143.000000 229.000000 48.000000 66.000000 1.200000 110.000000 4 4 1
2014-03-16T18:00:00Z 2014-03-16T20:00:00Z 131.000000 227.000000 46.000000 63.000000 1.300000 119.000000 4 4 1
2014-03-16T17:00:00Z 2014-03-16T19:00:00Z 118.000000 237.000000 41.000000 60.000000 1.300000 129.000000 4 4 1
2014-03-16T16:00:00Z 2014-03-16T18:00:00Z 117.000000 244.000000 42.000000 62.000000 1.400000 122.000000 4 4 1
2014-03-16T05:00:00Z 2014-03-16T07:00:00Z 125.000000 163.000000 97.000000 165.000000 4.600000 18.000000 4 3 1
2014-03-16T03:00:00Z 2014-03-16T05:00:00Z 120.000000 148.000000 97.000000 144.000000 2.600000 13.000000 4 4 1
2014-03-15T20:00:00Z 2014-03-15T22:00:00Z 126.000000 206.000000 138.000000 48.000000 1.900000 27.000000 4 5 1
2014-03-15T17:00:00Z 2014-03-15T19:00:00Z 129.000000 203.000000 81.000000 41.000000 1.300000 113.000000 4 3 1
2014-03-15T16:00:00Z 2014-03-15T18:00:00Z 142.000000 229.000000 105.000000 51.000000 1.600000 92.000000 4 3 1
2014-03-15T15:00:00Z 2014-03-15T17:00:00Z 128.000000 212.000000 110.000000 50.000000 1.600000 70.000000 4 4 1
2014-03-10T22:00:00Z 2014-03-11T00:00:00Z 132.000000 158.000000 89.000000 72.000000 2.400000 27.000000 4 5 1
2014-03-10T20:00:00Z 2014-03-10T22:00:00Z 140.000000 149.000000 100.000000 75.000000 2.500000 23.000000 4 4 1
2014-03-10T19:00:00Z 2014-03-10T21:00:00Z 131.000000 144.000000 87.000000 75.000000 2.200000 38.000000 4 5 1
2014-03-09T12:00:00Z 2014-03-09T14:00:00Z 126.000000 138.000000 71.000000 70.000000 2.100000 48.000000 4 5 1
2014-03-09T11:00:00Z 2014-03-09T13:00:00Z 140.000000 150.000000 65.000000 67.000000 2.000000 42.000000 4 5 1
2014-03-08T18:00:00Z 2014-03-08T20:00:00Z 146.000000 185.000000 81.000000 70.000000 2.300000 70.000000 4 5 1
2014-03-08T07:00:00Z 2014-03-08T09:00:00Z 121.000000 166.000000 74.000000 51.000000 3.100000 17.000000 4 4 1
2014-03-08T06:00:00Z 2014-03-08T08:00:00Z 116.000000 165.000000 83.000000 63.000000 2.400000 17.000000 4 4 1
2014-03-08T05:00:00Z 2014-03-08T07:00:00Z 126.000000 136.000000 88.000000 98.000000 3.100000 18.000000 4 4 1
2014-03-08T01:00:00Z 2014-03-08T03:00:00Z 130.000000 187.000000 87.000000 85.000000 2.100000 19.000000 4 3 1
2014-03-02T05:00:00Z 2014-03-02T07:00:00Z 125.000000 131.000000 76.000000 57.000000 3.100000 15.000000 4 3 0
2014-03-02T03:00:00Z 2014-03-02T05:00:00Z 122.000000 150.000000 76.000000 37.000000 2.600000 15.000000 4 4 0
2014-03-02T02:00:00Z 2014-03-02T04:00:00Z 133.000000 204.000000 84.000000 45.000000 2.100000 18.000000 4 3 0
2014-03-02T01:00:00Z 2014-03-02T03:00:00Z 130.000000 141.000000 86.000000 50.000000 1.600000 22.000000 4 4 0
2014-03-02T00:00:00Z 2014-03-02T02:00:00Z 121.000000 140.000000 77.000000 46.000000 1.500000 28.000000 4 4 0
2014-01-19T08:00:00Z 2014-01-19T10:00:00Z 134.000000 134.000000 2.000000 96.000000 3.500000 3.000000 4 4 1
2014-01-19T05:00:00Z 2014-01-19T07:00:00Z 120.000000 122.000000 2.000000 80.000000 3.000000 4.000000 4 4 1
2014-01-19T02:00:00Z 2014-01-19T04:00:00Z 134.000000 142.000000 2.000000 80.000000 3.200000 4.000000 4 3 1
2014-01-19T01:00:00Z 2014-01-19T03:00:00Z 137.000000 141.000000 2.000000 100.000000 3.900000 5.000000 4 3 1
2014-01-19T00:00:00Z 2014-01-19T02:00:00Z 129.000000 130.000000 2.000000 100.000000 3.100000 6.000000 4 4 1
2014-01-18T22:00:00Z 2014-01-19T00:00:00Z 142.000000 151.000000 2.000000 85.000000 3.000000 6.000000 4 4 1
2014-01-18T13:00:00Z 2014-01-18T15:00:00Z 122.000000 158.000000 2.000000 56.000000 2.600000 26.000000 4 3 1
2014-01-15T05:00:00Z 2014-01-15T07:00:00Z 130.000000 149.000000 85.000000 89.000000 3.300000 11.000000 4 2 1
2014-01-15T03:00:00Z 2014-01-15T05:00:00Z 144.000000 186.000000 112.000000 104.000000 2.900000 8.000000 4 4 1
2014-01-15T02:00:00Z 2014-01-15T04:00:00Z 120.000000 153.000000 101.000000 86.000000 3.300000 7.000000 4 4 1
2014-01-15T01:00:00Z 2014-01-15T03:00:00Z 117.000000 124.000000 80.000000 64.000000 2.500000 8.000000 4 4 1
2014-01-15T00:00:00Z 2014-01-15T02:00:00Z 118.000000 124.000000 78.000000 52.000000 2.200000 8.000000 4 4 1
2014-01-14T10:00:00Z 2014-01-14T12:00:00Z 148.000000 247.000000 73.000000 99.000000 4.200000 11.000000 4 3 1
2014-01-14T08:00:00Z 2014-01-14T10:00:00Z 128.000000 157.000000 77.000000 83.000000 4.100000 9.000000 4 4 1
2014-01-13T19:00:00Z 2014-01-13T21:00:00Z 130.000000 158.000000 88.000000 68.000000 2.000000 12.000000 4 5 1
2014-01-05T23:00:00Z 2014-01-06T01:00:00Z 121.000000 144.000000 69.000000 52.000000 2.300000 4.000000 4 4 0
2014-01-04T12:00:00Z 2014-01-04T14:00:00Z 130.000000 133.000000 68.000000 50.000000 2.200000 10.000000 4 5 0
2014-01-04T11:00:00Z 2014-01-04T13:00:00Z 125.000000 130.000000 67.000000 43.000000 2.300000 7.000000 4 4 0
2014-01-04T10:00:00Z 2014-01-04T12:00:00Z 118.000000 130.000000 67.000000 39.000000 2.300000 5.000000 4 4 0
2014-01-02T18:00:00Z 2014-01-02T20:00:00Z 134.000000 176.000000 112.000000 89.000000 4.400000 6.000000 4 5 0
2014-01-02T17:00:00Z 2014-01-02T19:00:00Z 129.000000 164.000000 107.000000 83.000000 3.800000 7.000000 4 5 0
2014-01-02T16:00:00Z 2014-01-02T18:00:00Z 121.000000 161.000000 100.000000 82.000000 3.400000 10.000000 4 4 0
2014-01-02T15:00:00Z 2014-01-02T17:00:00Z 124.000000 140.000000 87.000000 83.000000 3.100000 15.000000 4 4 0
2013-12-31T05:00:00Z 2013-12-31T07:00:00Z 117.000000 146.000000 82.000000 65.000000 3.300000 8.000000 4 3 1
2013-12-31T02:00:00Z 2013-12-31T04:00:00Z 127.000000 146.000000 89.000000 63.000000 2.800000 4.000000 4 4 1
2013-12-25T10:00:00Z 2013-12-25T12:00:00Z 140.000000 247.000000 131.000000 117.000000 4.600000 11.000000 4 6 1
