2014-10-05T07:00:00Z 2014-10-05T09:00:00Z 52.000000 71.000000 50.000000 2.000000 1.400000 2.000000 2 1 0
2014-10-05T06:00:00Z 2014-10-05T08:00:00Z 64.000000 66.000000 46.000000 2.000000 1.500000 2.000000 2 2 0
2014-10-05T04:00:00Z 2014-10-05T06:00:00Z 62.000000 70.000000 54.000000 2.000000 1.000000 3.000000 2 2 0
2014-10-03T13:00:00Z 2014-10-03T15:00:00Z 63.000000 98.000000 50.000000 8.000000 1.900000 6.000000 2 4 0
2014-10-03T11:00:00Z 2014-10-03T13:00:00Z 63.000000 98.000000 50.000000 8.000000 1.900000 6.000000 2 2 0
2014-10-03T09:00:00Z 2014-10-03T11:00:00Z 54.000000 79.000000 47.000000 7.000000 1.700000 4.000000 2 2 0
2014-10-03T08:00:00Z 2014-10-03T10:00:00Z 58.000000 79.000000 51.000000 9.000000 2.000000 3.000000 2 2 0
2014-10-02T19:00:00Z 2014-10-02T21:00:00Z 53.000000 90.000000 81.000000 4.000000 1.000000 20.000000 2 4 0
2014-10-02T17:00:00Z 2014-10-02T19:00:00Z 39.000000 90.000000 52.000000 6.000000 0.700000 47.000000 2 2 0
2014-10-02T15:00:00Z 2014-10-02T17:00:00Z 42.000000 68.000000 46.000000 8.000000 0.800000 48.000000 2 2 0
2014-10-02T14:00:00Z 2014-10-02T16:00:00Z 36.000000 66.000000 33.000000 12.000000 0.700000 48.000000 2 1 0
2014-10-02T08:00:00Z 2014-10-02T10:00:00Z 70.000000 91.000000 45.000000 2.000000 1.300000 5.000000 2 2 0
2014-10-02T07:00:00Z 2014-10-02T09:00:00Z 62.000000 62.000000 45.000000 2.000000 1.300000 3.000000 2 2 0
2014-10-01T08:00:00Z 2014-10-01T10:00:00Z 52.000000 136.000000 55.000000 7.000000 0.900000 4.000000 2 2 0
2014-10-01T07:00:00Z 2014-10-01T09:00:00Z 62.000000 78.000000 61.000000 8.000000 0.900000 3.000000 2 2 0
2014-10-01T06:00:00Z 2014-10-01T08:00:00Z 60.000000 132.000000 63.000000 7.000000 0.900000 3.000000 2 2 0
2014-10-01T04:00:00Z 2014-10-01T06:00:00Z 65.000000 138.000000 68.000000 7.000000 0.700000 4.000000 2 2 0
2014-10-01T01:00:00Z 2014-10-01T03:00:00Z 73.000000 126.000000 77.000000 8.000000 1.100000 3.000000 2 2 0
2014-10-01T00:00:00Z 2014-10-01T02:00:00Z 59.000000 127.000000 79.000000 8.000000 1.100000 4.000000 2 3 0
2014-09-30T23:00:00Z 2014-10-01T01:00:00Z 53.000000 109.000000 77.000000 8.000000 1.000000 7.000000 2 2 1
2014-09-30T22:00:00Z 2014-10-01T00:00:00Z 51.000000 108.000000 75.000000 6.000000 1.000000 10.000000 2 2 1
2014-09-30T21:00:00Z 2014-09-30T23:00:00Z 44.000000 109.000000 78.000000 6.000000 0.900000 11.000000 2 2 1
2014-09-28T21:00:00Z 2014-09-28T23:00:00Z 60.000000 111.000000 94.000000 16.000000 1.500000 8.000000 2 3 1
2014-09-28T20:00:00Z 2014-09-28T22:00:00Z 56.000000 76.000000 75.000000 16.000000 1.400000 24.000000 2 2 1
2014-09-28T18:00:00Z 2014-09-28T20:00:00Z 50.000000 90.000000 47.000000 19.000000 1.300000 56.000000 2 2 1
2014-09-28T16:00:00Z 2014-09-28T18:00:00Z 48.000000 63.000000 33.000000 20.000000 1.100000 72.000000 2 2 1
2014-09-28T10:00:00Z 2014-09-28T12:00:00Z 71.000000 158.000000 71.000000 16.000000 2.100000 6.000000 2 2 1
2014-09-28T07:00:00Z 2014-09-28T09:00:00Z 52.000000 140.000000 57.000000 8.000000 1.200000 2.000000 2 2 1
2014-09-28T05:00:00Z 2014-09-28T07:00:00Z 52.000000 122.000000 64.000000 7.000000 1.100000 2.000000 2 2 1
2014-09-28T04:00:00Z 2014-09-28T06:00:00Z 58.000000 155.000000 84.000000 8.000000 1.400000 2.000000 2 2 1
2014-09-28T03:00:00Z 2014-09-28T05:00:00Z 45.000000 98.000000 97.000000 12.000000 1.100000 2.000000 2 2 1
2014-09-28T00:00:00Z 2014-09-28T02:00:00Z 57.000000 107.000000 113.000000 2.000000 1.400000 4.000000 2 2 1
2014-09-27T21:00:00Z 2014-09-27T23:00:00Z 44.000000 114.000000 114.000000 2.000000 0.900000 17.000000 2 2 1
2014-09-24T22:00:00Z 2014-09-25T00:00:00Z 67.000000 79.000000 75.000000 6.000000 1.400000 32.000000 2 3 1
2014-09-24T20:00:00Z 2014-09-24T22:00:00Z 58.000000 78.000000 48.000000 3.000000 1.200000 69.000000 2 2 1
2014-09-23T10:00:00Z 2014-09-23T12:00:00Z 36.000000 41.000000 52.000000 3.000000 1.200000 9.000000 2 2 1
2014-09-21T11:00:00Z 2014-09-21T13:00:00Z 50.000000 83.000000 58.000000 42.000000 2.000000 48.000000 2 3 1
2014-09-21T09:00:00Z 2014-09-21T11:00:00Z 60.000000 82.000000 70.000000 33.000000 2.700000 24.000000 2 2 1
2014-09-21T08:00:00Z 2014-09-21T10:00:00Z 62.000000 71.000000 70.000000 28.000000 2.500000 19.000000 2 2 1
2014-09-21T07:00:00Z 2014-09-21T09:00:00Z 66.000000 76.000000 60.000000 32.000000 2.500000 26.000000 2 2 1
2014-09-19T20:00:00Z 2014-09-19T22:00:00Z 61.000000 116.000000 60.000000 7.000000 1.000000 89.000000 2 4 1
2014-09-19T19:00:00Z 2014-09-19T21:00:00Z 61.000000 82.000000 40.000000 10.000000 0.800000 120.000000 2 3 1
2014-09-19T08:00:00Z 2014-09-19T10:00:00Z 75.000000 124.000000 95.000000 7.000000 1.100000 8.000000 2 4 1
2014-09-19T00:00:00Z 2014-09-19T02:00:00Z 63.000000 97.000000 55.000000 8.000000 0.700000 63.000000 2 3 1
2014-09-18T22:00:00Z 2014-09-19T00:00:00Z 60.000000 101.000000 78.000000 14.000000 0.900000 54.000000 2 2 1
2014-09-18T20:00:00Z 2014-09-18T22:00:00Z 41.000000 71.000000 74.000000 4.000000 0.700000 78.000000 2 2 1
2014-09-18T17:00:00Z 2014-09-18T19:00:00Z 42.000000 50.000000 30.000000 4.000000 0.500000 156.000000 2 1 1
2014-09-18T16:00:00Z 2014-09-18T18:00:00Z 57.000000 70.000000 41.000000 6.000000 0.500000 160.000000 2 1 1
2014-09-17T22:00:00Z 2014-09-18T00:00:00Z 47.000000 92.000000 69.000000 5.000000 0.900000 23.000000 2 2 1
2014-09-17T20:00:00Z 2014-09-17T22:00:00Z 38.000000 86.000000 44.000000 4.000000 0.700000 59.000000 2 2 1
2014-09-17T17:00:00Z 2014-09-17T19:00:00Z 42.000000 67.000000 53.000000 6.000000 0.600000 77.000000 2 1 1
2014-09-17T16:00:00Z 2014-09-17T18:00:00Z 43.000000 82.000000 63.000000 7.000000 0.700000 70.000000 2 1 1
2014-09-17T11:00:00Z 2014-09-17T13:00:00Z 46.000000 110.000000 70.000000 6.000000 1.000000 16.000000 2 3 1
2014-09-17T00:00:00Z 2014-09-17T02:00:00Z 39.000000 47.000000 64.000000 5.000000 0.700000 12.000000 2 1 1
2014-09-16T22:00:00Z 2014-09-17T00:00:00Z 68.000000 138.000000 91.000000 11.000000 0.900000 6.000000 2 2 1
2014-09-16T19:00:00Z 2014-09-16T21:00:00Z 67.000000 135.000000 89.000000 10.000000 0.900000 33.000000 2 2 1
2014-09-16T17:00:00Z 2014-09-16T19:00:00Z 74.000000 144.000000 113.000000 9.000000 0.900000 43.000000 2 2 1
2014-09-16T15:00:00Z 2014-09-16T17:00:00Z 49.000000 119.000000 97.000000 6.000000 0.800000 35.000000 2 2 1
2014-09-16T04:00:00Z 2014-09-16T06:00:00Z 47.000000 149.000000 86.000000 8.000000 0.800000 3.000000 2 1 1
2014-09-15T01:00:00Z 2014-09-15T03:00:00Z 46.000000 116.000000 63.000000 4.000000 1.000000 2.000000 2 1 1
2014-09-14T22:00:00Z 2014-09-15T00:00:00Z 37.000000 120.000000 77.000000 4.000000 0.900000 3.000000 2 2 1
2014-09-14T10:00:00Z 2014-09-14T12:00:00Z 41.000000 53.000000 49.000000 5.000000 0.600000 36.000000 2 1 1
2014-09-13T07:00:00Z 2014-09-13T09:00:00Z 70.000000 154.000000 82.000000 5.000000 1.500000 4.000000 2 2 1
2014-09-13T04:00:00Z 2014-09-13T06:00:00Z 56.000000 75.000000 81.000000 7.000000 0.800000 6.000000 2 2 1
2014-09-13T01:00:00Z 2014-09-13T03:00:00Z 61.000000 85.000000 75.000000 7.000000 1.000000 12.000000 2 2 1
2014-09-13T00:00:00Z 2014-09-13T02:00:00Z 69.000000 95.000000 70.000000 7.000000 1.000000 19.000000 2 3 1
2014-09-12T22:00:00Z 2014-09-13T00:00:00Z 57.000000 91.000000 64.000000 7.000000 0.900000 31.000000 2 2 1
2014-09-12T20:00:00Z 2014-09-12T22:00:00Z 59.000000 97.000000 83.000000 6.000000 0.900000 21.000000 2 2 1
2014-09-12T18:00:00Z 2014-09-12T20:00:00Z 49.000000 70.000000 57.000000 7.000000 0.800000 54.000000 2 2 1
2014-09-12T16:00:00Z 2014-09-12T18:00:00Z 51.000000 76.000000 60.000000 9.000000 0.800000 83.000000 2 2 1
2014-09-12T12:00:00Z 2014-09-12T14:00:00Z 68.000000 76.000000 74.000000 4.000000 1.100000 39.000000 2 2 1
2014-09-12T10:00:00Z 2014-09-12T12:00:00Z 59.000000 65.000000 68.000000 3.000000 1.000000 20.000000 2 2 1
2014-09-11T04:00:00Z 2014-09-11T06:00:00Z 70.000000 116.000000 95.000000 18.000000 1.100000 8.000000 2 3 1
2014-09-11T02:00:00Z 2014-09-11T04:00:00Z 63.000000 93.000000 49.000000 19.000000 1.600000 51.000000 2 2 1
2014-09-11T01:00:00Z 2014-09-11T03:00:00Z 65.000000 106.000000 75.000000 18.000000 1.600000 56.000000 2 2 1
2014-09-11T00:00:00Z 2014-09-11T02:00:00Z 62.000000 136.000000 101.000000 17.000000 1.400000 56.000000 2 2 1
2014-09-10T22:00:00Z 2014-09-11T00:00:00Z 64.000000 120.000000 100.000000 15.000000 1.200000 64.000000 2 2 1
2014-09-10T20:00:00Z 2014-09-10T22:00:00Z 69.000000 128.000000 56.000000 19.000000 1.100000 124.000000 2 2 1
2014-09-10T19:00:00Z 2014-09-10T21:00:00Z 54.000000 108.000000 47.000000 23.000000 0.900000 158.000000 2 2 1
2014-09-10T17:00:00Z 2014-09-10T19:00:00Z 36.000000 72.000000 24.000000 18.000000 1.000000 181.000000 2 2 1
2014-09-10T05:00:00Z 2014-09-10T07:00:00Z 58.000000 122.000000 67.000000 16.000000 1.200000 36.000000 2 3 1
2014-09-10T04:00:00Z 2014-09-10T06:00:00Z 65.000000 104.000000 56.000000 18.000000 1.100000 50.000000 2 2 1
2014-09-10T03:00:00Z 2014-09-10T05:00:00Z 56.000000 97.000000 50.000000 21.000000 1.100000 59.000000 2 2 1
2014-09-10T02:00:00Z 2014-09-10T04:00:00Z 54.000000 92.000000 48.000000 22.000000 1.200000 69.000000 2 2 1
2014-09-10T01:00:00Z 2014-09-10T03:00:00Z 48.000000 83.000000 44.000000 22.000000 1.200000 81.000000 2 2 1
2014-09-10T00:00:00Z 2014-09-10T02:00:00Z 49.000000 82.000000 46.000000 20.000000 1.100000 88.000000 2 2 1
2014-09-09T23:00:00Z 2014-09-10T01:00:00Z 66.000000 136.000000 83.000000 16.000000 1.200000 68.000000 2 2 1
2014-09-09T22:00:00Z 2014-09-10T00:00:00Z 63.000000 134.000000 98.000000 10.000000 1.200000 61.000000 2 2 1
2014-09-09T21:00:00Z 2014-09-09T23:00:00Z 65.000000 121.000000 58.000000 8.000000 1.100000 105.000000 2 2 1
2014-09-09T20:00:00Z 2014-09-09T22:00:00Z 50.000000 118.000000 47.000000 9.000000 0.900000 131.000000 2 2 1
2014-09-09T18:00:00Z 2014-09-09T20:00:00Z 41.000000 103.000000 26.000000 9.000000 0.700000 169.000000 2 2 1
2014-09-09T14:00:00Z 2014-09-09T16:00:00Z 47.000000 112.000000 43.000000 10.000000 0.700000 162.000000 2 1 1
2014-09-05T18:00:00Z 2014-09-05T20:00:00Z 68.000000 73.000000 25.000000 13.000000 1.000000 186.000000 2 4 0
2014-09-05T16:00:00Z 2014-09-05T18:00:00Z 66.000000 88.000000 20.000000 15.000000 0.900000 201.000000 2 2 0
2014-09-05T07:00:00Z 2014-09-05T09:00:00Z 74.000000 127.000000 91.000000 7.000000 1.200000 10.000000 2 3 0
2014-09-05T06:00:00Z 2014-09-05T08:00:00Z 73.000000 165.000000 102.000000 7.000000 1.200000 9.000000 2 3 0
2014-09-05T03:00:00Z 2014-09-05T05:00:00Z 73.000000 186.000000 100.000000 10.000000 1.000000 11.000000 2 3 0
2014-09-05T01:00:00Z 2014-09-05T03:00:00Z 68.000000 137.000000 72.000000 19.000000 1.100000 48.000000 2 2 0
2014-09-05T00:00:00Z 2014-09-05T02:00:00Z 65.000000 140.000000 59.000000 21.000000 1.100000 69.000000 2 2 0
2014-09-04T23:00:00Z 2014-09-05T01:00:00Z 54.000000 106.000000 50.000000 23.000000 1.000000 94.000000 2 2 0
2014-09-04T21:00:00Z 2014-09-04T23:00:00Z 52.000000 144.000000 52.000000 18.000000 0.900000 118.000000 2 2 0
2014-09-04T08:00:00Z 2014-09-04T10:00:00Z 71.000000 123.000000 97.000000 9.000000 1.500000 13.000000 2 2 0
2014-09-04T07:00:00Z 2014-09-04T09:00:00Z 69.000000 170.000000 82.000000 8.000000 1.700000 10.000000 2 2 0
2014-09-04T06:00:00Z 2014-09-04T08:00:00Z 54.000000 133.000000 88.000000 7.000000 1.500000 8.000000 2 2 0
2014-09-04T04:00:00Z 2014-09-04T06:00:00Z 56.000000 134.000000 78.000000 4.000000 1.900000 10.000000 2 2 0
2014-08-29T10:00:00Z 2014-08-29T12:00:00Z 65.000000 73.000000 44.000000 4.000000 1.000000 78.000000 2 2 1
2014-08-28T15:00:00Z 2014-08-28T17:00:00Z 71.000000 99.000000 23.000000 14.000000 0.800000 162.000000 2 3 1
2014-08-28T12:00:00Z 2014-08-28T14:00:00Z 70.000000 75.000000 45.000000 13.000000 0.900000 116.000000 2 2 1
2014-08-28T09:00:00Z 2014-08-28T11:00:00Z 55.000000 97.000000 46.000000 7.000000 0.800000 105.000000 2 2 1
2014-08-28T06:00:00Z 2014-08-28T08:00:00Z 71.000000 90.000000 45.000000 11.000000 0.800000 92.000000 2 2 1
2014-08-27T19:00:00Z 2014-08-27T21:00:00Z 73.000000 155.000000 30.000000 20.000000 0.700000 182.000000 2 3 1
2014-08-27T18:00:00Z 2014-08-27T20:00:00Z 69.000000 151.000000 21.000000 22.000000 0.600000 189.000000 2 3 1
2014-08-27T17:00:00Z 2014-08-27T19:00:00Z 63.000000 128.000000 20.000000 21.000000 0.600000 198.000000 2 2 1
2014-08-27T05:00:00Z 2014-08-27T07:00:00Z 58.000000 150.000000 120.000000 12.000000 0.900000 5.000000 2 1 1
2014-08-27T04:00:00Z 2014-08-27T06:00:00Z 62.000000 208.000000 127.000000 10.000000 1.200000 6.000000 2 1 1
2014-08-27T03:00:00Z 2014-08-27T05:00:00Z 62.000000 150.000000 122.000000 6.000000 1.700000 7.000000 2 2 1
2014-08-27T02:00:00Z 2014-08-27T04:00:00Z 56.000000 180.000000 124.000000 5.000000 1.900000 9.000000 2 2 1
2014-08-27T01:00:00Z 2014-08-27T03:00:00Z 42.000000 146.000000 133.000000 5.000000 1.200000 6.000000 2 2 1
2014-08-26T22:00:00Z 2014-08-27T00:00:00Z 36.000000 124.000000 97.000000 4.000000 0.800000 48.000000 2 1 1
2014-08-26T05:00:00Z 2014-08-26T07:00:00Z 38.000000 104.000000 91.000000 6.000000 0.800000 4.000000 2 1 1
2014-08-26T02:00:00Z 2014-08-26T04:00:00Z 37.000000 69.000000 103.000000 5.000000 0.800000 6.000000 2 2 1
2014-08-26T01:00:00Z 2014-08-26T03:00:00Z 40.000000 134.000000 101.000000 10.000000 0.800000 20.000000 2 1 1
2014-08-26T00:00:00Z 2014-08-26T02:00:00Z 38.000000 130.000000 95.000000 10.000000 0.800000 34.000000 2 2 1
2014-08-24T23:00:00Z 2014-08-25T01:00:00Z 51.000000 78.000000 40.000000 8.000000 1.000000 85.000000 2 1 1
2014-08-24T22:00:00Z 2014-08-25T00:00:00Z 44.000000 73.000000 35.000000 4.000000 0.900000 104.000000 2 2 1
2014-08-19T18:00:00Z 2014-08-19T20:00:00Z 60.000000 101.000000 22.000000 8.000000 0.800000 182.000000 2 3 1
2014-08-19T17:00:00Z 2014-08-19T19:00:00Z 50.000000 81.000000 17.000000 6.000000 0.700000 177.000000 2 3 1
2014-08-19T16:00:00Z 2014-08-19T18:00:00Z 48.000000 58.000000 16.000000 5.000000 0.700000 187.000000 2 2 1
2014-08-19T15:00:00Z 2014-08-19T17:00:00Z 60.000000 69.000000 16.000000 6.000000 0.800000 204.000000 2 2 1
2014-06-24T08:00:00Z 2014-06-24T10:00:00Z 58.000000 124.000000 87.000000 7.000000 0.800000 28.000000 2 2 1
2014-06-24T07:00:00Z 2014-06-24T09:00:00Z 55.000000 167.000000 98.000000 5.000000 0.900000 9.000000 2 2 1
2014-06-24T06:00:00Z 2014-06-24T08:00:00Z 52.000000 149.000000 92.000000 5.000000 0.900000 19.000000 2 2 1
2014-06-24T04:00:00Z 2014-06-24T06:00:00Z 70.000000 123.000000 119.000000 8.000000 1.100000 10.000000 2 2 1
2014-06-24T02:00:00Z 2014-06-24T04:00:00Z 59.000000 90.000000 93.000000 6.000000 1.000000 43.000000 2 2 1
2014-06-24T01:00:00Z 2014-06-24T03:00:00Z 52.000000 101.000000 96.000000 4.000000 1.000000 48.000000 2 2 1
2014-06-24T00:00:00Z 2014-06-24T02:00:00Z 40.000000 90.000000 80.000000 4.000000 0.800000 74.000000 2 2 1
2014-06-23T01:00:00Z 2014-06-23T03:00:00Z 40.000000 64.000000 68.000000 2.000000 1.000000 30.000000 2 1 1
2014-06-22T23:00:00Z 2014-06-23T01:00:00Z 45.000000 68.000000 67.000000 3.000000 1.100000 42.000000 2 2 1
2014-06-22T16:00:00Z 2014-06-22T18:00:00Z 42.000000 73.000000 29.000000 2.000000 0.800000 155.000000 2 1 1
2014-06-22T09:00:00Z 2014-06-22T11:00:00Z 46.000000 112.000000 38.000000 3.000000 0.800000 49.000000 2 2 1
2014-06-21T18:00:00Z 2014-06-21T20:00:00Z 65.000000 93.000000 24.000000 5.000000 1.200000 161.000000 2 1 1
2014-06-21T05:00:00Z 2014-06-21T07:00:00Z 66.000000 82.000000 78.000000 6.000000 1.000000 16.000000 2 2 1
2014-06-20T20:00:00Z 2014-06-20T22:00:00Z 48.000000 98.000000 44.000000 3.000000 1.200000 96.000000 2 3 1
2014-06-18T15:00:00Z 2014-06-18T17:00:00Z 56.000000 122.000000 37.000000 10.000000 0.800000 161.000000 2 3 1
2014-06-17T12:00:00Z 2014-06-17T14:00:00Z 59.000000 96.000000 54.000000 4.000000 1.200000 87.000000 2 4 1
2014-06-17T11:00:00Z 2014-06-17T13:00:00Z 37.000000 59.000000 46.000000 2.000000 1.100000 91.000000 2 3 1
2014-06-14T20:00:00Z 2014-06-14T22:00:00Z 65.000000 144.000000 40.000000 6.000000 1.000000 198.000000 2 3 1
2014-06-14T18:00:00Z 2014-06-14T20:00:00Z 47.000000 89.000000 28.000000 5.000000 0.700000 257.000000 2 2 1
2014-06-14T13:00:00Z 2014-06-14T15:00:00Z 39.000000 60.000000 38.000000 4.000000 0.800000 162.000000 2 2 1
2014-06-13T15:00:00Z 2014-06-13T17:00:00Z 40.000000 41.000000 20.000000 9.000000 0.800000 190.000000 2 2 1
2014-06-13T01:00:00Z 2014-06-13T03:00:00Z 64.000000 189.000000 66.000000 11.000000 1.300000 42.000000 2 3 1
2014-06-12T04:00:00Z 2014-06-12T06:00:00Z 43.000000 132.000000 114.000000 2.000000 0.900000 2.000000 2 1 1
2014-06-11T23:00:00Z 2014-06-12T01:00:00Z 36.000000 63.000000 48.000000 2.000000 0.700000 108.000000 2 1 1
2014-06-10T17:00:00Z 2014-06-10T19:00:00Z 49.000000 74.000000 69.000000 2.000000 1.400000 61.000000 2 3 1
2014-06-10T06:00:00Z 2014-06-10T08:00:00Z 51.000000 70.000000 45.000000 8.000000 1.300000 49.000000 2 2 1
2014-06-10T03:00:00Z 2014-06-10T05:00:00Z 57.000000 94.000000 58.000000 4.000000 1.000000 56.000000 2 2 1
2014-06-10T01:00:00Z 2014-06-10T03:00:00Z 48.000000 58.000000 37.000000 8.000000 1.000000 90.000000 2 2 1
2014-06-09T11:00:00Z 2014-06-09T13:00:00Z 44.000000 108.000000 55.000000 17.000000 1.200000 79.000000 2 1 1
2014-06-08T21:00:00Z 2014-06-08T23:00:00Z 37.000000 146.000000 114.000000 2.000000 1.200000 6.000000 2 1 1
2014-06-08T11:00:00Z 2014-06-08T13:00:00Z 56.000000 73.000000 60.000000 36.000000 1.800000 74.000000 2 2 1
2014-06-08T10:00:00Z 2014-06-08T12:00:00Z 50.000000 90.000000 61.000000 41.000000 1.900000 43.000000 2 2 1
2014-06-08T02:00:00Z 2014-06-08T04:00:00Z 47.000000 115.000000 105.000000 2.000000 1.500000 2.000000 2 1 1
2014-06-08T01:00:00Z 2014-06-08T03:00:00Z 38.000000 81.000000 105.000000 4.000000 1.200000 14.000000 2 1 1
2014-06-05T22:00:00Z 2014-06-06T00:00:00Z 72.000000 156.000000 57.000000 8.000000 1.000000 137.000000 2 3 0
2014-06-05T20:00:00Z 2014-06-05T22:00:00Z 63.000000 148.000000 36.000000 8.000000 0.800000 181.000000 2 2 0
2014-06-05T19:00:00Z 2014-06-05T21:00:00Z 51.000000 118.000000 29.000000 9.000000 0.800000 216.000000 2 2 0
2014-06-05T17:00:00Z 2014-06-05T19:00:00Z 54.000000 101.000000 28.000000 10.000000 0.800000 262.000000 2 2 0
2014-06-04T22:00:00Z 2014-06-05T00:00:00Z 51.000000 106.000000 54.000000 9.000000 0.800000 91.000000 2 2 0
2014-06-04T20:00:00Z 2014-06-04T22:00:00Z 49.000000 68.000000 42.000000 8.000000 0.800000 136.000000 2 2 0
2014-06-04T19:00:00Z 2014-06-04T21:00:00Z 46.000000 105.000000 36.000000 8.000000 0.700000 153.000000 2 2 0
2014-06-04T17:00:00Z 2014-06-04T19:00:00Z 44.000000 111.000000 32.000000 9.000000 0.800000 165.000000 2 2 0
2014-06-04T15:00:00Z 2014-06-04T17:00:00Z 48.000000 58.000000 21.000000 10.000000 0.800000 206.000000 2 2 0
2014-06-04T13:00:00Z 2014-06-04T15:00:00Z 37.000000 55.000000 20.000000 8.000000 0.600000 153.000000 2 2 0
2014-06-04T10:00:00Z 2014-06-04T12:00:00Z 56.000000 74.000000 60.000000 14.000000 1.200000 96.000000 2 2 0
2014-06-04T05:00:00Z 2014-06-04T07:00:00Z 67.000000 157.000000 97.000000 13.000000 1.200000 21.000000 2 3 0
2014-06-04T04:00:00Z 2014-06-04T06:00:00Z 55.000000 140.000000 96.000000 24.000000 1.600000 24.000000 2 3 0
2014-06-04T03:00:00Z 2014-06-04T05:00:00Z 52.000000 98.000000 62.000000 32.000000 1.800000 50.000000 2 2 0
2014-06-04T02:00:00Z 2014-06-04T04:00:00Z 43.000000 99.000000 58.000000 25.000000 1.000000 56.000000 2 2 0
2014-06-04T01:00:00Z 2014-06-04T03:00:00Z 42.000000 101.000000 69.000000 23.000000 1.100000 59.000000 2 2 0
2014-06-04T00:00:00Z 2014-06-04T02:00:00Z 43.000000 103.000000 52.000000 22.000000 1.000000 89.000000 2 2 0
2014-06-03T22:00:00Z 2014-06-04T00:00:00Z 48.000000 97.000000 66.000000 8.000000 1.000000 95.000000 2 2 0
2014-05-29T00:00:00Z 2014-05-29T02:00:00Z 36.000000 132.000000 38.000000 19.000000 0.800000 118.000000 2 2 1
2014-05-28T23:00:00Z 2014-05-29T01:00:00Z 38.000000 125.000000 46.000000 18.000000 0.800000 120.000000 2 2 1
2014-05-28T22:00:00Z 2014-05-29T00:00:00Z 36.000000 128.000000 42.000000 16.000000 0.800000 128.000000 2 2 1
2014-05-28T20:00:00Z 2014-05-28T22:00:00Z 38.000000 174.000000 27.000000 14.000000 0.600000 158.000000 2 2 1
2014-05-28T07:00:00Z 2014-05-28T09:00:00Z 48.000000 184.000000 133.000000 10.000000 1.800000 6.000000 2 2 1
2014-05-27T10:00:00Z 2014-05-27T12:00:00Z 45.000000 186.000000 8.000000 2.000000 0.200000 114.000000 2 1 1
2014-05-27T07:00:00Z 2014-05-27T09:00:00Z 65.000000 308.000000 95.000000 4.000000 0.800000 22.000000 2 3 1
2014-05-23T22:00:00Z 2014-05-24T00:00:00Z 68.000000 167.000000 73.000000 13.000000 0.900000 118.000000 2 3 1
2014-05-23T20:00:00Z 2014-05-23T22:00:00Z 52.000000 138.000000 36.000000 13.000000 0.700000 172.000000 2 2 1
2014-05-23T18:00:00Z 2014-05-23T20:00:00Z 50.000000 95.000000 23.000000 13.000000 0.600000 195.000000 2 2 1
2014-05-23T17:00:00Z 2014-05-23T19:00:00Z 47.000000 146.000000 19.000000 14.000000 0.600000 203.000000 2 2 1
2014-05-23T16:00:00Z 2014-05-23T18:00:00Z 38.000000 108.000000 15.000000 10.000000 0.500000 191.000000 2 2 1
2014-05-23T01:00:00Z 2014-05-23T03:00:00Z 66.000000 155.000000 35.000000 14.000000 0.700000 131.000000 2 3 1
2014-05-23T00:00:00Z 2014-05-23T02:00:00Z 61.000000 132.000000 35.000000 12.000000 0.700000 137.000000 2 2 1
2014-05-22T23:00:00Z 2014-05-23T01:00:00Z 60.000000 113.000000 52.000000 10.000000 0.700000 112.000000 2 2 1
2014-05-22T22:00:00Z 2014-05-23T00:00:00Z 65.000000 123.000000 62.000000 9.000000 0.800000 100.000000 2 2 1
2014-05-22T21:00:00Z 2014-05-22T23:00:00Z 58.000000 151.000000 46.000000 8.000000 0.700000 121.000000 2 2 1
2014-05-22T20:00:00Z 2014-05-22T22:00:00Z 49.000000 148.000000 26.000000 8.000000 0.600000 152.000000 2 2 1
2014-05-22T18:00:00Z 2014-05-22T20:00:00Z 37.000000 54.000000 12.000000 7.000000 0.500000 169.000000 2 2 1
2014-05-22T17:00:00Z 2014-05-22T19:00:00Z 45.000000 119.000000 10.000000 9.000000 0.500000 190.000000 2 1 1
2014-05-22T16:00:00Z 2014-05-22T18:00:00Z 38.000000 104.000000 9.000000 7.000000 0.500000 185.000000 2 2 1
2014-05-22T15:00:00Z 2014-05-22T17:00:00Z 37.000000 40.000000 9.000000 5.000000 0.400000 177.000000 2 2 1
2014-05-21T08:00:00Z 2014-05-21T10:00:00Z 73.000000 127.000000 84.000000 35.000000 1.600000 31.000000 2 3 1
2014-05-20T20:00:00Z 2014-05-20T22:00:00Z 42.000000 182.000000 62.000000 9.000000 0.600000 161.000000 2 4 1
2014-05-19T08:00:00Z 2014-05-19T10:00:00Z 68.000000 103.000000 57.000000 7.000000 1.000000 79.000000 2 3 1
2014-05-19T07:00:00Z 2014-05-19T09:00:00Z 60.000000 95.000000 51.000000 7.000000 0.900000 86.000000 2 2 1
2014-05-19T03:00:00Z 2014-05-19T05:00:00Z 70.000000 142.000000 35.000000 12.000000 0.600000 130.000000 2 3 1
2014-05-18T11:00:00Z 2014-05-18T13:00:00Z 66.000000 104.000000 70.000000 22.000000 1.000000 96.000000 2 3 1
2014-05-18T09:00:00Z 2014-05-18T11:00:00Z 64.000000 126.000000 86.000000 28.000000 1.200000 33.000000 2 2 1
2014-05-18T08:00:00Z 2014-05-18T10:00:00Z 58.000000 143.000000 92.000000 25.000000 1.300000 14.000000 2 2 1
2014-05-18T07:00:00Z 2014-05-18T09:00:00Z 53.000000 200.000000 96.000000 20.000000 1.600000 4.000000 2 2 1
2014-05-18T06:00:00Z 2014-05-18T08:00:00Z 54.000000 196.000000 96.000000 15.000000 1.800000 3.000000 2 2 1
2014-05-18T05:00:00Z 2014-05-18T07:00:00Z 56.000000 200.000000 77.000000 14.000000 1.700000 3.000000 2 2 1
2014-05-18T04:00:00Z 2014-05-18T06:00:00Z 72.000000 189.000000 91.000000 15.000000 1.200000 4.000000 2 2 1
2014-05-18T03:00:00Z 2014-05-18T05:00:00Z 46.000000 131.000000 109.000000 14.000000 1.200000 3.000000 2 2 1
2014-05-18T02:00:00Z 2014-05-18T04:00:00Z 42.000000 85.000000 103.000000 13.000000 1.300000 8.000000 2 2 1
2014-05-17T23:00:00Z 2014-05-18T01:00:00Z 36.000000 85.000000 67.000000 17.000000 1.100000 61.000000 2 1 1
2014-05-17T20:00:00Z 2014-05-17T22:00:00Z 51.000000 122.000000 50.000000 15.000000 0.800000 146.000000 2 1 1
2014-05-17T19:00:00Z 2014-05-17T21:00:00Z 52.000000 111.000000 38.000000 15.000000 0.700000 177.000000 2 1 1
2014-05-17T18:00:00Z 2014-05-17T20:00:00Z 52.000000 97.000000 34.000000 17.000000 0.700000 199.000000 2 2 1
2014-05-17T17:00:00Z 2014-05-17T19:00:00Z 52.000000 102.000000 32.000000 21.000000 0.900000 212.000000 2 2 1
2014-05-17T16:00:00Z 2014-05-17T18:00:00Z 47.000000 90.000000 28.000000 21.000000 0.800000 203.000000 2 2 1
2014-05-17T15:00:00Z 2014-05-17T17:00:00Z 47.000000 86.000000 27.000000 21.000000 0.800000 191.000000 2 2 1
2014-05-17T14:00:00Z 2014-05-17T16:00:00Z 43.000000 62.000000 25.000000 23.000000 0.800000 179.000000 2 2 1
2014-05-17T13:00:00Z 2014-05-17T15:00:00Z 53.000000 108.000000 34.000000 32.000000 0.900000 159.000000 2 2 1
2014-05-17T12:00:00Z 2014-05-17T14:00:00Z 70.000000 82.000000 54.000000 43.000000 1.200000 125.000000 2 2 1
2014-05-17T10:00:00Z 2014-05-17T12:00:00Z 73.000000 142.000000 90.000000 70.000000 1.900000 65.000000 2 2 1
2014-05-17T09:00:00Z 2014-05-17T11:00:00Z 67.000000 118.000000 88.000000 57.000000 1.800000 48.000000 2 3 1
2014-05-17T08:00:00Z 2014-05-17T10:00:00Z 62.000000 126.000000 79.000000 47.000000 1.600000 48.000000 2 2 1
2014-05-17T07:00:00Z 2014-05-17T09:00:00Z 67.000000 143.000000 94.000000 32.000000 1.300000 29.000000 2 2 1
2014-05-17T06:00:00Z 2014-05-17T08:00:00Z 55.000000 142.000000 108.000000 31.000000 1.200000 18.000000 2 2 1
2014-05-17T05:00:00Z 2014-05-17T07:00:00Z 62.000000 139.000000 109.000000 30.000000 1.200000 16.000000 2 2 1
2014-05-17T04:00:00Z 2014-05-17T06:00:00Z 64.000000 154.000000 98.000000 38.000000 1.100000 33.000000 2 2 1
2014-05-17T03:00:00Z 2014-05-17T05:00:00Z 61.000000 203.000000 130.000000 30.000000 1.100000 6.000000 2 2 1
2014-05-17T02:00:00Z 2014-05-17T04:00:00Z 57.000000 181.000000 104.000000 25.000000 1.200000 44.000000 2 2 1
2014-05-17T01:00:00Z 2014-05-17T03:00:00Z 56.000000 145.000000 78.000000 30.000000 1.500000 67.000000 2 2 1
2014-05-17T00:00:00Z 2014-05-17T02:00:00Z 53.000000 147.000000 67.000000 26.000000 1.500000 76.000000 2 2 1
2014-05-16T23:00:00Z 2014-05-17T01:00:00Z 54.000000 162.000000 61.000000 25.000000 1.200000 89.000000 2 2 1
2014-05-16T22:00:00Z 2014-05-17T00:00:00Z 69.000000 217.000000 61.000000 29.000000 1.400000 107.000000 2 2 1
2014-05-16T20:00:00Z 2014-05-16T22:00:00Z 73.000000 97.000000 47.000000 8.000000 0.500000 126.000000 2 2 1
2014-05-16T11:00:00Z 2014-05-16T13:00:00Z 41.000000 56.000000 19.000000 4.000000 0.300000 106.000000 2 1 1
2014-05-16T07:00:00Z 2014-05-16T09:00:00Z 66.000000 210.000000 90.000000 14.000000 0.900000 18.000000 2 1 1
2014-05-16T06:00:00Z 2014-05-16T08:00:00Z 75.000000 267.000000 111.000000 27.000000 1.100000 6.000000 2 2 1
2014-05-16T04:00:00Z 2014-05-16T06:00:00Z 65.000000 263.000000 112.000000 26.000000 1.200000 4.000000 2 2 1
2014-05-16T03:00:00Z 2014-05-16T05:00:00Z 64.000000 246.000000 114.000000 28.000000 1.100000 6.000000 2 3 1
2014-05-16T02:00:00Z 2014-05-16T04:00:00Z 65.000000 242.000000 108.000000 28.000000 1.100000 11.000000 2 2 1
2014-05-16T01:00:00Z 2014-05-16T03:00:00Z 72.000000 262.000000 94.000000 31.000000 1.000000 24.000000 2 2 1
2014-05-15T13:00:00Z 2014-05-15T15:00:00Z 52.000000 244.000000 44.000000 12.000000 0.500000 87.000000 2 3 1
2014-05-15T12:00:00Z 2014-05-15T14:00:00Z 37.000000 180.000000 49.000000 13.000000 0.600000 68.000000 2 2 1
2014-05-14T06:00:00Z 2014-05-14T08:00:00Z 39.000000 83.000000 17.000000 7.000000 0.200000 70.000000 2 1 1
2014-05-14T05:00:00Z 2014-05-14T07:00:00Z 37.000000 79.000000 16.000000 7.000000 0.200000 72.000000 2 1 1
2014-05-14T02:00:00Z 2014-05-14T04:00:00Z 36.000000 170.000000 13.000000 2.000000 0.200000 78.000000 2 1 1
2014-05-14T01:00:00Z 2014-05-14T03:00:00Z 42.000000 168.000000 10.000000 2.000000 0.200000 82.000000 2 1 1
2014-05-13T20:00:00Z 2014-05-13T22:00:00Z 47.000000 146.000000 26.000000 3.000000 0.300000 96.000000 2 1 1
2014-05-13T19:00:00Z 2014-05-13T21:00:00Z 39.000000 115.000000 26.000000 5.000000 0.300000 103.000000 2 1 1
2014-05-13T18:00:00Z 2014-05-13T20:00:00Z 40.000000 167.000000 18.000000 6.000000 0.300000 113.000000 2 2 1
2014-05-13T17:00:00Z 2014-05-13T19:00:00Z 49.000000 118.000000 13.000000 4.000000 0.300000 120.000000 2 2 1
2014-05-13T15:00:00Z 2014-05-13T17:00:00Z 56.000000 95.000000 11.000000 6.000000 0.300000 126.000000 2 2 1
2014-05-13T06:00:00Z 2014-05-13T08:00:00Z 69.000000 146.000000 72.000000 15.000000 1.000000 15.000000 2 3 1
2014-05-13T05:00:00Z 2014-05-13T07:00:00Z 65.000000 115.000000 58.000000 18.000000 0.700000 27.000000 2 3 1
2014-05-13T03:00:00Z 2014-05-13T05:00:00Z 51.000000 131.000000 54.000000 16.000000 0.700000 47.000000 2 2 1
2014-05-13T01:00:00Z 2014-05-13T03:00:00Z 47.000000 128.000000 36.000000 19.000000 0.600000 81.000000 2 2 1
2014-05-13T00:00:00Z 2014-05-13T02:00:00Z 54.000000 118.000000 39.000000 20.000000 0.700000 86.000000 2 2 1
2014-05-12T23:00:00Z 2014-05-13T01:00:00Z 68.000000 121.000000 45.000000 23.000000 0.800000 84.000000 2 2 1
2014-05-12T05:00:00Z 2014-05-12T07:00:00Z 40.000000 45.000000 44.000000 2.000000 1.300000 2.000000 2 2 1
2014-05-10T23:00:00Z 2014-05-11T01:00:00Z 43.000000 93.000000 49.000000 13.000000 1.300000 55.000000 2 1 1
2014-05-10T22:00:00Z 2014-05-11T00:00:00Z 36.000000 106.000000 56.000000 27.000000 1.400000 56.000000 2 1 1
2014-05-10T21:00:00Z 2014-05-10T23:00:00Z 66.000000 113.000000 80.000000 24.000000 1.500000 46.000000 2 2 1
2014-05-10T19:00:00Z 2014-05-10T21:00:00Z 65.000000 109.000000 76.000000 25.000000 1.500000 75.000000 2 2 1
2014-05-10T18:00:00Z 2014-05-10T20:00:00Z 70.000000 114.000000 66.000000 28.000000 1.500000 91.000000 2 3 1
2014-05-10T17:00:00Z 2014-05-10T19:00:00Z 62.000000 116.000000 55.000000 27.000000 1.300000 98.000000 2 2 1
2014-05-10T16:00:00Z 2014-05-10T18:00:00Z 62.000000 84.000000 45.000000 29.000000 1.200000 103.000000 2 2 1
2014-05-10T15:00:00Z 2014-05-10T17:00:00Z 62.000000 93.000000 43.000000 32.000000 1.300000 101.000000 2 2 1
2014-05-10T14:00:00Z 2014-05-10T16:00:00Z 59.000000 91.000000 42.000000 36.000000 1.400000 95.000000 2 2 1
2014-05-10T13:00:00Z 2014-05-10T15:00:00Z 58.000000 108.000000 50.000000 41.000000 1.500000 76.000000 2 2 1
2014-05-10T12:00:00Z 2014-05-10T14:00:00Z 61.000000 101.000000 48.000000 40.000000 1.500000 72.000000 2 2 1
2014-05-10T11:00:00Z 2014-05-10T13:00:00Z 54.000000 102.000000 44.000000 39.000000 1.400000 73.000000 2 2 1
2014-05-10T10:00:00Z 2014-05-10T12:00:00Z 51.000000 98.000000 44.000000 38.000000 1.400000 68.000000 2 2 1
2014-05-10T09:00:00Z 2014-05-10T11:00:00Z 45.000000 85.000000 44.000000 36.000000 1.400000 64.000000 2 2 1
2014-05-10T08:00:00Z 2014-05-10T10:00:00Z 40.000000 94.000000 47.000000 32.000000 1.400000 56.000000 2 2 1
2014-05-10T07:00:00Z 2014-05-10T09:00:00Z 37.000000 90.000000 50.000000 29.000000 1.300000 51.000000 2 2 1
2014-05-10T06:00:00Z 2014-05-10T08:00:00Z 43.000000 86.000000 46.000000 30.000000 1.300000 53.000000 2 2 1
2014-05-10T05:00:00Z 2014-05-10T07:00:00Z 40.000000 86.000000 36.000000 28.000000 1.200000 63.000000 2 2 1
2014-05-10T03:00:00Z 2014-05-10T05:00:00Z 38.000000 67.000000 38.000000 27.000000 1.200000 68.000000 2 2 1
2014-05-10T02:00:00Z 2014-05-10T04:00:00Z 42.000000 79.000000 38.000000 27.000000 1.200000 72.000000 2 1 1
2014-05-10T01:00:00Z 2014-05-10T03:00:00Z 47.000000 81.000000 34.000000 26.000000 1.200000 82.000000 2 2 1
2014-05-10T00:00:00Z 2014-05-10T02:00:00Z 52.000000 99.000000 34.000000 24.000000 1.100000 88.000000 2 2 1
2014-05-09T23:00:00Z 2014-05-10T01:00:00Z 56.000000 101.000000 33.000000 24.000000 1.100000 98.000000 2 2 1
2014-05-09T22:00:00Z 2014-05-10T00:00:00Z 51.000000 128.000000 42.000000 25.000000 1.200000 92.000000 2 2 1
2014-05-09T21:00:00Z 2014-05-09T23:00:00Z 43.000000 128.000000 37.000000 18.000000 0.900000 101.000000 2 2 1
2014-05-09T20:00:00Z 2014-05-09T22:00:00Z 36.000000 143.000000 35.000000 13.000000 0.600000 110.000000 2 2 1
2014-05-09T17:00:00Z 2014-05-09T19:00:00Z 49.000000 92.000000 37.000000 23.000000 0.800000 119.000000 2 1 1
2014-05-09T05:00:00Z 2014-05-09T07:00:00Z 72.000000 109.000000 45.000000 36.000000 1.200000 50.000000 2 3 1
2014-05-09T04:00:00Z 2014-05-09T06:00:00Z 58.000000 93.000000 44.000000 20.000000 0.600000 65.000000 2 3 1
2014-05-09T03:00:00Z 2014-05-09T05:00:00Z 63.000000 84.000000 44.000000 33.000000 0.700000 56.000000 2 2 1
2014-05-09T02:00:00Z 2014-05-09T04:00:00Z 65.000000 94.000000 50.000000 30.000000 0.900000 58.000000 2 2 1
2014-05-08T23:00:00Z 2014-05-09T01:00:00Z 69.000000 144.000000 68.000000 41.000000 1.000000 69.000000 2 3 1
2014-05-08T22:00:00Z 2014-05-09T00:00:00Z 59.000000 133.000000 58.000000 31.000000 0.900000 84.000000 2 3 1
2014-05-08T21:00:00Z 2014-05-08T23:00:00Z 62.000000 141.000000 56.000000 24.000000 1.300000 93.000000 2 2 1
2014-05-08T20:00:00Z 2014-05-08T22:00:00Z 72.000000 132.000000 56.000000 24.000000 1.200000 108.000000 2 2 1
2014-05-08T19:00:00Z 2014-05-08T21:00:00Z 69.000000 121.000000 42.000000 19.000000 0.900000 135.000000 2 2 1
2014-05-08T18:00:00Z 2014-05-08T20:00:00Z 66.000000 96.000000 21.000000 17.000000 0.600000 169.000000 2 2 1
2014-05-08T17:00:00Z 2014-05-08T19:00:00Z 75.000000 91.000000 22.000000 20.000000 0.700000 170.000000 2 2 1
2014-05-08T15:00:00Z 2014-05-08T17:00:00Z 74.000000 82.000000 16.000000 15.000000 0.700000 156.000000 2 2 1
2014-05-08T14:00:00Z 2014-05-08T16:00:00Z 71.000000 83.000000 18.000000 14.000000 0.700000 145.000000 2 3 1
2014-05-08T13:00:00Z 2014-05-08T15:00:00Z 64.000000 78.000000 18.000000 16.000000 0.800000 139.000000 2 2 1
2014-05-08T12:00:00Z 2014-05-08T14:00:00Z 63.000000 66.000000 18.000000 17.000000 0.800000 131.000000 2 2 1
2014-05-08T11:00:00Z 2014-05-08T13:00:00Z 70.000000 87.000000 22.000000 19.000000 0.800000 118.000000 2 2 1
2014-05-07T13:00:00Z 2014-05-07T15:00:00Z 36.000000 106.000000 8.000000 5.000000 0.300000 113.000000 2 1 1
2014-05-07T11:00:00Z 2014-05-07T13:00:00Z 37.000000 75.000000 8.000000 2.000000 0.200000 103.000000 2 2 1
2014-05-06T15:00:00Z 2014-05-06T17:00:00Z 56.000000 142.000000 47.000000 41.000000 1.000000 114.000000 2 3 1
2014-05-06T09:00:00Z 2014-05-06T11:00:00Z 56.000000 132.000000 70.000000 30.000000 1.000000 25.000000 2 2 1
2014-05-06T08:00:00Z 2014-05-06T10:00:00Z 55.000000 112.000000 74.000000 35.000000 1.100000 16.000000 2 2 1
2014-05-06T07:00:00Z 2014-05-06T09:00:00Z 60.000000 128.000000 76.000000 30.000000 1.200000 11.000000 2 2 1
2014-05-06T06:00:00Z 2014-05-06T08:00:00Z 54.000000 119.000000 81.000000 25.000000 1.300000 6.000000 2 2 1
2014-05-06T05:00:00Z 2014-05-06T07:00:00Z 56.000000 129.000000 83.000000 22.000000 1.100000 4.000000 2 2 1
2014-05-06T03:00:00Z 2014-05-06T05:00:00Z 48.000000 88.000000 49.000000 26.000000 0.600000 21.000000 2 2 1
2014-05-06T02:00:00Z 2014-05-06T04:00:00Z 44.000000 86.000000 43.000000 21.000000 0.600000 29.000000 2 2 1
2014-05-06T01:00:00Z 2014-05-06T03:00:00Z 48.000000 91.000000 42.000000 20.000000 0.700000 40.000000 2 2 1
2014-05-06T00:00:00Z 2014-05-06T02:00:00Z 42.000000 94.000000 40.000000 16.000000 0.700000 46.000000 2 2 1
2014-05-05T23:00:00Z 2014-05-06T01:00:00Z 36.000000 95.000000 52.000000 13.000000 0.700000 42.000000 2 2 0
2014-05-05T03:00:00Z 2014-05-05T05:00:00Z 40.000000 92.000000 66.000000 5.000000 1.100000 3.000000 2 1 0
2014-05-03T20:00:00Z 2014-05-03T22:00:00Z 46.000000 376.000000 9.000000 2.000000 0.200000 77.000000 2 1 0
2014-05-03T19:00:00Z 2014-05-03T21:00:00Z 62.000000 601.000000 9.000000 2.000000 0.200000 80.000000 2 1 0
2014-05-03T10:00:00Z 2014-05-03T12:00:00Z 56.000000 121.000000 44.000000 20.000000 0.700000 44.000000 2 2 0
2014-05-03T09:00:00Z 2014-05-03T11:00:00Z 59.000000 99.000000 61.000000 13.000000 0.800000 22.000000 2 2 0
2014-05-01T21:00:00Z 2014-05-01T23:00:00Z 45.000000 166.000000 17.000000 5.000000 0.500000 69.000000 2 1 0
2014-05-01T20:00:00Z 2014-05-01T22:00:00Z 60.000000 352.000000 18.000000 8.000000 0.500000 68.000000 2 1 0
2014-05-01T19:00:00Z 2014-05-01T21:00:00Z 59.000000 192.000000 32.000000 9.000000 0.700000 56.000000 2 2 0
2014-04-30T21:00:00Z 2014-04-30T23:00:00Z 72.000000 162.000000 41.000000 19.000000 0.900000 125.000000 2 3 1
2014-04-30T18:00:00Z 2014-04-30T20:00:00Z 67.000000 170.000000 23.000000 21.000000 0.800000 174.000000 2 3 1
2014-04-30T17:00:00Z 2014-04-30T19:00:00Z 67.000000 157.000000 21.000000 21.000000 0.700000 179.000000 2 3 1
2014-04-29T19:00:00Z 2014-04-29T21:00:00Z 70.000000 146.000000 30.000000 20.000000 0.800000 177.000000 2 3 1
2014-04-29T17:00:00Z 2014-04-29T19:00:00Z 64.000000 105.000000 25.000000 12.000000 0.600000 196.000000 2 2 1
2014-04-29T08:00:00Z 2014-04-29T10:00:00Z 75.000000 176.000000 83.000000 27.000000 1.400000 11.000000 2 3 1
2014-04-29T07:00:00Z 2014-04-29T09:00:00Z 70.000000 164.000000 78.000000 18.000000 1.300000 6.000000 2 3 1
2014-04-29T06:00:00Z 2014-04-29T08:00:00Z 67.000000 155.000000 89.000000 14.000000 1.100000 2.000000 2 2 1
2014-04-29T01:00:00Z 2014-04-29T03:00:00Z 65.000000 162.000000 88.000000 12.000000 0.800000 38.000000 2 3 1
2014-04-29T00:00:00Z 2014-04-29T02:00:00Z 57.000000 128.000000 48.000000 14.000000 0.700000 91.000000 2 3 1
2014-04-28T23:00:00Z 2014-04-29T01:00:00Z 58.000000 101.000000 46.000000 9.000000 0.600000 99.000000 2 2 1
2014-04-28T22:00:00Z 2014-04-29T00:00:00Z 60.000000 135.000000 45.000000 8.000000 0.700000 106.000000 2 2 1
2014-04-28T21:00:00Z 2014-04-28T23:00:00Z 72.000000 142.000000 50.000000 8.000000 0.800000 119.000000 2 2 1
2014-04-28T20:00:00Z 2014-04-28T22:00:00Z 62.000000 146.000000 39.000000 7.000000 0.700000 141.000000 2 2 1
2014-04-28T19:00:00Z 2014-04-28T21:00:00Z 53.000000 137.000000 36.000000 7.000000 0.600000 156.000000 2 2 1
2014-04-28T18:00:00Z 2014-04-28T20:00:00Z 53.000000 131.000000 34.000000 7.000000 0.500000 166.000000 2 2 1
2014-04-28T17:00:00Z 2014-04-28T19:00:00Z 64.000000 73.000000 30.000000 5.000000 0.500000 150.000000 2 2 1
2014-04-28T08:00:00Z 2014-04-28T10:00:00Z 53.000000 139.000000 62.000000 16.000000 1.100000 23.000000 2 3 1
2014-04-28T07:00:00Z 2014-04-28T09:00:00Z 49.000000 147.000000 81.000000 14.000000 1.200000 5.000000 2 2 1
2014-04-28T06:00:00Z 2014-04-28T08:00:00Z 38.000000 124.000000 84.000000 12.000000 1.100000 2.000000 2 2 1
2014-04-28T00:00:00Z 2014-04-28T02:00:00Z 40.000000 58.000000 43.000000 14.000000 0.700000 55.000000 2 1 1
2014-04-27T21:00:00Z 2014-04-27T23:00:00Z 69.000000 172.000000 56.000000 20.000000 1.500000 74.000000 2 3 1
2014-04-27T20:00:00Z 2014-04-27T22:00:00Z 49.000000 101.000000 39.000000 12.000000 0.800000 96.000000 2 3 1
2014-04-27T19:00:00Z 2014-04-27T21:00:00Z 52.000000 98.000000 32.000000 11.000000 0.700000 114.000000 2 2 1
2014-04-27T18:00:00Z 2014-04-27T20:00:00Z 52.000000 128.000000 31.000000 9.000000 0.600000 125.000000 2 2 1
2014-04-27T17:00:00Z 2014-04-27T19:00:00Z 43.000000 115.000000 24.000000 3.000000 0.400000 140.000000 2 2 1
2014-04-27T07:00:00Z 2014-04-27T09:00:00Z 37.000000 101.000000 54.000000 5.000000 0.700000 7.000000 2 2 1
2014-04-27T06:00:00Z 2014-04-27T08:00:00Z 42.000000 108.000000 64.000000 5.000000 0.800000 2.000000 2 1 1
2014-04-27T05:00:00Z 2014-04-27T07:00:00Z 45.000000 126.000000 74.000000 4.000000 0.800000 2.000000 2 2 1
2014-04-27T03:00:00Z 2014-04-27T05:00:00Z 38.000000 72.000000 70.000000 3.000000 0.700000 3.000000 2 2 1
2014-04-26T18:00:00Z 2014-04-26T20:00:00Z 38.000000 159.000000 34.000000 4.000000 0.400000 83.000000 2 1 1
2014-04-26T17:00:00Z 2014-04-26T19:00:00Z 40.000000 152.000000 40.000000 8.000000 0.400000 85.000000 2 1 1
2014-04-26T12:00:00Z 2014-04-26T14:00:00Z 47.000000 88.000000 15.000000 2.000000 0.300000 82.000000 2 4 1
2014-04-25T23:00:00Z 2014-04-26T01:00:00Z 40.000000 117.000000 23.000000 2.000000 0.500000 61.000000 2 1 1
2014-04-24T01:00:00Z 2014-04-24T03:00:00Z 74.000000 114.000000 30.000000 14.000000 0.700000 96.000000 2 3 1
2014-04-23T23:00:00Z 2014-04-24T01:00:00Z 70.000000 135.000000 36.000000 14.000000 0.800000 106.000000 2 2 1
2014-04-23T22:00:00Z 2014-04-24T00:00:00Z 70.000000 130.000000 38.000000 14.000000 0.800000 108.000000 2 3 1
2014-04-23T21:00:00Z 2014-04-23T23:00:00Z 67.000000 142.000000 38.000000 15.000000 0.800000 111.000000 2 2 1
2014-04-23T01:00:00Z 2014-04-23T03:00:00Z 72.000000 149.000000 40.000000 23.000000 0.900000 79.000000 2 3 1
2014-04-23T00:00:00Z 2014-04-23T02:00:00Z 72.000000 156.000000 45.000000 23.000000 0.900000 84.000000 2 3 1
2014-04-22T23:00:00Z 2014-04-23T01:00:00Z 61.000000 136.000000 48.000000 21.000000 0.800000 88.000000 2 2 1
2014-04-22T22:00:00Z 2014-04-23T00:00:00Z 64.000000 114.000000 55.000000 19.000000 0.800000 83.000000 2 2 1
2014-04-22T19:00:00Z 2014-04-22T21:00:00Z 59.000000 141.000000 33.000000 22.000000 0.600000 138.000000 2 3 1
2014-04-22T18:00:00Z 2014-04-22T20:00:00Z 65.000000 120.000000 24.000000 14.000000 0.600000 152.000000 2 3 1
2014-04-22T17:00:00Z 2014-04-22T19:00:00Z 57.000000 98.000000 20.000000 12.000000 0.600000 164.000000 2 2 1
2014-04-22T16:00:00Z 2014-04-22T18:00:00Z 48.000000 70.000000 17.000000 8.000000 0.500000 163.000000 2 2 1
2014-04-22T10:00:00Z 2014-04-22T12:00:00Z 68.000000 84.000000 61.000000 6.000000 0.600000 47.000000 2 2 1
2014-04-22T08:00:00Z 2014-04-22T10:00:00Z 58.000000 74.000000 75.000000 7.000000 0.700000 23.000000 2 2 1
2014-04-22T07:00:00Z 2014-04-22T09:00:00Z 51.000000 95.000000 78.000000 8.000000 0.700000 12.000000 2 2 1
2014-04-22T06:00:00Z 2014-04-22T08:00:00Z 41.000000 73.000000 66.000000 9.000000 0.500000 25.000000 2 2 1
2014-04-22T05:00:00Z 2014-04-22T07:00:00Z 52.000000 64.000000 65.000000 11.000000 0.500000 28.000000 2 2 1
2014-04-21T23:00:00Z 2014-04-22T01:00:00Z 74.000000 116.000000 69.000000 8.000000 0.700000 59.000000 2 3 1
2014-04-21T22:00:00Z 2014-04-22T00:00:00Z 67.000000 117.000000 65.000000 8.000000 0.700000 70.000000 2 3 1
2014-04-21T21:00:00Z 2014-04-21T23:00:00Z 67.000000 111.000000 61.000000 6.000000 0.700000 77.000000 2 2 1
2014-04-21T20:00:00Z 2014-04-21T22:00:00Z 61.000000 92.000000 41.000000 5.000000 0.500000 100.000000 2 2 1
2014-04-21T19:00:00Z 2014-04-21T21:00:00Z 57.000000 63.000000 29.000000 4.000000 0.500000 112.000000 2 2 1
2014-04-21T18:00:00Z 2014-04-21T20:00:00Z 69.000000 70.000000 21.000000 4.000000 0.400000 127.000000 2 2 1
2014-04-21T07:00:00Z 2014-04-21T09:00:00Z 74.000000 99.000000 79.000000 9.000000 0.800000 8.000000 2 4 1
2014-04-21T06:00:00Z 2014-04-21T08:00:00Z 67.000000 93.000000 84.000000 10.000000 0.800000 3.000000 2 4 1
2014-04-20T23:00:00Z 2014-04-21T01:00:00Z 74.000000 99.000000 51.000000 11.000000 0.700000 68.000000 2 3 1
2014-04-20T20:00:00Z 2014-04-20T22:00:00Z 65.000000 83.000000 50.000000 9.000000 0.600000 91.000000 2 4 1
2014-04-20T18:00:00Z 2014-04-20T20:00:00Z 56.000000 75.000000 31.000000 8.000000 0.500000 132.000000 2 2 1
2014-04-20T17:00:00Z 2014-04-20T19:00:00Z 54.000000 66.000000 30.000000 8.000000 0.400000 137.000000 2 2 1
2014-04-20T16:00:00Z 2014-04-20T18:00:00Z 52.000000 72.000000 28.000000 7.000000 0.400000 120.000000 2 2 1
2014-04-20T10:00:00Z 2014-04-20T12:00:00Z 57.000000 60.000000 48.000000 18.000000 0.700000 41.000000 2 1 1
2014-04-20T09:00:00Z 2014-04-20T11:00:00Z 54.000000 66.000000 45.000000 15.000000 0.700000 42.000000 2 1 1
2014-04-19T22:00:00Z 2014-04-20T00:00:00Z 70.000000 90.000000 60.000000 11.000000 0.800000 46.000000 2 3 1
2014-04-19T21:00:00Z 2014-04-19T23:00:00Z 68.000000 76.000000 48.000000 10.000000 0.700000 63.000000 2 3 1
2014-04-19T20:00:00Z 2014-04-19T22:00:00Z 61.000000 68.000000 44.000000 9.000000 0.700000 74.000000 2 2 1
2014-04-19T19:00:00Z 2014-04-19T21:00:00Z 53.000000 69.000000 42.000000 11.000000 0.600000 83.000000 2 2 1
2014-04-19T18:00:00Z 2014-04-19T20:00:00Z 39.000000 44.000000 35.000000 11.000000 0.600000 91.000000 2 2 1
2014-04-19T17:00:00Z 2014-04-19T19:00:00Z 62.000000 63.000000 43.000000 13.000000 0.700000 80.000000 2 2 1
2014-04-19T16:00:00Z 2014-04-19T18:00:00Z 50.000000 50.000000 38.000000 11.000000 0.700000 82.000000 2 2 1
2014-04-19T15:00:00Z 2014-04-19T17:00:00Z 46.000000 52.000000 39.000000 10.000000 0.700000 80.000000 2 2 1
2014-04-19T14:00:00Z 2014-04-19T16:00:00Z 37.000000 44.000000 32.000000 10.000000 0.600000 86.000000 2 2 1
2014-04-19T13:00:00Z 2014-04-19T15:00:00Z 54.000000 88.000000 38.000000 16.000000 0.700000 80.000000 2 2 1
2014-04-19T11:00:00Z 2014-04-19T13:00:00Z 59.000000 69.000000 52.000000 33.000000 1.100000 65.000000 2 2 1
2014-04-19T09:00:00Z 2014-04-19T11:00:00Z 63.000000 95.000000 84.000000 26.000000 1.100000 23.000000 2 2 1
2014-04-19T08:00:00Z 2014-04-19T10:00:00Z 72.000000 113.000000 94.000000 23.000000 0.900000 10.000000 2 2 1
2014-04-19T07:00:00Z 2014-04-19T09:00:00Z 66.000000 117.000000 96.000000 19.000000 0.900000 5.000000 2 2 1
2014-04-19T06:00:00Z 2014-04-19T08:00:00Z 66.000000 132.000000 97.000000 19.000000 0.900000 2.000000 2 2 1
2014-04-19T05:00:00Z 2014-04-19T07:00:00Z 66.000000 122.000000 96.000000 19.000000 1.000000 6.000000 2 2 1
2014-04-19T04:00:00Z 2014-04-19T06:00:00Z 68.000000 100.000000 91.000000 20.000000 0.900000 18.000000 2 2 1
2014-04-19T03:00:00Z 2014-04-19T05:00:00Z 71.000000 118.000000 105.000000 23.000000 1.000000 8.000000 2 2 1
2014-04-19T02:00:00Z 2014-04-19T04:00:00Z 75.000000 120.000000 104.000000 24.000000 1.000000 12.000000 2 2 1
2014-04-19T01:00:00Z 2014-04-19T03:00:00Z 71.000000 123.000000 84.000000 20.000000 1.000000 30.000000 2 2 1
2014-04-18T23:00:00Z 2014-04-19T01:00:00Z 73.000000 94.000000 51.000000 17.000000 0.700000 76.000000 2 2 1
2014-04-18T22:00:00Z 2014-04-19T00:00:00Z 74.000000 91.000000 51.000000 21.000000 1.000000 78.000000 2 3 1
2014-04-17T13:00:00Z 2014-04-17T15:00:00Z 70.000000 85.000000 52.000000 44.000000 1.700000 79.000000 2 3 1
2014-04-17T03:00:00Z 2014-04-17T05:00:00Z 72.000000 110.000000 119.000000 34.000000 1.200000 6.000000 2 3 1
2014-04-16T20:00:00Z 2014-04-16T22:00:00Z 65.000000 161.000000 74.000000 17.000000 0.900000 66.000000 2 3 1
2014-04-16T19:00:00Z 2014-04-16T21:00:00Z 62.000000 125.000000 68.000000 16.000000 0.800000 91.000000 2 3 1
2014-04-16T18:00:00Z 2014-04-16T20:00:00Z 51.000000 124.000000 54.000000 13.000000 0.600000 108.000000 2 2 1
2014-04-16T17:00:00Z 2014-04-16T19:00:00Z 49.000000 105.000000 57.000000 11.000000 0.600000 96.000000 2 2 1
2014-04-16T16:00:00Z 2014-04-16T18:00:00Z 44.000000 126.000000 63.000000 13.000000 0.600000 90.000000 2 2 1
2014-04-16T15:00:00Z 2014-04-16T17:00:00Z 46.000000 103.000000 54.000000 12.000000 0.600000 94.000000 2 2 1
2014-04-16T14:00:00Z 2014-04-16T16:00:00Z 43.000000 84.000000 60.000000 13.000000 0.700000 78.000000 2 2 1
2014-04-16T13:00:00Z 2014-04-16T15:00:00Z 38.000000 86.000000 53.000000 12.000000 0.700000 75.000000 2 2 1
2014-04-16T12:00:00Z 2014-04-16T14:00:00Z 36.000000 88.000000 53.000000 14.000000 0.700000 68.000000 2 2 1
2014-04-15T21:00:00Z 2014-04-15T23:00:00Z 44.000000 138.000000 59.000000 14.000000 0.800000 34.000000 2 1 1
2014-04-15T20:00:00Z 2014-04-15T22:00:00Z 41.000000 148.000000 70.000000 16.000000 1.100000 29.000000 2 1 1
2014-04-15T08:00:00Z 2014-04-15T10:00:00Z 54.000000 126.000000 97.000000 14.000000 0.700000 14.000000 2 3 1
2014-04-15T07:00:00Z 2014-04-15T09:00:00Z 54.000000 126.000000 97.000000 14.000000 0.700000 14.000000 2 3 1
2014-04-15T06:00:00Z 2014-04-15T08:00:00Z 54.000000 126.000000 97.000000 14.000000 0.700000 14.000000 2 2 1
2014-04-15T05:00:00Z 2014-04-15T07:00:00Z 54.000000 126.000000 97.000000 14.000000 0.700000 14.000000 2 2 1
2014-04-15T03:00:00Z 2014-04-15T05:00:00Z 52.000000 91.000000 46.000000 15.000000 0.500000 47.000000 2 2 1
2014-04-15T02:00:00Z 2014-04-15T04:00:00Z 48.000000 97.000000 48.000000 14.000000 0.700000 50.000000 2 2 1
2014-04-15T01:00:00Z 2014-04-15T03:00:00Z 50.000000 79.000000 45.000000 16.000000 0.700000 72.000000 2 2 1
2014-04-15T00:00:00Z 2014-04-15T02:00:00Z 57.000000 117.000000 41.000000 19.000000 0.700000 82.000000 2 2 1
2014-04-04T23:00:00Z 2014-04-05T01:00:00Z 37.000000 161.000000 35.000000 13.000000 0.600000 64.000000 2 1 0
2014-04-03T03:00:00Z 2014-04-03T05:00:00Z 46.000000 79.000000 41.000000 16.000000 0.600000 28.000000 2 1 0
2014-04-03T02:00:00Z 2014-04-03T04:00:00Z 52.000000 94.000000 45.000000 17.000000 0.800000 28.000000 2 2 0
2014-04-03T01:00:00Z 2014-04-03T03:00:00Z 50.000000 83.000000 44.000000 18.000000 0.700000 41.000000 2 2 0
2014-04-03T00:00:00Z 2014-04-03T02:00:00Z 54.000000 111.000000 44.000000 20.000000 0.700000 46.000000 2 2 0
2014-04-02T23:00:00Z 2014-04-03T01:00:00Z 58.000000 132.000000 40.000000 21.000000 0.800000 56.000000 2 2 0
2014-04-02T22:00:00Z 2014-04-03T00:00:00Z 61.000000 138.000000 45.000000 18.000000 0.800000 64.000000 2 2 0
2014-04-01T20:00:00Z 2014-04-01T22:00:00Z 65.000000 99.000000 44.000000 16.000000 0.700000 112.000000 2 3 0
2014-04-01T19:00:00Z 2014-04-01T21:00:00Z 63.000000 77.000000 33.000000 10.000000 0.700000 138.000000 2 3 0
2014-04-01T18:00:00Z 2014-04-01T20:00:00Z 48.000000 63.000000 21.000000 8.000000 0.500000 144.000000 2 2 0
2014-03-31T00:00:00Z 2014-03-31T02:00:00Z 66.000000 152.000000 85.000000 17.000000 0.800000 24.000000 2 4 1
2014-03-30T23:00:00Z 2014-03-31T01:00:00Z 51.000000 125.000000 80.000000 9.000000 0.700000 36.000000 2 3 1
2014-03-30T22:00:00Z 2014-03-31T00:00:00Z 43.000000 112.000000 75.000000 8.000000 0.600000 40.000000 2 2 1
2014-03-30T21:00:00Z 2014-03-30T23:00:00Z 40.000000 93.000000 67.000000 11.000000 0.600000 49.000000 2 2 1
2014-03-30T05:00:00Z 2014-03-30T07:00:00Z 39.000000 70.000000 86.000000 9.000000 0.800000 2.000000 2 1 1
2014-03-30T04:00:00Z 2014-03-30T06:00:00Z 51.000000 133.000000 92.000000 10.000000 1.100000 2.000000 2 1 1
2014-03-30T03:00:00Z 2014-03-30T05:00:00Z 66.000000 186.000000 100.000000 9.000000 1.100000 3.000000 2 2 1
2014-03-30T02:00:00Z 2014-03-30T04:00:00Z 56.000000 168.000000 96.000000 8.000000 0.900000 3.000000 2 2 1
2014-03-30T01:00:00Z 2014-03-30T03:00:00Z 63.000000 163.000000 83.000000 8.000000 0.800000 22.000000 2 2 1
2014-03-30T00:00:00Z 2014-03-30T02:00:00Z 54.000000 104.000000 61.000000 8.000000 0.800000 52.000000 2 2 1
2014-03-29T23:00:00Z 2014-03-30T01:00:00Z 53.000000 161.000000 54.000000 8.000000 0.700000 62.000000 2 2 1
2014-03-29T22:00:00Z 2014-03-30T00:00:00Z 54.000000 158.000000 76.000000 8.000000 0.700000 43.000000 2 2 1
2014-03-29T21:00:00Z 2014-03-29T23:00:00Z 45.000000 123.000000 64.000000 6.000000 0.700000 57.000000 2 2 1
2014-03-28T17:00:00Z 2014-03-28T19:00:00Z 74.000000 135.000000 36.000000 18.000000 0.900000 104.000000 2 4 1
2014-03-28T16:00:00Z 2014-03-28T18:00:00Z 47.000000 129.000000 26.000000 9.000000 0.500000 102.000000 2 3 1
2014-03-22T21:00:00Z 2014-03-22T23:00:00Z 46.000000 139.000000 62.000000 16.000000 0.800000 61.000000 2 5 1
2014-03-22T12:00:00Z 2014-03-22T14:00:00Z 52.000000 87.000000 36.000000 20.000000 0.700000 75.000000 2 1 1
2014-03-22T11:00:00Z 2014-03-22T13:00:00Z 73.000000 174.000000 71.000000 30.000000 1.100000 43.000000 2 1 1
2014-03-22T10:00:00Z 2014-03-22T12:00:00Z 63.000000 102.000000 69.000000 33.000000 1.100000 33.000000 2 2 1
2014-03-22T07:00:00Z 2014-03-22T09:00:00Z 75.000000 160.000000 75.000000 18.000000 1.200000 6.000000 2 3 1
2014-03-22T03:00:00Z 2014-03-22T05:00:00Z 73.000000 160.000000 84.000000 23.000000 0.700000 4.000000 2 3 1
2014-03-21T23:00:00Z 2014-03-22T01:00:00Z 69.000000 138.000000 56.000000 23.000000 0.700000 46.000000 2 3 1
2014-03-21T22:00:00Z 2014-03-22T00:00:00Z 62.000000 117.000000 52.000000 18.000000 0.800000 57.000000 2 3 1
2014-03-21T21:00:00Z 2014-03-21T23:00:00Z 56.000000 115.000000 50.000000 14.000000 0.700000 68.000000 2 2 1
2014-03-21T20:00:00Z 2014-03-21T22:00:00Z 48.000000 87.000000 45.000000 10.000000 0.600000 81.000000 2 2 1
2014-03-21T19:00:00Z 2014-03-21T21:00:00Z 40.000000 80.000000 38.000000 9.000000 0.600000 92.000000 2 2 1
2014-03-19T17:00:00Z 2014-03-19T19:00:00Z 54.000000 82.000000 35.000000 16.000000 0.700000 84.000000 2 2 1
2014-03-19T16:00:00Z 2014-03-19T18:00:00Z 58.000000 73.000000 37.000000 18.000000 0.800000 81.000000 2 2 1
2014-03-19T14:00:00Z 2014-03-19T16:00:00Z 70.000000 93.000000 56.000000 26.000000 1.000000 57.000000 2 2 1
2014-03-19T12:00:00Z 2014-03-19T14:00:00Z 49.000000 52.000000 73.000000 27.000000 1.100000 30.000000 2 2 1
2014-03-19T11:00:00Z 2014-03-19T13:00:00Z 55.000000 66.000000 68.000000 31.000000 1.100000 31.000000 2 2 1
2014-03-19T10:00:00Z 2014-03-19T12:00:00Z 40.000000 64.000000 67.000000 31.000000 1.300000 32.000000 2 2 1
2014-03-19T08:00:00Z 2014-03-19T10:00:00Z 48.000000 56.000000 53.000000 19.000000 1.000000 37.000000 2 2 1
2014-03-19T07:00:00Z 2014-03-19T09:00:00Z 52.000000 70.000000 50.000000 18.000000 0.900000 35.000000 2 2 1
2014-03-19T06:00:00Z 2014-03-19T08:00:00Z 64.000000 88.000000 70.000000 21.000000 0.900000 17.000000 2 2 1
2014-03-19T05:00:00Z 2014-03-19T07:00:00Z 74.000000 89.000000 70.000000 23.000000 1.000000 17.000000 2 2 1
2014-03-19T03:00:00Z 2014-03-19T05:00:00Z 50.000000 59.000000 37.000000 22.000000 0.700000 34.000000 2 2 1
2014-03-19T02:00:00Z 2014-03-19T04:00:00Z 39.000000 52.000000 32.000000 20.000000 0.700000 47.000000 2 2 1
2014-03-18T21:00:00Z 2014-03-18T23:00:00Z 51.000000 58.000000 34.000000 17.000000 1.200000 77.000000 2 1 1
2014-03-18T20:00:00Z 2014-03-18T22:00:00Z 51.000000 54.000000 34.000000 17.000000 1.100000 86.000000 2 2 1
2014-03-18T19:00:00Z 2014-03-18T21:00:00Z 56.000000 88.000000 29.000000 15.000000 0.700000 102.000000 2 2 1
2014-03-18T18:00:00Z 2014-03-18T20:00:00Z 54.000000 152.000000 32.000000 16.000000 0.700000 104.000000 2 2 1
2014-03-18T17:00:00Z 2014-03-18T19:00:00Z 66.000000 187.000000 34.000000 20.000000 0.800000 108.000000 2 2 1
2014-03-18T16:00:00Z 2014-03-18T18:00:00Z 72.000000 229.000000 37.000000 29.000000 1.200000 99.000000 2 2 1
2014-03-18T15:00:00Z 2014-03-18T17:00:00Z 72.000000 224.000000 34.000000 39.000000 1.300000 95.000000 2 2 1
2014-03-18T14:00:00Z 2014-03-18T16:00:00Z 72.000000 215.000000 34.000000 41.000000 1.200000 90.000000 2 2 1
2014-03-18T13:00:00Z 2014-03-18T15:00:00Z 62.000000 222.000000 34.000000 40.000000 1.100000 87.000000 2 2 1
2014-03-18T12:00:00Z 2014-03-18T14:00:00Z 47.000000 186.000000 37.000000 27.000000 0.800000 79.000000 2 2 1
2014-03-17T15:00:00Z 2014-03-17T17:00:00Z 36.000000 244.000000 9.000000 6.000000 0.300000 85.000000 2 1 1
2014-03-17T14:00:00Z 2014-03-17T16:00:00Z 42.000000 272.000000 11.000000 7.000000 0.300000 82.000000 2 1 1
2014-03-17T12:00:00Z 2014-03-17T14:00:00Z 50.000000 228.000000 23.000000 10.000000 0.500000 65.000000 2 2 1
2014-03-16T13:00:00Z 2014-03-16T15:00:00Z 70.000000 151.000000 40.000000 61.000000 1.500000 88.000000 2 3 1
2014-03-16T12:00:00Z 2014-03-16T14:00:00Z 72.000000 137.000000 46.000000 61.000000 1.800000 74.000000 2 3 1
2014-03-16T11:00:00Z 2014-03-16T13:00:00Z 69.000000 128.000000 52.000000 69.000000 1.900000 61.000000 2 2 1
2014-03-16T10:00:00Z 2014-03-16T12:00:00Z 64.000000 114.000000 58.000000 73.000000 2.100000 45.000000 2 2 1
2014-03-16T09:00:00Z 2014-03-16T11:00:00Z 63.000000 99.000000 64.000000 71.000000 2.300000 33.000000 2 2 1
2014-03-16T08:00:00Z 2014-03-16T10:00:00Z 71.000000 95.000000 70.000000 82.000000 2.600000 27.000000 2 2 1
2014-03-15T07:00:00Z 2014-03-15T09:00:00Z 75.000000 135.000000 75.000000 46.000000 1.800000 14.000000 2 3 1
2014-03-15T03:00:00Z 2014-03-15T05:00:00Z 69.000000 140.000000 68.000000 38.000000 1.700000 14.000000 2 3 1
2014-03-15T02:00:00Z 2014-03-15T04:00:00Z 65.000000 143.000000 59.000000 44.000000 1.000000 22.000000 2 3 1
2014-03-15T01:00:00Z 2014-03-15T03:00:00Z 61.000000 140.000000 51.000000 46.000000 0.900000 32.000000 2 2 1
2014-03-15T00:00:00Z 2014-03-15T02:00:00Z 63.000000 152.000000 50.000000 49.000000 0.900000 35.000000 2 2 1
2014-03-14T23:00:00Z 2014-03-15T01:00:00Z 59.000000 145.000000 48.000000 48.000000 0.900000 41.000000 2 2 1
2014-03-14T22:00:00Z 2014-03-15T00:00:00Z 54.000000 125.000000 56.000000 34.000000 0.900000 44.000000 2 2 1
2014-03-14T21:00:00Z 2014-03-14T23:00:00Z 48.000000 112.000000 49.000000 20.000000 0.800000 58.000000 2 2 1
2014-03-13T23:00:00Z 2014-03-14T01:00:00Z 41.000000 402.000000 15.000000 5.000000 0.300000 72.000000 2 1 1
2014-03-13T20:00:00Z 2014-03-13T22:00:00Z 43.000000 107.000000 38.000000 17.000000 0.700000 68.000000 2 1 1
2014-03-11T20:00:00Z 2014-03-11T22:00:00Z 50.000000 59.000000 46.000000 11.000000 0.600000 48.000000 2 1 1
2014-03-10T13:00:00Z 2014-03-10T15:00:00Z 71.000000 94.000000 61.000000 72.000000 1.800000 53.000000 2 3 1
2014-03-10T11:00:00Z 2014-03-10T13:00:00Z 72.000000 90.000000 52.000000 70.000000 1.900000 36.000000 2 2 1
2014-03-10T10:00:00Z 2014-03-10T12:00:00Z 69.000000 98.000000 59.000000 73.000000 2.200000 25.000000 2 3 1
2014-03-10T09:00:00Z 2014-03-10T11:00:00Z 68.000000 86.000000 70.000000 66.000000 2.700000 14.000000 2 2 1
2014-03-10T08:00:00Z 2014-03-10T10:00:00Z 65.000000 78.000000 70.000000 57.000000 2.700000 12.000000 2 2 1
2014-03-10T07:00:00Z 2014-03-10T09:00:00Z 41.000000 59.000000 66.000000 44.000000 2.200000 9.000000 2 2 1
2014-03-10T01:00:00Z 2014-03-10T03:00:00Z 37.000000 39.000000 62.000000 24.000000 1.200000 10.000000 2 1 1
2014-03-10T00:00:00Z 2014-03-10T02:00:00Z 62.000000 83.000000 70.000000 32.000000 2.100000 10.000000 2 1 1
2014-03-09T23:00:00Z 2014-03-10T01:00:00Z 71.000000 95.000000 75.000000 39.000000 1.900000 13.000000 2 2 1
2014-03-09T09:00:00Z 2014-03-09T11:00:00Z 69.000000 92.000000 55.000000 41.000000 1.400000 25.000000 2 4 1
2014-03-07T23:00:00Z 2014-03-08T01:00:00Z 73.000000 95.000000 70.000000 31.000000 1.500000 28.000000 2 4 1
2014-03-07T22:00:00Z 2014-03-08T00:00:00Z 69.000000 97.000000 68.000000 28.000000 1.400000 28.000000 2 3 1
2014-03-07T21:00:00Z 2014-03-07T23:00:00Z 51.000000 71.000000 54.000000 21.000000 0.900000 37.000000 2 2 1
2014-03-07T20:00:00Z 2014-03-07T22:00:00Z 41.000000 49.000000 39.000000 13.000000 0.700000 52.000000 2 2 1
2014-03-07T19:00:00Z 2014-03-07T21:00:00Z 36.000000 44.000000 39.000000 14.000000 0.700000 55.000000 2 2 1
2014-03-07T09:00:00Z 2014-03-07T11:00:00Z 67.000000 74.000000 66.000000 48.000000 1.800000 23.000000 2 2 1
2014-03-07T08:00:00Z 2014-03-07T10:00:00Z 75.000000 80.000000 69.000000 39.000000 2.000000 15.000000 2 2 1
2014-03-01T21:00:00Z 2014-03-01T23:00:00Z 72.000000 98.000000 64.000000 27.000000 1.200000 45.000000 2 3 0
2014-03-01T20:00:00Z 2014-03-01T22:00:00Z 37.000000 51.000000 49.000000 14.000000 1.100000 59.000000 2 3 0
2014-03-01T19:00:00Z 2014-03-01T21:00:00Z 51.000000 53.000000 38.000000 15.000000 0.800000 73.000000 2 2 0
2014-03-01T18:00:00Z 2014-03-01T20:00:00Z 36.000000 63.000000 28.000000 10.000000 0.500000 88.000000 2 2 0
2014-01-18T12:00:00Z 2014-01-18T14:00:00Z 38.000000 40.000000 2.000000 48.000000 1.100000 31.000000 2 5 1
2014-01-17T17:00:00Z 2014-01-17T19:00:00Z 60.000000 108.000000 58.000000 34.000000 1.300000 34.000000 2 6 1
2014-01-15T15:00:00Z 2014-01-15T17:00:00Z 50.000000 54.000000 59.000000 35.000000 1.200000 28.000000 2 3 1
2014-01-15T13:00:00Z 2014-01-15T15:00:00Z 51.000000 62.000000 54.000000 38.000000 1.400000 26.000000 2 2 1
2014-01-15T11:00:00Z 2014-01-15T13:00:00Z 49.000000 64.000000 65.000000 43.000000 1.600000 16.000000 2 2 1
2014-01-15T10:00:00Z 2014-01-15T12:00:00Z 50.000000 60.000000 64.000000 44.000000 1.700000 12.000000 2 2 1
2014-01-15T09:00:00Z 2014-01-15T11:00:00Z 50.000000 76.000000 71.000000 43.000000 1.800000 9.000000 2 2 1
2014-01-15T08:00:00Z 2014-01-15T10:00:00Z 50.000000 72.000000 73.000000 44.000000 2.200000 8.000000 2 2 1
2014-01-15T07:00:00Z 2014-01-15T09:00:00Z 53.000000 53.000000 68.000000 46.000000 1.900000 7.000000 2 2 1
2014-01-14T07:00:00Z 2014-01-14T09:00:00Z 48.000000 68.000000 69.000000 56.000000 1.700000 8.000000 2 5 1
2014-01-10T06:00:00Z 2014-01-10T08:00:00Z 41.000000 50.000000 64.000000 46.000000 1.700000 4.000000 2 1 1
2014-01-10T05:00:00Z 2014-01-10T07:00:00Z 57.000000 58.000000 69.000000 58.000000 2.200000 6.000000 2 1 1
2014-01-10T04:00:00Z 2014-01-10T06:00:00Z 64.000000 67.000000 72.000000 62.000000 2.300000 6.000000 2 2 1
2014-01-10T03:00:00Z 2014-01-10T05:00:00Z 61.000000 94.000000 73.000000 60.000000 2.200000 7.000000 2 2 1
2014-01-10T02:00:00Z 2014-01-10T04:00:00Z 64.000000 66.000000 47.000000 38.000000 1.900000 19.000000 2 2 1
2014-01-09T23:00:00Z 2014-01-10T01:00:00Z 70.000000 83.000000 67.000000 53.000000 1.500000 8.000000 2 3 1
2014-01-09T22:00:00Z 2014-01-10T00:00:00Z 61.000000 74.000000 69.000000 48.000000 1.400000 8.000000 2 3 1
2014-01-09T21:00:00Z 2014-01-09T23:00:00Z 54.000000 65.000000 58.000000 32.000000 2.900000 18.000000 2 2 1
2014-01-09T20:00:00Z 2014-01-09T22:00:00Z 57.000000 62.000000 53.000000 24.000000 1.100000 24.000000 2 2 1
2014-01-09T19:00:00Z 2014-01-09T21:00:00Z 49.000000 66.000000 41.000000 21.000000 0.900000 36.000000 2 2 1
2014-01-04T03:00:00Z 2014-01-04T05:00:00Z 68.000000 83.000000 57.000000 31.000000 1.600000 4.000000 2 2 0
2014-01-03T22:00:00Z 2014-01-04T00:00:00Z 75.000000 112.000000 78.000000 48.000000 2.000000 7.000000 2 3 0
2014-01-03T21:00:00Z 2014-01-03T23:00:00Z 53.000000 79.000000 77.000000 34.000000 1.600000 6.000000 2 3 0
2014-01-03T20:00:00Z 2014-01-03T22:00:00Z 56.000000 82.000000 78.000000 29.000000 1.200000 6.000000 2 2 0
2014-01-03T19:00:00Z 2014-01-03T21:00:00Z 36.000000 57.000000 72.000000 16.000000 0.900000 8.000000 2 2 0
2014-01-01T10:00:00Z 2014-01-01T12:00:00Z 43.000000 58.000000 62.000000 19.000000 1.300000 20.000000 2 1 0
2014-01-01T09:00:00Z 2014-01-01T11:00:00Z 46.000000 99.000000 80.000000 25.000000 2.300000 9.000000 2 1 0
2014-01-01T08:00:00Z 2014-01-01T10:00:00Z 50.000000 108.000000 82.000000 30.000000 3.000000 7.000000 2 2 0
2014-01-01T07:00:00Z 2014-01-01T09:00:00Z 74.000000 120.000000 82.000000 40.000000 3.800000 7.000000 2 2 0
2014-01-01T02:00:00Z 2014-01-01T04:00:00Z 69.000000 144.000000 81.000000 47.000000 3.400000 7.000000 2 3 0
2014-01-01T01:00:00Z 2014-01-01T03:00:00Z 66.000000 153.000000 80.000000 39.000000 1.500000 7.000000 2 2 0
2013-12-31T10:00:00Z 2013-12-31T12:00:00Z 39.000000 248.000000 28.000000 13.000000 0.500000 53.000000 2 1 1
2013-12-31T09:00:00Z 2013-12-31T11:00:00Z 45.000000 213.000000 52.000000 17.000000 1.000000 26.000000 2 1 1
2013-12-31T08:00:00Z 2013-12-31T10:00:00Z 54.000000 185.000000 84.000000 25.000000 1.800000 6.000000 2 2 1
2013-12-30T19:00:00Z 2013-12-30T21:00:00Z 62.000000 99.000000 82.000000 25.000000 1.300000 9.000000 2 3 1
2013-12-29T17:00:00Z 2013-12-29T19:00:00Z 40.000000 71.000000 63.000000 22.000000 1.200000 28.000000 2 3 1
2013-12-29T16:00:00Z 2013-12-29T18:00:00Z 40.000000 50.000000 49.000000 24.000000 1.000000 44.000000 2 3 1
2013-12-29T11:00:00Z 2013-12-29T13:00:00Z 62.000000 70.000000 73.000000 44.000000 2.300000 16.000000 2 2 1
2013-12-29T10:00:00Z 2013-12-29T12:00:00Z 66.000000 88.000000 76.000000 55.000000 2.800000 11.000000 2 2 1
2013-12-29T09:00:00Z 2013-12-29T11:00:00Z 65.000000 108.000000 72.000000 63.000000 3.100000 8.000000 2 2 1
2013-12-29T08:00:00Z 2013-12-29T10:00:00Z 70.000000 97.000000 72.000000 76.000000 3.200000 7.000000 2 2 1
2013-12-29T07:00:00Z 2013-12-29T09:00:00Z 46.000000 78.000000 74.000000 56.000000 3.800000 6.000000 2 2 1
2013-12-29T04:00:00Z 2013-12-29T06:00:00Z 61.000000 67.000000 76.000000 36.000000 2.500000 6.000000 2 1 1
2013-12-29T03:00:00Z 2013-12-29T05:00:00Z 69.000000 88.000000 77.000000 46.000000 2.400000 6.000000 2 1 1
2013-12-29T02:00:00Z 2013-12-29T04:00:00Z 71.000000 105.000000 78.000000 54.000000 2.400000 6.000000 2 2 1
2013-12-29T01:00:00Z 2013-12-29T03:00:00Z 64.000000 69.000000 73.000000 68.000000 2.100000 6.000000 2 2 1
2013-12-29T00:00:00Z 2013-12-29T02:00:00Z 56.000000 71.000000 73.000000 52.000000 1.400000 6.000000 2 2 1
2013-12-28T23:00:00Z 2013-12-29T01:00:00Z 48.000000 70.000000 80.000000 37.000000 1.300000 6.000000 2 2 1
2013-12-28T22:00:00Z 2013-12-29T00:00:00Z 37.000000 50.000000 74.000000 45.000000 1.100000 9.000000 2 2 1
2013-12-25T15:00:00Z 2013-12-25T17:00:00Z 50.000000 69.000000 33.000000 36.000000 0.700000 56.000000 2 1 1
