2014-07-09T20:00:00 119 36 37 9 3 6 46 4 14 5 59
2014-07-10T08:00:00 70 18 28 6 2 3 16 1 8 0 16
2014-07-11T08:00:00 42 7 10 0 3 2 6 0 7 0 7
2014-07-13T08:00:00 54 13 6 2 0 2 29 0 9 0 13
2014-07-19T08:00:00 39 13 8 2 0 1 18 0 10 2 14
2014-07-21T08:00:00 45 10 1 3 1 0 11 0 8 0 14
2014-07-26T20:00:00 214 54 29 22 10 14 160 4 33 4 75
2014-08-03T20:00:00 210 52 18 21 11 3 76 2 34 1 82
2014-08-05T08:00:00 45 13 6 1 1 2 9 0 7 0 8
2014-08-07T08:00:00 40 20 0 3 0 3 13 1 10 0 11
2014-08-09T20:00:00 244 51 13 19 5 9 149 4 47 4 67
2014-08-12T20:00:00 146 47 21 13 7 9 44 2 18 2 39
2014-08-14T08:00:00 38 17 3 1 0 4 8 0 4 0 6
2014-08-16T08:00:00 51 19 5 1 1 0 22 0 5 0 20
