2014-04-14T17:00:00Z 2014-04-14T19:00:00Z 266.000000 298.000000 66.000000 32.000000 1.900000 262.000000 6 5 1
2014-04-14T16:00:00Z 2014-04-14T18:00:00Z 274.000000 311.000000 84.000000 40.000000 2.300000 243.000000 6 5 1
2014-04-14T15:00:00Z 2014-04-14T17:00:00Z 263.000000 312.000000 68.000000 45.000000 2.200000 243.000000 6 6 1
2014-04-14T12:00:00Z 2014-04-14T14:00:00Z 276.000000 298.000000 52.000000 49.000000 1.900000 150.000000 6 5 1
2014-04-14T11:00:00Z 2014-04-14T13:00:00Z 280.000000 308.000000 62.000000 46.000000 1.900000 113.000000 6 5 1
2014-04-14T10:00:00Z 2014-04-14T12:00:00Z 266.000000 301.000000 77.000000 36.000000 2.000000 66.000000 6 6 1
2014-04-14T09:00:00Z 2014-04-14T11:00:00Z 257.000000 277.000000 72.000000 33.000000 2.000000 54.000000 6 6 1
2014-03-27T12:00:00Z 2014-03-27T14:00:00Z 337.000000 365.000000 110.000000 87.000000 4.600000 13.000000 6 6 1
2014-03-27T10:00:00Z 2014-03-27T12:00:00Z 355.000000 394.000000 118.000000 48.000000 2.800000 7.000000 6 6 1
2014-03-27T08:00:00Z 2014-03-27T10:00:00Z 363.000000 387.000000 122.000000 25.000000 2.600000 4.000000 6 6 1
2014-03-27T07:00:00Z 2014-03-27T09:00:00Z 287.000000 316.000000 114.000000 20.000000 2.600000 8.000000 6 6 1
2014-03-26T23:00:00Z 2014-03-27T01:00:00Z 289.000000 311.000000 72.000000 30.000000 2.100000 84.000000 6 6 1
2014-03-26T22:00:00Z 2014-03-27T00:00:00Z 286.000000 314.000000 71.000000 39.000000 2.100000 101.000000 6 6 1
2014-03-26T20:00:00Z 2014-03-26T22:00:00Z 306.000000 350.000000 128.000000 40.000000 2.500000 78.000000 6 6 1
2014-03-26T19:00:00Z 2014-03-26T21:00:00Z 334.000000 362.000000 129.000000 43.000000 2.300000 104.000000 6 6 1
2014-03-26T18:00:00Z 2014-03-26T20:00:00Z 326.000000 347.000000 99.000000 47.000000 2.100000 144.000000 6 6 1
2014-03-26T17:00:00Z 2014-03-26T19:00:00Z 319.000000 343.000000 92.000000 46.000000 2.000000 157.000000 6 6 1
2014-03-26T16:00:00Z 2014-03-26T18:00:00Z 264.000000 328.000000 82.000000 48.000000 1.900000 170.000000 6 6 1
2014-03-26T13:00:00Z 2014-03-26T15:00:00Z 298.000000 345.000000 72.000000 57.000000 1.900000 113.000000 6 5 1
2014-03-26T11:00:00Z 2014-03-26T13:00:00Z 258.000000 319.000000 128.000000 47.000000 1.800000 39.000000 6 6 1
2014-03-25T12:00:00Z 2014-03-25T14:00:00Z 252.000000 332.000000 107.000000 51.000000 1.800000 68.000000 6 5 1
2014-03-24T13:00:00Z 2014-03-24T15:00:00Z 265.000000 285.000000 64.000000 72.000000 2.000000 120.000000 6 5 1
2014-03-24T12:00:00Z 2014-03-24T14:00:00Z 262.000000 293.000000 62.000000 75.000000 2.000000 106.000000 6 6 1
2014-03-16T03:00:00Z 2014-03-16T05:00:00Z 260.000000 280.000000 117.000000 80.000000 3.200000 2.000000 6 2 1
2014-03-11T18:00:00Z 2014-03-11T20:00:00Z 262.000000 299.000000 116.000000 44.000000 2.500000 2.000000 6 1 1
2014-03-04T00:00:00Z 2014-03-04T02:00:00Z 269.000000 296.000000 97.000000 106.000000 4.600000 2.000000 6 5 0
2014-03-03T23:00:00Z 2014-03-04T01:00:00Z 280.000000 313.000000 102.000000 115.000000 4.700000 4.000000 6 5 0
2014-03-03T22:00:00Z 2014-03-04T00:00:00Z 289.000000 337.000000 106.000000 116.000000 5.400000 2.000000 6 6 0
2014-03-03T21:00:00Z 2014-03-03T23:00:00Z 252.000000 290.000000 96.000000 128.000000 4.700000 3.000000 6 6 0
2014-03-03T16:00:00Z 2014-03-03T18:00:00Z 254.000000 259.000000 93.000000 103.000000 3.900000 5.000000 6 5 0
2014-03-03T15:00:00Z 2014-03-03T17:00:00Z 283.000000 329.000000 109.000000 101.000000 4.800000 6.000000 6 5 0
2014-03-03T14:00:00Z 2014-03-03T16:00:00Z 272.000000 304.000000 110.000000 122.000000 4.900000 5.000000 6 6 0
2014-03-03T13:00:00Z 2014-03-03T15:00:00Z 279.000000 309.000000 110.000000 126.000000 5.100000 4.000000 6 6 0
2014-03-03T12:00:00Z 2014-03-03T14:00:00Z 268.000000 296.000000 103.000000 123.000000 4.700000 6.000000 6 6 0
2014-02-25T10:00:00Z 2014-02-25T12:00:00Z 325.000000 377.000000 129.000000 115.000000 5.600000 9.000000 6 6 1
2014-02-25T08:00:00Z 2014-02-25T10:00:00Z 295.000000 300.000000 110.000000 85.000000 4.500000 7.000000 6 6 1
2014-02-24T18:00:00Z 2014-02-24T20:00:00Z 263.000000 291.000000 98.000000 101.000000 3.500000 32.000000 6 6 1
2014-02-24T02:00:00Z 2014-02-24T04:00:00Z 251.000000 292.000000 103.000000 157.000000 5.300000 6.000000 6 5 1
2014-02-22T23:00:00Z 2014-02-23T01:00:00Z 268.000000 302.000000 99.000000 90.000000 3.500000 4.000000 6 5 1
2014-02-22T22:00:00Z 2014-02-23T00:00:00Z 264.000000 296.000000 104.000000 131.000000 4.500000 5.000000 6 5 1
2014-02-22T12:00:00Z 2014-02-22T14:00:00Z 284.000000 323.000000 99.000000 116.000000 3.800000 8.000000 6 6 1
2014-02-22T10:00:00Z 2014-02-22T12:00:00Z 254.000000 298.000000 96.000000 106.000000 3.200000 7.000000 6 6 1
2014-02-22T09:00:00Z 2014-02-22T11:00:00Z 274.000000 278.000000 94.000000 109.000000 3.000000 6.000000 6 6 1
2014-02-22T08:00:00Z 2014-02-22T10:00:00Z 277.000000 281.000000 96.000000 113.000000 3.000000 6.000000 6 6 1
2014-02-22T07:00:00Z 2014-02-22T09:00:00Z 290.000000 296.000000 99.000000 111.000000 3.300000 5.000000 6 6 1
2014-02-22T06:00:00Z 2014-02-22T08:00:00Z 288.000000 320.000000 99.000000 85.000000 3.900000 5.000000 6 6 1
2014-02-22T01:00:00Z 2014-02-22T03:00:00Z 322.000000 332.000000 105.000000 88.000000 3.800000 3.000000 6 6 1
2014-02-22T00:00:00Z 2014-02-22T02:00:00Z 273.000000 320.000000 90.000000 76.000000 3.800000 9.000000 6 6 1
2014-02-21T23:00:00Z 2014-02-22T01:00:00Z 288.000000 288.000000 70.000000 69.000000 2.900000 20.000000 6 6 1
2014-02-21T22:00:00Z 2014-02-22T00:00:00Z 279.000000 282.000000 70.000000 64.000000 2.800000 22.000000 6 6 1
2014-02-21T20:00:00Z 2014-02-21T22:00:00Z 255.000000 295.000000 109.000000 79.000000 2.800000 6.000000 6 6 1
2014-02-21T18:00:00Z 2014-02-21T20:00:00Z 279.000000 280.000000 90.000000 73.000000 2.300000 30.000000 6 6 1
2014-02-21T17:00:00Z 2014-02-21T19:00:00Z 259.000000 282.000000 81.000000 78.000000 2.300000 41.000000 6 6 1
2014-02-21T16:00:00Z 2014-02-21T18:00:00Z 259.000000 294.000000 73.000000 75.000000 2.300000 47.000000 6 6 1
2014-02-16T21:00:00Z 2014-02-16T23:00:00Z 275.000000 314.000000 113.000000 104.000000 4.200000 7.000000 6 6 1
2014-02-15T19:00:00Z 2014-02-15T21:00:00Z 434.000000 434.000000 130.000000 114.000000 3.800000 4.000000 6 6 1
2014-02-15T18:00:00Z 2014-02-15T20:00:00Z 412.000000 418.000000 125.000000 138.000000 3.700000 10.000000 6 6 1
2014-02-14T21:00:00Z 2014-02-14T23:00:00Z 329.000000 342.000000 83.000000 93.000000 3.200000 19.000000 6 6 1
2014-02-14T20:00:00Z 2014-02-14T22:00:00Z 352.000000 372.000000 100.000000 105.000000 3.100000 18.000000 6 6 1
2014-02-14T18:00:00Z 2014-02-14T20:00:00Z 251.000000 251.000000 85.000000 98.000000 2.500000 48.000000 6 6 1
2014-02-14T01:00:00Z 2014-02-14T03:00:00Z 262.000000 270.000000 95.000000 79.000000 5.500000 5.000000 6 5 1
2014-01-24T12:00:00Z 2014-01-24T14:00:00Z 292.000000 297.000000 126.000000 142.000000 5.400000 5.000000 6 2 1
2014-01-24T11:00:00Z 2014-01-24T13:00:00Z 290.000000 300.000000 130.000000 154.000000 5.800000 5.000000 6 5 1
2014-01-24T10:00:00Z 2014-01-24T12:00:00Z 301.000000 310.000000 129.000000 171.000000 6.000000 4.000000 6 6 1
2014-01-24T09:00:00Z 2014-01-24T11:00:00Z 282.000000 287.000000 125.000000 139.000000 5.800000 4.000000 6 6 1
2014-01-24T08:00:00Z 2014-01-24T10:00:00Z 288.000000 288.000000 120.000000 125.000000 6.300000 5.000000 6 6 1
2014-01-24T07:00:00Z 2014-01-24T09:00:00Z 284.000000 284.000000 116.000000 116.000000 6.600000 8.000000 6 6 1
2014-01-23T20:00:00Z 2014-01-23T22:00:00Z 266.000000 279.000000 119.000000 143.000000 4.300000 9.000000 6 6 1
2014-01-16T23:00:00Z 2014-01-17T01:00:00Z 409.000000 422.000000 108.000000 113.000000 4.900000 4.000000 6 6 1
2014-01-16T22:00:00Z 2014-01-17T00:00:00Z 423.000000 446.000000 113.000000 112.000000 5.000000 4.000000 6 6 1
2014-01-16T21:00:00Z 2014-01-16T23:00:00Z 376.000000 402.000000 112.000000 116.000000 4.300000 5.000000 6 6 1
2014-01-16T11:00:00Z 2014-01-16T13:00:00Z 312.000000 339.000000 128.000000 144.000000 5.100000 14.000000 6 1 1
2014-01-16T05:00:00Z 2014-01-16T07:00:00Z 290.000000 311.000000 125.000000 154.000000 4.500000 8.000000 6 5 1
2014-01-16T04:00:00Z 2014-01-16T06:00:00Z 302.000000 311.000000 123.000000 157.000000 4.900000 8.000000 6 6 1
2014-01-16T03:00:00Z 2014-01-16T05:00:00Z 376.000000 392.000000 130.000000 161.000000 5.100000 8.000000 6 6 1
2014-01-16T02:00:00Z 2014-01-16T04:00:00Z 370.000000 397.000000 128.000000 157.000000 4.900000 10.000000 6 6 1
2014-01-16T01:00:00Z 2014-01-16T03:00:00Z 346.000000 374.000000 130.000000 192.000000 4.200000 10.000000 6 6 1
2014-01-16T00:00:00Z 2014-01-16T02:00:00Z 293.000000 328.000000 123.000000 168.000000 3.700000 8.000000 6 6 1
2013-12-25T11:00:00Z 2013-12-25T13:00:00Z 298.000000 350.000000 150.000000 140.000000 4.800000 7.000000 6 6 1
2013-12-25T10:00:00Z 2013-12-25T12:00:00Z 277.000000 293.000000 140.000000 102.000000 1.800000 4.000000 6 6 1
2013-12-25T09:00:00Z 2013-12-25T11:00:00Z 260.000000 285.000000 133.000000 52.000000 1.500000 6.000000 6 6 1
