2014-10-03T16:00:00Z 2014-10-03T18:00:00Z 97.000000 106.000000 28.000000 13.000000 2.000000 48.000000 3 4 0
2014-10-03T15:00:00Z 2014-10-03T17:00:00Z 97.000000 106.000000 28.000000 13.000000 2.000000 48.000000 3 3 0
2014-10-02T12:00:00Z 2014-10-02T14:00:00Z 77.000000 89.000000 44.000000 8.000000 1.300000 12.000000 3 1 0
2014-09-29T07:00:00Z 2014-09-29T09:00:00Z 85.000000 88.000000 38.000000 2.000000 1.300000 2.000000 3 4 1
2014-09-28T23:00:00Z 2014-09-29T01:00:00Z 86.000000 96.000000 47.000000 2.000000 1.500000 18.000000 3 3 1
2014-09-28T21:00:00Z 2014-09-28T23:00:00Z 87.000000 128.000000 89.000000 5.000000 1.400000 9.000000 3 3 1
2014-09-28T20:00:00Z 2014-09-28T22:00:00Z 82.000000 114.000000 76.000000 7.000000 1.400000 31.000000 3 3 1
2014-09-28T18:00:00Z 2014-09-28T20:00:00Z 96.000000 126.000000 84.000000 9.000000 2.000000 35.000000 3 3 1
2014-09-25T12:00:00Z 2014-09-25T14:00:00Z 91.000000 98.000000 29.000000 5.000000 1.200000 64.000000 3 3 1
2014-09-22T18:00:00Z 2014-09-22T20:00:00Z 87.000000 119.000000 35.000000 13.000000 2.100000 42.000000 3 3 1
2014-09-22T16:00:00Z 2014-09-22T18:00:00Z 87.000000 119.000000 35.000000 13.000000 2.100000 42.000000 3 3 1
2014-09-22T14:00:00Z 2014-09-22T16:00:00Z 78.000000 96.000000 22.000000 16.000000 1.800000 58.000000 3 3 1
2014-09-22T13:00:00Z 2014-09-22T15:00:00Z 78.000000 106.000000 25.000000 17.000000 1.900000 57.000000 3 3 1
2014-09-22T07:00:00Z 2014-09-22T09:00:00Z 84.000000 90.000000 34.000000 11.000000 1.600000 33.000000 3 3 1
2014-09-22T04:00:00Z 2014-09-22T06:00:00Z 84.000000 86.000000 26.000000 9.000000 1.000000 51.000000 3 2 1
2014-09-22T02:00:00Z 2014-09-22T04:00:00Z 101.000000 104.000000 43.000000 5.000000 1.100000 42.000000 3 3 1
2014-09-22T01:00:00Z 2014-09-22T03:00:00Z 95.000000 104.000000 32.000000 5.000000 1.000000 62.000000 3 3 1
2014-09-22T00:00:00Z 2014-09-22T02:00:00Z 97.000000 111.000000 38.000000 5.000000 1.100000 59.000000 3 3 1
2014-09-21T23:00:00Z 2014-09-22T01:00:00Z 110.000000 127.000000 42.000000 5.000000 1.300000 58.000000 3 3 1
2014-09-21T22:00:00Z 2014-09-22T00:00:00Z 114.000000 144.000000 45.000000 5.000000 1.600000 61.000000 3 3 1
2014-09-21T21:00:00Z 2014-09-21T23:00:00Z 115.000000 149.000000 40.000000 7.000000 1.800000 84.000000 3 3 1
2014-09-21T20:00:00Z 2014-09-21T22:00:00Z 114.000000 155.000000 40.000000 8.000000 1.800000 101.000000 3 3 1
2014-09-21T19:00:00Z 2014-09-21T21:00:00Z 103.000000 142.000000 37.000000 10.000000 1.500000 116.000000 3 3 1
2014-09-21T18:00:00Z 2014-09-21T20:00:00Z 97.000000 128.000000 28.000000 13.000000 1.400000 141.000000 3 3 1
2014-09-21T17:00:00Z 2014-09-21T19:00:00Z 90.000000 135.000000 34.000000 20.000000 1.500000 139.000000 3 3 1
2014-09-21T15:00:00Z 2014-09-21T17:00:00Z 82.000000 118.000000 30.000000 16.000000 1.200000 120.000000 3 3 1
2014-09-21T08:00:00Z 2014-09-21T10:00:00Z 83.000000 107.000000 43.000000 14.000000 1.900000 31.000000 3 2 1
2014-09-21T07:00:00Z 2014-09-21T09:00:00Z 86.000000 100.000000 32.000000 13.000000 1.800000 44.000000 3 2 1
2014-09-21T06:00:00Z 2014-09-21T08:00:00Z 91.000000 97.000000 31.000000 14.000000 2.000000 44.000000 3 3 1
2014-09-21T05:00:00Z 2014-09-21T07:00:00Z 108.000000 111.000000 30.000000 13.000000 2.100000 42.000000 3 3 1
2014-09-21T00:00:00Z 2014-09-21T02:00:00Z 96.000000 101.000000 22.000000 2.000000 1.000000 110.000000 3 5 1
2014-09-20T22:00:00Z 2014-09-21T00:00:00Z 96.000000 104.000000 24.000000 2.000000 1.000000 130.000000 3 3 1
2014-09-20T20:00:00Z 2014-09-20T22:00:00Z 110.000000 121.000000 52.000000 3.000000 1.200000 135.000000 3 3 1
2014-09-20T19:00:00Z 2014-09-20T21:00:00Z 102.000000 119.000000 45.000000 3.000000 1.100000 149.000000 3 3 1
2014-09-20T18:00:00Z 2014-09-20T20:00:00Z 94.000000 119.000000 26.000000 4.000000 1.000000 192.000000 3 3 1
2014-09-20T17:00:00Z 2014-09-20T19:00:00Z 83.000000 111.000000 18.000000 5.000000 0.900000 198.000000 3 3 1
2014-09-20T14:00:00Z 2014-09-20T16:00:00Z 94.000000 98.000000 11.000000 6.000000 0.900000 172.000000 3 3 1
2014-09-19T19:00:00Z 2014-09-19T21:00:00Z 83.000000 133.000000 39.000000 2.000000 0.800000 98.000000 3 3 1
2014-09-19T18:00:00Z 2014-09-19T20:00:00Z 77.000000 100.000000 32.000000 5.000000 0.800000 140.000000 3 3 1
2014-09-19T10:00:00Z 2014-09-19T12:00:00Z 79.000000 142.000000 89.000000 8.000000 0.900000 23.000000 3 4 1
2014-09-19T09:00:00Z 2014-09-19T11:00:00Z 80.000000 140.000000 86.000000 8.000000 0.800000 16.000000 3 2 1
2014-09-17T22:00:00Z 2014-09-18T00:00:00Z 99.000000 118.000000 49.000000 2.000000 0.900000 47.000000 3 3 1
2014-09-17T20:00:00Z 2014-09-17T22:00:00Z 76.000000 101.000000 72.000000 2.000000 0.800000 55.000000 3 3 1
2014-09-17T19:00:00Z 2014-09-17T21:00:00Z 95.000000 136.000000 78.000000 3.000000 1.100000 76.000000 3 2 1
2014-09-17T18:00:00Z 2014-09-17T20:00:00Z 103.000000 144.000000 76.000000 4.000000 1.000000 94.000000 3 3 1
2014-09-17T17:00:00Z 2014-09-17T19:00:00Z 112.000000 150.000000 69.000000 5.000000 1.000000 103.000000 3 3 1
2014-09-17T16:00:00Z 2014-09-17T18:00:00Z 103.000000 132.000000 54.000000 6.000000 0.900000 110.000000 3 3 1
2014-09-17T14:00:00Z 2014-09-17T16:00:00Z 109.000000 145.000000 64.000000 6.000000 0.900000 58.000000 3 3 1
2014-09-17T11:00:00Z 2014-09-17T13:00:00Z 99.000000 165.000000 80.000000 6.000000 1.000000 10.000000 3 3 1
2014-09-17T09:00:00Z 2014-09-17T11:00:00Z 78.000000 157.000000 59.000000 3.000000 1.100000 3.000000 3 3 1
2014-09-11T19:00:00Z 2014-09-11T21:00:00Z 88.000000 191.000000 57.000000 7.000000 1.700000 63.000000 3 3 1
2014-09-11T12:00:00Z 2014-09-11T14:00:00Z 82.000000 133.000000 32.000000 30.000000 1.800000 101.000000 3 2 1
2014-09-10T11:00:00Z 2014-09-10T13:00:00Z 78.000000 122.000000 21.000000 22.000000 1.600000 144.000000 3 3 1
2014-09-10T09:00:00Z 2014-09-10T11:00:00Z 85.000000 128.000000 44.000000 9.000000 1.300000 64.000000 3 3 1
2014-09-10T07:00:00Z 2014-09-10T09:00:00Z 80.000000 120.000000 50.000000 2.000000 1.100000 34.000000 3 3 1
2014-09-07T20:00:00Z 2014-09-07T22:00:00Z 109.000000 111.000000 16.000000 2.000000 1.100000 154.000000 3 3 1
2014-09-07T19:00:00Z 2014-09-07T21:00:00Z 106.000000 140.000000 20.000000 5.000000 1.100000 179.000000 3 3 1
2014-09-07T18:00:00Z 2014-09-07T20:00:00Z 97.000000 142.000000 22.000000 12.000000 1.200000 182.000000 3 3 1
2014-09-06T19:00:00Z 2014-09-06T21:00:00Z 102.000000 134.000000 20.000000 14.000000 1.000000 171.000000 3 4 1
2014-09-05T20:00:00Z 2014-09-05T22:00:00Z 106.000000 149.000000 24.000000 7.000000 1.100000 189.000000 3 5 0
2014-09-05T18:00:00Z 2014-09-05T20:00:00Z 104.000000 157.000000 21.000000 8.000000 1.200000 240.000000 3 3 0
2014-09-01T04:00:00Z 2014-09-01T06:00:00Z 76.000000 93.000000 73.000000 2.000000 1.100000 4.000000 3 3 0
2014-08-30T03:00:00Z 2014-08-30T05:00:00Z 90.000000 105.000000 95.000000 5.000000 1.100000 33.000000 3 3 1
2014-08-29T21:00:00Z 2014-08-29T23:00:00Z 82.000000 100.000000 48.000000 2.000000 1.100000 119.000000 3 3 1
2014-08-29T20:00:00Z 2014-08-29T22:00:00Z 78.000000 98.000000 40.000000 2.000000 1.000000 154.000000 3 2 1
2014-08-28T19:00:00Z 2014-08-28T21:00:00Z 79.000000 136.000000 44.000000 6.000000 0.900000 129.000000 3 3 1
2014-08-28T17:00:00Z 2014-08-28T19:00:00Z 76.000000 98.000000 34.000000 9.000000 0.800000 183.000000 3 3 1
2014-08-28T02:00:00Z 2014-08-28T04:00:00Z 80.000000 128.000000 58.000000 7.000000 0.800000 86.000000 3 2 1
2014-08-28T01:00:00Z 2014-08-28T03:00:00Z 84.000000 116.000000 37.000000 6.000000 0.800000 104.000000 3 2 1
2014-08-28T00:00:00Z 2014-08-28T02:00:00Z 96.000000 145.000000 58.000000 8.000000 1.000000 89.000000 3 3 1
2014-08-27T22:00:00Z 2014-08-28T00:00:00Z 80.000000 141.000000 64.000000 10.000000 0.900000 110.000000 3 3 1
2014-08-27T20:00:00Z 2014-08-27T22:00:00Z 76.000000 160.000000 48.000000 13.000000 0.700000 195.000000 3 3 1
2014-08-23T21:00:00Z 2014-08-23T23:00:00Z 76.000000 90.000000 32.000000 2.000000 0.800000 158.000000 3 1 1
2014-08-23T20:00:00Z 2014-08-23T22:00:00Z 83.000000 89.000000 32.000000 2.000000 0.800000 171.000000 3 2 1
2014-08-23T19:00:00Z 2014-08-23T21:00:00Z 76.000000 129.000000 37.000000 5.000000 0.800000 200.000000 3 3 1
2014-08-23T18:00:00Z 2014-08-23T20:00:00Z 78.000000 102.000000 34.000000 7.000000 0.800000 230.000000 3 3 1
2014-08-23T17:00:00Z 2014-08-23T19:00:00Z 89.000000 143.000000 37.000000 7.000000 0.800000 281.000000 3 3 1
2014-08-21T07:00:00Z 2014-08-21T09:00:00Z 115.000000 126.000000 35.000000 3.000000 1.100000 67.000000 3 4 1
2014-08-21T05:00:00Z 2014-08-21T07:00:00Z 114.000000 135.000000 132.000000 5.000000 1.300000 2.000000 3 3 1
2014-08-21T04:00:00Z 2014-08-21T06:00:00Z 115.000000 139.000000 92.000000 5.000000 1.300000 37.000000 3 4 1
2014-08-21T03:00:00Z 2014-08-21T05:00:00Z 112.000000 138.000000 28.000000 6.000000 1.200000 116.000000 3 3 1
2014-08-21T02:00:00Z 2014-08-21T04:00:00Z 109.000000 141.000000 30.000000 8.000000 1.200000 122.000000 3 3 1
2014-08-21T01:00:00Z 2014-08-21T03:00:00Z 102.000000 139.000000 47.000000 9.000000 1.000000 92.000000 3 3 1
2014-08-21T00:00:00Z 2014-08-21T02:00:00Z 95.000000 133.000000 39.000000 11.000000 1.000000 119.000000 3 3 1
2014-08-20T20:00:00Z 2014-08-20T22:00:00Z 112.000000 158.000000 39.000000 26.000000 1.600000 230.000000 3 4 1
2014-08-20T15:00:00Z 2014-08-20T17:00:00Z 92.000000 105.000000 24.000000 14.000000 1.000000 276.000000 3 4 1
2014-08-20T07:00:00Z 2014-08-20T09:00:00Z 96.000000 124.000000 49.000000 2.000000 1.000000 58.000000 3 4 1
2014-08-20T05:00:00Z 2014-08-20T07:00:00Z 86.000000 111.000000 31.000000 2.000000 0.900000 73.000000 3 3 1
2014-08-20T04:00:00Z 2014-08-20T06:00:00Z 83.000000 112.000000 40.000000 3.000000 0.900000 56.000000 3 3 1
2014-08-20T02:00:00Z 2014-08-20T04:00:00Z 80.000000 97.000000 24.000000 4.000000 0.800000 123.000000 3 3 1
2014-08-20T00:00:00Z 2014-08-20T02:00:00Z 92.000000 131.000000 34.000000 3.000000 0.900000 129.000000 3 3 1
2014-08-19T22:00:00Z 2014-08-20T00:00:00Z 85.000000 141.000000 40.000000 4.000000 0.900000 162.000000 3 3 1
2014-08-19T14:00:00Z 2014-08-19T16:00:00Z 84.000000 98.000000 25.000000 4.000000 0.900000 277.000000 3 2 1
2014-08-19T13:00:00Z 2014-08-19T15:00:00Z 98.000000 114.000000 26.000000 5.000000 1.000000 257.000000 3 2 1
2014-08-19T11:00:00Z 2014-08-19T13:00:00Z 108.000000 133.000000 43.000000 5.000000 1.000000 155.000000 3 3 1
2014-08-19T09:00:00Z 2014-08-19T11:00:00Z 105.000000 124.000000 46.000000 4.000000 1.000000 89.000000 3 3 1
2014-08-19T07:00:00Z 2014-08-19T09:00:00Z 99.000000 102.000000 39.000000 2.000000 1.000000 61.000000 3 3 1
2014-08-19T06:00:00Z 2014-08-19T08:00:00Z 92.000000 93.000000 28.000000 2.000000 0.800000 75.000000 3 3 1
2014-08-19T05:00:00Z 2014-08-19T07:00:00Z 86.000000 91.000000 25.000000 2.000000 0.800000 80.000000 3 3 1
2014-08-19T02:00:00Z 2014-08-19T04:00:00Z 80.000000 109.000000 29.000000 2.000000 0.900000 98.000000 3 3 1
2014-08-19T00:00:00Z 2014-08-19T02:00:00Z 85.000000 116.000000 49.000000 3.000000 1.000000 89.000000 3 3 1
2014-08-18T22:00:00Z 2014-08-19T00:00:00Z 77.000000 121.000000 36.000000 2.000000 0.800000 135.000000 3 3 1
2014-08-18T19:00:00Z 2014-08-18T21:00:00Z 80.000000 116.000000 32.000000 3.000000 0.800000 214.000000 3 3 1
2014-08-18T18:00:00Z 2014-08-18T20:00:00Z 80.000000 114.000000 30.000000 4.000000 0.900000 254.000000 3 2 1
2014-08-17T00:00:00Z 2014-08-17T02:00:00Z 93.000000 148.000000 50.000000 4.000000 1.400000 112.000000 3 5 1
2014-08-16T23:00:00Z 2014-08-17T01:00:00Z 88.000000 145.000000 52.000000 4.000000 1.300000 127.000000 3 4 1
2014-08-16T22:00:00Z 2014-08-17T00:00:00Z 83.000000 138.000000 52.000000 5.000000 1.200000 149.000000 3 3 1
2014-08-16T21:00:00Z 2014-08-16T23:00:00Z 81.000000 131.000000 41.000000 8.000000 1.200000 195.000000 3 3 1
2014-08-16T19:00:00Z 2014-08-16T21:00:00Z 88.000000 169.000000 43.000000 15.000000 1.500000 283.000000 3 3 1
2014-08-04T02:00:00Z 2014-08-04T04:00:00Z 76.000000 95.000000 35.000000 2.000000 0.800000 47.000000 3 2 0
2014-08-02T10:00:00Z 2014-08-02T12:00:00Z 103.000000 121.000000 37.000000 8.000000 1.000000 39.000000 3 4 0
2014-08-02T09:00:00Z 2014-08-02T11:00:00Z 90.000000 106.000000 40.000000 4.000000 0.900000 17.000000 3 4 0
2014-08-02T08:00:00Z 2014-08-02T10:00:00Z 114.000000 116.000000 42.000000 2.000000 0.900000 13.000000 3 3 0
2014-07-29T22:00:00Z 2014-07-30T00:00:00Z 115.000000 160.000000 41.000000 3.000000 0.900000 136.000000 3 2 1
2014-07-29T20:00:00Z 2014-07-29T22:00:00Z 107.000000 130.000000 26.000000 2.000000 0.800000 182.000000 3 3 1
2014-07-29T19:00:00Z 2014-07-29T21:00:00Z 107.000000 131.000000 26.000000 2.000000 0.800000 192.000000 3 3 1
2014-07-29T18:00:00Z 2014-07-29T20:00:00Z 104.000000 131.000000 20.000000 2.000000 0.800000 200.000000 3 3 1
2014-07-29T17:00:00Z 2014-07-29T19:00:00Z 107.000000 126.000000 16.000000 2.000000 0.700000 206.000000 3 3 1
2014-07-20T23:00:00Z 2014-07-21T01:00:00Z 80.000000 107.000000 42.000000 6.000000 0.900000 107.000000 3 2 1
2014-07-20T22:00:00Z 2014-07-21T00:00:00Z 86.000000 110.000000 34.000000 7.000000 0.900000 138.000000 3 2 1
2014-07-20T21:00:00Z 2014-07-20T23:00:00Z 88.000000 109.000000 26.000000 8.000000 0.900000 166.000000 3 3 1
2014-07-20T20:00:00Z 2014-07-20T22:00:00Z 96.000000 128.000000 24.000000 8.000000 1.000000 178.000000 3 3 1
2014-07-20T19:00:00Z 2014-07-20T21:00:00Z 78.000000 107.000000 20.000000 7.000000 0.900000 183.000000 3 3 1
2014-07-20T17:00:00Z 2014-07-20T19:00:00Z 106.000000 127.000000 16.000000 8.000000 1.100000 209.000000 3 3 1
2014-07-20T16:00:00Z 2014-07-20T18:00:00Z 95.000000 107.000000 15.000000 4.000000 0.900000 206.000000 3 3 1
2014-07-20T15:00:00Z 2014-07-20T17:00:00Z 78.000000 82.000000 14.000000 4.000000 0.700000 194.000000 3 3 1
2014-07-20T09:00:00Z 2014-07-20T11:00:00Z 83.000000 96.000000 39.000000 2.000000 0.700000 53.000000 3 3 1
2014-07-17T09:00:00Z 2014-07-17T11:00:00Z 102.000000 103.000000 58.000000 4.000000 1.100000 24.000000 3 4 1
2014-07-09T03:00:00Z 2014-07-09T05:00:00Z 114.000000 121.000000 29.000000 6.000000 0.700000 42.000000 3 1 1
2014-07-04T17:00:00Z 2014-07-04T19:00:00Z 93.000000 121.000000 20.000000 2.000000 0.800000 265.000000 3 5 0
2014-07-01T08:00:00Z 2014-07-01T10:00:00Z 85.000000 122.000000 41.000000 18.000000 1.100000 94.000000 3 3 0
2014-07-01T07:00:00Z 2014-07-01T09:00:00Z 84.000000 124.000000 46.000000 13.000000 1.100000 67.000000 3 3 0
2014-06-30T14:00:00Z 2014-06-30T16:00:00Z 91.000000 130.000000 34.000000 20.000000 1.200000 330.000000 3 3 1
2014-06-25T07:00:00Z 2014-06-25T09:00:00Z 92.000000 104.000000 38.000000 8.000000 1.300000 68.000000 3 3 1
2014-06-25T05:00:00Z 2014-06-25T07:00:00Z 84.000000 102.000000 34.000000 6.000000 1.100000 81.000000 3 3 1
2014-06-25T01:00:00Z 2014-06-25T03:00:00Z 80.000000 133.000000 65.000000 12.000000 1.100000 85.000000 3 2 1
2014-06-21T18:00:00Z 2014-06-21T20:00:00Z 79.000000 93.000000 36.000000 4.000000 1.200000 183.000000 3 1 1
2014-06-21T17:00:00Z 2014-06-21T19:00:00Z 95.000000 96.000000 33.000000 5.000000 1.400000 199.000000 3 1 1
2014-06-21T16:00:00Z 2014-06-21T18:00:00Z 99.000000 102.000000 31.000000 6.000000 1.500000 201.000000 3 3 1
2014-06-15T13:00:00Z 2014-06-15T15:00:00Z 79.000000 82.000000 18.000000 23.000000 1.000000 268.000000 3 3 1
2014-06-15T06:00:00Z 2014-06-15T08:00:00Z 90.000000 98.000000 86.000000 2.000000 0.900000 60.000000 3 4 1
2014-06-06T10:00:00Z 2014-06-06T12:00:00Z 110.000000 123.000000 44.000000 36.000000 2.000000 86.000000 3 1 1
2014-06-06T09:00:00Z 2014-06-06T11:00:00Z 103.000000 139.000000 48.000000 38.000000 2.000000 67.000000 3 3 1
2014-06-06T08:00:00Z 2014-06-06T10:00:00Z 101.000000 105.000000 41.000000 30.000000 1.600000 66.000000 3 3 1
2014-05-31T13:00:00Z 2014-05-31T15:00:00Z 98.000000 184.000000 34.000000 45.000000 1.800000 247.000000 3 4 1
2014-05-31T11:00:00Z 2014-05-31T13:00:00Z 86.000000 121.000000 57.000000 37.000000 1.600000 137.000000 3 3 1
2014-05-31T09:00:00Z 2014-05-31T11:00:00Z 76.000000 171.000000 75.000000 28.000000 1.600000 66.000000 3 3 1
2014-05-31T00:00:00Z 2014-05-31T02:00:00Z 79.000000 104.000000 28.000000 23.000000 1.100000 160.000000 3 3 1
2014-05-30T21:00:00Z 2014-05-30T23:00:00Z 92.000000 183.000000 28.000000 32.000000 1.000000 238.000000 3 3 1
2014-05-30T19:00:00Z 2014-05-30T21:00:00Z 100.000000 168.000000 31.000000 32.000000 1.100000 281.000000 3 3 1
2014-05-30T15:00:00Z 2014-05-30T17:00:00Z 111.000000 195.000000 23.000000 40.000000 1.200000 346.000000 3 4 1
2014-05-27T09:00:00Z 2014-05-27T11:00:00Z 104.000000 326.000000 21.000000 6.000000 0.300000 92.000000 3 1 1
2014-05-27T07:00:00Z 2014-05-27T09:00:00Z 107.000000 397.000000 37.000000 17.000000 0.500000 67.000000 3 3 1
2014-05-25T11:00:00Z 2014-05-25T13:00:00Z 97.000000 300.000000 17.000000 2.000000 0.300000 78.000000 3 1 1
2014-05-24T03:00:00Z 2014-05-24T05:00:00Z 78.000000 135.000000 26.000000 16.000000 0.900000 132.000000 3 2 1
2014-05-24T01:00:00Z 2014-05-24T03:00:00Z 94.000000 203.000000 37.000000 21.000000 1.000000 146.000000 3 3 1
2014-05-24T00:00:00Z 2014-05-24T02:00:00Z 87.000000 188.000000 79.000000 15.000000 1.000000 69.000000 3 3 1
2014-05-23T23:00:00Z 2014-05-24T01:00:00Z 87.000000 148.000000 65.000000 11.000000 0.900000 86.000000 3 3 1
2014-05-23T22:00:00Z 2014-05-24T00:00:00Z 79.000000 142.000000 61.000000 12.000000 0.900000 112.000000 3 3 1
2014-05-23T08:00:00Z 2014-05-23T10:00:00Z 96.000000 157.000000 63.000000 22.000000 1.000000 64.000000 3 4 1
2014-05-23T07:00:00Z 2014-05-23T09:00:00Z 90.000000 159.000000 61.000000 14.000000 1.000000 49.000000 3 4 1
2014-05-23T06:00:00Z 2014-05-23T08:00:00Z 79.000000 138.000000 57.000000 13.000000 0.900000 58.000000 3 3 1
2014-05-23T03:00:00Z 2014-05-23T05:00:00Z 81.000000 140.000000 52.000000 16.000000 0.800000 64.000000 3 3 1
2014-05-21T13:00:00Z 2014-05-21T15:00:00Z 110.000000 140.000000 25.000000 22.000000 1.600000 204.000000 3 4 1
2014-05-21T11:00:00Z 2014-05-21T13:00:00Z 100.000000 142.000000 31.000000 28.000000 1.300000 137.000000 3 3 1
2014-05-21T09:00:00Z 2014-05-21T11:00:00Z 104.000000 122.000000 35.000000 27.000000 1.200000 81.000000 3 3 1
2014-05-21T08:00:00Z 2014-05-21T10:00:00Z 103.000000 157.000000 65.000000 21.000000 1.200000 29.000000 3 3 1
2014-05-21T07:00:00Z 2014-05-21T09:00:00Z 96.000000 116.000000 28.000000 14.000000 1.200000 64.000000 3 3 1
2014-05-21T06:00:00Z 2014-05-21T08:00:00Z 88.000000 116.000000 30.000000 10.000000 1.100000 55.000000 3 3 1
2014-05-21T05:00:00Z 2014-05-21T07:00:00Z 80.000000 121.000000 35.000000 10.000000 1.100000 53.000000 3 3 1
2014-05-21T04:00:00Z 2014-05-21T06:00:00Z 79.000000 113.000000 46.000000 12.000000 1.100000 50.000000 3 3 1
2014-05-21T03:00:00Z 2014-05-21T05:00:00Z 81.000000 133.000000 31.000000 16.000000 1.000000 74.000000 3 3 1
2014-05-21T02:00:00Z 2014-05-21T04:00:00Z 76.000000 113.000000 25.000000 20.000000 1.000000 92.000000 3 3 1
2014-05-21T00:00:00Z 2014-05-21T02:00:00Z 79.000000 115.000000 32.000000 20.000000 0.900000 96.000000 3 3 1
2014-05-20T23:00:00Z 2014-05-21T01:00:00Z 96.000000 185.000000 45.000000 22.000000 0.800000 90.000000 3 2 1
2014-05-19T20:00:00Z 2014-05-19T22:00:00Z 110.000000 208.000000 47.000000 9.000000 1.200000 181.000000 3 4 1
2014-05-19T13:00:00Z 2014-05-19T15:00:00Z 99.000000 123.000000 37.000000 11.000000 0.700000 162.000000 3 4 1
2014-05-18T18:00:00Z 2014-05-18T20:00:00Z 97.000000 156.000000 23.000000 41.000000 0.700000 255.000000 3 4 1
2014-05-18T17:00:00Z 2014-05-18T19:00:00Z 85.000000 141.000000 21.000000 35.000000 0.700000 253.000000 3 4 1
2014-05-18T16:00:00Z 2014-05-18T18:00:00Z 80.000000 129.000000 23.000000 27.000000 0.700000 256.000000 3 3 1
2014-05-18T15:00:00Z 2014-05-18T17:00:00Z 81.000000 126.000000 42.000000 23.000000 0.600000 227.000000 3 3 1
2014-05-17T12:00:00Z 2014-05-17T14:00:00Z 83.000000 123.000000 68.000000 44.000000 1.100000 106.000000 3 2 1
2014-05-17T11:00:00Z 2014-05-17T13:00:00Z 80.000000 139.000000 65.000000 52.000000 1.100000 99.000000 3 2 1
2014-05-16T04:00:00Z 2014-05-16T06:00:00Z 80.000000 198.000000 36.000000 6.000000 0.500000 53.000000 3 2 1
2014-05-16T03:00:00Z 2014-05-16T05:00:00Z 90.000000 230.000000 51.000000 8.000000 0.600000 40.000000 3 2 1
2014-05-16T02:00:00Z 2014-05-16T04:00:00Z 90.000000 215.000000 101.000000 14.000000 0.600000 3.000000 3 3 1
2014-05-16T01:00:00Z 2014-05-16T03:00:00Z 81.000000 251.000000 80.000000 20.000000 0.500000 30.000000 3 3 1
2014-05-15T23:00:00Z 2014-05-16T01:00:00Z 97.000000 255.000000 38.000000 8.000000 0.500000 80.000000 3 3 1
2014-05-15T21:00:00Z 2014-05-15T23:00:00Z 104.000000 279.000000 37.000000 8.000000 0.500000 103.000000 3 3 1
2014-05-15T20:00:00Z 2014-05-15T22:00:00Z 106.000000 297.000000 45.000000 8.000000 0.500000 102.000000 3 3 1
2014-05-15T19:00:00Z 2014-05-15T21:00:00Z 104.000000 292.000000 42.000000 9.000000 0.400000 114.000000 3 3 1
2014-05-15T18:00:00Z 2014-05-15T20:00:00Z 98.000000 294.000000 31.000000 10.000000 0.400000 131.000000 3 3 1
2014-05-15T17:00:00Z 2014-05-15T19:00:00Z 107.000000 324.000000 28.000000 8.000000 0.400000 121.000000 3 3 1
2014-05-15T15:00:00Z 2014-05-15T17:00:00Z 86.000000 266.000000 34.000000 9.000000 0.400000 112.000000 3 3 1
2014-05-13T12:00:00Z 2014-05-13T14:00:00Z 84.000000 143.000000 91.000000 16.000000 0.800000 32.000000 3 1 1
2014-05-13T06:00:00Z 2014-05-13T08:00:00Z 77.000000 162.000000 68.000000 7.000000 1.200000 2.000000 3 2 1
2014-05-07T07:00:00Z 2014-05-07T09:00:00Z 95.000000 124.000000 52.000000 30.000000 1.200000 52.000000 3 1 1
2014-05-07T06:00:00Z 2014-05-07T08:00:00Z 101.000000 123.000000 46.000000 16.000000 1.400000 44.000000 3 2 1
2014-05-07T05:00:00Z 2014-05-07T07:00:00Z 95.000000 116.000000 50.000000 16.000000 1.400000 43.000000 3 3 1
2014-05-07T04:00:00Z 2014-05-07T06:00:00Z 82.000000 102.000000 44.000000 15.000000 1.200000 50.000000 3 3 1
2014-05-07T03:00:00Z 2014-05-07T05:00:00Z 78.000000 96.000000 43.000000 15.000000 1.200000 58.000000 3 3 1
2014-05-07T02:00:00Z 2014-05-07T04:00:00Z 87.000000 109.000000 61.000000 15.000000 1.200000 48.000000 3 3 1
2014-05-07T01:00:00Z 2014-05-07T03:00:00Z 92.000000 127.000000 92.000000 18.000000 1.300000 31.000000 3 3 1
2014-05-07T00:00:00Z 2014-05-07T02:00:00Z 86.000000 116.000000 63.000000 22.000000 1.300000 56.000000 3 3 1
2014-05-06T23:00:00Z 2014-05-07T01:00:00Z 88.000000 123.000000 68.000000 24.000000 1.300000 55.000000 3 3 1
2014-05-06T22:00:00Z 2014-05-07T00:00:00Z 102.000000 157.000000 85.000000 29.000000 1.500000 48.000000 3 3 1
2014-05-06T21:00:00Z 2014-05-06T23:00:00Z 104.000000 162.000000 80.000000 37.000000 1.400000 66.000000 3 3 1
2014-05-06T20:00:00Z 2014-05-06T22:00:00Z 96.000000 148.000000 71.000000 39.000000 1.400000 84.000000 3 3 1
2014-05-06T19:00:00Z 2014-05-06T21:00:00Z 97.000000 147.000000 68.000000 39.000000 1.300000 100.000000 3 3 1
2014-05-06T18:00:00Z 2014-05-06T20:00:00Z 89.000000 148.000000 58.000000 40.000000 1.200000 116.000000 3 3 1
2014-05-06T17:00:00Z 2014-05-06T19:00:00Z 79.000000 129.000000 54.000000 42.000000 1.100000 124.000000 3 3 1
2014-05-06T15:00:00Z 2014-05-06T17:00:00Z 78.000000 99.000000 42.000000 35.000000 0.800000 134.000000 3 3 1
2014-05-01T17:00:00Z 2014-05-01T19:00:00Z 93.000000 257.000000 29.000000 20.000000 0.800000 105.000000 3 3 0
2014-05-01T06:00:00Z 2014-05-01T08:00:00Z 112.000000 146.000000 51.000000 7.000000 0.900000 60.000000 3 4 0
2014-05-01T05:00:00Z 2014-05-01T07:00:00Z 100.000000 136.000000 44.000000 6.000000 0.900000 72.000000 3 4 0
2014-05-01T04:00:00Z 2014-05-01T06:00:00Z 102.000000 143.000000 49.000000 5.000000 1.000000 68.000000 3 3 0
2014-05-01T03:00:00Z 2014-05-01T05:00:00Z 100.000000 144.000000 47.000000 7.000000 1.000000 83.000000 3 3 0
2014-05-01T02:00:00Z 2014-05-01T04:00:00Z 94.000000 132.000000 35.000000 8.000000 0.900000 111.000000 3 3 0
2014-05-01T01:00:00Z 2014-05-01T03:00:00Z 94.000000 135.000000 42.000000 11.000000 0.900000 114.000000 3 3 0
2014-04-30T23:00:00Z 2014-05-01T01:00:00Z 100.000000 157.000000 60.000000 13.000000 1.000000 109.000000 3 3 1
2014-04-30T21:00:00Z 2014-04-30T23:00:00Z 98.000000 168.000000 60.000000 18.000000 0.900000 132.000000 3 3 1
2014-04-30T20:00:00Z 2014-04-30T22:00:00Z 96.000000 168.000000 49.000000 21.000000 0.900000 172.000000 3 3 1
2014-04-30T19:00:00Z 2014-04-30T21:00:00Z 97.000000 179.000000 45.000000 22.000000 0.900000 194.000000 3 3 1
2014-04-30T18:00:00Z 2014-04-30T20:00:00Z 91.000000 194.000000 38.000000 23.000000 0.800000 218.000000 3 3 1
2014-04-30T17:00:00Z 2014-04-30T19:00:00Z 105.000000 171.000000 33.000000 26.000000 0.900000 251.000000 3 3 1
2014-04-30T07:00:00Z 2014-04-30T09:00:00Z 107.000000 144.000000 84.000000 15.000000 1.200000 41.000000 3 3 1
2014-04-30T06:00:00Z 2014-04-30T08:00:00Z 92.000000 142.000000 85.000000 7.000000 1.100000 35.000000 3 4 1
2014-04-30T05:00:00Z 2014-04-30T07:00:00Z 89.000000 152.000000 143.000000 9.000000 1.100000 2.000000 3 3 1
2014-04-30T04:00:00Z 2014-04-30T06:00:00Z 91.000000 121.000000 63.000000 11.000000 1.100000 72.000000 3 3 1
2014-04-30T03:00:00Z 2014-04-30T05:00:00Z 86.000000 119.000000 32.000000 12.000000 1.000000 102.000000 3 3 1
2014-04-30T02:00:00Z 2014-04-30T04:00:00Z 86.000000 116.000000 34.000000 12.000000 1.000000 107.000000 3 3 1
2014-04-30T01:00:00Z 2014-04-30T03:00:00Z 86.000000 119.000000 35.000000 14.000000 1.000000 114.000000 3 3 1
2014-04-30T00:00:00Z 2014-04-30T02:00:00Z 92.000000 128.000000 42.000000 17.000000 1.000000 114.000000 3 3 1
2014-04-29T23:00:00Z 2014-04-30T01:00:00Z 110.000000 178.000000 78.000000 18.000000 1.200000 92.000000 3 3 1
2014-04-29T22:00:00Z 2014-04-30T00:00:00Z 93.000000 164.000000 74.000000 17.000000 1.100000 103.000000 3 3 1
2014-04-29T21:00:00Z 2014-04-29T23:00:00Z 85.000000 158.000000 56.000000 20.000000 1.000000 141.000000 3 3 1
2014-04-29T20:00:00Z 2014-04-29T22:00:00Z 91.000000 168.000000 55.000000 18.000000 0.900000 164.000000 3 3 1
2014-04-29T19:00:00Z 2014-04-29T21:00:00Z 83.000000 142.000000 50.000000 13.000000 0.700000 186.000000 3 3 1
2014-04-29T18:00:00Z 2014-04-29T20:00:00Z 82.000000 132.000000 45.000000 10.000000 0.700000 198.000000 3 3 1
2014-04-29T17:00:00Z 2014-04-29T19:00:00Z 92.000000 137.000000 47.000000 11.000000 0.700000 213.000000 3 3 1
2014-04-29T16:00:00Z 2014-04-29T18:00:00Z 113.000000 137.000000 54.000000 13.000000 0.800000 209.000000 3 3 1
2014-04-29T14:00:00Z 2014-04-29T16:00:00Z 98.000000 138.000000 46.000000 15.000000 0.800000 180.000000 3 3 1
2014-04-29T12:00:00Z 2014-04-29T14:00:00Z 98.000000 165.000000 54.000000 20.000000 0.900000 129.000000 3 3 1
2014-04-29T11:00:00Z 2014-04-29T13:00:00Z 94.000000 181.000000 85.000000 22.000000 0.900000 71.000000 3 3 1
2014-04-29T10:00:00Z 2014-04-29T12:00:00Z 87.000000 168.000000 96.000000 21.000000 1.000000 48.000000 3 3 1
2014-04-29T09:00:00Z 2014-04-29T11:00:00Z 80.000000 152.000000 84.000000 21.000000 0.900000 42.000000 3 3 1
2014-04-24T07:00:00Z 2014-04-24T09:00:00Z 93.000000 105.000000 51.000000 7.000000 0.800000 56.000000 3 4 1
2014-04-24T04:00:00Z 2014-04-24T06:00:00Z 87.000000 91.000000 37.000000 7.000000 0.700000 79.000000 3 3 1
2014-04-24T03:00:00Z 2014-04-24T05:00:00Z 98.000000 105.000000 39.000000 8.000000 0.700000 86.000000 3 3 1
2014-04-24T02:00:00Z 2014-04-24T04:00:00Z 88.000000 104.000000 45.000000 8.000000 0.700000 82.000000 3 3 1
2014-04-24T01:00:00Z 2014-04-24T03:00:00Z 80.000000 113.000000 47.000000 6.000000 0.700000 81.000000 3 3 1
2014-04-23T08:00:00Z 2014-04-23T10:00:00Z 107.000000 192.000000 74.000000 15.000000 1.000000 18.000000 3 5 1
2014-04-22T20:00:00Z 2014-04-22T22:00:00Z 83.000000 128.000000 39.000000 19.000000 0.600000 126.000000 3 2 1
2014-04-22T19:00:00Z 2014-04-22T21:00:00Z 82.000000 124.000000 30.000000 17.000000 0.500000 153.000000 3 2 1
2014-04-22T17:00:00Z 2014-04-22T19:00:00Z 77.000000 148.000000 24.000000 9.000000 0.400000 176.000000 3 3 1
2014-04-21T00:00:00Z 2014-04-21T02:00:00Z 90.000000 115.000000 85.000000 8.000000 1.100000 20.000000 3 2 1
2014-04-20T23:00:00Z 2014-04-21T01:00:00Z 86.000000 125.000000 57.000000 9.000000 0.600000 56.000000 3 3 1
2014-04-20T22:00:00Z 2014-04-21T00:00:00Z 88.000000 147.000000 66.000000 10.000000 0.700000 50.000000 3 3 1
2014-04-20T08:00:00Z 2014-04-20T10:00:00Z 86.000000 89.000000 61.000000 16.000000 1.100000 9.000000 3 3 1
2014-04-20T07:00:00Z 2014-04-20T09:00:00Z 78.000000 95.000000 63.000000 8.000000 1.200000 8.000000 3 2 1
2014-04-19T21:00:00Z 2014-04-19T23:00:00Z 77.000000 78.000000 51.000000 7.000000 0.700000 55.000000 3 3 1
2014-04-19T19:00:00Z 2014-04-19T21:00:00Z 76.000000 78.000000 46.000000 10.000000 0.700000 80.000000 3 3 1
2014-04-19T18:00:00Z 2014-04-19T20:00:00Z 88.000000 89.000000 41.000000 13.000000 0.700000 91.000000 3 3 1
2014-04-19T09:00:00Z 2014-04-19T11:00:00Z 88.000000 113.000000 73.000000 22.000000 0.800000 17.000000 3 3 1
2014-04-19T08:00:00Z 2014-04-19T10:00:00Z 76.000000 97.000000 66.000000 20.000000 0.700000 28.000000 3 3 1
2014-04-19T05:00:00Z 2014-04-19T07:00:00Z 77.000000 101.000000 57.000000 20.000000 0.800000 35.000000 3 2 1
2014-04-19T04:00:00Z 2014-04-19T06:00:00Z 77.000000 92.000000 59.000000 19.000000 0.800000 35.000000 3 2 1
2014-04-19T03:00:00Z 2014-04-19T05:00:00Z 88.000000 98.000000 66.000000 19.000000 0.800000 30.000000 3 3 1
2014-04-19T02:00:00Z 2014-04-19T04:00:00Z 87.000000 104.000000 70.000000 19.000000 0.800000 29.000000 3 3 1
2014-04-19T01:00:00Z 2014-04-19T03:00:00Z 86.000000 106.000000 85.000000 21.000000 1.000000 23.000000 3 3 1
2014-04-19T00:00:00Z 2014-04-19T02:00:00Z 98.000000 110.000000 74.000000 20.000000 1.000000 38.000000 3 3 1
2014-04-18T02:00:00Z 2014-04-18T04:00:00Z 109.000000 122.000000 66.000000 8.000000 1.300000 19.000000 3 4 1
2014-04-17T04:00:00Z 2014-04-17T06:00:00Z 76.000000 135.000000 62.000000 15.000000 0.800000 18.000000 3 4 1
2014-04-17T03:00:00Z 2014-04-17T05:00:00Z 76.000000 101.000000 50.000000 15.000000 0.700000 39.000000 3 3 1
2014-04-17T02:00:00Z 2014-04-17T04:00:00Z 80.000000 111.000000 86.000000 12.000000 1.000000 12.000000 3 3 1
2014-04-17T01:00:00Z 2014-04-17T03:00:00Z 84.000000 150.000000 96.000000 12.000000 1.100000 11.000000 3 3 1
2014-04-17T00:00:00Z 2014-04-17T02:00:00Z 77.000000 117.000000 74.000000 10.000000 0.900000 32.000000 3 3 1
2014-04-16T23:00:00Z 2014-04-17T01:00:00Z 83.000000 119.000000 84.000000 10.000000 0.900000 31.000000 3 3 1
2014-04-16T22:00:00Z 2014-04-17T00:00:00Z 87.000000 130.000000 96.000000 10.000000 0.700000 30.000000 3 3 1
2014-04-16T21:00:00Z 2014-04-16T23:00:00Z 87.000000 108.000000 88.000000 10.000000 0.700000 37.000000 3 3 1
2014-04-16T20:00:00Z 2014-04-16T22:00:00Z 96.000000 125.000000 73.000000 9.000000 0.700000 51.000000 3 3 1
2014-04-16T13:00:00Z 2014-04-16T15:00:00Z 96.000000 105.000000 62.000000 13.000000 0.600000 56.000000 3 3 1
2014-04-16T12:00:00Z 2014-04-16T14:00:00Z 83.000000 123.000000 53.000000 13.000000 0.600000 56.000000 3 3 1
2014-04-16T10:00:00Z 2014-04-16T12:00:00Z 83.000000 144.000000 69.000000 17.000000 0.800000 20.000000 3 3 1
2014-04-15T17:00:00Z 2014-04-15T19:00:00Z 76.000000 158.000000 30.000000 15.000000 0.400000 89.000000 3 2 1
2014-04-15T16:00:00Z 2014-04-15T18:00:00Z 100.000000 181.000000 30.000000 18.000000 0.600000 103.000000 3 2 1
2014-04-15T14:00:00Z 2014-04-15T16:00:00Z 110.000000 233.000000 10.000000 20.000000 1.000000 131.000000 3 3 1
2014-04-15T12:00:00Z 2014-04-15T14:00:00Z 112.000000 119.000000 42.000000 24.000000 1.100000 95.000000 3 3 1
2014-04-15T10:00:00Z 2014-04-15T12:00:00Z 105.000000 113.000000 64.000000 23.000000 0.900000 50.000000 3 3 1
2014-04-15T09:00:00Z 2014-04-15T11:00:00Z 96.000000 109.000000 48.000000 22.000000 0.900000 54.000000 3 4 1
2014-04-03T00:00:00Z 2014-04-03T02:00:00Z 98.000000 184.000000 80.000000 17.000000 1.000000 18.000000 3 2 0
2014-04-02T23:00:00Z 2014-04-03T01:00:00Z 105.000000 180.000000 64.000000 20.000000 1.100000 37.000000 3 2 0
2014-04-02T17:00:00Z 2014-04-02T19:00:00Z 91.000000 227.000000 25.000000 21.000000 0.900000 160.000000 3 4 0
2014-04-02T08:00:00Z 2014-04-02T10:00:00Z 86.000000 146.000000 83.000000 20.000000 1.400000 3.000000 3 2 0
2014-04-02T07:00:00Z 2014-04-02T09:00:00Z 80.000000 137.000000 72.000000 9.000000 1.000000 11.000000 3 4 0
2014-04-01T22:00:00Z 2014-04-02T00:00:00Z 85.000000 129.000000 89.000000 10.000000 1.100000 36.000000 3 2 0
2014-04-01T21:00:00Z 2014-04-01T23:00:00Z 86.000000 126.000000 88.000000 10.000000 1.000000 44.000000 3 2 0
2014-04-01T07:00:00Z 2014-04-01T09:00:00Z 105.000000 112.000000 41.000000 3.000000 1.100000 19.000000 3 5 0
2014-03-31T08:00:00Z 2014-03-31T10:00:00Z 104.000000 174.000000 80.000000 39.000000 1.700000 17.000000 3 5 1
2014-03-31T07:00:00Z 2014-03-31T09:00:00Z 105.000000 159.000000 79.000000 37.000000 1.700000 22.000000 3 4 1
2014-03-31T06:00:00Z 2014-03-31T08:00:00Z 110.000000 166.000000 74.000000 33.000000 1.700000 22.000000 3 3 1
2014-03-31T04:00:00Z 2014-03-31T06:00:00Z 84.000000 225.000000 78.000000 19.000000 1.100000 15.000000 3 3 1
2014-03-28T19:00:00Z 2014-03-28T21:00:00Z 86.000000 210.000000 48.000000 13.000000 1.100000 86.000000 3 5 1
2014-03-28T12:00:00Z 2014-03-28T14:00:00Z 94.000000 144.000000 34.000000 25.000000 0.900000 56.000000 3 3 1
2014-03-28T09:00:00Z 2014-03-28T11:00:00Z 110.000000 140.000000 63.000000 10.000000 2.400000 2.000000 3 3 1
2014-03-28T08:00:00Z 2014-03-28T10:00:00Z 108.000000 131.000000 62.000000 9.000000 1.700000 3.000000 3 4 1
2014-03-28T07:00:00Z 2014-03-28T09:00:00Z 104.000000 120.000000 56.000000 10.000000 1.800000 3.000000 3 3 1
2014-03-28T06:00:00Z 2014-03-28T08:00:00Z 104.000000 114.000000 59.000000 10.000000 1.800000 4.000000 3 3 1
2014-03-28T05:00:00Z 2014-03-28T07:00:00Z 100.000000 108.000000 60.000000 10.000000 1.700000 6.000000 3 3 1
2014-03-28T04:00:00Z 2014-03-28T06:00:00Z 95.000000 126.000000 62.000000 12.000000 1.700000 6.000000 3 3 1
2014-03-27T19:00:00Z 2014-03-27T21:00:00Z 104.000000 129.000000 66.000000 47.000000 1.700000 23.000000 3 4 1
2014-03-27T18:00:00Z 2014-03-27T20:00:00Z 110.000000 144.000000 63.000000 45.000000 1.700000 26.000000 3 4 1
2014-03-27T17:00:00Z 2014-03-27T19:00:00Z 88.000000 128.000000 65.000000 46.000000 1.700000 24.000000 3 3 1
2014-03-23T09:00:00Z 2014-03-23T11:00:00Z 107.000000 193.000000 67.000000 38.000000 1.700000 26.000000 3 4 1
2014-03-23T08:00:00Z 2014-03-23T10:00:00Z 99.000000 164.000000 51.000000 35.000000 1.600000 32.000000 3 4 1
2014-03-23T07:00:00Z 2014-03-23T09:00:00Z 95.000000 166.000000 35.000000 30.000000 1.500000 48.000000 3 3 1
2014-03-23T06:00:00Z 2014-03-23T08:00:00Z 88.000000 149.000000 31.000000 29.000000 1.500000 48.000000 3 3 1
2014-03-23T05:00:00Z 2014-03-23T07:00:00Z 86.000000 151.000000 35.000000 30.000000 1.400000 45.000000 3 3 1
2014-03-23T04:00:00Z 2014-03-23T06:00:00Z 79.000000 139.000000 29.000000 28.000000 1.400000 52.000000 3 3 1
2014-03-23T03:00:00Z 2014-03-23T05:00:00Z 94.000000 170.000000 50.000000 38.000000 1.600000 43.000000 3 3 1
2014-03-23T01:00:00Z 2014-03-23T03:00:00Z 104.000000 192.000000 54.000000 39.000000 1.600000 54.000000 3 3 1
2014-03-22T23:00:00Z 2014-03-23T01:00:00Z 78.000000 252.000000 56.000000 33.000000 1.300000 50.000000 3 3 1
2014-03-18T17:00:00Z 2014-03-18T19:00:00Z 79.000000 298.000000 31.000000 24.000000 0.900000 101.000000 3 2 1
2014-03-18T16:00:00Z 2014-03-18T18:00:00Z 82.000000 291.000000 34.000000 28.000000 1.000000 95.000000 3 2 1
2014-03-16T23:00:00Z 2014-03-17T01:00:00Z 85.000000 263.000000 70.000000 68.000000 2.000000 39.000000 3 2 1
2014-03-16T22:00:00Z 2014-03-17T00:00:00Z 96.000000 280.000000 70.000000 75.000000 2.000000 43.000000 3 2 1
2014-03-16T09:00:00Z 2014-03-16T11:00:00Z 90.000000 171.000000 86.000000 96.000000 2.800000 11.000000 3 2 1
2014-03-16T07:00:00Z 2014-03-16T09:00:00Z 110.000000 187.000000 89.000000 60.000000 3.100000 2.000000 3 3 1
2014-03-16T02:00:00Z 2014-03-16T04:00:00Z 83.000000 177.000000 89.000000 94.000000 2.200000 19.000000 3 5 1
2014-03-15T17:00:00Z 2014-03-15T19:00:00Z 100.000000 196.000000 84.000000 48.000000 1.100000 73.000000 3 4 1
2014-03-15T16:00:00Z 2014-03-15T18:00:00Z 96.000000 173.000000 57.000000 40.000000 0.900000 95.000000 3 4 1
2014-03-15T15:00:00Z 2014-03-15T17:00:00Z 98.000000 165.000000 54.000000 43.000000 0.900000 93.000000 3 3 1
2014-03-15T14:00:00Z 2014-03-15T16:00:00Z 96.000000 158.000000 49.000000 40.000000 0.900000 84.000000 3 3 1
2014-03-15T12:00:00Z 2014-03-15T14:00:00Z 97.000000 186.000000 78.000000 51.000000 1.300000 36.000000 3 3 1
2014-03-15T10:00:00Z 2014-03-15T12:00:00Z 108.000000 212.000000 80.000000 55.000000 2.100000 10.000000 3 3 1
2014-03-15T09:00:00Z 2014-03-15T11:00:00Z 80.000000 166.000000 62.000000 48.000000 1.800000 12.000000 3 3 1
2014-03-11T04:00:00Z 2014-03-11T06:00:00Z 111.000000 124.000000 61.000000 48.000000 2.300000 14.000000 3 4 1
2014-03-11T03:00:00Z 2014-03-11T05:00:00Z 108.000000 124.000000 66.000000 54.000000 2.200000 13.000000 3 4 1
2014-03-11T02:00:00Z 2014-03-11T04:00:00Z 105.000000 128.000000 62.000000 53.000000 2.200000 18.000000 3 3 1
2014-03-11T01:00:00Z 2014-03-11T03:00:00Z 107.000000 121.000000 60.000000 55.000000 2.000000 22.000000 3 3 1
2014-03-10T22:00:00Z 2014-03-11T00:00:00Z 104.000000 128.000000 75.000000 54.000000 2.000000 23.000000 3 4 1
2014-03-10T19:00:00Z 2014-03-10T21:00:00Z 110.000000 126.000000 90.000000 65.000000 1.600000 21.000000 3 4 1
2014-03-10T18:00:00Z 2014-03-10T20:00:00Z 106.000000 120.000000 79.000000 62.000000 1.600000 37.000000 3 4 1
2014-03-10T17:00:00Z 2014-03-10T19:00:00Z 89.000000 107.000000 71.000000 62.000000 1.500000 47.000000 3 3 1
2014-03-10T16:00:00Z 2014-03-10T18:00:00Z 101.000000 120.000000 65.000000 63.000000 1.500000 50.000000 3 3 1
2014-03-10T13:00:00Z 2014-03-10T15:00:00Z 107.000000 117.000000 45.000000 58.000000 1.400000 48.000000 3 4 1
2014-03-10T12:00:00Z 2014-03-10T14:00:00Z 83.000000 102.000000 42.000000 65.000000 1.400000 40.000000 3 4 1
2014-03-09T23:00:00Z 2014-03-10T01:00:00Z 77.000000 150.000000 81.000000 43.000000 1.800000 5.000000 3 2 1
2014-03-09T22:00:00Z 2014-03-10T00:00:00Z 100.000000 159.000000 84.000000 55.000000 1.600000 10.000000 3 2 1
2014-03-08T07:00:00Z 2014-03-08T09:00:00Z 104.000000 155.000000 79.000000 64.000000 2.400000 5.000000 3 3 1
2014-03-08T06:00:00Z 2014-03-08T08:00:00Z 104.000000 153.000000 82.000000 75.000000 2.300000 5.000000 3 3 1
2014-03-08T05:00:00Z 2014-03-08T07:00:00Z 99.000000 160.000000 82.000000 72.000000 2.200000 3.000000 3 3 1
2014-03-08T04:00:00Z 2014-03-08T06:00:00Z 94.000000 144.000000 81.000000 55.000000 2.100000 3.000000 3 3 1
2014-03-02T08:00:00Z 2014-03-02T10:00:00Z 98.000000 122.000000 64.000000 51.000000 2.300000 5.000000 3 4 0
2014-03-02T07:00:00Z 2014-03-02T09:00:00Z 102.000000 127.000000 70.000000 47.000000 2.500000 6.000000 3 4 0
2014-03-02T06:00:00Z 2014-03-02T08:00:00Z 113.000000 149.000000 77.000000 46.000000 2.800000 4.000000 3 3 0
2014-03-02T05:00:00Z 2014-03-02T07:00:00Z 107.000000 137.000000 74.000000 49.000000 2.500000 4.000000 3 3 0
2014-03-01T21:00:00Z 2014-03-01T23:00:00Z 87.000000 125.000000 86.000000 49.000000 1.900000 4.000000 3 2 0
2014-02-20T05:00:00Z 2014-02-20T07:00:00Z 101.000000 105.000000 72.000000 48.000000 2.000000 2.000000 3 4 1
2014-02-19T23:00:00Z 2014-02-20T01:00:00Z 76.000000 110.000000 79.000000 46.000000 1.700000 5.000000 3 4 1
2014-02-18T22:00:00Z 2014-02-19T00:00:00Z 104.000000 117.000000 58.000000 59.000000 1.400000 23.000000 3 3 1
2014-02-18T21:00:00Z 2014-02-18T23:00:00Z 104.000000 109.000000 61.000000 50.000000 1.500000 21.000000 3 3 1
2014-02-18T16:00:00Z 2014-02-18T18:00:00Z 92.000000 100.000000 57.000000 51.000000 1.300000 39.000000 3 3 1
2014-02-18T15:00:00Z 2014-02-18T17:00:00Z 88.000000 102.000000 65.000000 55.000000 1.400000 29.000000 3 3 1
2014-02-18T14:00:00Z 2014-02-18T16:00:00Z 89.000000 102.000000 69.000000 54.000000 1.500000 24.000000 3 3 1
2014-02-18T13:00:00Z 2014-02-18T15:00:00Z 95.000000 106.000000 71.000000 55.000000 1.700000 18.000000 3 3 1
2014-02-18T12:00:00Z 2014-02-18T14:00:00Z 88.000000 100.000000 67.000000 53.000000 1.700000 20.000000 3 3 1
2014-02-18T11:00:00Z 2014-02-18T13:00:00Z 82.000000 100.000000 63.000000 56.000000 1.600000 22.000000 3 3 1
2014-02-17T22:00:00Z 2014-02-18T00:00:00Z 76.000000 135.000000 55.000000 41.000000 1.200000 35.000000 3 2 1
2014-02-17T21:00:00Z 2014-02-17T23:00:00Z 95.000000 129.000000 76.000000 61.000000 1.700000 21.000000 3 2 1
2014-02-17T20:00:00Z 2014-02-17T22:00:00Z 80.000000 103.000000 76.000000 60.000000 1.500000 27.000000 3 3 1
2014-02-17T19:00:00Z 2014-02-17T21:00:00Z 81.000000 102.000000 82.000000 95.000000 1.700000 29.000000 3 3 1
2014-02-17T17:00:00Z 2014-02-17T19:00:00Z 80.000000 93.000000 68.000000 91.000000 1.800000 51.000000 3 3 1
2014-02-12T07:00:00Z 2014-02-12T09:00:00Z 109.000000 126.000000 76.000000 37.000000 3.700000 6.000000 3 4 1
2014-02-12T06:00:00Z 2014-02-12T08:00:00Z 86.000000 88.000000 69.000000 38.000000 2.700000 7.000000 3 4 1
2014-02-11T19:00:00Z 2014-02-11T21:00:00Z 114.000000 118.000000 84.000000 72.000000 1.700000 27.000000 3 4 1
2014-02-11T17:00:00Z 2014-02-11T19:00:00Z 110.000000 115.000000 96.000000 82.000000 1.700000 21.000000 3 3 1
2014-02-11T16:00:00Z 2014-02-11T18:00:00Z 88.000000 92.000000 77.000000 71.000000 1.400000 34.000000 3 4 1
2014-02-11T11:00:00Z 2014-02-11T13:00:00Z 79.000000 80.000000 63.000000 65.000000 1.700000 24.000000 3 2 1
2014-02-06T21:00:00Z 2014-02-06T23:00:00Z 106.000000 113.000000 61.000000 85.000000 1.700000 28.000000 3 4 1
2014-02-06T20:00:00Z 2014-02-06T22:00:00Z 103.000000 112.000000 64.000000 93.000000 1.600000 27.000000 3 4 1
2014-02-06T19:00:00Z 2014-02-06T21:00:00Z 100.000000 104.000000 61.000000 78.000000 1.400000 32.000000 3 3 1
2014-02-06T18:00:00Z 2014-02-06T20:00:00Z 89.000000 95.000000 55.000000 74.000000 1.200000 39.000000 3 3 1
2014-02-05T21:00:00Z 2014-02-05T23:00:00Z 114.000000 122.000000 52.000000 53.000000 1.600000 25.000000 3 4 0
2014-02-05T18:00:00Z 2014-02-05T20:00:00Z 105.000000 125.000000 40.000000 57.000000 1.100000 45.000000 3 4 0
2014-02-05T17:00:00Z 2014-02-05T19:00:00Z 93.000000 121.000000 38.000000 54.000000 1.100000 49.000000 3 4 0
2014-02-05T16:00:00Z 2014-02-05T18:00:00Z 104.000000 121.000000 52.000000 65.000000 1.400000 37.000000 3 3 0
2014-02-05T15:00:00Z 2014-02-05T17:00:00Z 100.000000 128.000000 53.000000 79.000000 1.600000 40.000000 3 3 0
2014-02-05T14:00:00Z 2014-02-05T16:00:00Z 109.000000 133.000000 40.000000 64.000000 1.700000 53.000000 3 3 0
2014-02-05T13:00:00Z 2014-02-05T15:00:00Z 82.000000 103.000000 34.000000 57.000000 1.600000 47.000000 3 3 0
2014-02-05T10:00:00Z 2014-02-05T12:00:00Z 84.000000 110.000000 54.000000 66.000000 2.100000 12.000000 3 2 0
2014-02-04T21:00:00Z 2014-02-04T23:00:00Z 90.000000 113.000000 33.000000 59.000000 1.000000 44.000000 3 2 0
2014-01-31T18:00:00Z 2014-01-31T20:00:00Z 103.000000 135.000000 44.000000 56.000000 1.400000 35.000000 3 4 1
2014-01-31T17:00:00Z 2014-01-31T19:00:00Z 89.000000 118.000000 36.000000 63.000000 1.100000 46.000000 3 4 1
2014-01-31T16:00:00Z 2014-01-31T18:00:00Z 89.000000 119.000000 37.000000 74.000000 1.000000 44.000000 3 3 1
2014-01-31T15:00:00Z 2014-01-31T17:00:00Z 95.000000 126.000000 33.000000 68.000000 1.100000 47.000000 3 3 1
2014-01-31T14:00:00Z 2014-01-31T16:00:00Z 101.000000 133.000000 34.000000 68.000000 1.100000 44.000000 3 3 1
2014-01-31T08:00:00Z 2014-01-31T10:00:00Z 90.000000 128.000000 39.000000 62.000000 1.100000 22.000000 3 4 1
2014-01-30T19:00:00Z 2014-01-30T21:00:00Z 98.000000 145.000000 45.000000 52.000000 1.100000 59.000000 3 5 1
2014-01-29T17:00:00Z 2014-01-29T19:00:00Z 98.000000 214.000000 63.000000 103.000000 2.100000 30.000000 3 5 1
2014-01-29T12:00:00Z 2014-01-29T14:00:00Z 94.000000 102.000000 56.000000 121.000000 1.700000 18.000000 3 3 1
2014-01-29T10:00:00Z 2014-01-29T12:00:00Z 100.000000 110.000000 53.000000 69.000000 2.200000 13.000000 3 3 1
2014-01-29T09:00:00Z 2014-01-29T11:00:00Z 99.000000 125.000000 61.000000 55.000000 2.700000 9.000000 3 3 1
2014-01-29T08:00:00Z 2014-01-29T10:00:00Z 85.000000 102.000000 55.000000 40.000000 2.300000 6.000000 3 3 1
2014-01-29T07:00:00Z 2014-01-29T09:00:00Z 80.000000 88.000000 50.000000 41.000000 1.900000 8.000000 3 3 1
2014-01-29T06:00:00Z 2014-01-29T08:00:00Z 76.000000 88.000000 56.000000 44.000000 2.100000 6.000000 3 3 1
2014-01-29T05:00:00Z 2014-01-29T07:00:00Z 85.000000 100.000000 66.000000 48.000000 2.600000 5.000000 3 3 1
2014-01-29T04:00:00Z 2014-01-29T06:00:00Z 89.000000 106.000000 67.000000 60.000000 2.600000 6.000000 3 3 1
2014-01-29T03:00:00Z 2014-01-29T05:00:00Z 84.000000 108.000000 65.000000 57.000000 2.600000 7.000000 3 3 1
2014-01-28T22:00:00Z 2014-01-29T00:00:00Z 98.000000 136.000000 62.000000 53.000000 1.500000 24.000000 3 2 1
2014-01-28T20:00:00Z 2014-01-28T22:00:00Z 96.000000 145.000000 57.000000 45.000000 1.400000 38.000000 3 3 1
2014-01-28T18:00:00Z 2014-01-28T20:00:00Z 78.000000 140.000000 46.000000 44.000000 1.000000 54.000000 3 3 1
2014-01-28T17:00:00Z 2014-01-28T19:00:00Z 85.000000 141.000000 48.000000 49.000000 1.000000 56.000000 3 3 1
2014-01-28T15:00:00Z 2014-01-28T17:00:00Z 79.000000 127.000000 30.000000 39.000000 0.800000 66.000000 3 3 1
2014-01-26T23:00:00Z 2014-01-27T01:00:00Z 105.000000 107.000000 61.000000 57.000000 2.000000 15.000000 3 5 1
2014-01-26T22:00:00Z 2014-01-27T00:00:00Z 88.000000 94.000000 55.000000 51.000000 1.500000 19.000000 3 4 1
2014-01-26T21:00:00Z 2014-01-26T23:00:00Z 86.000000 97.000000 65.000000 52.000000 1.500000 14.000000 3 3 1
2014-01-26T20:00:00Z 2014-01-26T22:00:00Z 95.000000 104.000000 76.000000 56.000000 1.600000 6.000000 3 3 1
2014-01-26T19:00:00Z 2014-01-26T21:00:00Z 83.000000 104.000000 68.000000 63.000000 1.300000 14.000000 3 3 1
2014-01-26T18:00:00Z 2014-01-26T20:00:00Z 79.000000 97.000000 52.000000 58.000000 1.000000 31.000000 3 3 1
2014-01-24T19:00:00Z 2014-01-24T21:00:00Z 95.000000 127.000000 84.000000 56.000000 2.100000 6.000000 3 5 1
2014-01-22T17:00:00Z 2014-01-22T19:00:00Z 102.000000 110.000000 76.000000 73.000000 1.300000 22.000000 3 4 1
2014-01-22T16:00:00Z 2014-01-22T18:00:00Z 112.000000 119.000000 68.000000 72.000000 1.300000 34.000000 3 3 1
2014-01-22T14:00:00Z 2014-01-22T16:00:00Z 111.000000 116.000000 77.000000 90.000000 1.800000 24.000000 3 3 1
2014-01-22T13:00:00Z 2014-01-22T15:00:00Z 108.000000 114.000000 77.000000 118.000000 1.900000 19.000000 3 4 1
2014-01-21T20:00:00Z 2014-01-21T22:00:00Z 98.000000 104.000000 79.000000 53.000000 1.900000 12.000000 3 2 1
2014-01-19T07:00:00Z 2014-01-19T09:00:00Z 112.000000 122.000000 81.000000 98.000000 3.100000 7.000000 3 5 1
2014-01-19T06:00:00Z 2014-01-19T08:00:00Z 83.000000 85.000000 71.000000 84.000000 2.300000 3.000000 3 4 1
2014-01-19T05:00:00Z 2014-01-19T07:00:00Z 85.000000 85.000000 71.000000 76.000000 2.200000 4.000000 3 3 1
2014-01-19T03:00:00Z 2014-01-19T05:00:00Z 103.000000 103.000000 80.000000 80.000000 2.300000 6.000000 3 3 1
2014-01-18T19:00:00Z 2014-01-18T21:00:00Z 93.000000 98.000000 69.000000 40.000000 1.300000 18.000000 3 4 1
2014-01-18T15:00:00Z 2014-01-18T17:00:00Z 77.000000 119.000000 71.000000 48.000000 1.400000 38.000000 3 4 1
2014-01-16T16:00:00Z 2014-01-16T18:00:00Z 79.000000 108.000000 49.000000 63.000000 1.000000 42.000000 3 5 1
2014-01-15T17:00:00Z 2014-01-15T19:00:00Z 80.000000 107.000000 77.000000 66.000000 1.200000 13.000000 3 3 1
2014-01-15T03:00:00Z 2014-01-15T05:00:00Z 107.000000 144.000000 76.000000 61.000000 4.800000 9.000000 3 4 1
2014-01-15T00:00:00Z 2014-01-15T02:00:00Z 89.000000 115.000000 78.000000 63.000000 2.000000 7.000000 3 2 1
2014-01-14T23:00:00Z 2014-01-15T01:00:00Z 92.000000 124.000000 83.000000 73.000000 2.200000 6.000000 3 2 1
2014-01-14T22:00:00Z 2014-01-15T00:00:00Z 95.000000 136.000000 85.000000 73.000000 2.300000 6.000000 3 3 1
2014-01-14T21:00:00Z 2014-01-14T23:00:00Z 110.000000 155.000000 89.000000 74.000000 2.500000 6.000000 3 3 1
2014-01-13T22:00:00Z 2014-01-14T00:00:00Z 77.000000 89.000000 80.000000 76.000000 1.900000 5.000000 3 2 1
2014-01-13T21:00:00Z 2014-01-13T23:00:00Z 83.000000 101.000000 82.000000 84.000000 1.900000 6.000000 3 4 1
2014-01-13T20:00:00Z 2014-01-13T22:00:00Z 91.000000 110.000000 84.000000 69.000000 1.900000 7.000000 3 3 1
2014-01-13T19:00:00Z 2014-01-13T21:00:00Z 114.000000 134.000000 89.000000 80.000000 2.400000 9.000000 3 3 1
2014-01-13T10:00:00Z 2014-01-13T12:00:00Z 92.000000 110.000000 72.000000 90.000000 3.100000 7.000000 3 2 1
2014-01-13T09:00:00Z 2014-01-13T11:00:00Z 86.000000 115.000000 74.000000 83.000000 3.900000 7.000000 3 3 1
2014-01-11T20:00:00Z 2014-01-11T22:00:00Z 96.000000 124.000000 84.000000 90.000000 2.400000 5.000000 3 1 1
2014-01-11T19:00:00Z 2014-01-11T21:00:00Z 94.000000 134.000000 91.000000 85.000000 2.300000 6.000000 3 2 1
2014-01-11T18:00:00Z 2014-01-11T20:00:00Z 83.000000 121.000000 83.000000 76.000000 1.700000 7.000000 3 3 1
2014-01-11T15:00:00Z 2014-01-11T17:00:00Z 76.000000 94.000000 68.000000 76.000000 1.200000 18.000000 3 2 1
2014-01-11T14:00:00Z 2014-01-11T16:00:00Z 105.000000 110.000000 80.000000 94.000000 1.800000 16.000000 3 2 1
2014-01-11T06:00:00Z 2014-01-11T08:00:00Z 94.000000 122.000000 69.000000 62.000000 4.000000 5.000000 3 3 1
2014-01-11T05:00:00Z 2014-01-11T07:00:00Z 96.000000 125.000000 77.000000 73.000000 4.500000 7.000000 3 2 1
2014-01-11T04:00:00Z 2014-01-11T06:00:00Z 96.000000 118.000000 77.000000 71.000000 3.700000 6.000000 3 3 1
2014-01-11T03:00:00Z 2014-01-11T05:00:00Z 113.000000 127.000000 69.000000 79.000000 3.800000 8.000000 3 3 1
2014-01-11T02:00:00Z 2014-01-11T04:00:00Z 107.000000 132.000000 69.000000 65.000000 3.100000 7.000000 3 3 1
2014-01-11T01:00:00Z 2014-01-11T03:00:00Z 98.000000 116.000000 67.000000 69.000000 3.100000 10.000000 3 3 1
2014-01-10T22:00:00Z 2014-01-11T00:00:00Z 84.000000 94.000000 73.000000 60.000000 1.900000 5.000000 3 2 1
2014-01-09T22:00:00Z 2014-01-10T00:00:00Z 79.000000 93.000000 68.000000 56.000000 1.900000 6.000000 3 2 1
2014-01-09T21:00:00Z 2014-01-09T23:00:00Z 86.000000 122.000000 78.000000 66.000000 1.900000 7.000000 3 2 1
2014-01-04T12:00:00Z 2014-01-04T14:00:00Z 92.000000 102.000000 58.000000 60.000000 10.000000 17.000000 3 4 0
2014-01-04T11:00:00Z 2014-01-04T13:00:00Z 99.000000 111.000000 68.000000 65.000000 7.500000 12.000000 3 3 0
2014-01-04T10:00:00Z 2014-01-04T12:00:00Z 85.000000 110.000000 66.000000 56.000000 7.100000 12.000000 3 3 0
2014-01-04T09:00:00Z 2014-01-04T11:00:00Z 95.000000 118.000000 66.000000 59.000000 6.900000 12.000000 3 3 0
2014-01-04T04:00:00Z 2014-01-04T06:00:00Z 92.000000 134.000000 74.000000 63.000000 8.100000 13.000000 3 2 0
2014-01-04T00:00:00Z 2014-01-04T02:00:00Z 83.000000 165.000000 66.000000 44.000000 7.000000 12.000000 3 2 0
2014-01-03T00:00:00Z 2014-01-03T02:00:00Z 92.000000 98.000000 65.000000 76.000000 1.700000 20.000000 3 1 0
2014-01-02T15:00:00Z 2014-01-02T17:00:00Z 104.000000 145.000000 80.000000 90.000000 2.200000 24.000000 3 4 0
2014-01-02T14:00:00Z 2014-01-02T16:00:00Z 113.000000 134.000000 69.000000 98.000000 2.200000 29.000000 3 4 0
2014-01-02T13:00:00Z 2014-01-02T15:00:00Z 91.000000 139.000000 62.000000 95.000000 2.200000 28.000000 3 3 0
2014-01-02T12:00:00Z 2014-01-02T14:00:00Z 85.000000 107.000000 58.000000 99.000000 2.300000 22.000000 3 3 0
2013-12-29T22:00:00Z 2013-12-30T00:00:00Z 95.000000 127.000000 81.000000 87.000000 2.100000 7.000000 3 2 1
2013-12-29T21:00:00Z 2013-12-29T23:00:00Z 115.000000 160.000000 84.000000 104.000000 2.700000 10.000000 3 2 1
