2014-10-03T13:00:00Z 2014-10-03T15:00:00Z 75.000000 113.000000 46.000000 4.000000 1.300000 4.000000 2 3 0
2014-10-03T11:00:00Z 2014-10-03T13:00:00Z 75.000000 113.000000 46.000000 4.000000 1.300000 4.000000 2 2 0
2014-10-03T09:00:00Z 2014-10-03T11:00:00Z 55.000000 78.000000 34.000000 2.000000 1.000000 9.000000 2 2 0
2014-10-03T08:00:00Z 2014-10-03T10:00:00Z 36.000000 63.000000 32.000000 2.000000 0.800000 3.000000 2 2 0
2014-10-03T07:00:00Z 2014-10-03T09:00:00Z 36.000000 54.000000 22.000000 2.000000 0.600000 15.000000 2 2 0
2014-10-01T08:00:00Z 2014-10-01T10:00:00Z 41.000000 55.000000 36.000000 4.000000 0.600000 20.000000 2 2 0
2014-10-01T07:00:00Z 2014-10-01T09:00:00Z 38.000000 58.000000 53.000000 2.000000 0.600000 3.000000 2 2 0
2014-10-01T06:00:00Z 2014-10-01T08:00:00Z 38.000000 73.000000 57.000000 4.000000 0.600000 2.000000 2 2 0
2014-10-01T04:00:00Z 2014-10-01T06:00:00Z 38.000000 51.000000 55.000000 2.000000 0.600000 2.000000 2 2 0
2014-10-01T02:00:00Z 2014-10-01T04:00:00Z 36.000000 64.000000 50.000000 3.000000 0.700000 2.000000 2 2 0
2014-09-30T22:00:00Z 2014-10-01T00:00:00Z 36.000000 66.000000 47.000000 2.000000 0.600000 18.000000 2 1 1
2014-09-30T21:00:00Z 2014-09-30T23:00:00Z 43.000000 68.000000 56.000000 3.000000 0.600000 18.000000 2 1 1
2014-09-28T11:00:00Z 2014-09-28T13:00:00Z 64.000000 112.000000 53.000000 22.000000 2.000000 28.000000 2 3 1
2014-09-28T10:00:00Z 2014-09-28T12:00:00Z 46.000000 90.000000 58.000000 7.000000 1.100000 9.000000 2 3 1
2014-09-28T09:00:00Z 2014-09-28T11:00:00Z 39.000000 78.000000 58.000000 5.000000 1.000000 4.000000 2 2 1
2014-09-27T19:00:00Z 2014-09-27T21:00:00Z 36.000000 78.000000 52.000000 2.000000 0.600000 63.000000 2 1 1
2014-09-25T10:00:00Z 2014-09-25T12:00:00Z 55.000000 74.000000 38.000000 4.000000 0.800000 19.000000 2 3 1
2014-09-25T08:00:00Z 2014-09-25T10:00:00Z 52.000000 56.000000 35.000000 2.000000 0.700000 6.000000 2 2 1
2014-09-24T22:00:00Z 2014-09-25T00:00:00Z 48.000000 66.000000 42.000000 2.000000 0.800000 42.000000 2 1 1
2014-09-24T20:00:00Z 2014-09-24T22:00:00Z 37.000000 76.000000 54.000000 2.000000 0.800000 47.000000 2 2 1
2014-09-22T12:00:00Z 2014-09-22T14:00:00Z 69.000000 83.000000 22.000000 18.000000 1.700000 58.000000 2 3 1
2014-09-21T13:00:00Z 2014-09-21T15:00:00Z 54.000000 94.000000 32.000000 17.000000 1.100000 86.000000 2 3 1
2014-09-21T11:00:00Z 2014-09-21T13:00:00Z 52.000000 62.000000 31.000000 17.000000 1.200000 78.000000 2 2 1
2014-09-21T09:00:00Z 2014-09-21T11:00:00Z 74.000000 86.000000 37.000000 19.000000 1.800000 50.000000 2 2 1
2014-09-19T17:00:00Z 2014-09-19T19:00:00Z 73.000000 91.000000 22.000000 7.000000 0.800000 158.000000 2 3 1
2014-09-19T11:00:00Z 2014-09-19T13:00:00Z 75.000000 134.000000 59.000000 6.000000 0.800000 66.000000 2 4 1
2014-09-19T08:00:00Z 2014-09-19T10:00:00Z 60.000000 108.000000 84.000000 5.000000 0.800000 7.000000 2 3 1
2014-09-19T04:00:00Z 2014-09-19T06:00:00Z 38.000000 52.000000 43.000000 2.000000 0.600000 44.000000 2 1 1
2014-09-18T22:00:00Z 2014-09-19T00:00:00Z 44.000000 75.000000 47.000000 2.000000 0.700000 76.000000 2 1 1
2014-09-18T20:00:00Z 2014-09-18T22:00:00Z 49.000000 128.000000 107.000000 3.000000 0.900000 42.000000 2 2 1
2014-09-18T19:00:00Z 2014-09-18T21:00:00Z 46.000000 120.000000 82.000000 4.000000 0.800000 99.000000 2 2 1
2014-09-18T18:00:00Z 2014-09-18T20:00:00Z 43.000000 93.000000 53.000000 3.000000 0.700000 138.000000 2 2 1
2014-09-18T17:00:00Z 2014-09-18T19:00:00Z 39.000000 63.000000 37.000000 3.000000 0.600000 141.000000 2 2 1
2014-09-18T16:00:00Z 2014-09-18T18:00:00Z 36.000000 41.000000 19.000000 2.000000 0.500000 141.000000 2 2 1
2014-09-18T15:00:00Z 2014-09-18T17:00:00Z 36.000000 50.000000 19.000000 2.000000 0.500000 156.000000 2 2 1
2014-09-18T13:00:00Z 2014-09-18T15:00:00Z 40.000000 49.000000 26.000000 3.000000 0.600000 129.000000 2 2 1
2014-09-18T10:00:00Z 2014-09-18T12:00:00Z 74.000000 99.000000 64.000000 5.000000 0.800000 34.000000 2 2 1
2014-09-18T08:00:00Z 2014-09-18T10:00:00Z 64.000000 75.000000 54.000000 2.000000 0.900000 14.000000 2 2 1
2014-09-18T07:00:00Z 2014-09-18T09:00:00Z 71.000000 81.000000 51.000000 2.000000 0.900000 10.000000 2 3 1
2014-09-17T07:00:00Z 2014-09-17T09:00:00Z 70.000000 102.000000 53.000000 2.000000 0.800000 2.000000 2 3 1
2014-09-17T05:00:00Z 2014-09-17T07:00:00Z 63.000000 86.000000 49.000000 2.000000 0.700000 6.000000 2 2 1
2014-09-17T04:00:00Z 2014-09-17T06:00:00Z 61.000000 77.000000 40.000000 2.000000 0.600000 12.000000 2 2 1
2014-09-17T03:00:00Z 2014-09-17T05:00:00Z 47.000000 78.000000 42.000000 2.000000 0.600000 18.000000 2 2 1
2014-09-17T02:00:00Z 2014-09-17T04:00:00Z 46.000000 97.000000 66.000000 2.000000 0.700000 7.000000 2 2 1
2014-09-17T01:00:00Z 2014-09-17T03:00:00Z 40.000000 70.000000 35.000000 2.000000 0.700000 30.000000 2 2 1
2014-09-16T19:00:00Z 2014-09-16T21:00:00Z 43.000000 92.000000 57.000000 6.000000 0.600000 43.000000 2 2 1
2014-09-16T17:00:00Z 2014-09-16T19:00:00Z 36.000000 77.000000 46.000000 6.000000 0.600000 58.000000 2 2 1
2014-09-12T20:00:00Z 2014-09-12T22:00:00Z 66.000000 112.000000 60.000000 5.000000 0.900000 56.000000 2 3 1
2014-09-11T18:00:00Z 2014-09-11T20:00:00Z 68.000000 117.000000 30.000000 28.000000 1.600000 136.000000 2 3 1
2014-09-11T17:00:00Z 2014-09-11T19:00:00Z 70.000000 121.000000 26.000000 36.000000 1.400000 148.000000 2 3 1
2014-09-11T15:00:00Z 2014-09-11T17:00:00Z 64.000000 72.000000 25.000000 50.000000 1.300000 146.000000 2 2 1
2014-09-11T09:00:00Z 2014-09-11T11:00:00Z 72.000000 111.000000 47.000000 11.000000 1.100000 49.000000 2 2 1
2014-09-11T07:00:00Z 2014-09-11T09:00:00Z 64.000000 102.000000 59.000000 5.000000 1.000000 30.000000 2 2 1
2014-09-11T04:00:00Z 2014-09-11T06:00:00Z 51.000000 81.000000 28.000000 5.000000 0.900000 74.000000 2 2 1
2014-09-11T02:00:00Z 2014-09-11T04:00:00Z 52.000000 94.000000 48.000000 5.000000 0.800000 71.000000 2 2 1
2014-09-11T01:00:00Z 2014-09-11T03:00:00Z 52.000000 86.000000 36.000000 5.000000 0.800000 91.000000 2 2 1
2014-09-11T00:00:00Z 2014-09-11T02:00:00Z 43.000000 72.000000 23.000000 6.000000 0.700000 109.000000 2 2 1
2014-09-10T22:00:00Z 2014-09-11T00:00:00Z 55.000000 101.000000 47.000000 9.000000 0.900000 99.000000 2 2 1
2014-09-10T20:00:00Z 2014-09-10T22:00:00Z 40.000000 109.000000 51.000000 10.000000 0.800000 120.000000 2 2 1
2014-09-10T19:00:00Z 2014-09-10T21:00:00Z 36.000000 80.000000 28.000000 9.000000 0.700000 152.000000 2 2 1
2014-09-10T05:00:00Z 2014-09-10T07:00:00Z 63.000000 96.000000 29.000000 2.000000 1.000000 75.000000 2 3 1
2014-09-10T04:00:00Z 2014-09-10T06:00:00Z 69.000000 109.000000 72.000000 2.000000 0.900000 47.000000 2 2 1
2014-09-10T03:00:00Z 2014-09-10T05:00:00Z 59.000000 95.000000 25.000000 2.000000 0.800000 105.000000 2 2 1
2014-09-10T02:00:00Z 2014-09-10T04:00:00Z 55.000000 80.000000 19.000000 2.000000 0.800000 114.000000 2 2 1
2014-09-10T01:00:00Z 2014-09-10T03:00:00Z 44.000000 80.000000 24.000000 2.000000 0.800000 106.000000 2 2 1
2014-09-10T00:00:00Z 2014-09-10T02:00:00Z 53.000000 85.000000 23.000000 2.000000 0.700000 112.000000 2 2 1
2014-09-09T23:00:00Z 2014-09-10T01:00:00Z 52.000000 93.000000 34.000000 3.000000 0.800000 114.000000 2 2 1
2014-09-09T22:00:00Z 2014-09-10T00:00:00Z 50.000000 98.000000 33.000000 3.000000 0.800000 124.000000 2 2 1
2014-09-09T21:00:00Z 2014-09-09T23:00:00Z 53.000000 121.000000 46.000000 4.000000 0.800000 115.000000 2 2 1
2014-09-09T20:00:00Z 2014-09-09T22:00:00Z 49.000000 108.000000 43.000000 5.000000 0.800000 141.000000 2 2 1
2014-09-09T18:00:00Z 2014-09-09T20:00:00Z 62.000000 134.000000 37.000000 7.000000 0.800000 226.000000 2 2 1
2014-09-09T16:00:00Z 2014-09-09T18:00:00Z 42.000000 95.000000 23.000000 4.000000 0.700000 210.000000 2 2 1
2014-09-05T08:00:00Z 2014-09-05T10:00:00Z 52.000000 112.000000 48.000000 7.000000 1.000000 38.000000 2 2 0
2014-09-05T07:00:00Z 2014-09-05T09:00:00Z 38.000000 97.000000 47.000000 3.000000 0.700000 30.000000 2 2 0
2014-09-05T06:00:00Z 2014-09-05T08:00:00Z 41.000000 80.000000 28.000000 2.000000 0.700000 54.000000 2 2 0
2014-09-05T05:00:00Z 2014-09-05T07:00:00Z 37.000000 81.000000 54.000000 2.000000 0.700000 33.000000 2 2 0
2014-09-04T21:00:00Z 2014-09-04T23:00:00Z 44.000000 102.000000 49.000000 3.000000 0.800000 109.000000 2 1 0
2014-09-04T19:00:00Z 2014-09-04T21:00:00Z 50.000000 133.000000 44.000000 2.000000 0.600000 148.000000 2 2 0
2014-09-04T08:00:00Z 2014-09-04T10:00:00Z 58.000000 112.000000 80.000000 6.000000 1.300000 8.000000 2 2 0
2014-09-04T07:00:00Z 2014-09-04T09:00:00Z 44.000000 115.000000 75.000000 2.000000 1.000000 3.000000 2 2 0
2014-09-04T00:00:00Z 2014-09-04T02:00:00Z 37.000000 82.000000 83.000000 2.000000 0.900000 7.000000 2 2 0
2014-08-31T17:00:00Z 2014-08-31T19:00:00Z 54.000000 88.000000 25.000000 4.000000 1.000000 160.000000 2 2 1
2014-08-31T16:00:00Z 2014-08-31T18:00:00Z 52.000000 54.000000 20.000000 4.000000 0.900000 180.000000 2 2 1
2014-08-29T22:00:00Z 2014-08-30T00:00:00Z 67.000000 72.000000 36.000000 2.000000 0.900000 113.000000 2 2 1
2014-08-29T19:00:00Z 2014-08-29T21:00:00Z 71.000000 87.000000 42.000000 3.000000 0.900000 172.000000 2 3 1
2014-08-29T18:00:00Z 2014-08-29T20:00:00Z 63.000000 84.000000 34.000000 3.000000 0.900000 186.000000 2 3 1
2014-08-29T16:00:00Z 2014-08-29T18:00:00Z 54.000000 69.000000 24.000000 4.000000 0.800000 186.000000 2 2 1
2014-08-28T15:00:00Z 2014-08-28T17:00:00Z 72.000000 82.000000 32.000000 10.000000 0.700000 157.000000 2 3 1
2014-08-28T09:00:00Z 2014-08-28T11:00:00Z 58.000000 70.000000 55.000000 2.000000 0.700000 81.000000 2 2 1
2014-08-28T06:00:00Z 2014-08-28T08:00:00Z 55.000000 61.000000 41.000000 2.000000 0.600000 105.000000 2 2 1
2014-08-28T04:00:00Z 2014-08-28T06:00:00Z 52.000000 52.000000 31.000000 2.000000 0.600000 123.000000 2 2 1
2014-08-28T03:00:00Z 2014-08-28T05:00:00Z 52.000000 69.000000 24.000000 3.000000 0.600000 152.000000 2 2 1
2014-08-27T19:00:00Z 2014-08-27T21:00:00Z 61.000000 136.000000 41.000000 14.000000 0.600000 216.000000 2 3 1
2014-08-27T18:00:00Z 2014-08-27T20:00:00Z 62.000000 92.000000 36.000000 14.000000 0.600000 203.000000 2 3 1
2014-08-27T17:00:00Z 2014-08-27T19:00:00Z 69.000000 105.000000 24.000000 14.000000 0.600000 223.000000 2 2 1
2014-08-23T12:00:00Z 2014-08-23T14:00:00Z 60.000000 76.000000 32.000000 20.000000 0.800000 119.000000 2 2 1
2014-08-23T11:00:00Z 2014-08-23T13:00:00Z 63.000000 82.000000 41.000000 18.000000 0.800000 85.000000 2 2 1
2014-08-23T10:00:00Z 2014-08-23T12:00:00Z 69.000000 79.000000 47.000000 17.000000 0.800000 58.000000 2 2 1
2014-08-23T09:00:00Z 2014-08-23T11:00:00Z 72.000000 84.000000 42.000000 13.000000 0.800000 43.000000 2 2 1
2014-08-23T08:00:00Z 2014-08-23T10:00:00Z 70.000000 77.000000 40.000000 6.000000 0.800000 30.000000 2 2 1
2014-08-23T07:00:00Z 2014-08-23T09:00:00Z 60.000000 72.000000 37.000000 3.000000 0.800000 36.000000 2 2 1
2014-08-23T01:00:00Z 2014-08-23T03:00:00Z 66.000000 70.000000 91.000000 2.000000 0.800000 2.000000 2 2 1
2014-08-23T00:00:00Z 2014-08-23T02:00:00Z 68.000000 86.000000 96.000000 2.000000 0.900000 9.000000 2 2 1
2014-08-22T22:00:00Z 2014-08-23T00:00:00Z 59.000000 92.000000 55.000000 2.000000 0.900000 64.000000 2 2 1
2014-08-22T20:00:00Z 2014-08-22T22:00:00Z 56.000000 115.000000 76.000000 2.000000 0.900000 56.000000 2 2 1
2014-08-22T19:00:00Z 2014-08-22T21:00:00Z 50.000000 100.000000 70.000000 3.000000 0.800000 78.000000 2 2 1
2014-08-22T10:00:00Z 2014-08-22T12:00:00Z 36.000000 68.000000 75.000000 4.000000 0.600000 34.000000 2 1 1
2014-08-19T21:00:00Z 2014-08-19T23:00:00Z 75.000000 132.000000 38.000000 4.000000 0.800000 174.000000 2 3 1
2014-08-19T20:00:00Z 2014-08-19T22:00:00Z 69.000000 123.000000 36.000000 3.000000 0.800000 183.000000 2 3 1
2014-08-19T19:00:00Z 2014-08-19T21:00:00Z 52.000000 118.000000 31.000000 2.000000 0.700000 191.000000 2 2 1
2014-08-19T18:00:00Z 2014-08-19T20:00:00Z 46.000000 59.000000 23.000000 2.000000 0.600000 194.000000 2 2 1
2014-08-19T17:00:00Z 2014-08-19T19:00:00Z 54.000000 80.000000 24.000000 2.000000 0.700000 224.000000 2 2 1
2014-08-19T16:00:00Z 2014-08-19T18:00:00Z 59.000000 81.000000 23.000000 2.000000 0.700000 241.000000 2 2 1
2014-08-19T15:00:00Z 2014-08-19T17:00:00Z 71.000000 91.000000 25.000000 3.000000 0.800000 284.000000 2 2 1
2014-08-18T20:00:00Z 2014-08-18T22:00:00Z 73.000000 113.000000 35.000000 2.000000 0.800000 178.000000 2 3 1
2014-08-18T17:00:00Z 2014-08-18T19:00:00Z 72.000000 108.000000 31.000000 4.000000 0.900000 289.000000 2 3 1
2014-08-18T16:00:00Z 2014-08-18T18:00:00Z 57.000000 82.000000 27.000000 5.000000 0.800000 281.000000 2 3 1
2014-08-18T14:00:00Z 2014-08-18T16:00:00Z 58.000000 90.000000 24.000000 6.000000 0.800000 250.000000 2 2 1
2014-08-18T09:00:00Z 2014-08-18T11:00:00Z 46.000000 74.000000 66.000000 16.000000 0.900000 53.000000 2 2 1
2014-08-18T08:00:00Z 2014-08-18T10:00:00Z 37.000000 52.000000 38.000000 11.000000 0.800000 71.000000 2 2 1
2014-08-18T07:00:00Z 2014-08-18T09:00:00Z 49.000000 66.000000 65.000000 2.000000 0.700000 40.000000 2 2 1
2014-08-18T06:00:00Z 2014-08-18T08:00:00Z 46.000000 54.000000 51.000000 2.000000 0.600000 59.000000 2 2 1
2014-08-18T05:00:00Z 2014-08-18T07:00:00Z 52.000000 62.000000 68.000000 2.000000 0.700000 45.000000 2 2 1
2014-08-18T03:00:00Z 2014-08-18T05:00:00Z 44.000000 54.000000 22.000000 2.000000 0.600000 112.000000 2 2 1
2014-08-18T01:00:00Z 2014-08-18T03:00:00Z 42.000000 60.000000 29.000000 2.000000 0.600000 117.000000 2 2 1
2014-08-18T00:00:00Z 2014-08-18T02:00:00Z 44.000000 58.000000 22.000000 4.000000 0.700000 150.000000 2 2 1
2014-08-17T23:00:00Z 2014-08-18T01:00:00Z 47.000000 66.000000 24.000000 6.000000 0.700000 156.000000 2 2 1
2014-08-17T22:00:00Z 2014-08-18T00:00:00Z 48.000000 75.000000 28.000000 6.000000 0.700000 163.000000 2 2 1
2014-08-17T21:00:00Z 2014-08-17T23:00:00Z 45.000000 96.000000 34.000000 5.000000 0.600000 158.000000 2 2 1
2014-08-17T19:00:00Z 2014-08-17T21:00:00Z 36.000000 65.000000 32.000000 2.000000 0.600000 203.000000 2 2 1
2014-08-17T18:00:00Z 2014-08-17T20:00:00Z 37.000000 67.000000 26.000000 2.000000 0.600000 231.000000 2 1 1
2014-08-17T16:00:00Z 2014-08-17T18:00:00Z 51.000000 94.000000 31.000000 3.000000 0.600000 256.000000 2 2 1
2014-08-17T10:00:00Z 2014-08-17T12:00:00Z 38.000000 47.000000 19.000000 4.000000 0.600000 124.000000 2 2 1
2014-08-17T08:00:00Z 2014-08-17T10:00:00Z 40.000000 51.000000 24.000000 4.000000 0.600000 106.000000 2 2 1
2014-08-15T22:00:00Z 2014-08-16T00:00:00Z 37.000000 62.000000 38.000000 4.000000 0.600000 123.000000 2 1 1
2014-08-15T21:00:00Z 2014-08-15T23:00:00Z 40.000000 81.000000 50.000000 4.000000 0.700000 132.000000 2 1 1
2014-08-15T20:00:00Z 2014-08-15T22:00:00Z 39.000000 76.000000 44.000000 5.000000 0.600000 170.000000 2 2 1
2014-08-15T09:00:00Z 2014-08-15T11:00:00Z 40.000000 98.000000 66.000000 9.000000 0.700000 29.000000 2 2 1
2014-08-14T16:00:00Z 2014-08-14T18:00:00Z 43.000000 74.000000 33.000000 5.000000 0.600000 249.000000 2 1 1
2014-08-14T12:00:00Z 2014-08-14T14:00:00Z 38.000000 48.000000 39.000000 15.000000 0.800000 76.000000 2 1 1
2014-08-14T10:00:00Z 2014-08-14T12:00:00Z 44.000000 57.000000 50.000000 5.000000 0.700000 28.000000 2 2 1
2014-08-10T21:00:00Z 2014-08-10T23:00:00Z 41.000000 84.000000 42.000000 4.000000 0.700000 161.000000 2 1 1
2014-08-10T20:00:00Z 2014-08-10T22:00:00Z 38.000000 112.000000 41.000000 3.000000 0.600000 165.000000 2 1 1
2014-08-09T20:00:00Z 2014-08-09T22:00:00Z 62.000000 89.000000 30.000000 6.000000 0.800000 182.000000 2 1 1
2014-08-09T19:00:00Z 2014-08-09T21:00:00Z 55.000000 99.000000 28.000000 5.000000 0.800000 192.000000 2 1 1
2014-08-09T18:00:00Z 2014-08-09T20:00:00Z 56.000000 117.000000 22.000000 5.000000 0.800000 202.000000 2 2 1
2014-08-09T17:00:00Z 2014-08-09T19:00:00Z 56.000000 60.000000 18.000000 4.000000 0.700000 200.000000 2 2 1
2014-08-09T16:00:00Z 2014-08-09T18:00:00Z 52.000000 70.000000 17.000000 6.000000 0.700000 218.000000 2 2 1
2014-08-08T06:00:00Z 2014-08-08T08:00:00Z 68.000000 91.000000 32.000000 2.000000 1.100000 80.000000 2 3 1
2014-08-08T05:00:00Z 2014-08-08T07:00:00Z 68.000000 92.000000 31.000000 3.000000 1.100000 87.000000 2 2 1
2014-08-08T04:00:00Z 2014-08-08T06:00:00Z 65.000000 86.000000 31.000000 4.000000 1.100000 91.000000 2 2 1
2014-08-08T03:00:00Z 2014-08-08T05:00:00Z 58.000000 87.000000 44.000000 5.000000 0.900000 70.000000 2 2 1
2014-08-08T02:00:00Z 2014-08-08T04:00:00Z 60.000000 98.000000 48.000000 6.000000 0.900000 75.000000 2 2 1
2014-08-08T01:00:00Z 2014-08-08T03:00:00Z 62.000000 114.000000 46.000000 6.000000 1.000000 96.000000 2 2 1
2014-08-08T00:00:00Z 2014-08-08T02:00:00Z 69.000000 111.000000 41.000000 6.000000 1.100000 120.000000 2 2 1
2014-08-07T23:00:00Z 2014-08-08T01:00:00Z 67.000000 130.000000 44.000000 6.000000 1.200000 134.000000 2 2 1
2014-08-07T22:00:00Z 2014-08-08T00:00:00Z 57.000000 137.000000 48.000000 8.000000 1.200000 151.000000 2 2 1
2014-08-07T21:00:00Z 2014-08-07T23:00:00Z 42.000000 82.000000 34.000000 9.000000 1.000000 187.000000 2 2 1
2014-08-07T20:00:00Z 2014-08-07T22:00:00Z 39.000000 84.000000 36.000000 8.000000 0.900000 191.000000 2 2 1
2014-08-07T19:00:00Z 2014-08-07T21:00:00Z 43.000000 80.000000 32.000000 10.000000 1.000000 213.000000 2 2 1
2014-08-07T18:00:00Z 2014-08-07T20:00:00Z 40.000000 78.000000 29.000000 10.000000 0.900000 232.000000 2 2 1
2014-08-07T17:00:00Z 2014-08-07T19:00:00Z 54.000000 80.000000 28.000000 11.000000 1.000000 270.000000 2 2 1
2014-08-07T16:00:00Z 2014-08-07T18:00:00Z 55.000000 85.000000 32.000000 13.000000 1.000000 285.000000 2 2 1
2014-08-07T15:00:00Z 2014-08-07T17:00:00Z 45.000000 80.000000 25.000000 13.000000 1.000000 262.000000 2 2 1
2014-08-07T14:00:00Z 2014-08-07T16:00:00Z 37.000000 52.000000 17.000000 13.000000 0.900000 208.000000 2 2 1
2014-08-07T09:00:00Z 2014-08-07T11:00:00Z 56.000000 113.000000 30.000000 15.000000 1.100000 98.000000 2 3 1
2014-08-06T06:00:00Z 2014-08-06T08:00:00Z 42.000000 105.000000 95.000000 2.000000 0.800000 2.000000 2 1 1
2014-08-06T03:00:00Z 2014-08-06T05:00:00Z 38.000000 49.000000 28.000000 2.000000 0.600000 88.000000 2 1 1
2014-08-06T01:00:00Z 2014-08-06T03:00:00Z 40.000000 63.000000 42.000000 2.000000 0.700000 74.000000 2 2 1
2014-08-05T22:00:00Z 2014-08-06T00:00:00Z 37.000000 66.000000 42.000000 2.000000 0.600000 83.000000 2 1 0
2014-08-05T19:00:00Z 2014-08-05T21:00:00Z 37.000000 67.000000 34.000000 3.000000 0.600000 163.000000 2 1 0
2014-08-05T13:00:00Z 2014-08-05T15:00:00Z 40.000000 48.000000 34.000000 23.000000 0.800000 100.000000 2 1 0
2014-08-04T03:00:00Z 2014-08-04T05:00:00Z 65.000000 96.000000 63.000000 2.000000 0.900000 10.000000 2 1 0
2014-08-04T01:00:00Z 2014-08-04T03:00:00Z 71.000000 95.000000 30.000000 2.000000 0.900000 61.000000 2 2 0
2014-08-04T00:00:00Z 2014-08-04T02:00:00Z 67.000000 115.000000 36.000000 2.000000 0.800000 57.000000 2 3 0
2014-08-03T23:00:00Z 2014-08-04T01:00:00Z 41.000000 62.000000 42.000000 2.000000 0.700000 43.000000 2 2 0
2014-08-03T22:00:00Z 2014-08-04T00:00:00Z 45.000000 57.000000 45.000000 2.000000 0.700000 47.000000 2 2 0
2014-08-03T21:00:00Z 2014-08-03T23:00:00Z 44.000000 58.000000 35.000000 2.000000 0.700000 70.000000 2 2 0
2014-08-03T20:00:00Z 2014-08-03T22:00:00Z 43.000000 64.000000 35.000000 2.000000 0.700000 74.000000 2 2 0
2014-07-30T00:00:00Z 2014-07-30T02:00:00Z 56.000000 61.000000 14.000000 2.000000 0.700000 161.000000 2 3 1
2014-07-25T12:00:00Z 2014-07-25T14:00:00Z 55.000000 69.000000 29.000000 6.000000 0.900000 207.000000 2 1 1
2014-07-25T11:00:00Z 2014-07-25T13:00:00Z 41.000000 47.000000 28.000000 6.000000 0.800000 166.000000 2 2 1
2014-07-25T10:00:00Z 2014-07-25T12:00:00Z 59.000000 60.000000 42.000000 6.000000 0.800000 122.000000 2 2 1
2014-07-25T09:00:00Z 2014-07-25T11:00:00Z 74.000000 76.000000 37.000000 6.000000 0.900000 107.000000 2 2 1
2014-07-25T08:00:00Z 2014-07-25T10:00:00Z 61.000000 80.000000 39.000000 5.000000 1.100000 68.000000 2 2 1
2014-07-25T01:00:00Z 2014-07-25T03:00:00Z 44.000000 48.000000 30.000000 2.000000 0.700000 66.000000 2 2 1
2014-07-24T23:00:00Z 2014-07-25T01:00:00Z 54.000000 83.000000 55.000000 4.000000 0.800000 63.000000 2 2 1
2014-07-24T22:00:00Z 2014-07-25T00:00:00Z 48.000000 90.000000 60.000000 3.000000 0.700000 68.000000 2 2 1
2014-07-24T21:00:00Z 2014-07-24T23:00:00Z 46.000000 48.000000 51.000000 5.000000 0.700000 99.000000 2 2 1
2014-07-24T19:00:00Z 2014-07-24T21:00:00Z 43.000000 87.000000 45.000000 8.000000 0.700000 147.000000 2 2 1
2014-07-21T04:00:00Z 2014-07-21T06:00:00Z 67.000000 79.000000 28.000000 4.000000 0.700000 54.000000 2 1 1
2014-07-21T03:00:00Z 2014-07-21T05:00:00Z 64.000000 101.000000 41.000000 3.000000 0.800000 43.000000 2 3 1
2014-07-21T02:00:00Z 2014-07-21T04:00:00Z 59.000000 91.000000 42.000000 5.000000 0.700000 49.000000 2 2 1
2014-07-21T01:00:00Z 2014-07-21T03:00:00Z 59.000000 83.000000 40.000000 4.000000 0.700000 74.000000 2 2 1
2014-07-21T00:00:00Z 2014-07-21T02:00:00Z 68.000000 84.000000 39.000000 5.000000 0.700000 94.000000 2 2 1
2014-07-20T08:00:00Z 2014-07-20T10:00:00Z 67.000000 80.000000 37.000000 2.000000 0.700000 45.000000 2 3 1
2014-07-20T07:00:00Z 2014-07-20T09:00:00Z 57.000000 72.000000 31.000000 2.000000 0.700000 47.000000 2 3 1
2014-07-20T06:00:00Z 2014-07-20T08:00:00Z 56.000000 64.000000 29.000000 2.000000 0.600000 54.000000 2 2 1
2014-07-19T23:00:00Z 2014-07-20T01:00:00Z 60.000000 136.000000 30.000000 2.000000 0.600000 116.000000 2 1 1
2014-07-19T22:00:00Z 2014-07-20T00:00:00Z 60.000000 78.000000 29.000000 2.000000 0.600000 126.000000 2 2 1
2014-07-19T21:00:00Z 2014-07-19T23:00:00Z 59.000000 85.000000 23.000000 2.000000 0.600000 144.000000 2 2 1
2014-07-19T20:00:00Z 2014-07-19T22:00:00Z 60.000000 102.000000 20.000000 2.000000 0.600000 152.000000 2 2 1
2014-07-19T18:00:00Z 2014-07-19T20:00:00Z 40.000000 49.000000 17.000000 2.000000 0.500000 166.000000 2 2 1
2014-07-15T14:00:00Z 2014-07-15T16:00:00Z 64.000000 138.000000 42.000000 6.000000 0.700000 223.000000 2 2 1
2014-07-15T12:00:00Z 2014-07-15T14:00:00Z 48.000000 127.000000 26.000000 5.000000 0.600000 199.000000 2 2 1
2014-07-15T09:00:00Z 2014-07-15T11:00:00Z 40.000000 117.000000 25.000000 4.000000 0.500000 123.000000 2 2 1
2014-07-14T19:00:00Z 2014-07-14T21:00:00Z 41.000000 105.000000 44.000000 5.000000 0.600000 276.000000 2 1 1
2014-07-14T09:00:00Z 2014-07-14T11:00:00Z 38.000000 97.000000 74.000000 7.000000 0.600000 25.000000 2 1 1
2014-07-10T21:00:00Z 2014-07-10T23:00:00Z 36.000000 129.000000 43.000000 6.000000 0.500000 139.000000 2 1 1
2014-07-10T15:00:00Z 2014-07-10T17:00:00Z 39.000000 66.000000 32.000000 9.000000 0.300000 223.000000 2 1 1
2014-07-09T21:00:00Z 2014-07-09T23:00:00Z 40.000000 66.000000 58.000000 6.000000 0.600000 72.000000 2 1 1
2014-07-09T04:00:00Z 2014-07-09T06:00:00Z 37.000000 50.000000 38.000000 7.000000 0.600000 18.000000 2 1 1
2014-07-01T06:00:00Z 2014-07-01T08:00:00Z 75.000000 131.000000 47.000000 9.000000 0.900000 65.000000 2 3 0
2014-07-01T05:00:00Z 2014-07-01T07:00:00Z 61.000000 105.000000 37.000000 6.000000 0.700000 76.000000 2 3 0
2014-07-01T04:00:00Z 2014-07-01T06:00:00Z 68.000000 123.000000 44.000000 7.000000 0.800000 71.000000 2 2 0
2014-07-01T02:00:00Z 2014-07-01T04:00:00Z 68.000000 123.000000 46.000000 8.000000 0.700000 86.000000 2 2 0
2014-06-30T09:00:00Z 2014-06-30T11:00:00Z 69.000000 122.000000 70.000000 10.000000 1.300000 120.000000 2 2 1
2014-06-30T04:00:00Z 2014-06-30T06:00:00Z 63.000000 96.000000 58.000000 5.000000 1.400000 117.000000 2 2 1
2014-06-30T03:00:00Z 2014-06-30T05:00:00Z 61.000000 93.000000 29.000000 6.000000 1.400000 164.000000 2 2 1
2014-06-30T02:00:00Z 2014-06-30T04:00:00Z 57.000000 85.000000 29.000000 6.000000 1.300000 157.000000 2 2 1
2014-06-30T01:00:00Z 2014-06-30T03:00:00Z 51.000000 84.000000 28.000000 6.000000 1.300000 164.000000 2 2 1
2014-06-30T00:00:00Z 2014-06-30T02:00:00Z 55.000000 90.000000 33.000000 8.000000 1.300000 170.000000 2 2 1
2014-06-29T23:00:00Z 2014-06-30T01:00:00Z 57.000000 101.000000 54.000000 9.000000 1.500000 156.000000 2 2 1
2014-06-29T22:00:00Z 2014-06-30T00:00:00Z 60.000000 116.000000 55.000000 10.000000 1.400000 167.000000 2 2 1
2014-06-26T23:00:00Z 2014-06-27T01:00:00Z 51.000000 55.000000 37.000000 2.000000 0.800000 103.000000 2 1 1
2014-06-26T21:00:00Z 2014-06-26T23:00:00Z 43.000000 78.000000 42.000000 2.000000 0.700000 119.000000 2 2 1
2014-06-26T19:00:00Z 2014-06-26T21:00:00Z 55.000000 65.000000 28.000000 2.000000 0.800000 193.000000 2 2 1
2014-06-26T18:00:00Z 2014-06-26T20:00:00Z 64.000000 95.000000 27.000000 2.000000 0.800000 200.000000 2 2 1
2014-06-25T03:00:00Z 2014-06-25T05:00:00Z 73.000000 99.000000 38.000000 9.000000 1.000000 102.000000 2 3 1
2014-06-25T00:00:00Z 2014-06-25T02:00:00Z 70.000000 102.000000 49.000000 8.000000 0.900000 114.000000 2 3 1
2014-06-24T22:00:00Z 2014-06-25T00:00:00Z 68.000000 127.000000 54.000000 7.000000 0.900000 138.000000 2 2 1
2014-06-24T17:00:00Z 2014-06-24T19:00:00Z 46.000000 58.000000 21.000000 6.000000 0.600000 228.000000 2 2 1
2014-06-24T11:00:00Z 2014-06-24T13:00:00Z 53.000000 77.000000 28.000000 6.000000 0.500000 195.000000 2 2 1
2014-06-24T10:00:00Z 2014-06-24T12:00:00Z 45.000000 87.000000 52.000000 5.000000 0.600000 129.000000 2 2 1
2014-06-24T09:00:00Z 2014-06-24T11:00:00Z 43.000000 79.000000 74.000000 6.000000 0.600000 72.000000 2 2 1
2014-06-24T08:00:00Z 2014-06-24T10:00:00Z 38.000000 81.000000 77.000000 5.000000 0.600000 46.000000 2 2 1
2014-06-22T13:00:00Z 2014-06-22T15:00:00Z 40.000000 40.000000 16.000000 2.000000 0.600000 160.000000 2 1 1
2014-06-22T11:00:00Z 2014-06-22T13:00:00Z 40.000000 58.000000 25.000000 2.000000 0.700000 122.000000 2 2 1
2014-06-18T17:00:00Z 2014-06-18T19:00:00Z 47.000000 66.000000 22.000000 10.000000 0.600000 222.000000 2 2 1
2014-06-18T06:00:00Z 2014-06-18T08:00:00Z 52.000000 99.000000 28.000000 2.000000 0.800000 24.000000 2 3 1
2014-06-18T01:00:00Z 2014-06-18T03:00:00Z 36.000000 47.000000 77.000000 2.000000 0.800000 23.000000 2 2 1
2014-06-17T19:00:00Z 2014-06-17T21:00:00Z 36.000000 49.000000 32.000000 2.000000 0.800000 79.000000 2 1 1
2014-06-17T13:00:00Z 2014-06-17T15:00:00Z 74.000000 106.000000 20.000000 6.000000 0.900000 182.000000 2 4 1
2014-06-17T12:00:00Z 2014-06-17T14:00:00Z 51.000000 89.000000 18.000000 5.000000 0.800000 172.000000 2 3 1
2014-06-17T11:00:00Z 2014-06-17T13:00:00Z 36.000000 54.000000 12.000000 3.000000 0.700000 176.000000 2 2 1
2014-06-16T05:00:00Z 2014-06-16T07:00:00Z 73.000000 85.000000 31.000000 2.000000 0.800000 79.000000 2 2 1
2014-06-15T23:00:00Z 2014-06-16T01:00:00Z 48.000000 90.000000 25.000000 2.000000 0.600000 118.000000 2 2 1
2014-06-15T22:00:00Z 2014-06-16T00:00:00Z 52.000000 84.000000 33.000000 4.000000 0.700000 145.000000 2 2 1
2014-06-15T21:00:00Z 2014-06-15T23:00:00Z 46.000000 88.000000 49.000000 3.000000 0.700000 107.000000 2 2 1
2014-06-15T01:00:00Z 2014-06-15T03:00:00Z 61.000000 94.000000 31.000000 3.000000 0.800000 150.000000 2 2 1
2014-06-13T13:00:00Z 2014-06-13T15:00:00Z 56.000000 82.000000 26.000000 12.000000 0.900000 204.000000 2 2 1
2014-06-13T10:00:00Z 2014-06-13T12:00:00Z 63.000000 102.000000 50.000000 20.000000 1.100000 101.000000 2 2 1
2014-06-13T08:00:00Z 2014-06-13T10:00:00Z 36.000000 75.000000 35.000000 7.000000 0.900000 69.000000 2 2 1
2014-06-10T18:00:00Z 2014-06-10T20:00:00Z 58.000000 64.000000 43.000000 4.000000 1.000000 112.000000 2 3 1
2014-06-10T17:00:00Z 2014-06-10T19:00:00Z 58.000000 99.000000 30.000000 5.000000 0.900000 142.000000 2 2 1
2014-06-10T15:00:00Z 2014-06-10T17:00:00Z 36.000000 98.000000 24.000000 3.000000 0.700000 102.000000 2 2 1
2014-06-10T10:00:00Z 2014-06-10T12:00:00Z 64.000000 79.000000 26.000000 8.000000 1.000000 92.000000 2 2 1
2014-06-10T08:00:00Z 2014-06-10T10:00:00Z 58.000000 62.000000 46.000000 2.000000 0.900000 28.000000 2 2 1
2014-06-10T06:00:00Z 2014-06-10T08:00:00Z 54.000000 88.000000 36.000000 4.000000 0.800000 51.000000 2 2 1
2014-06-10T03:00:00Z 2014-06-10T05:00:00Z 48.000000 52.000000 32.000000 3.000000 0.700000 71.000000 2 2 1
2014-06-06T03:00:00Z 2014-06-06T05:00:00Z 75.000000 106.000000 35.000000 5.000000 0.800000 109.000000 2 3 1
2014-06-06T01:00:00Z 2014-06-06T03:00:00Z 61.000000 81.000000 24.000000 5.000000 0.700000 162.000000 2 2 1
2014-06-06T00:00:00Z 2014-06-06T02:00:00Z 66.000000 83.000000 25.000000 5.000000 0.800000 164.000000 2 2 1
2014-06-05T22:00:00Z 2014-06-06T00:00:00Z 69.000000 123.000000 40.000000 6.000000 0.900000 154.000000 2 2 0
2014-06-05T20:00:00Z 2014-06-05T22:00:00Z 66.000000 100.000000 40.000000 8.000000 0.800000 223.000000 2 2 0
2014-06-05T19:00:00Z 2014-06-05T21:00:00Z 62.000000 115.000000 33.000000 9.000000 0.800000 269.000000 2 2 0
2014-06-05T17:00:00Z 2014-06-05T19:00:00Z 46.000000 54.000000 17.000000 8.000000 0.700000 229.000000 2 2 0
2014-06-05T15:00:00Z 2014-06-05T17:00:00Z 45.000000 66.000000 16.000000 10.000000 0.600000 211.000000 2 2 0
2014-06-05T09:00:00Z 2014-06-05T11:00:00Z 68.000000 91.000000 41.000000 30.000000 1.000000 65.000000 2 2 0
2014-06-05T08:00:00Z 2014-06-05T10:00:00Z 63.000000 122.000000 41.000000 28.000000 0.900000 58.000000 2 2 0
2014-06-05T07:00:00Z 2014-06-05T09:00:00Z 54.000000 88.000000 24.000000 28.000000 0.800000 71.000000 2 2 0
2014-06-05T05:00:00Z 2014-06-05T07:00:00Z 50.000000 55.000000 20.000000 13.000000 0.700000 77.000000 2 2 0
2014-06-05T03:00:00Z 2014-06-05T05:00:00Z 51.000000 53.000000 25.000000 12.000000 0.700000 82.000000 2 2 0
2014-06-04T22:00:00Z 2014-06-05T00:00:00Z 37.000000 46.000000 29.000000 9.000000 0.700000 116.000000 2 2 0
2014-06-04T20:00:00Z 2014-06-04T22:00:00Z 41.000000 59.000000 39.000000 9.000000 0.700000 122.000000 2 2 0
2014-06-04T19:00:00Z 2014-06-04T21:00:00Z 47.000000 92.000000 51.000000 10.000000 0.700000 124.000000 2 2 0
2014-06-04T17:00:00Z 2014-06-04T19:00:00Z 45.000000 90.000000 33.000000 8.000000 0.700000 184.000000 2 2 0
2014-06-04T13:00:00Z 2014-06-04T15:00:00Z 67.000000 84.000000 35.000000 12.000000 0.900000 188.000000 2 2 0
2014-06-04T11:00:00Z 2014-06-04T13:00:00Z 65.000000 97.000000 36.000000 19.000000 0.900000 145.000000 2 2 0
2014-06-04T10:00:00Z 2014-06-04T12:00:00Z 69.000000 93.000000 35.000000 16.000000 1.000000 123.000000 2 2 0
2014-06-04T09:00:00Z 2014-06-04T11:00:00Z 66.000000 114.000000 44.000000 16.000000 1.100000 89.000000 2 2 0
2014-06-04T07:00:00Z 2014-06-04T09:00:00Z 60.000000 75.000000 51.000000 4.000000 1.000000 44.000000 2 2 0
2014-06-04T04:00:00Z 2014-06-04T06:00:00Z 59.000000 73.000000 28.000000 5.000000 1.000000 78.000000 2 2 0
2014-06-04T03:00:00Z 2014-06-04T05:00:00Z 53.000000 77.000000 28.000000 6.000000 1.000000 92.000000 2 2 0
2014-06-04T02:00:00Z 2014-06-04T04:00:00Z 50.000000 87.000000 32.000000 8.000000 0.900000 97.000000 2 2 0
2014-06-04T01:00:00Z 2014-06-04T03:00:00Z 56.000000 82.000000 48.000000 12.000000 1.000000 89.000000 2 2 0
2014-06-04T00:00:00Z 2014-06-04T02:00:00Z 64.000000 104.000000 47.000000 4.000000 1.100000 91.000000 2 2 0
2014-06-03T22:00:00Z 2014-06-04T00:00:00Z 52.000000 78.000000 47.000000 9.000000 1.000000 131.000000 2 2 0
2014-06-03T09:00:00Z 2014-06-03T11:00:00Z 36.000000 57.000000 31.000000 42.000000 0.800000 83.000000 2 1 0
2014-06-01T17:00:00Z 2014-06-01T19:00:00Z 51.000000 92.000000 19.000000 7.000000 0.800000 171.000000 2 2 0
2014-06-01T07:00:00Z 2014-06-01T09:00:00Z 41.000000 63.000000 52.000000 2.000000 0.500000 87.000000 2 2 0
2014-05-31T04:00:00Z 2014-05-31T06:00:00Z 63.000000 92.000000 23.000000 18.000000 1.200000 123.000000 2 2 1
2014-05-31T03:00:00Z 2014-05-31T05:00:00Z 67.000000 112.000000 33.000000 24.000000 1.400000 104.000000 2 2 1
2014-05-30T10:00:00Z 2014-05-30T12:00:00Z 60.000000 92.000000 40.000000 49.000000 1.600000 180.000000 2 2 1
2014-05-30T08:00:00Z 2014-05-30T10:00:00Z 68.000000 130.000000 115.000000 29.000000 1.900000 34.000000 2 2 1
2014-05-30T06:00:00Z 2014-05-30T08:00:00Z 41.000000 109.000000 37.000000 19.000000 1.200000 92.000000 2 2 1
2014-05-30T04:00:00Z 2014-05-30T06:00:00Z 38.000000 80.000000 67.000000 13.000000 0.900000 44.000000 2 2 1
2014-05-30T03:00:00Z 2014-05-30T05:00:00Z 37.000000 112.000000 54.000000 13.000000 0.800000 64.000000 2 2 1
2014-05-29T20:00:00Z 2014-05-29T22:00:00Z 37.000000 102.000000 35.000000 3.000000 0.400000 146.000000 2 1 1
2014-05-28T23:00:00Z 2014-05-29T01:00:00Z 40.000000 88.000000 41.000000 9.000000 0.600000 107.000000 2 1 1
2014-05-28T22:00:00Z 2014-05-29T00:00:00Z 44.000000 124.000000 70.000000 12.000000 0.700000 92.000000 2 1 1
2014-05-28T20:00:00Z 2014-05-28T22:00:00Z 37.000000 96.000000 38.000000 11.000000 0.500000 150.000000 2 2 1
2014-05-28T18:00:00Z 2014-05-28T20:00:00Z 39.000000 110.000000 26.000000 14.000000 0.400000 196.000000 2 2 1
2014-05-27T10:00:00Z 2014-05-27T12:00:00Z 36.000000 165.000000 16.000000 4.000000 0.200000 100.000000 2 1 1
2014-05-27T05:00:00Z 2014-05-27T07:00:00Z 42.000000 154.000000 96.000000 12.000000 0.400000 23.000000 2 3 1
2014-05-24T07:00:00Z 2014-05-24T09:00:00Z 56.000000 68.000000 22.000000 2.000000 0.800000 55.000000 2 2 1
2014-05-24T06:00:00Z 2014-05-24T08:00:00Z 63.000000 66.000000 22.000000 2.000000 0.700000 80.000000 2 2 1
2014-05-24T05:00:00Z 2014-05-24T07:00:00Z 59.000000 80.000000 30.000000 2.000000 0.700000 74.000000 2 2 1
2014-05-23T20:00:00Z 2014-05-23T22:00:00Z 67.000000 138.000000 42.000000 11.000000 0.700000 165.000000 2 3 1
2014-05-23T18:00:00Z 2014-05-23T20:00:00Z 47.000000 83.000000 26.000000 10.000000 0.500000 179.000000 2 2 1
2014-05-23T17:00:00Z 2014-05-23T19:00:00Z 43.000000 91.000000 21.000000 8.000000 0.500000 185.000000 2 2 1
2014-05-23T16:00:00Z 2014-05-23T18:00:00Z 38.000000 50.000000 15.000000 8.000000 0.400000 189.000000 2 2 1
2014-05-23T01:00:00Z 2014-05-23T03:00:00Z 68.000000 130.000000 62.000000 12.000000 0.700000 62.000000 2 3 1
2014-05-23T00:00:00Z 2014-05-23T02:00:00Z 70.000000 118.000000 68.000000 11.000000 0.700000 58.000000 2 3 1
2014-05-22T23:00:00Z 2014-05-23T01:00:00Z 66.000000 126.000000 58.000000 11.000000 0.700000 78.000000 2 2 1
2014-05-22T22:00:00Z 2014-05-23T00:00:00Z 57.000000 110.000000 35.000000 12.000000 0.600000 123.000000 2 2 1
2014-05-22T21:00:00Z 2014-05-22T23:00:00Z 53.000000 102.000000 29.000000 13.000000 0.600000 152.000000 2 2 1
2014-05-22T20:00:00Z 2014-05-22T22:00:00Z 43.000000 126.000000 27.000000 11.000000 0.500000 156.000000 2 2 1
2014-05-22T19:00:00Z 2014-05-22T21:00:00Z 46.000000 71.000000 20.000000 10.000000 0.400000 173.000000 2 2 1
2014-05-22T18:00:00Z 2014-05-22T20:00:00Z 49.000000 112.000000 20.000000 10.000000 0.400000 183.000000 2 2 1
2014-05-22T17:00:00Z 2014-05-22T19:00:00Z 43.000000 94.000000 15.000000 9.000000 0.400000 173.000000 2 2 1
2014-05-22T16:00:00Z 2014-05-22T18:00:00Z 49.000000 92.000000 14.000000 8.000000 0.300000 180.000000 2 2 1
2014-05-21T01:00:00Z 2014-05-21T03:00:00Z 74.000000 103.000000 26.000000 21.000000 1.000000 97.000000 2 3 1
2014-05-20T22:00:00Z 2014-05-21T00:00:00Z 65.000000 255.000000 63.000000 14.000000 0.500000 98.000000 2 3 1
2014-05-19T11:00:00Z 2014-05-19T13:00:00Z 50.000000 66.000000 24.000000 9.000000 0.700000 126.000000 2 3 1
2014-05-19T09:00:00Z 2014-05-19T11:00:00Z 70.000000 76.000000 42.000000 5.000000 0.700000 77.000000 2 2 1
2014-05-19T07:00:00Z 2014-05-19T09:00:00Z 50.000000 67.000000 21.000000 2.000000 0.700000 82.000000 2 2 1
2014-05-18T14:00:00Z 2014-05-18T16:00:00Z 61.000000 90.000000 23.000000 16.000000 0.600000 209.000000 2 3 1
2014-05-18T13:00:00Z 2014-05-18T15:00:00Z 48.000000 63.000000 17.000000 13.000000 0.600000 186.000000 2 3 1
2014-05-18T11:00:00Z 2014-05-18T13:00:00Z 50.000000 59.000000 26.000000 14.000000 0.600000 127.000000 2 2 1
2014-05-18T09:00:00Z 2014-05-18T11:00:00Z 47.000000 76.000000 56.000000 10.000000 0.500000 52.000000 2 2 1
2014-05-18T08:00:00Z 2014-05-18T10:00:00Z 44.000000 59.000000 63.000000 11.000000 0.500000 43.000000 2 2 1
2014-05-18T07:00:00Z 2014-05-18T09:00:00Z 39.000000 52.000000 31.000000 6.000000 0.500000 63.000000 2 2 1
2014-05-17T21:00:00Z 2014-05-17T23:00:00Z 41.000000 78.000000 27.000000 9.000000 0.700000 140.000000 2 1 1
2014-05-17T20:00:00Z 2014-05-17T22:00:00Z 49.000000 131.000000 47.000000 12.000000 0.700000 138.000000 2 1 1
2014-05-17T19:00:00Z 2014-05-17T21:00:00Z 51.000000 131.000000 30.000000 15.000000 0.700000 175.000000 2 2 1
2014-05-17T18:00:00Z 2014-05-17T20:00:00Z 45.000000 97.000000 26.000000 16.000000 0.700000 188.000000 2 2 1
2014-05-17T17:00:00Z 2014-05-17T19:00:00Z 54.000000 114.000000 20.000000 21.000000 0.700000 220.000000 2 2 1
2014-05-17T16:00:00Z 2014-05-17T18:00:00Z 52.000000 128.000000 19.000000 20.000000 0.800000 211.000000 2 2 1
2014-05-17T15:00:00Z 2014-05-17T17:00:00Z 44.000000 92.000000 17.000000 18.000000 0.800000 190.000000 2 2 1
2014-05-17T14:00:00Z 2014-05-17T16:00:00Z 49.000000 106.000000 26.000000 23.000000 0.900000 156.000000 2 2 1
2014-05-17T13:00:00Z 2014-05-17T15:00:00Z 44.000000 70.000000 26.000000 19.000000 1.100000 138.000000 2 2 1
2014-05-17T10:00:00Z 2014-05-17T12:00:00Z 69.000000 125.000000 71.000000 46.000000 1.000000 78.000000 2 3 1
2014-05-17T09:00:00Z 2014-05-17T11:00:00Z 63.000000 140.000000 80.000000 32.000000 0.900000 46.000000 2 3 1
2014-05-17T08:00:00Z 2014-05-17T10:00:00Z 48.000000 98.000000 41.000000 22.000000 0.800000 67.000000 2 2 1
2014-05-17T07:00:00Z 2014-05-17T09:00:00Z 43.000000 102.000000 33.000000 14.000000 0.800000 62.000000 2 2 1
2014-05-17T06:00:00Z 2014-05-17T08:00:00Z 47.000000 96.000000 39.000000 11.000000 0.800000 55.000000 2 2 1
2014-05-17T04:00:00Z 2014-05-17T06:00:00Z 59.000000 116.000000 42.000000 19.000000 0.800000 59.000000 2 2 1
2014-05-17T03:00:00Z 2014-05-17T05:00:00Z 44.000000 103.000000 44.000000 20.000000 0.800000 57.000000 2 2 1
2014-05-17T02:00:00Z 2014-05-17T04:00:00Z 51.000000 121.000000 40.000000 18.000000 0.800000 65.000000 2 2 1
2014-05-17T01:00:00Z 2014-05-17T03:00:00Z 46.000000 103.000000 40.000000 19.000000 0.800000 83.000000 2 2 1
2014-05-17T00:00:00Z 2014-05-17T02:00:00Z 53.000000 155.000000 40.000000 22.000000 0.600000 97.000000 2 2 1
2014-05-16T23:00:00Z 2014-05-17T01:00:00Z 64.000000 162.000000 37.000000 22.000000 0.500000 115.000000 2 2 1
2014-05-16T22:00:00Z 2014-05-17T00:00:00Z 39.000000 154.000000 39.000000 12.000000 0.400000 111.000000 2 2 1
2014-05-16T06:00:00Z 2014-05-16T08:00:00Z 58.000000 154.000000 23.000000 7.000000 0.500000 73.000000 2 1 1
2014-05-16T05:00:00Z 2014-05-16T07:00:00Z 72.000000 180.000000 32.000000 6.000000 0.500000 54.000000 2 1 1
2014-05-15T13:00:00Z 2014-05-15T15:00:00Z 70.000000 184.000000 35.000000 9.000000 0.400000 83.000000 2 3 1
2014-05-15T12:00:00Z 2014-05-15T14:00:00Z 53.000000 155.000000 38.000000 13.000000 0.500000 69.000000 2 2 1
2014-05-13T10:00:00Z 2014-05-13T12:00:00Z 70.000000 170.000000 99.000000 14.000000 1.100000 9.000000 2 3 1
2014-05-13T09:00:00Z 2014-05-13T11:00:00Z 62.000000 183.000000 81.000000 16.000000 1.500000 2.000000 2 3 1
2014-05-13T08:00:00Z 2014-05-13T10:00:00Z 62.000000 183.000000 81.000000 16.000000 1.500000 2.000000 2 2 1
2014-05-13T07:00:00Z 2014-05-13T09:00:00Z 52.000000 154.000000 64.000000 7.000000 1.200000 4.000000 2 2 1
2014-05-13T05:00:00Z 2014-05-13T07:00:00Z 59.000000 127.000000 70.000000 4.000000 1.200000 2.000000 2 2 1
2014-05-13T04:00:00Z 2014-05-13T06:00:00Z 55.000000 121.000000 72.000000 2.000000 1.200000 2.000000 2 3 1
2014-05-13T03:00:00Z 2014-05-13T05:00:00Z 53.000000 108.000000 70.000000 2.000000 1.000000 4.000000 2 2 1
2014-05-13T02:00:00Z 2014-05-13T04:00:00Z 44.000000 78.000000 58.000000 2.000000 0.900000 25.000000 2 2 1
2014-05-13T01:00:00Z 2014-05-13T03:00:00Z 40.000000 104.000000 87.000000 2.000000 0.800000 8.000000 2 2 1
2014-05-12T22:00:00Z 2014-05-13T00:00:00Z 40.000000 72.000000 38.000000 6.000000 0.500000 82.000000 2 1 1
2014-05-12T21:00:00Z 2014-05-12T23:00:00Z 48.000000 112.000000 60.000000 7.000000 0.700000 72.000000 2 1 1
2014-05-12T20:00:00Z 2014-05-12T22:00:00Z 39.000000 149.000000 62.000000 7.000000 0.600000 84.000000 2 2 1
2014-05-12T10:00:00Z 2014-05-12T12:00:00Z 38.000000 120.000000 44.000000 8.000000 0.600000 43.000000 2 1 1
2014-05-12T09:00:00Z 2014-05-12T11:00:00Z 36.000000 77.000000 40.000000 9.000000 0.700000 42.000000 2 1 1
2014-05-12T08:00:00Z 2014-05-12T10:00:00Z 46.000000 47.000000 47.000000 4.000000 1.100000 12.000000 2 2 1
2014-05-12T07:00:00Z 2014-05-12T09:00:00Z 39.000000 80.000000 42.000000 2.000000 1.100000 7.000000 2 2 1
2014-05-11T01:00:00Z 2014-05-11T03:00:00Z 39.000000 45.000000 36.000000 3.000000 1.400000 28.000000 2 2 1
2014-05-11T00:00:00Z 2014-05-11T02:00:00Z 38.000000 75.000000 46.000000 7.000000 1.400000 36.000000 2 2 1
2014-05-10T23:00:00Z 2014-05-11T01:00:00Z 50.000000 103.000000 62.000000 21.000000 1.400000 40.000000 2 2 1
2014-05-10T22:00:00Z 2014-05-11T00:00:00Z 70.000000 92.000000 85.000000 25.000000 1.400000 30.000000 2 2 1
2014-05-10T21:00:00Z 2014-05-10T23:00:00Z 63.000000 124.000000 86.000000 20.000000 1.500000 35.000000 2 2 1
2014-05-10T20:00:00Z 2014-05-10T22:00:00Z 58.000000 102.000000 53.000000 22.000000 1.300000 83.000000 2 2 1
2014-05-10T19:00:00Z 2014-05-10T21:00:00Z 52.000000 82.000000 53.000000 23.000000 1.300000 94.000000 2 2 1
2014-05-10T18:00:00Z 2014-05-10T20:00:00Z 45.000000 68.000000 30.000000 26.000000 1.200000 122.000000 2 2 1
2014-05-10T17:00:00Z 2014-05-10T19:00:00Z 48.000000 64.000000 29.000000 27.000000 1.200000 122.000000 2 2 1
2014-05-10T16:00:00Z 2014-05-10T18:00:00Z 54.000000 61.000000 26.000000 30.000000 1.100000 118.000000 2 2 1
2014-05-10T15:00:00Z 2014-05-10T17:00:00Z 50.000000 62.000000 25.000000 32.000000 1.100000 114.000000 2 2 1
2014-05-10T14:00:00Z 2014-05-10T16:00:00Z 45.000000 60.000000 23.000000 32.000000 1.000000 109.000000 2 2 1
2014-05-10T13:00:00Z 2014-05-10T15:00:00Z 45.000000 58.000000 23.000000 31.000000 1.000000 105.000000 2 2 1
2014-05-10T12:00:00Z 2014-05-10T14:00:00Z 46.000000 58.000000 23.000000 29.000000 1.000000 100.000000 2 2 1
2014-05-10T11:00:00Z 2014-05-10T13:00:00Z 38.000000 68.000000 28.000000 29.000000 1.000000 91.000000 2 2 1
2014-05-10T10:00:00Z 2014-05-10T12:00:00Z 37.000000 69.000000 32.000000 27.000000 1.000000 81.000000 2 2 1
2014-05-10T09:00:00Z 2014-05-10T11:00:00Z 52.000000 86.000000 63.000000 29.000000 1.300000 38.000000 2 2 1
2014-05-10T08:00:00Z 2014-05-10T10:00:00Z 50.000000 91.000000 78.000000 26.000000 1.300000 17.000000 2 2 1
2014-05-10T07:00:00Z 2014-05-10T09:00:00Z 38.000000 69.000000 36.000000 22.000000 1.100000 59.000000 2 2 1
2014-05-10T06:00:00Z 2014-05-10T08:00:00Z 40.000000 58.000000 30.000000 22.000000 1.100000 66.000000 2 2 1
2014-05-10T05:00:00Z 2014-05-10T07:00:00Z 36.000000 66.000000 29.000000 23.000000 1.100000 71.000000 2 2 1
2014-05-10T03:00:00Z 2014-05-10T05:00:00Z 41.000000 50.000000 28.000000 22.000000 1.000000 85.000000 2 2 1
2014-05-10T02:00:00Z 2014-05-10T04:00:00Z 46.000000 77.000000 69.000000 19.000000 1.200000 43.000000 2 1 1
2014-05-10T01:00:00Z 2014-05-10T03:00:00Z 55.000000 94.000000 104.000000 20.000000 1.300000 18.000000 2 2 1
2014-05-10T00:00:00Z 2014-05-10T02:00:00Z 48.000000 83.000000 40.000000 23.000000 1.100000 85.000000 2 2 1
2014-05-09T23:00:00Z 2014-05-10T01:00:00Z 43.000000 90.000000 38.000000 26.000000 1.100000 95.000000 2 2 1
2014-05-09T22:00:00Z 2014-05-10T00:00:00Z 47.000000 100.000000 38.000000 28.000000 1.000000 96.000000 2 2 1
2014-05-09T21:00:00Z 2014-05-09T23:00:00Z 40.000000 110.000000 33.000000 25.000000 1.000000 103.000000 2 2 1
2014-05-09T20:00:00Z 2014-05-09T22:00:00Z 55.000000 107.000000 50.000000 25.000000 1.200000 81.000000 2 2 1
2014-05-09T19:00:00Z 2014-05-09T21:00:00Z 62.000000 125.000000 81.000000 31.000000 1.700000 45.000000 2 2 1
2014-05-09T18:00:00Z 2014-05-09T20:00:00Z 60.000000 99.000000 47.000000 35.000000 1.500000 95.000000 2 2 1
2014-05-09T17:00:00Z 2014-05-09T19:00:00Z 61.000000 88.000000 49.000000 37.000000 1.500000 91.000000 2 2 1
2014-05-09T12:00:00Z 2014-05-09T14:00:00Z 70.000000 105.000000 53.000000 47.000000 2.000000 73.000000 2 2 1
2014-05-09T10:00:00Z 2014-05-09T12:00:00Z 71.000000 130.000000 65.000000 63.000000 2.600000 60.000000 2 2 1
2014-05-09T09:00:00Z 2014-05-09T11:00:00Z 59.000000 94.000000 56.000000 48.000000 1.800000 67.000000 2 2 1
2014-05-09T08:00:00Z 2014-05-09T10:00:00Z 64.000000 83.000000 54.000000 47.000000 1.600000 65.000000 2 2 1
2014-05-09T07:00:00Z 2014-05-09T09:00:00Z 62.000000 87.000000 45.000000 40.000000 1.200000 66.000000 2 2 1
2014-05-09T06:00:00Z 2014-05-09T08:00:00Z 64.000000 83.000000 38.000000 43.000000 1.200000 69.000000 2 2 1
2014-05-09T05:00:00Z 2014-05-09T07:00:00Z 52.000000 61.000000 29.000000 29.000000 0.800000 89.000000 2 2 1
2014-05-09T04:00:00Z 2014-05-09T06:00:00Z 54.000000 57.000000 24.000000 19.000000 0.800000 106.000000 2 2 1
2014-05-09T03:00:00Z 2014-05-09T05:00:00Z 56.000000 69.000000 27.000000 21.000000 0.800000 99.000000 2 2 1
2014-05-09T02:00:00Z 2014-05-09T04:00:00Z 58.000000 81.000000 30.000000 20.000000 0.700000 96.000000 2 2 1
2014-05-09T01:00:00Z 2014-05-09T03:00:00Z 62.000000 87.000000 35.000000 20.000000 0.700000 91.000000 2 2 1
2014-05-09T00:00:00Z 2014-05-09T02:00:00Z 58.000000 84.000000 39.000000 21.000000 0.700000 87.000000 2 2 1
2014-05-08T23:00:00Z 2014-05-09T01:00:00Z 60.000000 92.000000 43.000000 19.000000 0.800000 87.000000 2 2 1
2014-05-08T22:00:00Z 2014-05-09T00:00:00Z 59.000000 107.000000 46.000000 19.000000 1.100000 97.000000 2 2 1
2014-05-08T21:00:00Z 2014-05-08T23:00:00Z 64.000000 108.000000 42.000000 25.000000 1.200000 110.000000 2 2 1
2014-05-08T20:00:00Z 2014-05-08T22:00:00Z 63.000000 106.000000 38.000000 18.000000 0.900000 133.000000 2 2 1
2014-05-08T19:00:00Z 2014-05-08T21:00:00Z 57.000000 81.000000 26.000000 14.000000 0.700000 165.000000 2 2 1
2014-05-08T18:00:00Z 2014-05-08T20:00:00Z 63.000000 87.000000 22.000000 15.000000 0.800000 176.000000 2 2 1
2014-05-08T17:00:00Z 2014-05-08T19:00:00Z 68.000000 94.000000 20.000000 15.000000 0.800000 172.000000 2 2 1
2014-05-08T16:00:00Z 2014-05-08T18:00:00Z 52.000000 85.000000 16.000000 13.000000 0.700000 164.000000 2 2 1
2014-05-08T15:00:00Z 2014-05-08T17:00:00Z 58.000000 80.000000 14.000000 14.000000 0.700000 166.000000 2 2 1
2014-05-08T14:00:00Z 2014-05-08T16:00:00Z 54.000000 65.000000 14.000000 15.000000 0.800000 167.000000 2 2 1
2014-05-08T13:00:00Z 2014-05-08T15:00:00Z 49.000000 56.000000 15.000000 15.000000 0.800000 153.000000 2 2 1
2014-05-08T04:00:00Z 2014-05-08T06:00:00Z 39.000000 73.000000 46.000000 6.000000 0.500000 36.000000 2 1 1
2014-05-07T08:00:00Z 2014-05-07T10:00:00Z 42.000000 64.000000 28.000000 11.000000 0.500000 66.000000 2 1 1
2014-05-06T13:00:00Z 2014-05-06T15:00:00Z 75.000000 85.000000 37.000000 35.000000 0.700000 110.000000 2 3 1
2014-05-06T12:00:00Z 2014-05-06T14:00:00Z 68.000000 86.000000 41.000000 36.000000 0.800000 96.000000 2 2 1
2014-05-06T11:00:00Z 2014-05-06T13:00:00Z 62.000000 84.000000 42.000000 32.000000 0.800000 84.000000 2 2 1
2014-05-06T10:00:00Z 2014-05-06T12:00:00Z 58.000000 79.000000 45.000000 32.000000 0.800000 72.000000 2 2 1
2014-05-06T09:00:00Z 2014-05-06T11:00:00Z 56.000000 83.000000 71.000000 26.000000 0.900000 44.000000 2 2 1
2014-05-06T08:00:00Z 2014-05-06T10:00:00Z 58.000000 84.000000 82.000000 18.000000 0.900000 22.000000 2 2 1
2014-05-06T07:00:00Z 2014-05-06T09:00:00Z 47.000000 79.000000 80.000000 15.000000 0.900000 15.000000 2 2 1
2014-05-06T06:00:00Z 2014-05-06T08:00:00Z 42.000000 66.000000 78.000000 11.000000 0.800000 16.000000 2 2 1
2014-05-06T05:00:00Z 2014-05-06T07:00:00Z 42.000000 64.000000 76.000000 10.000000 0.700000 20.000000 2 2 1
2014-05-06T04:00:00Z 2014-05-06T06:00:00Z 40.000000 60.000000 50.000000 9.000000 0.600000 37.000000 2 2 1
2014-05-06T02:00:00Z 2014-05-06T04:00:00Z 46.000000 86.000000 72.000000 12.000000 0.700000 30.000000 2 2 1
2014-05-06T01:00:00Z 2014-05-06T03:00:00Z 48.000000 92.000000 75.000000 12.000000 0.600000 32.000000 2 1 1
2014-05-06T00:00:00Z 2014-05-06T02:00:00Z 41.000000 74.000000 78.000000 10.000000 0.500000 32.000000 2 2 1
2014-05-05T23:00:00Z 2014-05-06T01:00:00Z 38.000000 74.000000 77.000000 8.000000 0.500000 40.000000 2 2 0
2014-05-05T22:00:00Z 2014-05-06T00:00:00Z 37.000000 77.000000 70.000000 7.000000 0.500000 49.000000 2 2 0
2014-05-04T08:00:00Z 2014-05-04T10:00:00Z 37.000000 55.000000 34.000000 13.000000 0.400000 62.000000 2 1 0
2014-05-04T07:00:00Z 2014-05-04T09:00:00Z 37.000000 63.000000 34.000000 15.000000 0.400000 60.000000 2 1 0
2014-05-04T06:00:00Z 2014-05-04T08:00:00Z 38.000000 59.000000 33.000000 18.000000 0.400000 60.000000 2 2 0
2014-05-04T05:00:00Z 2014-05-04T07:00:00Z 39.000000 49.000000 31.000000 11.000000 0.400000 60.000000 2 2 0
2014-05-03T18:00:00Z 2014-05-03T20:00:00Z 38.000000 433.000000 18.000000 2.000000 0.200000 92.000000 2 1 0
2014-05-02T09:00:00Z 2014-05-02T11:00:00Z 43.000000 195.000000 14.000000 2.000000 0.200000 87.000000 2 1 0
2014-05-02T00:00:00Z 2014-05-02T02:00:00Z 41.000000 46.000000 21.000000 4.000000 0.400000 66.000000 2 1 0
2014-05-01T21:00:00Z 2014-05-01T23:00:00Z 43.000000 128.000000 29.000000 4.000000 0.500000 59.000000 2 1 0
2014-05-01T20:00:00Z 2014-05-01T22:00:00Z 68.000000 547.000000 31.000000 6.000000 0.500000 64.000000 2 1 0
2014-05-01T18:00:00Z 2014-05-01T20:00:00Z 64.000000 279.000000 33.000000 10.000000 0.600000 69.000000 2 2 0
2014-04-25T23:00:00Z 2014-04-26T01:00:00Z 73.000000 89.000000 27.000000 2.000000 0.400000 63.000000 2 1 1
2014-04-24T00:00:00Z 2014-04-24T02:00:00Z 48.000000 77.000000 42.000000 5.000000 0.500000 83.000000 2 3 1
2014-04-23T07:00:00Z 2014-04-23T09:00:00Z 74.000000 122.000000 48.000000 10.000000 0.700000 48.000000 2 4 1
2014-04-23T06:00:00Z 2014-04-23T08:00:00Z 65.000000 68.000000 28.000000 8.000000 0.600000 72.000000 2 3 1
2014-04-23T04:00:00Z 2014-04-23T06:00:00Z 66.000000 84.000000 29.000000 7.000000 0.700000 59.000000 2 2 1
2014-04-23T03:00:00Z 2014-04-23T05:00:00Z 62.000000 72.000000 25.000000 8.000000 0.600000 85.000000 2 2 1
2014-04-23T02:00:00Z 2014-04-23T04:00:00Z 58.000000 72.000000 23.000000 7.000000 0.600000 86.000000 2 2 1
2014-04-23T01:00:00Z 2014-04-23T03:00:00Z 60.000000 71.000000 28.000000 9.000000 0.600000 88.000000 2 2 1
2014-04-23T00:00:00Z 2014-04-23T02:00:00Z 61.000000 87.000000 35.000000 10.000000 0.600000 87.000000 2 2 1
2014-04-22T23:00:00Z 2014-04-23T01:00:00Z 53.000000 65.000000 46.000000 8.000000 0.600000 72.000000 2 2 1
2014-04-22T22:00:00Z 2014-04-23T00:00:00Z 48.000000 51.000000 42.000000 9.000000 0.600000 85.000000 2 2 1
2014-04-22T15:00:00Z 2014-04-22T17:00:00Z 64.000000 95.000000 29.000000 6.000000 0.400000 158.000000 2 3 1
2014-04-22T14:00:00Z 2014-04-22T16:00:00Z 45.000000 72.000000 37.000000 6.000000 0.400000 134.000000 2 2 1
2014-04-22T13:00:00Z 2014-04-22T15:00:00Z 47.000000 78.000000 31.000000 4.000000 0.400000 126.000000 2 2 1
2014-04-22T11:00:00Z 2014-04-22T13:00:00Z 57.000000 87.000000 44.000000 6.000000 0.400000 75.000000 2 2 1
2014-04-22T10:00:00Z 2014-04-22T12:00:00Z 73.000000 139.000000 71.000000 8.000000 0.600000 37.000000 2 2 1
2014-04-22T09:00:00Z 2014-04-22T11:00:00Z 57.000000 61.000000 59.000000 8.000000 0.500000 37.000000 2 2 1
2014-04-22T08:00:00Z 2014-04-22T10:00:00Z 73.000000 115.000000 74.000000 12.000000 0.800000 19.000000 2 2 1
2014-04-22T07:00:00Z 2014-04-22T09:00:00Z 40.000000 55.000000 56.000000 7.000000 0.500000 36.000000 2 2 1
2014-04-22T01:00:00Z 2014-04-22T03:00:00Z 43.000000 72.000000 71.000000 7.000000 0.500000 32.000000 2 1 1
2014-04-21T23:00:00Z 2014-04-22T01:00:00Z 54.000000 65.000000 40.000000 7.000000 0.400000 71.000000 2 2 1
2014-04-21T21:00:00Z 2014-04-21T23:00:00Z 52.000000 89.000000 76.000000 12.000000 0.600000 51.000000 2 2 1
2014-04-21T19:00:00Z 2014-04-21T21:00:00Z 43.000000 73.000000 39.000000 9.000000 0.400000 110.000000 2 2 1
2014-04-21T18:00:00Z 2014-04-21T20:00:00Z 48.000000 69.000000 30.000000 8.000000 0.300000 130.000000 2 2 1
2014-04-21T17:00:00Z 2014-04-21T19:00:00Z 42.000000 72.000000 30.000000 9.000000 0.300000 137.000000 2 2 1
2014-04-21T16:00:00Z 2014-04-21T18:00:00Z 39.000000 74.000000 26.000000 8.000000 0.300000 122.000000 2 2 1
2014-04-21T15:00:00Z 2014-04-21T17:00:00Z 51.000000 54.000000 18.000000 7.000000 0.300000 113.000000 2 2 1
2014-04-21T08:00:00Z 2014-04-21T10:00:00Z 39.000000 71.000000 32.000000 36.000000 0.600000 52.000000 2 1 1
2014-04-21T07:00:00Z 2014-04-21T09:00:00Z 38.000000 51.000000 41.000000 14.000000 0.400000 42.000000 2 1 1
2014-04-20T18:00:00Z 2014-04-20T20:00:00Z 61.000000 75.000000 31.000000 6.000000 0.300000 87.000000 2 1 1
2014-04-20T04:00:00Z 2014-04-20T06:00:00Z 64.000000 71.000000 37.000000 4.000000 0.700000 25.000000 2 3 1
2014-04-20T00:00:00Z 2014-04-20T02:00:00Z 66.000000 70.000000 46.000000 5.000000 0.700000 36.000000 2 3 1
2014-04-19T22:00:00Z 2014-04-20T00:00:00Z 66.000000 72.000000 64.000000 6.000000 0.800000 37.000000 2 2 1
2014-04-19T14:00:00Z 2014-04-19T16:00:00Z 71.000000 111.000000 63.000000 19.000000 1.000000 44.000000 2 4 1
2014-04-19T13:00:00Z 2014-04-19T15:00:00Z 52.000000 66.000000 36.000000 12.000000 0.600000 79.000000 2 2 1
2014-04-19T07:00:00Z 2014-04-19T09:00:00Z 73.000000 82.000000 60.000000 20.000000 0.700000 37.000000 2 3 1
2014-04-19T06:00:00Z 2014-04-19T08:00:00Z 74.000000 82.000000 53.000000 19.000000 0.800000 38.000000 2 3 1
2014-04-17T10:00:00Z 2014-04-17T12:00:00Z 72.000000 80.000000 47.000000 9.000000 1.500000 27.000000 2 3 1
2014-04-17T09:00:00Z 2014-04-17T11:00:00Z 63.000000 81.000000 50.000000 5.000000 1.300000 17.000000 2 3 1
2014-04-17T08:00:00Z 2014-04-17T10:00:00Z 62.000000 68.000000 59.000000 4.000000 1.300000 2.000000 2 2 1
2014-04-17T07:00:00Z 2014-04-17T09:00:00Z 75.000000 130.000000 74.000000 4.000000 1.200000 2.000000 2 2 1
2014-04-16T08:00:00Z 2014-04-16T10:00:00Z 47.000000 117.000000 62.000000 13.000000 0.900000 13.000000 2 3 1
2014-04-16T07:00:00Z 2014-04-16T09:00:00Z 58.000000 146.000000 69.000000 12.000000 1.000000 5.000000 2 3 1
2014-04-16T06:00:00Z 2014-04-16T08:00:00Z 51.000000 150.000000 70.000000 11.000000 0.800000 8.000000 2 2 1
2014-04-16T05:00:00Z 2014-04-16T07:00:00Z 44.000000 141.000000 73.000000 15.000000 0.800000 7.000000 2 2 1
2014-04-16T04:00:00Z 2014-04-16T06:00:00Z 40.000000 89.000000 64.000000 10.000000 0.700000 16.000000 2 2 1
2014-04-16T03:00:00Z 2014-04-16T05:00:00Z 42.000000 81.000000 42.000000 8.000000 0.600000 33.000000 2 2 1
2014-04-16T02:00:00Z 2014-04-16T04:00:00Z 46.000000 77.000000 47.000000 8.000000 0.700000 31.000000 2 2 1
2014-04-16T01:00:00Z 2014-04-16T03:00:00Z 43.000000 94.000000 42.000000 8.000000 0.600000 36.000000 2 2 1
2014-04-16T00:00:00Z 2014-04-16T02:00:00Z 50.000000 121.000000 54.000000 8.000000 0.600000 31.000000 2 2 1
2014-04-15T23:00:00Z 2014-04-16T01:00:00Z 46.000000 111.000000 68.000000 9.000000 0.700000 24.000000 2 2 1
2014-04-15T22:00:00Z 2014-04-16T00:00:00Z 48.000000 109.000000 54.000000 11.000000 0.600000 36.000000 2 2 1
2014-04-15T21:00:00Z 2014-04-15T23:00:00Z 51.000000 130.000000 60.000000 11.000000 0.600000 36.000000 2 2 1
2014-04-15T20:00:00Z 2014-04-15T22:00:00Z 58.000000 118.000000 56.000000 11.000000 0.600000 44.000000 2 2 1
2014-04-15T19:00:00Z 2014-04-15T21:00:00Z 57.000000 133.000000 46.000000 11.000000 0.600000 60.000000 2 2 1
2014-04-15T18:00:00Z 2014-04-15T20:00:00Z 55.000000 128.000000 37.000000 12.000000 0.500000 74.000000 2 2 1
2014-04-03T02:00:00Z 2014-04-03T04:00:00Z 58.000000 134.000000 54.000000 15.000000 0.800000 30.000000 2 1 0
2014-04-03T01:00:00Z 2014-04-03T03:00:00Z 74.000000 112.000000 75.000000 18.000000 0.800000 19.000000 2 2 0
2014-04-02T16:00:00Z 2014-04-02T18:00:00Z 39.000000 74.000000 13.000000 8.000000 0.500000 139.000000 2 4 0
2014-04-02T15:00:00Z 2014-04-02T17:00:00Z 48.000000 71.000000 13.000000 8.000000 0.500000 141.000000 2 3 0
2014-04-02T14:00:00Z 2014-04-02T16:00:00Z 60.000000 90.000000 14.000000 9.000000 0.500000 143.000000 2 2 0
2014-04-02T13:00:00Z 2014-04-02T15:00:00Z 51.000000 104.000000 14.000000 9.000000 0.500000 137.000000 2 2 0
2014-04-02T12:00:00Z 2014-04-02T14:00:00Z 43.000000 129.000000 14.000000 8.000000 0.400000 111.000000 2 2 0
2014-04-02T06:00:00Z 2014-04-02T08:00:00Z 73.000000 90.000000 37.000000 9.000000 0.700000 54.000000 2 3 0
2014-04-02T04:00:00Z 2014-04-02T06:00:00Z 66.000000 84.000000 62.000000 8.000000 0.700000 26.000000 2 2 0
2014-04-02T03:00:00Z 2014-04-02T05:00:00Z 65.000000 86.000000 58.000000 8.000000 0.600000 39.000000 2 2 0
2014-04-02T02:00:00Z 2014-04-02T04:00:00Z 60.000000 79.000000 38.000000 9.000000 0.600000 72.000000 2 2 0
2014-04-02T01:00:00Z 2014-04-02T03:00:00Z 59.000000 70.000000 22.000000 7.000000 0.700000 93.000000 2 2 0
2014-04-02T00:00:00Z 2014-04-02T02:00:00Z 57.000000 73.000000 29.000000 8.000000 0.700000 88.000000 2 2 0
2014-04-01T23:00:00Z 2014-04-02T01:00:00Z 70.000000 75.000000 38.000000 8.000000 0.800000 80.000000 2 2 0
2014-04-01T20:00:00Z 2014-04-01T22:00:00Z 70.000000 105.000000 48.000000 9.000000 0.700000 98.000000 2 3 0
2014-04-01T19:00:00Z 2014-04-01T21:00:00Z 71.000000 112.000000 39.000000 8.000000 0.700000 125.000000 2 3 0
2014-04-01T18:00:00Z 2014-04-01T20:00:00Z 60.000000 94.000000 26.000000 6.000000 0.600000 140.000000 2 2 0
2014-04-01T17:00:00Z 2014-04-01T19:00:00Z 44.000000 62.000000 22.000000 6.000000 0.500000 148.000000 2 2 0
2014-04-01T16:00:00Z 2014-04-01T18:00:00Z 51.000000 76.000000 31.000000 7.000000 0.600000 142.000000 2 2 0
2014-04-01T05:00:00Z 2014-04-01T07:00:00Z 59.000000 70.000000 21.000000 3.000000 0.800000 41.000000 2 3 0
2014-03-31T03:00:00Z 2014-03-31T05:00:00Z 41.000000 133.000000 64.000000 9.000000 0.600000 18.000000 2 4 1
2014-03-31T02:00:00Z 2014-03-31T04:00:00Z 42.000000 91.000000 60.000000 6.000000 0.600000 23.000000 2 3 1
2014-03-30T23:00:00Z 2014-03-31T01:00:00Z 44.000000 99.000000 84.000000 6.000000 0.700000 9.000000 2 1 1
2014-03-30T22:00:00Z 2014-03-31T00:00:00Z 44.000000 129.000000 98.000000 5.000000 0.700000 2.000000 2 1 1
2014-03-30T21:00:00Z 2014-03-30T23:00:00Z 40.000000 111.000000 68.000000 4.000000 0.500000 40.000000 2 2 1
2014-03-29T21:00:00Z 2014-03-29T23:00:00Z 38.000000 126.000000 60.000000 8.000000 0.600000 41.000000 2 1 1
2014-03-28T18:00:00Z 2014-03-28T20:00:00Z 67.000000 140.000000 29.000000 8.000000 0.600000 102.000000 2 4 1
2014-03-28T17:00:00Z 2014-03-28T19:00:00Z 64.000000 96.000000 22.000000 8.000000 0.500000 111.000000 2 3 1
2014-03-28T16:00:00Z 2014-03-28T18:00:00Z 72.000000 75.000000 17.000000 9.000000 0.600000 116.000000 2 2 1
2014-03-22T21:00:00Z 2014-03-22T23:00:00Z 39.000000 95.000000 66.000000 12.000000 1.000000 24.000000 2 3 1
2014-03-22T09:00:00Z 2014-03-22T11:00:00Z 36.000000 90.000000 30.000000 53.000000 0.800000 52.000000 2 1 1
2014-03-22T08:00:00Z 2014-03-22T10:00:00Z 52.000000 78.000000 47.000000 49.000000 1.100000 25.000000 2 1 1
2014-03-22T07:00:00Z 2014-03-22T09:00:00Z 51.000000 131.000000 65.000000 21.000000 1.800000 2.000000 2 2 1
2014-03-22T06:00:00Z 2014-03-22T08:00:00Z 49.000000 108.000000 62.000000 22.000000 1.800000 5.000000 2 2 1
2014-03-22T05:00:00Z 2014-03-22T07:00:00Z 39.000000 92.000000 48.000000 15.000000 1.200000 17.000000 2 2 1
2014-03-21T22:00:00Z 2014-03-22T00:00:00Z 40.000000 79.000000 37.000000 12.000000 0.700000 50.000000 2 1 1
2014-03-21T21:00:00Z 2014-03-21T23:00:00Z 53.000000 127.000000 86.000000 19.000000 1.100000 15.000000 2 1 1
2014-03-19T12:00:00Z 2014-03-19T14:00:00Z 68.000000 112.000000 53.000000 26.000000 1.000000 39.000000 2 1 1
2014-03-19T11:00:00Z 2014-03-19T13:00:00Z 74.000000 109.000000 52.000000 28.000000 1.100000 37.000000 2 2 1
2014-03-19T10:00:00Z 2014-03-19T12:00:00Z 66.000000 122.000000 66.000000 30.000000 1.200000 18.000000 2 2 1
2014-03-19T09:00:00Z 2014-03-19T11:00:00Z 67.000000 195.000000 60.000000 29.000000 1.300000 17.000000 2 2 1
2014-03-19T08:00:00Z 2014-03-19T10:00:00Z 60.000000 151.000000 67.000000 27.000000 1.400000 6.000000 2 2 1
2014-03-19T07:00:00Z 2014-03-19T09:00:00Z 54.000000 83.000000 59.000000 22.000000 1.100000 11.000000 2 2 1
2014-03-19T06:00:00Z 2014-03-19T08:00:00Z 53.000000 77.000000 42.000000 22.000000 1.000000 30.000000 2 2 1
2014-03-19T05:00:00Z 2014-03-19T07:00:00Z 59.000000 94.000000 42.000000 22.000000 0.900000 35.000000 2 2 1
2014-03-19T04:00:00Z 2014-03-19T06:00:00Z 56.000000 107.000000 46.000000 23.000000 0.900000 34.000000 2 2 1
2014-03-19T03:00:00Z 2014-03-19T05:00:00Z 47.000000 106.000000 50.000000 19.000000 0.900000 30.000000 2 2 1
2014-03-19T02:00:00Z 2014-03-19T04:00:00Z 49.000000 90.000000 53.000000 18.000000 0.900000 30.000000 2 2 1
2014-03-19T01:00:00Z 2014-03-19T03:00:00Z 50.000000 116.000000 54.000000 16.000000 1.000000 32.000000 2 2 1
2014-03-18T23:00:00Z 2014-03-19T01:00:00Z 42.000000 95.000000 34.000000 12.000000 0.500000 64.000000 2 2 1
2014-03-18T22:00:00Z 2014-03-19T00:00:00Z 43.000000 115.000000 33.000000 13.000000 0.500000 74.000000 2 1 1
2014-03-18T21:00:00Z 2014-03-18T23:00:00Z 47.000000 143.000000 30.000000 12.000000 0.500000 86.000000 2 2 1
2014-03-18T20:00:00Z 2014-03-18T22:00:00Z 51.000000 179.000000 30.000000 12.000000 0.600000 93.000000 2 2 1
2014-03-18T19:00:00Z 2014-03-18T21:00:00Z 59.000000 241.000000 38.000000 16.000000 0.700000 88.000000 2 2 1
2014-03-18T18:00:00Z 2014-03-18T20:00:00Z 67.000000 265.000000 31.000000 20.000000 0.800000 98.000000 2 2 1
2014-03-18T15:00:00Z 2014-03-18T17:00:00Z 69.000000 225.000000 40.000000 31.000000 1.000000 81.000000 2 3 1
2014-03-18T14:00:00Z 2014-03-18T16:00:00Z 49.000000 162.000000 37.000000 21.000000 0.700000 80.000000 2 3 1
2014-03-17T15:00:00Z 2014-03-17T17:00:00Z 43.000000 325.000000 18.000000 4.000000 0.300000 77.000000 2 1 1
2014-03-17T10:00:00Z 2014-03-17T12:00:00Z 47.000000 393.000000 80.000000 57.000000 2.200000 20.000000 2 1 1
2014-03-17T08:00:00Z 2014-03-17T10:00:00Z 37.000000 239.000000 82.000000 60.000000 2.600000 6.000000 2 2 1
2014-03-17T06:00:00Z 2014-03-17T08:00:00Z 38.000000 214.000000 85.000000 46.000000 2.300000 2.000000 2 2 1
2014-03-17T05:00:00Z 2014-03-17T07:00:00Z 40.000000 186.000000 70.000000 46.000000 2.200000 14.000000 2 1 1
2014-03-17T04:00:00Z 2014-03-17T06:00:00Z 47.000000 188.000000 76.000000 43.000000 1.900000 13.000000 2 2 1
2014-03-17T03:00:00Z 2014-03-17T05:00:00Z 55.000000 225.000000 86.000000 48.000000 2.100000 9.000000 2 2 1
2014-03-17T02:00:00Z 2014-03-17T04:00:00Z 55.000000 196.000000 48.000000 60.000000 2.000000 43.000000 2 2 1
2014-03-17T01:00:00Z 2014-03-17T03:00:00Z 49.000000 214.000000 58.000000 77.000000 2.200000 45.000000 2 2 1
2014-03-17T00:00:00Z 2014-03-17T02:00:00Z 65.000000 230.000000 63.000000 73.000000 2.100000 45.000000 2 2 1
2014-03-16T14:00:00Z 2014-03-16T16:00:00Z 37.000000 160.000000 52.000000 62.000000 1.600000 79.000000 2 1 1
2014-03-16T13:00:00Z 2014-03-16T15:00:00Z 63.000000 149.000000 54.000000 62.000000 1.500000 70.000000 2 1 1
2014-03-16T12:00:00Z 2014-03-16T14:00:00Z 50.000000 137.000000 48.000000 67.000000 1.600000 67.000000 2 2 1
2014-03-16T11:00:00Z 2014-03-16T13:00:00Z 64.000000 119.000000 44.000000 66.000000 1.600000 62.000000 2 2 1
2014-03-16T10:00:00Z 2014-03-16T12:00:00Z 68.000000 136.000000 62.000000 74.000000 2.000000 39.000000 2 2 1
2014-03-16T05:00:00Z 2014-03-16T07:00:00Z 75.000000 158.000000 71.000000 64.000000 2.200000 15.000000 2 3 1
2014-03-15T08:00:00Z 2014-03-15T10:00:00Z 63.000000 149.000000 62.000000 34.000000 1.700000 7.000000 2 3 1
2014-03-15T07:00:00Z 2014-03-15T09:00:00Z 59.000000 141.000000 68.000000 40.000000 1.800000 5.000000 2 3 1
2014-03-15T06:00:00Z 2014-03-15T08:00:00Z 45.000000 93.000000 39.000000 24.000000 0.900000 26.000000 2 2 1
2014-03-15T04:00:00Z 2014-03-15T06:00:00Z 41.000000 83.000000 28.000000 23.000000 0.800000 34.000000 2 2 1
2014-03-15T03:00:00Z 2014-03-15T05:00:00Z 44.000000 87.000000 31.000000 23.000000 0.700000 36.000000 2 2 1
2014-03-15T02:00:00Z 2014-03-15T04:00:00Z 57.000000 127.000000 65.000000 28.000000 1.400000 14.000000 2 2 1
2014-03-15T01:00:00Z 2014-03-15T03:00:00Z 48.000000 98.000000 38.000000 22.000000 0.800000 36.000000 2 2 1
2014-03-15T00:00:00Z 2014-03-15T02:00:00Z 49.000000 102.000000 35.000000 21.000000 0.900000 42.000000 2 2 1
2014-03-14T23:00:00Z 2014-03-15T01:00:00Z 51.000000 98.000000 41.000000 21.000000 0.900000 37.000000 2 2 1
2014-03-14T22:00:00Z 2014-03-15T00:00:00Z 64.000000 135.000000 73.000000 38.000000 1.300000 14.000000 2 2 1
2014-03-14T21:00:00Z 2014-03-14T23:00:00Z 57.000000 144.000000 77.000000 35.000000 1.200000 17.000000 2 2 1
2014-03-14T20:00:00Z 2014-03-14T22:00:00Z 41.000000 115.000000 46.000000 22.000000 0.700000 54.000000 2 2 1
2014-03-14T19:00:00Z 2014-03-14T21:00:00Z 36.000000 109.000000 52.000000 31.000000 0.500000 58.000000 2 2 1
2014-03-13T22:00:00Z 2014-03-14T00:00:00Z 36.000000 449.000000 9.000000 2.000000 0.200000 76.000000 2 1 1
2014-03-10T11:00:00Z 2014-03-10T13:00:00Z 64.000000 85.000000 50.000000 65.000000 1.600000 26.000000 2 3 1
2014-03-10T10:00:00Z 2014-03-10T12:00:00Z 56.000000 75.000000 53.000000 60.000000 1.700000 20.000000 2 3 1
2014-03-10T08:00:00Z 2014-03-10T10:00:00Z 50.000000 64.000000 60.000000 54.000000 1.500000 11.000000 2 2 1
2014-03-10T06:00:00Z 2014-03-10T08:00:00Z 48.000000 53.000000 59.000000 40.000000 1.400000 10.000000 2 2 1
2014-03-10T05:00:00Z 2014-03-10T07:00:00Z 44.000000 47.000000 52.000000 34.000000 1.200000 14.000000 2 2 1
2014-03-10T04:00:00Z 2014-03-10T06:00:00Z 36.000000 40.000000 42.000000 26.000000 0.900000 22.000000 2 2 1
2014-03-10T01:00:00Z 2014-03-10T03:00:00Z 44.000000 57.000000 52.000000 20.000000 0.700000 14.000000 2 1 1
2014-03-08T03:00:00Z 2014-03-08T05:00:00Z 75.000000 99.000000 68.000000 40.000000 1.900000 8.000000 2 3 1
2014-03-08T02:00:00Z 2014-03-08T04:00:00Z 66.000000 82.000000 55.000000 31.000000 1.600000 14.000000 2 3 1
2014-03-08T01:00:00Z 2014-03-08T03:00:00Z 72.000000 83.000000 55.000000 32.000000 1.600000 16.000000 2 2 1
2014-03-08T00:00:00Z 2014-03-08T02:00:00Z 65.000000 85.000000 61.000000 31.000000 1.600000 14.000000 2 2 1
2014-03-07T23:00:00Z 2014-03-08T01:00:00Z 53.000000 74.000000 58.000000 27.000000 1.300000 17.000000 2 2 1
2014-03-07T22:00:00Z 2014-03-08T00:00:00Z 75.000000 98.000000 73.000000 39.000000 1.700000 10.000000 2 2 1
2014-03-07T21:00:00Z 2014-03-07T23:00:00Z 64.000000 96.000000 82.000000 38.000000 1.400000 9.000000 2 2 1
2014-03-07T20:00:00Z 2014-03-07T22:00:00Z 57.000000 95.000000 86.000000 60.000000 1.100000 12.000000 2 2 1
2014-03-07T19:00:00Z 2014-03-07T21:00:00Z 53.000000 91.000000 83.000000 65.000000 1.000000 18.000000 2 2 1
2014-03-07T18:00:00Z 2014-03-07T20:00:00Z 41.000000 74.000000 62.000000 47.000000 0.800000 42.000000 2 2 1
2014-03-02T01:00:00Z 2014-03-02T03:00:00Z 51.000000 80.000000 42.000000 24.000000 1.200000 11.000000 2 4 0
2014-03-02T00:00:00Z 2014-03-02T02:00:00Z 36.000000 47.000000 24.000000 19.000000 0.800000 11.000000 2 4 0
2014-03-01T23:00:00Z 2014-03-02T01:00:00Z 38.000000 50.000000 32.000000 22.000000 0.900000 6.000000 2 2 0
2014-03-01T22:00:00Z 2014-03-02T00:00:00Z 67.000000 92.000000 62.000000 35.000000 1.500000 4.000000 2 2 0
2014-03-01T20:00:00Z 2014-03-01T22:00:00Z 74.000000 109.000000 85.000000 44.000000 1.600000 5.000000 2 2 0
2014-03-01T19:00:00Z 2014-03-01T21:00:00Z 40.000000 71.000000 69.000000 34.000000 1.300000 5.000000 2 3 0
2014-03-01T09:00:00Z 2014-03-01T11:00:00Z 37.000000 50.000000 40.000000 84.000000 1.000000 10.000000 2 1 0
2014-02-28T10:00:00Z 2014-02-28T12:00:00Z 56.000000 68.000000 41.000000 38.000000 1.200000 8.000000 2 3 1
2014-02-28T09:00:00Z 2014-02-28T11:00:00Z 52.000000 64.000000 43.000000 34.000000 1.200000 8.000000 2 2 1
2014-02-28T08:00:00Z 2014-02-28T10:00:00Z 47.000000 61.000000 44.000000 26.000000 1.000000 7.000000 2 2 1
2014-02-28T07:00:00Z 2014-02-28T09:00:00Z 44.000000 56.000000 39.000000 21.000000 0.900000 7.000000 2 2 1
2014-02-28T06:00:00Z 2014-02-28T08:00:00Z 43.000000 56.000000 37.000000 18.000000 1.000000 7.000000 2 2 1
2014-02-28T04:00:00Z 2014-02-28T06:00:00Z 61.000000 93.000000 60.000000 15.000000 1.300000 6.000000 2 2 1
2014-02-28T03:00:00Z 2014-02-28T05:00:00Z 49.000000 80.000000 58.000000 16.000000 1.200000 6.000000 2 2 1
2014-02-27T23:00:00Z 2014-02-28T01:00:00Z 36.000000 41.000000 38.000000 29.000000 1.000000 8.000000 2 1 1
2014-02-27T22:00:00Z 2014-02-28T00:00:00Z 41.000000 56.000000 58.000000 33.000000 1.300000 4.000000 2 1 1
2014-02-19T22:00:00Z 2014-02-20T00:00:00Z 64.000000 84.000000 75.000000 46.000000 1.500000 9.000000 2 4 1
2014-02-19T21:00:00Z 2014-02-19T23:00:00Z 61.000000 73.000000 80.000000 48.000000 1.400000 16.000000 2 3 1
2014-02-19T20:00:00Z 2014-02-19T22:00:00Z 50.000000 62.000000 64.000000 35.000000 1.100000 29.000000 2 2 1
2014-02-18T10:00:00Z 2014-02-18T12:00:00Z 75.000000 95.000000 56.000000 53.000000 1.500000 23.000000 2 3 1
2014-02-18T09:00:00Z 2014-02-18T11:00:00Z 60.000000 90.000000 57.000000 58.000000 1.400000 15.000000 2 3 1
2014-02-18T08:00:00Z 2014-02-18T10:00:00Z 58.000000 81.000000 60.000000 45.000000 1.400000 5.000000 2 2 1
2014-02-18T07:00:00Z 2014-02-18T09:00:00Z 54.000000 85.000000 54.000000 36.000000 1.600000 4.000000 2 2 1
2014-02-18T06:00:00Z 2014-02-18T08:00:00Z 49.000000 73.000000 55.000000 35.000000 1.600000 5.000000 2 2 1
2014-02-18T05:00:00Z 2014-02-18T07:00:00Z 46.000000 64.000000 50.000000 31.000000 1.300000 12.000000 2 2 1
2014-02-18T04:00:00Z 2014-02-18T06:00:00Z 47.000000 60.000000 54.000000 30.000000 1.400000 9.000000 2 2 1
2014-02-18T02:00:00Z 2014-02-18T04:00:00Z 51.000000 78.000000 63.000000 40.000000 1.400000 8.000000 2 2 1
2014-02-18T00:00:00Z 2014-02-18T02:00:00Z 46.000000 64.000000 45.000000 32.000000 0.900000 30.000000 2 2 1
2014-02-17T23:00:00Z 2014-02-18T01:00:00Z 65.000000 106.000000 48.000000 37.000000 1.100000 33.000000 2 2 1
2014-02-17T15:00:00Z 2014-02-17T17:00:00Z 45.000000 63.000000 58.000000 71.000000 2.000000 59.000000 2 3 1
2014-02-12T18:00:00Z 2014-02-12T20:00:00Z 73.000000 91.000000 83.000000 57.000000 1.200000 21.000000 2 4 1
2014-02-12T17:00:00Z 2014-02-12T19:00:00Z 40.000000 45.000000 52.000000 30.000000 0.600000 46.000000 2 4 1
2014-02-11T15:00:00Z 2014-02-11T17:00:00Z 73.000000 80.000000 53.000000 60.000000 1.200000 54.000000 2 3 1
2014-02-11T13:00:00Z 2014-02-11T15:00:00Z 72.000000 73.000000 49.000000 62.000000 1.200000 46.000000 2 2 1
2014-02-11T09:00:00Z 2014-02-11T11:00:00Z 52.000000 59.000000 53.000000 56.000000 1.500000 15.000000 2 3 1
2014-02-11T08:00:00Z 2014-02-11T10:00:00Z 51.000000 59.000000 65.000000 55.000000 1.600000 6.000000 2 2 1
2014-02-11T07:00:00Z 2014-02-11T09:00:00Z 45.000000 46.000000 61.000000 40.000000 1.500000 4.000000 2 2 1
2014-02-10T21:00:00Z 2014-02-10T23:00:00Z 59.000000 64.000000 69.000000 64.000000 1.800000 18.000000 2 2 1
2014-02-10T20:00:00Z 2014-02-10T22:00:00Z 56.000000 63.000000 78.000000 130.000000 1.500000 18.000000 2 2 1
2014-02-10T19:00:00Z 2014-02-10T21:00:00Z 44.000000 50.000000 67.000000 97.000000 1.200000 32.000000 2 2 1
2014-02-05T12:00:00Z 2014-02-05T14:00:00Z 70.000000 81.000000 36.000000 59.000000 1.500000 37.000000 2 3 0
2014-02-05T11:00:00Z 2014-02-05T13:00:00Z 66.000000 79.000000 39.000000 60.000000 1.500000 29.000000 2 3 0
2014-02-05T09:00:00Z 2014-02-05T11:00:00Z 56.000000 87.000000 41.000000 47.000000 1.600000 18.000000 2 2 0
2014-02-05T08:00:00Z 2014-02-05T10:00:00Z 50.000000 63.000000 34.000000 38.000000 1.200000 21.000000 2 3 0
2014-02-05T06:00:00Z 2014-02-05T08:00:00Z 47.000000 61.000000 44.000000 42.000000 1.500000 13.000000 2 2 0
2014-02-05T03:00:00Z 2014-02-05T05:00:00Z 37.000000 46.000000 18.000000 23.000000 1.000000 41.000000 2 2 0
2014-02-05T02:00:00Z 2014-02-05T04:00:00Z 39.000000 44.000000 16.000000 21.000000 1.200000 43.000000 2 2 0
2014-02-05T01:00:00Z 2014-02-05T03:00:00Z 43.000000 45.000000 18.000000 25.000000 1.100000 44.000000 2 2 0
2014-02-05T00:00:00Z 2014-02-05T02:00:00Z 41.000000 46.000000 16.000000 22.000000 1.100000 47.000000 2 2 0
2014-02-04T23:00:00Z 2014-02-05T01:00:00Z 45.000000 63.000000 22.000000 34.000000 1.100000 46.000000 2 2 0
2014-02-04T22:00:00Z 2014-02-05T00:00:00Z 57.000000 79.000000 28.000000 39.000000 1.000000 42.000000 2 2 0
2014-02-04T20:00:00Z 2014-02-04T22:00:00Z 46.000000 63.000000 23.000000 34.000000 0.900000 53.000000 2 2 0
2014-02-02T09:00:00Z 2014-02-02T11:00:00Z 47.000000 155.000000 18.000000 41.000000 0.900000 60.000000 2 1 0
2014-01-30T18:00:00Z 2014-01-30T20:00:00Z 71.000000 114.000000 45.000000 46.000000 1.000000 59.000000 2 4 1
2014-01-30T03:00:00Z 2014-01-30T05:00:00Z 42.000000 53.000000 21.000000 29.000000 1.100000 45.000000 2 1 1
2014-01-29T02:00:00Z 2014-01-29T04:00:00Z 70.000000 87.000000 59.000000 51.000000 1.900000 10.000000 2 3 1
2014-01-29T01:00:00Z 2014-01-29T03:00:00Z 68.000000 86.000000 59.000000 49.000000 1.900000 12.000000 2 3 1
2014-01-29T00:00:00Z 2014-01-29T02:00:00Z 69.000000 94.000000 53.000000 45.000000 1.600000 16.000000 2 2 1
2014-01-28T23:00:00Z 2014-01-29T01:00:00Z 75.000000 106.000000 57.000000 45.000000 1.500000 17.000000 2 2 1
2014-01-28T13:00:00Z 2014-01-28T15:00:00Z 40.000000 43.000000 37.000000 34.000000 0.700000 48.000000 2 3 1
2014-01-26T17:00:00Z 2014-01-26T19:00:00Z 70.000000 87.000000 41.000000 64.000000 0.800000 43.000000 2 3 1
2014-01-26T16:00:00Z 2014-01-26T18:00:00Z 67.000000 83.000000 36.000000 69.000000 0.700000 46.000000 2 3 1
2014-01-26T15:00:00Z 2014-01-26T17:00:00Z 60.000000 83.000000 33.000000 74.000000 0.700000 48.000000 2 2 1
2014-01-26T14:00:00Z 2014-01-26T16:00:00Z 55.000000 68.000000 35.000000 68.000000 0.700000 43.000000 2 2 1
2014-01-26T13:00:00Z 2014-01-26T15:00:00Z 58.000000 83.000000 32.000000 58.000000 0.800000 42.000000 2 2 1
2014-01-26T12:00:00Z 2014-01-26T14:00:00Z 58.000000 72.000000 31.000000 48.000000 0.800000 38.000000 2 2 1
2014-01-26T11:00:00Z 2014-01-26T13:00:00Z 49.000000 74.000000 41.000000 42.000000 1.000000 25.000000 2 2 1
2014-01-26T09:00:00Z 2014-01-26T11:00:00Z 37.000000 65.000000 50.000000 40.000000 1.100000 15.000000 2 2 1
2014-01-26T08:00:00Z 2014-01-26T10:00:00Z 46.000000 76.000000 56.000000 40.000000 1.400000 5.000000 2 1 1
2014-01-26T07:00:00Z 2014-01-26T09:00:00Z 42.000000 73.000000 51.000000 36.000000 1.200000 11.000000 2 2 1
2014-01-26T06:00:00Z 2014-01-26T08:00:00Z 42.000000 72.000000 46.000000 35.000000 1.200000 11.000000 2 2 1
2014-01-26T05:00:00Z 2014-01-26T07:00:00Z 42.000000 69.000000 42.000000 30.000000 1.100000 13.000000 2 2 1
2014-01-26T04:00:00Z 2014-01-26T06:00:00Z 43.000000 67.000000 38.000000 30.000000 1.100000 16.000000 2 2 1
2014-01-26T03:00:00Z 2014-01-26T05:00:00Z 47.000000 77.000000 41.000000 39.000000 1.100000 16.000000 2 2 1
2014-01-26T02:00:00Z 2014-01-26T04:00:00Z 48.000000 79.000000 40.000000 33.000000 1.100000 16.000000 2 2 1
2014-01-26T01:00:00Z 2014-01-26T03:00:00Z 51.000000 78.000000 40.000000 36.000000 1.000000 19.000000 2 2 1
2014-01-26T00:00:00Z 2014-01-26T02:00:00Z 56.000000 88.000000 44.000000 32.000000 1.000000 17.000000 2 2 1
2014-01-25T23:00:00Z 2014-01-26T01:00:00Z 55.000000 66.000000 52.000000 40.000000 1.300000 14.000000 2 2 1
2014-01-24T16:00:00Z 2014-01-24T18:00:00Z 38.000000 60.000000 42.000000 56.000000 0.900000 37.000000 2 1 1
2014-01-22T05:00:00Z 2014-01-22T07:00:00Z 60.000000 61.000000 55.000000 51.000000 1.800000 11.000000 2 2 1
2014-01-22T04:00:00Z 2014-01-22T06:00:00Z 56.000000 56.000000 38.000000 37.000000 1.400000 26.000000 2 2 1
2014-01-21T23:00:00Z 2014-01-22T01:00:00Z 74.000000 75.000000 46.000000 44.000000 1.500000 27.000000 2 2 1
2014-01-21T22:00:00Z 2014-01-22T00:00:00Z 72.000000 77.000000 55.000000 47.000000 1.400000 22.000000 2 2 1
2014-01-21T21:00:00Z 2014-01-21T23:00:00Z 73.000000 80.000000 57.000000 43.000000 1.500000 21.000000 2 2 1
2014-01-21T19:00:00Z 2014-01-21T21:00:00Z 74.000000 95.000000 79.000000 42.000000 1.400000 13.000000 2 2 1
2014-01-21T18:00:00Z 2014-01-21T20:00:00Z 62.000000 86.000000 59.000000 41.000000 1.100000 35.000000 2 3 1
2014-01-21T17:00:00Z 2014-01-21T19:00:00Z 55.000000 74.000000 53.000000 58.000000 0.900000 43.000000 2 2 1
2014-01-21T16:00:00Z 2014-01-21T18:00:00Z 49.000000 91.000000 52.000000 58.000000 1.000000 38.000000 2 2 1
2014-01-19T18:00:00Z 2014-01-19T20:00:00Z 58.000000 224.000000 24.000000 10.000000 0.500000 53.000000 2 1 1
2014-01-17T20:00:00Z 2014-01-17T22:00:00Z 42.000000 47.000000 64.000000 39.000000 1.200000 12.000000 2 1 1
2014-01-15T02:00:00Z 2014-01-15T04:00:00Z 68.000000 97.000000 64.000000 43.000000 1.600000 6.000000 2 4 1
2014-01-15T01:00:00Z 2014-01-15T03:00:00Z 75.000000 101.000000 71.000000 55.000000 1.800000 6.000000 2 3 1
2014-01-14T02:00:00Z 2014-01-14T04:00:00Z 66.000000 74.000000 63.000000 51.000000 1.900000 12.000000 2 1 1
2014-01-14T01:00:00Z 2014-01-14T03:00:00Z 68.000000 90.000000 70.000000 50.000000 1.800000 7.000000 2 2 1
2014-01-13T08:00:00Z 2014-01-13T10:00:00Z 44.000000 52.000000 57.000000 45.000000 2.100000 3.000000 2 3 1
2014-01-13T07:00:00Z 2014-01-13T09:00:00Z 46.000000 51.000000 54.000000 41.000000 2.100000 4.000000 2 3 1
2014-01-13T06:00:00Z 2014-01-13T08:00:00Z 36.000000 53.000000 53.000000 38.000000 1.900000 5.000000 2 2 1
2014-01-12T23:00:00Z 2014-01-13T01:00:00Z 39.000000 46.000000 35.000000 34.000000 1.200000 28.000000 2 1 1
2014-01-12T22:00:00Z 2014-01-13T00:00:00Z 52.000000 76.000000 57.000000 44.000000 1.500000 14.000000 2 1 1
2014-01-12T21:00:00Z 2014-01-12T23:00:00Z 54.000000 92.000000 65.000000 54.000000 1.200000 9.000000 2 2 1
2014-01-12T20:00:00Z 2014-01-12T22:00:00Z 65.000000 87.000000 73.000000 51.000000 1.700000 8.000000 2 2 1
2014-01-12T18:00:00Z 2014-01-12T20:00:00Z 37.000000 55.000000 54.000000 32.000000 1.000000 25.000000 2 2 1
2014-01-11T21:00:00Z 2014-01-11T23:00:00Z 59.000000 89.000000 67.000000 65.000000 1.700000 9.000000 2 1 1
2014-01-11T17:00:00Z 2014-01-11T19:00:00Z 66.000000 92.000000 79.000000 73.000000 1.500000 9.000000 2 3 1
2014-01-11T16:00:00Z 2014-01-11T18:00:00Z 50.000000 74.000000 62.000000 62.000000 1.000000 19.000000 2 3 1
2014-01-11T00:00:00Z 2014-01-11T02:00:00Z 45.000000 53.000000 47.000000 47.000000 1.100000 14.000000 2 3 1
2014-01-10T23:00:00Z 2014-01-11T01:00:00Z 40.000000 49.000000 44.000000 37.000000 0.900000 16.000000 2 3 1
2014-01-10T19:00:00Z 2014-01-10T21:00:00Z 69.000000 92.000000 78.000000 63.000000 1.800000 10.000000 2 4 1
2014-01-10T18:00:00Z 2014-01-10T20:00:00Z 39.000000 55.000000 63.000000 40.000000 0.800000 18.000000 2 4 1
2014-01-10T02:00:00Z 2014-01-10T04:00:00Z 39.000000 43.000000 32.000000 33.000000 1.000000 20.000000 2 2 1
2014-01-10T01:00:00Z 2014-01-10T03:00:00Z 46.000000 50.000000 35.000000 37.000000 1.200000 19.000000 2 2 1
2014-01-10T00:00:00Z 2014-01-10T02:00:00Z 58.000000 71.000000 48.000000 47.000000 1.700000 11.000000 2 2 1
2014-01-09T23:00:00Z 2014-01-10T01:00:00Z 67.000000 83.000000 63.000000 52.000000 1.900000 6.000000 2 2 1
2014-01-09T20:00:00Z 2014-01-09T22:00:00Z 63.000000 120.000000 76.000000 76.000000 1.500000 7.000000 2 3 1
2014-01-09T19:00:00Z 2014-01-09T21:00:00Z 40.000000 68.000000 57.000000 40.000000 0.800000 16.000000 2 3 1
2014-01-08T20:00:00Z 2014-01-08T22:00:00Z 38.000000 58.000000 54.000000 36.000000 1.200000 13.000000 2 1 1
2014-01-08T19:00:00Z 2014-01-08T21:00:00Z 42.000000 72.000000 62.000000 46.000000 1.300000 9.000000 2 1 1
2014-01-05T23:00:00Z 2014-01-06T01:00:00Z 75.000000 133.000000 72.000000 48.000000 8.500000 8.000000 2 4 0
2014-01-05T22:00:00Z 2014-01-06T00:00:00Z 65.000000 73.000000 65.000000 38.000000 7.200000 6.000000 2 4 0
2014-01-05T20:00:00Z 2014-01-05T22:00:00Z 58.000000 81.000000 62.000000 40.000000 8.800000 9.000000 2 2 0
2014-01-04T08:00:00Z 2014-01-04T10:00:00Z 62.000000 84.000000 61.000000 46.000000 7.000000 12.000000 2 3 0
2014-01-04T07:00:00Z 2014-01-04T09:00:00Z 57.000000 80.000000 57.000000 39.000000 7.200000 12.000000 2 3 0
2014-01-04T06:00:00Z 2014-01-04T08:00:00Z 58.000000 72.000000 58.000000 41.000000 6.300000 10.000000 2 2 0
2014-01-04T05:00:00Z 2014-01-04T07:00:00Z 72.000000 84.000000 65.000000 58.000000 6.000000 10.000000 2 2 0
2014-01-04T03:00:00Z 2014-01-04T05:00:00Z 73.000000 97.000000 64.000000 41.000000 6.700000 11.000000 2 2 0
2014-01-04T02:00:00Z 2014-01-04T04:00:00Z 63.000000 100.000000 61.000000 34.000000 5.500000 9.000000 2 3 0
2014-01-04T01:00:00Z 2014-01-04T03:00:00Z 74.000000 144.000000 64.000000 40.000000 5.200000 8.000000 2 2 0
2014-01-03T20:00:00Z 2014-01-03T22:00:00Z 55.000000 81.000000 63.000000 26.000000 9.500000 16.000000 2 1 0
2014-01-03T01:00:00Z 2014-01-03T03:00:00Z 37.000000 54.000000 34.000000 36.000000 0.600000 40.000000 2 1 0
2013-12-31T11:00:00Z 2013-12-31T13:00:00Z 40.000000 285.000000 18.000000 11.000000 0.300000 63.000000 2 1 1
2013-12-31T10:00:00Z 2013-12-31T12:00:00Z 51.000000 298.000000 27.000000 23.000000 0.400000 51.000000 2 1 1
2013-12-31T09:00:00Z 2013-12-31T11:00:00Z 51.000000 293.000000 30.000000 33.000000 0.500000 46.000000 2 2 1
2013-12-31T08:00:00Z 2013-12-31T10:00:00Z 49.000000 268.000000 29.000000 27.000000 0.500000 47.000000 2 2 1
2013-12-31T07:00:00Z 2013-12-31T09:00:00Z 52.000000 260.000000 28.000000 25.000000 0.500000 47.000000 2 2 1
2013-12-31T06:00:00Z 2013-12-31T08:00:00Z 47.000000 242.000000 26.000000 21.000000 0.500000 48.000000 2 2 1
2013-12-31T05:00:00Z 2013-12-31T07:00:00Z 51.000000 255.000000 49.000000 28.000000 0.900000 25.000000 2 2 1
2013-12-31T04:00:00Z 2013-12-31T06:00:00Z 54.000000 240.000000 34.000000 26.000000 0.600000 36.000000 2 2 1
2013-12-31T03:00:00Z 2013-12-31T05:00:00Z 54.000000 240.000000 29.000000 29.000000 0.600000 40.000000 2 2 1
2013-12-31T02:00:00Z 2013-12-31T04:00:00Z 47.000000 192.000000 27.000000 30.000000 0.700000 39.000000 2 2 1
2013-12-30T07:00:00Z 2013-12-30T09:00:00Z 36.000000 87.000000 41.000000 49.000000 0.800000 34.000000 2 2 1
2013-12-30T00:00:00Z 2013-12-30T02:00:00Z 40.000000 64.000000 56.000000 50.000000 0.800000 16.000000 2 1 1
2013-12-29T23:00:00Z 2013-12-30T01:00:00Z 50.000000 72.000000 65.000000 55.000000 1.000000 9.000000 2 1 1
2013-12-29T20:00:00Z 2013-12-29T22:00:00Z 74.000000 118.000000 74.000000 77.000000 1.600000 10.000000 2 3 1
2013-12-29T19:00:00Z 2013-12-29T21:00:00Z 54.000000 93.000000 60.000000 50.000000 0.800000 18.000000 2 3 1
2013-12-29T18:00:00Z 2013-12-29T20:00:00Z 53.000000 97.000000 58.000000 52.000000 0.700000 22.000000 2 2 1
