2013-06-01T11:00:00Z 0.00000 0 4
2013-06-01T10:00:00Z 0.00000 0 3
2013-06-01T09:00:00Z 0.00000 0 3
2013-06-01T08:00:00Z 0.00000 0 2
2013-06-01T07:00:00Z 0.00000 0 2
2013-06-01T06:00:00Z 0.00000 0 1
2013-06-05T04:00:00Z 0.00000 0 1
2013-06-05T03:00:00Z 0.00000 0 1
2013-06-05T02:00:00Z 0.00000 0 1
2013-06-05T01:00:00Z 0.00000 0 0
2013-06-05T00:00:00Z 0.00000 0 1
2013-06-04T23:00:00Z 0.00000 0 1
2013-06-09T13:00:00Z 0.00000 0 1
2013-06-09T12:00:00Z 0.00000 0 1
2013-06-09T11:00:00Z 0.00000 0 1
2013-06-09T10:00:00Z 0.00000 0 1
2013-06-09T09:00:00Z 0.00000 0 1
2013-06-09T08:00:00Z 0.00000 0 1
2013-06-13T22:00:00Z 0.00000 0 0
2013-06-13T21:00:00Z 0.00000 0 0
2013-06-13T20:00:00Z 0.00000 0 0
2013-06-13T19:00:00Z 0.00000 0 0
2013-06-14T23:00:00Z 0.00000 0 4
2013-06-14T22:00:00Z 0.00000 0 4
2013-06-14T21:00:00Z 0.00000 0 4
2013-06-14T20:00:00Z 0.00000 0 4
2013-06-14T19:00:00Z 0.00000 0 3
2013-06-14T18:00:00Z 0.00000 0 3
2013-06-17T10:00:00Z 0.00000 0 0
2013-06-17T09:00:00Z 0.00000 0 0
2013-06-17T08:00:00Z 0.00000 0 0
2013-06-17T07:00:00Z 0.00000 0 0
2013-06-17T06:00:00Z 0.00000 0 0
2013-06-17T05:00:00Z 0.00000 0 0
2013-06-27T13:00:00Z 0.00000 0 0
2013-06-27T12:00:00Z 0.00000 0 0
2013-06-27T11:00:00Z 0.00000 0 0
2013-06-27T10:00:00Z 0.00000 0 1
2013-06-27T09:00:00Z 0.00000 0 1
2013-06-27T08:00:00Z 0.00000 0 1
2013-06-29T19:00:00Z 0.00000 0 5
2013-06-29T18:00:00Z 0.00000 0 5
2013-06-29T17:00:00Z 0.00000 0 5
2013-06-29T16:00:00Z 0.00000 0 5
2013-06-29T15:00:00Z 0.00000 0 5
2013-06-29T14:00:00Z 0.00000 0 5
2013-07-20T09:00:00Z 0.00224 2 894
2013-07-20T08:00:00Z 0.00116 1 863
2013-07-20T07:00:00Z 0.00113 1 886
2013-07-20T06:00:00Z 0.00104 1 963
2013-07-20T05:00:00Z 0.00098 1 1024
2013-07-20T04:00:00Z 0.00092 1 1085
2013-07-28T07:00:00Z 0.00084 1 1194
2013-07-28T06:00:00Z 0.00075 1 1337
2013-07-28T05:00:00Z 0.00068 1 1481
2013-07-28T04:00:00Z 0.00181 3 1655
2013-07-28T03:00:00Z 0.00220 4 1819
2013-07-30T22:00:00Z 0.00342 4 1169
2013-07-30T21:00:00Z 0.00365 4 1097
2013-07-30T20:00:00Z 0.00367 4 1090
2013-07-30T19:00:00Z 0.00378 4 1059
2013-07-30T18:00:00Z 0.00302 3 994
2013-08-17T09:00:00Z 0.01543 11 713
2013-08-17T08:00:00Z 0.01556 11 707
2013-08-17T07:00:00Z 0.01226 9 734
2013-08-17T06:00:00Z 0.01444 11 762
2013-08-17T05:00:00Z 0.01330 11 827
2013-08-17T04:00:00Z 0.01218 11 903
2013-09-13T09:00:00Z 0.00000 0 363
2013-09-13T08:00:00Z 0.00257 1 389
2013-09-13T07:00:00Z 0.00250 1 400
2013-09-13T06:00:00Z 0.00240 1 417
2013-09-13T05:00:00Z 0.00428 2 467
2013-09-13T04:00:00Z 0.00386 2 518
2013-09-20T05:00:00Z 0.00069 1 1439
2013-09-20T04:00:00Z 0.00063 1 1575
2013-09-20T03:00:00Z 0.00059 1 1707
2013-09-20T02:00:00Z 0.00054 1 1852
2013-09-20T01:00:00Z 0.00100 2 1993
2013-09-20T00:00:00Z 0.00097 2 2063
2013-10-07T17:00:00Z 0.00600 7 1167
2013-10-07T16:00:00Z 0.00660 7 1061
2013-10-07T15:00:00Z 0.00520 5 962
2013-10-07T14:00:00Z 0.00571 5 876
2013-10-07T13:00:00Z 0.00756 6 794
2013-10-07T12:00:00Z 0.00789 6 760
2013-10-10T17:00:00Z 0.00155 1 646
2013-10-10T16:00:00Z 0.00168 1 594
2013-10-10T15:00:00Z 0.00188 1 533
2013-10-10T14:00:00Z 0.00202 1 496
2013-10-10T13:00:00Z 0.00000 0 436
2013-10-10T12:00:00Z 0.00000 0 394
2013-10-19T18:00:00Z 0.00335 6 1791
2013-10-19T17:00:00Z 0.00307 5 1631
2013-10-19T16:00:00Z 0.00346 5 1445
2013-10-19T15:00:00Z 0.00403 5 1242
2013-10-19T14:00:00Z 0.00463 5 1079
2013-10-19T13:00:00Z 0.00640 6 938
2013-10-22T19:00:00Z 0.00623 5 803
2013-10-22T18:00:00Z 0.00669 5 747
2013-10-22T17:00:00Z 0.00587 4 681
2013-10-22T16:00:00Z 0.00635 4 630
2013-10-29T17:00:00Z 0.00150 1 668
2013-10-29T16:00:00Z 0.00164 1 611
2013-10-29T15:00:00Z 0.00178 1 561
2013-10-29T14:00:00Z 0.00000 0 506
2013-10-29T13:00:00Z 0.00000 0 451
2013-10-29T12:00:00Z 0.00233 1 429
2013-11-09T19:00:00Z 0.00207 7 3379
2013-11-09T18:00:00Z 0.00128 4 3125
2013-11-09T17:00:00Z 0.00139 4 2874
2013-11-09T16:00:00Z 0.00115 3 2616
2013-11-09T15:00:00Z 0.00128 3 2346
2013-11-09T14:00:00Z 0.00141 3 2123
2013-11-14T16:00:00Z 0.00179 11 6158
2013-11-14T15:00:00Z 0.00200 11 5512
2013-11-14T14:00:00Z 0.00163 8 4900
2013-11-14T13:00:00Z 0.00180 8 4440
2013-11-14T12:00:00Z 0.00159 7 4398
2013-11-14T11:00:00Z 0.00149 7 4698
2013-11-24T17:00:00Z 0.00085 5 5851
2013-11-24T16:00:00Z 0.00077 4 5180
2013-11-24T15:00:00Z 0.00022 1 4609
2013-11-24T14:00:00Z 0.00024 1 4125
2013-11-24T13:00:00Z 0.00026 1 3806
2013-11-24T12:00:00Z 0.00027 1 3654
2013-12-09T06:00:00Z 0.00078 7 8936
2013-12-09T05:00:00Z 0.00110 11 10040
2013-12-09T04:00:00Z 0.00121 14 11563
2013-12-09T03:00:00Z 0.00159 20 12572
2013-12-09T02:00:00Z 0.00156 21 13447
2013-12-09T01:00:00Z 0.00175 25 14301
2013-12-26T04:00:00Z 0.00211 36 17041
2013-12-26T03:00:00Z 0.00206 37 17991
2013-12-26T02:00:00Z 0.00207 39 18847
2013-12-26T01:00:00Z 0.00201 39 19427
2013-12-26T00:00:00Z 0.00187 36 19259
2013-12-25T23:00:00Z 0.00199 36 18104
2014-01-03T01:00:00Z 0.00111 16 14363
2014-01-03T00:00:00Z 0.00136 19 14022
2014-01-02T23:00:00Z 0.00154 20 12970
2014-01-02T22:00:00Z 0.00196 23 11737
2014-01-02T21:00:00Z 0.00204 22 10764
2014-01-02T20:00:00Z 0.00218 22 10089
2014-01-05T05:00:00Z 0.00024 3 12445
2014-01-05T04:00:00Z 0.00030 4 13378
2014-01-05T03:00:00Z 0.00035 5 14216
2014-01-05T02:00:00Z 0.00054 8 14811
2014-01-05T01:00:00Z 0.00059 9 15154
2014-01-05T00:00:00Z 0.00060 9 14988
2014-01-11T22:00:00Z 0.00041 4 9701
2014-01-11T21:00:00Z 0.00064 6 9304
2014-01-11T20:00:00Z 0.00066 6 9128
2014-01-11T19:00:00Z 0.00067 6 8893
2014-01-11T18:00:00Z 0.00059 5 8443
2014-01-11T17:00:00Z 0.00063 5 7887
2014-01-14T01:00:00Z 0.00079 15 18878
2014-01-14T00:00:00Z 0.00081 15 18615
2014-01-13T23:00:00Z 0.00086 15 17401
2014-01-13T22:00:00Z 0.00085 14 16387
2014-01-13T21:00:00Z 0.00103 16 15607
2014-01-13T20:00:00Z 0.00121 18 14874
2014-01-17T05:00:00Z 0.00140 7 5004
2014-01-17T04:00:00Z 0.00150 8 5349
2014-01-17T03:00:00Z 0.00142 8 5635
2014-01-17T02:00:00Z 0.00135 8 5925
2014-01-17T01:00:00Z 0.00132 8 6055
2014-01-17T00:00:00Z 0.00133 8 6035
2014-01-18T00:00:00Z 0.00142 16 11268
2014-01-17T23:00:00Z 0.00152 16 10511
2014-01-17T22:00:00Z 0.00175 17 9709
2014-01-17T21:00:00Z 0.00190 17 8969
2014-01-17T20:00:00Z 0.00168 14 8312
2014-01-17T19:00:00Z 0.00182 14 7711
2014-01-19T21:00:00Z 0.00159 13 8178
2014-01-19T20:00:00Z 0.00137 10 7281
2014-01-19T19:00:00Z 0.00160 11 6865
2014-01-19T18:00:00Z 0.00146 9 6178
2014-01-19T17:00:00Z 0.00091 5 5520
2014-01-19T16:00:00Z 0.00081 4 4964
2014-01-24T13:00:00Z 0.00110 5 4563
2014-01-24T12:00:00Z 0.00081 4 4955
2014-01-24T11:00:00Z 0.00072 4 5588
2014-01-24T10:00:00Z 0.00048 3 6253
2014-01-24T09:00:00Z 0.00030 2 6688
2014-01-24T08:00:00Z 0.00028 2 7135
2014-01-30T02:00:00Z 0.00083 6 7262
2014-01-30T01:00:00Z 0.00083 6 7272
2014-01-30T00:00:00Z 0.00101 7 6905
2014-01-29T23:00:00Z 0.00138 9 6532
2014-01-29T22:00:00Z 0.00177 11 6214
2014-01-29T21:00:00Z 0.00172 10 5798
2014-01-31T07:00:00Z 0.00025 4 16044
2014-01-31T06:00:00Z 0.00024 4 16670
2014-01-31T05:00:00Z 0.00017 3 17398
2014-01-31T04:00:00Z 0.00017 3 17967
2014-01-31T03:00:00Z 0.00022 4 18477
2014-01-31T02:00:00Z 0.00021 4 18675
2014-02-02T09:00:00Z 0.00046 2 4393
2014-02-02T08:00:00Z 0.00022 1 4585
2014-02-02T07:00:00Z 0.00040 2 4991
2014-02-02T06:00:00Z 0.00037 2 5430
2014-02-02T05:00:00Z 0.00034 2 5929
2014-02-02T04:00:00Z 0.00031 2 6380
2014-02-06T13:00:00Z 0.00288 15 5205
2014-02-06T12:00:00Z 0.00253 14 5534
2014-02-06T11:00:00Z 0.00132 8 6058
2014-02-06T10:00:00Z 0.00167 11 6594
2014-02-06T09:00:00Z 0.00248 17 6863
2014-02-06T08:00:00Z 0.00203 15 7378
2014-02-12T07:00:00Z 0.00018 2 10923
2014-02-12T06:00:00Z 0.00026 3 11722
2014-02-12T05:00:00Z 0.00024 3 12732
2014-02-12T04:00:00Z 0.00022 3 13780
2014-02-12T03:00:00Z 0.00027 4 14607
2014-02-12T02:00:00Z 0.00033 5 15274
2014-02-17T04:00:00Z 0.00102 14 13704
2014-02-17T03:00:00Z 0.00116 17 14705
2014-02-17T02:00:00Z 0.00121 19 15646
2014-02-17T01:00:00Z 0.00123 20 16277
2014-02-17T00:00:00Z 0.00123 20 16307
2014-02-16T23:00:00Z 0.00126 20 15814
2014-03-04T04:00:00Z 0.00081 9 11172
2014-03-04T03:00:00Z 0.00086 10 11607
2014-03-04T02:00:00Z 0.00075 9 12035
2014-03-04T01:00:00Z 0.00073 9 12289
2014-03-04T00:00:00Z 0.00091 11 12045
2014-03-03T23:00:00Z 0.00100 11 11007
2014-03-11T19:00:00Z 0.00159 12 7567
2014-03-11T18:00:00Z 0.00114 8 7005
2014-03-11T17:00:00Z 0.00125 8 6419
2014-03-11T16:00:00Z 0.00137 8 5844
2014-03-11T15:00:00Z 0.00151 8 5282
2014-03-11T14:00:00Z 0.00167 8 4782
2014-03-16T06:00:00Z 0.00093 7 7541
2014-03-16T05:00:00Z 0.00097 8 8258
2014-03-16T04:00:00Z 0.00110 10 9050
2014-03-16T03:00:00Z 0.00102 10 9765
2014-03-16T02:00:00Z 0.00131 14 10707
2014-03-16T01:00:00Z 0.00135 16 11834
2014-03-28T11:00:00Z 0.00215 14 6518
2014-03-28T10:00:00Z 0.00164 13 7908
2014-03-28T09:00:00Z 0.00161 15 9292
2014-03-28T08:00:00Z 0.00055 6 10938
2014-03-28T07:00:00Z 0.00062 8 12979
2014-03-28T06:00:00Z 0.00101 15 14833
2014-03-29T01:00:00Z 0.00122 13 10640
2014-03-29T00:00:00Z 0.00127 13 10213
2014-03-28T23:00:00Z 0.00151 14 9287
2014-03-28T22:00:00Z 0.00180 15 8326
2014-03-28T21:00:00Z 0.00186 14 7513
2014-03-28T20:00:00Z 0.00319 23 7200
2014-04-01T14:00:00Z 0.00279 47 16860
2014-04-01T13:00:00Z 0.00291 46 15798
2014-04-01T12:00:00Z 0.00292 46 15765
2014-04-01T11:00:00Z 0.00284 44 15487
2014-04-01T10:00:00Z 0.00248 38 15341
2014-04-01T09:00:00Z 0.00192 29 15132
2014-04-15T08:00:00Z 0.00052 7 13502
2014-04-15T07:00:00Z 0.00049 7 14264
2014-04-15T06:00:00Z 0.00065 10 15291
2014-04-15T05:00:00Z 0.00081 13 16085
2014-04-15T04:00:00Z 0.00083 14 16927
2014-04-15T03:00:00Z 0.00085 15 17662
2014-04-23T19:00:00Z 0.00176 21 11901
2014-04-23T18:00:00Z 0.00181 20 11078
2014-04-23T17:00:00Z 0.00177 18 10168
2014-04-23T16:00:00Z 0.00161 15 9305
2014-04-23T15:00:00Z 0.00179 15 8374
2014-04-23T14:00:00Z 0.00185 14 7557
2014-04-25T22:00:00Z 0.00170 12 7063
2014-04-25T21:00:00Z 0.00328 22 6704
2014-04-25T20:00:00Z 0.00402 26 6466
2014-04-25T19:00:00Z 0.00426 27 6333
2014-04-25T18:00:00Z 0.00397 24 6042
2014-04-25T17:00:00Z 0.00414 24 5804
2014-05-07T07:00:00Z 0.00000 0 568
2014-05-07T06:00:00Z 0.00000 0 604
2014-05-07T05:00:00Z 0.00000 0 646
2014-05-07T04:00:00Z 0.00000 0 713
2014-05-07T03:00:00Z 0.00000 0 775
2014-05-07T02:00:00Z 0.00000 0 817
2014-05-16T00:00:00Z 0.00000 0 2078
2014-05-15T23:00:00Z 0.00000 0 1925
2014-05-15T22:00:00Z 0.00000 0 1743
2014-05-15T21:00:00Z 0.00000 0 1609
2014-05-15T20:00:00Z 0.00000 0 1503
2014-05-15T19:00:00Z 0.00000 0 1419
2014-05-19T00:00:00Z 0.00022 1 4613
2014-05-18T23:00:00Z 0.00022 1 4464
2014-05-18T22:00:00Z 0.00024 1 4209
2014-05-18T21:00:00Z 0.00074 3 4045
2014-05-18T20:00:00Z 0.00077 3 3913
2014-05-18T19:00:00Z 0.00080 3 3764
2014-05-20T06:00:00Z 0.00025 1 3997
2014-05-20T05:00:00Z 0.00024 1 4205
2014-05-20T04:00:00Z 0.00022 1 4481
2014-05-20T03:00:00Z 0.00021 1 4782
2014-05-20T02:00:00Z 0.00020 1 5019
2014-05-20T01:00:00Z 0.00019 1 5165
2014-05-22T14:00:00Z 0.00191 7 3673
2014-05-22T13:00:00Z 0.00200 7 3506
2014-05-22T12:00:00Z 0.00170 6 3526
2014-05-22T11:00:00Z 0.00178 7 3934
2014-05-22T10:00:00Z 0.00140 6 4291
2014-05-22T09:00:00Z 0.00133 6 4516
2014-05-25T11:00:00Z 0.00057 1 1745
2014-05-25T10:00:00Z 0.00054 1 1851
2014-05-25T09:00:00Z 0.00052 1 1921
2014-05-25T08:00:00Z 0.00050 1 1985
2014-05-25T07:00:00Z 0.00000 0 2035
2014-05-25T06:00:00Z 0.00000 0 2175
2014-05-30T18:00:00Z 0.00157 9 5740
2014-05-30T17:00:00Z 0.00149 8 5362
2014-05-30T16:00:00Z 0.00141 7 4963
2014-05-30T15:00:00Z 0.00151 7 4638
2014-05-31T23:00:00Z 0.00130 13 10016
2014-05-31T22:00:00Z 0.00133 13 9793
2014-05-31T21:00:00Z 0.00192 17 8847
2014-05-31T20:00:00Z 0.00247 21 8506
2014-05-31T19:00:00Z 0.00291 24 8236
2014-05-31T18:00:00Z 0.00321 25 7798
2014-06-17T03:00:00Z 0.00034 5 14654
2014-06-17T02:00:00Z 0.00033 5 15035
2014-06-17T01:00:00Z 0.00040 6 14937
2014-06-17T00:00:00Z 0.00042 6 14249
2014-06-16T23:00:00Z 0.00045 6 13478
2014-06-16T22:00:00Z 0.00048 6 12462
2014-06-17T17:00:00Z 0.00079 6 7603
2014-06-17T16:00:00Z 0.00081 6 7413
2014-06-17T15:00:00Z 0.00086 6 6992
2014-06-17T14:00:00Z 0.00085 6 7055
2014-07-05T11:00:00Z 0.00176 4 2268
2014-07-05T10:00:00Z 0.00155 4 2584
2014-07-05T09:00:00Z 0.00104 3 2880
2014-07-05T08:00:00Z 0.00126 4 3178
2014-07-05T07:00:00Z 0.00116 4 3441
2014-07-05T06:00:00Z 0.00134 5 3727
2014-07-19T00:00:00Z 0.00043 3 7016
2014-07-18T23:00:00Z 0.00047 3 6447
2014-07-18T22:00:00Z 0.00049 3 6083
2014-07-18T21:00:00Z 0.00053 3 5678
2014-07-18T20:00:00Z 0.00054 3 5541
2014-07-18T19:00:00Z 0.00074 4 5415
2014-07-29T12:00:00Z 0.00000 0 3002
2014-07-29T11:00:00Z 0.00000 0 3244
2014-07-29T10:00:00Z 0.00000 0 3704
2014-07-29T09:00:00Z 0.00000 0 3972
2014-07-29T08:00:00Z 0.00024 1 4115
2014-07-29T07:00:00Z 0.00024 1 4226
2014-08-09T11:00:00Z 0.00105 5 4759
2014-08-09T10:00:00Z 0.00103 5 4865
2014-08-09T09:00:00Z 0.00081 4 4926
2014-08-09T08:00:00Z 0.00062 3 4873
2014-08-21T21:00:00Z 0.00065 10 15421
2014-08-21T20:00:00Z 0.00066 10 15165
2014-08-21T19:00:00Z 0.00082 12 14585
2014-08-21T18:00:00Z 0.00072 10 13817
2014-08-21T17:00:00Z 0.00078 10 12804
2014-08-21T16:00:00Z 0.00076 9 11863
2014-08-23T22:00:00Z 0.00097 18 18567
2014-08-23T21:00:00Z 0.00117 20 17151
2014-08-23T20:00:00Z 0.00141 22 15549
2014-08-23T19:00:00Z 0.00162 23 14199
2014-08-30T23:00:00Z 0.00116 14 12025
2014-08-30T22:00:00Z 0.00157 18 11483
2014-08-30T21:00:00Z 0.00200 22 11026
2014-08-30T20:00:00Z 0.00234 25 10694
2014-08-30T19:00:00Z 0.00230 24 10432
2014-08-30T18:00:00Z 0.00250 25 10008
2014-09-01T15:00:00Z 0.00363 25 6885
2014-09-01T14:00:00Z 0.00372 24 6449
2014-09-01T13:00:00Z 0.00404 25 6189
2014-09-01T12:00:00Z 0.00406 26 6405
2014-09-01T11:00:00Z 0.00369 27 7327
2014-09-01T10:00:00Z 0.00339 29 8543
2014-09-07T22:00:00Z 0.00171 17 9955
2014-09-07T21:00:00Z 0.00177 17 9631
2014-09-07T20:00:00Z 0.00192 18 9368
2014-09-07T19:00:00Z 0.00187 17 9075
2014-09-07T18:00:00Z 0.00174 15 8638
2014-09-07T17:00:00Z 0.00187 15 8038
2014-09-21T05:00:00Z 0.00033 4 11981
2014-09-21T04:00:00Z 0.00032 4 12540
2014-09-21T03:00:00Z 0.00053 7 13106
2014-09-21T02:00:00Z 0.00052 7 13483
2014-09-21T01:00:00Z 0.00059 8 13572
2014-09-21T00:00:00Z 0.00062 8 12828
2014-09-25T23:00:00Z 0.00100 7 6989
2014-09-25T22:00:00Z 0.00090 6 6661
2014-09-25T21:00:00Z 0.00099 6 6039
2014-09-25T20:00:00Z 0.00108 6 5552
2014-09-25T19:00:00Z 0.00135 7 5190
2014-09-25T18:00:00Z 0.00105 5 4780
2014-09-26T23:00:00Z 0.00085 6 7089
2014-09-26T22:00:00Z 0.00079 5 6331
2014-09-26T21:00:00Z 0.00087 5 5715
2014-09-26T20:00:00Z 0.00098 5 5113
2014-09-26T19:00:00Z 0.00086 4 4632
2014-09-26T18:00:00Z 0.00071 3 4196
2014-10-04T00:00:00Z 0.00166 36 21647
2014-10-03T23:00:00Z 0.00195 39 19997
2014-10-03T22:00:00Z 0.00220 40 18169
2014-10-03T21:00:00Z 0.00262 43 16440
2014-10-03T20:00:00Z 0.00280 42 15017
2014-10-03T19:00:00Z 0.00300 41 13665
2014-10-11T18:00:00Z 0.00231 36 15562
2014-10-11T17:00:00Z 0.00238 35 14685
2014-10-11T16:00:00Z 0.00247 34 13770
2014-10-11T15:00:00Z 0.00260 34 13093
2014-10-11T14:00:00Z 0.00266 33 12428
2014-10-11T13:00:00Z 0.00260 31 11919
2014-10-18T04:00:00Z 0.00152 14 9224
2014-10-18T03:00:00Z 0.00164 16 9784
2014-10-18T02:00:00Z 0.00165 17 10280
2014-10-18T01:00:00Z 0.00130 14 10804
2014-10-18T00:00:00Z 0.00142 15 10568
2014-10-17T23:00:00Z 0.00162 16 9887
2014-10-20T23:00:00Z 0.00116 9 7760
2014-10-20T22:00:00Z 0.00124 9 7261
2014-10-20T21:00:00Z 0.00101 7 6942
2014-10-20T20:00:00Z 0.00163 11 6753
2014-10-26T04:00:00Z 0.00061 5 8225
2014-10-26T03:00:00Z 0.00069 6 8732
2014-10-26T02:00:00Z 0.00076 7 9214
2014-10-26T01:00:00Z 0.00084 8 9549
2014-10-26T00:00:00Z 0.00116 11 9466
2014-10-25T23:00:00Z 0.00166 15 9039
