2013-06-11T22:00:00 0 0 0 0 0
2013-06-11T21:00:00 0 0 0 0 0
2013-06-11T20:00:00 0 0 0 0 0
2013-06-11T19:00:00 0 0 0 0 0
2013-06-11T18:00:00 0 0 0 0 0
2013-06-11T17:00:00 0 0 0 0 0
2013-11-20T21:00:00 0.661765321166 0.338234678834 1 0 1
2013-11-20T20:00:00 0.71113648122 0.28886351878 2 0 2
2013-11-20T19:00:00 0.74803942729 0.25196057271 4 0 4
2013-11-20T18:00:00 0.761137979889 0.238862020111 4 0 4
2013-11-20T17:00:00 0.761137979889 0.238862020111 4 0 4
2013-11-20T16:00:00 0.761137979889 0.238862020111 4 0 4
2013-11-26T05:00:00 0.600195459751 0.399804540249 4 1 5
2013-11-26T04:00:00 0.68267085899 0.31732914101 5 0 5
2013-11-26T03:00:00 0.6279814753 0.3720185247 6 1 7
2013-11-26T02:00:00 0.639375431207 0.360624568793 6 1 7
2013-11-26T01:00:00 0.634818116288 0.365181883712 5 1 6
2013-11-26T00:00:00 0.568371231688 0.431628768312 4 2 6
2013-12-01T05:00:00 0.73600939154 0.26399060846 6 0 6
2013-12-01T04:00:00 0.64718716651 0.35281283349 6 1 7
2013-12-01T03:00:00 0.64718716651 0.35281283349 6 1 7
2013-12-01T02:00:00 0.614971870957 0.385028129043 4 1 5
2013-12-01T01:00:00 0.516361126987 0.483638873013 3 2 5
2013-12-01T00:00:00 0.458347288313 0.541652711687 2 2 4
2013-12-04T23:00:00 0.638393107521 0.361606892479 28 6 34
2013-12-04T22:00:00 0.654115022271 0.345884977729 24 4 28
2013-12-04T21:00:00 0.70257516457 0.29742483543 21 1 22
2013-12-04T20:00:00 0.687623247528 0.312376752472 19 2 21
2013-12-04T19:00:00 0.680617032188 0.319382967812 17 2 19
2013-12-04T18:00:00 0.697482255264 0.302517744736 22 2 24
2013-12-08T17:00:00 0.607165492863 0.392834507137 31 10 41
2013-12-08T16:00:00 0.594051721117 0.405948278883 35 13 48
2013-12-08T15:00:00 0.645414744341 0.354585255659 51 12 63
2013-12-08T14:00:00 0.668155508885 0.331844491115 81 12 93
2013-12-08T13:00:00 0.67559470473 0.32440529527 89 11 100
2013-12-08T12:00:00 0.671585010838 0.328414989162 97 13 110
2013-12-26T06:00:00 0.693876778681 0.306123221319 6 0 6
2013-12-26T05:00:00 0.647038314155 0.352961685845 6 1 7
2013-12-26T04:00:00 0.654076359219 0.345923640781 9 1 10
2013-12-26T03:00:00 0.654076359219 0.345923640781 9 1 10
2013-12-26T02:00:00 0.654076359219 0.345923640781 9 1 10
2013-12-26T01:00:00 0.648357332693 0.351642667307 7 1 8
2013-12-29T07:00:00 0 0 0 0 0
2013-12-29T06:00:00 0.0 0.0 0 0 0
2013-12-29T05:00:00 0.0 0.0 0 0 0
2013-12-29T04:00:00 0.72171255099 0.27828744901 1 0 1
2013-12-29T03:00:00 0.700058950827 0.299941049173 2 0 2
2013-12-29T02:00:00 0.704563764722 0.295436235278 3 0 3
2013-12-31T21:00:00 0.0 0.0 0 0 0
2013-12-31T20:00:00 0.0 0.0 0 0 0
2013-12-31T19:00:00 0.0 0.0 0 0 0
2013-12-31T18:00:00 0.0 0.0 0 0 0
2013-12-31T17:00:00 0.0 0.0 0 0 0
2013-12-31T16:00:00 0.27570380555 0.72429619445 0 2 2
2014-01-03T07:00:00 0.303268682592 0.696731317408 0 1 1
2014-01-03T06:00:00 0 0 0 0 0
2014-01-03T05:00:00 0 0 0 0 0
2014-01-03T04:00:00 0.0 0.0 0 0 0
2014-01-03T03:00:00 0.236484829317 0.763515170683 0 1 1
2014-01-03T02:00:00 0.4598652483 0.5401347517 1 1 2
2014-01-12T18:00:00 0.241803389753 0.758196610246 0 2 2
2014-01-12T17:00:00 0.241803389753 0.758196610246 0 2 2
2014-01-12T16:00:00 0.241803389753 0.758196610246 0 2 2
2014-01-12T15:00:00 0.243876449783 0.756123550217 0 1 1
2014-01-12T14:00:00 0.0 0.0 0 0 0
2014-01-12T13:00:00 0.0 0.0 0 0 0
2014-01-17T18:00:00 0.689806657601 0.310193342399 1 0 1
2014-01-17T17:00:00 0.689806657601 0.310193342399 1 0 1
2014-01-17T16:00:00 0.674531728463 0.325468271537 2 0 2
2014-01-17T15:00:00 0.659256799325 0.340743200675 1 0 1
2014-01-17T14:00:00 0.659256799325 0.340743200675 1 0 1
2014-01-17T13:00:00 0.709109698114 0.290890301886 2 0 2
2014-01-18T06:00:00 0.773615857062 0.226384142938 1 0 1
2014-01-18T05:00:00 0.534919700935 0.465080299065 2 2 4
2014-01-18T04:00:00 0.540943170834 0.459056829166 3 3 6
2014-01-18T03:00:00 0.494408633589 0.505591366411 2 3 5
2014-01-19T18:00:00 0.191107818926 0.808892181074 0 3 3
2014-01-19T17:00:00 0.414158551451 0.585841448549 2 3 5
2014-01-19T16:00:00 0.47309533605 0.52690466395 4 4 8
2014-01-19T15:00:00 0.58584410229 0.41415589771 6 3 9
2014-01-19T14:00:00 0.602271557044 0.397728442956 9 4 13
2014-01-19T13:00:00 0.63044315797 0.36955684203 12 4 16
2014-01-29T23:00:00 0.613972938617 0.386027061383 5 1 6
2014-01-29T22:00:00 0.68186690637 0.31813309363 4 0 4
2014-01-29T21:00:00 0.689682170274 0.310317829726 2 0 2
2014-01-29T20:00:00 0.68223288457 0.31776711543 3 0 3
2014-01-29T19:00:00 0.693358103857 0.306641896143 2 0 2
2014-01-29T18:00:00 0.667334313161 0.332665686839 1 0 1
2014-02-01T21:00:00 0.680296358978 0.319703641022 1 0 1
2014-02-01T20:00:00 0.753799280537 0.246200719464 2 0 2
2014-02-01T19:00:00 0.74827283828 0.251727161719 2 0 2
2014-02-01T18:00:00 0.75110639308 0.24889360692 3 0 3
2014-02-01T17:00:00 0.75110639308 0.24889360692 3 0 3
2014-02-01T16:00:00 0.638806269784 0.361193730216 4 1 5
2014-02-19T21:00:00 0.499478364775 0.500521635225 1 1 2
2014-02-19T20:00:00 0.414277726444 0.585722273556 1 2 3
2014-02-19T19:00:00 0.279793756025 0.720206243975 0 2 2
2014-02-19T18:00:00 0.279793756025 0.720206243975 0 2 2
2014-02-19T17:00:00 0.279793756025 0.720206243975 0 2 2
2014-02-19T16:00:00 0.243876449783 0.756123550217 0 1 1
2014-03-18T07:00:00 0.666540238794 0.333459761206 4 0 4
2014-03-18T06:00:00 0.666540238794 0.333459761206 4 0 4
2014-03-18T05:00:00 0.67988228843 0.32011771157 4 0 4
2014-03-18T04:00:00 0.610404714422 0.389595285578 7 1 8
2014-03-18T03:00:00 0.599574871169 0.400425128831 6 1 7
2014-03-18T02:00:00 0.574399325927 0.425600674073 7 2 9
2014-04-17T08:00:00 0.259627469064 0.740372530936 0 2 2
2014-04-17T07:00:00 0.243876449783 0.756123550217 0 1 1
2014-04-17T06:00:00 0 0 0 0 0
2014-04-17T05:00:00 0.0 0.0 0 0 0
2014-04-17T04:00:00 0.0 0.0 0 0 0
2014-04-17T03:00:00 0.0 0.0 0 0 0
2014-05-14T12:00:00 0 0 0 0 0
2014-05-14T11:00:00 0 0 0 0 0
2014-05-14T10:00:00 0 0 0 0 0
2014-05-14T09:00:00 0 0 0 0 0
2014-05-14T08:00:00 0 0 0 0 0
2014-05-14T07:00:00 0 0 0 0 0
2014-05-21T10:00:00 0.0 0.0 0 0 0
2014-05-21T09:00:00 0.0 0.0 0 0 0
2014-05-21T08:00:00 0.0 0.0 0 0 0
2014-05-21T07:00:00 0.0 0.0 0 0 0
2014-05-21T06:00:00 0.0 0.0 0 0 0
2014-05-21T05:00:00 0.329785286812 0.670214713188 0 1 1
2014-05-25T12:00:00 0.397681491633 0.602318508367 1 2 3
2014-05-25T11:00:00 0.372530476824 0.627469523176 1 2 3
2014-05-25T10:00:00 0.372530476824 0.627469523176 1 2 3
2014-05-25T09:00:00 0.243876449783 0.756123550217 0 1 1
2014-05-25T08:00:00 0.243876449783 0.756123550217 0 1 1
2014-05-25T07:00:00 0.243876449783 0.756123550217 0 1 1
2014-05-26T05:00:00 0.659982445995 0.340017554005 1 0 1
2014-05-26T04:00:00 0.44361545952 0.55638454048 1 1 2
2014-05-26T03:00:00 0.523492195441 0.476507804559 2 1 3
2014-05-26T02:00:00 0.523492195441 0.476507804559 2 1 3
2014-05-26T01:00:00 0.55729924254 0.44270075746 3 1 4
2014-05-26T00:00:00 0.55729924254 0.44270075746 3 1 4
2014-06-28T11:00:00 0.0 0.0 0 0 0
2014-06-28T10:00:00 0.0 0.0 0 0 0
2014-06-28T09:00:00 0.0 0.0 0 0 0
2014-06-28T08:00:00 0 0 0 0 0
2014-06-28T07:00:00 0.68588888274 0.31411111726 1 0 1
2014-06-28T06:00:00 0.68588888274 0.31411111726 1 0 1
2014-06-29T12:00:00 0.419772401969 0.580227598031 1 1 2
2014-06-29T11:00:00 0.672374444367 0.327625555633 1 0 1
2014-06-29T10:00:00 0.672374444367 0.327625555633 1 0 1
2014-06-29T09:00:00 0.672374444367 0.327625555633 1 0 1
2014-06-29T08:00:00 0.0 0.0 0 0 0
2014-06-29T07:00:00 0.0 0.0 0 0 0
2014-07-10T17:00:00 0.301676490188 0.698323509812 1 5 6
2014-07-10T16:00:00 0.291883114643 0.708116885357 1 6 7
2014-07-10T15:00:00 0.377388777968 0.622611222032 3 6 9
2014-07-10T14:00:00 0.357532014783 0.642467985217 3 7 10
2014-07-10T13:00:00 0.375260518033 0.624739481967 4 8 12
2014-07-10T12:00:00 0.40613846196 0.59386153804 4 7 11
2014-10-16T04:00:00 0.0 0.0 0 0 0
2014-10-16T03:00:00 0.0 0.0 0 0 0
2014-10-16T02:00:00 0.657485662905 0.342514337095 1 0 1
2014-10-16T01:00:00 0.450681056344 0.549318943656 1 1 2
2014-10-16T00:00:00 0.53720022246 0.46279977754 2 1 3
2014-10-15T23:00:00 0.53720022246 0.46279977754 2 1 3
2014-10-21T08:00:00 0.671343422745 0.328656577255 1 0 1
2014-10-21T07:00:00 0.0 0.0 0 0 0
2014-10-21T06:00:00 0.0 0.0 0 0 0
2014-10-21T05:00:00 0.313234069021 0.686765930979 0 1 1
2014-10-21T04:00:00 0.313234069021 0.686765930979 0 1 1
2014-10-21T03:00:00 0.313234069021 0.686765930979 0 1 1
2014-11-06T04:00:00 0 0 0 0 0
2014-11-06T03:00:00 0.0 0.0 0 0 0
2014-11-06T02:00:00 0.0 0.0 0 0 0
2014-11-06T01:00:00 0.0 0.0 0 0 0
2014-11-06T00:00:00 0.278211748994 0.721788251006 0 1 1
2014-11-05T23:00:00 0.278211748994 0.721788251006 0 1 1
2014-11-11T22:00:00 0.317993391052 0.682006608948 0 1 1
2014-11-11T21:00:00 0.317993391052 0.682006608948 0 1 1
2014-11-11T20:00:00 0.298667981749 0.701332018251 0 2 2
2014-11-11T19:00:00 0.427478831859 0.572521168141 1 2 3
2014-11-11T18:00:00 0.427478831859 0.572521168141 1 2 3
2014-11-11T17:00:00 0.427478831859 0.572521168141 1 2 3
