2013-06-12T01:00:00 0 0 0 0 0
2013-06-12T02:00:00 0 0 0 0 0
2013-06-12T03:00:00 0 0 0 0 0
2013-06-12T04:00:00 0 0 0 0 0
2013-06-12T05:00:00 0 0 0 0 0
2013-06-12T06:00:00 0 0 0 0 0
2013-06-12T07:00:00 0 0 0 0 0
2013-06-12T08:00:00 0 0 0 0 0
2013-06-12T09:00:00 0 0 0 0 0
2013-06-12T10:00:00 0 0 0 0 0
2013-06-12T11:00:00 0 0 0 0 0
2013-11-07T08:00:00 0.722066448843 0.277933551157 3 0 3
2013-11-07T09:00:00 0.722066448843 0.277933551157 3 0 3
2013-11-07T10:00:00 0.743684728237 0.256315271763 4 0 4
2013-11-07T11:00:00 0.756655695874 0.243344304126 5 0 5
2013-11-07T12:00:00 0.765303007632 0.234696992368 6 0 6
2013-11-07T13:00:00 0.75260690408 0.24739309592 6 0 6
2013-11-08T03:00:00 0.706883081645 0.293116918355 3 0 3
2013-11-08T04:00:00 0.732451971021 0.267548028979 1 0 1
2013-11-08T05:00:00 0.0 0.0 0 0 0
2013-11-08T06:00:00 0 0 0 0 0
2013-11-08T07:00:00 0.0 0.0 0 0 0
2013-11-16T13:00:00 0.492453245782 0.507546754218 3 4 7
2013-12-01T11:00:00 0.714136817714 0.285863182286 12 1 13
2013-12-01T12:00:00 0.692707030285 0.307292969715 13 2 15
2013-12-01T13:00:00 0.69177729567 0.30822270433 13 2 15
2013-12-01T14:00:00 0.679864407903 0.320135592097 11 2 13
2013-12-01T15:00:00 0.658374870081 0.341625129919 8 2 10
2013-12-01T16:00:00 0.644538309534 0.355461690466 7 2 9
2013-12-01T17:00:00 0.665670702774 0.334329297226 4 1 5
2013-12-01T18:00:00 0.752955419712 0.247044580288 6 0 6
2013-12-01T19:00:00 0.742828469388 0.257171530611 6 0 6
2013-12-01T20:00:00 0.697176221915 0.302823778085 8 1 9
2013-12-01T21:00:00 0.686430599784 0.313569400216 12 2 14
2013-12-01T22:00:00 0.695266438838 0.304733561162 23 3 26
2013-12-01T23:00:00 0.718467271803 0.281532728197 34 3 37
2013-12-02T00:00:00 0.711521305247 0.288478694753 40 4 44
2013-12-02T01:00:00 0.714458275187 0.285541724813 48 6 54
2013-12-02T02:00:00 0.7208457192 0.2791542808 46 5 51
2013-12-02T03:00:00 0.717936402499 0.282063597501 43 5 48
2013-12-02T04:00:00 0.722056897421 0.277943102579 32 4 36
2013-12-02T05:00:00 0.701599263981 0.298400736019 21 4 25
2013-12-02T06:00:00 0.706353649305 0.293646350695 14 3 17
2013-12-02T07:00:00 0.716373676187 0.283626323813 25 2 27
2013-12-02T08:00:00 0.728599475181 0.271400524819 70 6 76
2013-12-02T09:00:00 0.72951822635 0.27048177365 82 6 88
2013-12-02T10:00:00 0.731598342899 0.268401657101 97 6 103
2013-12-02T11:00:00 0.735372543083 0.264627456917 107 6 113
2013-12-02T12:00:00 0.733309772702 0.266690227298 114 6 120
2013-12-02T13:00:00 0.71846446246 0.28153553754 99 9 108
2013-12-02T14:00:00 0.710669348395 0.289330651605 60 5 65
2013-12-02T15:00:00 0.705188081181 0.294811918819 47 5 52
2013-12-02T16:00:00 0.689533914099 0.310466085901 32 5 37
2013-12-02T17:00:00 0.655173673676 0.344826326324 22 5 27
2013-12-02T18:00:00 0.648991805827 0.351008194173 16 5 21
2013-12-02T19:00:00 0.733533949881 0.266466050119 11 1 12
2013-12-02T20:00:00 0.711447201185 0.288552798815 6 1 7
2013-12-02T21:00:00 0.768318702763 0.231681297237 9 0 9
2013-12-02T22:00:00 0.764597388757 0.235402611243 12 0 12
2013-12-02T23:00:00 0.733675871662 0.266324128338 16 1 17
2013-12-03T00:00:00 0.713982689608 0.286017310392 20 2 22
2013-12-03T01:00:00 0.710700726493 0.289299273507 19 2 21
2013-12-03T02:00:00 0.715154472998 0.284845527002 20 2 22
2013-12-03T03:00:00 0.708688740426 0.291311259574 17 2 19
2013-12-03T04:00:00 0.700299107992 0.299700892008 14 2 16
2013-12-03T05:00:00 0.717945079927 0.282054920073 9 1 10
2013-12-03T06:00:00 0.79499124453 0.20500875547 3 0 3
2013-12-03T07:00:00 0.756363921886 0.243636078114 6 0 6
2013-12-03T08:00:00 0.746132675362 0.253867324638 9 0 9
2013-12-03T09:00:00 0.703328787255 0.296671212745 17 2 19
2013-12-03T10:00:00 0.715936557706 0.284063442294 24 2 26
2013-12-03T11:00:00 0.707081291795 0.292918708205 27 3 30
2013-12-03T12:00:00 0.705514218889 0.294485781111 30 3 33
2013-12-03T13:00:00 0.712684380149 0.287315619851 31 3 34
2013-12-03T14:00:00 0.695605573758 0.304394426242 29 4 33
2013-12-03T15:00:00 0.692788370793 0.307211629207 24 3 27
2013-12-03T16:00:00 0.660702222491 0.339297777509 18 4 22
2013-12-03T17:00:00 0.590353747447 0.409646252553 17 7 24
2013-12-03T18:00:00 0.576806566472 0.423193433528 14 7 21
2013-12-03T19:00:00 0.53002519979 0.46997480021 10 7 17
2013-12-05T17:00:00 0.653239493731 0.346760506269 57 14 71
2013-12-05T18:00:00 0.647936508857 0.352063491143 74 18 92
2013-12-05T19:00:00 0.64863453907 0.35136546093 89 20 109
2013-12-06T09:00:00 0.730461358761 0.269538641239 172 12 184
2013-12-06T10:00:00 0.725951140271 0.274048859729 179 13 192
2013-12-06T11:00:00 0.712068946563 0.287931053437 202 19 221
2013-12-06T12:00:00 0.705468807718 0.294531192282 227 24 251
2013-12-06T13:00:00 0.70082564762 0.29917435238 224 27 251
2013-12-06T14:00:00 0.691298805684 0.308701194316 200 28 228
2013-12-06T15:00:00 0.702931103142 0.297068896858 190 24 214
2013-12-06T16:00:00 0.706154525637 0.293845474363 196 25 221
2013-12-06T17:00:00 0.717503703289 0.282496296711 192 22 214
2013-12-06T18:00:00 0.727059162701 0.272940837299 188 20 208
2013-12-06T19:00:00 0.724725222024 0.275274777976 161 17 178
2013-12-06T20:00:00 0.717885794757 0.282114205243 139 16 155
2013-12-06T21:00:00 0.715820414513 0.284179585487 114 12 126
2013-12-06T22:00:00 0.695215667348 0.304784332652 106 14 120
2013-12-06T23:00:00 0.684613460125 0.315386539875 102 14 116
2013-12-07T00:00:00 0.673530101669 0.326469898331 92 12 104
2013-12-07T01:00:00 0.650920546976 0.349079453024 87 16 103
2013-12-07T02:00:00 0.648890734092 0.351109265908 76 14 90
2013-12-07T03:00:00 0.63266511136 0.36733488864 65 15 80
2013-12-07T04:00:00 0.634213958845 0.365786041155 50 12 62
2013-12-07T05:00:00 0.636812485478 0.363187514522 35 9 44
2013-12-07T06:00:00 0.612286791274 0.387713208726 22 8 30
2013-12-07T07:00:00 0.683639054259 0.316360945741 22 3 25
2013-12-07T08:00:00 0.657458033488 0.342541966512 50 10 60
2013-12-07T09:00:00 0.674714408551 0.325285591449 95 14 109
2013-12-07T10:00:00 0.682088249464 0.317911750536 122 14 136
2013-12-07T11:00:00 0.678635959727 0.321364040273 138 16 154
2013-12-07T12:00:00 0.670539880339 0.329460119661 156 23 179
2013-12-07T13:00:00 0.655627349008 0.344372650992 157 29 186
2013-12-07T14:00:00 0.649178349336 0.350821650664 129 26 155
2013-12-07T15:00:00 0.631466928358 0.368533071642 87 22 109
2013-12-07T16:00:00 0.607145856512 0.392854143488 65 24 89
2013-12-09T08:00:00 0.692894946725 0.307105053275 26 1 27
2013-12-09T09:00:00 0.700503143238 0.299496856762 31 2 33
2013-12-09T10:00:00 0.700290909097 0.299709090903 34 3 37
2013-12-09T11:00:00 0.707111227942 0.292888772058 35 3 38
2013-12-09T12:00:00 0.678306516636 0.321693483364 39 6 45
2013-12-09T13:00:00 0.666116042278 0.333883957722 43 9 52
2013-12-09T14:00:00 0.669003394716 0.330996605284 40 8 48
2013-12-09T15:00:00 0.651039649528 0.348960350472 35 8 43
2013-12-09T16:00:00 0.633117692045 0.366882307955 34 9 43
2013-12-09T17:00:00 0.615422562947 0.384577437053 35 11 46
2013-12-09T18:00:00 0.641739758906 0.358260241094 36 8 44
2013-12-09T19:00:00 0.61831670306 0.38168329694 31 9 40
2013-12-09T20:00:00 0.600341333846 0.399658666154 25 9 34
2013-12-09T21:00:00 0.590955788309 0.409044211691 27 10 37
2013-12-09T22:00:00 0.587247762863 0.412752237137 28 11 39
2013-12-09T23:00:00 0.601037619516 0.398962380484 34 11 45
2013-12-26T09:00:00 0.717734303663 0.282265696337 56 4 60
2013-12-26T10:00:00 0.720046581837 0.279953418163 70 4 74
2013-12-26T11:00:00 0.721945129731 0.278054870269 79 4 83
2013-12-26T12:00:00 0.720691663766 0.279308336234 87 5 92
2013-12-26T13:00:00 0.716175836457 0.283824163543 88 6 94
2013-12-26T14:00:00 0.713077114978 0.286922885022 77 5 82
2013-12-26T15:00:00 0.699272206557 0.300727793443 66 6 72
2013-12-26T16:00:00 0.680144892428 0.319855107572 56 8 64
2013-12-26T17:00:00 0.662999782178 0.337000217822 54 10 64
2013-12-26T18:00:00 0.657954108462 0.342045891538 53 11 64
2013-12-26T19:00:00 0.663637082723 0.336362917277 49 9 58
2013-12-29T13:00:00 0.733957235152 0.266042764848 6 0 6
2013-12-29T14:00:00 0.649775635063 0.350224364937 6 1 7
2013-12-29T15:00:00 0.578238599072 0.421761400928 5 2 7
2013-12-29T16:00:00 0.530753729083 0.469246270917 5 3 8
2013-12-29T17:00:00 0.496671506954 0.503328493046 4 3 7
2013-12-29T18:00:00 0.444693497042 0.555306502958 3 3 6
2013-12-29T19:00:00 0.444693497042 0.555306502958 3 3 6
2013-12-29T20:00:00 0.522540569109 0.477459430891 3 2 5
2013-12-29T21:00:00 0.595858729588 0.404141270412 3 1 4
2013-12-29T22:00:00 0.633953924722 0.366046075278 3 1 4
2013-12-29T23:00:00 0.651309279751 0.348690720249 4 1 5
2013-12-30T00:00:00 0.664423656487 0.335576343513 5 1 6
2013-12-30T01:00:00 0.664423656487 0.335576343513 5 1 6
2013-12-30T02:00:00 0.638388123291 0.361611876709 4 1 5
2013-12-30T03:00:00 0.621641797951 0.378358202049 3 1 4
2013-12-30T04:00:00 0.725363120017 0.274636879984 2 0 2
2013-12-30T05:00:00 0.729995540165 0.270004459835 1 0 1
2013-12-30T06:00:00 0 0 0 0 0
2013-12-30T07:00:00 0.0 0.0 0 0 0
2013-12-30T08:00:00 0.0 0.0 0 0 0
2013-12-30T09:00:00 0.0 0.0 0 0 0
2013-12-30T10:00:00 0.0 0.0 0 0 0
2013-12-30T11:00:00 0.451977168579 0.548022831421 1 2 3
2014-01-03T19:00:00 0.367759717482 0.632240282518 1 3 4
2014-01-03T20:00:00 0.367759717482 0.632240282518 1 3 4
2014-01-18T08:00:00 0.738963973242 0.261036026757 2 0 2
2014-01-18T09:00:00 0.663545896137 0.336454103863 6 1 7
2014-01-18T10:00:00 0.681626947091 0.318373052909 7 1 8
2014-01-18T11:00:00 0.692137035596 0.307862964404 11 1 12
2014-01-18T12:00:00 0.703342088949 0.296657911051 13 1 14
2014-01-18T13:00:00 0.679139588914 0.320860411087 14 2 16
2014-01-18T14:00:00 0.677461422213 0.322538577787 13 2 15
2014-01-20T02:00:00 0.589066407967 0.410933592033 7 3 10
2014-01-20T03:00:00 0.619037176162 0.380962823838 7 2 9
2014-01-20T04:00:00 0.641979698324 0.358020301676 4 1 5
2014-01-20T05:00:00 0.745972233455 0.254027766545 3 0 3
2014-01-20T06:00:00 0.763794064271 0.236205935729 2 0 2
2014-01-20T07:00:00 0.753272730317 0.246727269683 3 0 3
2014-01-20T08:00:00 0.729762383129 0.270237616871 5 0 5
2014-01-20T09:00:00 0.671603990264 0.328396009736 6 1 7
2014-01-30T02:00:00 0.576118322788 0.423881677212 3 1 4
2014-01-30T03:00:00 0.576118322788 0.423881677212 3 1 4
2014-01-30T04:00:00 0.478185003109 0.521814996891 1 1 2
2014-01-30T05:00:00 0.827302202095 0.172697797905 1 0 1
2014-01-30T06:00:00 0.560544447335 0.439455552665 1 1 2
2014-01-30T07:00:00 0.599446727869 0.400553272131 2 1 3
2014-01-30T08:00:00 0.645646278075 0.354353721925 4 1 5
2014-01-30T09:00:00 0.69178740154 0.30821259846 8 1 9
2014-01-30T10:00:00 0.675734899448 0.324265100552 15 2 17
2014-01-30T11:00:00 0.652109143613 0.347890856387 19 3 22
2014-01-30T12:00:00 0.67364288309 0.32635711691 20 2 22
2014-01-30T13:00:00 0.675376357561 0.324623642439 21 2 23
2014-01-30T14:00:00 0.671607857959 0.328392142041 19 2 21
2014-01-30T15:00:00 0.631770777082 0.368229222918 15 3 18
2014-01-30T16:00:00 0.5813836089 0.4186163911 8 3 11
2014-01-30T17:00:00 0.565685026504 0.434314973496 4 2 6
2014-01-30T18:00:00 0.596025145691 0.403974854309 6 2 8
2014-01-30T19:00:00 0.570238307007 0.429761692993 6 3 9
2014-01-30T20:00:00 0.578398072227 0.421601927773 7 3 10
2014-01-30T21:00:00 0.613112947605 0.386887052395 7 2 9
2014-01-30T22:00:00 0.657596074815 0.342403925185 8 1 9
2014-01-30T23:00:00 0.686670414175 0.313329585825 9 1 10
2014-02-02T00:00:00 0.685691052359 0.314308947641 3 0 3
2014-02-02T01:00:00 0.685691052359 0.314308947641 3 0 3
2014-02-02T02:00:00 0.688388399049 0.311611600951 2 0 2
2014-02-02T03:00:00 0.688388399049 0.311611600951 2 0 2
2014-02-02T04:00:00 0.659982445995 0.340017554005 1 0 1
2014-02-02T05:00:00 0.0 0.0 0 0 0
2014-02-20T02:00:00 0.0 0.0 0 0 0
2014-02-20T03:00:00 0.0 0.0 0 0 0
2014-03-10T01:00:00 0.316600405314 0.683399594686 0 1 1
2014-03-10T02:00:00 0.316600405314 0.683399594686 0 1 1
2014-03-10T03:00:00 0.316600405314 0.683399594686 0 1 1
2014-03-10T04:00:00 0.0 0.0 0 0 0
2014-03-10T05:00:00 0 0 0 0 0
2014-03-10T06:00:00 0 0 0 0 0
2014-03-10T07:00:00 0 0 0 0 0
2014-03-10T08:00:00 0.704096587365 0.295903412635 1 0 1
2014-03-10T09:00:00 0.704096587365 0.295903412635 1 0 1
2014-03-10T10:00:00 0.704096587365 0.295903412635 1 0 1
2014-03-10T11:00:00 0.704096587365 0.295903412635 1 0 1
2014-03-18T09:00:00 0.681577365976 0.318422634024 6 0 6
2014-03-18T10:00:00 0.486528486421 0.513471513579 5 4 9
2014-03-18T11:00:00 0.503607924585 0.496392075415 6 4 10
2014-03-18T12:00:00 0.506735519166 0.493264480834 6 4 10
2014-03-18T13:00:00 0.535124048975 0.464875951025 7 4 11
2014-03-18T14:00:00 0.51978361642 0.48021638358 6 4 10
2014-03-18T15:00:00 0.482697935701 0.517302064299 5 5 10
2014-04-17T11:00:00 0.259627469064 0.740372530936 0 2 2
2014-04-17T12:00:00 0.259627469064 0.740372530936 0 2 2
2014-04-17T13:00:00 0.280825164546 0.719174835454 0 2 2
2014-04-17T14:00:00 0.286271840746 0.713728159254 0 1 1
2014-04-17T15:00:00 0.286271840746 0.713728159254 0 1 1
2014-04-17T16:00:00 0.603741121556 0.396258878444 2 1 3
2014-05-26T18:00:00 0.0 0.0 0 0 0
2014-05-26T19:00:00 0.0 0.0 0 0 0
2014-05-26T20:00:00 0.0 0.0 0 0 0
2014-05-26T21:00:00 0.0 0.0 0 0 0
2014-05-26T22:00:00 0.0 0.0 0 0 0
2014-05-26T23:00:00 0.0 0.0 0 0 0
2014-05-27T00:00:00 0.0 0.0 0 0 0
2014-05-29T17:00:00 0.0 0.0 0 0 0
2014-05-29T18:00:00 0.808539566422 0.191460433578 1 0 1
2014-05-29T19:00:00 0.808539566422 0.191460433578 1 0 1
2014-11-06T05:00:00 0 0 0 0 0
2014-11-06T06:00:00 0 0 0 0 0
2014-11-06T07:00:00 0 0 0 0 0
2014-11-06T08:00:00 0.498164160091 0.501835839909 1 1 2
2014-11-06T09:00:00 0.580215820838 0.419784179162 2 1 3
2014-11-06T10:00:00 0.505567011384 0.494432988616 2 2 4
2014-11-06T11:00:00 0.450881591622 0.549118408378 2 3 5
2014-11-06T12:00:00 0.494999548074 0.505000451926 3 3 6
2014-11-06T13:00:00 0.522156831503 0.477843168497 4 3 7
2014-11-12T00:00:00 0.656275349705 0.343724650295 1 0 1
2014-11-12T01:00:00 0.657611844331 0.342388155669 2 0 2
2014-11-12T02:00:00 0.688682421331 0.311317578669 3 0 3
2014-11-12T03:00:00 0.694009741442 0.305990258558 4 0 4
2014-12-07T20:00:00 0 0 0 0 0
2014-12-28T23:00:00 0 0 0 0 0
2014-12-29T00:00:00 0 0 0 0 0
2014-12-29T01:00:00 0 0 0 0 0
