2013-06-02T15:00:00Z 0.00000 0.00000 0 0 1
2013-06-02T16:00:00Z 0.00000 0.00000 0 0 1
2013-06-02T17:00:00Z 0.00000 0.00000 0 0 1
2013-06-02T18:00:00Z 0.00000 0.00000 0 0 1
2013-06-02T19:00:00Z 0.00000 0.00000 0 0 1
2013-06-02T20:00:00Z 0.00000 0.00000 0 0 1
2013-06-02T21:00:00Z 0.00000 0.00000 0 0 1
2013-06-02T22:00:00Z 0.00000 0.00000 0 0 1
2013-06-02T23:00:00Z 0.00000 0.00000 0 0 1
2013-06-03T00:00:00Z 0.00000 0.00000 0 0 1
2013-06-03T01:00:00Z 0.00000 0.00000 0 0 1
2013-06-03T02:00:00Z 0.00000 0.00000 0 0 1
2013-06-03T03:00:00Z 0.00000 0.00000 0 0 1
2013-06-03T04:00:00Z 0.00000 0.00000 0 0 1
2013-06-03T05:00:00Z 0.00000 0.00000 0 0 1
2013-06-03T06:00:00Z 0.00000 0.00000 0 0 1
2013-06-03T07:00:00Z 0.00000 0.00000 0 0 1
2013-06-03T08:00:00Z 0.00000 0.00000 0 0 1
2013-06-03T09:00:00Z 0.00000 0.00000 0 0 1
2013-06-03T10:00:00Z 0.00000 0.00000 0 0 1
2013-06-03T11:00:00Z 0.00000 0.00000 0 0 1
2013-06-03T12:00:00Z 0.00000 0.00000 0 0 0
2013-06-03T13:00:00Z 0.00000 0.00000 0 0 0
2013-06-03T14:00:00Z 0.00000 0.00000 0 0 0
2013-06-03T15:00:00Z 0.00000 0.00000 0 0 0
2013-06-03T16:00:00Z 0.00000 0.00000 0 0 0
2013-06-03T17:00:00Z 0.00000 0.00000 0 0 1
2013-06-03T18:00:00Z 0.00000 0.00000 0 0 1
2013-06-03T19:00:00Z 0.00000 0.00000 0 0 1
2013-06-03T20:00:00Z 0.00000 0.00000 0 0 1
2013-06-03T21:00:00Z 0.00000 0.00000 0 0 1
2013-06-03T22:00:00Z 0.00000 0.00000 0 0 1
2013-06-03T23:00:00Z 0.00000 0.00000 0 0 2
2013-06-04T00:00:00Z 0.00000 0.00000 0 0 3
2013-06-04T01:00:00Z 0.00000 0.00000 0 0 4
2013-06-04T02:00:00Z 0.00000 0.00000 0 0 4
2013-06-04T03:00:00Z 0.00000 0.00000 0 0 4
2013-06-04T04:00:00Z 0.00000 0.00000 0 0 4
2013-06-04T05:00:00Z 0.00000 0.00000 0 0 3
2013-06-04T06:00:00Z 0.00000 0.00000 0 0 3
2013-06-04T07:00:00Z 0.00000 0.00000 0 0 3
2013-06-04T08:00:00Z 0.00000 0.00000 0 0 3
2013-06-04T09:00:00Z 0.00000 0.00000 0 0 4
2013-06-04T10:00:00Z 0.00000 0.00000 0 0 4
2013-06-04T11:00:00Z 0.00000 0.00000 0 0 3
2013-06-04T12:00:00Z 0.00000 0.00000 0 0 2
2013-06-04T13:00:00Z 0.00000 0.00000 0 0 2
2013-06-04T14:00:00Z 0.00000 0.00000 0 0 2
2013-06-04T15:00:00Z 0.00000 0.00000 0 0 2
2013-06-04T16:00:00Z 0.00000 0.00000 0 0 2
2013-06-04T17:00:00Z 0.00000 0.00000 0 0 2
2013-06-04T18:00:00Z 0.00000 0.00000 0 0 2
2013-06-05T21:00:00Z 0.00000 0.00000 0 0 0
2013-06-05T22:00:00Z 0.00000 0.00000 0 0 0
2013-06-05T23:00:00Z 0.00000 0.00000 0 0 0
2013-06-06T00:00:00Z 0.00000 0.00000 0 0 0
2013-06-06T01:00:00Z 0.00000 0.00000 0 0 1
2013-06-06T02:00:00Z 0.00000 0.00000 0 0 1
2013-06-06T03:00:00Z 0.00000 0.00000 0 0 1
2013-06-06T04:00:00Z 0.00000 0.00000 0 0 1
2013-06-06T05:00:00Z 0.00000 0.00000 0 0 1
2013-06-06T06:00:00Z 0.00000 0.00000 0 0 1
2013-06-06T07:00:00Z 0.00000 0.00000 0 0 1
2013-06-06T08:00:00Z 0.00000 0.00000 0 0 1
2013-06-06T09:00:00Z 0.00000 0.00000 0 0 1
2013-06-06T10:00:00Z 0.00000 0.00000 0 0 1
2013-06-06T11:00:00Z 0.00000 0.00000 0 0 1
2013-06-06T12:00:00Z 0.00000 0.00000 0 0 1
2013-06-06T13:00:00Z 0.00000 0.00000 0 0 0
2013-06-06T14:00:00Z 0.00000 0.00000 0 0 0
2013-06-06T15:00:00Z 0.00000 0.00000 0 0 0
2013-06-06T16:00:00Z 0.00000 0.00000 0 0 0
2013-06-06T17:00:00Z 0.00000 0.00000 0 0 0
2013-06-06T18:00:00Z 0.00000 0.00000 0 0 0
2013-06-06T19:00:00Z 0.00000 0.00000 0 0 0
2013-06-06T20:00:00Z 0.00000 0.00000 0 0 0
2013-06-06T21:00:00Z 0.00000 0.00000 0 0 0
2013-06-06T22:00:00Z 0.00000 0.00000 0 0 0
2013-06-06T23:00:00Z 0.00000 0.00000 0 0 0
2013-06-07T00:00:00Z 0.00000 0.00000 0 0 0
2013-06-07T01:00:00Z 0.00000 0.00000 0 0 0
2013-06-07T02:00:00Z 0.00000 0.00000 0 0 0
2013-06-07T03:00:00Z 0.00000 0.00000 0 0 0
2013-06-07T04:00:00Z 0.00000 0.00000 0 0 0
2013-06-07T05:00:00Z 0.00000 0.00000 0 0 0
2013-06-07T06:00:00Z 0.00000 0.00000 0 0 0
2013-06-07T07:00:00Z 0.00000 0.00000 0 0 0
2013-06-07T08:00:00Z 0.00000 0.00000 0 0 0
2013-06-07T09:00:00Z 0.00000 0.00000 0 0 0
2013-06-07T10:00:00Z 0.00000 0.00000 0 0 0
2013-06-07T11:00:00Z 0.00000 0.00000 0 0 0
2013-06-07T12:00:00Z 0.00000 0.00000 0 0 0
2013-06-07T13:00:00Z 0.00000 0.00000 0 0 0
2013-06-07T14:00:00Z 0.00000 0.00000 0 0 0
2013-06-07T15:00:00Z 0.00000 0.00000 0 0 0
2013-06-07T16:00:00Z 0.00000 0.00000 0 0 0
2013-06-07T17:00:00Z 0.00000 0.00000 0 0 0
2013-06-07T18:00:00Z 0.00000 0.00000 0 0 1
2013-06-07T19:00:00Z 0.00000 0.00000 0 0 1
2013-06-07T20:00:00Z 0.00000 0.00000 0 0 2
2013-06-07T21:00:00Z 0.00000 0.00000 0 0 2
2013-06-07T22:00:00Z 0.00000 0.00000 0 0 3
2013-06-07T23:00:00Z 0.00000 0.00000 0 0 3
2013-06-08T00:00:00Z 0.00000 0.00000 0 0 3
2013-06-08T01:00:00Z 0.00000 0.00000 0 0 3
2013-06-08T02:00:00Z 0.00000 0.00000 0 0 3
2013-06-08T03:00:00Z 0.00000 0.00000 0 0 3
2013-06-08T04:00:00Z 0.00000 0.00000 0 0 3
2013-06-08T05:00:00Z 0.00000 0.00000 0 0 3
2013-06-08T06:00:00Z 0.00000 0.00000 0 0 2
2013-06-08T07:00:00Z 0.00000 0.00000 0 0 2
2013-06-08T08:00:00Z 0.00000 0.00000 0 0 1
2013-06-08T09:00:00Z 0.00000 0.00000 0 0 1
2013-06-08T10:00:00Z 0.00000 0.00000 0 0 0
2013-06-08T11:00:00Z 0.00000 0.00000 0 0 0
2013-06-08T12:00:00Z 0.00000 0.00000 0 0 0
2013-06-08T13:00:00Z 0.00000 0.00000 0 0 1
2013-06-08T14:00:00Z 0.00000 0.00000 0 0 1
2013-06-08T15:00:00Z 0.00000 0.00000 0 0 1
2013-06-08T16:00:00Z 0.00000 0.00000 0 0 1
2013-06-08T17:00:00Z 0.00000 0.00000 0 0 1
2013-06-08T18:00:00Z 0.00000 0.00000 0 0 1
2013-06-08T19:00:00Z 0.00000 0.00000 0 0 1
2013-06-08T20:00:00Z 0.00000 0.00000 0 0 1
2013-06-08T21:00:00Z 0.00000 0.00000 0 0 1
2013-06-08T22:00:00Z 0.00000 0.00000 0 0 1
2013-06-08T23:00:00Z 0.00000 0.00000 0 0 1
2013-06-09T00:00:00Z 0.00000 0.00000 0 0 1
2013-06-09T01:00:00Z 0.00000 0.00000 0 0 0
2013-06-09T02:00:00Z 0.00000 0.00000 0 0 0
2013-06-09T03:00:00Z 0.00000 0.00000 0 0 0
2013-06-15T18:00:00Z 0.00000 0.00000 0 0 2
2013-06-15T19:00:00Z 0.00000 0.00000 0 0 2
2013-06-15T20:00:00Z 0.00000 0.00000 0 0 2
2013-06-15T21:00:00Z 0.00000 0.00000 0 0 2
2013-06-15T22:00:00Z 0.00000 0.00000 0 0 2
2013-06-15T23:00:00Z 0.00000 0.00000 0 0 2
2013-06-16T00:00:00Z 0.00000 0.00000 0 0 1
2013-06-16T01:00:00Z 0.00000 0.00000 0 0 1
2013-06-16T02:00:00Z 0.00000 0.00000 0 0 1
2013-06-16T03:00:00Z 0.00000 0.00000 0 0 1
2013-06-16T04:00:00Z 0.00000 0.00000 0 0 1
2013-06-16T05:00:00Z 0.00000 0.00000 0 0 1
2013-06-16T06:00:00Z 0.00000 0.00000 0 0 0
2013-06-16T07:00:00Z 0.00000 0.00000 0 0 0
2013-06-16T08:00:00Z 0.00000 0.00000 0 0 0
2013-06-16T09:00:00Z 0.00000 0.00000 0 0 0
2013-06-16T10:00:00Z 0.00000 0.00000 0 0 0
2013-06-16T11:00:00Z 0.00000 0.00000 0 0 0
2013-06-16T12:00:00Z 0.00000 0.00000 0 0 0
2013-06-16T13:00:00Z 0.00000 0.00000 0 0 0
2013-06-16T14:00:00Z 0.00000 0.00000 0 0 0
2013-06-16T15:00:00Z 0.00000 0.00000 0 0 0
2013-06-16T16:00:00Z 0.00000 0.00000 0 0 0
2013-06-16T17:00:00Z 0.00000 0.00000 0 0 0
2013-06-16T18:00:00Z 0.00000 0.00000 0 0 0
2013-06-16T19:00:00Z 0.00000 0.00000 0 0 0
2013-06-16T20:00:00Z 0.00000 0.00000 0 0 0
2013-06-16T21:00:00Z 0.00000 0.00000 0 0 0
2013-06-16T22:00:00Z 0.00000 0.00000 0 0 0
2013-06-16T23:00:00Z 0.00000 0.00000 0 0 0
2013-06-17T00:00:00Z 0.00000 0.00000 0 0 0
2013-06-26T02:00:00Z 0.00000 0.00000 0 0 3
2013-06-26T03:00:00Z 0.00000 0.00000 0 0 3
2013-06-26T04:00:00Z 0.00000 0.00000 0 0 3
2013-06-26T05:00:00Z 0.00000 0.00000 0 0 3
2013-06-26T21:00:00Z 0.00000 0.00000 0 0 3
2013-06-26T22:00:00Z 0.00000 0.00000 0 0 3
2013-06-26T23:00:00Z 0.00000 0.00000 0 0 4
2013-06-27T00:00:00Z 0.00000 0.00000 0 0 3
2013-06-27T01:00:00Z 0.00000 0.00000 0 0 3
2013-06-27T02:00:00Z 0.00000 0.00000 0 0 3
2013-06-27T03:00:00Z 0.00000 0.00000 0 0 3
2013-06-28T06:00:00Z 0.00000 0.00000 0 0 1
2013-06-28T07:00:00Z 0.00000 0.00000 0 0 1
2013-06-28T08:00:00Z 0.00000 0.00000 0 0 1
2013-06-28T09:00:00Z 0.00000 0.00000 0 0 1
2013-06-28T10:00:00Z 0.00000 0.00000 0 0 1
2013-06-28T11:00:00Z 0.00000 0.00000 0 0 0
2013-06-28T12:00:00Z 0.00000 0.00000 0 0 0
2013-06-28T13:00:00Z 0.00000 0.00000 0 0 0
2013-06-28T14:00:00Z 0.00000 0.00000 0 0 0
2013-06-28T15:00:00Z 0.00000 0.00000 0 0 0
2013-06-28T16:00:00Z 0.00000 0.00000 0 0 0
2013-06-28T17:00:00Z 0.00000 0.00000 0 0 0
2013-06-28T18:00:00Z 0.00000 0.00000 0 0 0
2013-06-28T19:00:00Z 0.00000 0.00000 0 0 0
2013-06-28T20:00:00Z 0.00000 0.00000 0 0 0
2013-06-28T21:00:00Z 0.00000 0.00000 0 0 0
2013-06-28T22:00:00Z 0.00000 0.00000 0 0 0
2013-06-28T23:00:00Z 0.00000 0.00000 0 0 0
2013-06-29T00:00:00Z 0.00000 0.00000 0 0 1
2013-06-29T01:00:00Z 0.00000 0.00000 0 0 1
2013-06-29T02:00:00Z 0.00000 0.00000 0 0 1
2013-06-29T03:00:00Z 0.00000 0.00000 0 0 1
2013-06-29T04:00:00Z 0.00000 0.00000 0 0 1
2013-06-29T05:00:00Z 0.00000 0.00000 0 0 1
2013-06-29T06:00:00Z 0.00000 0.00000 0 0 1
2013-06-29T07:00:00Z 0.00000 0.00000 0 0 1
2013-06-29T08:00:00Z 0.00000 0.00000 0 0 1
2013-06-29T09:00:00Z 0.00000 0.00000 0 0 3
2013-06-30T02:00:00Z 0.00000 0.00000 0 0 1
2013-06-30T03:00:00Z 0.00000 0.00000 0 0 1
2013-07-18T15:00:00Z 0.00000 0.00000 0 0 702
2013-07-18T16:00:00Z 0.00000 0.00000 0 0 767
2013-07-18T17:00:00Z 0.00000 0.00000 0 0 829
2013-07-18T18:00:00Z 0.00000 0.00000 0 0 878
2013-07-18T19:00:00Z 0.00000 0.00000 0 0 917
2013-07-18T20:00:00Z 0.00000 0.00000 0 0 940
2013-07-18T21:00:00Z 0.00000 0.00000 0 0 942
2013-07-18T22:00:00Z 0.00000 0.00000 0 0 939
2013-07-18T23:00:00Z 0.00000 0.00000 0 0 979
2013-07-19T00:00:00Z 0.00000 0.00000 0 0 1030
2013-07-19T01:00:00Z 0.00000 0.00000 0 0 994
2013-07-19T02:00:00Z 0.00000 0.00000 0 0 936
2013-07-19T03:00:00Z 0.00000 0.00000 0 0 878
2013-07-19T04:00:00Z 0.00000 0.00000 0 0 817
2013-07-19T05:00:00Z 0.00000 0.00000 0 0 750
2013-07-19T06:00:00Z 0.00000 0.00000 0 0 699
2013-07-19T07:00:00Z 0.00000 0.00000 0 0 668
2013-07-19T08:00:00Z 0.00156 0.00000 1 0 643
2013-07-19T09:00:00Z 0.00159 0.00000 1 0 629
2013-07-19T10:00:00Z 0.00164 0.00000 1 0 609
2013-07-19T11:00:00Z 0.00172 0.00000 1 0 583
2013-07-19T12:00:00Z 0.00175 0.00000 1 0 571
2013-07-19T13:00:00Z 0.00169 0.00000 1 0 593
2013-07-19T14:00:00Z 0.00153 0.00000 1 0 654
2013-07-19T15:00:00Z 0.00139 0.00000 1 0 720
2013-07-19T16:00:00Z 0.00126 0.00000 1 0 795
2013-07-19T17:00:00Z 0.00115 0.00000 1 0 869
2013-07-19T18:00:00Z 0.00107 0.00000 1 0 937
2013-07-19T19:00:00Z 0.00099 0.00000 1 0 1014
2013-07-19T20:00:00Z 0.00000 0.00000 0 0 1063
2013-07-19T21:00:00Z 0.00091 0.00000 1 0 1098
2013-07-19T22:00:00Z 0.00086 0.00000 1 0 1162
2013-07-19T23:00:00Z 0.00082 0.00000 1 0 1218
2013-08-15T22:00:00Z 0.00353 0.00000 3 0 851
2013-08-15T23:00:00Z 0.00344 0.00000 3 0 872
2013-08-16T22:00:00Z 0.00712 0.00000 7 0 983
2013-08-16T23:00:00Z 0.01040 0.00000 11 0 1058
2013-09-12T16:00:00Z 0.00755 0.00000 4 0 530
2013-09-12T17:00:00Z 0.00696 0.00000 4 0 575
2013-09-12T18:00:00Z 0.00797 0.00000 5 0 627
2013-09-12T19:00:00Z 0.00787 0.00000 5 0 635
2013-09-12T20:00:00Z 0.00782 0.00000 5 0 639
2013-09-12T21:00:00Z 0.00893 0.00000 6 0 672
2013-09-12T22:00:00Z 0.00894 0.00000 6 0 671
2013-09-12T23:00:00Z 0.00838 0.00000 6 0 716
2013-09-27T18:00:00Z 0.00160 0.00000 1 0 626
2013-09-27T19:00:00Z 0.00297 0.00000 2 0 673
2013-09-27T20:00:00Z 0.00283 0.00000 2 0 707
2013-09-27T21:00:00Z 0.00408 0.00000 3 0 736
2013-09-27T22:00:00Z 0.00390 0.00000 3 0 770
2013-09-27T23:00:00Z 0.00371 0.00000 3 0 808
2013-09-28T00:00:00Z 0.00329 0.00000 3 0 912
2013-09-28T01:00:00Z 0.00337 0.00000 3 0 889
2013-09-28T02:00:00Z 0.00345 0.00000 3 0 870
2013-09-28T03:00:00Z 0.00248 0.00000 2 0 806
2013-09-28T04:00:00Z 0.00265 0.00000 2 0 756
2013-09-28T05:00:00Z 0.00289 0.00000 2 0 693
2013-09-28T06:00:00Z 0.00308 0.00000 2 0 649
2013-09-28T07:00:00Z 0.00165 0.00000 1 0 606
2013-09-28T08:00:00Z 0.00166 0.00000 1 0 604
2013-09-28T09:00:00Z 0.00000 0.00165 0 1 607
2013-09-28T10:00:00Z 0.00000 0.00164 0 1 609
2013-09-28T11:00:00Z 0.00000 0.00175 0 1 573
2013-09-28T12:00:00Z 0.00000 0.00198 0 1 505
2013-09-28T13:00:00Z 0.00000 0.00185 0 1 540
2013-09-28T14:00:00Z 0.00000 0.00170 0 1 589
2013-09-28T15:00:00Z 0.00000 0.00153 0 1 654
2013-09-28T16:00:00Z 0.00000 0.00137 0 1 730
2013-09-28T17:00:00Z 0.00000 0.00125 0 1 799
2013-09-28T18:00:00Z 0.00000 0.00117 0 1 855
2013-09-28T19:00:00Z 0.00000 0.00112 0 1 889
2013-09-28T20:00:00Z 0.00000 0.00110 0 1 908
2013-09-28T21:00:00Z 0.00110 0.00000 1 0 912
2013-09-28T22:00:00Z 0.00108 0.00000 1 0 927
2013-09-28T23:00:00Z 0.00108 0.00000 1 0 928
2013-09-29T00:00:00Z 0.00111 0.00000 1 0 902
2013-09-29T01:00:00Z 0.00117 0.00000 1 0 852
2013-09-29T02:00:00Z 0.00127 0.00000 1 0 788
2013-09-29T03:00:00Z 0.00138 0.00000 1 0 724
2013-09-29T04:00:00Z 0.00154 0.00000 1 0 649
2013-09-29T05:00:00Z 0.00173 0.00000 1 0 577
2013-09-29T06:00:00Z 0.00192 0.00000 1 0 522
2013-09-29T07:00:00Z 0.00204 0.00000 1 0 491
2013-09-29T08:00:00Z 0.00219 0.00000 1 0 457
2013-09-29T09:00:00Z 0.00000 0.00000 0 0 422
2013-09-29T10:00:00Z 0.00000 0.00000 0 0 373
2013-09-29T11:00:00Z 0.00000 0.00000 0 0 361
2013-09-29T12:00:00Z 0.00000 0.00000 0 0 367
2013-09-29T13:00:00Z 0.00000 0.00000 0 0 398
2013-09-29T14:00:00Z 0.00000 0.00000 0 0 467
2013-09-29T15:00:00Z 0.00000 0.00000 0 0 509
2013-09-29T16:00:00Z 0.00000 0.00000 0 0 564
2013-09-29T17:00:00Z 0.00312 0.00000 2 0 641
2013-09-29T18:00:00Z 0.00283 0.00000 2 0 707
2013-09-29T19:00:00Z 0.00386 0.00000 3 0 777
2013-09-29T20:00:00Z 0.00487 0.00000 4 0 821
2013-09-29T21:00:00Z 0.00463 0.00000 4 0 863
2013-09-29T22:00:00Z 0.00439 0.00000 4 0 911
2013-09-29T23:00:00Z 0.00426 0.00000 4 0 939
2013-09-30T00:00:00Z 0.00429 0.00000 4 0 932
2013-09-30T01:00:00Z 0.00448 0.00000 4 0 892
2013-09-30T02:00:00Z 0.00481 0.00000 4 0 831
2013-09-30T03:00:00Z 0.00503 0.00000 4 0 795
2013-09-30T04:00:00Z 0.00538 0.00000 4 0 744
2013-10-04T22:00:00Z 0.00908 0.00039 23 1 2533
2013-10-04T23:00:00Z 0.00923 0.00040 23 1 2492
2013-10-05T00:00:00Z 0.00878 0.00042 21 1 2393
2013-10-05T01:00:00Z 0.00943 0.00045 21 1 2227
2013-10-05T02:00:00Z 0.01036 0.00049 21 1 2028
2013-10-05T18:00:00Z 0.00925 0.00000 19 0 2054
2013-10-05T19:00:00Z 0.00918 0.00000 20 0 2179
2013-10-05T20:00:00Z 0.01238 0.00000 28 0 2262
2013-10-05T21:00:00Z 0.01378 0.00000 32 0 2323
2013-10-05T22:00:00Z 0.01376 0.00000 32 0 2325
2013-10-05T23:00:00Z 0.01345 0.00000 31 0 2304
2013-10-06T00:00:00Z 0.01352 0.00000 30 0 2219
2013-10-06T01:00:00Z 0.01349 0.00000 28 0 2076
2013-10-06T02:00:00Z 0.01472 0.00000 28 0 1902
2013-10-06T03:00:00Z 0.01568 0.00000 27 0 1722
2013-10-06T04:00:00Z 0.01481 0.00000 23 0 1553
2013-10-06T05:00:00Z 0.01391 0.00000 19 0 1366
2013-10-06T06:00:00Z 0.01174 0.00000 14 0 1193
2013-10-06T07:00:00Z 0.01195 0.00000 13 0 1088
2013-10-06T08:00:00Z 0.00795 0.00000 8 0 1006
2013-10-06T09:00:00Z 0.00657 0.00000 6 0 913
2013-10-06T10:00:00Z 0.00788 0.00000 7 0 888
2013-10-06T11:00:00Z 0.01230 0.00000 11 0 894
2013-10-06T12:00:00Z 0.01286 0.00000 12 0 933
2013-10-06T13:00:00Z 0.01267 0.00000 13 0 1026
2013-10-06T14:00:00Z 0.01194 0.00000 14 0 1173
2013-10-06T15:00:00Z 0.01151 0.00077 15 1 1303
2013-10-06T16:00:00Z 0.01176 0.00069 17 1 1445
2013-10-06T17:00:00Z 0.01209 0.00064 19 1 1571
2013-10-06T18:00:00Z 0.01313 0.00060 22 1 1676
2013-10-06T19:00:00Z 0.01462 0.00058 25 1 1710
2013-10-06T20:00:00Z 0.01428 0.00057 25 1 1751
2013-10-06T21:00:00Z 0.01315 0.00057 23 1 1749
2013-10-06T22:00:00Z 0.01256 0.00057 22 1 1751
2013-10-06T23:00:00Z 0.01112 0.00059 19 1 1708
2013-10-07T00:00:00Z 0.01079 0.00060 18 1 1668
2013-10-07T01:00:00Z 0.01076 0.00063 17 1 1580
2013-10-07T02:00:00Z 0.01179 0.00069 17 1 1442
2013-10-07T03:00:00Z 0.01214 0.00000 16 0 1318
2013-10-07T04:00:00Z 0.01200 0.00000 14 0 1167
2013-10-07T05:00:00Z 0.01167 0.00000 12 0 1028
2013-10-07T06:00:00Z 0.00977 0.00000 9 0 921
2013-10-07T07:00:00Z 0.00690 0.00000 6 0 869
2013-10-09T20:00:00Z 0.00145 0.00000 1 0 689
2013-10-09T21:00:00Z 0.00142 0.00000 1 0 703
2013-10-09T22:00:00Z 0.00138 0.00000 1 0 724
2013-10-09T23:00:00Z 0.00128 0.00000 1 0 779
2013-10-10T00:00:00Z 0.00128 0.00000 1 0 784
2013-10-10T01:00:00Z 0.00130 0.00000 1 0 767
2013-10-10T02:00:00Z 0.00139 0.00000 1 0 718
2013-10-10T03:00:00Z 0.00148 0.00000 1 0 674
2013-10-10T04:00:00Z 0.00160 0.00000 1 0 625
2013-10-10T05:00:00Z 0.00000 0.00000 0 0 577
2013-10-10T06:00:00Z 0.00000 0.00000 0 0 536
2013-10-10T07:00:00Z 0.00000 0.00000 0 0 497
2013-10-27T15:00:00Z 0.00297 0.00000 3 0 1011
2013-10-27T16:00:00Z 0.00265 0.00000 3 0 1131
2013-10-27T17:00:00Z 0.00327 0.00000 4 0 1224
2013-10-27T18:00:00Z 0.00304 0.00000 4 0 1315
2013-10-27T19:00:00Z 0.00368 0.00000 5 0 1360
2013-10-27T20:00:00Z 0.00362 0.00000 5 0 1383
2013-10-27T21:00:00Z 0.00217 0.00000 3 0 1385
2013-10-27T22:00:00Z 0.00223 0.00000 3 0 1345
2013-10-27T23:00:00Z 0.00152 0.00000 2 0 1316
2013-10-28T00:00:00Z 0.00158 0.00000 2 0 1266
2013-10-28T01:00:00Z 0.00172 0.00000 2 0 1165
2013-10-28T02:00:00Z 0.00192 0.00000 2 0 1039
2013-10-28T03:00:00Z 0.00217 0.00000 2 0 920
2013-10-28T04:00:00Z 0.00251 0.00000 2 0 797
2013-10-28T05:00:00Z 0.00141 0.00000 1 0 707
2013-10-28T06:00:00Z 0.00165 0.00000 1 0 606
2013-10-28T07:00:00Z 0.00000 0.00000 0 0 554
2013-10-28T08:00:00Z 0.00385 0.00000 2 0 520
2013-10-28T09:00:00Z 0.00594 0.00000 3 0 505
2013-10-28T10:00:00Z 0.00610 0.00000 3 0 492
2013-10-28T11:00:00Z 0.00661 0.00000 3 0 454
2013-10-28T12:00:00Z 0.00691 0.00000 3 0 434
2013-10-28T13:00:00Z 0.00661 0.00000 3 0 454
2013-10-28T14:00:00Z 0.00598 0.00000 3 0 502
2013-10-28T15:00:00Z 0.00534 0.00000 3 0 562
2013-10-28T16:00:00Z 0.00478 0.00000 3 0 628
2013-10-28T17:00:00Z 0.00427 0.00000 3 0 702
2013-10-28T18:00:00Z 0.00385 0.00000 3 0 780
2013-10-28T19:00:00Z 0.00362 0.00000 3 0 829
2013-10-28T20:00:00Z 0.00117 0.00000 1 0 854
2013-10-28T21:00:00Z 0.00000 0.00000 0 0 882
2013-10-28T22:00:00Z 0.00000 0.00000 0 0 908
2013-10-28T23:00:00Z 0.00000 0.00000 0 0 961
2013-10-29T00:00:00Z 0.00000 0.00000 0 0 985
2013-10-29T01:00:00Z 0.00105 0.00000 1 0 952
2013-10-29T02:00:00Z 0.00110 0.00000 1 0 908
2013-10-29T03:00:00Z 0.00118 0.00000 1 0 846
2013-10-29T04:00:00Z 0.00127 0.00000 1 0 788
2013-10-29T05:00:00Z 0.00141 0.00000 1 0 709
2013-10-29T06:00:00Z 0.00158 0.00000 1 0 633
2013-10-29T07:00:00Z 0.00170 0.00000 1 0 588
2013-10-31T13:00:00Z 0.00000 0.00000 0 0 493
2013-10-31T14:00:00Z 0.00000 0.00000 0 0 560
2013-10-31T15:00:00Z 0.00163 0.00000 1 0 615
2013-10-31T16:00:00Z 0.00145 0.00000 1 0 688
2013-10-31T17:00:00Z 0.00137 0.00000 1 0 729
2013-10-31T18:00:00Z 0.00128 0.00000 1 0 780
2013-10-31T19:00:00Z 0.00121 0.00000 1 0 827
2013-10-31T20:00:00Z 0.00229 0.00000 2 0 873
2013-10-31T21:00:00Z 0.00220 0.00000 2 0 909
2013-10-31T22:00:00Z 0.00211 0.00000 2 0 947
2013-10-31T23:00:00Z 0.00196 0.00000 2 0 1023
2013-11-01T00:00:00Z 0.00188 0.00000 2 0 1063
2013-11-01T01:00:00Z 0.00193 0.00000 2 0 1034
2013-11-01T02:00:00Z 0.00207 0.00000 2 0 968
2013-11-01T03:00:00Z 0.00110 0.00000 1 0 909
2013-11-01T04:00:00Z 0.00119 0.00000 1 0 837
2013-11-01T05:00:00Z 0.00126 0.00000 1 0 795
2013-11-01T06:00:00Z 0.00134 0.00000 1 0 745
2013-11-01T07:00:00Z 0.00141 0.00000 1 0 707
2013-11-01T08:00:00Z 0.00145 0.00000 1 0 690
2013-11-01T09:00:00Z 0.00294 0.00000 2 0 680
2013-11-01T10:00:00Z 0.00307 0.00000 2 0 651
2013-11-01T11:00:00Z 0.00344 0.00000 2 0 581
2013-11-01T12:00:00Z 0.00360 0.00000 2 0 555
2013-11-01T13:00:00Z 0.00331 0.00000 2 0 604
2013-11-01T14:00:00Z 0.00299 0.00000 2 0 668
2013-11-01T15:00:00Z 0.00267 0.00000 2 0 750
2013-11-01T16:00:00Z 0.00239 0.00000 2 0 836
2013-11-01T17:00:00Z 0.00216 0.00000 2 0 926
2013-11-01T18:00:00Z 0.00198 0.00000 2 0 1008
2013-11-01T19:00:00Z 0.00190 0.00000 2 0 1053
2013-11-01T20:00:00Z 0.00181 0.00000 2 0 1104
2013-11-01T21:00:00Z 0.00088 0.00000 1 0 1139
2013-11-01T22:00:00Z 0.00168 0.00000 2 0 1189
2013-11-01T23:00:00Z 0.00161 0.00000 2 0 1240
2013-11-02T00:00:00Z 0.00158 0.00000 2 0 1266
2013-11-02T01:00:00Z 0.00164 0.00000 2 0 1220
2013-11-02T02:00:00Z 0.00173 0.00000 2 0 1159
2013-11-02T03:00:00Z 0.00185 0.00000 2 0 1083
2013-11-02T04:00:00Z 0.00199 0.00000 2 0 1005
2013-11-02T05:00:00Z 0.00219 0.00000 2 0 915
2013-11-02T06:00:00Z 0.00240 0.00000 2 0 835
2013-11-02T07:00:00Z 0.00254 0.00000 2 0 788
2013-11-02T08:00:00Z 0.00134 0.00000 1 0 748
2013-11-02T09:00:00Z 0.00131 0.00000 1 0 766
2013-11-02T10:00:00Z 0.00000 0.00000 0 0 785
2013-11-02T11:00:00Z 0.00121 0.00000 1 0 826
2013-11-02T12:00:00Z 0.00229 0.00000 2 0 873
2013-11-02T13:00:00Z 0.00304 0.00000 3 0 987
2013-11-02T14:00:00Z 0.00266 0.00000 3 0 1127
2013-11-02T15:00:00Z 0.00240 0.00000 3 0 1251
2013-11-02T16:00:00Z 0.00219 0.00000 3 0 1369
2013-11-02T17:00:00Z 0.00199 0.00000 3 0 1509
2013-11-02T18:00:00Z 0.00248 0.00000 4 0 1616
2013-11-02T19:00:00Z 0.00293 0.00000 5 0 1705
2013-11-02T20:00:00Z 0.00286 0.00000 5 0 1751
2013-11-02T21:00:00Z 0.00283 0.00000 5 0 1765
2013-11-02T22:00:00Z 0.00289 0.00000 5 0 1732
2013-11-02T23:00:00Z 0.00232 0.00000 4 0 1725
2013-11-03T00:00:00Z 0.00173 0.00000 3 0 1736
2013-11-03T01:00:00Z 0.00123 0.00000 2 0 1624
2013-11-03T02:00:00Z 0.00134 0.00000 2 0 1498
2013-11-03T03:00:00Z 0.00144 0.00000 2 0 1386
2013-11-03T04:00:00Z 0.00158 0.00000 2 0 1266
2013-11-03T05:00:00Z 0.00177 0.00000 2 0 1128
2013-11-03T06:00:00Z 0.00098 0.00000 1 0 1022
2013-11-03T07:00:00Z 0.00000 0.00000 0 0 955
2013-11-08T21:00:00Z 0.00413 0.00046 9 1 2178
2013-11-08T22:00:00Z 0.00404 0.00045 9 1 2226
2013-11-08T23:00:00Z 0.00303 0.00000 7 0 2314
2013-11-09T00:00:00Z 0.00293 0.00000 7 0 2391
2013-11-09T01:00:00Z 0.00249 0.00000 6 0 2408
2013-11-09T02:00:00Z 0.00257 0.00000 6 0 2338
2013-11-09T03:00:00Z 0.00270 0.00000 6 0 2221
2013-11-09T04:00:00Z 0.00193 0.00000 4 0 2072
2013-11-09T05:00:00Z 0.00206 0.00000 4 0 1942
2013-11-09T06:00:00Z 0.00112 0.00000 2 0 1787
2013-11-09T07:00:00Z 0.00060 0.00000 1 0 1660
2013-11-09T08:00:00Z 0.00062 0.00000 1 0 1616
2013-11-09T09:00:00Z 0.00000 0.00000 0 0 1586
2013-11-22T19:00:00Z 0.00176 0.00000 21 0 11952
2013-11-22T20:00:00Z 0.00205 0.00000 26 0 12701
2013-11-22T21:00:00Z 0.00202 0.00000 26 0 12848
2013-11-22T22:00:00Z 0.00193 0.00000 25 0 12924
2013-11-22T23:00:00Z 0.00194 0.00000 25 0 12914
2013-11-23T00:00:00Z 0.00195 0.00000 25 0 12789
2013-11-23T01:00:00Z 0.00207 0.00000 25 0 12057
2013-11-23T02:00:00Z 0.00217 0.00000 24 0 11082
2013-11-23T03:00:00Z 0.00227 0.00000 23 0 10113
2013-11-23T04:00:00Z 0.00239 0.00000 22 0 9204
2013-11-23T05:00:00Z 0.00261 0.00000 21 0 8032
2013-11-23T06:00:00Z 0.00214 0.00000 15 0 7022
2013-11-23T07:00:00Z 0.00129 0.00000 8 0 6205
2013-11-23T08:00:00Z 0.00077 0.00000 4 0 5164
2013-11-23T09:00:00Z 0.00085 0.00000 4 0 4695
2013-11-23T10:00:00Z 0.00140 0.00000 6 0 4277
2013-11-23T11:00:00Z 0.00253 0.00000 10 0 3955
2013-11-23T12:00:00Z 0.00331 0.00000 12 0 3626
2013-11-23T13:00:00Z 0.00329 0.00000 12 0 3649
2013-11-23T14:00:00Z 0.00304 0.00000 12 0 3941
2013-11-23T15:00:00Z 0.00327 0.00000 15 0 4582
2013-11-23T16:00:00Z 0.00325 0.00000 16 0 4916
2013-11-23T17:00:00Z 0.00301 0.00000 16 0 5314
2013-11-23T18:00:00Z 0.00298 0.00000 17 0 5700
2013-11-23T19:00:00Z 0.00284 0.00000 17 0 5986
2013-11-23T20:00:00Z 0.00243 0.00000 15 0 6174
2013-11-23T21:00:00Z 0.00221 0.00000 14 0 6328
2013-11-23T22:00:00Z 0.00171 0.00000 11 0 6433
2013-11-23T23:00:00Z 0.00106 0.00000 7 0 6602
2013-11-24T00:00:00Z 0.00074 0.00000 5 0 6769
2013-11-24T01:00:00Z 0.00074 0.00000 5 0 6745
2013-11-24T02:00:00Z 0.00077 0.00000 5 0 6487
2013-11-24T03:00:00Z 0.00034 0.00000 2 0 5857
2013-11-24T04:00:00Z 0.00018 0.00000 1 0 5522
2013-11-24T05:00:00Z 0.00020 0.00000 1 0 5119
2013-11-24T06:00:00Z 0.00000 0.00000 0 0 4743
2013-11-24T07:00:00Z 0.00000 0.00000 0 0 4447
2013-12-06T22:00:00Z 0.00206 0.00000 20 0 9721
2013-12-06T23:00:00Z 0.00188 0.00000 20 0 10659
2013-12-07T00:00:00Z 0.00168 0.00000 20 0 11918
2013-12-07T01:00:00Z 0.00152 0.00000 20 0 13187
2013-12-07T02:00:00Z 0.00139 0.00000 19 0 13630
2013-12-07T03:00:00Z 0.00140 0.00000 19 0 13525
2013-12-07T04:00:00Z 0.00142 0.00000 19 0 13360
2013-12-07T05:00:00Z 0.00125 0.00000 16 0 12770
2013-12-07T06:00:00Z 0.00081 0.00000 10 0 12327
2013-12-07T07:00:00Z 0.00025 0.00000 3 0 12101
2013-12-07T08:00:00Z 0.00025 0.00000 3 0 12041
2013-12-07T09:00:00Z 0.00017 0.00000 2 0 11671
2013-12-07T10:00:00Z 0.00054 0.00000 6 0 11147
2013-12-07T11:00:00Z 0.00092 0.00000 10 0 10850
2013-12-07T12:00:00Z 0.00099 0.00000 10 0 10147
2013-12-07T13:00:00Z 0.00132 0.00000 12 0 9091
2013-12-07T14:00:00Z 0.00151 0.00000 13 0 8625
2013-12-07T15:00:00Z 0.00160 0.00000 14 0 8746
2013-12-07T16:00:00Z 0.00157 0.00000 14 0 8925
2013-12-07T17:00:00Z 0.00150 0.00000 14 0 9359
2013-12-07T18:00:00Z 0.00154 0.00000 15 0 9724
2013-12-07T19:00:00Z 0.00162 0.00000 16 0 9869
2013-12-07T20:00:00Z 0.00164 0.00000 16 0 9730
2013-12-07T21:00:00Z 0.00162 0.00000 16 0 9903
2013-12-07T22:00:00Z 0.00118 0.00000 12 0 10210
2013-12-07T23:00:00Z 0.00098 0.00000 10 0 10185
2013-12-08T00:00:00Z 0.00107 0.00000 11 0 10318
2013-12-08T01:00:00Z 0.00096 0.00000 10 0 10441
2013-12-08T02:00:00Z 0.00087 0.00000 9 0 10367
2013-12-08T03:00:00Z 0.00080 0.00000 8 0 10006
2013-12-08T04:00:00Z 0.00084 0.00000 8 0 9543
2013-12-08T05:00:00Z 0.00089 0.00000 8 0 9006
2013-12-08T06:00:00Z 0.00083 0.00000 7 0 8478
2013-12-08T07:00:00Z 0.00100 0.00000 8 0 7977
2013-12-08T08:00:00Z 0.00091 0.00000 7 0 7668
2013-12-08T09:00:00Z 0.00147 0.00000 11 0 7488
2013-12-08T10:00:00Z 0.00153 0.00000 11 0 7186
2013-12-08T11:00:00Z 0.00156 0.00000 11 0 7070
2013-12-08T12:00:00Z 0.00167 0.00000 12 0 7196
2013-12-08T13:00:00Z 0.00159 0.00000 12 0 7555
2013-12-08T14:00:00Z 0.00196 0.00000 16 0 8151
2013-12-08T15:00:00Z 0.00191 0.00000 17 0 8910
2013-12-08T16:00:00Z 0.00233 0.00000 23 0 9868
2013-12-08T17:00:00Z 0.00229 0.00000 26 0 11344
2013-12-08T18:00:00Z 0.00242 0.00000 30 0 12422
2013-12-08T19:00:00Z 0.00226 0.00000 30 0 13280
2013-12-08T20:00:00Z 0.00224 0.00000 32 0 14255
2013-12-22T19:00:00Z 0.00107 0.00000 8 0 7457
2013-12-22T20:00:00Z 0.00086 0.00000 7 0 8171
2013-12-22T21:00:00Z 0.00078 0.00000 7 0 8981
2013-12-22T22:00:00Z 0.00061 0.00000 6 0 9886
2013-12-22T23:00:00Z 0.00064 0.00000 7 0 10969
2013-12-23T00:00:00Z 0.00075 0.00000 9 0 12042
2013-12-23T01:00:00Z 0.00061 0.00000 8 0 13110
2013-12-23T02:00:00Z 0.00060 0.00008 8 1 13265
2013-12-23T03:00:00Z 0.00069 0.00008 9 1 13033
2013-12-23T04:00:00Z 0.00072 0.00008 9 1 12479
2013-12-23T05:00:00Z 0.00059 0.00008 7 1 11908
2013-12-23T06:00:00Z 0.00044 0.00009 5 1 11273
2013-12-23T07:00:00Z 0.00047 0.00009 5 1 10711
2013-12-23T08:00:00Z 0.00106 0.00010 11 1 10365
2013-12-23T09:00:00Z 0.00169 0.00020 17 2 10034
2013-12-23T10:00:00Z 0.00190 0.00020 19 2 9987
2013-12-23T11:00:00Z 0.00227 0.00021 22 2 9702
2013-12-23T12:00:00Z 0.00230 0.00022 21 2 9129
2013-12-23T13:00:00Z 0.00258 0.00025 21 2 8152
2013-12-23T14:00:00Z 0.00255 0.00012 21 1 8226
2013-12-23T15:00:00Z 0.00227 0.00011 20 1 8807
2013-12-23T16:00:00Z 0.00223 0.00011 21 1 9397
2013-12-23T17:00:00Z 0.00215 0.00010 21 1 9768
2013-12-23T18:00:00Z 0.00227 0.00010 23 1 10117
2013-12-23T19:00:00Z 0.00231 0.00010 24 1 10381
2013-12-23T20:00:00Z 0.00181 0.00010 19 1 10508
2013-12-23T21:00:00Z 0.00136 0.00000 14 0 10318
2013-12-23T22:00:00Z 0.00123 0.00000 12 0 9759
2013-12-23T23:00:00Z 0.00086 0.00000 8 0 9352
2013-12-24T00:00:00Z 0.00075 0.00000 7 0 9295
2013-12-24T01:00:00Z 0.00087 0.00000 8 0 9207
2013-12-24T02:00:00Z 0.00093 0.00000 8 0 8599
2013-12-24T03:00:00Z 0.00103 0.00000 8 0 7749
2013-12-24T04:00:00Z 0.00100 0.00000 7 0 6996
2013-12-24T17:00:00Z 0.00104 0.00000 7 0 6751
2013-12-24T18:00:00Z 0.00095 0.00000 7 0 7339
2013-12-24T19:00:00Z 0.00112 0.00000 9 0 8053
2013-12-24T20:00:00Z 0.00137 0.00000 12 0 8791
2013-12-24T21:00:00Z 0.00136 0.00000 13 0 9531
2013-12-24T22:00:00Z 0.00124 0.00000 13 0 10513
2013-12-24T23:00:00Z 0.00110 0.00000 13 0 11847
2013-12-25T00:00:00Z 0.00099 0.00000 13 0 13107
2013-12-25T01:00:00Z 0.00101 0.00000 14 0 13815
2013-12-25T02:00:00Z 0.00100 0.00000 14 0 14003
2013-12-25T03:00:00Z 0.00102 0.00000 14 0 13784
2013-12-25T04:00:00Z 0.00104 0.00000 14 0 13409
2013-12-25T05:00:00Z 0.00100 0.00000 13 0 12963
2013-12-25T06:00:00Z 0.00105 0.00000 13 0 12366
2013-12-25T07:00:00Z 0.00101 0.00000 12 0 11922
2013-12-25T08:00:00Z 0.00069 0.00000 8 0 11585
2013-12-25T09:00:00Z 0.00070 0.00000 8 0 11416
2013-12-25T10:00:00Z 0.00081 0.00000 9 0 11095
2013-12-25T11:00:00Z 0.00097 0.00000 10 0 10280
2013-12-25T12:00:00Z 0.00116 0.00000 11 0 9487
2013-12-25T13:00:00Z 0.00109 0.00000 10 0 9186
2013-12-25T14:00:00Z 0.00104 0.00000 10 0 9629
2013-12-25T15:00:00Z 0.00115 0.00000 12 0 10433
2013-12-25T16:00:00Z 0.00115 0.00000 13 0 11315
2013-12-25T17:00:00Z 0.00113 0.00008 14 1 12423
2013-12-25T18:00:00Z 0.00146 0.00007 20 1 13737
2014-01-02T14:00:00Z 0.00017 0.00017 1 1 5931
2014-01-02T15:00:00Z 0.00015 0.00015 1 1 6500
2014-01-04T12:00:00Z 0.00072 0.00000 3 0 4161
2014-01-04T13:00:00Z 0.00063 0.00000 3 0 4735
2014-01-04T14:00:00Z 0.00073 0.00000 4 0 5472
2014-01-04T15:00:00Z 0.00112 0.00000 7 0 6240
2014-01-04T16:00:00Z 0.00112 0.00000 8 0 7168
2014-01-04T17:00:00Z 0.00110 0.00000 9 0 8154
2014-01-04T18:00:00Z 0.00098 0.00000 9 0 9215
2014-01-04T19:00:00Z 0.00088 0.00000 9 0 10242
2014-01-05T23:00:00Z 0.00106 0.00000 12 0 11358
2014-01-06T00:00:00Z 0.00084 0.00000 11 0 13092
2014-01-06T01:00:00Z 0.00069 0.00000 10 0 14440
2014-01-06T02:00:00Z 0.00067 0.00000 10 0 14915
2014-01-06T03:00:00Z 0.00061 0.00000 9 0 14854
2014-01-06T04:00:00Z 0.00048 0.00000 7 0 14572
2014-01-06T05:00:00Z 0.00035 0.00000 5 0 14290
2014-01-06T06:00:00Z 0.00021 0.00000 3 0 13994
2014-01-06T07:00:00Z 0.00022 0.00000 3 0 13918
2014-01-06T08:00:00Z 0.00021 0.00000 3 0 14059
2014-01-06T09:00:00Z 0.00022 0.00000 3 0 13535
2014-01-06T10:00:00Z 0.00025 0.00000 3 0 11873
2014-01-06T11:00:00Z 0.00020 0.00000 2 0 9945
2014-01-06T12:00:00Z 0.00025 0.00000 2 0 8032
2014-01-06T13:00:00Z 0.00044 0.00000 3 0 6745
2014-01-15T23:00:00Z 0.00094 0.00000 7 0 7411
2014-01-16T00:00:00Z 0.00092 0.00000 7 0 7645
2014-01-16T01:00:00Z 0.00080 0.00000 6 0 7525
2014-01-16T02:00:00Z 0.00083 0.00000 6 0 7242
2014-01-16T03:00:00Z 0.00072 0.00000 5 0 6947
2014-01-16T04:00:00Z 0.00061 0.00000 4 0 6545
2014-01-16T05:00:00Z 0.00065 0.00000 4 0 6123
2014-01-16T06:00:00Z 0.00053 0.00000 3 0 5652
2014-01-16T07:00:00Z 0.00060 0.00000 3 0 4994
2014-01-16T08:00:00Z 0.00111 0.00000 5 0 4512
2014-01-16T09:00:00Z 0.00241 0.00000 10 0 4146
2014-01-16T10:00:00Z 0.00295 0.00000 11 0 3725
2014-01-16T11:00:00Z 0.00336 0.00000 11 0 3275
2014-01-16T12:00:00Z 0.00371 0.00000 11 0 2962
2014-01-16T13:00:00Z 0.00407 0.00000 12 0 2945
2014-01-16T14:00:00Z 0.00383 0.00000 12 0 3137
2014-01-16T15:00:00Z 0.00350 0.00000 12 0 3429
2014-01-16T16:00:00Z 0.00321 0.00000 12 0 3740
2014-01-16T17:00:00Z 0.00319 0.00000 13 0 4081
2014-01-16T18:00:00Z 0.00314 0.00000 14 0 4455
2014-01-16T19:00:00Z 0.00332 0.00000 16 0 4820
2014-01-19T08:00:00Z 0.00130 0.00000 9 0 6945
2014-01-19T09:00:00Z 0.00076 0.00000 5 0 6542
2014-01-19T10:00:00Z 0.00082 0.00000 5 0 6096
2014-01-19T11:00:00Z 0.00036 0.00000 2 0 5480
2014-01-22T17:00:00Z 0.00116 0.00017 7 1 6009
2014-01-22T18:00:00Z 0.00125 0.00016 8 1 6413
2014-01-22T19:00:00Z 0.00104 0.00015 7 1 6723
2014-01-22T20:00:00Z 0.00102 0.00000 7 0 6870
2014-01-22T21:00:00Z 0.00102 0.00000 7 0 6890
2014-01-22T22:00:00Z 0.00118 0.00000 8 0 6808
2014-01-22T23:00:00Z 0.00101 0.00000 7 0 6943
2014-01-23T00:00:00Z 0.00084 0.00000 6 0 7124
2014-01-23T01:00:00Z 0.00073 0.00000 5 0 6859
2014-01-23T02:00:00Z 0.00062 0.00000 4 0 6426
2014-01-23T03:00:00Z 0.00065 0.00000 4 0 6156
2014-01-23T04:00:00Z 0.00068 0.00000 4 0 5897
2014-01-23T05:00:00Z 0.00072 0.00000 4 0 5561
2014-01-23T06:00:00Z 0.00058 0.00000 3 0 5156
2014-01-23T07:00:00Z 0.00062 0.00000 3 0 4829
2014-01-23T08:00:00Z 0.00065 0.00000 3 0 4634
2014-01-23T09:00:00Z 0.00045 0.00000 2 0 4486
2014-01-23T10:00:00Z 0.00023 0.00000 1 0 4331
2014-01-23T11:00:00Z 0.00049 0.00000 2 0 4044
2014-01-23T12:00:00Z 0.00026 0.00000 1 0 3921
2014-01-23T13:00:00Z 0.00048 0.00000 2 0 4207
2014-01-23T14:00:00Z 0.00043 0.00000 2 0 4606
2014-01-23T15:00:00Z 0.00039 0.00000 2 0 5175
2014-01-23T16:00:00Z 0.00036 0.00000 2 0 5560
2014-01-23T17:00:00Z 0.00033 0.00000 2 0 6020
2014-01-23T18:00:00Z 0.00031 0.00000 2 0 6548
2014-01-23T19:00:00Z 0.00028 0.00014 2 1 7050
2014-01-23T20:00:00Z 0.00027 0.00013 2 1 7460
2014-01-23T21:00:00Z 0.00026 0.00013 2 1 7830
2014-01-23T22:00:00Z 0.00024 0.00012 2 1 8244
2014-01-23T23:00:00Z 0.00011 0.00011 1 1 8910
2014-01-24T00:00:00Z 0.00021 0.00011 2 1 9379
2014-01-24T01:00:00Z 0.00010 0.00010 1 1 9597
2014-01-24T02:00:00Z 0.00011 0.00011 1 1 9482
2014-01-24T03:00:00Z 0.00011 0.00011 1 1 9116
2014-01-29T13:00:00Z 0.00353 0.00029 12 1 3403
2014-01-29T14:00:00Z 0.00338 0.00028 12 1 3546
2014-01-29T15:00:00Z 0.00314 0.00026 12 1 3819
2014-01-29T16:00:00Z 0.00285 0.00024 12 1 4213
2014-01-30T20:00:00Z 0.00037 0.00086 3 7 8154
2014-01-30T21:00:00Z 0.00030 0.00060 3 6 10010
2014-02-01T04:00:00Z 0.00043 0.00043 3 3 7019
2014-02-01T05:00:00Z 0.00045 0.00030 3 2 6601
2014-02-01T06:00:00Z 0.00049 0.00033 3 2 6151
2014-02-01T07:00:00Z 0.00052 0.00035 3 2 5763
2014-02-01T08:00:00Z 0.00056 0.00037 3 2 5379
2014-02-01T09:00:00Z 0.00040 0.00000 2 0 5036
2014-02-01T10:00:00Z 0.00088 0.00000 4 0 4556
2014-02-01T11:00:00Z 0.00143 0.00024 6 1 4206
2014-02-01T12:00:00Z 0.00273 0.00025 11 1 4032
2014-02-01T13:00:00Z 0.00315 0.00024 13 1 4125
2014-02-01T14:00:00Z 0.00303 0.00023 13 1 4290
2014-02-01T15:00:00Z 0.00261 0.00022 12 1 4598
2014-02-01T16:00:00Z 0.00257 0.00020 13 1 5053
2014-02-01T17:00:00Z 0.00236 0.00018 13 1 5517
2014-02-01T18:00:00Z 0.00215 0.00017 13 1 6041
2014-02-01T19:00:00Z 0.00201 0.00015 13 1 6473
2014-02-01T20:00:00Z 0.00204 0.00015 14 1 6854
2014-02-01T21:00:00Z 0.00198 0.00014 14 1 7053
2014-02-01T22:00:00Z 0.00167 0.00014 12 1 7192
2014-02-01T23:00:00Z 0.00135 0.00000 10 0 7422
2014-02-05T22:00:00Z 0.00490 0.00010 49 1 9990
2014-02-05T23:00:00Z 0.00484 0.00009 51 1 10537
2014-02-06T00:00:00Z 0.00465 0.00009 51 1 10970
2014-02-06T01:00:00Z 0.00461 0.00009 52 1 11274
2014-02-06T02:00:00Z 0.00442 0.00009 50 1 11322
2014-02-06T03:00:00Z 0.00436 0.00009 48 1 11015
2014-02-11T18:00:00Z 0.00100 0.00010 10 1 10032
2014-02-11T19:00:00Z 0.00101 0.00009 11 1 10930
2014-02-11T20:00:00Z 0.00085 0.00008 10 1 11768
2014-02-11T21:00:00Z 0.00064 0.00000 8 0 12584
2014-02-12T18:00:00Z 0.00074 0.00008 9 1 12235
2014-02-12T19:00:00Z 0.00113 0.00008 15 1 13238
2014-02-12T20:00:00Z 0.00092 0.00007 13 1 14184
2014-02-12T21:00:00Z 0.00066 0.00007 10 1 15172
2014-02-12T22:00:00Z 0.00068 0.00006 11 1 16277
2014-02-12T23:00:00Z 0.00063 0.00006 11 1 17497
2014-02-13T00:00:00Z 0.00059 0.00005 11 1 18557
2014-02-13T01:00:00Z 0.00059 0.00005 11 1 18667
2014-02-13T02:00:00Z 0.00061 0.00006 11 1 18131
2014-02-13T03:00:00Z 0.00064 0.00006 11 1 17250
2014-02-13T04:00:00Z 0.00067 0.00006 11 1 16382
2014-02-13T05:00:00Z 0.00066 0.00007 10 1 15257
2014-02-13T06:00:00Z 0.00064 0.00000 9 0 14085
2014-02-13T07:00:00Z 0.00023 0.00000 3 0 13028
2014-02-13T08:00:00Z 0.00041 0.00000 5 0 12062
2014-02-13T09:00:00Z 0.00062 0.00000 7 0 11329
2014-02-13T10:00:00Z 0.00065 0.00000 7 0 10747
2014-02-13T11:00:00Z 0.00083 0.00000 8 0 9643
2014-02-13T12:00:00Z 0.00108 0.00000 9 0 8335
2014-02-13T13:00:00Z 0.00128 0.00000 10 0 7838
2014-02-13T14:00:00Z 0.00125 0.00000 10 0 8026
2014-02-13T15:00:00Z 0.00117 0.00000 10 0 8559
2014-02-13T16:00:00Z 0.00109 0.00000 10 0 9170
2014-02-13T17:00:00Z 0.00101 0.00000 10 0 9872
2014-02-13T18:00:00Z 0.00103 0.00000 11 0 10633
2014-02-13T19:00:00Z 0.00143 0.00000 16 0 11204
2014-02-13T20:00:00Z 0.00120 0.00000 14 0 11636
2014-02-13T21:00:00Z 0.00101 0.00000 12 0 11831
2014-02-13T22:00:00Z 0.00094 0.00000 11 0 11666
2014-02-13T23:00:00Z 0.00085 0.00000 10 0 11778
2014-02-14T00:00:00Z 0.00066 0.00000 8 0 12046
2014-02-14T01:00:00Z 0.00058 0.00000 7 0 12115
2014-02-14T02:00:00Z 0.00060 0.00000 7 0 11647
2014-02-14T03:00:00Z 0.00064 0.00000 7 0 11003
2014-02-14T04:00:00Z 0.00068 0.00000 7 0 10265
2014-02-14T05:00:00Z 0.00074 0.00000 7 0 9489
2014-02-14T06:00:00Z 0.00058 0.00000 5 0 8632
2014-02-14T07:00:00Z 0.00000 0.00000 0 0 7936
2014-02-14T08:00:00Z 0.00000 0.00000 0 0 7259
2014-02-14T09:00:00Z 0.00000 0.00000 0 0 6566
2014-02-14T10:00:00Z 0.00000 0.00000 0 0 5993
2014-02-14T11:00:00Z 0.00000 0.00000 0 0 5345
2014-02-14T12:00:00Z 0.00000 0.00000 0 0 4847
2014-02-14T13:00:00Z 0.00022 0.00000 1 0 4585
2014-02-14T14:00:00Z 0.00020 0.00000 1 0 4896
2014-02-14T15:00:00Z 0.00037 0.00000 2 0 5357
2014-02-14T16:00:00Z 0.00068 0.00000 4 0 5888
2014-02-14T17:00:00Z 0.00061 0.00000 4 0 6505
2014-02-14T18:00:00Z 0.00070 0.00000 5 0 7131
2014-02-14T19:00:00Z 0.00114 0.00000 9 0 7885
2014-02-14T20:00:00Z 0.00117 0.00000 10 0 8574
2014-02-14T21:00:00Z 0.00108 0.00000 10 0 9256
2014-02-14T22:00:00Z 0.00100 0.00000 10 0 9991
2014-02-14T23:00:00Z 0.00091 0.00000 10 0 10935
2014-02-15T00:00:00Z 0.00104 0.00000 12 0 11561
2014-02-15T01:00:00Z 0.00094 0.00000 11 0 11669
2014-02-15T02:00:00Z 0.00097 0.00000 11 0 11367
2014-02-15T03:00:00Z 0.00092 0.00000 10 0 10910
2014-02-15T04:00:00Z 0.00077 0.00000 8 0 10387
2014-02-15T05:00:00Z 0.00082 0.00000 8 0 9762
2014-02-15T06:00:00Z 0.00077 0.00000 7 0 9110
2014-02-15T07:00:00Z 0.00036 0.00000 3 0 8293
2014-02-15T08:00:00Z 0.00027 0.00000 2 0 7480
2014-02-15T09:00:00Z 0.00030 0.00000 2 0 6650
2014-02-15T10:00:00Z 0.00035 0.00000 2 0 5786
2014-02-15T11:00:00Z 0.00041 0.00000 2 0 4909
2014-02-15T12:00:00Z 0.00000 0.00000 0 0 4323
2014-02-15T13:00:00Z 0.00024 0.00000 1 0 4235
2014-02-15T14:00:00Z 0.00022 0.00000 1 0 4641
2014-02-15T15:00:00Z 0.00019 0.00000 1 0 5129
2014-02-15T16:00:00Z 0.00035 0.00000 2 0 5759
2014-02-15T17:00:00Z 0.00046 0.00000 3 0 6476
2014-02-15T18:00:00Z 0.00055 0.00000 4 0 7230
2014-02-15T19:00:00Z 0.00063 0.00000 5 0 7995
2014-02-15T20:00:00Z 0.00080 0.00000 7 0 8744
2014-02-15T21:00:00Z 0.00085 0.00000 8 0 9384
2014-02-15T22:00:00Z 0.00079 0.00000 8 0 10151
2014-02-15T23:00:00Z 0.00081 0.00000 9 0 11047
2014-02-16T00:00:00Z 0.00074 0.00000 9 0 12085
2014-02-16T01:00:00Z 0.00072 0.00000 9 0 12566
2014-02-16T02:00:00Z 0.00073 0.00000 9 0 12368
2014-02-16T03:00:00Z 0.00075 0.00008 9 1 11992
2014-02-16T04:00:00Z 0.00070 0.00009 8 1 11459
2014-02-16T05:00:00Z 0.00065 0.00019 7 2 10792
2014-02-16T06:00:00Z 0.00059 0.00020 6 2 10085
2014-02-16T07:00:00Z 0.00053 0.00021 5 2 9419
2014-02-16T08:00:00Z 0.00034 0.00023 3 2 8836
2014-02-16T09:00:00Z 0.00047 0.00024 4 2 8460
2014-02-16T10:00:00Z 0.00050 0.00025 4 2 8044
2014-02-16T11:00:00Z 0.00067 0.00027 5 2 7465
2014-02-16T12:00:00Z 0.00074 0.00030 5 2 6760
2014-02-16T13:00:00Z 0.00060 0.00030 4 2 6698
2014-02-16T14:00:00Z 0.00069 0.00028 5 2 7205
2014-02-16T15:00:00Z 0.00086 0.00025 7 2 8124
2014-02-16T16:00:00Z 0.00110 0.00022 10 2 9080
2014-02-16T17:00:00Z 0.00119 0.00010 12 1 10081
2014-02-16T18:00:00Z 0.00134 0.00018 15 2 11218
2014-02-19T22:00:00Z 0.00059 0.00006 10 1 17032
2014-02-19T23:00:00Z 0.00059 0.00006 10 1 16888
2014-02-20T00:00:00Z 0.00060 0.00006 10 1 16773
2014-02-20T01:00:00Z 0.00056 0.00006 9 1 15988
2014-02-20T02:00:00Z 0.00061 0.00007 9 1 14803
2014-02-20T03:00:00Z 0.00044 0.00007 6 1 13513
2014-02-20T04:00:00Z 0.00048 0.00000 6 0 12486
2014-02-20T05:00:00Z 0.00052 0.00000 6 0 11499
2014-02-20T06:00:00Z 0.00038 0.00000 4 0 10466
2014-02-21T13:00:00Z 0.00101 0.00000 4 0 3945
2014-02-21T14:00:00Z 0.00114 0.00000 5 0 4384
2014-02-21T15:00:00Z 0.00101 0.00000 5 0 4934
2014-02-21T16:00:00Z 0.00088 0.00000 5 0 5662
2014-02-21T17:00:00Z 0.00124 0.00000 8 0 6429
2014-02-21T18:00:00Z 0.00183 0.00000 13 0 7123
2014-02-21T19:00:00Z 0.00218 0.00000 17 0 7797
2014-02-21T20:00:00Z 0.00210 0.00000 18 0 8577
2014-02-21T21:00:00Z 0.00192 0.00000 18 0 9384
2014-02-21T22:00:00Z 0.00171 0.00000 18 0 10554
2014-02-21T23:00:00Z 0.00166 0.00000 20 0 12078
2014-02-22T00:00:00Z 0.00156 0.00000 21 0 13442
2014-02-22T01:00:00Z 0.00135 0.00000 19 0 14044
2014-02-22T02:00:00Z 0.00128 0.00000 18 0 14060
2014-02-22T03:00:00Z 0.00131 0.00000 18 0 13740
2014-02-22T04:00:00Z 0.00129 0.00000 17 0 13139
2014-02-22T05:00:00Z 0.00112 0.00000 14 0 12477
2014-02-22T19:00:00Z 0.00114 0.00000 18 0 15722
2014-02-22T20:00:00Z 0.00110 0.00000 18 0 16403
2014-02-22T21:00:00Z 0.00100 0.00000 17 0 16930
2014-02-22T22:00:00Z 0.00098 0.00000 17 0 17399
2014-02-22T23:00:00Z 0.00082 0.00000 15 0 18227
2014-02-23T00:00:00Z 0.00077 0.00000 15 0 19391
2014-02-23T01:00:00Z 0.00053 0.00000 11 0 20721
2014-02-23T02:00:00Z 0.00043 0.00000 9 0 20902
2014-02-23T03:00:00Z 0.00025 0.00000 5 0 20345
2014-02-23T04:00:00Z 0.00026 0.00000 5 0 19475
2014-02-23T05:00:00Z 0.00027 0.00000 5 0 18454
2014-02-23T06:00:00Z 0.00023 0.00000 4 0 17224
2014-02-23T07:00:00Z 0.00018 0.00000 3 0 16377
2014-02-23T08:00:00Z 0.00013 0.00000 2 0 15828
2014-02-23T09:00:00Z 0.00019 0.00000 3 0 15813
2014-02-23T10:00:00Z 0.00025 0.00000 4 0 16108
2014-02-23T11:00:00Z 0.00031 0.00000 5 0 16293
2014-02-23T12:00:00Z 0.00043 0.00000 7 0 16200
2014-02-23T13:00:00Z 0.00070 0.00000 11 0 15761
2014-02-23T14:00:00Z 0.00092 0.00000 15 0 16353
2014-02-23T15:00:00Z 0.00125 0.00000 22 0 17558
2014-02-23T16:00:00Z 0.00133 0.00005 25 1 18824
2014-02-23T17:00:00Z 0.00125 0.00005 25 1 20024
2014-02-23T18:00:00Z 0.00128 0.00005 27 1 21118
2014-02-23T19:00:00Z 0.00128 0.00005 28 1 21919
2014-02-23T20:00:00Z 0.00130 0.00004 29 1 22370
2014-02-23T21:00:00Z 0.00126 0.00005 28 1 22179
2014-02-23T22:00:00Z 0.00119 0.00005 26 1 21774
2014-02-23T23:00:00Z 0.00118 0.00005 25 1 21202
2014-02-24T00:00:00Z 0.00123 0.00005 25 1 20328
2014-02-24T01:00:00Z 0.00111 0.00005 21 1 18945
2014-02-24T02:00:00Z 0.00099 0.00006 17 1 17086
2014-02-24T03:00:00Z 0.00066 0.00007 10 1 15232
2014-02-24T04:00:00Z 0.00051 0.00000 7 0 13627
2014-02-24T05:00:00Z 0.00057 0.00000 7 0 12218
2014-02-24T06:00:00Z 0.00046 0.00000 5 0 10968
2014-02-24T07:00:00Z 0.00030 0.00000 3 0 9902
2014-02-24T08:00:00Z 0.00034 0.00000 3 0 8944
2014-02-24T09:00:00Z 0.00037 0.00000 3 0 8078
2014-02-24T10:00:00Z 0.00043 0.00000 3 0 6898
2014-02-24T23:00:00Z 0.00090 0.00013 7 1 7790
2014-02-25T00:00:00Z 0.00084 0.00012 7 1 8379
2014-02-25T01:00:00Z 0.00094 0.00012 8 1 8529
2014-02-25T02:00:00Z 0.00095 0.00012 8 1 8421
2014-03-03T07:00:00Z 0.00051 0.00000 3 0 5916
2014-03-03T08:00:00Z 0.00088 0.00000 5 0 5700
2014-03-03T09:00:00Z 0.00180 0.00000 10 0 5543
2014-03-03T10:00:00Z 0.00193 0.00000 10 0 5185
2014-03-03T11:00:00Z 0.00229 0.00000 11 0 4802
2014-03-03T12:00:00Z 0.00250 0.00000 11 0 4405
2014-03-03T13:00:00Z 0.00294 0.00000 13 0 4423
2014-03-03T14:00:00Z 0.00271 0.00000 13 0 4794
2014-03-03T15:00:00Z 0.00246 0.00000 13 0 5288
2014-03-03T16:00:00Z 0.00243 0.00000 14 0 5768
2014-03-03T17:00:00Z 0.00235 0.00000 15 0 6390
2014-03-03T18:00:00Z 0.00227 0.00000 16 0 7044
2014-03-10T19:00:00Z 0.00114 0.00000 5 0 4398
2014-03-10T20:00:00Z 0.00107 0.00000 5 0 4679
2014-03-10T21:00:00Z 0.00081 0.00000 4 0 4963
2014-03-10T22:00:00Z 0.00074 0.00000 4 0 5404
2014-03-10T23:00:00Z 0.00066 0.00000 4 0 6106
2014-03-11T00:00:00Z 0.00059 0.00000 4 0 6826
2014-03-11T01:00:00Z 0.00057 0.00000 4 0 6978
2014-03-11T02:00:00Z 0.00058 0.00000 4 0 6844
2014-03-11T03:00:00Z 0.00045 0.00000 3 0 6619
2014-03-11T04:00:00Z 0.00032 0.00000 2 0 6325
2014-03-11T05:00:00Z 0.00033 0.00000 2 0 5980
2014-03-11T06:00:00Z 0.00018 0.00000 1 0 5631
2014-03-11T07:00:00Z 0.00000 0.00000 0 0 5345
2014-03-11T08:00:00Z 0.00038 0.00000 2 0 5211
2014-03-11T09:00:00Z 0.00078 0.00000 4 0 5108
2014-03-15T20:00:00Z 0.00144 0.00000 17 0 11808
2014-03-16T16:00:00Z 0.00078 0.00016 5 1 6433
2014-03-16T17:00:00Z 0.00126 0.00000 9 0 7119
2014-03-16T18:00:00Z 0.00166 0.00000 13 0 7811
2014-03-16T19:00:00Z 0.00214 0.00000 18 0 8417
2014-03-16T20:00:00Z 0.00213 0.00000 19 0 8913
2014-03-16T21:00:00Z 0.00223 0.00000 21 0 9432
2014-03-16T22:00:00Z 0.00211 0.00000 21 0 9956
2014-03-16T23:00:00Z 0.00175 0.00000 19 0 10860
2014-03-17T00:00:00Z 0.00171 0.00000 20 0 11672
2014-03-17T01:00:00Z 0.00177 0.00000 21 0 11865
2014-03-17T02:00:00Z 0.00182 0.00000 21 0 11516
2014-03-17T03:00:00Z 0.00182 0.00000 20 0 10976
2014-03-17T04:00:00Z 0.00194 0.00000 20 0 10311
2014-03-17T05:00:00Z 0.00167 0.00000 16 0 9604
2014-03-23T15:00:00Z 0.00180 0.00009 20 1 11130
2014-03-23T16:00:00Z 0.00185 0.00008 23 1 12423
2014-03-23T17:00:00Z 0.00194 0.00007 27 1 13924
2014-03-23T18:00:00Z 0.00217 0.00006 34 1 15645
2014-03-23T19:00:00Z 0.00209 0.00006 36 1 17255
2014-03-23T20:00:00Z 0.00214 0.00005 40 1 18699
2014-03-23T21:00:00Z 0.00215 0.00010 43 2 19972
2014-03-23T22:00:00Z 0.00206 0.00009 44 2 21405
2014-03-23T23:00:00Z 0.00187 0.00009 43 2 23008
2014-03-24T00:00:00Z 0.00163 0.00008 40 2 24500
2014-03-24T01:00:00Z 0.00137 0.00004 34 1 24834
2014-03-24T02:00:00Z 0.00128 0.00004 31 1 24185
2014-03-24T03:00:00Z 0.00134 0.00004 31 1 23080
2014-03-24T04:00:00Z 0.00128 0.00005 28 1 21799
2014-03-24T05:00:00Z 0.00128 0.00005 26 1 20382
2014-03-24T06:00:00Z 0.00101 0.00005 19 1 18794
2014-03-24T07:00:00Z 0.00104 0.00006 18 1 17339
2014-03-24T08:00:00Z 0.00118 0.00006 19 1 16166
2014-03-24T09:00:00Z 0.00194 0.00000 29 0 14955
2014-03-24T23:00:00Z 0.00095 0.00000 11 0 11625
2014-03-25T00:00:00Z 0.00096 0.00000 11 0 11447
2014-03-25T01:00:00Z 0.00100 0.00000 11 0 10975
2014-03-25T02:00:00Z 0.00087 0.00000 9 0 10335
2014-03-25T03:00:00Z 0.00093 0.00000 9 0 9690
2014-03-25T04:00:00Z 0.00099 0.00000 9 0 9047
2014-03-25T05:00:00Z 0.00108 0.00000 9 0 8324
2014-03-25T06:00:00Z 0.00080 0.00000 6 0 7524
2014-03-25T07:00:00Z 0.00045 0.00000 3 0 6642
2014-03-25T08:00:00Z 0.00081 0.00000 5 0 6159
2014-03-25T09:00:00Z 0.00121 0.00000 7 0 5795
2014-03-25T10:00:00Z 0.00147 0.00000 8 0 5427
2014-03-25T11:00:00Z 0.00138 0.00020 7 1 5070
2014-03-25T12:00:00Z 0.00162 0.00023 7 1 4333
2014-03-25T13:00:00Z 0.00161 0.00023 7 1 4343
2014-03-25T14:00:00Z 0.00150 0.00021 7 1 4674
2014-03-25T15:00:00Z 0.00155 0.00019 8 1 5150
2014-03-25T16:00:00Z 0.00140 0.00018 8 1 5704
2014-03-25T17:00:00Z 0.00143 0.00016 9 1 6289
2014-03-25T18:00:00Z 0.00131 0.00015 9 1 6874
2014-03-25T19:00:00Z 0.00135 0.00014 10 1 7395
2014-03-25T20:00:00Z 0.00103 0.00013 8 1 7801
2014-03-25T21:00:00Z 0.00072 0.00012 6 1 8288
2014-03-25T22:00:00Z 0.00045 0.00011 4 1 8974
2014-03-25T23:00:00Z 0.00041 0.00000 4 0 9821
2014-03-26T00:00:00Z 0.00028 0.00000 3 0 10568
2014-03-26T01:00:00Z 0.00028 0.00000 3 0 10743
2014-03-26T02:00:00Z 0.00029 0.00000 3 0 10459
2014-03-26T03:00:00Z 0.00020 0.00000 2 0 10030
2014-03-26T04:00:00Z 0.00021 0.00000 2 0 9504
2014-03-26T05:00:00Z 0.00011 0.00000 1 0 8917
2014-03-26T06:00:00Z 0.00012 0.00000 1 0 8339
2014-03-26T07:00:00Z 0.00000 0.00000 0 0 7945
2014-03-26T08:00:00Z 0.00025 0.00000 2 0 7851
2014-03-26T09:00:00Z 0.00143 0.00000 11 0 7686
2014-03-26T10:00:00Z 0.00242 0.00000 18 0 7429
2014-03-26T11:00:00Z 0.00320 0.00000 22 0 6867
2014-03-26T12:00:00Z 0.00367 0.00000 24 0 6536
2014-03-26T13:00:00Z 0.00350 0.00000 24 0 6864
2014-03-26T14:00:00Z 0.00318 0.00000 24 0 7551
2014-03-26T15:00:00Z 0.00283 0.00000 24 0 8488
2014-03-26T16:00:00Z 0.00267 0.00000 25 0 9370
2014-03-26T17:00:00Z 0.00241 0.00000 25 0 10387
2014-03-26T18:00:00Z 0.00236 0.00000 27 0 11425
2014-03-26T19:00:00Z 0.00238 0.00000 29 0 12210
2014-03-26T20:00:00Z 0.00215 0.00000 28 0 13020
2014-03-26T21:00:00Z 0.00137 0.00000 19 0 13887
2014-03-26T22:00:00Z 0.00079 0.00000 12 0 15184
2014-03-26T23:00:00Z 0.00054 0.00000 9 0 16660
2014-03-27T00:00:00Z 0.00039 0.00000 7 0 17933
2014-03-27T01:00:00Z 0.00038 0.00000 7 0 18214
2014-03-27T02:00:00Z 0.00039 0.00000 7 0 17824
2014-03-27T03:00:00Z 0.00041 0.00000 7 0 16963
2014-03-27T04:00:00Z 0.00037 0.00000 6 0 16168
2014-03-27T20:00:00Z 0.00211 0.00000 41 0 19401
2014-03-27T21:00:00Z 0.00137 0.00000 28 0 20396
2014-03-27T22:00:00Z 0.00128 0.00000 27 0 21166
2014-03-27T23:00:00Z 0.00109 0.00000 24 0 21986
2014-03-28T00:00:00Z 0.00107 0.00000 24 0 22492
2014-03-28T01:00:00Z 0.00108 0.00000 24 0 22296
2014-04-13T12:00:00Z 0.00154 0.00000 15 0 9756
2014-04-13T13:00:00Z 0.00176 0.00000 17 0 9679
2014-04-13T14:00:00Z 0.00165 0.00000 17 0 10317
2014-04-13T15:00:00Z 0.00151 0.00000 17 0 11233
2014-04-13T16:00:00Z 0.00146 0.00000 18 0 12334
2014-04-13T17:00:00Z 0.00149 0.00000 20 0 13437
2014-04-13T18:00:00Z 0.00167 0.00000 24 0 14349
2014-04-13T19:00:00Z 0.00158 0.00000 24 0 15230
2014-04-13T20:00:00Z 0.00167 0.00000 27 0 16191
2014-04-13T21:00:00Z 0.00135 0.00000 23 0 17051
2014-04-13T22:00:00Z 0.00127 0.00000 23 0 18080
2014-04-13T23:00:00Z 0.00113 0.00000 22 0 19546
2014-04-14T00:00:00Z 0.00105 0.00000 21 0 19961
2014-04-14T01:00:00Z 0.00094 0.00000 19 0 20115
2014-04-14T02:00:00Z 0.00098 0.00000 19 0 19456
2014-04-14T03:00:00Z 0.00103 0.00000 19 0 18499
2014-04-14T04:00:00Z 0.00103 0.00000 18 0 17429
2014-04-14T05:00:00Z 0.00098 0.00000 16 0 16331
2014-04-14T06:00:00Z 0.00078 0.00000 12 0 15397
2014-04-14T07:00:00Z 0.00076 0.00000 11 0 14557
2014-04-14T08:00:00Z 0.00097 0.00000 13 0 13413
2014-04-14T09:00:00Z 0.00153 0.00008 19 1 12447
2014-04-14T10:00:00Z 0.00216 0.00009 24 1 11122
2014-04-14T11:00:00Z 0.00260 0.00011 24 1 9224
2014-04-14T12:00:00Z 0.00285 0.00012 24 1 8411
2014-04-14T13:00:00Z 0.00310 0.00013 24 1 7746
2014-04-17T23:00:00Z 0.00031 0.00000 2 0 6551
2014-04-18T00:00:00Z 0.00029 0.00000 2 0 7015
2014-04-18T01:00:00Z 0.00028 0.00000 2 0 7114
2014-04-18T02:00:00Z 0.00014 0.00000 1 0 6897
2014-04-18T03:00:00Z 0.00015 0.00000 1 0 6616
2014-04-18T04:00:00Z 0.00016 0.00000 1 0 6333
2014-04-18T05:00:00Z 0.00033 0.00000 2 0 5980
2014-04-23T08:00:00Z 0.00081 0.00000 6 0 7389
2014-04-23T09:00:00Z 0.00108 0.00000 8 0 7437
2014-05-01T03:00:00Z 0.00289 0.00000 10 0 3455
2014-05-01T04:00:00Z 0.00244 0.00000 8 0 3278
2014-05-01T05:00:00Z 0.00196 0.00000 6 0 3069
2014-05-01T06:00:00Z 0.00207 0.00000 6 0 2903
2014-05-01T07:00:00Z 0.00280 0.00000 8 0 2853
2014-05-15T14:00:00Z 0.00000 0.00000 0 0 837
2014-05-19T12:00:00Z 0.00048 0.00000 1 0 2067
2014-05-19T13:00:00Z 0.00049 0.00000 1 0 2037
2014-05-19T14:00:00Z 0.00045 0.00000 1 0 2246
2014-05-19T15:00:00Z 0.00040 0.00000 1 0 2498
2014-05-19T16:00:00Z 0.00036 0.00000 1 0 2812
2014-05-19T17:00:00Z 0.00032 0.00000 1 0 3086
2014-05-19T18:00:00Z 0.00030 0.00000 1 0 3336
2014-05-19T19:00:00Z 0.00028 0.00000 1 0 3560
2014-05-19T20:00:00Z 0.00027 0.00000 1 0 3746
2014-05-21T15:00:00Z 0.00025 0.00000 1 0 4017
2014-05-21T16:00:00Z 0.00023 0.00000 1 0 4404
2014-05-21T17:00:00Z 0.00021 0.00000 1 0 4740
2014-05-21T18:00:00Z 0.00020 0.00000 1 0 5062
2014-05-21T19:00:00Z 0.00019 0.00000 1 0 5287
2014-05-21T20:00:00Z 0.00037 0.00000 2 0 5473
2014-05-21T21:00:00Z 0.00018 0.00000 1 0 5589
2014-05-21T22:00:00Z 0.00017 0.00000 1 0 5809
2014-05-21T23:00:00Z 0.00016 0.00000 1 0 6186
2014-05-22T00:00:00Z 0.00031 0.00000 2 0 6539
2014-05-22T01:00:00Z 0.00031 0.00000 2 0 6478
2014-05-22T02:00:00Z 0.00033 0.00000 2 0 6130
2014-05-22T03:00:00Z 0.00034 0.00000 2 0 5837
2014-05-22T04:00:00Z 0.00037 0.00000 2 0 5474
2014-05-31T11:00:00Z 0.00439 0.00000 24 0 5468
2014-05-31T12:00:00Z 0.00422 0.00000 23 0 5453
2014-05-31T13:00:00Z 0.00386 0.00000 21 0 5445
2014-06-16T13:00:00Z 0.00062 0.00000 4 0 6499
2014-06-16T14:00:00Z 0.00062 0.00000 4 0 6442
2014-06-16T15:00:00Z 0.00059 0.00000 4 0 6730
2014-06-16T16:00:00Z 0.00053 0.00000 4 0 7485
2014-06-16T17:00:00Z 0.00071 0.00000 6 0 8420
2014-07-04T09:00:00Z 0.00043 0.00000 2 0 4622
2014-07-04T10:00:00Z 0.00073 0.00000 3 0 4112
2014-07-04T11:00:00Z 0.00113 0.00000 4 0 3539
2014-07-04T12:00:00Z 0.00134 0.00000 4 0 2975
2014-07-04T13:00:00Z 0.00145 0.00000 4 0 2765
2014-07-04T14:00:00Z 0.00149 0.00000 4 0 2680
2014-07-04T15:00:00Z 0.00145 0.00000 4 0 2765
2014-07-04T16:00:00Z 0.00136 0.00000 4 0 2932
2014-07-04T17:00:00Z 0.00157 0.00000 5 0 3178
2014-07-04T18:00:00Z 0.00147 0.00000 5 0 3402
2014-07-04T19:00:00Z 0.00169 0.00000 6 0 3548
2014-07-04T20:00:00Z 0.00110 0.00000 4 0 3633
2014-07-04T21:00:00Z 0.00156 0.00000 6 0 3835
2014-07-04T22:00:00Z 0.00124 0.00000 5 0 4040
2014-07-04T23:00:00Z 0.00140 0.00000 6 0 4277
2014-07-05T00:00:00Z 0.00132 0.00000 6 0 4540
2014-07-05T01:00:00Z 0.00127 0.00000 6 0 4721
2014-07-06T00:00:00Z 0.00027 0.00000 1 0 3695
2014-07-06T01:00:00Z 0.00027 0.00000 1 0 3710
2014-07-07T10:00:00Z 0.00036 0.00000 1 0 2813
2014-07-07T11:00:00Z 0.00038 0.00000 1 0 2651
2014-07-07T12:00:00Z 0.00042 0.00000 1 0 2399
2014-07-07T13:00:00Z 0.00041 0.00000 1 0 2414
2014-07-07T14:00:00Z 0.00077 0.00000 2 0 2601
2014-07-07T15:00:00Z 0.00070 0.00000 2 0 2859
2014-07-07T16:00:00Z 0.00064 0.00000 2 0 3118
2014-07-07T17:00:00Z 0.00059 0.00000 2 0 3409
2014-07-07T18:00:00Z 0.00055 0.00000 2 0 3643
2014-07-07T19:00:00Z 0.00051 0.00000 2 0 3917
2014-07-07T20:00:00Z 0.00072 0.00000 3 0 4153
2014-07-07T21:00:00Z 0.00090 0.00000 4 0 4432
2014-07-07T22:00:00Z 0.00104 0.00000 5 0 4798
2014-07-07T23:00:00Z 0.00095 0.00000 5 0 5259
2014-07-08T00:00:00Z 0.00088 0.00000 5 0 5700
2014-07-17T09:00:00Z 0.00053 0.00000 2 0 3756
2014-07-17T10:00:00Z 0.00029 0.00000 1 0 3496
2014-07-17T11:00:00Z 0.00032 0.00000 1 0 3120
2014-07-17T12:00:00Z 0.00035 0.00000 1 0 2857
2014-07-17T13:00:00Z 0.00033 0.00000 1 0 3023
2014-07-17T14:00:00Z 0.00030 0.00000 1 0 3355
2014-07-17T15:00:00Z 0.00027 0.00000 1 0 3695
2014-07-17T16:00:00Z 0.00025 0.00000 1 0 4079
2014-07-17T17:00:00Z 0.00022 0.00022 1 1 4543
2014-07-17T18:00:00Z 0.00020 0.00020 1 1 5000
2014-07-17T19:00:00Z 0.00037 0.00019 2 1 5398
2014-07-17T20:00:00Z 0.00035 0.00018 2 1 5656
2014-07-17T21:00:00Z 0.00017 0.00017 1 1 5998
2014-07-17T22:00:00Z 0.00046 0.00015 3 1 6495
2014-07-17T23:00:00Z 0.00041 0.00014 3 1 7252
2014-07-18T00:00:00Z 0.00038 0.00013 3 1 7909
2014-07-18T01:00:00Z 0.00037 0.00012 3 1 8111
2014-07-18T02:00:00Z 0.00038 0.00013 3 1 7925
2014-07-18T03:00:00Z 0.00039 0.00013 3 1 7614
2014-07-18T04:00:00Z 0.00041 0.00014 3 1 7271
2014-07-18T05:00:00Z 0.00044 0.00000 3 0 6857
2014-07-18T06:00:00Z 0.00046 0.00000 3 0 6460
2014-07-18T07:00:00Z 0.00033 0.00000 2 0 6141
2014-07-18T08:00:00Z 0.00050 0.00000 3 0 6029
2014-07-18T09:00:00Z 0.00053 0.00000 3 0 5701
2014-07-18T10:00:00Z 0.00019 0.00000 1 0 5181
2014-07-18T11:00:00Z 0.00023 0.00000 1 0 4437
2014-07-18T12:00:00Z 0.00027 0.00000 1 0 3653
2014-07-18T13:00:00Z 0.00031 0.00000 1 0 3203
2014-07-18T14:00:00Z 0.00031 0.00000 1 0 3189
2014-07-28T02:00:00Z 0.00059 0.00000 5 0 8428
2014-07-28T03:00:00Z 0.00063 0.00000 5 0 7986
2014-07-30T09:00:00Z 0.00027 0.00000 1 0 3703
2014-07-30T10:00:00Z 0.00032 0.00000 1 0 3141
2014-07-30T11:00:00Z 0.00039 0.00000 1 0 2534
2014-07-30T12:00:00Z 0.00055 0.00000 1 0 1833
2014-07-30T13:00:00Z 0.00070 0.00000 1 0 1433
2014-07-30T14:00:00Z 0.00071 0.00000 1 0 1405
2014-07-30T15:00:00Z 0.00067 0.00000 1 0 1498
2014-07-30T16:00:00Z 0.00062 0.00000 1 0 1606
2014-07-30T17:00:00Z 0.00057 0.00000 1 0 1765
2014-07-30T18:00:00Z 0.00052 0.00000 1 0 1930
2014-07-30T19:00:00Z 0.00049 0.00000 1 0 2039
2014-07-30T20:00:00Z 0.00048 0.00000 1 0 2104
2014-07-30T21:00:00Z 0.00000 0.00000 0 0 2164
2014-07-30T22:00:00Z 0.00000 0.00000 0 0 2288
2014-07-30T23:00:00Z 0.00000 0.00000 0 0 2441
2014-07-31T00:00:00Z 0.00000 0.00000 0 0 2533
2014-07-31T01:00:00Z 0.00000 0.00000 0 0 2491
2014-07-31T02:00:00Z 0.00000 0.00000 0 0 2374
2014-07-31T03:00:00Z 0.00000 0.00000 0 0 2247
2014-07-31T04:00:00Z 0.00000 0.00000 0 0 2126
2014-07-31T17:00:00Z 0.00058 0.00000 1 0 1721
2014-07-31T18:00:00Z 0.00106 0.00000 2 0 1878
2014-07-31T19:00:00Z 0.00103 0.00000 2 0 1948
2014-07-31T20:00:00Z 0.00050 0.00000 1 0 2006
2014-07-31T21:00:00Z 0.00048 0.00000 1 0 2080
2014-07-31T22:00:00Z 0.00046 0.00000 1 0 2178
2014-07-31T23:00:00Z 0.00042 0.00000 1 0 2393
2014-08-01T00:00:00Z 0.00039 0.00000 1 0 2540
2014-08-01T01:00:00Z 0.00039 0.00000 1 0 2580
2014-08-01T02:00:00Z 0.00040 0.00000 1 0 2522
2014-08-01T03:00:00Z 0.00041 0.00000 1 0 2435
2014-08-01T04:00:00Z 0.00043 0.00000 1 0 2322
2014-08-01T05:00:00Z 0.00045 0.00000 1 0 2222
2014-08-01T06:00:00Z 0.00000 0.00000 0 0 2086
2014-08-01T07:00:00Z 0.00000 0.00000 0 0 2036
2014-08-01T08:00:00Z 0.00000 0.00000 0 0 1986
2014-08-01T09:00:00Z 0.00000 0.00000 0 0 1944
2014-08-01T10:00:00Z 0.00000 0.00000 0 0 1883
2014-08-01T11:00:00Z 0.00000 0.00000 0 0 1769
2014-08-01T12:00:00Z 0.00000 0.00000 0 0 1667
2014-08-01T13:00:00Z 0.00000 0.00000 0 0 1673
2014-08-01T14:00:00Z 0.00000 0.00000 0 0 1815
2014-08-01T15:00:00Z 0.00000 0.00000 0 0 1977
2014-08-01T16:00:00Z 0.00046 0.00000 1 0 2160
2014-08-01T17:00:00Z 0.00042 0.00000 1 0 2389
2014-08-01T18:00:00Z 0.00039 0.00000 1 0 2568
2014-08-02T10:00:00Z 0.00076 0.00000 2 0 2620
2014-08-02T11:00:00Z 0.00119 0.00000 3 0 2519
2014-08-02T12:00:00Z 0.00161 0.00000 4 0 2480
2014-08-02T13:00:00Z 0.00161 0.00000 4 0 2489
2014-08-02T14:00:00Z 0.00148 0.00000 4 0 2698
2014-08-02T15:00:00Z 0.00201 0.00000 6 0 2990
2014-08-02T16:00:00Z 0.00182 0.00030 6 1 3296
2014-08-02T17:00:00Z 0.00165 0.00028 6 1 3627
2014-08-02T18:00:00Z 0.00152 0.00025 6 1 3940
2014-08-02T19:00:00Z 0.00168 0.00024 7 1 4175
2014-08-02T20:00:00Z 0.00182 0.00023 8 1 4396
2014-08-02T21:00:00Z 0.00130 0.00022 6 1 4610
2014-08-02T22:00:00Z 0.00122 0.00020 6 1 4924
2014-08-02T23:00:00Z 0.00094 0.00019 5 1 5346
2014-08-03T00:00:00Z 0.00089 0.00018 5 1 5614
2014-08-21T02:00:00Z 0.00072 0.00000 19 0 26384
2014-08-21T03:00:00Z 0.00075 0.00000 19 0 25475
2014-08-21T04:00:00Z 0.00074 0.00000 18 0 24305
2014-08-21T05:00:00Z 0.00065 0.00000 15 0 23060
2014-08-21T06:00:00Z 0.00068 0.00000 15 0 21905
2014-08-21T07:00:00Z 0.00067 0.00000 14 0 20781
2014-08-21T08:00:00Z 0.00063 0.00000 12 0 19069
2014-08-21T09:00:00Z 0.00080 0.00000 14 0 17495
2014-08-21T10:00:00Z 0.00115 0.00000 18 0 15626
2014-08-21T11:00:00Z 0.00116 0.00000 15 0 12921
2014-08-30T04:00:00Z 0.00099 0.00000 14 0 14213
2014-08-30T05:00:00Z 0.00098 0.00000 13 0 13300
2014-08-30T06:00:00Z 0.00097 0.00008 12 1 12360
2014-08-30T07:00:00Z 0.00095 0.00009 11 1 11599
2014-08-30T08:00:00Z 0.00109 0.00009 12 1 11005
2014-08-30T09:00:00Z 0.00116 0.00010 12 1 10373
2014-08-30T10:00:00Z 0.00169 0.00011 16 1 9463
2014-08-30T11:00:00Z 0.00239 0.00012 20 1 8373
2014-08-30T12:00:00Z 0.00305 0.00013 23 1 7548
2014-08-30T13:00:00Z 0.00329 0.00014 24 1 7305
2014-09-05T20:00:00Z 0.00710 0.00000 70 0 9858
2014-09-05T21:00:00Z 0.00681 0.00000 70 0 10284
2014-09-05T22:00:00Z 0.00665 0.00000 72 0 10831
2014-09-05T23:00:00Z 0.00646 0.00000 76 0 11763
2014-09-06T00:00:00Z 0.00612 0.00000 77 0 12585
2014-09-06T01:00:00Z 0.00477 0.00000 61 0 12791
2014-09-06T02:00:00Z 0.00488 0.00000 61 0 12504
2014-09-06T03:00:00Z 0.00467 0.00000 56 0 11986
2014-09-06T04:00:00Z 0.00430 0.00000 49 0 11392
2014-09-06T05:00:00Z 0.00407 0.00000 44 0 10818
2014-09-06T06:00:00Z 0.00383 0.00000 39 0 10186
2014-09-06T07:00:00Z 0.00319 0.00000 31 0 9728
2014-09-06T08:00:00Z 0.00264 0.00000 25 0 9457
2014-09-06T09:00:00Z 0.00290 0.00000 27 0 9321
2014-09-06T10:00:00Z 0.00283 0.00000 26 0 9176
2014-09-06T11:00:00Z 0.00346 0.00000 30 0 8668
2014-09-06T12:00:00Z 0.00425 0.00000 35 0 8229
2014-09-06T13:00:00Z 0.00462 0.00000 38 0 8220
2014-09-06T14:00:00Z 0.00455 0.00000 40 0 8786
2014-09-06T15:00:00Z 0.00450 0.00000 43 0 9557
2014-09-06T16:00:00Z 0.00443 0.00000 46 0 10384
2014-09-06T17:00:00Z 0.00417 0.00000 47 0 11275
2014-09-06T18:00:00Z 0.00423 0.00000 52 0 12304
2014-09-06T19:00:00Z 0.00374 0.00000 50 0 13367
2014-09-06T20:00:00Z 0.00355 0.00000 50 0 14102
2014-09-06T21:00:00Z 0.00332 0.00000 48 0 14444
2014-09-06T22:00:00Z 0.00299 0.00000 44 0 14716
2014-09-06T23:00:00Z 0.00240 0.00000 36 0 15015
2014-09-07T00:00:00Z 0.00191 0.00000 29 0 15205
2014-09-07T01:00:00Z 0.00174 0.00000 26 0 14964
2014-09-07T02:00:00Z 0.00167 0.00000 24 0 14368
2014-09-07T03:00:00Z 0.00163 0.00000 22 0 13515
2014-09-07T04:00:00Z 0.00150 0.00000 19 0 12644
2014-09-07T05:00:00Z 0.00145 0.00000 17 0 11713
2014-09-07T06:00:00Z 0.00122 0.00000 13 0 10633
2014-09-07T07:00:00Z 0.00107 0.00000 10 0 9338
2014-09-07T08:00:00Z 0.00097 0.00000 8 0 8253
2014-09-07T09:00:00Z 0.00081 0.00000 6 0 7388
2014-09-07T10:00:00Z 0.00108 0.00000 7 0 6452
2014-09-07T11:00:00Z 0.00164 0.00000 9 0 5503
2014-09-07T12:00:00Z 0.00288 0.00000 14 0 4855
2014-09-20T18:00:00Z 0.00117 0.00013 9 1 7720
2014-09-20T19:00:00Z 0.00097 0.00012 8 1 8234
2014-09-25T11:00:00Z 0.00061 0.00000 2 0 3277
2014-09-25T12:00:00Z 0.00099 0.00000 3 0 3030
2014-09-25T13:00:00Z 0.00097 0.00000 3 0 3077
2014-09-26T13:00:00Z 0.00000 0.00000 0 0 2264
2014-10-07T14:00:00Z 0.00163 0.00012 14 1 8592
2014-10-07T15:00:00Z 0.00177 0.00010 17 1 9631
2014-10-07T16:00:00Z 0.00173 0.00009 19 1 10972
2014-10-07T17:00:00Z 0.00203 0.00008 25 1 12342
2014-10-07T18:00:00Z 0.00219 0.00007 30 1 13704
2014-10-07T19:00:00Z 0.00231 0.00007 35 1 15159
2014-10-07T20:00:00Z 0.00218 0.00006 36 1 16548
2014-10-07T21:00:00Z 0.00204 0.00000 37 0 18114
2014-10-07T22:00:00Z 0.00197 0.00000 39 0 19759
2014-10-07T23:00:00Z 0.00167 0.00000 37 0 22114
2014-10-08T00:00:00Z 0.00153 0.00000 37 0 24180
2014-10-08T01:00:00Z 0.00153 0.00000 38 0 24897
2014-10-08T02:00:00Z 0.00151 0.00000 37 0 24477
2014-10-08T03:00:00Z 0.00140 0.00000 33 0 23509
2014-10-08T04:00:00Z 0.00140 0.00000 31 0 22157
2014-10-08T05:00:00Z 0.00115 0.00000 24 0 20792
2014-10-08T06:00:00Z 0.00098 0.00000 19 0 19450
2014-10-08T07:00:00Z 0.00082 0.00000 15 0 18274
2014-10-08T08:00:00Z 0.00109 0.00000 19 0 17435
2014-10-08T09:00:00Z 0.00222 0.00000 36 0 16244
2014-10-08T10:00:00Z 0.00262 0.00000 39 0 14897
2014-10-08T11:00:00Z 0.00298 0.00000 38 0 12757
2014-10-08T12:00:00Z 0.00349 0.00000 38 0 10903
2014-10-08T13:00:00Z 0.00349 0.00000 37 0 10589
2014-10-08T14:00:00Z 0.00329 0.00000 37 0 11263
2014-10-08T15:00:00Z 0.00308 0.00000 38 0 12321
2014-10-08T16:00:00Z 0.00285 0.00000 38 0 13353
2014-10-08T17:00:00Z 0.00276 0.00000 40 0 14477
2014-10-08T18:00:00Z 0.00266 0.00000 41 0 15430
2014-10-08T19:00:00Z 0.00261 0.00000 42 0 16105
2014-10-08T20:00:00Z 0.00223 0.00000 37 0 16615
2014-10-08T21:00:00Z 0.00105 0.00006 18 1 17179
2014-10-08T22:00:00Z 0.00062 0.00006 11 1 17703
2014-10-08T23:00:00Z 0.00054 0.00005 10 1 18394
2014-10-09T00:00:00Z 0.00048 0.00005 9 1 18677
2014-10-09T01:00:00Z 0.00044 0.00006 8 1 17986
2014-10-09T02:00:00Z 0.00047 0.00006 8 1 16845
2014-10-09T03:00:00Z 0.00045 0.00006 7 1 15509
2014-10-09T04:00:00Z 0.00049 0.00007 7 1 14344
2014-10-09T05:00:00Z 0.00038 0.00008 5 1 13125
2014-10-09T06:00:00Z 0.00033 0.00008 4 1 12029
2014-10-09T07:00:00Z 0.00018 0.00009 2 1 11070
2014-10-09T08:00:00Z 0.00040 0.00010 4 1 9973
2014-10-09T09:00:00Z 0.00067 0.00000 6 0 8967
2014-10-09T10:00:00Z 0.00101 0.00000 8 0 7926
2014-10-09T11:00:00Z 0.00150 0.00000 10 0 6666
2014-10-09T12:00:00Z 0.00187 0.00000 11 0 5884
2014-10-09T13:00:00Z 0.00204 0.00000 12 0 5891
2014-10-09T14:00:00Z 0.00187 0.00000 12 0 6416
2014-10-09T15:00:00Z 0.00186 0.00000 13 0 7002
2014-10-09T16:00:00Z 0.00169 0.00000 13 0 7682
2014-10-09T17:00:00Z 0.00153 0.00000 13 0 8470
2014-10-09T18:00:00Z 0.00141 0.00000 14 0 9898
2014-10-09T19:00:00Z 0.00161 0.00000 18 0 11185
2014-10-10T08:00:00Z 0.00019 0.00006 3 1 15587
2014-10-10T09:00:00Z 0.00049 0.00007 7 1 14338
2014-10-10T10:00:00Z 0.00047 0.00008 6 1 12697
2014-10-10T11:00:00Z 0.00037 0.00009 4 1 10877
2014-10-10T12:00:00Z 0.00054 0.00000 5 0 9309
2014-10-10T13:00:00Z 0.00055 0.00000 5 0 9023
2014-10-10T14:00:00Z 0.00052 0.00000 5 0 9553
2014-10-10T15:00:00Z 0.00048 0.00000 5 0 10380
2014-10-10T16:00:00Z 0.00062 0.00000 7 0 11342
2014-10-10T17:00:00Z 0.00056 0.00000 7 0 12427
2014-10-10T18:00:00Z 0.00067 0.00000 9 0 13501
2014-10-10T19:00:00Z 0.00104 0.00000 15 0 14411
2014-10-10T20:00:00Z 0.00111 0.00000 17 0 15341
2014-10-10T21:00:00Z 0.00092 0.00000 15 0 16286
2014-10-10T22:00:00Z 0.00085 0.00000 15 0 17565
2014-10-10T23:00:00Z 0.00078 0.00000 15 0 19190
2014-10-11T00:00:00Z 0.00068 0.00000 14 0 20631
2014-10-11T01:00:00Z 0.00067 0.00000 14 0 20916
2014-10-11T02:00:00Z 0.00068 0.00000 14 0 20497
2014-10-11T03:00:00Z 0.00071 0.00000 14 0 19748
2014-10-11T04:00:00Z 0.00064 0.00000 12 0 18833
2014-10-11T05:00:00Z 0.00068 0.00000 12 0 17734
2014-10-11T06:00:00Z 0.00054 0.00000 9 0 16732
2014-10-11T07:00:00Z 0.00037 0.00000 6 0 16166
2014-10-11T08:00:00Z 0.00038 0.00006 6 1 15770
2014-10-17T18:00:00Z 0.00156 0.00000 12 0 7703
2014-10-18T12:00:00Z 0.00183 0.00000 10 0 5466
2014-10-18T13:00:00Z 0.00210 0.00000 11 0 5241
2014-10-18T14:00:00Z 0.00139 0.00000 8 0 5773
2014-10-18T15:00:00Z 0.00123 0.00000 8 0 6511
2014-10-18T16:00:00Z 0.00123 0.00000 9 0 7338
2014-10-18T17:00:00Z 0.00159 0.00000 13 0 8189
2014-10-18T18:00:00Z 0.00200 0.00000 18 0 8991
2014-10-18T19:00:00Z 0.00230 0.00000 22 0 9584
2014-10-18T20:00:00Z 0.00229 0.00000 23 0 10051
2014-10-18T21:00:00Z 0.00231 0.00000 24 0 10405
2014-10-18T22:00:00Z 0.00212 0.00000 23 0 10864
2014-10-18T23:00:00Z 0.00192 0.00000 22 0 11472
2014-10-19T00:00:00Z 0.00168 0.00000 20 0 11940
2014-10-19T01:00:00Z 0.00159 0.00000 19 0 11974
2014-10-19T02:00:00Z 0.00165 0.00000 19 0 11547
2014-10-19T03:00:00Z 0.00175 0.00000 19 0 10839
2014-10-19T04:00:00Z 0.00180 0.00000 18 0 10024
2014-10-19T05:00:00Z 0.00153 0.00000 14 0 9162
2014-10-19T06:00:00Z 0.00108 0.00000 9 0 8327
2014-10-19T07:00:00Z 0.00065 0.00000 5 0 7690
2014-10-19T08:00:00Z 0.00084 0.00000 6 0 7142
2014-10-19T09:00:00Z 0.00091 0.00000 6 0 6622
2014-10-19T10:00:00Z 0.00111 0.00000 7 0 6329
2014-10-19T11:00:00Z 0.00119 0.00000 7 0 5879
2014-10-19T12:00:00Z 0.00201 0.00000 11 0 5480
2014-10-19T13:00:00Z 0.00240 0.00000 13 0 5418
2014-10-19T14:00:00Z 0.00241 0.00000 14 0 5817
2014-10-19T15:00:00Z 0.00221 0.00000 14 0 6348
2014-10-19T16:00:00Z 0.00231 0.00000 16 0 6914
2014-10-19T17:00:00Z 0.00211 0.00000 16 0 7594
2014-10-19T18:00:00Z 0.00219 0.00000 18 0 8230
2014-10-19T19:00:00Z 0.00248 0.00000 22 0 8858
2014-10-19T20:00:00Z 0.00225 0.00000 21 0 9324
2014-10-19T21:00:00Z 0.00192 0.00010 19 1 9892
2014-10-19T22:00:00Z 0.00164 0.00010 17 1 10387
2014-10-19T23:00:00Z 0.00150 0.00009 16 1 10660
2014-10-20T00:00:00Z 0.00112 0.00009 12 1 10702
2014-10-20T01:00:00Z 0.00096 0.00010 10 1 10452
2014-10-23T13:00:00Z 0.00030 0.00000 1 0 3382
2014-10-23T14:00:00Z 0.00027 0.00000 1 0 3727
2014-10-23T15:00:00Z 0.00024 0.00000 1 0 4180
2014-10-23T16:00:00Z 0.00038 0.00000 2 0 5227
2014-10-23T17:00:00Z 0.00032 0.00000 2 0 6262
2014-10-23T18:00:00Z 0.00055 0.00000 4 0 7216
2014-10-23T19:00:00Z 0.00059 0.00000 5 0 8449
2014-10-23T20:00:00Z 0.00066 0.00000 6 0 9116
2014-10-23T21:00:00Z 0.00069 0.00000 7 0 10082
2014-10-23T22:00:00Z 0.00055 0.00000 6 0 10835
2014-10-23T23:00:00Z 0.00061 0.00000 7 0 11455
2014-10-24T00:00:00Z 0.00058 0.00000 7 0 12119
2014-10-24T01:00:00Z 0.00057 0.00000 7 0 12219
2014-10-24T02:00:00Z 0.00059 0.00000 7 0 11896
2014-10-24T03:00:00Z 0.00061 0.00000 7 0 11460
2014-10-24T04:00:00Z 0.00058 0.00000 6 0 10381
2014-10-24T05:00:00Z 0.00064 0.00000 6 0 9389
2014-10-24T06:00:00Z 0.00047 0.00000 4 0 8446
2014-10-24T07:00:00Z 0.00055 0.00000 4 0 7286
2014-10-24T08:00:00Z 0.00075 0.00000 5 0 6653
2014-10-24T09:00:00Z 0.00120 0.00000 7 0 5812
2014-10-24T10:00:00Z 0.00176 0.00000 9 0 5101
2014-10-24T11:00:00Z 0.00201 0.00000 9 0 4476
2014-10-24T12:00:00Z 0.00236 0.00000 9 0 3813
2014-10-24T13:00:00Z 0.00238 0.00000 9 0 3785
2014-10-24T14:00:00Z 0.00216 0.00000 9 0 4161
2014-10-24T15:00:00Z 0.00179 0.00000 9 0 5020
2014-10-24T16:00:00Z 0.00173 0.00000 10 0 5769
2014-10-24T17:00:00Z 0.00162 0.00000 10 0 6183
2014-10-24T18:00:00Z 0.00169 0.00000 11 0 6508
2014-10-24T19:00:00Z 0.00191 0.00000 13 0 6822
2014-10-24T20:00:00Z 0.00180 0.00000 13 0 7240
2014-10-24T21:00:00Z 0.00169 0.00000 13 0 7701
2014-10-24T22:00:00Z 0.00158 0.00000 13 0 8210
2014-10-24T23:00:00Z 0.00136 0.00000 12 0 8810
2014-10-25T00:00:00Z 0.00128 0.00000 12 0 9372
2014-10-25T01:00:00Z 0.00127 0.00000 12 0 9423
2014-10-25T02:00:00Z 0.00132 0.00000 12 0 9074
2014-10-25T03:00:00Z 0.00145 0.00000 12 0 8281
2014-10-25T04:00:00Z 0.00146 0.00000 11 0 7557
2014-10-25T05:00:00Z 0.00169 0.00000 12 0 7121
2014-10-25T06:00:00Z 0.00162 0.00000 11 0 6793
2014-10-25T07:00:00Z 0.00123 0.00000 8 0 6530
2014-10-25T08:00:00Z 0.00107 0.00000 7 0 6522
2014-10-25T09:00:00Z 0.00094 0.00000 6 0 6405
2014-10-25T10:00:00Z 0.00118 0.00000 7 0 5950
2014-10-25T11:00:00Z 0.00237 0.00000 13 0 5492
2014-10-25T12:00:00Z 0.00335 0.00000 17 0 5069
2014-10-25T13:00:00Z 0.00396 0.00000 20 0 5048
2014-10-25T14:00:00Z 0.00383 0.00000 21 0 5486
2014-10-25T15:00:00Z 0.00369 0.00000 22 0 5955
2014-10-25T16:00:00Z 0.00357 0.00000 23 0 6444
2014-10-25T17:00:00Z 0.00328 0.00000 23 0 7022
2014-10-25T18:00:00Z 0.00330 0.00000 25 0 7568
2014-10-29T16:00:00Z 0.00000 0.00000 0 0 0
2014-10-29T17:00:00Z 0.00000 0.00000 0 0 0
2014-10-29T18:00:00Z 0.00000 0.00000 0 0 0
2014-10-29T19:00:00Z 0.00000 0.00000 0 0 0
2014-10-29T20:00:00Z 0.00000 0.00000 0 0 0
2014-10-29T21:00:00Z 0.00000 0.00000 0 0 0
2014-10-29T22:00:00Z 0.00000 0.00000 0 0 0
2014-10-29T23:00:00Z 0.00000 0.00000 0 0 0
2014-10-30T00:00:00Z 0.00000 0.00000 0 0 0
2014-10-30T01:00:00Z 0.00000 0.00000 0 0 0
2014-10-30T02:00:00Z 0.00000 0.00000 0 0 0
2014-10-30T03:00:00Z 0.00000 0.00000 0 0 0
2014-10-30T04:00:00Z 0.00000 0.00000 0 0 0
2014-10-30T05:00:00Z 0.00000 0.00000 0 0 0
2014-10-30T06:00:00Z 0.00000 0.00000 0 0 0
2014-10-30T07:00:00Z 0.00000 0.00000 0 0 0
2014-10-30T08:00:00Z 0.00000 0.00000 0 0 0
2014-10-30T09:00:00Z 0.00000 0.00000 0 0 0
2014-10-30T10:00:00Z 0.00000 0.00000 0 0 0
2014-10-30T11:00:00Z 0.00000 0.00000 0 0 0
2014-10-30T12:00:00Z 0.00000 0.00000 0 0 0
2014-10-30T13:00:00Z 0.00000 0.00000 0 0 0
2014-10-30T14:00:00Z 0.00000 0.00000 0 0 0
2014-10-30T15:00:00Z 0.00000 0.00000 0 0 0
2014-10-30T16:00:00Z 0.00000 0.00000 0 0 0
2014-10-31T05:00:00Z 0.00000 0.00000 0 0 0
2014-10-31T06:00:00Z 0.00000 0.00000 0 0 0
2014-10-31T07:00:00Z 0.00000 0.00000 0 0 0
2014-10-31T08:00:00Z 0.00000 0.00000 0 0 0
2014-10-31T09:00:00Z 0.00000 0.00000 0 0 0
2014-10-31T10:00:00Z 0.00000 0.00000 0 0 0
2014-10-31T11:00:00Z 0.00000 0.00000 0 0 0
2014-10-31T12:00:00Z 0.00000 0.00000 0 0 0
2014-10-31T13:00:00Z 0.00000 0.00000 0 0 0
2014-10-31T14:00:00Z 0.00000 0.00000 0 0 0
2014-10-31T15:00:00Z 0.00000 0.00000 0 0 0
