2013-06-01T04:00:00Z 0.00000 0 1
2013-06-01T03:00:00Z 0.00000 0 0
2013-06-01T02:00:00Z 0.00000 0 0
2013-06-01T01:00:00Z 0.00000 0 0
2013-06-01T00:00:00Z 0.00000 0 0
2013-05-31T23:00:00Z 0.00000 0 0
2013-06-02T14:00:00Z 0.00000 0 1
2013-06-02T13:00:00Z 0.00000 0 1
2013-06-02T12:00:00Z 0.00000 0 1
2013-06-02T11:00:00Z 0.00000 0 0
2013-06-02T10:00:00Z 0.00000 0 0
2013-06-02T09:00:00Z 0.00000 0 0
2013-06-05T20:00:00Z 0.00000 0 0
2013-06-05T19:00:00Z 0.00000 0 0
2013-06-05T18:00:00Z 0.00000 0 0
2013-06-05T17:00:00Z 0.00000 0 0
2013-06-05T16:00:00Z 0.00000 0 0
2013-06-05T15:00:00Z 0.00000 0 0
2013-06-14T16:00:00Z 0.00000 0 2
2013-06-14T15:00:00Z 0.00000 0 2
2013-06-14T14:00:00Z 0.00000 0 1
2013-06-14T13:00:00Z 0.00000 0 0
2013-06-14T12:00:00Z 0.00000 0 0
2013-06-14T11:00:00Z 0.00000 0 1
2013-06-15T17:00:00Z 0.00000 0 1
2013-06-15T16:00:00Z 0.00000 0 1
2013-06-15T15:00:00Z 0.00000 0 1
2013-06-15T14:00:00Z 0.00000 0 1
2013-06-15T13:00:00Z 0.00000 0 1
2013-06-15T12:00:00Z 0.00000 0 2
2013-06-26T01:00:00Z 0.00000 0 3
2013-06-26T00:00:00Z 0.00000 0 3
2013-06-25T23:00:00Z 0.00000 0 3
2013-06-25T22:00:00Z 0.00000 0 2
2013-06-25T21:00:00Z 0.00000 0 2
2013-06-25T20:00:00Z 0.00000 0 2
2013-06-28T05:00:00Z 0.00000 0 1
2013-06-28T04:00:00Z 0.00000 0 1
2013-06-28T03:00:00Z 0.00000 0 1
2013-06-28T02:00:00Z 0.00000 0 1
2013-06-28T01:00:00Z 0.00000 0 1
2013-06-28T00:00:00Z 0.00000 0 1
2013-06-30T01:00:00Z 0.00000 0 1
2013-06-30T00:00:00Z 0.00000 0 1
2013-06-29T23:00:00Z 0.00000 0 2
2013-06-29T22:00:00Z 0.00000 0 2
2013-06-29T21:00:00Z 0.00000 0 3
2013-06-29T20:00:00Z 0.00000 0 5
2013-07-18T14:00:00Z 0.00000 0 631
2013-07-18T13:00:00Z 0.00000 0 561
2013-07-18T12:00:00Z 0.00000 0 513
2013-07-18T11:00:00Z 0.00000 0 495
2013-07-18T10:00:00Z 0.00000 0 551
2013-07-18T09:00:00Z 0.00000 0 566
2013-08-15T21:00:00Z 0.00247 2 811
2013-08-15T20:00:00Z 0.00246 2 812
2013-08-15T19:00:00Z 0.00247 2 810
2013-08-15T18:00:00Z 0.00126 1 792
2013-08-15T17:00:00Z 0.00000 0 728
2013-08-15T16:00:00Z 0.00000 0 671
2013-09-12T15:00:00Z 0.00624 3 481
2013-09-12T14:00:00Z 0.00473 2 423
2013-09-12T13:00:00Z 0.00278 1 360
2013-09-12T12:00:00Z 0.00304 1 329
2013-09-12T11:00:00Z 0.00000 0 313
2013-09-12T10:00:00Z 0.00290 1 345
2013-09-19T22:00:00Z 0.00285 6 2102
2013-09-19T21:00:00Z 0.00451 9 1995
2013-09-19T20:00:00Z 0.00482 9 1866
2013-09-19T19:00:00Z 0.00468 8 1711
2013-09-19T18:00:00Z 0.00510 8 1569
2013-09-19T17:00:00Z 0.00705 10 1418
2013-09-27T17:00:00Z 0.00172 1 580
2013-09-27T16:00:00Z 0.00195 1 514
2013-09-27T15:00:00Z 0.00214 1 468
2013-09-27T14:00:00Z 0.00000 0 402
2013-09-27T13:00:00Z 0.00000 0 371
2013-09-27T12:00:00Z 0.00000 0 329
2013-10-04T21:00:00Z 0.00927 24 2588
2013-10-04T20:00:00Z 0.00937 24 2562
2013-10-04T19:00:00Z 0.00880 22 2501
2013-10-04T18:00:00Z 0.00876 21 2396
2013-10-04T17:00:00Z 0.00785 17 2165
2013-10-04T16:00:00Z 0.00608 12 1974
2013-10-09T19:00:00Z 0.00153 1 652
2013-10-09T18:00:00Z 0.00162 1 617
2013-10-09T17:00:00Z 0.00172 1 583
2013-10-09T16:00:00Z 0.00000 0 531
2013-10-09T15:00:00Z 0.00000 0 477
2013-10-09T14:00:00Z 0.00000 0 426
2013-10-27T14:00:00Z 0.00336 3 894
2013-10-27T13:00:00Z 0.00385 3 779
2013-10-27T12:00:00Z 0.00440 3 682
2013-10-27T11:00:00Z 0.00450 3 666
2013-10-27T10:00:00Z 0.00426 3 705
2013-10-27T09:00:00Z 0.00413 3 726
2013-10-31T12:00:00Z 0.00000 0 453
2013-10-31T11:00:00Z 0.00000 0 492
2013-10-31T10:00:00Z 0.00000 0 551
2013-10-31T09:00:00Z 0.00000 0 607
2013-10-31T08:00:00Z 0.00000 0 646
2013-10-31T07:00:00Z 0.00000 0 697
2013-11-08T20:00:00Z 0.00393 8 2035
2013-11-08T19:00:00Z 0.00406 8 1972
2013-11-08T18:00:00Z 0.00381 7 1836
2013-11-08T17:00:00Z 0.00300 5 1664
2013-11-08T16:00:00Z 0.00326 5 1533
2013-11-08T15:00:00Z 0.00217 3 1380
2013-11-13T17:00:00Z 0.00132 6 4529
2013-11-13T16:00:00Z 0.00119 5 4185
2013-11-13T15:00:00Z 0.00131 5 3816
2013-11-13T14:00:00Z 0.00146 5 3417
2013-11-13T13:00:00Z 0.00159 5 3136
2013-11-13T12:00:00Z 0.00164 5 3041
2013-11-22T18:00:00Z 0.00221 25 11325
2013-11-22T17:00:00Z 0.00183 19 10369
2013-11-22T16:00:00Z 0.00141 13 9217
2013-11-22T15:00:00Z 0.00144 12 8311
2013-11-22T14:00:00Z 0.00135 10 7397
2013-11-22T13:00:00Z 0.00139 9 6497
2013-12-06T21:00:00Z 0.00275 24 8742
2013-12-06T20:00:00Z 0.00311 25 8042
2013-12-06T19:00:00Z 0.00347 26 7493
2013-12-06T18:00:00Z 0.00273 19 6958
2013-12-06T17:00:00Z 0.00204 13 6358
2013-12-06T16:00:00Z 0.00158 9 5681
2013-12-22T18:00:00Z 0.00135 9 6659
2013-12-22T17:00:00Z 0.00118 7 5913
2013-12-22T16:00:00Z 0.00096 5 5224
2013-12-22T15:00:00Z 0.00110 5 4544
2013-12-22T14:00:00Z 0.00092 4 4369
2013-12-22T13:00:00Z 0.00087 4 4580
2014-01-04T11:00:00Z 0.00051 2 3908
2014-01-04T10:00:00Z 0.00026 1 3781
2014-01-04T09:00:00Z 0.00026 1 3781
2014-01-04T08:00:00Z 0.00049 2 4078
2014-01-04T07:00:00Z 0.00066 3 4548
2014-01-04T06:00:00Z 0.00059 3 5096
2014-01-05T22:00:00Z 0.00138 13 9442
2014-01-05T21:00:00Z 0.00177 14 7901
2014-01-05T20:00:00Z 0.00207 15 7248
2014-01-05T19:00:00Z 0.00210 15 7159
2014-01-05T18:00:00Z 0.00218 15 6892
2014-01-05T17:00:00Z 0.00200 13 6516
2014-01-11T15:00:00Z 0.00058 4 6839
2014-01-11T14:00:00Z 0.00061 4 6521
2014-01-11T13:00:00Z 0.00096 6 6275
2014-01-11T12:00:00Z 0.00090 6 6690
2014-01-11T11:00:00Z 0.00106 8 7536
2014-01-11T10:00:00Z 0.00117 10 8569
2014-01-17T17:00:00Z 0.00142 9 6329
2014-01-17T16:00:00Z 0.00142 8 5637
2014-01-17T15:00:00Z 0.00120 6 5003
2014-01-17T14:00:00Z 0.00114 5 4390
2014-01-17T13:00:00Z 0.00127 5 3932
2014-01-18T20:00:00Z 0.00672 55 8185
2014-01-18T19:00:00Z 0.00741 60 8097
2014-01-18T18:00:00Z 0.00739 57 7715
2014-01-18T17:00:00Z 0.00774 56 7239
2014-01-18T16:00:00Z 0.00821 55 6697
2014-01-18T15:00:00Z 0.00826 51 6178
2014-01-19T07:00:00Z 0.00154 11 7147
2014-01-19T06:00:00Z 0.00186 14 7537
2014-01-19T05:00:00Z 0.00198 16 8062
2014-01-19T04:00:00Z 0.00197 17 8626
2014-01-19T03:00:00Z 0.00229 21 9174
2014-01-22T16:00:00Z 0.00123 7 5691
2014-01-22T15:00:00Z 0.00129 7 5424
2014-01-22T14:00:00Z 0.00135 7 5197
2014-01-22T13:00:00Z 0.00126 6 4780
2014-01-22T12:00:00Z 0.00102 5 4917
2014-01-22T11:00:00Z 0.00074 4 5425
2014-01-27T08:00:00Z 0.00049 2 4099
2014-01-27T07:00:00Z 0.00045 2 4408
2014-01-27T06:00:00Z 0.00042 2 4761
2014-01-27T05:00:00Z 0.00039 2 5065
2014-01-27T04:00:00Z 0.00037 2 5365
2014-01-27T03:00:00Z 0.00054 3 5585
2014-01-29T12:00:00Z 0.00341 12 3524
2014-01-29T11:00:00Z 0.00291 11 3783
2014-01-29T10:00:00Z 0.00217 9 4156
2014-01-29T09:00:00Z 0.00172 8 4645
2014-01-29T08:00:00Z 0.00140 7 5012
2014-01-29T07:00:00Z 0.00114 6 5248
2014-01-30T19:00:00Z 0.00041 3 7345
2014-01-30T18:00:00Z 0.00029 2 6797
2014-01-30T17:00:00Z 0.00033 2 6104
2014-01-30T16:00:00Z 0.00036 2 5564
2014-01-30T15:00:00Z 0.00020 1 5031
2014-01-30T14:00:00Z 0.00021 1 4714
2014-01-31T16:00:00Z 0.00181 9 4960
2014-01-31T15:00:00Z 0.00194 9 4650
2014-01-31T14:00:00Z 0.00201 9 4475
2014-01-31T13:00:00Z 0.00201 10 4973
2014-01-31T12:00:00Z 0.00112 9 8007
2014-01-31T11:00:00Z 0.00091 9 9942
2014-02-05T21:00:00Z 0.00460 43 9344
2014-02-05T20:00:00Z 0.00489 42 8592
2014-02-05T19:00:00Z 0.00483 38 7862
2014-02-05T18:00:00Z 0.00479 33 6895
2014-02-05T17:00:00Z 0.00351 21 5982
2014-02-05T16:00:00Z 0.00296 16 5407
2014-02-11T17:00:00Z 0.00133 12 9008
2014-02-11T16:00:00Z 0.00151 12 7958
2014-02-11T15:00:00Z 0.00155 11 7082
2014-02-11T14:00:00Z 0.00158 10 6349
2014-02-11T13:00:00Z 0.00171 10 5836
2014-02-11T12:00:00Z 0.00178 10 5616
2014-02-12T17:00:00Z 0.00064 7 11002
2014-02-12T16:00:00Z 0.00061 6 9828
2014-02-12T15:00:00Z 0.00067 6 8927
2014-02-12T14:00:00Z 0.00075 6 8035
2014-02-12T13:00:00Z 0.00081 6 7397
2014-02-12T12:00:00Z 0.00083 6 7247
2014-02-19T21:00:00Z 0.00127 22 17303
2014-02-19T20:00:00Z 0.00191 34 17791
2014-02-19T19:00:00Z 0.00282 50 17738
2014-02-19T18:00:00Z 0.00291 50 17162
2014-02-19T17:00:00Z 0.00288 47 16308
2014-02-19T16:00:00Z 0.00304 47 15470
2014-03-10T18:00:00Z 0.00148 6 4042
2014-03-10T17:00:00Z 0.00136 5 3671
2014-03-10T16:00:00Z 0.00151 5 3306
2014-03-10T15:00:00Z 0.00133 4 2998
2014-03-10T14:00:00Z 0.00109 3 2742
2014-03-10T13:00:00Z 0.00078 2 2576
2014-03-16T15:00:00Z 0.00156 9 5768
2014-03-16T14:00:00Z 0.00133 7 5254
2014-03-16T13:00:00Z 0.00143 7 4885
2014-03-16T12:00:00Z 0.00182 9 4938
2014-03-16T11:00:00Z 0.00112 6 5343
2014-03-16T10:00:00Z 0.00085 5 5853
2014-03-28T18:00:00Z 0.00303 20 6590
2014-03-28T17:00:00Z 0.00326 20 6142
2014-03-28T16:00:00Z 0.00350 20 5717
2014-03-28T15:00:00Z 0.00321 17 5303
2014-03-28T14:00:00Z 0.00322 16 4968
2014-03-28T13:00:00Z 0.00329 16 4865
2014-04-17T22:00:00Z 0.00050 3 6059
2014-04-17T21:00:00Z 0.00087 5 5734
2014-04-17T20:00:00Z 0.00182 10 5504
2014-04-17T19:00:00Z 0.00246 13 5290
2014-04-17T18:00:00Z 0.00279 14 5010
2014-04-17T17:00:00Z 0.00256 12 4696
2014-04-23T07:00:00Z 0.00053 4 7523
2014-04-23T06:00:00Z 0.00090 7 7790
2014-04-23T05:00:00Z 0.00097 8 8212
2014-04-23T04:00:00Z 0.00092 8 8689
2014-04-23T03:00:00Z 0.00087 8 9194
2014-04-23T02:00:00Z 0.00083 8 9598
2014-05-01T02:00:00Z 0.00330 12 3634
2014-05-01T01:00:00Z 0.00318 12 3776
2014-05-01T00:00:00Z 0.00327 12 3672
2014-04-30T23:00:00Z 0.00319 11 3444
2014-04-30T22:00:00Z 0.00305 10 3279
2014-04-30T21:00:00Z 0.00220 7 3179
2014-05-07T00:00:00Z 0.00000 0 908
2014-05-06T23:00:00Z 0.00000 0 865
2014-05-06T22:00:00Z 0.00000 0 793
2014-05-06T21:00:00Z 0.00000 0 748
2014-05-06T20:00:00Z 0.00000 0 708
2014-05-06T19:00:00Z 0.00000 0 677
2014-05-15T13:00:00Z 0.00000 0 753
2014-05-15T12:00:00Z 0.00000 0 701
2014-05-15T11:00:00Z 0.00000 0 783
2014-05-15T10:00:00Z 0.00000 0 858
2014-05-15T09:00:00Z 0.00000 0 957
2014-05-15T08:00:00Z 0.00000 0 995
2014-05-18T17:00:00Z 0.00060 2 3330
2014-05-18T16:00:00Z 0.00066 2 3008
2014-05-18T15:00:00Z 0.00073 2 2751
2014-05-18T14:00:00Z 0.00119 3 2517
2014-05-18T13:00:00Z 0.00127 3 2358
2014-05-18T12:00:00Z 0.00128 3 2337
2014-05-19T11:00:00Z 0.00043 1 2305
2014-05-19T10:00:00Z 0.00038 1 2607
2014-05-19T09:00:00Z 0.00036 1 2766
2014-05-19T08:00:00Z 0.00000 0 2929
2014-05-19T07:00:00Z 0.00000 0 3065
2014-05-19T06:00:00Z 0.00031 1 3264
2014-05-21T14:00:00Z 0.00027 1 3687
2014-05-21T13:00:00Z 0.00030 1 3301
2014-05-21T12:00:00Z 0.00031 1 3241
2014-05-21T11:00:00Z 0.00028 1 3583
2014-05-21T10:00:00Z 0.00026 1 3887
2014-05-21T09:00:00Z 0.00024 1 4094
2014-05-25T04:00:00Z 0.00080 2 2486
2014-05-25T03:00:00Z 0.00076 2 2643
2014-05-25T02:00:00Z 0.00072 2 2796
2014-05-25T01:00:00Z 0.00068 2 2952
2014-05-25T00:00:00Z 0.00066 2 3013
2014-05-24T23:00:00Z 0.00068 2 2939
2014-07-07T09:00:00Z 0.00033 1 3039
2014-07-07T08:00:00Z 0.00032 1 3140
2014-07-07T07:00:00Z 0.00000 0 3247
2014-07-07T06:00:00Z 0.00000 0 3432
2014-07-07T05:00:00Z 0.00000 0 3654
2014-07-26T04:00:00Z 0.00074 5 6741
2014-07-26T03:00:00Z 0.00084 6 7106
2014-07-26T02:00:00Z 0.00094 7 7444
2014-07-26T01:00:00Z 0.00092 7 7623
2014-07-26T00:00:00Z 0.00093 7 7513
2014-07-25T23:00:00Z 0.00115 8 6977
2014-07-28T01:00:00Z 0.00057 5 8705
2014-07-28T00:00:00Z 0.00058 5 8663
2014-07-27T23:00:00Z 0.00060 5 8276
2014-07-27T22:00:00Z 0.00088 7 7933
2014-07-27T21:00:00Z 0.00078 6 7647
2014-07-27T20:00:00Z 0.00067 5 7452
2014-07-30T08:00:00Z 0.00024 1 4152
2014-07-30T07:00:00Z 0.00022 1 4558
2014-07-30T06:00:00Z 0.00040 2 5043
2014-07-30T05:00:00Z 0.00054 3 5575
2014-07-30T04:00:00Z 0.00049 3 6092
2014-07-30T03:00:00Z 0.00045 3 6681
2014-08-02T09:00:00Z 0.00074 2 2695
2014-08-02T08:00:00Z 0.00000 0 2679
2014-08-02T07:00:00Z 0.00000 0 2755
2014-08-02T06:00:00Z 0.00000 0 2848
2014-08-02T05:00:00Z 0.00000 0 3014
2014-08-21T01:00:00Z 0.00067 18 26892
2014-08-21T00:00:00Z 0.00058 15 25946
2014-08-20T23:00:00Z 0.00059 14 23754
2014-08-20T22:00:00Z 0.00052 11 21086
2014-08-20T21:00:00Z 0.00078 15 19137
2014-08-20T20:00:00Z 0.00110 19 17310
2014-08-30T03:00:00Z 0.00106 16 15049
2014-08-30T02:00:00Z 0.00120 19 15788
2014-08-30T01:00:00Z 0.00128 21 16401
2014-08-30T00:00:00Z 0.00128 21 16344
2014-08-29T23:00:00Z 0.00135 21 15552
2014-08-29T22:00:00Z 0.00145 21 14489
2014-09-01T09:00:00Z 0.00279 27 9685
2014-09-01T08:00:00Z 0.00224 24 10692
2014-09-01T07:00:00Z 0.00156 18 11552
2014-09-01T06:00:00Z 0.00158 20 12692
2014-09-01T05:00:00Z 0.00187 26 13911
2014-09-01T04:00:00Z 0.00214 32 14946
2014-09-05T19:00:00Z 0.00716 68 9498
2014-09-05T18:00:00Z 0.00635 57 8977
2014-09-05T17:00:00Z 0.00625 52 8319
2014-09-05T16:00:00Z 0.00598 46 7698
2014-09-05T15:00:00Z 0.00553 39 7058
2014-09-20T17:00:00Z 0.00099 7 7059
2014-09-20T16:00:00Z 0.00109 7 6433
2014-09-20T15:00:00Z 0.00069 4 5790
2014-09-20T14:00:00Z 0.00077 4 5170
2014-09-25T10:00:00Z 0.00055 2 3623
2014-09-25T09:00:00Z 0.00025 1 3962
2014-09-25T08:00:00Z 0.00024 1 4183
2014-09-25T07:00:00Z 0.00023 1 4375
2014-09-25T06:00:00Z 0.00043 2 4624
2014-09-25T05:00:00Z 0.00041 2 4862
2014-10-03T14:00:00Z 0.00294 23 7820
2014-10-03T13:00:00Z 0.00292 21 7201
2014-10-03T12:00:00Z 0.00223 16 7191
2014-10-03T11:00:00Z 0.00154 12 7806
2014-10-03T10:00:00Z 0.00104 9 8654
2014-10-03T09:00:00Z 0.00064 6 9365
2014-10-07T13:00:00Z 0.00162 13 8047
2014-10-07T12:00:00Z 0.00170 14 8228
2014-10-07T11:00:00Z 0.00153 14 9157
2014-10-07T10:00:00Z 0.00153 16 10426
2014-10-17T17:00:00Z 0.00139 10 7176
2014-10-17T16:00:00Z 0.00153 10 6542
2014-10-17T15:00:00Z 0.00134 8 5963
2014-10-17T14:00:00Z 0.00147 8 5447
2014-10-17T13:00:00Z 0.00164 8 4889
2014-10-17T12:00:00Z 0.00175 8 4565
2014-10-18T11:00:00Z 0.00146 9 6167
2014-10-18T10:00:00Z 0.00131 9 6846
2014-10-18T09:00:00Z 0.00109 8 7335
2014-10-18T08:00:00Z 0.00093 7 7536
2014-10-18T07:00:00Z 0.00128 10 7805
2014-10-18T06:00:00Z 0.00147 12 8141
2014-10-29T15:00:00Z 0.00000 0 0
2014-10-29T14:00:00Z 0.00000 0 0
2014-10-29T13:00:00Z 0.00000 0 0
2014-10-29T12:00:00Z 0.00000 0 0
2014-10-29T11:00:00Z 0.00000 0 0
2014-10-29T10:00:00Z 0.00000 0 0
