2013-12-01T11:00:00 129 10 7 9 2 2 22 2 9 5 14
2013-12-01T12:00:00 157 12 8 11 2 2 29 2 11 6 15
2013-12-01T13:00:00 175 18 15 13 2 3 37 3 11 8 17
2013-12-01T14:00:00 173 19 17 18 5 6 50 3 18 9 25
2013-12-01T15:00:00 167 21 21 19 5 6 51 4 21 8 26
2013-12-01T16:00:00 172 22 28 20 6 8 59 3 17 10 27
2013-12-01T17:00:00 161 22 31 20 6 7 60 3 17 9 23
2013-12-01T18:00:00 152 22 31 23 6 7 53 3 17 8 24
2013-12-01T19:00:00 136 18 31 23 7 7 46 2 17 6 22
2013-12-01T20:00:00 126 15 36 21 4 6 34 2 10 4 17
2013-12-01T21:00:00 135 13 38 19 4 6 26 2 6 4 12
2013-12-01T22:00:00 126 15 28 17 4 4 18 2 6 1 7
2013-12-01T23:00:00 118 18 31 16 4 4 14 2 5 0 8
2013-12-02T00:00:00 108 19 31 13 4 4 14 2 3 0 9
2013-12-02T01:00:00 96 18 27 10 3 3 14 2 2 0 8
2013-12-02T02:00:00 85 17 20 7 3 1 12 2 1 0 5
2013-12-02T03:00:00 53 14 16 5 2 0 11 1 1 0 5
2013-12-02T04:00:00 37 9 16 5 1 0 9 0 1 0 5
2013-12-02T05:00:00 27 5 8 4 0 0 6 0 1 0 4
2013-12-02T06:00:00 17 2 7 2 0 0 5 0 1 0 1
2013-12-02T07:00:00 16 2 6 1 0 0 3 0 2 0 1
2013-12-02T08:00:00 31 4 6 2 1 0 3 0 4 2 2
2013-12-02T09:00:00 39 5 5 2 1 1 4 0 5 2 4
2013-12-02T10:00:00 43 5 12 2 1 1 5 2 6 3 6
2013-12-02T11:00:00 55 5 17 2 2 2 7 3 5 3 9
2013-12-02T12:00:00 78 8 19 1 2 3 9 3 6 4 8
2013-12-02T13:00:00 93 11 22 5 4 4 9 4 5 4 8
2013-12-02T14:00:00 95 10 29 5 3 4 11 4 3 2 8
2013-12-02T15:00:00 97 9 33 7 4 3 13 4 2 4 8
2013-12-02T16:00:00 110 10 31 7 4 3 14 2 1 3 6
2013-12-02T17:00:00 110 10 30 8 3 3 16 1 1 3 4
2013-12-02T18:00:00 98 7 30 8 4 2 15 1 1 2 5
2013-12-02T19:00:00 94 6 27 5 3 1 17 1 1 2 7
2013-12-02T20:00:00 90 5 22 5 3 2 15 1 2 2 7
2013-12-02T21:00:00 101 7 21 6 4 3 15 1 3 0 11
2013-12-02T22:00:00 95 11 16 7 4 4 12 1 5 0 12
2013-12-02T23:00:00 89 13 17 7 4 5 10 1 6 0 14
2013-12-03T00:00:00 89 15 20 8 4 6 10 1 6 0 14
2013-12-03T01:00:00 80 14 19 7 3 6 7 0 7 1 13
2013-12-03T02:00:00 64 14 17 7 4 5 6 0 6 1 12
2013-12-03T03:00:00 44 12 14 4 2 4 4 0 5 1 6
2013-12-03T04:00:00 33 7 14 3 2 3 5 0 3 1 5
2013-12-03T05:00:00 27 4 9 2 2 1 3 0 2 1 2
2013-12-06T09:00:00 66 8 7 1 2 0 7 0 1 2 6
2013-12-06T10:00:00 79 12 11 1 2 2 7 0 3 3 8
2013-12-06T11:00:00 97 15 13 2 3 2 10 1 4 3 10
2013-12-06T12:00:00 118 17 18 3 3 2 14 2 6 4 11
2013-12-06T13:00:00 128 18 25 4 5 2 18 2 6 4 10
2013-12-06T14:00:00 121 19 28 4 7 6 23 2 7 3 11
2013-12-06T15:00:00 129 18 24 4 7 6 22 2 9 2 11
2013-12-06T16:00:00 145 14 26 5 7 6 27 2 8 3 13
2013-12-06T17:00:00 153 12 25 4 7 8 28 1 8 5 11
2013-12-06T18:00:00 143 12 21 4 9 8 32 0 7 4 15
2013-12-06T19:00:00 145 13 16 4 7 9 30 1 6 6 17
2013-12-06T20:00:00 148 11 13 5 6 5 25 1 8 6 17
2013-12-06T21:00:00 146 12 19 5 5 6 23 1 7 7 17
2013-12-06T22:00:00 134 16 19 7 8 5 21 1 8 5 13
2013-12-06T23:00:00 127 15 18 7 7 3 19 1 7 3 18
2013-12-07T00:00:00 130 14 18 8 5 3 13 2 8 4 13
2013-12-07T01:00:00 118 11 16 7 6 2 10 1 8 2 12
2013-12-07T02:00:00 102 10 20 6 5 3 12 1 5 2 11
2013-12-09T08:00:00 35 3 1 2 1 0 6 0 2 1 3
2013-12-09T09:00:00 55 4 7 3 1 0 6 0 3 1 5
2013-12-29T13:00:00 118 7 13 7 5 3 23 1 18 3 14
2013-12-29T14:00:00 122 7 15 6 6 3 24 1 20 4 13
2013-12-29T15:00:00 130 9 13 7 12 4 29 2 23 4 13
2013-12-29T16:00:00 135 9 14 8 15 5 36 4 23 3 15
2013-12-29T17:00:00 140 9 18 6 17 5 41 4 18 3 17
2013-12-29T18:00:00 136 9 20 8 18 4 40 4 18 3 17
2013-12-29T19:00:00 139 7 20 11 20 5 38 3 14 2 14
2013-12-29T20:00:00 137 10 18 10 20 6 34 3 12 1 15
2013-12-29T21:00:00 144 8 20 9 14 6 29 2 8 1 16
2014-01-30T02:00:00 102 13 5 2 6 2 5 0 4 1 11
2014-01-30T03:00:00 81 9 4 1 2 2 3 0 4 1 6
2014-01-30T04:00:00 61 6 3 1 1 0 2 0 4 0 5
2014-01-30T05:00:00 43 3 1 1 1 0 1 0 3 0 4
2014-01-30T06:00:00 30 2 1 0 0 0 1 0 3 0 3
2014-01-30T07:00:00 25 1 0 0 0 0 0 0 2 0 1
2014-01-30T08:00:00 46 0 1 0 0 0 2 0 2 0 1
2014-01-30T09:00:00 73 0 1 1 1 0 6 1 1 1 3
