2014-10-04T00:00:00Z 2014-10-04T02:00:00Z 60.240000 57.920000 0.920000 1.000000 1017.670000 3.910000 154.000000 4 3 0
2014-10-03T23:00:00Z 2014-10-04T01:00:00Z 60.420000 57.340000 0.900000 1.000000 1017.660000 3.240000 160.000000 4 3 0
2014-10-03T16:00:00Z 2014-10-03T18:00:00Z 63.330000 53.440000 0.700000 0.590000 1016.380000 2.500000 135.000000 4 5 0
2014-10-03T15:00:00Z 2014-10-03T17:00:00Z 63.360000 52.530000 0.680000 0.360000 1016.410000 3.060000 143.000000 4 5 0
2014-10-03T06:00:00Z 2014-10-03T08:00:00Z 51.510000 47.840000 0.870000 0.020000 1018.650000 1.180000 60.000000 4 2 0
2014-10-02T21:00:00Z 2014-10-02T23:00:00Z 57.450000 50.810000 0.780000 0.010000 1016.080000 1.220000 193.000000 4 3 0
2014-09-27T00:00:00Z 2014-09-27T02:00:00Z 59.770000 54.090000 0.810000 0.370000 1014.780000 3.970000 341.000000 4 1 1
2014-09-26T13:00:00Z 2014-09-26T15:00:00Z 72.480000 61.570000 0.690000 0.270000 1009.170000 5.900000 191.000000 4 5 1
2014-09-25T22:00:00Z 2014-09-26T00:00:00Z 62.960000 57.870000 0.830000 0.250000 1014.390000 5.360000 163.000000 4 2 1
2014-09-25T20:00:00Z 2014-09-25T22:00:00Z 65.150000 59.250000 0.810000 0.170000 1014.570000 4.240000 149.000000 4 4 1
2014-09-25T19:00:00Z 2014-09-25T21:00:00Z 66.120000 59.970000 0.810000 0.070000 1014.670000 4.050000 151.000000 4 4 1
2014-09-25T18:00:00Z 2014-09-25T20:00:00Z 68.050000 60.580000 0.770000 0.050000 1014.480000 4.230000 155.000000 4 4 1
2014-09-25T17:00:00Z 2014-09-25T19:00:00Z 69.860000 60.570000 0.720000 0.110000 1014.430000 5.150000 154.000000 4 4 1
2014-09-25T16:00:00Z 2014-09-25T18:00:00Z 70.460000 61.110000 0.720000 0.140000 1014.830000 7.010000 163.000000 4 4 1
2014-09-25T12:00:00Z 2014-09-25T14:00:00Z 68.670000 60.650000 0.760000 0.180000 1017.080000 5.250000 146.000000 4 5 1
2014-09-25T10:00:00Z 2014-09-25T12:00:00Z 66.090000 60.680000 0.830000 0.130000 1018.230000 2.110000 162.000000 4 4 1
2014-09-22T14:00:00Z 2014-09-22T16:00:00Z 71.310000 62.770000 0.740000 0.900000 1017.050000 1.230000 90.000000 4 4 1
2014-09-20T14:00:00Z 2014-09-20T16:00:00Z 79.310000 57.030000 0.470000 0.090000 1008.930000 4.220000 260.000000 4 3 1
2014-09-20T11:00:00Z 2014-09-20T13:00:00Z 73.120000 61.520000 0.670000 0.130000 1010.930000 3.200000 84.000000 4 4 1
2014-09-20T02:00:00Z 2014-09-20T04:00:00Z 62.580000 59.730000 0.900000 0.000000 1009.610000 2.580000 353.000000 4 4 1
2014-09-12T02:00:00Z 2014-09-12T04:00:00Z 66.960000 64.310000 0.910000 0.000000 1014.510000 0.880000 299.000000 4 3 1
2014-09-11T20:00:00Z 2014-09-11T22:00:00Z 68.440000 63.140000 0.830000 0.240000 1013.700000 4.220000 1.000000 4 3 1
2014-09-10T11:00:00Z 2014-09-10T13:00:00Z 78.680000 60.700000 0.540000 0.080000 1014.990000 4.060000 163.000000 4 2 1
2014-09-07T20:00:00Z 2014-09-07T22:00:00Z 72.690000 65.920000 0.790000 0.030000 1007.500000 2.940000 6.000000 4 5 1
2014-09-06T23:00:00Z 2014-09-07T01:00:00Z 75.000000 66.330000 0.740000 0.000000 1009.000000 6.620000 152.000000 4 5 1
2014-09-06T20:00:00Z 2014-09-06T22:00:00Z 75.990000 66.800000 0.730000 0.190000 1009.660000 6.370000 153.000000 4 5 1
2014-09-06T08:00:00Z 2014-09-06T10:00:00Z 71.290000 66.820000 0.860000 0.150000 1012.650000 3.470000 51.000000 4 5 1
2014-09-06T02:00:00Z 2014-09-06T04:00:00Z 70.060000 67.450000 0.910000 0.000000 1011.380000 2.970000 102.000000 4 5 1
2014-09-05T20:00:00Z 2014-09-05T22:00:00Z 75.740000 68.200000 0.780000 0.030000 1010.440000 6.550000 145.000000 4 5 0
2014-09-05T14:00:00Z 2014-09-05T16:00:00Z 85.340000 63.710000 0.490000 0.050000 1009.110000 6.540000 184.000000 4 2 0
2014-08-30T23:00:00Z 2014-08-31T01:00:00Z 70.290000 68.080000 0.930000 0.000000 1013.900000 2.120000 7.000000 4 3 1
2014-08-30T08:00:00Z 2014-08-30T10:00:00Z 72.000000 66.820000 0.840000 0.210000 1015.700000 0.900000 51.000000 4 5 1
2014-08-23T17:00:00Z 2014-08-23T19:00:00Z 86.250000 67.050000 0.530000 0.210000 1003.350000 5.630000 223.000000 4 4 1
2014-08-23T08:00:00Z 2014-08-23T10:00:00Z 76.980000 68.920000 0.760000 0.130000 1006.480000 1.520000 20.000000 4 5 1
2014-08-23T05:00:00Z 2014-08-23T07:00:00Z 71.260000 68.360000 0.910000 0.000000 1006.120000 1.380000 63.000000 4 4 1
2014-08-23T02:00:00Z 2014-08-23T04:00:00Z 72.630000 68.640000 0.870000 0.000000 1005.970000 3.390000 202.000000 4 4 1
2014-08-22T20:00:00Z 2014-08-22T22:00:00Z 76.700000 68.270000 0.750000 0.210000 1006.180000 0.750000 115.000000 4 4 1
2014-08-21T17:00:00Z 2014-08-21T19:00:00Z 90.060000 66.400000 0.460000 0.050000 1004.910000 6.100000 201.000000 4 4 1
2014-08-21T05:00:00Z 2014-08-21T07:00:00Z 72.530000 67.020000 0.830000 0.000000 1006.870000 1.180000 60.000000 4 5 1
2014-08-21T02:00:00Z 2014-08-21T04:00:00Z 73.370000 67.140000 0.810000 0.000000 1007.030000 1.430000 120.000000 4 4 1
2014-08-20T17:00:00Z 2014-08-20T19:00:00Z 89.640000 63.090000 0.410000 0.690000 1005.960000 9.270000 186.000000 4 3 1
2014-08-20T11:00:00Z 2014-08-20T13:00:00Z 86.690000 67.030000 0.520000 0.100000 1009.610000 6.170000 201.000000 4 3 1
2014-08-19T11:00:00Z 2014-08-19T13:00:00Z 84.630000 64.750000 0.510000 0.030000 1012.200000 3.490000 218.000000 4 3 1
2014-08-03T14:00:00Z 2014-08-03T16:00:00Z 92.050000 73.830000 0.560000 0.220000 999.590000 7.300000 164.000000 4 4 0
2014-08-02T23:00:00Z 2014-08-03T01:00:00Z 81.100000 74.780000 0.810000 0.000000 1001.500000 3.610000 73.000000 4 5 0
2014-08-02T20:00:00Z 2014-08-02T22:00:00Z 88.420000 72.570000 0.600000 0.170000 1001.380000 3.140000 207.000000 4 4 0
2014-08-02T17:00:00Z 2014-08-02T19:00:00Z 90.630000 72.490000 0.560000 0.140000 1000.660000 6.050000 158.000000 4 4 0
2014-07-30T08:00:00Z 2014-07-30T10:00:00Z 74.910000 70.870000 0.870000 0.960000 1005.440000 1.420000 27.000000 4 5 1
2014-07-29T11:00:00Z 2014-07-29T13:00:00Z 88.770000 67.550000 0.500000 0.180000 1004.060000 9.990000 195.000000 4 4 1
2014-07-29T05:00:00Z 2014-07-29T07:00:00Z 75.660000 68.510000 0.790000 0.000000 1003.850000 2.970000 134.000000 4 5 1
2014-07-28T05:00:00Z 2014-07-28T07:00:00Z 74.030000 68.900000 0.840000 0.000000 1005.320000 2.100000 143.000000 4 4 1
2014-07-28T02:00:00Z 2014-07-28T04:00:00Z 77.540000 69.090000 0.750000 0.000000 1004.940000 4.940000 134.000000 4 4 1
2014-07-27T14:00:00Z 2014-07-27T16:00:00Z 96.000000 61.970000 0.330000 0.050000 1006.860000 7.650000 193.000000 4 3 1
2014-07-18T08:00:00Z 2014-07-18T10:00:00Z 80.370000 72.020000 0.760000 0.140000 1008.130000 3.070000 118.000000 4 5 1
2014-07-18T05:00:00Z 2014-07-18T07:00:00Z 76.390000 71.640000 0.850000 0.000000 1006.780000 1.350000 90.000000 4 4 1
2014-07-05T05:00:00Z 2014-07-05T07:00:00Z 72.410000 69.490000 0.910000 0.000000 1006.890000 1.680000 78.000000 4 5 0
2014-07-01T08:00:00Z 2014-07-01T10:00:00Z 81.180000 65.350000 0.590000 0.180000 1006.090000 5.030000 84.000000 4 4 0
2014-06-26T17:00:00Z 2014-06-26T19:00:00Z 85.290000 64.740000 0.500000 0.610000 1000.860000 6.890000 144.000000 4 4 1
2014-06-17T17:00:00Z 2014-06-17T19:00:00Z 69.980000 63.420000 0.800000 0.930000 1001.440000 5.100000 258.000000 4 1 1
2014-06-17T14:00:00Z 2014-06-17T16:00:00Z 81.050000 66.900000 0.620000 0.220000 1001.060000 4.410000 148.000000 4 4 1
2014-06-16T05:00:00Z 2014-06-16T07:00:00Z 70.410000 66.070000 0.860000 0.000000 1004.000000 4.930000 160.000000 4 5 1
2014-06-15T08:00:00Z 2014-06-15T10:00:00Z 79.390000 64.950000 0.610000 0.140000 1005.400000 3.030000 99.000000 4 4 1
2014-05-31T20:00:00Z 2014-05-31T22:00:00Z 82.770000 63.310000 0.520000 0.230000 1005.100000 3.830000 176.000000 4 3 1
2014-05-31T17:00:00Z 2014-05-31T19:00:00Z 90.610000 59.750000 0.360000 0.160000 1004.810000 7.140000 153.000000 4 4 1
2014-05-31T14:00:00Z 2014-05-31T16:00:00Z 93.290000 56.150000 0.290000 0.140000 1006.000000 6.970000 116.000000 4 4 1
2014-05-25T08:00:00Z 2014-05-25T10:00:00Z 72.960000 49.360000 0.430000 0.190000 1007.750000 10.270000 237.000000 4 4 1
2014-05-21T23:00:00Z 2014-05-22T01:00:00Z 74.510000 61.370000 0.640000 0.000000 1004.900000 6.960000 142.000000 4 4 1
2014-05-21T20:00:00Z 2014-05-21T22:00:00Z 78.260000 59.990000 0.540000 0.150000 1003.920000 4.730000 133.000000 4 5 1
2014-05-21T17:00:00Z 2014-05-21T19:00:00Z 86.800000 58.460000 0.380000 0.110000 1002.510000 8.730000 179.000000 4 4 1
2014-05-20T23:00:00Z 2014-05-21T01:00:00Z 67.800000 52.970000 0.590000 0.000000 1005.600000 3.980000 108.000000 4 3 1
2014-05-19T17:00:00Z 2014-05-19T19:00:00Z 82.240000 55.020000 0.390000 0.020000 1001.440000 3.370000 208.000000 4 3 1
2014-05-19T11:00:00Z 2014-05-19T13:00:00Z 74.900000 58.890000 0.580000 0.150000 1005.060000 2.420000 84.000000 4 5 1
2014-05-18T23:00:00Z 2014-05-19T01:00:00Z 76.610000 55.190000 0.480000 0.000000 1006.000000 6.910000 146.000000 4 4 1
2014-05-08T05:00:00Z 2014-05-08T07:00:00Z 49.330000 44.720000 0.840000 0.000000 1014.940000 0.830000 148.000000 4 4 1
2014-05-08T02:00:00Z 2014-05-08T04:00:00Z 53.790000 44.610000 0.710000 0.000000 1014.780000 3.390000 156.000000 4 4 1
2014-05-07T08:00:00Z 2014-05-07T10:00:00Z 62.070000 43.620000 0.510000 0.000000 1005.760000 8.770000 342.000000 4 2 1
2014-05-07T05:00:00Z 2014-05-07T07:00:00Z 53.630000 44.330000 0.710000 0.000000 1003.240000 4.110000 348.000000 4 4 1
2014-05-07T02:00:00Z 2014-05-07T04:00:00Z 54.020000 45.060000 0.720000 0.000000 1002.910000 1.400000 77.000000 4 4 1
2014-05-06T20:00:00Z 2014-05-06T22:00:00Z 63.050000 44.240000 0.500000 0.190000 1004.190000 5.520000 54.000000 4 4 1
2014-05-01T17:00:00Z 2014-05-01T19:00:00Z 72.380000 41.200000 0.320000 0.770000 1005.780000 18.040000 293.000000 4 2 0
2014-05-01T14:00:00Z 2014-05-01T16:00:00Z 80.880000 54.330000 0.400000 0.210000 1004.870000 10.530000 176.000000 4 4 0
2014-05-01T08:00:00Z 2014-05-01T10:00:00Z 66.980000 56.050000 0.680000 0.100000 1009.000000 5.220000 163.000000 4 5 0
2014-05-01T05:00:00Z 2014-05-01T07:00:00Z 58.160000 51.180000 0.780000 0.000000 1007.790000 2.090000 162.000000 4 4 0
2014-04-26T14:00:00Z 2014-04-26T16:00:00Z 68.280000 38.040000 0.330000 0.750000 1020.360000 1.930000 41.000000 4 1 1
2014-04-25T20:00:00Z 2014-04-25T22:00:00Z 63.900000 47.310000 0.550000 1.000000 1016.700000 10.920000 306.000000 4 3 1
2014-04-23T08:00:00Z 2014-04-23T10:00:00Z 62.410000 51.300000 0.670000 0.000000 1011.920000 5.600000 155.000000 4 5 1
2014-04-21T08:00:00Z 2014-04-21T10:00:00Z 60.450000 35.570000 0.390000 0.640000 1018.040000 3.330000 30.000000 4 4 1
2014-04-18T05:00:00Z 2014-04-18T07:00:00Z 52.550000 50.570000 0.930000 0.000000 1018.460000 1.540000 89.000000 4 4 1
2014-04-18T02:00:00Z 2014-04-18T04:00:00Z 53.710000 50.900000 0.900000 0.000000 1016.980000 2.890000 146.000000 4 4 1
2014-04-13T20:00:00Z 2014-04-13T22:00:00Z 64.730000 42.160000 0.440000 0.000000 1016.430000 6.900000 148.000000 4 5 1
2014-04-02T17:00:00Z 2014-04-02T19:00:00Z 64.640000 28.830000 0.260000 0.180000 1016.160000 10.230000 144.000000 4 3 0
2014-04-02T08:00:00Z 2014-04-02T10:00:00Z 59.330000 38.040000 0.450000 0.110000 1013.450000 1.160000 16.000000 4 4 0
2014-04-02T05:00:00Z 2014-04-02T07:00:00Z 49.720000 36.280000 0.600000 0.000000 1010.830000 3.440000 176.000000 4 4 0
2014-04-01T05:00:00Z 2014-04-01T07:00:00Z 45.550000 41.700000 0.860000 0.000000 1014.780000 0.240000 157.000000 4 5 0
2014-03-31T05:00:00Z 2014-03-31T07:00:00Z 55.870000 35.480000 0.460000 0.000000 1015.290000 3.670000 92.000000 4 4 1
2014-03-31T02:00:00Z 2014-03-31T04:00:00Z 58.920000 33.420000 0.380000 0.000000 1015.430000 3.830000 136.000000 4 5 1
2014-03-28T20:00:00Z 2014-03-28T22:00:00Z 59.650000 45.060000 0.580000 0.060000 1008.650000 2.700000 137.000000 4 5 1
2014-03-28T02:00:00Z 2014-03-28T04:00:00Z 53.300000 42.310000 0.660000 0.000000 1008.440000 1.350000 1.000000 4 5 1
2014-03-24T17:00:00Z 2014-03-24T19:00:00Z 68.980000 28.930000 0.220000 0.000000 1009.600000 5.660000 236.000000 4 5 1
2014-03-23T20:00:00Z 2014-03-23T22:00:00Z 55.590000 31.370000 0.400000 0.060000 1019.760000 8.150000 131.000000 4 5 1
2014-03-23T08:00:00Z 2014-03-23T10:00:00Z 48.940000 24.480000 0.380000 0.000000 1026.770000 2.900000 69.000000 4 5 1
2014-03-17T05:00:00Z 2014-03-17T07:00:00Z 38.700000 27.440000 0.640000 0.000000 1010.320000 2.530000 13.000000 4 4 1
2014-03-16T20:00:00Z 2014-03-16T22:00:00Z 50.730000 24.610000 0.360000 0.150000 1012.600000 4.410000 114.000000 4 4 1
2014-03-16T17:00:00Z 2014-03-16T19:00:00Z 59.210000 23.440000 0.250000 0.120000 1012.150000 8.680000 142.000000 4 4 1
2014-03-16T05:00:00Z 2014-03-16T07:00:00Z 41.760000 16.180000 0.350000 0.000000 1015.650000 0.810000 34.000000 4 3 1
2014-03-16T02:00:00Z 2014-03-16T04:00:00Z 44.280000 16.160000 0.320000 0.000000 1014.820000 1.800000 71.000000 4 4 1
2014-03-15T20:00:00Z 2014-03-15T22:00:00Z 54.880000 19.210000 0.240000 0.060000 1011.350000 3.550000 109.000000 4 5 1
2014-03-15T17:00:00Z 2014-03-15T19:00:00Z 67.690000 12.560000 0.120000 0.070000 1009.100000 2.070000 196.000000 4 3 1
2014-03-10T20:00:00Z 2014-03-10T22:00:00Z 38.860000 22.730000 0.520000 0.120000 1020.140000 1.020000 133.000000 4 4 1
2014-03-09T11:00:00Z 2014-03-09T13:00:00Z 44.300000 12.280000 0.270000 0.000000 1028.010000 1.630000 242.000000 4 5 1
2014-03-08T05:00:00Z 2014-03-08T07:00:00Z 30.850000 20.000000 0.640000 0.000000 1025.180000 1.970000 92.000000 4 4 1
2014-03-08T02:00:00Z 2014-03-08T04:00:00Z 33.910000 9.510000 0.360000 0.000000 1026.830000 5.260000 92.000000 4 3 1
2014-03-02T05:00:00Z 2014-03-02T07:00:00Z 28.220000 19.320000 0.690000 0.000000 1023.180000 3.360000 133.000000 4 3 0
2014-03-02T02:00:00Z 2014-03-02T04:00:00Z 30.580000 19.780000 0.640000 0.000000 1022.600000 3.000000 116.000000 4 3 0
2014-02-20T08:00:00Z 2014-02-20T10:00:00Z 24.950000 20.020000 0.810000 0.030000 1032.260000 3.770000 151.000000 4 4 1
2014-02-20T05:00:00Z 2014-02-20T07:00:00Z 24.630000 19.710000 0.810000 0.000000 1030.820000 1.290000 84.000000 4 5 1
2014-02-20T02:00:00Z 2014-02-20T04:00:00Z 23.510000 17.920000 0.790000 0.000000 1030.670000 3.770000 127.000000 4 5 1
2014-02-19T23:00:00Z 2014-02-20T01:00:00Z 27.000000 18.660000 0.700000 0.000000 1030.700000 6.470000 131.000000 4 4 1
2014-02-19T02:00:00Z 2014-02-19T04:00:00Z 23.770000 13.120000 0.630000 0.000000 1029.230000 0.720000 74.000000 4 3 1
2014-02-13T05:00:00Z 2014-02-13T07:00:00Z 23.690000 11.600000 0.590000 0.000000 1036.770000 3.220000 78.000000 4 5 1
2014-02-12T23:00:00Z 2014-02-13T01:00:00Z 26.800000 18.470000 0.700000 0.000000 1036.000000 8.770000 112.000000 4 5 1
2014-02-12T05:00:00Z 2014-02-12T07:00:00Z 16.760000 5.900000 0.620000 0.000000 1031.490000 6.750000 330.000000 4 4 1
2014-02-11T17:00:00Z 2014-02-11T19:00:00Z 31.730000 5.400000 0.320000 0.000000 1026.310000 6.080000 230.000000 4 5 1
2014-02-08T08:00:00Z 2014-02-08T10:00:00Z 23.120000 17.920000 0.800000 0.130000 1026.990000 6.440000 337.000000 4 3 1
2014-02-06T20:00:00Z 2014-02-06T22:00:00Z 27.500000 11.320000 0.500000 0.210000 1030.610000 3.040000 130.000000 4 4 1
2014-02-06T11:00:00Z 2014-02-06T13:00:00Z 31.650000 8.350000 0.370000 0.170000 1031.580000 2.770000 81.000000 4 3 1
2014-02-06T02:00:00Z 2014-02-06T04:00:00Z 21.360000 7.260000 0.540000 0.000000 1029.120000 3.350000 55.000000 4 5 1
2014-02-05T08:00:00Z 2014-02-05T10:00:00Z 16.830000 -4.990000 0.370000 0.030000 1030.480000 1.640000 69.000000 4 3 0
2014-02-02T08:00:00Z 2014-02-02T10:00:00Z 35.920000 27.330000 0.710000 0.210000 1013.960000 9.410000 354.000000 4 2 0
2014-02-01T17:00:00Z 2014-02-01T19:00:00Z 37.900000 29.210000 0.710000 0.930000 1014.360000 3.820000 142.000000 4 4 0
2014-02-01T11:00:00Z 2014-02-01T13:00:00Z 36.460000 23.450000 0.590000 0.970000 1018.570000 2.030000 29.000000 4 3 0
2014-01-31T20:00:00Z 2014-01-31T22:00:00Z 34.310000 22.540000 0.620000 0.180000 1019.540000 2.590000 21.000000 4 4 1
2014-01-31T17:00:00Z 2014-01-31T19:00:00Z 35.430000 21.050000 0.550000 0.210000 1017.830000 1.760000 79.000000 4 4 1
2014-01-30T23:00:00Z 2014-01-31T01:00:00Z 27.900000 19.820000 0.710000 0.000000 1020.800000 6.570000 73.000000 4 6 1
2014-01-30T20:00:00Z 2014-01-30T22:00:00Z 33.010000 19.310000 0.570000 0.000000 1019.320000 9.050000 129.000000 4 4 1
2014-01-27T11:00:00Z 2014-01-27T13:00:00Z 35.660000 12.860000 0.380000 0.000000 1018.280000 5.630000 321.000000 4 4 1
2014-01-26T23:00:00Z 2014-01-27T01:00:00Z 27.000000 17.970000 0.680000 0.000000 1021.300000 1.910000 112.000000 4 3 1
2014-01-22T17:00:00Z 2014-01-22T19:00:00Z 36.100000 -1.520000 0.200000 0.160000 1021.630000 2.540000 104.000000 4 5 1
2014-01-22T14:00:00Z 2014-01-22T16:00:00Z 40.560000 -2.960000 0.150000 0.030000 1021.810000 2.110000 128.000000 4 4 1
2014-01-22T02:00:00Z 2014-01-22T04:00:00Z 17.990000 -0.830000 0.430000 0.000000 1027.090000 2.020000 1.000000 4 4 1
2014-01-21T23:00:00Z 2014-01-22T01:00:00Z 19.590000 -1.350000 0.390000 0.000000 1027.600000 3.490000 86.000000 4 4 1
2014-01-19T11:00:00Z 2014-01-19T13:00:00Z 31.250000 18.800000 0.590000 0.150000 1024.790000 0.610000 10.000000 4 5 1
2014-01-19T08:00:00Z 2014-01-19T10:00:00Z 26.960000 17.250000 0.660000 0.210000 1025.710000 2.130000 15.000000 4 4 1
2014-01-19T05:00:00Z 2014-01-19T07:00:00Z 26.090000 16.820000 0.670000 0.000000 1027.310000 2.190000 120.000000 4 4 1
2014-01-19T02:00:00Z 2014-01-19T04:00:00Z 26.630000 16.440000 0.650000 0.000000 1029.450000 3.870000 123.000000 4 3 1
2014-01-15T05:00:00Z 2014-01-15T07:00:00Z 14.990000 7.490000 0.720000 0.000000 1033.470000 1.070000 86.000000 4 2 1
2014-01-15T02:00:00Z 2014-01-15T04:00:00Z 14.450000 2.630000 0.590000 0.000000 1034.350000 2.680000 15.000000 4 4 1
2014-01-14T08:00:00Z 2014-01-14T10:00:00Z 16.230000 3.760000 0.570000 0.080000 1035.890000 3.410000 15.000000 4 4 1
2014-01-10T23:00:00Z 2014-01-11T01:00:00Z 18.980000 10.510000 0.690000 0.000000 1032.200000 1.580000 111.000000 4 3 1
2014-01-10T20:00:00Z 2014-01-10T22:00:00Z 26.190000 -2.460000 0.280000 0.390000 1032.060000 3.260000 205.000000 4 4 1
2014-01-06T17:00:00Z 2014-01-06T19:00:00Z 29.500000 21.400000 0.710000 0.710000 1024.440000 2.850000 115.000000 4 5 1
2014-01-06T14:00:00Z 2014-01-06T16:00:00Z 31.930000 22.580000 0.680000 0.870000 1024.460000 6.120000 140.000000 4 4 1
2014-01-06T05:00:00Z 2014-01-06T07:00:00Z 26.090000 20.140000 0.780000 0.000000 1027.270000 1.930000 132.000000 4 3 1
2014-01-06T02:00:00Z 2014-01-06T04:00:00Z 27.540000 20.950000 0.760000 0.000000 1027.880000 1.940000 83.000000 4 4 1
2014-01-05T23:00:00Z 2014-01-06T01:00:00Z 26.800000 18.470000 0.700000 0.000000 1028.200000 3.800000 121.000000 4 4 0
2014-01-04T11:00:00Z 2014-01-04T13:00:00Z 31.380000 18.420000 0.580000 0.080000 1024.200000 2.110000 59.000000 4 4 0
2014-01-03T02:00:00Z 2014-01-03T04:00:00Z 31.450000 17.500000 0.560000 0.000000 1019.290000 3.040000 324.000000 4 1 0
2014-01-02T17:00:00Z 2014-01-02T19:00:00Z 37.350000 15.360000 0.400000 0.100000 1016.440000 1.580000 180.000000 4 5 0
2013-12-31T05:00:00Z 2013-12-31T07:00:00Z 31.460000 7.860000 0.360000 0.000000 1011.460000 6.410000 268.000000 4 3 1
2013-12-31T02:00:00Z 2013-12-31T04:00:00Z 26.360000 2.200000 0.350000 0.000000 1012.850000 1.960000 230.000000 4 4 1
