2014-10-03T21:00:00Z 2014-10-03T23:00:00Z 60.340000 55.290000 0.830000 0.830000 1017.770000 3.800000 122.000000 5 4 0
2014-10-03T19:00:00Z 2014-10-03T21:00:00Z 61.090000 54.230000 0.780000 0.750000 1017.370000 3.810000 111.000000 5 5 0
2014-10-03T18:00:00Z 2014-10-03T20:00:00Z 62.080000 54.280000 0.760000 0.780000 1016.930000 2.870000 115.000000 5 5 0
2014-10-03T17:00:00Z 2014-10-03T19:00:00Z 62.930000 54.110000 0.730000 0.750000 1016.570000 2.300000 124.000000 5 5 0
2014-09-26T23:00:00Z 2014-09-27T01:00:00Z 61.220000 55.820000 0.820000 0.340000 1013.610000 6.530000 343.000000 5 3 1
2014-09-26T22:00:00Z 2014-09-27T00:00:00Z 61.630000 56.930000 0.850000 0.250000 1013.610000 4.240000 344.000000 5 4 1
2014-09-26T21:00:00Z 2014-09-26T23:00:00Z 62.030000 58.480000 0.880000 0.140000 1013.060000 4.630000 340.000000 5 5 1
2014-09-26T20:00:00Z 2014-09-26T22:00:00Z 62.890000 58.410000 0.850000 0.110000 1012.170000 2.570000 354.000000 5 5 1
2014-09-26T19:00:00Z 2014-09-26T21:00:00Z 65.870000 61.100000 0.850000 0.060000 1011.510000 3.780000 344.000000 5 5 1
2014-09-26T18:00:00Z 2014-09-26T20:00:00Z 67.520000 61.160000 0.800000 0.090000 1010.470000 3.360000 330.000000 5 5 1
2014-09-26T17:00:00Z 2014-09-26T19:00:00Z 70.460000 61.160000 0.720000 0.190000 1009.500000 1.010000 351.000000 5 5 1
2014-09-26T15:00:00Z 2014-09-26T17:00:00Z 71.230000 61.170000 0.710000 0.180000 1008.870000 4.900000 210.000000 5 5 1
2014-09-25T15:00:00Z 2014-09-25T17:00:00Z 71.660000 61.190000 0.700000 0.230000 1015.290000 7.700000 167.000000 5 4 1
2014-09-25T14:00:00Z 2014-09-25T16:00:00Z 71.070000 60.370000 0.690000 0.460000 1015.840000 5.860000 171.000000 5 4 1
2014-09-25T13:00:00Z 2014-09-25T15:00:00Z 70.400000 60.950000 0.720000 0.340000 1016.390000 4.950000 173.000000 5 5 1
2014-09-21T02:00:00Z 2014-09-21T04:00:00Z 63.880000 55.770000 0.750000 0.000000 1014.800000 4.440000 108.000000 5 4 1
2014-09-20T20:00:00Z 2014-09-20T22:00:00Z 66.930000 59.920000 0.780000 0.030000 1011.140000 1.700000 108.000000 5 5 1
2014-09-19T11:00:00Z 2014-09-19T13:00:00Z 71.590000 57.080000 0.600000 0.030000 1013.210000 4.430000 154.000000 5 3 1
2014-09-07T11:00:00Z 2014-09-07T13:00:00Z 79.310000 67.080000 0.660000 0.200000 1008.450000 3.880000 234.000000 5 5 1
2014-09-07T02:00:00Z 2014-09-07T04:00:00Z 71.930000 65.650000 0.810000 0.000000 1008.450000 2.530000 142.000000 5 5 1
2014-09-06T14:00:00Z 2014-09-06T16:00:00Z 83.130000 67.280000 0.590000 0.140000 1009.900000 6.470000 195.000000 5 4 1
2014-09-06T11:00:00Z 2014-09-06T13:00:00Z 80.010000 67.130000 0.650000 0.100000 1012.050000 1.970000 72.000000 5 5 1
2014-09-05T23:00:00Z 2014-09-06T01:00:00Z 72.900000 67.670000 0.840000 0.000000 1011.100000 3.790000 149.000000 5 4 0
2014-09-01T20:00:00Z 2014-09-01T22:00:00Z 69.470000 65.850000 0.880000 0.910000 1011.410000 6.030000 177.000000 5 1 0
2014-08-30T20:00:00Z 2014-08-30T22:00:00Z 71.030000 66.700000 0.860000 0.240000 1013.370000 2.820000 106.000000 5 4 1
2014-08-30T17:00:00Z 2014-08-30T19:00:00Z 72.990000 68.310000 0.850000 0.230000 1012.440000 4.040000 90.000000 5 5 1
2014-08-30T11:00:00Z 2014-08-30T13:00:00Z 76.980000 68.700000 0.760000 0.160000 1015.150000 1.910000 31.000000 5 5 1
2014-08-23T20:00:00Z 2014-08-23T22:00:00Z 77.300000 68.980000 0.760000 0.110000 1004.920000 2.080000 127.000000 5 5 1
2014-08-23T11:00:00Z 2014-08-23T13:00:00Z 85.130000 68.600000 0.580000 0.150000 1006.030000 1.610000 83.000000 5 4 1
2014-08-21T20:00:00Z 2014-08-21T22:00:00Z 78.320000 62.210000 0.580000 0.100000 1006.870000 12.900000 45.000000 5 1 1
2014-08-21T11:00:00Z 2014-08-21T13:00:00Z 84.840000 67.270000 0.560000 0.140000 1007.760000 2.000000 96.000000 5 5 1
2014-08-21T08:00:00Z 2014-08-21T10:00:00Z 76.230000 68.660000 0.770000 0.710000 1007.720000 0.600000 92.000000 5 5 1
2014-08-07T02:00:00Z 2014-08-07T04:00:00Z 70.390000 64.030000 0.800000 0.000000 1009.040000 2.290000 45.000000 5 3 1
2014-08-03T05:00:00Z 2014-08-03T07:00:00Z 78.220000 74.250000 0.880000 0.000000 1001.240000 2.800000 348.000000 5 4 0
2014-08-03T02:00:00Z 2014-08-03T04:00:00Z 78.730000 74.430000 0.870000 0.000000 1000.800000 0.690000 145.000000 5 5 0
2014-08-02T14:00:00Z 2014-08-02T16:00:00Z 90.950000 73.770000 0.570000 0.180000 1001.840000 3.920000 174.000000 5 4 0
2014-08-01T20:00:00Z 2014-08-01T22:00:00Z 81.740000 72.390000 0.730000 0.140000 1005.040000 4.050000 157.000000 5 5 0
2014-08-01T11:00:00Z 2014-08-01T13:00:00Z 85.700000 72.280000 0.640000 0.140000 1007.070000 5.730000 114.000000 5 5 0
2014-08-01T05:00:00Z 2014-08-01T07:00:00Z 74.540000 71.510000 0.900000 0.000000 1006.180000 1.780000 69.000000 5 4 0
2014-08-01T02:00:00Z 2014-08-01T04:00:00Z 76.310000 71.440000 0.850000 0.000000 1006.340000 2.200000 138.000000 5 5 0
2014-07-31T23:00:00Z 2014-08-01T01:00:00Z 78.800000 71.940000 0.800000 0.000000 1006.500000 3.950000 157.000000 5 5 1
2014-07-31T20:00:00Z 2014-07-31T22:00:00Z 80.430000 71.210000 0.740000 0.080000 1005.330000 5.190000 153.000000 5 5 1
2014-07-31T17:00:00Z 2014-07-31T19:00:00Z 86.220000 70.790000 0.600000 0.050000 1004.650000 7.990000 147.000000 5 5 1
2014-07-31T05:00:00Z 2014-07-31T07:00:00Z 73.740000 71.640000 0.930000 0.000000 1007.540000 3.100000 108.000000 5 5 1
2014-07-31T02:00:00Z 2014-07-31T04:00:00Z 75.690000 71.750000 0.880000 0.000000 1007.580000 2.780000 121.000000 5 5 1
2014-07-30T23:00:00Z 2014-07-31T01:00:00Z 75.000000 73.030000 0.940000 0.000000 1007.500000 2.120000 97.000000 5 5 1
2014-07-30T20:00:00Z 2014-07-30T22:00:00Z 77.670000 71.470000 0.810000 0.110000 1005.710000 4.370000 122.000000 5 5 1
2014-07-30T17:00:00Z 2014-07-30T19:00:00Z 82.600000 71.060000 0.680000 0.050000 1004.710000 4.880000 115.000000 5 5 1
2014-07-30T14:00:00Z 2014-07-30T16:00:00Z 82.140000 70.750000 0.690000 0.070000 1005.810000 5.650000 70.000000 5 4 1
2014-07-26T05:00:00Z 2014-07-26T07:00:00Z 69.680000 62.470000 0.780000 0.000000 1007.870000 1.110000 31.000000 5 5 1
2014-07-25T05:00:00Z 2014-07-25T07:00:00Z 67.270000 63.510000 0.880000 0.000000 1006.400000 1.820000 1.000000 5 3 1
2014-07-18T14:00:00Z 2014-07-18T16:00:00Z 91.190000 74.360000 0.580000 0.130000 1005.990000 4.470000 174.000000 5 3 1
2014-07-18T02:00:00Z 2014-07-18T04:00:00Z 77.790000 70.510000 0.780000 0.000000 1006.330000 6.050000 120.000000 5 4 1
2014-07-17T23:00:00Z 2014-07-18T01:00:00Z 79.200000 73.030000 0.820000 0.000000 1006.400000 2.310000 83.000000 5 5 1
2014-07-17T20:00:00Z 2014-07-17T22:00:00Z 79.310000 71.960000 0.780000 0.150000 1005.980000 3.580000 100.000000 5 5 1
2014-07-17T17:00:00Z 2014-07-17T19:00:00Z 82.940000 71.690000 0.690000 0.140000 1004.760000 4.480000 99.000000 5 5 1
2014-07-17T14:00:00Z 2014-07-17T16:00:00Z 82.940000 71.280000 0.680000 0.120000 1005.280000 8.170000 164.000000 5 5 1
2014-07-08T08:00:00Z 2014-07-08T10:00:00Z 80.090000 69.170000 0.690000 0.140000 1002.070000 4.540000 343.000000 5 5 1
2014-07-08T05:00:00Z 2014-07-08T07:00:00Z 76.420000 71.120000 0.840000 0.000000 1000.800000 1.410000 356.000000 5 5 1
2014-07-07T21:00:00Z 2014-07-07T23:00:00Z 81.390000 70.900000 0.710000 0.180000 1000.030000 5.670000 142.000000 5 6 1
2014-07-07T20:00:00Z 2014-07-07T22:00:00Z 81.700000 71.470000 0.710000 0.230000 1000.150000 5.240000 139.000000 5 6 1
2014-07-07T17:00:00Z 2014-07-07T19:00:00Z 86.800000 71.450000 0.600000 0.170000 1000.090000 7.650000 150.000000 5 5 1
2014-07-07T14:00:00Z 2014-07-07T16:00:00Z 87.140000 71.720000 0.600000 0.210000 1001.600000 8.720000 150.000000 5 5 1
2014-07-07T11:00:00Z 2014-07-07T13:00:00Z 85.360000 71.190000 0.630000 0.160000 1003.360000 5.300000 185.000000 5 5 1
2014-07-06T17:00:00Z 2014-07-06T19:00:00Z 86.110000 71.750000 0.620000 0.180000 1002.940000 7.330000 149.000000 5 5 1
2014-07-06T05:00:00Z 2014-07-06T07:00:00Z 73.910000 71.060000 0.910000 0.000000 1005.310000 6.110000 141.000000 5 5 1
2014-07-06T02:00:00Z 2014-07-06T04:00:00Z 75.890000 71.810000 0.870000 0.000000 1005.350000 3.640000 132.000000 5 5 1
2014-07-05T08:00:00Z 2014-07-05T10:00:00Z 78.500000 72.040000 0.810000 0.190000 1008.010000 2.700000 93.000000 5 4 0
2014-07-04T23:00:00Z 2014-07-05T01:00:00Z 76.800000 71.910000 0.850000 0.000000 1006.700000 3.820000 55.000000 5 5 0
2014-07-04T17:00:00Z 2014-07-04T19:00:00Z 84.320000 72.510000 0.680000 0.180000 1004.700000 8.200000 164.000000 5 5 0
2014-07-04T14:00:00Z 2014-07-04T16:00:00Z 88.900000 70.020000 0.540000 0.160000 1003.760000 4.390000 94.000000 5 5 0
2014-07-04T11:00:00Z 2014-07-04T13:00:00Z 85.730000 71.720000 0.630000 0.150000 1005.130000 3.060000 79.000000 5 5 0
2014-07-03T05:00:00Z 2014-07-03T07:00:00Z 71.730000 68.630000 0.900000 0.000000 1001.700000 1.970000 174.000000 5 6 0
2014-06-26T08:00:00Z 2014-06-26T10:00:00Z 77.070000 68.910000 0.760000 0.060000 1003.810000 2.520000 243.000000 5 4 1
2014-06-16T14:00:00Z 2014-06-16T16:00:00Z 84.070000 64.410000 0.520000 0.120000 1000.980000 6.770000 211.000000 5 4 1
2014-06-15T17:00:00Z 2014-06-15T19:00:00Z 84.410000 64.790000 0.520000 0.180000 1002.690000 3.990000 344.000000 5 2 1
2014-05-22T05:00:00Z 2014-05-22T07:00:00Z 65.340000 59.820000 0.820000 0.000000 1005.260000 1.380000 76.000000 5 5 1
2014-05-20T05:00:00Z 2014-05-20T07:00:00Z 65.490000 54.440000 0.670000 0.000000 1004.170000 5.920000 20.000000 5 3 1
2014-05-20T02:00:00Z 2014-05-20T04:00:00Z 65.600000 59.160000 0.800000 0.000000 1003.540000 0.400000 19.000000 5 5 1
2014-05-19T23:00:00Z 2014-05-20T01:00:00Z 68.880000 63.170000 0.820000 0.000000 1002.800000 2.880000 11.000000 5 5 1
2014-05-19T14:00:00Z 2014-05-19T16:00:00Z 81.100000 55.850000 0.420000 0.090000 1002.670000 4.000000 207.000000 5 5 1
2014-05-01T11:00:00Z 2014-05-01T13:00:00Z 78.210000 56.530000 0.470000 0.110000 1007.830000 9.210000 192.000000 5 5 0
2014-04-25T14:00:00Z 2014-04-25T16:00:00Z 76.790000 44.360000 0.320000 0.190000 1016.010000 5.790000 226.000000 5 5 1
2014-04-23T17:00:00Z 2014-04-23T19:00:00Z 74.030000 49.690000 0.420000 0.170000 1007.060000 13.580000 190.000000 5 3 1
2014-04-23T14:00:00Z 2014-04-23T16:00:00Z 76.930000 51.430000 0.410000 0.080000 1008.310000 8.820000 185.000000 5 5 1
2014-04-23T11:00:00Z 2014-04-23T13:00:00Z 71.890000 52.950000 0.510000 0.000000 1010.940000 7.250000 174.000000 5 5 1
2014-04-18T11:00:00Z 2014-04-18T13:00:00Z 66.040000 50.480000 0.570000 0.120000 1021.060000 2.860000 207.000000 5 5 1
2014-04-14T20:00:00Z 2014-04-14T22:00:00Z 67.670000 51.040000 0.550000 0.110000 1014.310000 3.100000 168.000000 5 5 1
2014-04-14T17:00:00Z 2014-04-14T19:00:00Z 78.480000 45.050000 0.310000 0.110000 1012.890000 9.140000 186.000000 5 5 1
2014-04-14T08:00:00Z 2014-04-14T10:00:00Z 58.270000 45.270000 0.620000 0.060000 1018.510000 2.480000 105.000000 5 6 1
2014-04-14T05:00:00Z 2014-04-14T07:00:00Z 49.950000 43.300000 0.780000 0.000000 1017.300000 1.320000 83.000000 5 5 1
2014-04-14T02:00:00Z 2014-04-14T04:00:00Z 54.120000 44.770000 0.710000 0.000000 1017.100000 2.820000 110.000000 5 5 1
2014-04-13T23:00:00Z 2014-04-14T01:00:00Z 60.410000 45.860000 0.590000 0.000000 1017.100000 4.000000 102.000000 5 5 1
2014-04-13T17:00:00Z 2014-04-13T19:00:00Z 72.690000 39.470000 0.300000 0.000000 1014.500000 9.040000 181.000000 5 3 1
2014-04-13T14:00:00Z 2014-04-13T16:00:00Z 73.530000 34.680000 0.240000 0.000000 1016.040000 6.080000 174.000000 5 5 1
2014-04-01T11:00:00Z 2014-04-01T13:00:00Z 67.070000 36.950000 0.330000 0.030000 1014.110000 1.020000 111.000000 5 5 0
2014-03-31T11:00:00Z 2014-03-31T13:00:00Z 64.090000 40.230000 0.420000 0.190000 1016.940000 2.080000 72.000000 5 6 1
2014-03-31T08:00:00Z 2014-03-31T10:00:00Z 59.520000 38.190000 0.450000 0.190000 1016.620000 3.900000 145.000000 5 5 1
2014-03-28T23:00:00Z 2014-03-29T01:00:00Z 53.800000 45.980000 0.750000 0.000000 1011.500000 1.850000 128.000000 5 5 1
2014-03-28T08:00:00Z 2014-03-28T10:00:00Z 55.810000 48.200000 0.760000 0.210000 1008.710000 5.120000 17.000000 5 5 1
2014-03-28T05:00:00Z 2014-03-28T07:00:00Z 53.630000 45.850000 0.750000 0.000000 1007.790000 5.510000 312.000000 5 4 1
2014-03-26T05:00:00Z 2014-03-26T07:00:00Z 47.420000 39.350000 0.730000 0.000000 1010.370000 1.360000 87.000000 5 6 1
2014-03-26T02:00:00Z 2014-03-26T04:00:00Z 49.680000 38.670000 0.660000 0.000000 1010.030000 3.450000 92.000000 5 5 1
2014-03-25T23:00:00Z 2014-03-26T01:00:00Z 54.000000 39.850000 0.590000 0.000000 1009.700000 1.850000 92.000000 5 5 1
2014-03-25T20:00:00Z 2014-03-25T22:00:00Z 59.230000 39.500000 0.480000 0.030000 1009.310000 4.110000 165.000000 5 3 1
2014-03-25T17:00:00Z 2014-03-25T19:00:00Z 71.420000 35.100000 0.260000 0.050000 1007.420000 8.240000 192.000000 5 4 1
2014-03-25T14:00:00Z 2014-03-25T16:00:00Z 72.460000 33.240000 0.240000 0.070000 1008.710000 3.610000 207.000000 5 5 1
2014-03-25T08:00:00Z 2014-03-25T10:00:00Z 52.970000 30.940000 0.430000 0.090000 1012.560000 6.190000 336.000000 5 5 1
2014-03-24T14:00:00Z 2014-03-24T16:00:00Z 70.290000 30.270000 0.230000 0.080000 1011.600000 6.940000 207.000000 5 5 1
2014-03-24T08:00:00Z 2014-03-24T10:00:00Z 49.130000 33.050000 0.540000 0.100000 1016.560000 1.190000 116.000000 5 6 1
2014-03-24T05:00:00Z 2014-03-24T07:00:00Z 40.340000 30.240000 0.670000 0.000000 1016.350000 1.280000 103.000000 5 6 1
2014-03-24T02:00:00Z 2014-03-24T04:00:00Z 44.440000 29.780000 0.560000 0.000000 1017.860000 0.140000 332.000000 5 6 1
2014-03-23T23:00:00Z 2014-03-24T01:00:00Z 49.610000 32.740000 0.520000 0.000000 1019.300000 1.980000 133.000000 5 5 1
2014-03-23T17:00:00Z 2014-03-23T19:00:00Z 62.920000 26.870000 0.250000 0.080000 1019.410000 7.540000 153.000000 5 4 1
2014-03-22T23:00:00Z 2014-03-23T01:00:00Z 50.000000 13.740000 0.230000 0.000000 1024.100000 2.460000 95.000000 5 3 1
2014-03-17T08:00:00Z 2014-03-17T10:00:00Z 47.150000 26.030000 0.430000 0.160000 1011.210000 6.010000 330.000000 5 5 1
2014-03-16T23:00:00Z 2014-03-17T01:00:00Z 45.710000 24.960000 0.440000 0.000000 1012.200000 3.790000 160.000000 5 4 1
2014-03-15T23:00:00Z 2014-03-16T01:00:00Z 53.220000 21.920000 0.290000 0.000000 1013.300000 10.800000 130.000000 5 5 1
2014-03-11T14:00:00Z 2014-03-11T16:00:00Z 54.000000 23.030000 0.300000 0.190000 1015.580000 2.700000 4.000000 5 5 1
2014-03-11T08:00:00Z 2014-03-11T10:00:00Z 37.580000 23.350000 0.560000 0.190000 1017.900000 4.660000 331.000000 5 5 1
2014-03-11T05:00:00Z 2014-03-11T07:00:00Z 32.600000 24.590000 0.720000 0.000000 1017.050000 2.270000 350.000000 5 5 1
2014-03-11T02:00:00Z 2014-03-11T04:00:00Z 31.750000 23.720000 0.720000 0.000000 1018.550000 1.050000 93.000000 5 5 1
2014-03-10T23:00:00Z 2014-03-11T01:00:00Z 36.100000 24.330000 0.620000 0.000000 1019.900000 1.880000 46.000000 5 5 1
2014-03-08T17:00:00Z 2014-03-08T19:00:00Z 47.470000 15.280000 0.270000 0.000000 1019.900000 1.230000 255.000000 5 5 1
2014-03-04T02:00:00Z 2014-03-04T04:00:00Z 32.410000 19.230000 0.580000 0.000000 1024.370000 7.130000 342.000000 5 5 0
2014-03-03T23:00:00Z 2014-03-04T01:00:00Z 36.100000 17.910000 0.470000 0.000000 1022.300000 6.990000 1.000000 5 6 0
2014-03-03T17:00:00Z 2014-03-03T19:00:00Z 38.000000 21.690000 0.510000 0.190000 1020.060000 5.460000 9.000000 5 5 0
2014-03-03T11:00:00Z 2014-03-03T13:00:00Z 36.010000 22.610000 0.580000 0.230000 1022.480000 1.270000 101.000000 5 6 0
2014-02-24T08:00:00Z 2014-02-24T10:00:00Z 34.700000 24.480000 0.660000 0.230000 1029.280000 1.380000 199.000000 5 5 1
2014-02-24T05:00:00Z 2014-02-24T07:00:00Z 34.460000 24.620000 0.670000 0.000000 1028.190000 1.690000 23.000000 5 5 1
2014-02-24T02:00:00Z 2014-02-24T04:00:00Z 34.750000 24.830000 0.670000 0.000000 1029.180000 0.440000 35.000000 5 5 1
2014-02-23T23:00:00Z 2014-02-24T01:00:00Z 35.800000 23.900000 0.620000 0.000000 1030.200000 2.150000 35.000000 5 5 1
2014-02-23T20:00:00Z 2014-02-23T22:00:00Z 35.080000 24.790000 0.660000 0.230000 1029.980000 1.890000 56.000000 5 5 1
2014-02-23T17:00:00Z 2014-02-23T19:00:00Z 35.450000 25.070000 0.660000 0.230000 1029.420000 1.900000 115.000000 5 5 1
2014-02-23T14:00:00Z 2014-02-23T16:00:00Z 35.430000 23.700000 0.620000 0.230000 1030.040000 4.230000 125.000000 5 5 1
2014-02-23T11:00:00Z 2014-02-23T13:00:00Z 34.860000 23.810000 0.640000 0.230000 1032.200000 4.240000 97.000000 5 5 1
2014-02-23T08:00:00Z 2014-02-23T10:00:00Z 34.330000 23.770000 0.650000 0.230000 1032.340000 2.660000 36.000000 5 5 1
2014-02-23T05:00:00Z 2014-02-23T07:00:00Z 32.870000 23.410000 0.680000 0.000000 1031.480000 0.770000 104.000000 5 5 1
2014-02-23T02:00:00Z 2014-02-23T04:00:00Z 32.870000 24.280000 0.700000 0.000000 1031.970000 3.560000 146.000000 5 5 1
2014-02-22T23:00:00Z 2014-02-23T01:00:00Z 35.410000 25.470000 0.670000 0.000000 1031.800000 3.820000 155.000000 5 5 1
2014-02-22T08:00:00Z 2014-02-22T10:00:00Z 33.280000 23.450000 0.670000 0.170000 1030.590000 2.510000 6.000000 5 6 1
2014-02-22T05:00:00Z 2014-02-22T07:00:00Z 30.900000 21.340000 0.670000 0.000000 1029.630000 2.800000 333.000000 5 5 1
2014-02-20T14:00:00Z 2014-02-20T16:00:00Z 34.970000 19.080000 0.520000 0.030000 1030.350000 6.700000 171.000000 5 6 1
2014-02-20T11:00:00Z 2014-02-20T13:00:00Z 31.230000 18.520000 0.590000 0.030000 1032.330000 5.480000 87.000000 5 5 1
2014-02-16T23:00:00Z 2014-02-17T01:00:00Z 33.610000 19.010000 0.550000 0.000000 1033.500000 3.430000 149.000000 5 4 1
2014-02-16T17:00:00Z 2014-02-16T19:00:00Z 39.650000 14.490000 0.350000 0.110000 1029.800000 6.670000 184.000000 5 6 1
2014-02-16T14:00:00Z 2014-02-16T16:00:00Z 42.840000 9.500000 0.250000 0.160000 1029.560000 4.530000 123.000000 5 5 1
2014-02-14T14:00:00Z 2014-02-14T16:00:00Z 36.190000 16.430000 0.440000 0.120000 1024.610000 2.580000 58.000000 5 6 1
2014-02-14T11:00:00Z 2014-02-14T13:00:00Z 30.980000 18.260000 0.590000 0.190000 1028.040000 2.640000 132.000000 5 5 1
2014-02-14T05:00:00Z 2014-02-14T07:00:00Z 18.640000 12.870000 0.780000 0.000000 1028.270000 0.630000 29.000000 5 5 1
2014-02-14T02:00:00Z 2014-02-14T04:00:00Z 19.950000 14.800000 0.800000 0.000000 1029.680000 1.170000 112.000000 5 5 1
2014-02-13T23:00:00Z 2014-02-14T01:00:00Z 25.200000 14.840000 0.640000 0.000000 1031.200000 1.640000 52.000000 5 5 1
2014-02-13T20:00:00Z 2014-02-13T22:00:00Z 24.980000 15.090000 0.660000 0.210000 1032.130000 2.440000 53.000000 5 5 1
2014-02-13T17:00:00Z 2014-02-13T19:00:00Z 30.640000 16.290000 0.550000 0.190000 1032.020000 3.510000 164.000000 5 5 1
2014-02-13T14:00:00Z 2014-02-13T16:00:00Z 31.790000 14.540000 0.480000 0.160000 1033.810000 6.720000 185.000000 5 5 1
2014-02-13T11:00:00Z 2014-02-13T13:00:00Z 27.990000 12.500000 0.520000 0.100000 1037.400000 6.390000 143.000000 5 5 1
2014-02-13T08:00:00Z 2014-02-13T10:00:00Z 23.330000 9.080000 0.540000 0.070000 1037.850000 4.730000 134.000000 5 5 1
2014-02-13T02:00:00Z 2014-02-13T04:00:00Z 22.810000 12.260000 0.630000 0.000000 1036.830000 2.940000 119.000000 5 5 1
2014-02-12T20:00:00Z 2014-02-12T22:00:00Z 32.760000 8.370000 0.350000 0.070000 1034.720000 4.780000 204.000000 5 4 1
2014-02-12T02:00:00Z 2014-02-12T04:00:00Z 12.720000 4.770000 0.700000 0.000000 1030.330000 6.740000 353.000000 5 5 1
2014-02-11T23:00:00Z 2014-02-12T01:00:00Z 16.490000 7.510000 0.670000 0.000000 1029.200000 1.640000 43.000000 5 5 1
2014-02-11T20:00:00Z 2014-02-11T22:00:00Z 21.730000 7.540000 0.540000 0.000000 1028.110000 1.030000 131.000000 5 5 1
2014-02-06T05:00:00Z 2014-02-06T07:00:00Z 18.560000 7.870000 0.620000 0.000000 1029.450000 2.260000 357.000000 5 4 1
2014-02-01T08:00:00Z 2014-02-01T10:00:00Z 33.230000 20.830000 0.600000 0.970000 1018.280000 3.670000 347.000000 5 5 0
2014-01-31T05:00:00Z 2014-01-31T07:00:00Z 23.460000 16.990000 0.760000 0.000000 1019.930000 2.400000 351.000000 5 3 1
2014-01-30T02:00:00Z 2014-01-30T04:00:00Z 24.660000 12.310000 0.590000 0.000000 1015.680000 1.640000 335.000000 5 2 1
2014-01-29T23:00:00Z 2014-01-30T01:00:00Z 28.200000 17.150000 0.630000 0.000000 1014.100000 3.490000 84.000000 5 5 1
2014-01-29T20:00:00Z 2014-01-29T22:00:00Z 29.390000 16.730000 0.590000 0.000000 1013.070000 4.570000 334.000000 5 5 1
2014-01-29T17:00:00Z 2014-01-29T19:00:00Z 35.320000 17.090000 0.470000 0.080000 1011.440000 1.880000 316.000000 5 5 1
2014-01-29T14:00:00Z 2014-01-29T16:00:00Z 36.860000 15.950000 0.420000 0.060000 1011.600000 1.610000 96.000000 5 5 1
2014-01-24T11:00:00Z 2014-01-24T13:00:00Z 39.690000 6.220000 0.240000 0.210000 1019.130000 5.880000 346.000000 5 3 1
2014-01-24T08:00:00Z 2014-01-24T10:00:00Z 28.620000 11.620000 0.480000 0.210000 1017.290000 1.200000 250.000000 5 5 1
2014-01-24T05:00:00Z 2014-01-24T07:00:00Z 26.260000 10.430000 0.510000 0.000000 1015.250000 8.000000 348.000000 5 5 1
2014-01-23T17:00:00Z 2014-01-23T19:00:00Z 35.680000 8.700000 0.320000 0.110000 1013.860000 1.880000 66.000000 5 6 1
2014-01-23T14:00:00Z 2014-01-23T16:00:00Z 36.510000 7.600000 0.290000 0.150000 1014.400000 1.700000 146.000000 5 5 1
2014-01-23T11:00:00Z 2014-01-23T13:00:00Z 32.520000 5.220000 0.310000 0.150000 1018.090000 0.170000 15.000000 5 5 1
2014-01-22T23:00:00Z 2014-01-23T01:00:00Z 25.000000 6.950000 0.460000 0.000000 1022.200000 1.810000 96.000000 5 5 1
2014-01-22T20:00:00Z 2014-01-22T22:00:00Z 28.220000 5.830000 0.380000 0.080000 1022.410000 0.450000 141.000000 5 5 1
2014-01-19T17:00:00Z 2014-01-19T19:00:00Z 33.450000 14.630000 0.450000 0.120000 1021.940000 6.840000 275.000000 5 3 1
2014-01-19T14:00:00Z 2014-01-19T16:00:00Z 36.670000 16.270000 0.430000 0.140000 1020.920000 6.120000 236.000000 5 5 1
2014-01-18T14:00:00Z 2014-01-18T16:00:00Z 43.160000 0.780000 0.170000 0.000000 1032.760000 6.330000 192.000000 5 3 1
2014-01-17T02:00:00Z 2014-01-17T04:00:00Z 25.900000 19.870000 0.780000 0.000000 1031.540000 6.560000 149.000000 5 5 1
2014-01-13T23:00:00Z 2014-01-14T01:00:00Z 19.200000 3.470000 0.500000 0.000000 1032.600000 1.800000 20.000000 5 5 1
2014-01-13T20:00:00Z 2014-01-13T22:00:00Z 21.640000 4.120000 0.460000 0.000000 1031.610000 1.490000 50.000000 5 5 1
2014-01-11T20:00:00Z 2014-01-11T22:00:00Z 25.420000 13.550000 0.600000 0.070000 1030.810000 3.670000 341.000000 5 5 1
2014-01-11T17:00:00Z 2014-01-11T19:00:00Z 34.060000 2.310000 0.250000 0.070000 1028.630000 5.280000 233.000000 5 6 1
2014-01-06T20:00:00Z 2014-01-06T22:00:00Z 28.620000 21.310000 0.740000 0.670000 1025.460000 1.720000 88.000000 5 5 1
2014-01-05T05:00:00Z 2014-01-05T07:00:00Z 18.970000 13.460000 0.790000 0.000000 1023.300000 6.270000 352.000000 5 3 0
2014-01-05T02:00:00Z 2014-01-05T04:00:00Z 21.120000 15.470000 0.780000 0.000000 1022.480000 8.160000 355.000000 5 5 0
2014-01-04T23:00:00Z 2014-01-05T01:00:00Z 23.200000 16.460000 0.750000 0.000000 1021.500000 4.000000 0.000000 5 5 0
2014-01-04T20:00:00Z 2014-01-04T22:00:00Z 26.600000 19.630000 0.750000 0.020000 1021.430000 1.960000 13.000000 5 5 0
2014-01-04T17:00:00Z 2014-01-04T19:00:00Z 31.970000 18.350000 0.570000 0.060000 1020.240000 2.990000 47.000000 5 5 0
2014-01-04T14:00:00Z 2014-01-04T16:00:00Z 36.100000 17.900000 0.470000 0.080000 1020.410000 2.900000 110.000000 5 5 0
2014-01-02T23:00:00Z 2014-01-03T01:00:00Z 33.800000 18.660000 0.530000 0.000000 1018.100000 10.110000 350.000000 5 5 0
2014-01-02T20:00:00Z 2014-01-02T22:00:00Z 31.880000 17.780000 0.560000 0.030000 1017.530000 2.020000 304.000000 5 5 0
2013-12-25T11:00:00Z 2013-12-25T13:00:00Z 30.700000 13.860000 0.490000 0.050000 1028.360000 5.410000 320.000000 5 6 1
2013-12-25T08:00:00Z 2013-12-25T10:00:00Z 19.980000 13.400000 0.750000 0.110000 1029.350000 6.240000 347.000000 5 4 1
2013-12-24T23:00:00Z 2013-12-25T01:00:00Z 23.390000 14.740000 0.690000 0.000000 1031.500000 1.440000 355.000000 5 5 1
