2014-07-08T02:00:00Z 2014-07-08T04:00:00Z 75.990000 70.060000 0.820000 0.000000 999.800000 4.510000 196.000000 6 5 1
2014-07-07T23:00:00Z 2014-07-08T01:00:00Z 81.000000 69.850000 0.690000 0.000000 999.800000 6.960000 142.000000 6 6 1
2014-07-07T22:00:00Z 2014-07-08T00:00:00Z 81.250000 70.280000 0.690000 0.080000 999.920000 6.630000 143.000000 6 6 1
2014-07-06T08:00:00Z 2014-07-06T10:00:00Z 77.050000 72.100000 0.850000 0.150000 1005.820000 4.260000 135.000000 6 5 1
2014-07-03T08:00:00Z 2014-07-03T10:00:00Z 75.450000 70.490000 0.850000 0.210000 1002.070000 2.740000 86.000000 6 6 0
2014-05-22T11:00:00Z 2014-05-22T13:00:00Z 86.330000 61.620000 0.440000 0.020000 1006.800000 6.300000 169.000000 6 4 1
2014-05-22T08:00:00Z 2014-05-22T10:00:00Z 74.940000 62.330000 0.650000 0.020000 1007.160000 2.730000 71.000000 6 6 1
2014-04-14T14:00:00Z 2014-04-14T16:00:00Z 78.350000 46.930000 0.330000 0.050000 1014.650000 5.420000 170.000000 6 5 1
2014-03-31T14:00:00Z 2014-03-31T16:00:00Z 69.750000 39.010000 0.330000 0.220000 1014.590000 7.570000 150.000000 6 5 1
2014-03-27T08:00:00Z 2014-03-27T10:00:00Z 56.990000 44.520000 0.630000 0.150000 1013.560000 3.520000 88.000000 6 6 1
2014-03-27T05:00:00Z 2014-03-27T07:00:00Z 51.190000 43.710000 0.750000 0.000000 1011.760000 2.010000 101.000000 6 6 1
2014-03-27T02:00:00Z 2014-03-27T04:00:00Z 52.200000 43.870000 0.730000 0.000000 1011.140000 1.160000 63.000000 6 6 1
2014-03-26T23:00:00Z 2014-03-27T01:00:00Z 55.880000 46.550000 0.710000 0.000000 1011.000000 1.140000 44.000000 6 6 1
2014-03-26T20:00:00Z 2014-03-26T22:00:00Z 62.500000 43.760000 0.500000 0.000000 1009.800000 3.610000 156.000000 6 6 1
2014-03-26T17:00:00Z 2014-03-26T19:00:00Z 73.760000 42.100000 0.320000 0.020000 1007.560000 5.710000 219.000000 6 6 1
2014-03-26T11:00:00Z 2014-03-26T13:00:00Z 65.570000 43.550000 0.450000 0.060000 1012.000000 1.420000 175.000000 6 6 1
2014-03-26T08:00:00Z 2014-03-26T10:00:00Z 52.870000 43.020000 0.690000 0.000000 1012.420000 1.290000 103.000000 6 6 1
2014-03-25T05:00:00Z 2014-03-25T07:00:00Z 44.760000 31.980000 0.610000 0.000000 1011.390000 2.690000 343.000000 6 5 1
2014-03-25T02:00:00Z 2014-03-25T04:00:00Z 46.440000 34.700000 0.630000 0.000000 1011.720000 0.340000 75.000000 6 6 1
2014-03-24T23:00:00Z 2014-03-25T01:00:00Z 50.690000 36.500000 0.580000 0.000000 1011.400000 1.480000 48.000000 6 6 1
2014-03-24T11:00:00Z 2014-03-24T13:00:00Z 59.750000 33.880000 0.380000 0.060000 1014.990000 1.940000 346.000000 6 6 1
2014-03-11T11:00:00Z 2014-03-11T13:00:00Z 49.440000 22.450000 0.340000 0.150000 1017.390000 2.880000 2.000000 6 5 1
2014-03-03T14:00:00Z 2014-03-03T16:00:00Z 38.630000 21.150000 0.490000 0.210000 1020.040000 3.440000 45.000000 6 6 0
2014-02-26T11:00:00Z 2014-02-26T13:00:00Z 44.520000 32.180000 0.620000 0.140000 1022.830000 2.600000 134.000000 6 6 1
2014-02-26T08:00:00Z 2014-02-26T10:00:00Z 35.220000 28.580000 0.760000 0.190000 1023.850000 1.580000 143.000000 6 6 1
2014-02-25T08:00:00Z 2014-02-25T10:00:00Z 33.350000 26.990000 0.770000 0.230000 1027.870000 3.330000 354.000000 6 6 1
2014-02-25T05:00:00Z 2014-02-25T07:00:00Z 28.700000 23.930000 0.820000 0.000000 1027.110000 2.130000 341.000000 6 6 1
2014-02-25T02:00:00Z 2014-02-25T04:00:00Z 27.870000 22.600000 0.800000 0.000000 1027.640000 1.920000 55.000000 6 6 1
2014-02-24T23:00:00Z 2014-02-25T01:00:00Z 30.690000 23.940000 0.760000 0.000000 1027.400000 2.000000 91.000000 6 6 1
2014-02-22T02:00:00Z 2014-02-22T04:00:00Z 29.720000 21.020000 0.700000 0.000000 1029.440000 3.260000 338.000000 6 6 1
2014-02-21T23:00:00Z 2014-02-22T01:00:00Z 30.200000 21.700000 0.700000 0.000000 1029.000000 4.000000 340.000000 6 6 1
2014-02-16T20:00:00Z 2014-02-16T22:00:00Z 35.680000 18.480000 0.490000 0.160000 1031.330000 2.090000 203.000000 6 6 1
2014-02-16T11:00:00Z 2014-02-16T13:00:00Z 38.460000 11.460000 0.320000 0.200000 1031.230000 2.990000 70.000000 6 5 1
2014-02-16T08:00:00Z 2014-02-16T10:00:00Z 25.290000 17.040000 0.700000 0.120000 1029.880000 2.100000 350.000000 6 6 1
2014-02-16T05:00:00Z 2014-02-16T07:00:00Z 23.410000 17.780000 0.790000 0.000000 1027.770000 7.310000 351.000000 6 6 1
2014-02-16T02:00:00Z 2014-02-16T04:00:00Z 24.330000 17.640000 0.750000 0.000000 1026.580000 5.790000 332.000000 6 6 1
2014-02-15T23:00:00Z 2014-02-16T01:00:00Z 27.290000 19.700000 0.730000 0.000000 1025.600000 4.000000 20.000000 6 6 1
2014-02-15T20:00:00Z 2014-02-15T22:00:00Z 26.790000 17.310000 0.670000 0.210000 1025.060000 1.630000 54.000000 6 6 1
2014-02-15T19:00:00Z 2014-02-15T21:00:00Z 29.260000 17.850000 0.620000 0.110000 1025.060000 4.400000 102.000000 6 6 1
2014-02-15T17:00:00Z 2014-02-15T19:00:00Z 37.010000 19.160000 0.480000 0.170000 1023.840000 1.940000 154.000000 6 6 1
2014-02-15T14:00:00Z 2014-02-15T16:00:00Z 37.700000 19.050000 0.460000 0.140000 1023.890000 3.370000 68.000000 6 6 1
2014-02-15T11:00:00Z 2014-02-15T13:00:00Z 33.260000 18.010000 0.530000 0.100000 1025.930000 2.190000 34.000000 6 6 1
2014-02-15T08:00:00Z 2014-02-15T10:00:00Z 23.930000 16.040000 0.710000 0.120000 1025.900000 1.060000 21.000000 6 6 1
2014-02-15T05:00:00Z 2014-02-15T07:00:00Z 22.290000 17.070000 0.800000 0.000000 1024.480000 0.660000 318.000000 6 6 1
2014-02-15T02:00:00Z 2014-02-15T04:00:00Z 19.850000 14.250000 0.780000 0.000000 1024.500000 2.080000 10.000000 6 6 1
2014-02-14T23:00:00Z 2014-02-15T01:00:00Z 24.080000 16.300000 0.720000 0.000000 1025.000000 0.690000 220.000000 6 6 1
2014-02-14T20:00:00Z 2014-02-14T22:00:00Z 27.510000 17.870000 0.670000 0.120000 1024.510000 1.370000 65.000000 6 6 1
2014-02-14T17:00:00Z 2014-02-14T19:00:00Z 34.820000 16.210000 0.460000 0.120000 1023.840000 2.270000 190.000000 6 6 1
2014-01-31T02:00:00Z 2014-01-31T04:00:00Z 27.520000 18.400000 0.680000 0.000000 1020.710000 5.840000 119.000000 6 5 1
2014-01-24T02:00:00Z 2014-01-24T04:00:00Z 25.930000 11.580000 0.540000 0.000000 1015.630000 5.830000 340.000000 6 5 1
2014-01-23T23:00:00Z 2014-01-24T01:00:00Z 23.490000 10.980000 0.580000 0.000000 1015.800000 6.410000 8.000000 6 6 1
2014-01-23T20:00:00Z 2014-01-23T22:00:00Z 22.780000 7.620000 0.520000 0.020000 1015.980000 3.520000 17.000000 6 6 1
2014-01-23T05:00:00Z 2014-01-23T07:00:00Z 17.630000 3.430000 0.530000 0.000000 1019.460000 2.360000 340.000000 6 5 1
2014-01-23T02:00:00Z 2014-01-23T04:00:00Z 19.760000 4.960000 0.520000 0.000000 1020.590000 0.370000 196.000000 6 6 1
2014-01-17T23:00:00Z 2014-01-18T01:00:00Z 35.410000 -1.650000 0.200000 0.000000 1033.000000 6.680000 325.000000 6 5 1
2014-01-16T23:00:00Z 2014-01-17T01:00:00Z 29.710000 24.520000 0.810000 0.000000 1031.400000 4.640000 125.000000 6 6 1
2014-01-16T20:00:00Z 2014-01-16T22:00:00Z 29.290000 20.650000 0.700000 0.070000 1030.500000 2.260000 149.000000 6 6 1
2014-01-16T17:00:00Z 2014-01-16T19:00:00Z 34.910000 16.370000 0.460000 0.030000 1028.310000 1.320000 165.000000 6 6 1
2014-01-16T11:00:00Z 2014-01-16T13:00:00Z 33.690000 11.760000 0.400000 0.080000 1028.680000 5.920000 7.000000 6 6 1
2014-01-16T05:00:00Z 2014-01-16T07:00:00Z 25.040000 16.490000 0.690000 0.000000 1026.660000 1.950000 61.000000 6 6 1
2014-01-16T02:00:00Z 2014-01-16T04:00:00Z 25.640000 16.300000 0.670000 0.000000 1027.520000 2.770000 17.000000 6 6 1
2014-01-15T23:00:00Z 2014-01-16T01:00:00Z 26.800000 13.570000 0.570000 0.000000 1028.800000 3.710000 83.000000 6 6 1
2013-12-25T05:00:00Z 2013-12-25T07:00:00Z 18.910000 13.480000 0.790000 0.050000 1028.610000 0.960000 12.000000 6 5 1
2013-12-25T02:00:00Z 2013-12-25T04:00:00Z 19.270000 13.440000 0.780000 0.050000 1029.900000 2.490000 11.000000 6 6 1
