2014-10-06T10:00:00Z 2014-10-06T12:00:00Z 60.230000 38.500000 0.440000 0.000000 1026.430000 1.340000 279.000000 1 1 1
2014-10-05T19:00:00Z 2014-10-05T21:00:00Z 59.330000 42.400000 0.530000 0.000000 1026.760000 4.350000 6.000000 1 2 0
2014-10-05T10:00:00Z 2014-10-05T12:00:00Z 62.170000 41.390000 0.460000 0.000000 1025.480000 8.750000 345.000000 1 1 0
2014-10-05T09:00:00Z 2014-10-05T11:00:00Z 58.910000 41.480000 0.520000 0.000000 1025.650000 7.670000 348.000000 1 1 0
2014-09-30T15:00:00Z 2014-09-30T17:00:00Z 59.480000 33.280000 0.370000 0.110000 1023.200000 3.690000 195.000000 1 1 1
2014-09-30T14:00:00Z 2014-09-30T16:00:00Z 60.030000 34.240000 0.380000 0.430000 1024.090000 4.720000 186.000000 1 1 1
2014-09-30T13:00:00Z 2014-09-30T15:00:00Z 59.320000 33.340000 0.370000 0.070000 1024.620000 4.680000 186.000000 1 1 1
2014-09-30T12:00:00Z 2014-09-30T14:00:00Z 57.470000 32.560000 0.390000 0.010000 1025.790000 3.220000 190.000000 1 1 1
2014-09-30T11:00:00Z 2014-09-30T13:00:00Z 54.850000 33.920000 0.450000 0.390000 1027.310000 4.160000 175.000000 1 1 1
2014-09-30T09:00:00Z 2014-09-30T11:00:00Z 52.560000 34.830000 0.510000 0.250000 1028.390000 3.510000 198.000000 1 1 1
2014-09-30T07:00:00Z 2014-09-30T09:00:00Z 48.920000 33.940000 0.560000 0.380000 1029.260000 3.320000 186.000000 1 1 1
2014-09-30T05:00:00Z 2014-09-30T07:00:00Z 46.200000 33.720000 0.620000 0.300000 1029.260000 2.700000 187.000000 1 1 1
2014-09-30T02:00:00Z 2014-09-30T04:00:00Z 47.550000 36.240000 0.650000 0.010000 1029.260000 3.910000 166.000000 1 1 1
2014-09-30T00:00:00Z 2014-09-30T02:00:00Z 50.340000 37.930000 0.620000 0.020000 1028.770000 3.640000 153.000000 1 1 1
2014-09-29T22:00:00Z 2014-09-30T00:00:00Z 52.420000 37.890000 0.580000 0.020000 1027.710000 6.570000 143.000000 1 1 1
2014-09-29T21:00:00Z 2014-09-29T23:00:00Z 53.760000 39.460000 0.580000 0.010000 1026.990000 5.090000 132.000000 1 1 1
2014-09-29T20:00:00Z 2014-09-29T22:00:00Z 55.320000 39.600000 0.550000 0.380000 1025.920000 3.960000 105.000000 1 1 1
2014-09-29T19:00:00Z 2014-09-29T21:00:00Z 59.150000 41.330000 0.520000 0.010000 1025.260000 6.220000 119.000000 1 1 1
2014-09-29T18:00:00Z 2014-09-29T20:00:00Z 62.210000 41.020000 0.460000 0.010000 1024.230000 7.340000 111.000000 1 1 1
2014-09-29T17:00:00Z 2014-09-29T19:00:00Z 65.150000 41.090000 0.410000 0.160000 1022.560000 5.700000 65.000000 1 1 1
2014-09-29T16:00:00Z 2014-09-29T18:00:00Z 69.440000 41.840000 0.370000 0.010000 1022.460000 8.520000 58.000000 1 1 1
2014-09-29T15:00:00Z 2014-09-29T17:00:00Z 71.370000 42.140000 0.350000 0.010000 1021.730000 8.430000 70.000000 1 1 1
2014-09-29T14:00:00Z 2014-09-29T16:00:00Z 70.410000 41.930000 0.360000 0.510000 1020.760000 8.110000 35.000000 1 1 1
2014-09-29T13:00:00Z 2014-09-29T15:00:00Z 72.110000 44.030000 0.360000 0.010000 1020.660000 8.990000 43.000000 1 1 1
2014-09-27T19:00:00Z 2014-09-27T21:00:00Z 62.870000 51.260000 0.660000 0.720000 1016.700000 4.040000 166.000000 1 2 1
2014-09-27T17:00:00Z 2014-09-27T19:00:00Z 70.660000 50.030000 0.480000 0.710000 1015.820000 3.690000 166.000000 1 1 1
2014-09-27T11:00:00Z 2014-09-27T13:00:00Z 71.450000 48.150000 0.440000 0.160000 1018.210000 3.110000 40.000000 1 1 1
2014-09-27T10:00:00Z 2014-09-27T12:00:00Z 68.890000 49.240000 0.500000 0.000000 1018.570000 3.970000 30.000000 1 1 1
2014-09-27T09:00:00Z 2014-09-27T11:00:00Z 65.420000 48.890000 0.550000 0.000000 1018.660000 5.130000 24.000000 1 1 1
2014-09-27T08:00:00Z 2014-09-27T10:00:00Z 61.410000 49.420000 0.650000 0.640000 1018.430000 4.530000 9.000000 1 1 1
2014-09-27T06:00:00Z 2014-09-27T08:00:00Z 55.350000 48.020000 0.760000 0.250000 1017.830000 4.770000 351.000000 1 1 1
2014-09-27T04:00:00Z 2014-09-27T06:00:00Z 54.870000 48.570000 0.790000 0.310000 1016.900000 6.650000 351.000000 1 1 1
2014-09-27T02:00:00Z 2014-09-27T04:00:00Z 57.220000 50.630000 0.790000 0.420000 1015.290000 4.820000 347.000000 1 1 1
2014-09-24T18:00:00Z 2014-09-24T20:00:00Z 68.700000 59.940000 0.740000 0.010000 1016.020000 6.460000 176.000000 1 2 1
2014-09-24T17:00:00Z 2014-09-24T19:00:00Z 71.000000 58.840000 0.650000 0.350000 1015.390000 5.230000 167.000000 1 2 1
2014-09-24T16:00:00Z 2014-09-24T18:00:00Z 74.000000 58.580000 0.590000 0.010000 1015.630000 5.310000 148.000000 1 1 1
2014-09-24T15:00:00Z 2014-09-24T17:00:00Z 74.900000 58.660000 0.570000 0.020000 1015.650000 4.460000 149.000000 1 1 1
2014-09-24T14:00:00Z 2014-09-24T16:00:00Z 74.420000 57.940000 0.570000 0.190000 1015.590000 1.810000 126.000000 1 1 1
2014-09-24T13:00:00Z 2014-09-24T15:00:00Z 74.820000 59.010000 0.580000 0.050000 1016.190000 2.330000 103.000000 1 1 1
2014-09-24T12:00:00Z 2014-09-24T14:00:00Z 73.340000 59.990000 0.630000 0.060000 1016.790000 2.130000 81.000000 1 1 1
2014-09-24T11:00:00Z 2014-09-24T13:00:00Z 69.970000 59.260000 0.690000 0.380000 1017.270000 3.140000 16.000000 1 1 1
2014-09-24T10:00:00Z 2014-09-24T12:00:00Z 68.560000 59.950000 0.740000 0.070000 1017.530000 3.380000 24.000000 1 1 1
2014-09-24T09:00:00Z 2014-09-24T11:00:00Z 66.550000 60.190000 0.800000 0.070000 1017.650000 3.220000 43.000000 1 1 1
2014-09-24T08:00:00Z 2014-09-24T10:00:00Z 62.370000 58.640000 0.880000 0.770000 1017.700000 3.400000 28.000000 1 1 1
2014-09-24T07:00:00Z 2014-09-24T09:00:00Z 61.490000 59.090000 0.920000 1.000000 1017.650000 3.040000 12.000000 1 1 1
2014-09-24T06:00:00Z 2014-09-24T08:00:00Z 60.680000 58.710000 0.930000 1.000000 1017.550000 3.000000 12.000000 1 1 1
2014-09-24T05:00:00Z 2014-09-24T07:00:00Z 59.880000 58.280000 0.940000 1.000000 1017.140000 2.780000 13.000000 1 1 1
2014-09-24T04:00:00Z 2014-09-24T06:00:00Z 59.460000 58.590000 0.970000 1.000000 1017.180000 2.240000 58.000000 1 1 1
2014-09-24T03:00:00Z 2014-09-24T05:00:00Z 59.880000 58.430000 0.950000 0.990000 1016.980000 3.170000 59.000000 1 1 1
2014-09-24T02:00:00Z 2014-09-24T04:00:00Z 59.920000 58.650000 0.960000 0.990000 1016.770000 2.170000 82.000000 1 1 1
2014-09-24T01:00:00Z 2014-09-24T03:00:00Z 60.360000 59.070000 0.960000 0.990000 1016.860000 3.040000 77.000000 1 1 1
2014-09-24T00:00:00Z 2014-09-24T02:00:00Z 60.690000 59.380000 0.950000 1.000000 1016.860000 2.810000 84.000000 1 1 1
2014-09-23T23:00:00Z 2014-09-24T01:00:00Z 60.980000 59.710000 0.960000 1.000000 1016.760000 2.270000 144.000000 1 1 1
2014-09-23T22:00:00Z 2014-09-24T00:00:00Z 61.460000 60.170000 0.960000 1.000000 1016.870000 5.040000 127.000000 1 1 1
2014-09-23T20:00:00Z 2014-09-23T22:00:00Z 62.050000 61.100000 0.970000 0.960000 1016.680000 3.550000 123.000000 1 1 1
2014-09-23T18:00:00Z 2014-09-23T20:00:00Z 63.220000 61.720000 0.950000 0.500000 1016.780000 3.120000 77.000000 1 1 1
2014-09-23T17:00:00Z 2014-09-23T19:00:00Z 63.090000 61.240000 0.940000 0.960000 1016.660000 2.380000 54.000000 1 1 1
2014-09-23T16:00:00Z 2014-09-23T18:00:00Z 63.610000 61.630000 0.930000 1.000000 1017.100000 4.780000 37.000000 1 1 1
2014-09-23T15:00:00Z 2014-09-23T17:00:00Z 63.860000 61.610000 0.920000 1.000000 1017.430000 4.290000 54.000000 1 1 1
2014-09-17T08:00:00Z 2014-09-17T10:00:00Z 61.660000 49.970000 0.650000 0.770000 1021.630000 3.850000 227.000000 1 1 1
2014-09-16T11:00:00Z 2014-09-16T13:00:00Z 68.000000 46.160000 0.460000 0.710000 1018.830000 1.540000 109.000000 1 1 1
2014-09-16T08:00:00Z 2014-09-16T10:00:00Z 63.230000 45.650000 0.530000 0.670000 1019.330000 4.430000 356.000000 1 1 1
2014-09-16T02:00:00Z 2014-09-16T04:00:00Z 54.260000 47.780000 0.790000 0.000000 1017.830000 1.810000 58.000000 1 2 1
2014-09-15T17:00:00Z 2014-09-15T19:00:00Z 78.790000 34.230000 0.200000 0.310000 1016.480000 5.550000 215.000000 1 1 1
2014-09-15T14:00:00Z 2014-09-15T16:00:00Z 81.250000 31.560000 0.170000 0.360000 1017.600000 6.080000 214.000000 1 1 1
2014-09-15T08:00:00Z 2014-09-15T10:00:00Z 64.440000 46.090000 0.510000 0.320000 1020.550000 6.350000 348.000000 1 1 1
2014-09-15T05:00:00Z 2014-09-15T07:00:00Z 51.540000 45.900000 0.810000 0.000000 1020.040000 5.320000 350.000000 1 1 1
2014-09-14T20:00:00Z 2014-09-14T22:00:00Z 67.330000 47.730000 0.490000 0.690000 1019.170000 5.050000 56.000000 1 2 1
2014-09-14T17:00:00Z 2014-09-14T19:00:00Z 70.240000 49.130000 0.470000 0.730000 1018.060000 1.170000 20.000000 1 1 1
2014-09-08T20:00:00Z 2014-09-08T22:00:00Z 69.620000 51.400000 0.520000 0.720000 1009.220000 1.960000 207.000000 1 1 1
2014-09-08T14:00:00Z 2014-09-08T16:00:00Z 82.630000 40.900000 0.230000 0.350000 1009.300000 1.930000 57.000000 1 1 1
2014-09-08T02:00:00Z 2014-09-08T04:00:00Z 63.270000 52.780000 0.690000 0.000000 1010.030000 5.840000 348.000000 1 1 1
2014-09-04T17:00:00Z 2014-09-04T19:00:00Z 89.110000 57.600000 0.350000 0.310000 1003.650000 7.420000 218.000000 1 1 0
2014-09-03T08:00:00Z 2014-09-03T10:00:00Z 69.350000 59.250000 0.700000 0.280000 1012.330000 6.550000 2.000000 1 1 0
2014-09-02T20:00:00Z 2014-09-02T22:00:00Z 68.340000 61.370000 0.780000 0.770000 1011.880000 7.840000 28.000000 1 1 0
2014-09-02T17:00:00Z 2014-09-02T19:00:00Z 67.280000 63.550000 0.880000 0.970000 1010.800000 5.550000 18.000000 1 1 0
2014-09-02T14:00:00Z 2014-09-02T16:00:00Z 70.190000 66.150000 0.870000 1.000000 1010.030000 4.130000 33.000000 1 1 0
2014-09-02T08:00:00Z 2014-09-02T10:00:00Z 67.100000 66.450000 0.980000 1.000000 1010.070000 2.460000 26.000000 1 1 0
2014-09-02T05:00:00Z 2014-09-02T07:00:00Z 65.650000 65.270000 0.990000 0.000000 1009.510000 3.660000 19.000000 1 1 0
2014-08-27T08:00:00Z 2014-08-27T10:00:00Z 76.290000 54.790000 0.470000 0.290000 1013.960000 2.980000 3.000000 1 1 1
2014-08-26T23:00:00Z 2014-08-27T01:00:00Z 72.100000 55.800000 0.570000 0.000000 1012.800000 1.640000 102.000000 1 2 1
2014-08-26T20:00:00Z 2014-08-26T22:00:00Z 83.420000 47.840000 0.290000 0.650000 1012.570000 5.360000 200.000000 1 2 1
2014-08-26T17:00:00Z 2014-08-26T19:00:00Z 91.740000 41.000000 0.170000 0.700000 1011.520000 2.850000 201.000000 1 1 1
2014-08-26T11:00:00Z 2014-08-26T13:00:00Z 87.700000 49.740000 0.270000 0.390000 1014.090000 2.830000 298.000000 1 1 1
2014-08-25T17:00:00Z 2014-08-25T19:00:00Z 86.790000 47.310000 0.260000 0.310000 1009.590000 1.760000 109.000000 1 1 1
2014-08-25T14:00:00Z 2014-08-25T16:00:00Z 88.140000 46.560000 0.240000 0.310000 1010.040000 3.250000 334.000000 1 1 1
2014-08-25T05:00:00Z 2014-08-25T07:00:00Z 63.090000 59.250000 0.870000 0.000000 1011.230000 5.430000 350.000000 1 1 1
2014-08-25T02:00:00Z 2014-08-25T04:00:00Z 68.510000 61.370000 0.780000 0.000000 1010.570000 2.700000 24.000000 1 1 1
2014-08-24T20:00:00Z 2014-08-24T22:00:00Z 77.830000 63.870000 0.620000 0.360000 1008.130000 4.610000 115.000000 1 2 1
2014-08-24T17:00:00Z 2014-08-24T19:00:00Z 84.520000 57.220000 0.400000 0.340000 1006.000000 1.850000 103.000000 1 1 1
2014-08-24T14:00:00Z 2014-08-24T16:00:00Z 86.040000 55.770000 0.360000 0.350000 1006.330000 2.910000 330.000000 1 1 1
2014-08-24T11:00:00Z 2014-08-24T13:00:00Z 84.760000 56.610000 0.380000 0.630000 1007.390000 5.150000 343.000000 1 1 1
2014-08-24T05:00:00Z 2014-08-24T07:00:00Z 70.440000 65.290000 0.840000 0.000000 1007.210000 1.340000 276.000000 1 1 1
2014-08-22T08:00:00Z 2014-08-22T10:00:00Z 76.200000 65.560000 0.700000 0.690000 1008.600000 0.950000 59.000000 1 1 1
2014-08-22T05:00:00Z 2014-08-22T07:00:00Z 66.670000 63.450000 0.890000 0.000000 1007.640000 3.010000 340.000000 1 1 1
2014-08-22T02:00:00Z 2014-08-22T04:00:00Z 72.270000 63.970000 0.750000 0.000000 1007.740000 3.050000 7.000000 1 1 1
2014-08-21T23:00:00Z 2014-08-22T01:00:00Z 77.390000 63.470000 0.620000 0.000000 1008.900000 7.730000 291.000000 1 1 1
2014-08-17T17:00:00Z 2014-08-17T19:00:00Z 83.700000 61.620000 0.480000 0.710000 1009.640000 3.790000 175.000000 1 1 1
2014-08-17T05:00:00Z 2014-08-17T07:00:00Z 70.450000 61.980000 0.750000 0.000000 1009.730000 2.180000 103.000000 1 2 1
2014-08-15T20:00:00Z 2014-08-15T22:00:00Z 73.750000 64.170000 0.720000 0.680000 1006.140000 2.980000 215.000000 1 2 1
2014-08-15T14:00:00Z 2014-08-15T16:00:00Z 88.910000 54.650000 0.310000 0.670000 1006.000000 2.890000 230.000000 1 1 1
2014-08-15T05:00:00Z 2014-08-15T07:00:00Z 63.720000 61.740000 0.930000 0.000000 1007.120000 0.730000 15.000000 1 3 1
2014-08-15T02:00:00Z 2014-08-15T04:00:00Z 65.760000 62.470000 0.890000 0.000000 1006.440000 2.600000 42.000000 1 1 1
2014-08-14T17:00:00Z 2014-08-14T19:00:00Z 83.200000 60.240000 0.460000 0.720000 1005.560000 8.000000 213.000000 1 1 1
2014-08-14T02:00:00Z 2014-08-14T04:00:00Z 63.070000 60.380000 0.910000 0.000000 1009.340000 2.460000 0.000000 1 1 1
2014-08-13T20:00:00Z 2014-08-13T22:00:00Z 67.510000 62.770000 0.850000 0.630000 1008.470000 1.500000 54.000000 1 1 1
2014-08-13T17:00:00Z 2014-08-13T19:00:00Z 71.730000 62.890000 0.740000 0.750000 1008.090000 3.720000 20.000000 1 1 1
2014-08-13T08:00:00Z 2014-08-13T10:00:00Z 67.340000 63.440000 0.870000 1.000000 1008.420000 5.210000 67.000000 1 2 1
2014-08-13T05:00:00Z 2014-08-13T07:00:00Z 67.280000 63.400000 0.870000 0.000000 1008.060000 2.400000 68.000000 1 1 1
2014-08-12T20:00:00Z 2014-08-12T22:00:00Z 77.840000 63.350000 0.610000 0.810000 1006.140000 1.370000 118.000000 1 2 1
2014-08-12T17:00:00Z 2014-08-12T19:00:00Z 85.730000 56.540000 0.370000 0.960000 1004.670000 4.350000 152.000000 1 1 1
2014-08-12T08:00:00Z 2014-08-12T10:00:00Z 79.540000 53.830000 0.410000 0.330000 1006.860000 5.520000 15.000000 1 1 1
2014-08-11T20:00:00Z 2014-08-11T22:00:00Z 81.200000 54.450000 0.400000 0.700000 1003.820000 1.700000 224.000000 1 1 1
2014-08-11T17:00:00Z 2014-08-11T19:00:00Z 91.270000 50.260000 0.250000 0.720000 1002.470000 1.200000 256.000000 1 1 1
2014-08-11T08:00:00Z 2014-08-11T10:00:00Z 79.840000 59.950000 0.510000 0.690000 1005.760000 8.600000 8.000000 1 1 1
2014-08-11T05:00:00Z 2014-08-11T07:00:00Z 67.710000 62.090000 0.820000 0.000000 1004.990000 3.370000 356.000000 1 1 1
2014-08-10T14:00:00Z 2014-08-10T16:00:00Z 89.870000 60.340000 0.370000 0.670000 1002.070000 4.070000 248.000000 1 1 1
2014-08-10T08:00:00Z 2014-08-10T10:00:00Z 74.030000 65.020000 0.740000 0.000000 1004.910000 0.880000 54.000000 1 2 1
2014-08-10T02:00:00Z 2014-08-10T04:00:00Z 69.460000 63.370000 0.810000 0.000000 1004.680000 4.270000 301.000000 1 1 1
2014-08-09T23:00:00Z 2014-08-10T01:00:00Z 70.880000 66.390000 0.860000 0.000000 1005.900000 6.170000 319.000000 1 1 1
2014-08-06T20:00:00Z 2014-08-06T22:00:00Z 79.770000 63.850000 0.580000 0.680000 1007.740000 5.030000 147.000000 1 2 1
2014-08-06T17:00:00Z 2014-08-06T19:00:00Z 88.190000 53.250000 0.300000 0.680000 1006.590000 3.810000 144.000000 1 1 1
2014-08-06T15:00:00Z 2014-08-06T17:00:00Z 90.430000 51.650000 0.270000 0.340000 1006.100000 9.130000 102.000000 1 1 1
2014-08-06T12:00:00Z 2014-08-06T14:00:00Z 86.990000 56.730000 0.360000 0.810000 1006.720000 5.950000 48.000000 1 1 1
2014-08-06T10:00:00Z 2014-08-06T12:00:00Z 82.760000 62.480000 0.510000 0.780000 1007.350000 5.410000 20.000000 1 1 1
2014-08-05T20:00:00Z 2014-08-05T22:00:00Z 79.890000 66.800000 0.640000 0.750000 1006.530000 1.810000 238.000000 1 2 0
2014-08-05T11:00:00Z 2014-08-05T13:00:00Z 81.850000 64.080000 0.550000 0.740000 1007.780000 1.720000 344.000000 1 2 0
2014-08-05T08:00:00Z 2014-08-05T10:00:00Z 71.270000 65.390000 0.820000 0.690000 1008.360000 5.670000 346.000000 1 1 0
2014-08-05T05:00:00Z 2014-08-05T07:00:00Z 65.330000 62.630000 0.910000 0.000000 1007.160000 3.220000 353.000000 1 1 0
2014-08-04T20:00:00Z 2014-08-04T22:00:00Z 71.040000 64.160000 0.790000 0.730000 1006.730000 3.820000 20.000000 1 1 0
2014-08-04T17:00:00Z 2014-08-04T19:00:00Z 71.210000 63.980000 0.780000 0.740000 1005.750000 7.340000 16.000000 1 1 0
2014-08-04T14:00:00Z 2014-08-04T16:00:00Z 69.480000 65.440000 0.870000 0.970000 1005.650000 10.050000 16.000000 1 1 0
2014-08-04T11:00:00Z 2014-08-04T13:00:00Z 71.800000 66.780000 0.840000 0.810000 1004.890000 14.110000 19.000000 1 1 0
2014-07-23T17:00:00Z 2014-07-23T19:00:00Z 87.890000 58.890000 0.380000 0.750000 1002.220000 6.790000 209.000000 1 2 1
2014-07-23T14:00:00Z 2014-07-23T16:00:00Z 87.540000 58.410000 0.380000 0.750000 1003.420000 6.690000 226.000000 1 1 1
2014-07-23T11:00:00Z 2014-07-23T13:00:00Z 83.930000 61.460000 0.470000 0.770000 1004.930000 6.050000 239.000000 1 1 1
2014-07-23T08:00:00Z 2014-07-23T10:00:00Z 77.400000 63.510000 0.620000 0.770000 1005.490000 4.710000 273.000000 1 1 1
2014-07-22T17:00:00Z 2014-07-22T19:00:00Z 81.890000 61.540000 0.500000 1.000000 1006.210000 8.720000 325.000000 1 1 1
2014-07-22T14:00:00Z 2014-07-22T16:00:00Z 81.750000 63.210000 0.540000 0.260000 1007.110000 8.830000 297.000000 1 1 1
2014-07-22T11:00:00Z 2014-07-22T13:00:00Z 81.850000 63.070000 0.530000 0.970000 1007.710000 3.180000 354.000000 1 1 1
2014-07-22T08:00:00Z 2014-07-22T10:00:00Z 79.700000 63.300000 0.570000 0.970000 1007.280000 1.860000 320.000000 1 1 1
2014-07-22T02:00:00Z 2014-07-22T04:00:00Z 79.520000 62.250000 0.560000 0.000000 1004.870000 3.000000 11.000000 1 1 1
2014-07-21T20:00:00Z 2014-07-21T22:00:00Z 85.950000 61.620000 0.440000 0.390000 1003.600000 5.260000 33.000000 1 1 1
2014-07-21T17:00:00Z 2014-07-21T19:00:00Z 91.750000 62.850000 0.380000 0.690000 1002.250000 3.580000 342.000000 1 1 1
2014-07-21T14:00:00Z 2014-07-21T16:00:00Z 92.010000 63.850000 0.400000 0.710000 1001.900000 9.070000 349.000000 1 1 1
2014-07-21T11:00:00Z 2014-07-21T13:00:00Z 88.030000 68.110000 0.520000 0.690000 1002.460000 8.310000 338.000000 1 1 1
2014-07-21T08:00:00Z 2014-07-21T10:00:00Z 78.930000 70.470000 0.750000 0.710000 1002.290000 7.420000 335.000000 1 1 1
2014-07-14T17:00:00Z 2014-07-14T19:00:00Z 93.450000 60.260000 0.330000 0.750000 1001.090000 5.930000 188.000000 1 1 1
2014-07-14T11:00:00Z 2014-07-14T13:00:00Z 92.490000 57.700000 0.310000 0.350000 1002.830000 3.540000 178.000000 1 1 1
2014-07-13T14:00:00Z 2014-07-13T16:00:00Z 95.260000 55.310000 0.260000 0.310000 1001.080000 3.490000 40.000000 1 1 1
2014-07-13T04:00:00Z 2014-07-13T06:00:00Z 72.470000 56.050000 0.560000 0.290000 1002.980000 1.230000 54.000000 1 1 1
2014-07-13T01:00:00Z 2014-07-13T03:00:00Z 77.370000 56.140000 0.480000 0.290000 1002.430000 1.610000 145.000000 1 1 1
2014-07-13T00:00:00Z 2014-07-13T02:00:00Z 79.430000 55.960000 0.450000 0.290000 1002.240000 2.130000 155.000000 1 2 1
2014-07-12T23:00:00Z 2014-07-13T01:00:00Z 81.450000 55.610000 0.410000 0.290000 1002.060000 2.660000 161.000000 1 1 1
2014-07-12T22:00:00Z 2014-07-13T00:00:00Z 83.270000 55.140000 0.380000 0.290000 1001.870000 3.140000 165.000000 1 1 1
2014-07-12T21:00:00Z 2014-07-12T23:00:00Z 84.740000 54.630000 0.360000 0.290000 1001.690000 3.560000 166.000000 1 1 1
2014-07-12T20:00:00Z 2014-07-12T22:00:00Z 85.710000 54.230000 0.340000 0.290000 1001.500000 3.880000 167.000000 1 1 1
2014-07-12T17:00:00Z 2014-07-12T19:00:00Z 91.150000 53.310000 0.280000 0.390000 1000.480000 4.990000 152.000000 1 1 1
2014-07-12T11:00:00Z 2014-07-12T13:00:00Z 88.440000 54.490000 0.320000 0.280000 1003.740000 6.660000 34.000000 1 1 1
2014-07-12T08:00:00Z 2014-07-12T10:00:00Z 79.560000 55.930000 0.440000 0.610000 1004.150000 7.890000 34.000000 1 1 1
2014-07-12T05:00:00Z 2014-07-12T07:00:00Z 73.600000 55.660000 0.540000 0.000000 1002.850000 4.910000 32.000000 1 1 1
2014-07-12T02:00:00Z 2014-07-12T04:00:00Z 77.190000 56.330000 0.490000 0.000000 1001.860000 5.570000 30.000000 1 1 1
2014-07-11T20:00:00Z 2014-07-11T22:00:00Z 81.110000 60.910000 0.500000 0.630000 999.870000 1.470000 55.000000 1 1 1
2014-07-11T17:00:00Z 2014-07-11T19:00:00Z 90.670000 54.060000 0.290000 0.680000 999.080000 1.280000 166.000000 1 1 1
2014-07-11T14:00:00Z 2014-07-11T16:00:00Z 93.710000 53.920000 0.260000 0.640000 999.340000 7.830000 8.000000 1 1 1
2014-07-10T20:00:00Z 2014-07-10T22:00:00Z 87.840000 58.200000 0.370000 0.310000 998.440000 8.930000 211.000000 1 2 1
2014-07-10T17:00:00Z 2014-07-10T19:00:00Z 95.410000 54.950000 0.260000 0.310000 997.870000 8.580000 204.000000 1 1 1
2014-07-10T11:00:00Z 2014-07-10T13:00:00Z 94.150000 55.080000 0.270000 0.310000 1000.830000 3.600000 303.000000 1 1 1
2014-07-09T17:00:00Z 2014-07-09T19:00:00Z 85.430000 54.300000 0.350000 0.940000 1003.060000 1.100000 185.000000 1 1 1
2014-07-09T08:00:00Z 2014-07-09T10:00:00Z 78.020000 58.720000 0.520000 0.750000 1006.110000 5.590000 5.000000 1 1 1
2014-07-09T05:00:00Z 2014-07-09T07:00:00Z 71.680000 61.910000 0.710000 0.000000 1005.200000 4.100000 341.000000 1 1 1
2014-07-08T17:00:00Z 2014-07-08T19:00:00Z 87.290000 60.940000 0.410000 0.710000 1001.850000 5.220000 344.000000 1 1 1
2014-07-02T02:00:00Z 2014-07-02T04:00:00Z 69.690000 67.410000 0.920000 0.000000 1004.020000 1.890000 59.000000 1 2 0
2014-06-29T05:00:00Z 2014-06-29T07:00:00Z 70.930000 60.560000 0.700000 0.000000 1006.080000 3.100000 358.000000 1 2 1
2014-06-28T08:00:00Z 2014-06-28T10:00:00Z 81.600000 54.330000 0.390000 0.160000 1006.920000 7.070000 2.000000 1 1 1
2014-06-28T05:00:00Z 2014-06-28T07:00:00Z 67.370000 55.850000 0.670000 0.000000 1006.860000 4.830000 343.000000 1 1 1
2014-06-27T23:00:00Z 2014-06-28T01:00:00Z 75.590000 55.300000 0.490000 0.000000 1006.400000 6.330000 336.000000 1 1 1
2014-06-27T17:00:00Z 2014-06-27T19:00:00Z 89.820000 49.530000 0.250000 0.700000 1005.280000 3.510000 59.000000 1 1 1
2014-06-27T14:00:00Z 2014-06-27T16:00:00Z 91.240000 49.260000 0.240000 0.310000 1006.190000 7.080000 355.000000 1 1 1
2014-06-27T05:00:00Z 2014-06-27T07:00:00Z 68.600000 60.740000 0.760000 0.000000 1006.560000 1.590000 315.000000 1 1 1
2014-06-23T23:00:00Z 2014-06-24T01:00:00Z 73.390000 62.890000 0.700000 0.000000 1005.900000 1.780000 123.000000 1 2 1
2014-06-23T20:00:00Z 2014-06-23T22:00:00Z 79.980000 57.510000 0.460000 0.700000 1005.560000 3.580000 152.000000 1 1 1
2014-06-23T11:00:00Z 2014-06-23T13:00:00Z 82.510000 58.970000 0.450000 0.310000 1008.900000 2.880000 221.000000 1 1 1
2014-06-23T05:00:00Z 2014-06-23T07:00:00Z 62.880000 60.090000 0.910000 0.000000 1009.590000 3.180000 359.000000 1 1 1
2014-06-23T02:00:00Z 2014-06-23T04:00:00Z 63.370000 60.400000 0.900000 0.000000 1009.080000 3.190000 357.000000 1 1 1
2014-06-22T20:00:00Z 2014-06-22T22:00:00Z 70.900000 60.350000 0.690000 0.720000 1009.220000 1.980000 36.000000 1 1 1
2014-06-22T05:00:00Z 2014-06-22T07:00:00Z 64.570000 61.790000 0.910000 0.000000 1009.600000 3.300000 356.000000 1 1 1
2014-06-22T02:00:00Z 2014-06-22T04:00:00Z 63.670000 60.690000 0.900000 0.000000 1009.140000 1.460000 5.000000 1 1 1
2014-06-21T23:00:00Z 2014-06-22T01:00:00Z 66.390000 63.080000 0.890000 0.000000 1008.800000 3.240000 18.000000 1 1 1
2014-06-21T20:00:00Z 2014-06-21T22:00:00Z 65.990000 60.600000 0.830000 0.880000 1008.570000 3.960000 8.000000 1 1 1
2014-06-20T17:00:00Z 2014-06-20T19:00:00Z 79.210000 61.980000 0.560000 0.650000 1005.390000 3.970000 162.000000 1 1 1
2014-06-20T14:00:00Z 2014-06-20T16:00:00Z 79.800000 61.270000 0.530000 0.740000 1005.820000 3.530000 124.000000 1 1 1
2014-06-20T11:00:00Z 2014-06-20T13:00:00Z 75.670000 62.190000 0.630000 0.650000 1007.540000 3.750000 42.000000 1 1 1
2014-06-18T08:00:00Z 2014-06-18T10:00:00Z 72.040000 63.090000 0.730000 0.650000 1004.490000 6.780000 346.000000 1 1 1
2014-06-17T05:00:00Z 2014-06-17T07:00:00Z 66.820000 64.020000 0.910000 0.000000 1002.730000 2.100000 112.000000 1 1 1
2014-06-14T11:00:00Z 2014-06-14T13:00:00Z 83.640000 61.150000 0.470000 0.710000 1007.300000 1.400000 359.000000 1 2 1
2014-06-14T05:00:00Z 2014-06-14T07:00:00Z 63.920000 62.370000 0.950000 0.000000 1007.960000 5.690000 1.000000 1 1 1
2014-06-14T02:00:00Z 2014-06-14T04:00:00Z 66.020000 62.270000 0.880000 0.000000 1007.610000 1.560000 42.000000 1 1 1
2014-06-13T11:00:00Z 2014-06-13T13:00:00Z 86.380000 60.770000 0.420000 0.680000 1007.900000 5.150000 159.000000 1 1 1
2014-06-12T17:00:00Z 2014-06-12T19:00:00Z 89.490000 54.690000 0.310000 0.720000 1003.010000 7.330000 123.000000 1 1 1
2014-06-12T14:00:00Z 2014-06-12T16:00:00Z 93.050000 53.220000 0.260000 0.360000 1004.370000 4.640000 50.000000 1 1 1
2014-06-11T17:00:00Z 2014-06-11T19:00:00Z 84.350000 53.410000 0.350000 0.310000 1007.200000 1.380000 3.000000 1 1 1
2014-06-11T08:00:00Z 2014-06-11T10:00:00Z 70.860000 59.170000 0.670000 0.350000 1012.150000 7.080000 39.000000 1 1 1
2014-06-09T20:00:00Z 2014-06-09T22:00:00Z 71.310000 54.990000 0.560000 0.670000 1005.630000 5.120000 57.000000 1 1 1
2014-06-09T17:00:00Z 2014-06-09T19:00:00Z 78.520000 54.280000 0.430000 0.710000 1003.560000 4.900000 261.000000 1 1 1
2014-06-08T08:00:00Z 2014-06-08T10:00:00Z 70.800000 54.580000 0.570000 0.650000 1002.660000 2.270000 17.000000 1 2 1
2014-06-07T17:00:00Z 2014-06-07T19:00:00Z 81.110000 47.580000 0.310000 0.310000 1001.600000 6.760000 5.000000 1 1 1
2014-06-07T11:00:00Z 2014-06-07T13:00:00Z 78.770000 50.230000 0.370000 0.350000 1005.360000 11.920000 335.000000 1 1 1
2014-06-07T02:00:00Z 2014-06-07T04:00:00Z 61.800000 53.660000 0.750000 0.000000 1004.990000 6.420000 341.000000 1 1 1
2014-06-06T17:00:00Z 2014-06-06T19:00:00Z 64.290000 60.220000 0.870000 0.790000 1004.970000 8.930000 1.000000 1 1 1
2014-06-03T20:00:00Z 2014-06-03T22:00:00Z 78.290000 55.440000 0.450000 0.700000 1006.850000 3.220000 183.000000 1 2 0
2014-06-03T17:00:00Z 2014-06-03T19:00:00Z 86.690000 52.900000 0.320000 0.700000 1005.880000 7.280000 145.000000 1 1 0
2014-06-03T08:00:00Z 2014-06-03T10:00:00Z 74.930000 54.440000 0.490000 0.000000 1009.300000 6.480000 348.000000 1 1 0
2014-06-02T14:00:00Z 2014-06-02T16:00:00Z 75.850000 53.980000 0.470000 0.720000 1011.130000 3.400000 65.000000 1 1 0
2014-06-02T08:00:00Z 2014-06-02T10:00:00Z 68.140000 56.180000 0.660000 0.930000 1013.000000 4.040000 354.000000 1 1 0
2014-06-01T11:00:00Z 2014-06-01T13:00:00Z 81.510000 60.280000 0.490000 0.690000 1007.690000 3.890000 347.000000 1 1 0
2014-05-27T11:00:00Z 2014-05-27T13:00:00Z 86.080000 39.060000 0.190000 0.670000 995.550000 25.230000 287.000000 1 1 1
2014-05-26T20:00:00Z 2014-05-26T22:00:00Z 90.450000 28.310000 0.110000 0.310000 994.800000 9.730000 269.000000 1 1 1
2014-05-26T17:00:00Z 2014-05-26T19:00:00Z 93.860000 32.020000 0.110000 0.720000 994.490000 13.520000 226.000000 1 1 1
2014-05-26T14:00:00Z 2014-05-26T16:00:00Z 92.340000 34.960000 0.130000 0.680000 997.400000 14.980000 221.000000 1 1 1
2014-05-26T11:00:00Z 2014-05-26T13:00:00Z 89.030000 33.640000 0.140000 0.750000 1000.660000 13.920000 238.000000 1 1 1
2014-05-25T20:00:00Z 2014-05-25T22:00:00Z 75.250000 33.660000 0.220000 0.310000 1005.100000 6.730000 274.000000 1 1 1
2014-05-25T17:00:00Z 2014-05-25T19:00:00Z 80.310000 33.210000 0.180000 0.750000 1004.950000 19.180000 322.000000 1 1 1
2014-05-20T17:00:00Z 2014-05-20T19:00:00Z 87.040000 45.760000 0.240000 0.140000 1002.570000 6.800000 189.000000 1 1 1
2014-05-20T14:00:00Z 2014-05-20T16:00:00Z 88.610000 44.180000 0.210000 0.310000 1003.500000 2.500000 348.000000 1 1 1
2014-05-20T11:00:00Z 2014-05-20T13:00:00Z 81.010000 46.470000 0.300000 0.000000 1005.160000 4.910000 37.000000 1 1 1
2014-05-16T17:00:00Z 2014-05-16T19:00:00Z 81.700000 34.750000 0.190000 0.750000 1007.170000 5.920000 133.000000 1 1 1
2014-05-16T14:00:00Z 2014-05-16T16:00:00Z 84.240000 35.450000 0.180000 0.680000 1007.250000 2.540000 358.000000 1 1 1
2014-05-15T11:00:00Z 2014-05-15T13:00:00Z 77.890000 33.060000 0.200000 0.750000 1001.060000 0.740000 157.000000 1 2 1
2014-05-14T20:00:00Z 2014-05-14T22:00:00Z 64.970000 27.510000 0.240000 0.310000 1004.170000 6.350000 206.000000 1 1 1
2014-05-14T17:00:00Z 2014-05-14T19:00:00Z 71.420000 25.570000 0.180000 0.700000 1003.830000 5.610000 315.000000 1 1 1
2014-05-14T11:00:00Z 2014-05-14T13:00:00Z 68.160000 31.180000 0.250000 0.790000 1007.780000 15.560000 326.000000 1 1 1
2014-05-14T08:00:00Z 2014-05-14T10:00:00Z 65.460000 29.270000 0.260000 0.730000 1007.820000 22.900000 321.000000 1 1 1
2014-05-12T14:00:00Z 2014-05-12T16:00:00Z 84.340000 40.780000 0.220000 0.310000 1000.900000 15.040000 224.000000 1 1 1
2014-05-12T04:00:00Z 2014-05-12T06:00:00Z 50.350000 47.170000 0.890000 0.000000 1000.510000 0.720000 242.000000 1 2 1
2014-05-12T03:00:00Z 2014-05-12T05:00:00Z 51.400000 48.090000 0.880000 0.000000 1000.450000 2.110000 262.000000 1 2 1
2014-05-12T02:00:00Z 2014-05-12T04:00:00Z 52.240000 48.900000 0.880000 0.000000 1000.390000 2.770000 261.000000 1 1 1
2014-05-11T20:00:00Z 2014-05-11T22:00:00Z 54.120000 48.900000 0.820000 0.240000 1002.070000 5.660000 209.000000 1 1 1
2014-05-11T17:00:00Z 2014-05-11T19:00:00Z 55.560000 48.020000 0.760000 0.970000 1002.200000 8.270000 314.000000 1 1 1
2014-05-11T14:00:00Z 2014-05-11T16:00:00Z 53.750000 49.150000 0.840000 1.000000 1004.330000 9.880000 330.000000 1 1 1
2014-05-11T11:00:00Z 2014-05-11T13:00:00Z 52.760000 49.380000 0.880000 1.000000 1007.270000 9.660000 356.000000 1 1 1
2014-05-11T08:00:00Z 2014-05-11T10:00:00Z 51.260000 49.430000 0.930000 1.000000 1008.890000 5.800000 39.000000 1 1 1
2014-05-07T23:00:00Z 2014-05-08T01:00:00Z 56.800000 48.270000 0.730000 0.000000 1013.200000 1.850000 106.000000 1 3 1
2014-05-07T20:00:00Z 2014-05-07T22:00:00Z 65.060000 32.340000 0.290000 0.280000 1009.800000 6.240000 76.000000 1 1 1
2014-05-07T17:00:00Z 2014-05-07T19:00:00Z 75.150000 21.270000 0.130000 0.660000 1006.610000 11.480000 340.000000 1 1 1
2014-05-07T14:00:00Z 2014-05-07T16:00:00Z 77.880000 23.370000 0.130000 0.720000 1006.500000 18.780000 346.000000 1 1 1
2014-05-05T17:00:00Z 2014-05-05T19:00:00Z 67.160000 16.540000 0.140000 0.310000 1014.560000 7.790000 192.000000 1 1 0
2014-05-05T11:00:00Z 2014-05-05T13:00:00Z 61.820000 14.690000 0.160000 0.310000 1019.720000 4.850000 355.000000 1 1 0
2014-05-05T05:00:00Z 2014-05-05T07:00:00Z 41.510000 25.310000 0.520000 0.000000 1018.880000 6.010000 358.000000 1 1 0
2014-05-05T02:00:00Z 2014-05-05T04:00:00Z 43.920000 25.070000 0.470000 0.000000 1018.300000 3.380000 340.000000 1 1 0
2014-05-04T20:00:00Z 2014-05-04T22:00:00Z 56.730000 14.330000 0.180000 0.570000 1018.740000 8.450000 328.000000 1 1 0
2014-05-04T17:00:00Z 2014-05-04T19:00:00Z 61.350000 10.260000 0.130000 0.390000 1017.560000 17.640000 331.000000 1 1 0
2014-05-03T17:00:00Z 2014-05-03T19:00:00Z 69.170000 21.390000 0.160000 0.710000 1009.060000 25.990000 304.000000 1 2 0
2014-05-02T20:00:00Z 2014-05-02T22:00:00Z 57.330000 35.980000 0.450000 0.680000 1018.410000 3.680000 7.000000 1 1 0
2014-05-02T17:00:00Z 2014-05-02T19:00:00Z 63.050000 35.340000 0.360000 0.720000 1016.590000 28.100000 278.000000 1 1 0
2014-05-02T08:00:00Z 2014-05-02T10:00:00Z 56.630000 23.030000 0.270000 0.370000 1016.810000 23.390000 320.000000 1 1 0
2014-05-01T23:00:00Z 2014-05-02T01:00:00Z 58.800000 37.480000 0.450000 0.000000 1012.200000 19.710000 332.000000 1 1 0
2014-04-28T14:00:00Z 2014-04-28T16:00:00Z 77.430000 32.740000 0.200000 0.310000 1017.810000 5.110000 264.000000 1 1 1
2014-04-28T05:00:00Z 2014-04-28T07:00:00Z 49.660000 44.220000 0.810000 0.000000 1021.490000 3.340000 357.000000 1 2 1
2014-04-28T02:00:00Z 2014-04-28T04:00:00Z 53.330000 44.130000 0.710000 0.000000 1021.750000 1.640000 57.000000 1 1 1
2014-04-27T02:00:00Z 2014-04-27T04:00:00Z 50.700000 45.520000 0.820000 0.000000 1021.040000 1.960000 53.000000 1 2 1
2014-04-26T23:00:00Z 2014-04-27T01:00:00Z 54.900000 50.150000 0.840000 0.000000 1021.500000 0.390000 350.000000 1 1 1
2014-04-26T20:00:00Z 2014-04-26T22:00:00Z 58.670000 46.350000 0.640000 0.650000 1020.320000 5.270000 140.000000 1 1 1
2014-04-26T02:00:00Z 2014-04-26T04:00:00Z 51.620000 47.060000 0.840000 0.000000 1019.160000 7.020000 358.000000 1 1 1
2014-04-20T14:00:00Z 2014-04-20T16:00:00Z 69.120000 27.750000 0.210000 0.750000 1015.420000 4.550000 143.000000 1 2 1
2014-04-20T11:00:00Z 2014-04-20T13:00:00Z 64.930000 31.480000 0.290000 0.750000 1018.210000 7.720000 297.000000 1 1 1
2014-04-16T08:00:00Z 2014-04-16T10:00:00Z 59.230000 33.870000 0.380000 0.730000 1015.920000 2.050000 83.000000 1 1 1
2014-04-16T05:00:00Z 2014-04-16T07:00:00Z 54.200000 34.220000 0.470000 0.000000 1015.710000 0.470000 48.000000 1 1 1
2014-04-15T17:00:00Z 2014-04-15T19:00:00Z 64.530000 31.130000 0.280000 0.970000 1018.420000 10.020000 162.000000 1 1 1
2014-04-03T08:00:00Z 2014-04-03T10:00:00Z 56.000000 8.910000 0.150000 0.310000 1026.050000 15.930000 309.000000 1 1 0
2014-03-30T20:00:00Z 2014-03-30T22:00:00Z 69.180000 21.610000 0.160000 0.690000 1015.830000 6.200000 179.000000 1 2 1
2014-03-30T17:00:00Z 2014-03-30T19:00:00Z 73.780000 16.110000 0.110000 0.640000 1013.700000 2.740000 138.000000 1 1 1
2014-03-30T14:00:00Z 2014-03-30T16:00:00Z 77.170000 14.810000 0.090000 0.310000 1014.220000 4.010000 326.000000 1 1 1
2014-03-30T08:00:00Z 2014-03-30T10:00:00Z 59.270000 31.880000 0.350000 0.280000 1017.010000 6.730000 4.000000 1 1 1
2014-03-29T20:00:00Z 2014-03-29T22:00:00Z 63.520000 32.780000 0.320000 0.280000 1013.560000 7.560000 195.000000 1 2 1
2014-03-29T17:00:00Z 2014-03-29T19:00:00Z 70.100000 29.720000 0.220000 0.310000 1011.030000 0.800000 356.000000 1 1 1
2014-03-29T14:00:00Z 2014-03-29T16:00:00Z 70.600000 31.700000 0.240000 0.710000 1012.550000 3.590000 276.000000 1 1 1
2014-03-29T11:00:00Z 2014-03-29T13:00:00Z 65.470000 35.250000 0.330000 0.320000 1015.070000 5.550000 17.000000 1 1 1
2014-03-29T08:00:00Z 2014-03-29T10:00:00Z 58.740000 37.660000 0.450000 0.700000 1014.630000 8.250000 358.000000 1 1 1
2014-03-29T05:00:00Z 2014-03-29T07:00:00Z 48.800000 37.560000 0.650000 0.000000 1012.050000 6.120000 349.000000 1 1 1
2014-03-21T17:00:00Z 2014-03-21T19:00:00Z 67.370000 5.080000 0.080000 0.700000 1016.670000 10.900000 219.000000 1 2 1
2014-03-21T14:00:00Z 2014-03-21T16:00:00Z 70.110000 1.070000 0.060000 0.310000 1018.660000 8.170000 210.000000 1 1 1
2014-03-21T08:00:00Z 2014-03-21T10:00:00Z 50.460000 12.630000 0.220000 0.000000 1024.450000 1.700000 249.000000 1 1 1
2014-03-21T05:00:00Z 2014-03-21T07:00:00Z 41.020000 13.670000 0.320000 0.000000 1023.680000 1.580000 37.000000 1 1 1
2014-03-21T02:00:00Z 2014-03-21T04:00:00Z 47.950000 8.760000 0.200000 0.000000 1024.130000 5.700000 310.000000 1 1 1
2014-03-20T23:00:00Z 2014-03-21T01:00:00Z 53.220000 4.100000 0.130000 0.000000 1024.300000 6.460000 317.000000 1 1 1
2014-03-19T23:00:00Z 2014-03-20T01:00:00Z 47.510000 31.240000 0.530000 0.000000 1028.100000 9.670000 332.000000 1 1 1
2014-03-19T20:00:00Z 2014-03-19T22:00:00Z 46.130000 22.950000 0.400000 0.640000 1025.370000 9.540000 343.000000 1 1 1
2014-03-18T11:00:00Z 2014-03-18T13:00:00Z 56.990000 20.280000 0.240000 0.670000 1024.600000 8.940000 180.000000 1 2 1
2014-03-18T08:00:00Z 2014-03-18T10:00:00Z 52.190000 17.560000 0.250000 0.360000 1024.200000 5.530000 30.000000 1 1 1
2014-03-18T05:00:00Z 2014-03-18T07:00:00Z 46.950000 16.090000 0.290000 0.000000 1022.190000 4.640000 53.000000 1 1 1
2014-03-17T20:00:00Z 2014-03-17T22:00:00Z 59.580000 16.540000 0.180000 0.310000 1016.260000 12.760000 321.000000 1 1 1
2014-03-17T17:00:00Z 2014-03-17T19:00:00Z 64.400000 16.000000 0.150000 0.750000 1012.410000 22.310000 320.000000 1 1 1
2014-03-14T02:00:00Z 2014-03-14T04:00:00Z 43.880000 -4.850000 0.120000 0.000000 1020.310000 11.620000 293.000000 1 1 1
2014-03-13T14:00:00Z 2014-03-13T16:00:00Z 52.640000 -5.210000 0.090000 0.750000 1019.770000 3.040000 223.000000 1 1 1
2014-03-11T23:00:00Z 2014-03-12T01:00:00Z 46.000000 14.730000 0.280000 0.000000 1023.000000 12.010000 16.000000 1 1 1
2014-03-10T02:00:00Z 2014-03-10T04:00:00Z 29.450000 18.860000 0.640000 0.000000 1027.900000 5.490000 132.000000 1 1 1
2014-03-07T17:00:00Z 2014-03-07T19:00:00Z 43.600000 -7.090000 0.110000 0.650000 1027.640000 6.650000 141.000000 1 2 1
2014-03-07T14:00:00Z 2014-03-07T16:00:00Z 44.670000 -11.320000 0.090000 0.700000 1028.890000 2.110000 3.000000 1 1 1
2014-03-04T17:00:00Z 2014-03-04T19:00:00Z 43.270000 -12.910000 0.080000 0.310000 1025.810000 14.730000 346.000000 1 1 0
2014-03-04T08:00:00Z 2014-03-04T10:00:00Z 37.350000 11.890000 0.340000 0.000000 1027.460000 6.230000 308.000000 1 1 0
2014-03-04T05:00:00Z 2014-03-04T07:00:00Z 29.080000 21.200000 0.720000 0.000000 1025.260000 5.270000 348.000000 1 1 0
2014-03-01T17:00:00Z 2014-03-01T19:00:00Z 49.880000 -9.480000 0.080000 0.310000 1021.020000 10.090000 291.000000 1 2 0
2014-03-01T11:00:00Z 2014-03-01T13:00:00Z 47.550000 -4.610000 0.110000 0.310000 1025.900000 11.880000 321.000000 1 1 0
2014-02-27T20:00:00Z 2014-02-27T22:00:00Z 34.670000 2.780000 0.250000 0.310000 1028.890000 1.440000 160.000000 1 2 1
2014-02-27T08:00:00Z 2014-02-27T10:00:00Z 36.360000 5.850000 0.270000 0.030000 1031.870000 9.830000 349.000000 1 1 1
2014-02-27T02:00:00Z 2014-02-27T04:00:00Z 37.940000 13.060000 0.350000 0.000000 1027.450000 13.220000 321.000000 1 1 1
2014-02-26T23:00:00Z 2014-02-27T01:00:00Z 43.000000 31.370000 0.630000 0.000000 1024.500000 12.790000 331.000000 1 1 1
2014-02-19T17:00:00Z 2014-02-19T19:00:00Z 37.140000 19.870000 0.490000 0.000000 1027.760000 5.690000 159.000000 1 1 1
2014-02-19T14:00:00Z 2014-02-19T16:00:00Z 39.130000 15.810000 0.380000 0.310000 1027.930000 1.250000 63.000000 1 1 1
2014-02-10T17:00:00Z 2014-02-10T19:00:00Z 26.370000 -0.740000 0.300000 0.660000 1032.540000 6.110000 189.000000 1 2 1
2014-02-10T14:00:00Z 2014-02-10T16:00:00Z 27.450000 -4.250000 0.240000 0.660000 1033.870000 5.840000 153.000000 1 1 1
2014-02-10T08:00:00Z 2014-02-10T10:00:00Z 15.440000 -1.380000 0.460000 0.310000 1038.820000 5.330000 7.000000 1 1 1
2014-02-09T20:00:00Z 2014-02-09T22:00:00Z 22.050000 -2.650000 0.330000 0.000000 1036.920000 9.220000 295.000000 1 1 1
2014-02-09T08:00:00Z 2014-02-09T10:00:00Z 15.660000 -7.250000 0.350000 0.310000 1038.860000 6.560000 2.000000 1 1 1
2014-02-08T20:00:00Z 2014-02-08T22:00:00Z 21.210000 -0.060000 0.390000 0.390000 1033.510000 12.810000 351.000000 1 1 1
2014-02-08T11:00:00Z 2014-02-08T13:00:00Z 29.470000 15.730000 0.560000 0.360000 1028.440000 7.900000 348.000000 1 1 1
2014-02-04T14:00:00Z 2014-02-04T16:00:00Z 30.970000 -28.370000 0.060000 0.750000 1028.620000 7.710000 274.000000 1 1 0
2014-02-04T11:00:00Z 2014-02-04T13:00:00Z 29.580000 -23.360000 0.080000 0.310000 1032.170000 9.420000 337.000000 1 1 0
2014-02-03T08:00:00Z 2014-02-03T10:00:00Z 25.510000 -22.210000 0.110000 0.750000 1029.520000 17.540000 328.000000 1 1 0
2014-02-02T20:00:00Z 2014-02-02T22:00:00Z 33.780000 -8.240000 0.150000 0.750000 1020.510000 7.310000 42.000000 1 1 0
2014-02-02T17:00:00Z 2014-02-02T19:00:00Z 39.470000 -9.250000 0.120000 0.640000 1017.070000 12.600000 336.000000 1 1 0
2014-02-02T14:00:00Z 2014-02-02T16:00:00Z 47.060000 -2.920000 0.120000 0.750000 1014.180000 20.070000 332.000000 1 1 0
2014-02-02T11:00:00Z 2014-02-02T13:00:00Z 45.830000 8.660000 0.210000 0.680000 1015.610000 21.080000 329.000000 1 1 0
2014-01-30T17:00:00Z 2014-01-30T19:00:00Z 38.050000 1.810000 0.210000 0.420000 1017.800000 6.570000 164.000000 1 2 1
2014-01-30T14:00:00Z 2014-01-30T16:00:00Z 44.600000 -6.830000 0.110000 0.000000 1017.920000 5.930000 142.000000 1 1 1
2014-01-30T08:00:00Z 2014-01-30T10:00:00Z 32.760000 0.230000 0.240000 0.000000 1019.700000 4.410000 340.000000 1 1 1
2014-01-30T05:00:00Z 2014-01-30T07:00:00Z 23.430000 7.980000 0.510000 0.000000 1016.900000 8.360000 338.000000 1 1 1
2014-01-28T11:00:00Z 2014-01-28T13:00:00Z 34.170000 5.040000 0.290000 0.750000 1031.400000 6.580000 172.000000 1 2 1
2014-01-28T08:00:00Z 2014-01-28T10:00:00Z 24.280000 13.680000 0.630000 0.280000 1031.340000 1.100000 261.000000 1 1 1
2014-01-28T02:00:00Z 2014-01-28T04:00:00Z 22.000000 -0.600000 0.360000 0.000000 1029.290000 5.470000 15.000000 1 1 1
2014-01-27T23:00:00Z 2014-01-28T01:00:00Z 34.200000 -10.190000 0.140000 0.000000 1026.900000 9.000000 20.000000 1 1 1
2014-01-26T14:00:00Z 2014-01-26T16:00:00Z 35.950000 11.620000 0.360000 0.750000 1027.420000 9.850000 172.000000 1 2 1
2014-01-26T08:00:00Z 2014-01-26T10:00:00Z 21.520000 11.580000 0.650000 0.280000 1034.270000 2.430000 136.000000 1 1 1
2014-01-26T02:00:00Z 2014-01-26T04:00:00Z 22.670000 12.790000 0.650000 0.000000 1034.650000 1.750000 144.000000 1 1 1
2014-01-25T05:00:00Z 2014-01-25T07:00:00Z 29.380000 5.810000 0.360000 0.000000 1023.720000 4.160000 337.000000 1 1 1
2014-01-24T20:00:00Z 2014-01-24T22:00:00Z 39.570000 -2.650000 0.160000 0.730000 1021.530000 6.480000 28.000000 1 1 1
2014-01-24T17:00:00Z 2014-01-24T19:00:00Z 45.280000 -1.960000 0.130000 0.730000 1018.860000 7.160000 19.000000 1 1 1
2014-01-20T14:00:00Z 2014-01-20T16:00:00Z 34.870000 -7.780000 0.150000 0.570000 1030.010000 25.700000 320.000000 1 1 1
2014-01-20T08:00:00Z 2014-01-20T10:00:00Z 27.270000 -3.590000 0.250000 0.310000 1029.620000 22.090000 328.000000 1 1 1
2014-01-19T23:00:00Z 2014-01-20T01:00:00Z 32.200000 -5.370000 0.190000 0.000000 1025.900000 12.640000 307.000000 1 1 1
2014-01-19T20:00:00Z 2014-01-19T22:00:00Z 34.010000 1.370000 0.240000 0.330000 1025.460000 17.190000 299.000000 1 1 1
2014-01-18T11:00:00Z 2014-01-18T13:00:00Z 35.990000 3.910000 0.250000 0.160000 1035.540000 2.850000 30.000000 1 4 1
2014-01-18T08:00:00Z 2014-01-18T10:00:00Z 24.160000 6.660000 0.470000 0.000000 1035.190000 6.200000 350.000000 1 2 1
2014-01-18T05:00:00Z 2014-01-18T07:00:00Z 19.500000 5.590000 0.540000 0.000000 1034.030000 2.550000 22.000000 1 1 1
2014-01-18T02:00:00Z 2014-01-18T04:00:00Z 27.930000 22.010000 0.780000 0.000000 1033.780000 7.180000 311.000000 1 1 1
2014-01-14T05:00:00Z 2014-01-14T07:00:00Z 15.510000 0.570000 0.510000 0.000000 1034.620000 2.590000 47.000000 1 2 1
2014-01-10T11:00:00Z 2014-01-10T13:00:00Z 26.690000 -3.010000 0.270000 0.000000 1032.800000 1.910000 21.000000 1 1 1
2014-01-10T08:00:00Z 2014-01-10T10:00:00Z 14.270000 -3.070000 0.450000 0.160000 1032.400000 6.780000 339.000000 1 1 1
2014-01-09T05:00:00Z 2014-01-09T07:00:00Z 17.770000 -8.500000 0.300000 0.000000 1033.540000 6.990000 317.000000 1 1 1
2014-01-09T02:00:00Z 2014-01-09T04:00:00Z 10.760000 -7.040000 0.440000 0.000000 1034.050000 7.600000 344.000000 1 1 1
2014-01-08T23:00:00Z 2014-01-09T01:00:00Z 19.200000 -7.320000 0.300000 0.000000 1034.500000 1.440000 295.000000 1 1 1
2014-01-08T20:00:00Z 2014-01-08T22:00:00Z 22.870000 -9.470000 0.230000 0.000000 1034.500000 7.580000 336.000000 1 1 1
2014-01-08T17:00:00Z 2014-01-08T19:00:00Z 27.920000 -12.330000 0.160000 0.310000 1033.070000 9.470000 316.000000 1 1 1
2014-01-08T14:00:00Z 2014-01-08T16:00:00Z 30.160000 -12.620000 0.140000 0.310000 1032.790000 14.060000 336.000000 1 1 1
2014-01-08T11:00:00Z 2014-01-08T13:00:00Z 29.240000 -4.570000 0.220000 0.310000 1035.920000 7.440000 334.000000 1 1 1
2014-01-08T08:00:00Z 2014-01-08T10:00:00Z 20.730000 -2.130000 0.360000 0.290000 1035.390000 7.780000 13.000000 1 1 1
2014-01-08T05:00:00Z 2014-01-08T07:00:00Z 21.520000 0.440000 0.390000 0.000000 1033.640000 3.630000 4.000000 1 1 1
2014-01-08T02:00:00Z 2014-01-08T04:00:00Z 23.250000 1.310000 0.380000 0.000000 1033.100000 8.740000 355.000000 1 1 1
2014-01-07T17:00:00Z 2014-01-07T19:00:00Z 36.900000 3.290000 0.240000 0.670000 1028.250000 5.970000 4.000000 1 1 1
2014-01-05T17:00:00Z 2014-01-05T19:00:00Z 35.320000 9.530000 0.340000 0.000000 1025.000000 4.700000 150.000000 1 1 0
2014-01-03T17:00:00Z 2014-01-03T19:00:00Z 37.820000 17.930000 0.440000 0.310000 1023.230000 1.130000 114.000000 1 2 0
2014-01-03T11:00:00Z 2014-01-03T13:00:00Z 42.380000 6.390000 0.220000 0.000000 1024.680000 3.940000 348.000000 1 1 0
2014-01-03T08:00:00Z 2014-01-03T10:00:00Z 30.370000 10.480000 0.430000 0.160000 1023.370000 5.300000 354.000000 1 1 0
2014-01-01T14:00:00Z 2014-01-01T16:00:00Z 50.310000 4.090000 0.150000 0.310000 1014.250000 15.050000 303.000000 1 1 0
2014-01-01T11:00:00Z 2014-01-01T13:00:00Z 47.350000 12.980000 0.250000 0.000000 1015.780000 16.200000 293.000000 1 1 0
2013-12-31T23:00:00Z 2014-01-01T01:00:00Z 43.530000 -0.550000 0.150000 0.000000 1015.000000 11.800000 279.000000 1 2 1
2013-12-31T20:00:00Z 2013-12-31T22:00:00Z 41.130000 0.380000 0.180000 0.280000 1014.670000 7.690000 297.000000 1 1 1
2013-12-31T17:00:00Z 2013-12-31T19:00:00Z 43.660000 1.780000 0.170000 0.350000 1013.370000 16.300000 291.000000 1 1 1
2013-12-31T14:00:00Z 2013-12-31T16:00:00Z 46.490000 1.060000 0.150000 0.310000 1011.870000 22.670000 301.000000 1 1 1
2013-12-31T11:00:00Z 2013-12-31T13:00:00Z 43.790000 2.340000 0.170000 0.140000 1014.200000 21.760000 320.000000 1 1 1
2013-12-30T08:00:00Z 2013-12-30T10:00:00Z 31.990000 -2.150000 0.220000 0.000000 1017.490000 13.040000 296.000000 1 1 1
2013-12-30T05:00:00Z 2013-12-30T07:00:00Z 31.650000 -4.110000 0.210000 0.000000 1016.680000 7.170000 297.000000 1 1 1
2013-12-30T02:00:00Z 2013-12-30T04:00:00Z 32.720000 -2.230000 0.220000 0.000000 1017.460000 11.850000 278.000000 1 1 1
2013-12-29T14:00:00Z 2013-12-29T16:00:00Z 43.170000 -10.030000 0.100000 0.000000 1017.170000 10.300000 220.000000 1 2 1
2013-12-29T05:00:00Z 2013-12-29T07:00:00Z 25.390000 -5.260000 0.250000 0.000000 1022.200000 8.160000 319.000000 1 2 1
2013-12-28T20:00:00Z 2013-12-28T22:00:00Z 30.460000 -9.960000 0.160000 0.280000 1025.700000 7.370000 280.000000 1 2 1
2013-12-27T17:00:00Z 2013-12-27T19:00:00Z 31.670000 -6.070000 0.190000 0.700000 1027.860000 4.330000 286.000000 1 2 1
2013-12-27T14:00:00Z 2013-12-27T16:00:00Z 32.860000 -8.510000 0.160000 0.710000 1028.370000 8.780000 315.000000 1 1 1
2013-12-27T11:00:00Z 2013-12-27T13:00:00Z 28.960000 -4.570000 0.230000 0.720000 1032.270000 13.850000 303.000000 1 1 1
2013-12-25T20:00:00Z 2013-12-25T22:00:00Z 26.430000 -3.780000 0.260000 0.170000 1031.000000 23.370000 326.000000 1 1 1
2013-12-25T17:00:00Z 2013-12-25T19:00:00Z 33.970000 1.900000 0.250000 0.660000 1027.170000 15.340000 324.000000 1 1 1
