2013-06-12T01:00:00 242 24 12 21 14 10 44 2 12 7 14
2013-06-12T02:00:00 194 21 12 12 8 8 33 1 11 4 18
2013-06-12T03:00:00 148 18 10 10 2 5 24 0 7 3 19
2013-06-12T04:00:00 111 14 7 5 0 4 19 1 5 1 17
2013-06-12T05:00:00 78 11 5 4 0 1 12 2 4 0 13
2013-06-12T06:00:00 62 5 2 2 0 1 8 2 5 0 10
2013-06-12T07:00:00 66 3 2 1 0 0 5 2 7 1 8
2013-06-12T08:00:00 114 6 2 2 1 0 10 2 10 2 4
2013-06-12T09:00:00 154 7 0 2 2 0 17 2 14 2 7
2013-06-12T10:00:00 202 9 2 3 4 0 28 1 15 3 16
2013-06-12T11:00:00 261 13 7 10 8 1 44 0 27 3 22
2013-11-07T08:00:00 36 1 8 0 0 1 4 0 0 2 3
2013-11-07T09:00:00 52 3 9 0 0 1 6 0 2 2 4
2013-11-07T10:00:00 64 4 19 0 1 2 11 0 3 2 4
2013-11-07T11:00:00 84 6 29 0 2 2 17 1 3 1 9
2013-11-07T12:00:00 108 8 33 4 3 1 20 1 4 1 10
2013-11-07T13:00:00 124 10 36 7 5 2 26 1 6 0 13
2013-11-08T03:00:00 42 11 25 3 2 4 11 0 2 0 8
2013-11-08T04:00:00 27 6 18 2 1 1 6 0 2 0 7
2013-11-08T05:00:00 20 4 10 2 0 0 3 0 0 0 3
2013-11-08T06:00:00 16 2 1 1 1 0 2 0 0 0 2
2013-11-08T07:00:00 22 1 0 1 2 0 2 0 0 0 1
2013-11-16T13:00:00 138 9 12 15 7 5 54 2 13 7 20
2013-12-01T11:00:00 129 10 7 9 2 2 22 2 9 5 14
2013-12-01T12:00:00 157 12 8 11 2 2 29 2 11 6 15
2013-12-01T13:00:00 175 18 15 13 2 3 37 3 11 8 17
2013-12-01T14:00:00 173 19 17 18 5 6 50 3 18 9 25
2013-12-01T15:00:00 167 21 21 19 5 6 51 4 21 8 26
2013-12-01T16:00:00 172 22 28 20 6 8 59 3 17 10 27
2013-12-01T17:00:00 161 22 31 20 6 7 60 3 17 9 23
2013-12-01T18:00:00 152 22 31 23 6 7 53 3 17 8 24
2013-12-01T19:00:00 136 18 31 23 7 7 46 2 17 6 22
2013-12-01T20:00:00 126 15 36 21 4 6 34 2 10 4 17
2013-12-01T21:00:00 135 13 38 19 4 6 26 2 6 4 12
2013-12-01T22:00:00 126 15 28 17 4 4 18 2 6 1 7
2013-12-01T23:00:00 118 18 31 16 4 4 14 2 5 0 8
2013-12-02T00:00:00 108 19 31 13 4 4 14 2 3 0 9
2013-12-02T01:00:00 96 18 27 10 3 3 14 2 2 0 8
2013-12-02T02:00:00 85 17 20 7 3 1 12 2 1 0 5
2013-12-02T03:00:00 53 14 16 5 2 0 11 1 1 0 5
2013-12-02T04:00:00 37 9 16 5 1 0 9 0 1 0 5
2013-12-02T05:00:00 27 5 8 4 0 0 6 0 1 0 4
2013-12-02T06:00:00 17 2 7 2 0 0 5 0 1 0 1
2013-12-02T07:00:00 16 2 6 1 0 0 3 0 2 0 1
2013-12-02T08:00:00 31 4 6 2 1 0 3 0 4 2 2
2013-12-02T09:00:00 39 5 5 2 1 1 4 0 5 2 4
2013-12-02T10:00:00 43 5 12 2 1 1 5 2 6 3 6
2013-12-02T11:00:00 55 5 17 2 2 2 7 3 5 3 9
2013-12-02T12:00:00 78 8 19 1 2 3 9 3 6 4 8
2013-12-02T13:00:00 93 11 22 5 4 4 9 4 5 4 8
2013-12-02T14:00:00 95 10 29 5 3 4 11 4 3 2 8
2013-12-02T15:00:00 97 9 33 7 4 3 13 4 2 4 8
2013-12-02T16:00:00 110 10 31 7 4 3 14 2 1 3 6
2013-12-02T17:00:00 110 10 30 8 3 3 16 1 1 3 4
2013-12-02T18:00:00 98 7 30 8 4 2 15 1 1 2 5
2013-12-02T19:00:00 94 6 27 5 3 1 17 1 1 2 7
2013-12-02T20:00:00 90 5 22 5 3 2 15 1 2 2 7
2013-12-02T21:00:00 101 7 21 6 4 3 15 1 3 0 11
2013-12-02T22:00:00 95 11 16 7 4 4 12 1 5 0 12
2013-12-02T23:00:00 89 13 17 7 4 5 10 1 6 0 14
2013-12-03T00:00:00 89 15 20 8 4 6 10 1 6 0 14
2013-12-03T01:00:00 80 14 19 7 3 6 7 0 7 1 13
2013-12-03T02:00:00 64 14 17 7 4 5 6 0 6 1 12
2013-12-03T03:00:00 44 12 14 4 2 4 4 0 5 1 6
2013-12-03T04:00:00 33 7 14 3 2 3 5 0 3 1 5
2013-12-03T05:00:00 27 4 9 2 2 1 3 0 2 1 2
2013-12-03T06:00:00 20 2 3 1 1 0 3 0 1 1 1
2013-12-03T07:00:00 25 2 2 1 1 0 3 0 0 0 0
2013-12-03T08:00:00 34 2 3 0 0 0 3 1 0 0 0
2013-12-03T09:00:00 45 3 6 1 0 0 4 3 1 0 1
2013-12-03T10:00:00 56 4 7 3 1 0 3 3 1 0 1
2013-12-03T11:00:00 71 5 8 3 1 0 6 3 6 0 3
2013-12-03T12:00:00 79 7 11 6 1 0 8 3 6 2 4
2013-12-03T13:00:00 77 6 13 9 5 1 14 3 8 3 5
2013-12-03T14:00:00 76 8 13 11 5 3 19 2 10 4 5
2013-12-03T15:00:00 69 8 12 11 5 4 19 0 11 5 5
2013-12-03T16:00:00 68 8 12 10 4 4 22 1 12 5 7
2013-12-03T17:00:00 70 9 13 10 4 4 22 1 11 5 8
2013-12-03T18:00:00 65 9 11 8 5 4 20 1 11 3 8
2013-12-03T19:00:00 70 12 15 7 1 4 19 1 9 3 10
2013-12-05T17:00:00 110 11 22 4 2 0 20 0 5 3 4
2013-12-05T18:00:00 112 10 24 5 4 1 15 2 5 3 3
2013-12-05T19:00:00 108 9 28 6 4 2 14 2 4 2 9
2013-12-06T09:00:00 66 8 7 1 2 0 7 0 1 2 6
2013-12-06T10:00:00 79 12 11 1 2 2 7 0 3 3 8
2013-12-06T11:00:00 97 15 13 2 3 2 10 1 4 3 10
2013-12-06T12:00:00 118 17 18 3 3 2 14 2 6 4 11
2013-12-06T13:00:00 128 18 25 4 5 2 18 2 6 4 10
2013-12-06T14:00:00 121 19 28 4 7 6 23 2 7 3 11
2013-12-06T15:00:00 129 18 24 4 7 6 22 2 9 2 11
2013-12-06T16:00:00 145 14 26 5 7 6 27 2 8 3 13
2013-12-06T17:00:00 153 12 25 4 7 8 28 1 8 5 11
2013-12-06T18:00:00 143 12 21 4 9 8 32 0 7 4 15
2013-12-06T19:00:00 145 13 16 4 7 9 30 1 6 6 17
2013-12-06T20:00:00 148 11 13 5 6 5 25 1 8 6 17
2013-12-06T21:00:00 146 12 19 5 5 6 23 1 7 7 17
2013-12-06T22:00:00 134 16 19 7 8 5 21 1 8 5 13
2013-12-06T23:00:00 127 15 18 7 7 3 19 1 7 3 18
2013-12-07T00:00:00 130 14 18 8 5 3 13 2 8 4 13
2013-12-07T01:00:00 118 11 16 7 6 2 10 1 8 2 12
2013-12-07T02:00:00 102 10 20 6 5 3 12 1 5 2 11
2013-12-07T03:00:00 80 8 14 5 4 2 12 1 4 1 9
2013-12-07T04:00:00 61 4 9 2 1 1 10 1 2 1 8
2013-12-07T05:00:00 40 3 8 2 1 1 8 1 2 1 3
2013-12-07T06:00:00 20 2 6 0 1 1 6 0 0 0 3
2013-12-07T07:00:00 18 2 6 1 0 1 7 0 0 0 2
2013-12-07T08:00:00 38 1 4 1 0 0 4 0 2 2 5
2013-12-07T09:00:00 53 5 6 1 2 0 7 0 2 4 11
2013-12-07T10:00:00 76 8 12 1 2 0 9 0 5 7 13
2013-12-07T11:00:00 103 11 17 2 2 1 12 0 12 7 15
2013-12-07T12:00:00 127 13 19 9 3 2 18 1 16 9 15
2013-12-07T13:00:00 140 14 22 9 3 3 26 3 19 10 19
2013-12-07T14:00:00 134 17 21 13 6 4 33 3 21 10 19
2013-12-07T15:00:00 143 14 19 17 6 8 37 4 23 9 14
2013-12-07T16:00:00 139 13 16 18 9 9 46 4 24 7 21
2013-12-09T08:00:00 35 3 1 2 1 0 6 0 2 1 3
2013-12-09T09:00:00 55 4 7 3 1 0 6 0 3 1 5
2013-12-09T10:00:00 68 4 16 5 2 0 7 0 2 1 7
2013-12-09T11:00:00 87 5 21 4 2 1 8 0 3 1 7
2013-12-09T12:00:00 102 4 28 5 2 1 8 0 3 1 9
2013-12-09T13:00:00 109 5 34 6 3 2 10 0 3 2 8
2013-12-09T14:00:00 116 9 36 5 5 2 10 0 3 1 10
2013-12-09T15:00:00 113 11 33 4 5 2 11 0 4 1 8
2013-12-09T16:00:00 109 12 28 2 4 2 13 0 4 1 9
2013-12-09T17:00:00 95 10 27 3 6 1 12 1 3 1 10
2013-12-09T18:00:00 88 11 23 3 6 2 12 2 4 1 8
2013-12-09T19:00:00 85 11 22 4 6 1 10 2 4 0 10
2013-12-09T20:00:00 79 9 22 5 5 1 12 2 4 2 8
2013-12-09T21:00:00 73 6 22 6 5 2 10 2 2 2 8
2013-12-09T22:00:00 77 6 20 7 5 2 9 2 3 2 5
2013-12-09T23:00:00 80 12 20 7 3 3 9 2 3 3 5
2013-12-26T09:00:00 57 4 7 0 1 0 1 2 0 1 0
2013-12-26T10:00:00 67 6 15 1 3 0 2 2 1 1 0
2013-12-26T11:00:00 83 6 20 1 3 0 5 1 2 1 3
2013-12-26T12:00:00 95 5 23 1 4 0 7 2 2 2 5
2013-12-26T13:00:00 97 4 24 1 4 1 8 2 2 2 6
2013-12-26T14:00:00 93 3 28 2 4 2 9 2 4 2 7
2013-12-26T15:00:00 83 5 27 2 4 4 11 2 5 2 9
2013-12-26T16:00:00 87 5 24 1 2 4 12 2 6 2 9
2013-12-26T17:00:00 88 6 21 2 3 4 9 3 5 2 7
2013-12-26T18:00:00 87 7 23 3 3 4 7 2 7 1 6
2013-12-26T19:00:00 87 7 24 5 4 3 7 2 7 0 7
2013-12-29T13:00:00 118 7 13 7 5 3 23 1 18 3 14
2013-12-29T14:00:00 122 7 15 6 6 3 24 1 20 4 13
2013-12-29T15:00:00 130 9 13 7 12 4 29 2 23 4 13
2013-12-29T16:00:00 135 9 14 8 15 5 36 4 23 3 15
2013-12-29T17:00:00 140 9 18 6 17 5 41 4 18 3 17
2013-12-29T18:00:00 136 9 20 8 18 4 40 4 18 3 17
2013-12-29T19:00:00 139 7 20 11 20 5 38 3 14 2 14
2013-12-29T20:00:00 137 10 18 10 20 6 34 3 12 1 15
2013-12-29T21:00:00 144 8 20 9 14 6 29 2 8 1 16
2013-12-29T22:00:00 135 9 22 10 11 5 18 1 5 1 12
2013-12-29T23:00:00 118 8 17 11 8 6 14 1 3 0 8
2013-12-30T00:00:00 117 11 18 10 8 5 8 1 3 2 6
2013-12-30T01:00:00 101 14 21 5 4 5 7 1 2 2 5
2013-12-30T02:00:00 85 11 22 6 3 4 6 1 1 2 4
2013-12-30T03:00:00 59 10 19 6 3 3 5 1 1 2 2
2013-12-30T04:00:00 44 7 14 4 2 4 7 0 2 2 1
2013-12-30T05:00:00 32 8 13 3 2 2 6 1 2 2 1
2013-12-30T06:00:00 21 5 8 3 0 3 6 1 1 0 1
2013-12-30T07:00:00 24 2 5 2 1 2 5 1 1 0 2
2013-12-30T08:00:00 48 3 4 1 1 2 6 1 2 0 2
2013-12-30T09:00:00 68 6 7 1 2 2 5 1 2 0 2
2013-12-30T10:00:00 79 8 12 1 2 1 8 1 1 0 3
2013-12-30T11:00:00 97 8 14 1 3 1 8 1 3 0 4
2014-01-03T19:00:00 109 7 17 12 5 5 16 4 10 4 8
2014-01-03T20:00:00 106 7 12 12 6 6 16 5 9 7 9
2014-01-18T08:00:00 47 1 1 1 1 0 2 3 1 0 1
2014-01-18T09:00:00 57 1 2 3 1 0 3 3 2 2 1
2014-01-18T10:00:00 81 6 2 4 1 1 7 2 2 2 1
2014-01-18T11:00:00 112 10 4 6 3 2 10 3 7 2 2
2014-01-18T12:00:00 133 9 7 7 6 2 12 3 8 2 4
2014-01-18T13:00:00 152 13 8 9 8 3 17 2 10 2 9
2014-01-18T14:00:00 156 14 9 12 9 3 24 2 12 2 12
2014-01-20T02:00:00 78 12 4 5 7 2 7 0 3 1 11
2014-01-20T03:00:00 69 12 4 2 3 2 8 0 2 1 8
2014-01-20T04:00:00 58 12 2 1 2 2 6 0 1 1 7
2014-01-20T05:00:00 36 9 1 1 2 0 4 0 1 1 3
2014-01-20T06:00:00 22 6 0 0 1 0 2 0 0 1 1
2014-01-20T07:00:00 20 4 0 0 0 0 1 0 0 1 1
2014-01-20T08:00:00 33 1 2 0 0 0 2 0 0 1 2
2014-01-20T09:00:00 50 3 3 0 0 0 2 0 1 1 3
2014-01-30T02:00:00 102 13 5 2 6 2 5 0 4 1 11
2014-01-30T03:00:00 81 9 4 1 2 2 3 0 4 1 6
2014-01-30T04:00:00 61 6 3 1 1 0 2 0 4 0 5
2014-01-30T05:00:00 43 3 1 1 1 0 1 0 3 0 4
2014-01-30T06:00:00 30 2 1 0 0 0 1 0 3 0 3
2014-01-30T07:00:00 25 1 0 0 0 0 0 0 2 0 1
2014-01-30T08:00:00 46 0 1 0 0 0 2 0 2 0 1
2014-01-30T09:00:00 73 0 1 1 1 0 6 1 1 1 3
2014-01-30T10:00:00 109 2 1 3 2 0 8 1 0 2 3
2014-01-30T11:00:00 132 4 1 3 2 0 10 1 4 2 6
2014-01-30T12:00:00 160 4 1 4 2 0 14 1 6 2 8
2014-01-30T13:00:00 177 4 1 5 3 0 17 1 7 2 11
2014-01-30T14:00:00 176 6 0 6 7 0 17 1 9 2 12
2014-01-30T15:00:00 181 9 1 5 8 0 15 1 9 2 12
2014-01-30T16:00:00 169 12 1 4 10 0 16 2 13 1 12
2014-01-30T17:00:00 177 12 1 7 10 0 16 2 13 2 11
2014-01-30T18:00:00 178 14 2 6 10 0 18 2 13 2 13
2014-01-30T19:00:00 190 20 3 6 10 1 18 2 12 3 15
2014-01-30T20:00:00 197 26 4 7 6 1 21 2 10 4 18
2014-01-30T21:00:00 185 27 3 7 4 1 25 1 11 3 17
2014-01-30T22:00:00 183 26 4 6 1 2 28 0 11 4 19
2014-01-30T23:00:00 168 29 4 3 2 2 37 0 8 3 23
2014-02-02T00:00:00 104 6 1 9 7 5 44 1 5 3 18
2014-02-02T01:00:00 86 8 1 6 5 4 38 0 2 3 13
2014-02-02T02:00:00 69 8 1 4 4 4 33 0 2 3 13
2014-02-02T03:00:00 45 7 1 2 2 3 24 0 4 2 12
2014-02-02T04:00:00 25 7 1 0 1 1 14 0 2 1 12
2014-02-02T05:00:00 16 6 1 0 1 0 13 0 2 1 8
2014-02-20T02:00:00 82 11 9 4 2 0 13 0 2 1 7
2014-02-20T03:00:00 67 11 10 3 1 0 11 0 2 2 8
2014-03-10T01:00:00 96 13 13 6 3 3 12 0 4 0 5
2014-03-10T02:00:00 75 12 13 5 1 4 10 0 4 0 4
2014-03-10T03:00:00 58 9 11 5 1 4 8 0 5 0 4
2014-03-10T04:00:00 38 6 10 4 1 4 7 0 3 0 4
2014-03-10T05:00:00 21 4 6 1 1 2 2 0 2 0 1
2014-03-10T06:00:00 16 4 4 0 1 1 2 0 1 0 0
2014-03-10T07:00:00 13 2 2 1 1 1 1 0 3 0 0
2014-03-10T08:00:00 24 3 2 1 0 0 1 0 3 0 0
2014-03-10T09:00:00 36 4 6 2 0 3 0 0 2 0 0
2014-03-10T10:00:00 47 5 8 2 0 4 0 1 2 0 2
2014-03-10T11:00:00 58 7 10 2 0 4 1 1 2 1 4
2014-03-18T09:00:00 48 1 4 2 1 0 2 2 1 1 1
2014-03-18T10:00:00 61 2 4 1 1 0 5 2 1 2 2
2014-03-18T11:00:00 77 2 6 1 1 0 5 2 1 3 2
2014-03-18T12:00:00 92 3 8 1 2 1 8 2 1 3 3
2014-03-18T13:00:00 95 5 9 2 4 1 10 1 2 2 6
2014-03-18T14:00:00 92 5 14 1 5 2 14 1 5 2 6
2014-03-18T15:00:00 90 6 17 3 7 3 17 2 5 2 9
2014-04-17T11:00:00 95 5 10 1 2 1 15 1 2 0 9
2014-04-17T12:00:00 110 4 17 1 3 3 20 2 2 1 10
2014-04-17T13:00:00 114 3 21 2 4 6 23 2 2 1 9
2014-04-17T14:00:00 116 5 23 2 5 6 22 2 3 1 4
2014-04-17T15:00:00 103 8 25 3 4 7 22 2 4 1 6
2014-04-17T16:00:00 108 7 26 4 3 7 18 2 5 1 5
2014-05-26T18:00:00 91 9 23 8 4 1 21 1 10 2 5
2014-05-26T19:00:00 89 9 23 8 5 1 19 1 11 0 5
2014-05-26T20:00:00 90 8 20 8 4 0 15 1 10 0 7
2014-05-26T21:00:00 92 8 22 7 3 1 13 2 8 0 7
2014-05-26T22:00:00 88 12 23 5 2 1 13 2 9 0 10
2014-05-26T23:00:00 90 8 24 6 3 1 14 2 8 0 12
2014-05-27T00:00:00 84 10 27 6 3 1 9 2 7 0 12
2014-05-29T17:00:00 117 11 16 6 7 5 21 1 4 4 10
2014-05-29T18:00:00 110 12 17 6 8 5 19 1 4 4 11
2014-05-29T19:00:00 113 11 20 6 8 8 15 1 2 4 13
2014-11-06T05:00:00 23 7 8 1 3 1 6 0 2 3 5
2014-11-06T06:00:00 14 6 6 1 2 1 0 0 0 1 3
2014-11-06T07:00:00 13 5 5 1 1 1 0 0 0 0 0
2014-11-06T08:00:00 20 4 6 3 2 0 1 0 1 1 0
2014-11-06T09:00:00 27 3 8 3 1 0 1 0 1 2 3
2014-11-06T10:00:00 34 7 12 3 2 2 2 1 2 3 6
2014-11-06T11:00:00 42 9 14 5 2 3 10 1 3 3 9
2014-11-06T12:00:00 46 11 19 6 2 4 13 2 5 3 10
2014-11-06T13:00:00 50 11 22 6 3 4 17 3 5 3 13
2014-11-12T00:00:00 71 20 33 12 10 4 23 1 4 5 19
2014-11-12T01:00:00 69 22 32 12 7 3 23 1 3 5 20
2014-11-12T02:00:00 57 20 24 6 6 0 20 1 3 3 17
2014-11-12T03:00:00 35 15 20 6 5 0 16 1 2 3 14
2014-12-07T20:00:00 0 0 0 0 0 0 0 0 0 0 0
2014-12-28T23:00:00 0 0 0 0 0 0 0 0 0 0 0
2014-12-29T00:00:00 0 0 0 0 0 0 0 0 0 0 0
2014-12-29T01:00:00 0 0 0 0 0 0 0 0 0 0 0
