2013-06-01T11:00:00Z -3 50 15 -32 -6
2013-06-01T10:00:00Z 28 64 50 -17 27
2013-06-01T09:00:00Z 40 34 94 12 55
2013-06-01T08:00:00Z 37 19 57 25 40
2013-06-01T07:00:00Z 42 55 62 30 37
2013-06-01T06:00:00Z 30 62 45 -1 -2
2013-06-05T04:00:00Z -18 10 -41 12 4
2013-06-05T03:00:00Z -10 5 -104 14 0
2013-06-05T02:00:00Z -7 13 -127 6 -24
2013-06-05T01:00:00Z -19 -11 -164 5 -22
2013-06-05T00:00:00Z -20 -49 -205 9 -11
2013-06-04T23:00:00Z -28 -89 -177 24 -1
2013-06-09T13:00:00Z -57 -79 -170 -102 -7
2013-06-09T12:00:00Z -58 -161 -91 -102 1
2013-06-09T11:00:00Z -54 -163 -33 -103 11
2013-06-09T10:00:00Z 17 -16 -51 -98 25
2013-06-09T09:00:00Z 1 -19 -84 -93 40
2013-06-09T08:00:00Z -42 -9 -105 -80 37
2013-06-13T22:00:00Z -38 -45 -108 7 10
2013-06-13T21:00:00Z -44 -37 -113 -168 32
2013-06-13T20:00:00Z -27 -68 -111 -1 52
2013-06-13T19:00:00Z -2 -95 -113 185 61
2013-06-14T23:00:00Z -59 -4 -9 40 -19
2013-06-14T22:00:00Z -54 -30 -48 45 -21
2013-06-14T21:00:00Z -51 -46 -28 65 -23
2013-06-14T20:00:00Z -16 -51 -34 18 -34
2013-06-14T19:00:00Z -5 -29 -39 9 -49
2013-06-14T18:00:00Z 8 -39 -31 1 -35
2013-06-17T10:00:00Z -150 -171 -135 5 -26
2013-06-17T09:00:00Z -178 -173 -114 15 -31
2013-06-17T08:00:00Z -168 -139 -75 15 -47
2013-06-17T07:00:00Z -145 -102 -53 -1 -27
2013-06-17T06:00:00Z -139 -80 -58 -71 -27
2013-06-17T05:00:00Z -103 -27 45 -93 -7
2013-06-27T13:00:00Z 94 25 -10 7 -25
2013-06-27T12:00:00Z 156 24 -27 17 -47
2013-06-27T11:00:00Z 156 73 -45 23 -90
2013-06-27T10:00:00Z 56 70 -59 12 -19
2013-06-27T09:00:00Z 109 100 -52 -18 -26
2013-06-27T08:00:00Z 161 105 -41 7 0
2013-06-29T19:00:00Z 56 44 7 40 56
2013-06-29T18:00:00Z 53 27 6 14 46
2013-06-29T17:00:00Z 50 16 22 10 51
2013-06-29T16:00:00Z 36 -7 34 -1 44
2013-06-29T15:00:00Z 4 9 30 -5 50
2013-06-29T14:00:00Z 32 -16 10 -9 34
2013-07-20T09:00:00Z 49 29 20 -7 -89
2013-07-20T08:00:00Z 51 61 47 -6 -46
2013-07-20T07:00:00Z 47 67 40 -1 -28
2013-07-20T06:00:00Z 54 70 52 4 -31
2013-07-20T05:00:00Z 45 66 52 1 -12
2013-07-20T04:00:00Z 79 72 63 -29 -9
2013-07-28T07:00:00Z -13 -14 -1 -12 18
2013-07-28T06:00:00Z -17 -9 -3 -1 8
2013-07-28T05:00:00Z -24 29 -15 -2 11
2013-07-28T04:00:00Z -8 31 6 -5 20
2013-07-28T03:00:00Z -9 78 29 -19 18
2013-07-30T22:00:00Z 37 -36 18 61 -1
2013-07-30T21:00:00Z 17 -102 14 37 0
2013-07-30T20:00:00Z -2 -115 12 34 1
2013-07-30T19:00:00Z -33 -104 6 3 -6
2013-07-30T18:00:00Z -61 -62 -1 -7 3
2013-08-17T09:00:00Z -72 10 2 -41 45
2013-08-17T08:00:00Z -127 18 -75 -40 58
2013-08-17T07:00:00Z -1 -1 -1 -1 -1
2013-08-17T06:00:00Z -1 -1 -1 -1 -1
2013-08-17T05:00:00Z -1 -1 -1 -1 -1
2013-08-17T04:00:00Z -139 -53 -51 -40 -45
2013-09-13T09:00:00Z -185 -38 39 -86 -42
2013-09-13T08:00:00Z -188 -53 75 -78 -38
2013-09-13T07:00:00Z -175 -73 69 -157 -24
2013-09-13T06:00:00Z -1 -1 -1 -1 -1
2013-09-13T05:00:00Z -150 -69 29 -71 103
2013-09-13T04:00:00Z -146 -68 -33 -64 74
2013-09-20T05:00:00Z 7 49 6 4 42
2013-09-20T04:00:00Z 6 56 61 0 77
2013-09-20T03:00:00Z -1 -1 -1 -1 -1
2013-09-20T02:00:00Z 11 93 145 4 102
2013-09-20T01:00:00Z -5 124 148 -7 100
2013-09-20T00:00:00Z -11 117 150 -20 107
2013-10-07T17:00:00Z -134 -116 -62 -72 -32
2013-10-07T16:00:00Z -137 -92 -93 -75 -23
2013-10-07T15:00:00Z -133 -84 -48 -71 -11
2013-10-07T14:00:00Z -104 -75 -69 -65 3
2013-10-07T13:00:00Z -80 -47 -90 -66 17
2013-10-07T12:00:00Z -42 -11 -50 -61 14
2013-10-10T17:00:00Z -9 -88 -83 -10 52
2013-10-10T16:00:00Z -1 -79 -67 -3 53
2013-10-10T15:00:00Z 7 -70 -49 3 50
2013-10-10T14:00:00Z 14 -61 -31 8 47
2013-10-10T13:00:00Z 24 -53 -13 14 42
2013-10-10T12:00:00Z 23 -42 3 19 40
2013-10-19T18:00:00Z -1 -1 -1 -1 -1
2013-10-19T17:00:00Z -1 -1 -1 -1 -1
2013-10-19T16:00:00Z -1 -1 -1 -1 -1
2013-10-19T15:00:00Z -1 -1 -1 -1 -1
2013-10-19T14:00:00Z -1 -1 -1 -1 -1
2013-10-19T13:00:00Z -1 -1 -1 -1 -1
2013-10-22T19:00:00Z -48 -25 108 19 -1
2013-10-22T18:00:00Z -57 -53 112 17 13
2013-10-22T17:00:00Z -54 -55 99 -21 8
2013-10-22T16:00:00Z -56 -58 124 -25 21
2013-10-29T17:00:00Z -82 -230 -188 -35 -27
2013-10-29T16:00:00Z -86 -245 -207 -35 -25
2013-10-29T15:00:00Z -208 -268 -184 -47 -30
2013-10-29T14:00:00Z -262 -286 -198 -60 -41
2013-10-29T13:00:00Z -268 -304 -199 32 -49
2013-10-29T12:00:00Z -281 -302 -168 36 -48
2013-11-09T19:00:00Z -1 57 -71 -103 -64
2013-11-09T18:00:00Z -1 -1 -1 -1 -1
2013-11-09T17:00:00Z -1 36 -59 -63 -33
2013-11-09T16:00:00Z -1 10 -61 -43 -29
2013-11-09T15:00:00Z -1 -34 -76 -20 -23
2013-11-09T14:00:00Z -1 -32 -66 -2 -4
2013-11-14T16:00:00Z -1 -1 -1 -1 -1
2013-11-14T15:00:00Z -1 -1 -1 -1 -1
2013-11-14T14:00:00Z -1 -1 -1 -1 -1
2013-11-14T13:00:00Z -1 -1 -1 -1 -1
2013-11-14T12:00:00Z -268 -260 -277 -1 -88
2013-11-14T11:00:00Z -280 -223 -303 -1 -23
2013-11-24T17:00:00Z -96 -240 -229 -19 -185
2013-11-24T16:00:00Z -155 -258 -337 -6 -208
2013-11-24T15:00:00Z -272 -302 -103 -4 -151
2013-11-24T14:00:00Z -297 -359 -380 11 -162
2013-11-24T13:00:00Z -265 -344 -374 1 -195
2013-11-24T12:00:00Z -299 -148 -420 -19 -195
2013-12-09T06:00:00Z -1 -1 -1 -1 -1
2013-12-09T05:00:00Z -380 -407 -371 -44 -248
2013-12-09T04:00:00Z -392 -355 -346 -119 -231
2013-12-09T03:00:00Z -405 -323 -349 -166 -209
2013-12-09T02:00:00Z -402 -308 -346 -145 -194
2013-12-09T01:00:00Z -464 -281 -334 -141 -171
2013-12-26T04:00:00Z -1 -1 -1 -1 -1
2013-12-26T03:00:00Z -334 -437 -842 -129 -285
2013-12-26T02:00:00Z -335 -382 -848 -135 -271
2013-12-26T01:00:00Z -345 -338 -725 -129 -253
2013-12-26T00:00:00Z -356 -330 -647 -116 -201
2013-12-25T23:00:00Z -395 -237 -288 -100 -137
2014-01-03T01:00:00Z 110 217 156 41 116
2014-01-03T00:00:00Z 137 182 209 53 95
2014-01-02T23:00:00Z 133 166 184 61 95
2014-01-02T22:00:00Z 165 119 163 57 72
2014-01-02T21:00:00Z -1 -1 -1 -1 -1
2014-01-02T20:00:00Z -1 -1 -1 -1 -1
2014-01-05T05:00:00Z 76 -38 -7 3 15
2014-01-05T04:00:00Z 66 -27 -15 37 13
2014-01-05T03:00:00Z 75 -38 -41 50 9
2014-01-05T02:00:00Z 85 -28 28 65 3
2014-01-05T01:00:00Z -1 -1 -1 -1 -1
2014-01-05T00:00:00Z 88 -37 98 79 15
2014-01-11T22:00:00Z 34 110 110 22 159
2014-01-11T21:00:00Z 14 37 47 32 155
2014-01-11T20:00:00Z 35 10 120 5 182
2014-01-11T19:00:00Z 35 67 105 4 166
2014-01-11T18:00:00Z 13 12 23 7 144
2014-01-11T17:00:00Z -4 25 11 -14 164
2014-01-14T01:00:00Z -1 -1 -1 -1 -1
2014-01-14T00:00:00Z 117 204 132 36 -68
2014-01-13T23:00:00Z -1 -1 -1 -1 -1
2014-01-13T22:00:00Z 79 96 6 39 -55
2014-01-13T21:00:00Z 69 9 -20 -5 -50
2014-01-13T20:00:00Z 112 -5 -4 -15 -33
2014-01-17T05:00:00Z -354 -231 103 -61 -30
2014-01-17T04:00:00Z -299 -143 209 -48 -51
2014-01-17T03:00:00Z -239 18 251 -15 -73
2014-01-17T02:00:00Z -163 130 159 -10 -103
2014-01-17T01:00:00Z -144 72 50 0 -80
2014-01-17T00:00:00Z -1 -1 -1 -1 -1
2014-01-18T00:00:00Z -1 -1 -1 -1 -1
2014-01-17T23:00:00Z 175 153 146 -25 78
2014-01-17T22:00:00Z 195 112 132 -53 82
2014-01-17T21:00:00Z 191 92 110 -50 60
2014-01-17T20:00:00Z 215 6 98 -55 15
2014-01-17T19:00:00Z 172 14 65 -53 -3
2014-01-19T21:00:00Z 125 -42 -283 -33 147
2014-01-19T20:00:00Z 134 -1 -265 -35 131
2014-01-19T19:00:00Z 165 -70 -109 -1 106
2014-01-19T18:00:00Z 122 -147 -18 7 90
2014-01-19T17:00:00Z 52 -136 -97 -1 78
2014-01-19T16:00:00Z 136 -160 63 45 56
2014-01-24T13:00:00Z -83 -59 -85 18 15
2014-01-24T12:00:00Z -94 -75 -74 17 24
2014-01-24T11:00:00Z -89 -80 -52 -9 27
2014-01-24T10:00:00Z -42 -60 -33 -15 30
2014-01-24T09:00:00Z -39 -74 -69 -32 23
2014-01-24T08:00:00Z -19 -61 -91 -9 26
2014-01-30T02:00:00Z 16 64 -141 64 101
2014-01-30T01:00:00Z 80 59 -144 89 102
2014-01-30T00:00:00Z 99 40 -108 77 77
2014-01-29T23:00:00Z -1 -1 -1 -1 -1
2014-01-29T22:00:00Z 150 47 2 53 66
2014-01-29T21:00:00Z 160 17 2 58 64
2014-01-31T07:00:00Z -10 -129 -18 99 -17
2014-01-31T06:00:00Z 88 -107 41 141 15
2014-01-31T05:00:00Z 141 30 97 196 27
2014-01-31T04:00:00Z 183 163 110 280 41
2014-01-31T03:00:00Z 164 227 131 433 103
2014-01-31T02:00:00Z 285 251 205 417 207
2014-02-02T09:00:00Z 68 93 11 -35 32
2014-02-02T08:00:00Z 85 86 18 -45 37
2014-02-02T07:00:00Z -1 -1 -1 -1 -1
2014-02-02T06:00:00Z 46 67 7 -31 37
2014-02-02T05:00:00Z 22 44 20 -5 25
2014-02-02T04:00:00Z 11 58 37 -22 38
2014-02-06T13:00:00Z -4 -102 16 -37 21
2014-02-06T12:00:00Z -7 -26 49 -19 13
2014-02-06T11:00:00Z 6 3 33 -5 6
2014-02-06T10:00:00Z 16 39 14 -3 3
2014-02-06T09:00:00Z -17 62 3 0 8
2014-02-06T08:00:00Z -1 -1 -1 -1 -1
2014-02-12T07:00:00Z 78 88 60 -18 -7
2014-02-12T06:00:00Z 116 106 78 -8 21
2014-02-12T05:00:00Z 122 73 70 21 29
2014-02-12T04:00:00Z 126 80 72 19 41
2014-02-12T03:00:00Z 87 124 64 46 50
2014-02-12T02:00:00Z 77 137 47 32 33
2014-02-17T04:00:00Z -69 17 -90 22 9
2014-02-17T03:00:00Z -82 -16 -55 30 25
2014-02-17T02:00:00Z -118 9 -95 22 22
2014-02-17T01:00:00Z -131 -71 -159 26 20
2014-02-17T00:00:00Z -176 -86 -150 21 8
2014-02-16T23:00:00Z -196 -106 -145 -37 12
2014-03-04T04:00:00Z 9 -69 -115 -35 57
2014-03-04T03:00:00Z 35 -37 -56 29 65
2014-03-04T02:00:00Z 46 -21 8 65 55
2014-03-04T01:00:00Z 35 -8 33 115 40
2014-03-04T00:00:00Z 41 27 47 133 62
2014-03-03T23:00:00Z 43 46 86 168 41
2014-03-11T19:00:00Z 55 32 -55 -121 -53
2014-03-11T18:00:00Z 53 9 -122 -95 5
2014-03-11T17:00:00Z -1 -1 -1 -1 -1
2014-03-11T16:00:00Z 97 9 1 16 14
2014-03-11T15:00:00Z 83 18 41 24 36
2014-03-11T14:00:00Z 93 22 62 38 39
2014-03-16T06:00:00Z -46 -21 93 -30 -46
2014-03-16T05:00:00Z -15 46 93 -4 -22
2014-03-16T04:00:00Z 29 134 92 25 -13
2014-03-16T03:00:00Z 62 166 100 42 -3
2014-03-16T02:00:00Z 66 145 91 51 -8
2014-03-16T01:00:00Z 73 143 66 50 -49
2014-03-28T11:00:00Z -20 46 -110 -39 -96
2014-03-28T10:00:00Z 54 26 -56 -10 -101
2014-03-28T09:00:00Z 62 -17 -59 19 -25
2014-03-28T08:00:00Z 75 -91 -77 17 -50
2014-03-28T07:00:00Z 97 -172 -77 7 -10
2014-03-28T06:00:00Z 96 -132 -59 -3 55
2014-03-29T01:00:00Z -1 -1 -1 -1 -1
2014-03-29T00:00:00Z 115 4 27 -8 39
2014-03-28T23:00:00Z 98 -26 13 -15 45
2014-03-28T22:00:00Z 52 -65 18 -13 25
2014-03-28T21:00:00Z 59 -79 -36 -29 -7
2014-03-28T20:00:00Z -28 -80 -105 -73 12
2014-04-01T14:00:00Z -1 -1 -1 -1 -1
2014-04-01T13:00:00Z -1 -1 -1 -1 -1
2014-04-01T12:00:00Z -1 -1 -1 -1 -1
2014-04-01T11:00:00Z -1 -1 -1 -1 -1
2014-04-01T10:00:00Z -1 -1 -1 58 -1
2014-04-01T09:00:00Z 46 47 62 12 18
2014-04-15T08:00:00Z 46 59 52 -120 -76
2014-04-15T07:00:00Z -54 33 49 -94 -72
2014-04-15T06:00:00Z -102 32 59 -83 -52
2014-04-15T05:00:00Z -93 22 46 -62 -32
2014-04-15T04:00:00Z -93 -12 48 4 -10
2014-04-15T03:00:00Z -121 -91 26 39 -14
2014-04-23T19:00:00Z -61 -69 -107 55 -8
2014-04-23T18:00:00Z -56 -71 -82 42 15
2014-04-23T17:00:00Z -24 -58 -76 4 77
2014-04-23T16:00:00Z 3 -28 -68 -13 40
2014-04-23T15:00:00Z 43 -3 -33 -10 36
2014-04-23T14:00:00Z 63 19 16 -12 6
2014-04-25T22:00:00Z -14 -2 -129 34 5
2014-04-25T21:00:00Z -37 15 -130 13 13
2014-04-25T20:00:00Z -61 -30 -111 -32 12
2014-04-25T19:00:00Z -53 -58 -81 -39 4
2014-04-25T18:00:00Z -1 -1 -1 -1 -1
2014-04-25T17:00:00Z -1 -1 -1 -1 -1
2014-05-07T07:00:00Z 24 47 60 31 13
2014-05-07T06:00:00Z 29 27 65 28 16
2014-05-07T05:00:00Z 39 29 62 25 12
2014-05-07T04:00:00Z 34 31 56 44 10
2014-05-07T03:00:00Z 41 9 51 40 12
2014-05-07T02:00:00Z -1 -1 -1 -1 -1
2014-05-16T00:00:00Z 38 10 22 27 57
2014-05-15T23:00:00Z 53 15 23 30 56
2014-05-15T22:00:00Z 35 14 18 21 69
2014-05-15T21:00:00Z 17 12 27 4 30
2014-05-15T20:00:00Z 15 13 19 -7 -10
2014-05-15T19:00:00Z 15 7 4 -15 -30
2014-05-19T00:00:00Z 27 -8 -21 -2 -9
2014-05-18T23:00:00Z 20 16 -7 15 5
2014-05-18T22:00:00Z -1 -1 -1 -1 -1
2014-05-18T21:00:00Z 32 3 -5 37 15
2014-05-18T20:00:00Z 45 4 -20 34 17
2014-05-18T19:00:00Z 51 8 -38 -6 16
2014-05-20T06:00:00Z 98 13 3 13 -5
2014-05-20T05:00:00Z 70 37 -6 49 -6
2014-05-20T04:00:00Z 120 52 0 66 3
2014-05-20T03:00:00Z 103 42 20 66 -10
2014-05-20T02:00:00Z 97 30 35 80 -5
2014-05-20T01:00:00Z 74 20 27 75 -4
2014-05-22T14:00:00Z -135 -92 1 -5 -47
2014-05-22T13:00:00Z -112 -113 4 7 -42
2014-05-22T12:00:00Z -1 -1 -1 -1 -1
2014-05-22T11:00:00Z -4 -123 59 36 -37
2014-05-22T10:00:00Z 50 -98 75 26 -18
2014-05-22T09:00:00Z 99 -130 65 42 -23
2014-05-25T11:00:00Z 73 -54 -91 74 35
2014-05-25T10:00:00Z 81 -80 -91 38 28
2014-05-25T09:00:00Z 59 -67 -87 31 -7
2014-05-25T08:00:00Z 48 -47 -72 12 3
2014-05-25T07:00:00Z 42 41 -60 5 -1
2014-05-25T06:00:00Z 25 67 -51 2 10
2014-05-30T18:00:00Z -33 21 17 18 -3
2014-05-30T17:00:00Z -24 33 37 9 -9
2014-05-30T16:00:00Z -13 44 66 -2 -17
2014-05-30T15:00:00Z 4 28 55 -10 -18
2014-05-31T23:00:00Z -44 -18 -118 15 3
2014-05-31T22:00:00Z -1 -18 -94 13 2
2014-05-31T21:00:00Z 27 -17 -121 2 3
2014-05-31T20:00:00Z 7 -13 -89 -24 3
2014-05-31T19:00:00Z 28 18 -64 -12 4
2014-05-31T18:00:00Z -1 -1 -1 -1 -1
2014-06-17T03:00:00Z 14 61 27 47 -21
2014-06-17T02:00:00Z 12 55 19 43 -44
2014-06-17T01:00:00Z 20 68 -20 51 -34
2014-06-17T00:00:00Z 53 43 -23 57 -5
2014-06-16T23:00:00Z 43 16 -10 41 24
2014-06-16T22:00:00Z -1 -1 -1 -1 -1
2014-06-17T17:00:00Z -1 -1 -1 -1 -1
2014-06-17T16:00:00Z 37 -61 32 -82 -81
2014-06-17T15:00:00Z 10 -46 60 -97 -70
2014-06-17T14:00:00Z -1 -1 -1 -1 -1
2014-07-05T11:00:00Z 16 -15 21 17 -34
2014-07-05T10:00:00Z 10 6 33 36 -15
2014-07-05T09:00:00Z 17 16 54 51 -17
2014-07-05T08:00:00Z 24 37 44 30 -19
2014-07-05T07:00:00Z 8 73 47 64 -11
2014-07-05T06:00:00Z -4 63 30 93 -3
2014-07-19T00:00:00Z -30 -76 -98 -10 28
2014-07-18T23:00:00Z -47 -72 -158 -12 40
2014-07-18T22:00:00Z -51 -72 -172 -27 70
2014-07-18T21:00:00Z -47 -46 -185 -25 92
2014-07-18T20:00:00Z -28 -103 -187 -36 76
2014-07-18T19:00:00Z -21 -112 -159 -13 25
2014-07-29T12:00:00Z -57 -18 46 -2 -30
2014-07-29T11:00:00Z -29 41 54 13 -47
2014-07-29T10:00:00Z -1 -1 -1 -1 -1
2014-07-29T09:00:00Z -1 -1 -1 -1 -1
2014-07-29T08:00:00Z -1 -1 -1 -1 -1
2014-07-29T07:00:00Z -1 -1 -1 -1 -1
2014-08-09T11:00:00Z -1 -1 -1 -1 -1
2014-08-09T10:00:00Z -1 -1 -1 -1 -1
2014-08-09T09:00:00Z -1 -1 -1 -1 -1
2014-08-09T08:00:00Z -1 -1 -1 -1 -1
2014-08-21T21:00:00Z -13 37 -41 -7 -33
2014-08-21T20:00:00Z -18 65 -26 8 -44
2014-08-21T19:00:00Z -34 52 -26 8 -46
2014-08-21T18:00:00Z -44 23 30 8 -62
2014-08-21T17:00:00Z -63 19 46 14 -58
2014-08-21T16:00:00Z -51 17 19 16 -48
2014-08-23T22:00:00Z 10 40 26 -50 -24
2014-08-23T21:00:00Z 6 15 35 -45 -16
2014-08-23T20:00:00Z -1 -1 -1 -1 -1
2014-08-23T19:00:00Z -13 32 5 -39 -30
2014-08-30T23:00:00Z -23 45 -49 27 4
2014-08-30T22:00:00Z -55 32 -32 27 -6
2014-08-30T21:00:00Z -56 59 -27 33 5
2014-08-30T20:00:00Z -6 78 -33 26 -13
2014-08-30T19:00:00Z -30 59 -35 11 -18
2014-08-30T18:00:00Z -44 54 -10 44 -20
2014-09-01T15:00:00Z 11 -65 10 -10 -11
2014-09-01T14:00:00Z -1 -49 25 5 -3
2014-09-01T13:00:00Z 3 -12 41 2 -3
2014-09-01T12:00:00Z -1 -1 -1 -1 -1
2014-09-01T11:00:00Z 22 -8 18 20 -16
2014-09-01T10:00:00Z -1 -1 -1 16 -1
2014-09-07T22:00:00Z -22 116 -15 24 3
2014-09-07T21:00:00Z -23 103 -35 10 -1
2014-09-07T20:00:00Z -38 94 -54 -26 0
2014-09-07T19:00:00Z -69 36 -44 -9 -14
2014-09-07T18:00:00Z -59 -3 -32 -14 19
2014-09-07T17:00:00Z -64 -12 -31 -20 22
2014-09-21T05:00:00Z -12 54 16 -1 -24
2014-09-21T04:00:00Z -11 33 38 -2 -38
2014-09-21T03:00:00Z -1 -1 -1 -1 -1
2014-09-21T02:00:00Z 29 43 43 -3 -25
2014-09-21T01:00:00Z -1 -1 -1 -1 -1
2014-09-21T00:00:00Z 30 52 16 -36 -57
2014-09-25T23:00:00Z -14 5 -62 27 37
2014-09-25T22:00:00Z -9 -28 -60 32 20
2014-09-25T21:00:00Z 1 -27 -77 27 2
2014-09-25T20:00:00Z 61 -55 -92 16 -2
2014-09-25T19:00:00Z 44 -55 -77 14 -8
2014-09-25T18:00:00Z 31 -33 -68 0 -18
2014-09-26T23:00:00Z 3 35 24 45 34
2014-09-26T22:00:00Z -1 -1 -1 -1 -1
2014-09-26T21:00:00Z 78 63 35 25 29
2014-09-26T20:00:00Z 87 69 14 44 22
2014-09-26T19:00:00Z 78 59 14 63 22
2014-09-26T18:00:00Z 70 56 21 38 1
2014-10-04T00:00:00Z -69 6 19 23 12
2014-10-03T23:00:00Z -52 49 31 28 10
2014-10-03T22:00:00Z -42 71 -15 20 19
2014-10-03T21:00:00Z -7 74 -27 15 15
2014-10-03T20:00:00Z -1 -1 -1 -1 -1
2014-10-03T19:00:00Z 61 31 -40 7 5
2014-10-11T18:00:00Z 55 -24 22 -42 -12
2014-10-11T17:00:00Z 22 -44 -21 11 -6
2014-10-11T16:00:00Z -1 -1 -1 -1 -1
2014-10-11T15:00:00Z -60 -70 2 45 26
2014-10-11T14:00:00Z -86 -65 2 53 4
2014-10-11T13:00:00Z -101 -62 5 13 16
2014-10-18T04:00:00Z 152 117 10 15 32
2014-10-18T03:00:00Z 161 104 10 26 47
2014-10-18T02:00:00Z 144 106 10 23 60
2014-10-18T01:00:00Z -1 -1 -1 -1 -1
2014-10-18T00:00:00Z 123 110 10 37 64
2014-10-17T23:00:00Z 100 95 -4 16 64
2014-10-20T23:00:00Z -1 -1 -1 -1 -1
2014-10-20T22:00:00Z -1 -1 -1 -1 -1
2014-10-20T21:00:00Z -24 12 -164 -133 -56
2014-10-20T20:00:00Z 74 60 -20 -154 -83
2014-10-26T04:00:00Z -192 -220 -55 -85 32
2014-10-26T03:00:00Z -278 -163 -57 -10 56
2014-10-26T02:00:00Z -1 -1 -1 -1 -1
2014-10-26T01:00:00Z -1 -1 -1 -1 -1
2014-10-26T00:00:00Z -218 -139 -120 -16 77
2014-10-25T23:00:00Z -1 -82 -1 -1 -1
