2013-06-01T04:00:00Z 37 62 30 34 -35
2013-06-01T03:00:00Z 45 62 42 43 -15
2013-06-01T02:00:00Z 41 33 45 40 -21
2013-06-01T01:00:00Z 33 25 9 34 -14
2013-06-01T00:00:00Z 30 11 10 29 -10
2013-05-31T23:00:00Z -4 24 9 31 -24
2013-06-02T14:00:00Z -13 120 17 43 -13
2013-06-02T13:00:00Z 18 139 16 34 -25
2013-06-02T12:00:00Z 59 92 3 13 -34
2013-06-02T11:00:00Z 91 93 -1 -19 -32
2013-06-02T10:00:00Z 112 101 11 1 17
2013-06-02T09:00:00Z 143 97 23 6 28
2013-06-05T20:00:00Z 17 65 68 25 4
2013-06-05T19:00:00Z 42 39 58 32 5
2013-06-05T18:00:00Z 37 24 59 27 -2
2013-06-05T17:00:00Z 23 18 74 -1 -1
2013-06-05T16:00:00Z 37 32 66 0 -2
2013-06-05T15:00:00Z 56 26 74 -26 -18
2013-06-14T16:00:00Z 52 -26 -26 -32 -63
2013-06-14T15:00:00Z 46 -26 -28 -21 -58
2013-06-14T14:00:00Z 60 1 7 -39 -32
2013-06-14T13:00:00Z 80 47 25 -34 -28
2013-06-14T12:00:00Z 70 92 70 -33 -34
2013-06-14T11:00:00Z 57 87 63 -41 -32
2013-06-15T17:00:00Z 125 28 -45 -11 -5
2013-06-15T16:00:00Z 88 66 -25 -13 -10
2013-06-15T15:00:00Z 86 62 -4 0 -1
2013-06-15T14:00:00Z 82 42 33 -18 -49
2013-06-15T13:00:00Z 81 51 36 -28 -32
2013-06-15T12:00:00Z 73 64 42 -32 -33
2013-06-26T01:00:00Z 30 -108 -170 -64 -2
2013-06-26T00:00:00Z 73 -57 -175 -54 -2
2013-06-25T23:00:00Z -17 -33 -211 -60 6
2013-06-25T22:00:00Z -68 -33 -201 -51 14
2013-06-25T21:00:00Z -25 -8 -199 11 18
2013-06-25T20:00:00Z 42 47 -196 37 6
2013-06-28T05:00:00Z 6 58 109 9 -82
2013-06-28T04:00:00Z 17 55 110 15 -92
2013-06-28T03:00:00Z 62 48 111 15 -68
2013-06-28T02:00:00Z 51 28 83 14 -61
2013-06-28T01:00:00Z 54 26 51 15 -33
2013-06-28T00:00:00Z 40 37 46 18 0
2013-06-30T01:00:00Z 112 102 -38 89 0
2013-06-30T00:00:00Z 107 106 -11 82 20
2013-06-29T23:00:00Z 87 105 0 56 36
2013-06-29T22:00:00Z 52 95 -1 65 54
2013-06-29T21:00:00Z 50 75 -17 50 69
2013-06-29T20:00:00Z 49 57 2 45 52
2013-07-18T14:00:00Z 51 -28 25 -8 5
2013-07-18T13:00:00Z 79 -37 23 19 12
2013-07-18T12:00:00Z -1 -1 -1 -1 -1
2013-07-18T11:00:00Z 57 38 23 29 10
2013-07-18T10:00:00Z -1 -1 -1 -1 -1
2013-07-18T09:00:00Z -1 -1 -1 -1 -1
2013-08-15T21:00:00Z 149 146 -66 36 2
2013-08-15T20:00:00Z 141 127 -10 46 -13
2013-08-15T19:00:00Z 123 116 60 41 -17
2013-08-15T18:00:00Z 126 96 41 19 5
2013-08-15T17:00:00Z 122 103 70 10 11
2013-08-15T16:00:00Z 66 101 71 11 24
2013-09-12T15:00:00Z 42 22 35 -23 -57
2013-09-12T14:00:00Z 51 10 5 -25 -35
2013-09-12T13:00:00Z 58 8 -7 0 -4
2013-09-12T12:00:00Z 60 7 19 1 15
2013-09-12T11:00:00Z 67 24 43 -2 53
2013-09-12T10:00:00Z 71 26 46 -10 77
2013-09-19T22:00:00Z -9 61 117 -3 66
2013-09-19T21:00:00Z -11 37 66 26 80
2013-09-19T20:00:00Z -1 -1 -1 -1 -1
2013-09-19T19:00:00Z -23 23 11 -12 -5
2013-09-19T18:00:00Z -1 -1 -1 -1 -1
2013-09-19T17:00:00Z -1 -1 -1 -1 -1
2013-09-27T17:00:00Z 46 45 76 26 -9
2013-09-27T16:00:00Z 62 33 106 6 -17
2013-09-27T15:00:00Z 101 8 76 8 14
2013-09-27T14:00:00Z 134 8 61 -7 40
2013-09-27T13:00:00Z 154 46 48 -3 99
2013-09-27T12:00:00Z 179 44 67 -9 102
2013-10-04T21:00:00Z 279 354 -81 132 24
2013-10-04T20:00:00Z 292 335 -57 120 19
2013-10-04T19:00:00Z 287 321 -41 99 -7
2013-10-04T18:00:00Z 284 298 34 85 -15
2013-10-04T17:00:00Z 276 285 109 68 35
2013-10-04T16:00:00Z 241 247 164 74 74
2013-10-09T19:00:00Z 36 133 51 28 34
2013-10-09T18:00:00Z 34 130 45 27 31
2013-10-09T17:00:00Z 31 128 42 26 26
2013-10-09T16:00:00Z 28 105 39 23 24
2013-10-09T15:00:00Z 25 80 36 22 23
2013-10-09T14:00:00Z 24 73 35 21 23
2013-10-27T14:00:00Z 31 9 73 -5 -6
2013-10-27T13:00:00Z 35 1 45 -12 -2
2013-10-27T12:00:00Z 47 -19 55 -11 11
2013-10-27T11:00:00Z 57 -24 30 -14 21
2013-10-27T10:00:00Z 62 -21 29 -8 42
2013-10-27T09:00:00Z 59 -23 37 4 56
2013-10-31T12:00:00Z -3 -64 53 -11 -16
2013-10-31T11:00:00Z 12 -41 52 -17 8
2013-10-31T10:00:00Z 61 -29 66 -3 21
2013-10-31T09:00:00Z 49 12 56 5 15
2013-10-31T08:00:00Z 44 40 64 -11 12
2013-10-31T07:00:00Z -1 -1 -1 -1 -1
2013-11-08T20:00:00Z -1 72 114 65 -62
2013-11-08T19:00:00Z -1 -1 -1 -1 -1
2013-11-08T18:00:00Z -1 39 91 44 -68
2013-11-08T17:00:00Z -1 38 86 -1 -75
2013-11-08T16:00:00Z -1 38 66 1 -42
2013-11-08T15:00:00Z -1 31 47 -2 -44
2013-11-13T17:00:00Z -17 90 158 24 -23
2013-11-13T16:00:00Z -116 60 66 9 -10
2013-11-13T15:00:00Z 40 26 17 -5 7
2013-11-13T14:00:00Z 66 12 24 0 15
2013-11-13T13:00:00Z 78 29 4 -5 -7
2013-11-13T12:00:00Z 74 37 -26 12 -29
2013-11-22T18:00:00Z 17 -47 24 -6 116
2013-11-22T17:00:00Z 34 -88 7 -15 77
2013-11-22T16:00:00Z 7 -110 22 -29 50
2013-11-22T15:00:00Z -32 -86 20 -35 -5
2013-11-22T14:00:00Z -27 -118 9 -36 -7
2013-11-22T13:00:00Z -1 -1 -1 -1 -1
2013-12-06T21:00:00Z 167 144 115 22 -42
2013-12-06T20:00:00Z 123 172 122 23 -69
2013-12-06T19:00:00Z 122 133 170 25 -6
2013-12-06T18:00:00Z -1 -1 -1 -1 -1
2013-12-06T17:00:00Z -1 -1 -1 -1 -1
2013-12-06T16:00:00Z 69 87 100 1 23
2013-12-22T18:00:00Z -41 -144 85 11 32
2013-12-22T17:00:00Z -1 -1 -1 -1 -1
2013-12-22T16:00:00Z -1 -1 -1 -1 -1
2013-12-22T15:00:00Z -1 -1 -1 -1 -1
2013-12-22T14:00:00Z -1 -1 -1 -1 -1
2013-12-22T13:00:00Z -1 -1 -1 -1 -1
2014-01-04T11:00:00Z 33 113 63 15 24
2014-01-04T10:00:00Z 29 75 71 19 27
2014-01-04T09:00:00Z 30 31 39 3 30
2014-01-04T08:00:00Z 11 11 13 -7 23
2014-01-04T07:00:00Z -20 -3 25 -10 7
2014-01-04T06:00:00Z -11 51 26 6 12
2014-01-05T22:00:00Z 44 -63 -26 -23 29
2014-01-05T21:00:00Z -9 -45 -31 -44 46
2014-01-05T20:00:00Z -80 -85 -43 -59 40
2014-01-05T19:00:00Z -106 -82 -75 -58 63
2014-01-05T18:00:00Z -150 -129 -61 -85 53
2014-01-05T17:00:00Z -157 -120 -68 -87 21
2014-01-11T15:00:00Z 45 -115 131 -10 99
2014-01-11T14:00:00Z 113 -56 101 -15 34
2014-01-11T13:00:00Z 178 9 44 -25 -18
2014-01-11T12:00:00Z 175 97 16 -12 1
2014-01-11T11:00:00Z 200 93 39 -3 22
2014-01-11T10:00:00Z 122 35 44 5 3
2014-01-17T17:00:00Z 100 -43 -20 -67 -10
2014-01-17T16:00:00Z -1 -1 -1 -1 -1
2014-01-17T15:00:00Z 109 -90 -110 -4 -10
2014-01-17T14:00:00Z -1 -1 -1 -1 -1
2014-01-17T13:00:00Z -3 -236 -215 -28 -22
2014-01-18T20:00:00Z -141 106 76 -7 -33
2014-01-18T19:00:00Z -48 36 31 -7 -36
2014-01-18T18:00:00Z -224 -40 -164 -12 -56
2014-01-18T17:00:00Z -272 -27 -243 -14 -88
2014-01-18T16:00:00Z -242 33 -224 -15 -95
2014-01-18T15:00:00Z -203 6 -364 -13 -105
2014-01-19T07:00:00Z -5 -43 -167 24 -17
2014-01-19T06:00:00Z -56 -12 -174 9 8
2014-01-19T05:00:00Z -95 90 -45 25 18
2014-01-19T04:00:00Z 43 137 104 34 9
2014-01-19T03:00:00Z 100 59 162 43 9
2014-01-22T16:00:00Z 23 -3 -4 -1 36
2014-01-22T15:00:00Z 49 -23 27 -6 39
2014-01-22T14:00:00Z 85 -14 58 -12 40
2014-01-22T13:00:00Z 48 -5 61 -5 30
2014-01-22T12:00:00Z 63 -8 73 -2 24
2014-01-22T11:00:00Z 11 -20 100 8 14
2014-01-27T08:00:00Z 7 105 20 -5 53
2014-01-27T07:00:00Z -15 123 -6 -2 64
2014-01-27T06:00:00Z 3 145 5 -4 49
2014-01-27T05:00:00Z 27 127 67 33 41
2014-01-27T04:00:00Z 41 172 84 52 36
2014-01-27T03:00:00Z 44 171 81 55 27
2014-01-29T12:00:00Z 87 -39 1 9 53
2014-01-29T11:00:00Z 75 2 9 -5 46
2014-01-29T10:00:00Z 46 80 24 18 36
2014-01-29T09:00:00Z 23 108 44 -8 28
2014-01-29T08:00:00Z 16 151 61 -4 27
2014-01-29T07:00:00Z -1 -1 -1 -1 -1
2014-01-30T19:00:00Z 65 -39 -79 26 -25
2014-01-30T18:00:00Z -51 -74 -69 -26 -94
2014-01-30T17:00:00Z -107 -93 -72 -57 -121
2014-01-30T16:00:00Z -167 -112 -96 -67 -117
2014-01-30T15:00:00Z -181 -154 -90 -94 -124
2014-01-30T14:00:00Z -190 -138 -84 -111 -117
2014-01-31T16:00:00Z -98 -84 -85 -143 8
2014-01-31T15:00:00Z -144 -140 -86 -197 7
2014-01-31T14:00:00Z -69 -196 -68 -240 13
2014-01-31T13:00:00Z -27 -198 -67 -338 -52
2014-01-31T12:00:00Z -140 -168 -114 -281 -161
2014-01-31T11:00:00Z 5 -11 -51 -39 -91
2014-02-05T21:00:00Z 18 54 30 47 -60
2014-02-05T20:00:00Z -15 25 34 11 -57
2014-02-05T19:00:00Z -16 13 40 -14 -59
2014-02-05T18:00:00Z -14 39 37 -18 -45
2014-02-05T17:00:00Z -1 -1 -1 -1 -1
2014-02-05T16:00:00Z -26 25 55 -16 -33
2014-02-11T17:00:00Z -51 -27 127 -13 31
2014-02-11T16:00:00Z -43 -15 129 10 44
2014-02-11T15:00:00Z -54 -14 117 -7 30
2014-02-11T14:00:00Z 5 -10 -1 -7 40
2014-02-11T13:00:00Z 144 -8 121 -12 30
2014-02-11T12:00:00Z 183 16 110 -15 52
2014-02-12T17:00:00Z -49 -34 52 -52 -48
2014-02-12T16:00:00Z -56 -42 65 -45 -32
2014-02-12T15:00:00Z -28 2 52 -63 -21
2014-02-12T14:00:00Z -11 -1 36 -51 -53
2014-02-12T13:00:00Z 15 -21 37 -65 -48
2014-02-12T12:00:00Z 10 -39 58 -59 -35
2014-02-19T21:00:00Z 5 11 14 -66 -12
2014-02-19T20:00:00Z 13 -1 -31 -75 6
2014-02-19T19:00:00Z 17 -31 -53 -107 12
2014-02-19T18:00:00Z 16 -45 -43 -97 18
2014-02-19T17:00:00Z 10 -45 -40 -88 -2
2014-02-19T16:00:00Z -9 -61 -58 -70 13
2014-03-10T18:00:00Z 61 57 21 -4 -47
2014-03-10T17:00:00Z 62 39 4 -16 -40
2014-03-10T16:00:00Z 56 -4 -29 -16 -27
2014-03-10T15:00:00Z 50 -11 -52 -20 -20
2014-03-10T14:00:00Z 47 -6 -23 -19 -11
2014-03-10T13:00:00Z 42 4 2 -22 -15
2014-03-16T15:00:00Z -10 -67 11 -13 23
2014-03-16T14:00:00Z -31 -97 -13 -28 23
2014-03-16T13:00:00Z -47 -83 -9 -35 17
2014-03-16T12:00:00Z -62 -62 7 -38 -2
2014-03-16T11:00:00Z -75 -88 28 -31 -8
2014-03-16T10:00:00Z -84 -64 54 -22 -25
2014-03-28T18:00:00Z -57 -79 -101 -105 -15
2014-03-28T17:00:00Z -67 -58 -109 -117 -58
2014-03-28T16:00:00Z -90 -76 -104 -110 -87
2014-03-28T15:00:00Z -1 -1 -1 -1 -1
2014-03-28T14:00:00Z -130 -34 -118 -83 -107
2014-03-28T13:00:00Z -107 -24 -112 -68 -131
2014-04-17T22:00:00Z 19 43 -1 -2 23
2014-04-17T21:00:00Z 12 17 -1 -12 10
2014-04-17T20:00:00Z 11 35 -1 17 -13
2014-04-17T19:00:00Z 6 34 -1 -17 -33
2014-04-17T18:00:00Z 13 16 -1 -18 -55
2014-04-17T17:00:00Z -4 5 -1 -16 -46
2014-04-23T07:00:00Z 68 71 59 28 -1
2014-04-23T06:00:00Z 64 62 74 39 9
2014-04-23T05:00:00Z 66 54 73 38 14
2014-04-23T04:00:00Z 46 34 81 41 -4
2014-04-23T03:00:00Z 29 29 63 36 -5
2014-04-23T02:00:00Z 25 17 75 36 -4
2014-05-01T02:00:00Z -1 -1 -1 -1 -1
2014-05-01T01:00:00Z -1 -1 -1 -1 -1
2014-05-01T00:00:00Z -1 -1 -1 22 -1
2014-04-30T23:00:00Z -1 -1 -1 -1 -1
2014-04-30T22:00:00Z -1 -1 -1 -1 -1
2014-04-30T21:00:00Z -16 6 14 31 -5
2014-05-07T00:00:00Z 22 17 7 47 15
2014-05-06T23:00:00Z 19 23 4 27 11
2014-05-06T22:00:00Z 36 33 -25 36 -1
2014-05-06T21:00:00Z 28 43 -12 36 -1
2014-05-06T20:00:00Z 30 35 -12 33 -1
2014-05-06T19:00:00Z 32 16 -36 19 -1
2014-05-15T13:00:00Z 14 -16 -8 -13 -3
2014-05-15T12:00:00Z 24 -8 -18 -12 1
2014-05-15T11:00:00Z 34 -19 -21 -12 16
2014-05-15T10:00:00Z 27 -11 -15 -6 43
2014-05-15T09:00:00Z 36 3 -7 0 41
2014-05-15T08:00:00Z 49 22 3 10 13
2014-05-18T17:00:00Z 16 68 29 -18 10
2014-05-18T16:00:00Z 7 41 62 -23 22
2014-05-18T15:00:00Z -1 19 72 -13 17
2014-05-18T14:00:00Z 5 1 52 -6 5
2014-05-18T13:00:00Z 19 -20 41 -3 -5
2014-05-18T12:00:00Z -1 -1 -1 -1 -1
2014-05-19T11:00:00Z 39 -2 -23 4 22
2014-05-19T10:00:00Z 24 28 13 8 11
2014-05-19T09:00:00Z 11 36 43 -3 9
2014-05-19T08:00:00Z -3 42 27 -23 -7
2014-05-19T07:00:00Z -34 41 28 -21 -13
2014-05-19T06:00:00Z -41 28 14 -29 -17
2014-05-21T14:00:00Z 23 -2 -75 -12 -12
2014-05-21T13:00:00Z 12 -9 -73 2 -13
2014-05-21T12:00:00Z -1 -1 -1 -1 -1
2014-05-21T11:00:00Z 0 7 -54 5 -22
2014-05-21T10:00:00Z 8 87 -44 -30 -26
2014-05-21T09:00:00Z 8 78 10 -36 -14
2014-05-25T04:00:00Z -7 106 6 -1 -11
2014-05-25T03:00:00Z -1 103 2 -3 2
2014-05-25T02:00:00Z -20 78 8 -9 4
2014-05-25T01:00:00Z -21 71 -1 -16 -4
2014-05-25T00:00:00Z -15 96 16 -27 -5
2014-05-24T23:00:00Z -7 96 16 -36 -3
2014-07-07T09:00:00Z -38 73 119 39 30
2014-07-07T08:00:00Z -89 97 108 29 30
2014-07-07T07:00:00Z -102 111 108 30 24
2014-07-07T06:00:00Z -81 108 95 28 22
2014-07-07T05:00:00Z -80 103 109 48 19
2014-07-26T04:00:00Z 48 65 107 17 18
2014-07-26T03:00:00Z 57 65 112 26 19
2014-07-26T02:00:00Z 83 64 101 25 23
2014-07-26T01:00:00Z 91 72 102 19 26
2014-07-26T00:00:00Z 77 47 80 29 26
2014-07-25T23:00:00Z 63 -1 76 21 34
2014-07-28T01:00:00Z -10 9 2 35 -14
2014-07-28T00:00:00Z -21 -16 -42 33 -6
2014-07-27T23:00:00Z -30 -15 -55 33 -15
2014-07-27T22:00:00Z -33 -56 -70 30 -16
2014-07-27T21:00:00Z -34 -52 -60 15 5
2014-07-27T20:00:00Z -50 -1 -61 -1 34
2014-07-30T08:00:00Z 9 13 30 -119 -16
2014-07-30T07:00:00Z 49 -35 57 -91 -18
2014-07-30T06:00:00Z 41 -34 57 -96 -18
2014-07-30T05:00:00Z 9 -14 47 -66 -31
2014-07-30T04:00:00Z -18 -25 48 -15 -31
2014-07-30T03:00:00Z -49 -38 21 22 -33
2014-08-02T09:00:00Z -8 -13 25 38 -2
2014-08-02T08:00:00Z -21 30 32 28 4
2014-08-02T07:00:00Z -45 66 44 36 3
2014-08-02T06:00:00Z -59 64 53 23 4
2014-08-02T05:00:00Z -64 76 66 14 -1
2014-08-21T01:00:00Z 40 4 -1 -30 78
2014-08-21T00:00:00Z 35 9 4 -17 84
2014-08-20T23:00:00Z 44 -6 -9 -26 52
2014-08-20T22:00:00Z 35 -26 -10 -10 13
2014-08-20T21:00:00Z -1 -45 -36 12 -16
2014-08-20T20:00:00Z -24 -57 -37 29 -5
2014-08-30T03:00:00Z 21 27 -14 4 20
2014-08-30T02:00:00Z 18 29 -14 -8 13
2014-08-30T01:00:00Z -1 -1 -1 -1 -1
2014-08-30T00:00:00Z 25 10 22 4 18
2014-08-29T23:00:00Z 27 20 48 6 16
2014-08-29T22:00:00Z 29 3 33 -4 11
2014-09-01T09:00:00Z 15 0 7 7 3
2014-09-01T08:00:00Z 15 8 17 12 8
2014-09-01T07:00:00Z 7 5 21 -5 8
2014-09-01T06:00:00Z 21 35 30 9 8
2014-09-01T05:00:00Z 28 56 24 15 8
2014-09-01T04:00:00Z 41 50 10 6 5
2014-09-05T19:00:00Z 3 -44 15 22 9
2014-09-05T18:00:00Z 7 -30 34 14 0
2014-09-05T17:00:00Z 11 -40 59 18 2
2014-09-05T16:00:00Z 31 3 75 9 1
2014-09-05T15:00:00Z 24 20 62 4 -2
2014-09-20T17:00:00Z -1 -1 -1 -1 -1
2014-09-20T16:00:00Z 10 -2 -14 -18 -90
2014-09-20T15:00:00Z 20 -18 -18 1 -80
2014-09-20T14:00:00Z 21 -11 -18 8 -40
2014-09-25T10:00:00Z -20 25 55 -3 -17
2014-09-25T09:00:00Z -31 -3 34 -8 -14
2014-09-25T08:00:00Z -25 -18 35 -5 2
2014-09-25T07:00:00Z -5 -13 27 -8 8
2014-09-25T06:00:00Z -1 -1 -1 -1 -1
2014-09-25T05:00:00Z 18 33 19 13 18
2014-10-03T14:00:00Z 1 8 -22 -4 -4
2014-10-03T13:00:00Z 31 -43 0 2 7
2014-10-03T12:00:00Z 37 -35 37 0 -6
2014-10-03T11:00:00Z 42 -44 46 10 -10
2014-10-03T10:00:00Z -1 -1 -1 -1 -1
2014-10-03T09:00:00Z -30 -35 9 7 -6
2014-10-07T13:00:00Z 42 72 41 -6 105
2014-10-07T12:00:00Z 29 38 40 -1 44
2014-10-07T11:00:00Z 66 47 54 -1 22
2014-10-07T10:00:00Z 59 45 87 4 5
2014-10-17T17:00:00Z -17 -40 -39 -18 43
2014-10-17T16:00:00Z -6 -61 -33 -12 42
2014-10-17T15:00:00Z -1 -1 -1 -1 -1
2014-10-17T14:00:00Z 16 -70 -5 -9 44
2014-10-17T13:00:00Z 20 -30 17 -10 46
2014-10-17T12:00:00Z 32 -30 26 -6 53
2014-10-18T11:00:00Z -27 -25 10 10 -17
2014-10-18T10:00:00Z -47 -38 0 -30 -28
2014-10-18T09:00:00Z -54 -38 -15 -3 -39
2014-10-18T08:00:00Z -32 -26 -22 -7 -47
2014-10-18T07:00:00Z 23 -30 -11 -12 -24
2014-10-18T06:00:00Z -1 -1 -1 -1 13
2014-10-29T15:00:00Z -1 -1 -1 -1 -1
2014-10-29T14:00:00Z -1 -1 -1 -1 -1
2014-10-29T13:00:00Z -1 -1 -1 -1 -1
2014-10-29T12:00:00Z -1 -1 -1 -1 -1
2014-10-29T11:00:00Z -1 -1 -1 -1 -1
2014-10-29T10:00:00Z -1 -1 -1 -1 -1
