2013-12-26T10:00:00Z -11 6 -23 -3 -15
2013-12-26T09:00:00Z -4 -91 -90 -3 -23
2013-12-26T08:00:00Z -3 -331 -212 -5 -179
2013-12-26T07:00:00Z -17 -586 -406 -7 -310
2013-12-26T06:00:00Z -78 -554 -422 -5 -312
2013-12-26T05:00:00Z -369 -1 -407 -18 -283
2014-01-03T01:00:00Z 118 154 155 48 101
2014-01-03T00:00:00Z 188 -1 201 49 89
2014-01-02T23:00:00Z 142 -1 164 57 98
2014-01-02T22:00:00Z 178 -1 168 35 56
2014-01-02T21:00:00Z -1 -1 -1 -1 -1
2014-01-02T20:00:00Z -1 -1 -1 -1 -1
2014-01-11T05:00:00Z 48 60 74 21 -54
2014-01-11T04:00:00Z 39 117 67 29 -51
2014-01-11T03:00:00Z 34 124 103 28 -30
2014-01-11T02:00:00Z 14 112 13 22 -1
2014-01-11T01:00:00Z -1 -1 -1 -1 -1
2014-01-11T00:00:00Z 42 103 89 30 70
2014-01-15T07:00:00Z 67 15 11 5 -12
2014-01-15T06:00:00Z 57 66 54 14 10
2014-01-15T05:00:00Z 100 110 32 36 51
2014-01-15T04:00:00Z 88 121 41 46 70
2014-01-15T03:00:00Z 52 174 104 46 61
2014-01-15T02:00:00Z -1 -1 -1 -1 -1
2014-01-24T15:00:00Z -201 -82 -9 34 53
2014-01-24T14:00:00Z -104 -88 -54 30 34
2014-01-24T13:00:00Z -137 -66 -85 25 31
2014-01-24T12:00:00Z -153 -56 -97 8 43
2014-01-24T11:00:00Z -103 -50 -82 9 55
2014-01-24T10:00:00Z 0 -35 -109 -8 56
2014-01-27T14:00:00Z 38 -12 38 23 72
2014-01-27T13:00:00Z 28 -80 44 23 59
2014-01-27T12:00:00Z 14 -152 60 31 70
2014-01-27T11:00:00Z -12 -146 112 38 59
2014-01-27T10:00:00Z 3 -90 102 30 63
2014-01-27T09:00:00Z -15 -19 19 12 61
2014-01-30T03:00:00Z 20 -20 -102 26 65
2014-01-30T02:00:00Z 20 16 -205 56 -1
2014-01-30T01:00:00Z 87 26 -167 63 -1
2014-01-30T00:00:00Z 100 27 -157 47 -1
2014-01-29T23:00:00Z -1 -1 -1 -1 -1
2014-01-29T22:00:00Z 203 24 -12 38 -1
2014-01-31T07:00:00Z -29 -149 43 133 -72
2014-01-31T06:00:00Z 76 -146 97 215 5
2014-01-31T05:00:00Z 175 14 103 332 27
2014-01-31T04:00:00Z 201 136 97 420 34
2014-01-31T03:00:00Z 162 206 113 825 56
2014-01-31T02:00:00Z 375 166 208 712 281
2014-02-02T09:00:00Z 75 107 52 -77 34
2014-02-02T08:00:00Z 105 100 81 -82 48
2014-02-02T07:00:00Z -1 -1 -1 -1 -1
2014-02-02T06:00:00Z 69 80 28 -44 43
2014-02-02T05:00:00Z 22 45 55 -18 37
2014-02-02T04:00:00Z -1 29 50 21 49
2014-02-08T09:00:00Z 8 16 54 -36 -3
2014-02-08T08:00:00Z -8 27 25 -43 -4
2014-02-08T07:00:00Z -33 10 18 -40 -3
2014-02-08T06:00:00Z -16 20 21 -21 -2
2014-02-08T05:00:00Z -10 11 -18 -19 14
2014-02-08T04:00:00Z -3 15 -42 -24 13
2014-02-17T02:00:00Z -131 3 -55 16 15
2014-02-17T01:00:00Z -161 -37 -157 0 7
2014-02-17T00:00:00Z -195 -72 -160 -44 4
2014-02-16T23:00:00Z -238 -115 -128 -143 7
2014-02-16T22:00:00Z -236 -99 -159 -234 4
2014-02-16T21:00:00Z -260 -121 -202 -294 -24
2014-03-04T05:00:00Z -9 -67 -122 -44 39
2014-03-04T04:00:00Z 6 -60 -125 -3 62
2014-03-04T03:00:00Z 29 -37 -66 35 46
2014-03-04T02:00:00Z 47 -51 11 74 69
2014-03-04T01:00:00Z 28 -31 49 101 65
2014-03-04T00:00:00Z 30 21 63 128 84
2014-03-09T15:00:00Z -1 -1 -1 -1 -1
2014-03-09T14:00:00Z -1 -1 -1 -1 -1
2014-03-09T13:00:00Z -1 -1 -1 -1 -1
2014-03-09T12:00:00Z -1 -1 -1 -1 -1
2014-03-09T11:00:00Z -1 -1 -1 -1 -1
2014-03-09T10:00:00Z -1 -1 -1 -1 -1
2014-03-11T20:00:00Z 85 -16 -23 -136 -36
2014-03-11T19:00:00Z 60 23 -55 -111 -28
2014-03-11T18:00:00Z 41 -5 -111 -71 18
2014-03-11T17:00:00Z -1 -1 -1 -1 -1
2014-03-11T16:00:00Z 111 -1 -17 35 29
2014-03-11T15:00:00Z 77 4 25 60 39
2014-03-16T06:00:00Z -36 -27 106 7 -54
2014-03-16T05:00:00Z -34 82 122 8 -21
2014-03-16T04:00:00Z 11 150 93 7 -9
2014-03-16T03:00:00Z 66 153 102 8 -3
2014-03-16T02:00:00Z 74 152 83 30 -23
2014-03-16T01:00:00Z 78 151 30 44 -66
2014-03-17T17:00:00Z -114 40 -144 -76 34
2014-03-17T16:00:00Z -95 48 -155 -58 58
2014-03-17T15:00:00Z -74 21 -109 -38 72
2014-03-17T14:00:00Z -56 20 -71 -19 35
2014-03-17T13:00:00Z -1 -1 -1 -1 -1
2014-03-17T12:00:00Z 56 0 9 48 13
2014-03-29T01:00:00Z -1 -1 -1 -1 -1
2014-03-29T00:00:00Z 157 -26 4 -1 49
2014-03-28T23:00:00Z 108 -62 -18 -1 53
2014-03-28T22:00:00Z 60 -95 33 -17 24
2014-03-28T21:00:00Z 31 -106 -3 -42 8
2014-03-28T20:00:00Z -19 -113 -83 -96 34
2014-03-31T15:00:00Z 81 -118 -55 20 -40
2014-03-31T14:00:00Z 109 -23 -98 41 -36
2014-03-31T13:00:00Z 107 56 -92 65 -42
2014-03-31T12:00:00Z 138 70 -98 49 -42
2014-03-31T11:00:00Z 106 62 -114 22 -54
2014-03-31T10:00:00Z 87 87 -80 14 -86
2014-04-01T13:00:00Z -1 -1 -1 -1 -1
2014-04-01T12:00:00Z -1 -1 -1 -1 -1
2014-04-01T11:00:00Z -1 -1 -1 -1 -1
2014-04-01T10:00:00Z -1 -1 -1 -1 -1
2014-04-01T09:00:00Z 55 90 60 23 -2
2014-04-01T08:00:00Z 35 70 91 10 25
2014-04-15T08:00:00Z 97 73 66 -132 -106
2014-04-15T07:00:00Z -59 37 72 -118 -103
2014-04-15T06:00:00Z -135 52 67 -114 -81
2014-04-15T05:00:00Z -144 20 44 -105 -41
2014-04-15T04:00:00Z -122 -23 86 -61 -34
2014-04-15T03:00:00Z -157 -106 27 21 -33
2014-04-18T20:00:00Z -175 -152 22 -18 -29
2014-04-18T19:00:00Z -107 -88 26 -18 -27
2014-04-18T18:00:00Z -84 -8 15 -48 -26
2014-04-18T17:00:00Z -1 -1 -1 -1 -1
2014-04-18T16:00:00Z -1 -1 -1 -1 -1
2014-04-18T15:00:00Z 79 -28 20 -40 -87
2014-04-23T19:00:00Z -94 -81 -1 44 -43
2014-04-23T18:00:00Z -90 -57 -148 37 9
2014-04-23T17:00:00Z -54 -58 -96 19 -1
2014-04-23T16:00:00Z -36 -32 -100 -13 63
2014-04-23T15:00:00Z -20 15 -32 -12 62
2014-04-23T14:00:00Z 49 49 -5 8 20
2014-05-01T17:00:00Z -35 -69 9 -20 -28
2014-05-01T16:00:00Z -28 -30 62 -20 -23
2014-05-01T15:00:00Z -27 6 46 -7 -15
2014-05-01T14:00:00Z -13 34 56 10 -22
2014-05-01T13:00:00Z -3 65 78 31 6
2014-05-01T12:00:00Z 18 56 86 27 14
2014-05-07T08:00:00Z 27 39 72 13 13
2014-05-07T07:00:00Z 35 31 62 11 12
2014-05-07T06:00:00Z 40 13 53 20 6
2014-05-07T05:00:00Z 56 8 63 21 7
2014-05-07T04:00:00Z 33 17 34 28 13
2014-05-07T03:00:00Z 54 19 41 28 12
2014-05-20T07:00:00Z -1 -1 -1 -1 -1
2014-05-20T06:00:00Z 111 -3 -18 -6 -10
2014-05-20T05:00:00Z 65 7 9 23 -16
2014-05-20T04:00:00Z 153 30 -10 60 -12
2014-05-20T03:00:00Z 137 9 -10 63 -15
2014-05-20T02:00:00Z 107 -3 27 61 -6
2014-05-22T13:00:00Z -123 -21 3 20 -53
2014-05-22T12:00:00Z -1 -1 -1 -1 -1
2014-05-22T11:00:00Z -1 -77 42 16 -40
2014-05-22T10:00:00Z 75 -67 72 -3 -33
2014-05-22T09:00:00Z 121 -67 91 13 -1
2014-05-22T08:00:00Z 85 -74 69 25 -1
2014-05-25T11:00:00Z 59 -1 -123 97 26
2014-05-25T10:00:00Z 82 -1 -105 31 20
2014-05-25T09:00:00Z 52 -1 -97 20 14
2014-05-25T08:00:00Z 47 -1 -60 11 7
2014-05-25T07:00:00Z 26 -1 -60 17 -1
2014-05-25T06:00:00Z 33 -1 -39 17 2
2014-07-08T10:00:00Z -1 -38 116 -99 10
2014-07-08T09:00:00Z -1 -3 167 -89 -2
2014-07-08T08:00:00Z -1 10 186 -129 -9
2014-07-08T07:00:00Z -1 18 186 -120 -13
2014-07-08T06:00:00Z -1 27 167 -91 -16
2014-07-08T05:00:00Z -1 -8 140 -65 -16
2014-07-18T19:00:00Z -19 -81 -194 -55 -89
2014-07-18T18:00:00Z -17 -114 -162 -25 9
2014-07-18T17:00:00Z -1 -1 -1 -1 -1
2014-07-18T16:00:00Z -6 -79 -114 9 55
2014-07-18T15:00:00Z -8 -66 -47 -5 27
2014-07-18T14:00:00Z 13 -42 15 10 11
2014-07-28T12:00:00Z 1 27 24 -10 15
2014-07-28T11:00:00Z 21 65 11 -9 17
2014-07-28T10:00:00Z 37 70 24 15 23
2014-07-28T09:00:00Z 41 38 50 4 29
2014-07-28T08:00:00Z 32 36 49 0 24
2014-07-28T07:00:00Z 43 29 49 30 12
2014-07-29T12:00:00Z -65 -13 107 -1 -29
2014-07-29T11:00:00Z -38 49 59 21 -1
2014-07-29T10:00:00Z -1 -1 -1 -1 -1
2014-07-29T09:00:00Z -1 -1 -1 -1 -1
2014-07-29T08:00:00Z -1 -1 -1 -1 -1
2014-07-29T07:00:00Z -1 -1 -1 -1 -1
2014-08-03T14:00:00Z -25 -21 1 -50 -1
2014-08-03T13:00:00Z -29 -11 -20 -46 -1
2014-08-03T12:00:00Z -1 -1 -1 -1 -1
2014-08-03T11:00:00Z 5 5 6 -14 -13
2014-08-03T10:00:00Z 19 57 38 -35 -6
2014-08-03T09:00:00Z 6 42 23 -10 9
2014-08-21T21:00:00Z -21 -30 -47 -13 -25
2014-08-21T20:00:00Z -15 50 -26 4 -20
2014-08-21T19:00:00Z -28 26 -24 6 -26
2014-08-21T18:00:00Z -35 16 35 20 -41
2014-08-21T17:00:00Z -63 45 47 13 -44
2014-08-21T16:00:00Z -43 -13 18 30 -37
2014-08-30T23:00:00Z -18 26 -35 15 -4
2014-08-30T22:00:00Z -61 10 -31 5 -1
2014-08-30T21:00:00Z -52 26 -39 10 -2
2014-08-30T20:00:00Z -19 33 -28 35 -5
2014-08-30T19:00:00Z -38 30 -27 11 -7
2014-08-30T18:00:00Z -43 31 -23 28 -8
2014-09-21T06:00:00Z -40 80 31 -4 -21
2014-09-21T05:00:00Z -7 114 46 -6 -36
2014-09-21T04:00:00Z -11 49 59 -14 -32
2014-09-21T03:00:00Z -1 -1 -1 -1 -1
2014-09-21T02:00:00Z 24 29 45 -5 -29
2014-09-21T01:00:00Z -1 -1 -1 -1 -1
2014-09-25T22:00:00Z -23 -25 -77 23 24
2014-09-25T21:00:00Z -5 -46 -91 50 3
2014-09-25T20:00:00Z 65 -64 -102 36 -4
2014-09-25T19:00:00Z 43 -91 -99 24 -8
2014-09-25T18:00:00Z 31 -28 -104 13 -11
2014-09-25T17:00:00Z 34 -30 -84 16 -17
2014-09-26T23:00:00Z 2 31 51 23 59
2014-09-26T22:00:00Z -1 -1 -1 -1 -1
2014-09-26T21:00:00Z 71 36 37 48 60
2014-09-26T20:00:00Z 89 56 38 64 42
2014-09-26T19:00:00Z 73 65 17 44 47
2014-09-26T18:00:00Z 63 55 12 57 4
2014-10-11T18:00:00Z 39 -58 1 -62 -19
2014-10-11T17:00:00Z 23 -99 -5 5 -25
2014-10-11T16:00:00Z -1 -1 -1 -1 -1
2014-10-11T15:00:00Z -85 -64 -26 16 5
2014-10-11T14:00:00Z -130 -65 -23 36 14
2014-10-11T13:00:00Z -111 9 2 18 37
