2014-07-09T20:00:00Z 22 21 23 10 29
2014-07-10T08:00:00Z 34 35 30 26 30
2014-07-11T08:00:00Z 123 177 208 17 37
2014-07-13T08:00:00Z 12 29 35 29 32
2014-07-19T08:00:00Z 81 69 117 140 136
2014-07-21T08:00:00Z 69 69 134 28 26
2014-07-26T20:00:00Z 56 52 57 58 44
2014-08-03T20:00:00Z 82 71 115 42 30
2014-08-05T08:00:00Z 16 27 35 12 17
2014-08-07T08:00:00Z 74 45 21 31 16
2014-08-09T20:00:00Z 48 61 64 62 23
2014-08-12T20:00:00Z 47 32 30 13 18
2014-08-14T08:00:00Z 29 58 42 20 22
2014-08-16T08:00:00Z 104 36 53 18 56
