2013-06-02T15:00:00Z 119 139 179 101 56
2013-06-02T16:00:00Z 117 143 228 110 40
2013-06-02T17:00:00Z 120 154 241 118 40
2013-06-02T18:00:00Z 117 170 171 132 37
2013-06-02T19:00:00Z 122 209 117 130 34
2013-06-02T20:00:00Z 153 179 107 129 38
2013-06-02T21:00:00Z 157 151 125 132 42
2013-06-02T22:00:00Z 144 158 124 167 41
2013-06-02T23:00:00Z 142 168 140 120 53
2013-06-03T00:00:00Z 137 163 143 117 61
2013-06-03T01:00:00Z 134 183 151 147 68
2013-06-03T02:00:00Z 132 199 177 140 76
2013-06-03T03:00:00Z 133 208 169 145 76
2013-06-03T04:00:00Z 150 249 171 140 88
2013-06-03T05:00:00Z 167 237 194 144 81
2013-06-03T06:00:00Z 176 231 199 150 85
2013-06-03T07:00:00Z 180 217 251 156 77
2013-06-03T08:00:00Z 183 208 246 160 93
2013-06-03T09:00:00Z 186 212 235 158 112
2013-06-03T10:00:00Z 171 190 227 115 107
2013-06-03T11:00:00Z 163 179 218 60 114
2013-06-03T12:00:00Z 131 207 205 33 118
2013-06-03T13:00:00Z 104 182 205 16 120
2013-06-03T14:00:00Z 72 181 227 11 106
2013-06-03T15:00:00Z 56 170 209 8 119
2013-06-03T16:00:00Z 51 115 220 10 125
2013-06-03T17:00:00Z 51 120 209 9 127
2013-06-03T18:00:00Z 47 138 214 8 105
2013-06-03T19:00:00Z 54 129 230 6 127
2013-06-03T20:00:00Z 61 120 195 8 122
2013-06-03T21:00:00Z 90 129 186 20 113
2013-06-03T22:00:00Z 99 168 211 28 86
2013-06-03T23:00:00Z 104 187 226 33 109
2013-06-04T00:00:00Z 110 195 241 31 120
2013-06-04T01:00:00Z 120 203 246 22 102
2013-06-04T02:00:00Z 133 222 267 22 105
2013-06-04T03:00:00Z 154 249 268 21 93
2013-06-04T04:00:00Z 182 323 275 22 70
2013-06-04T05:00:00Z 203 318 259 24 59
2013-06-04T06:00:00Z 179 270 276 22 38
2013-06-04T07:00:00Z 152 307 296 27 35
2013-06-04T08:00:00Z 144 299 307 25 29
2013-06-04T09:00:00Z 121 209 298 20 29
2013-06-04T10:00:00Z 103 259 289 16 19
2013-06-04T11:00:00Z 91 218 305 20 19
2013-06-04T12:00:00Z 92 168 330 22 24
2013-06-04T13:00:00Z 84 194 278 26 40
2013-06-04T14:00:00Z 77 151 293 32 45
2013-06-04T15:00:00Z 83 120 275 38 60
2013-06-04T16:00:00Z 68 100 234 40 60
2013-06-04T17:00:00Z 68 111 198 34 41
2013-06-04T18:00:00Z 79 113 147 41 40
2013-06-05T21:00:00Z 120 172 181 76 33
2013-06-05T22:00:00Z 139 161 201 87 29
2013-06-05T23:00:00Z 144 157 194 78 42
2013-06-06T00:00:00Z 127 159 198 72 40
2013-06-06T01:00:00Z 125 158 208 74 36
2013-06-06T02:00:00Z 129 169 190 88 34
2013-06-06T03:00:00Z 130 176 194 78 38
2013-06-06T04:00:00Z 126 174 170 80 34
2013-06-06T05:00:00Z 120 182 170 82 31
2013-06-06T06:00:00Z 115 170 198 86 30
2013-06-06T07:00:00Z 109 178 210 72 29
2013-06-06T08:00:00Z 99 177 213 96 23
2013-06-06T09:00:00Z 89 174 215 99 23
2013-06-06T10:00:00Z 81 180 225 97 18
2013-06-06T11:00:00Z 94 194 242 88 18
2013-06-06T12:00:00Z 119 195 248 92 17
2013-06-06T13:00:00Z 140 185 258 87 15
2013-06-06T14:00:00Z 152 166 260 90 19
2013-06-06T15:00:00Z 162 174 264 85 24
2013-06-06T16:00:00Z 173 172 257 86 25
2013-06-06T17:00:00Z 191 174 283 69 26
2013-06-06T18:00:00Z 220 174 278 76 33
2013-06-06T19:00:00Z 221 163 278 77 38
2013-06-06T20:00:00Z 228 159 273 89 48
2013-06-06T21:00:00Z 217 167 264 103 49
2013-06-06T22:00:00Z 191 184 257 103 59
2013-06-06T23:00:00Z 180 184 217 118 49
2013-06-07T00:00:00Z 186 190 198 134 54
2013-06-07T01:00:00Z 176 181 207 127 46
2013-06-07T02:00:00Z 153 183 202 121 38
2013-06-07T03:00:00Z 133 177 207 113 40
2013-06-07T04:00:00Z 96 186 210 116 41
2013-06-07T05:00:00Z 81 183 230 103 35
2013-06-07T06:00:00Z 81 199 228 106 35
2013-06-07T07:00:00Z 77 201 224 96 42
2013-06-07T08:00:00Z 86 198 234 104 38
2013-06-07T09:00:00Z 78 190 240 75 30
2013-06-07T10:00:00Z 77 163 245 71 28
2013-06-07T11:00:00Z 82 102 269 70 28
2013-06-07T12:00:00Z 106 43 267 63 23
2013-06-07T13:00:00Z 99 46 272 55 24
2013-06-07T14:00:00Z 98 45 254 60 28
2013-06-07T15:00:00Z 106 45 120 56 29
2013-06-07T16:00:00Z 111 53 49 53 34
2013-06-07T17:00:00Z 108 34 51 50 37
2013-06-07T18:00:00Z 108 31 69 48 44
2013-06-07T19:00:00Z 107 47 64 48 42
2013-06-07T20:00:00Z 99 91 86 60 47
2013-06-07T21:00:00Z 101 108 81 64 52
2013-06-07T22:00:00Z 105 137 88 70 56
2013-06-07T23:00:00Z 98 134 72 62 59
2013-06-08T00:00:00Z 99 133 69 66 87
2013-06-08T01:00:00Z 84 136 86 71 75
2013-06-08T02:00:00Z 87 133 88 63 77
2013-06-08T03:00:00Z 87 129 94 67 74
2013-06-08T04:00:00Z 102 125 109 71 68
2013-06-08T05:00:00Z 116 137 124 65 63
2013-06-08T06:00:00Z 121 120 134 68 74
2013-06-08T07:00:00Z 128 118 149 76 77
2013-06-08T08:00:00Z 129 117 143 77 71
2013-06-08T09:00:00Z 132 127 158 81 52
2013-06-08T10:00:00Z 135 141 167 63 29
2013-06-08T11:00:00Z 136 158 188 55 31
2013-06-08T12:00:00Z 131 167 223 69 35
2013-06-08T13:00:00Z 125 169 227 47 27
2013-06-08T14:00:00Z 124 121 219 236 29
2013-06-08T15:00:00Z 115 124 228 236 30
2013-06-08T16:00:00Z 127 136 245 254 32
2013-06-08T17:00:00Z 130 147 269 242 30
2013-06-08T18:00:00Z 125 153 273 87 29
2013-06-08T19:00:00Z 126 143 275 96 31
2013-06-08T20:00:00Z 139 150 265 109 32
2013-06-08T21:00:00Z 149 152 261 103 26
2013-06-08T22:00:00Z 141 168 237 106 28
2013-06-08T23:00:00Z 109 174 224 112 28
2013-06-09T00:00:00Z 90 164 211 114 36
2013-06-09T01:00:00Z 78 181 205 119 41
2013-06-09T02:00:00Z 72 177 210 120 48
2013-06-09T03:00:00Z 67 173 192 114 52
2013-06-15T18:00:00Z 240 166 100 72 72
2013-06-15T19:00:00Z 240 171 104 87 82
2013-06-15T20:00:00Z 234 165 112 88 74
2013-06-15T21:00:00Z 164 182 120 92 86
2013-06-15T22:00:00Z 119 193 151 99 73
2013-06-15T23:00:00Z 120 218 142 109 75
2013-06-16T00:00:00Z 123 218 147 115 62
2013-06-16T01:00:00Z 116 218 151 126 61
2013-06-16T02:00:00Z 112 228 164 123 65
2013-06-16T03:00:00Z 120 233 178 119 76
2013-06-16T04:00:00Z 131 237 170 115 67
2013-06-16T05:00:00Z 135 219 191 120 74
2013-06-16T06:00:00Z 141 213 181 99 67
2013-06-16T07:00:00Z 149 238 209 97 47
2013-06-16T08:00:00Z 163 269 226 103 37
2013-06-16T09:00:00Z 173 299 246 104 40
2013-06-16T10:00:00Z 178 363 243 102 42
2013-06-16T11:00:00Z 202 421 233 86 42
2013-06-16T12:00:00Z 228 371 236 100 41
2013-06-16T13:00:00Z 237 350 242 108 44
2013-06-16T14:00:00Z 256 356 211 99 39
2013-06-16T15:00:00Z 226 287 182 96 42
2013-06-16T16:00:00Z 176 248 138 97 49
2013-06-16T17:00:00Z 186 232 115 99 47
2013-06-16T18:00:00Z 196 226 117 101 48
2013-06-16T19:00:00Z 201 232 229 104 50
2013-06-16T20:00:00Z 201 237 323 83 59
2013-06-16T21:00:00Z 196 234 324 15 59
2013-06-16T22:00:00Z 208 243 344 11 72
2013-06-16T23:00:00Z 211 243 356 7 53
2013-06-17T00:00:00Z 205 239 374 10 47
2013-06-26T02:00:00Z 145 36 31 34 29
2013-06-26T03:00:00Z 146 36 39 37 34
2013-06-26T04:00:00Z 134 44 51 36 44
2013-06-26T05:00:00Z 116 63 51 42 30
2013-06-26T21:00:00Z 98 121 81 16 109
2013-06-26T22:00:00Z 143 56 78 22 113
2013-06-26T23:00:00Z 198 42 103 46 109
2013-06-27T00:00:00Z 204 48 98 16 121
2013-06-27T01:00:00Z 73 51 78 16 145
2013-06-27T02:00:00Z 52 59 52 17 117
2013-06-27T03:00:00Z 95 77 41 16 130
2013-06-28T06:00:00Z 208 177 177 23 28
2013-06-28T07:00:00Z 216 155 161 22 33
2013-06-28T08:00:00Z 216 184 164 24 36
2013-06-28T09:00:00Z 227 211 179 23 36
2013-06-28T10:00:00Z 218 251 211 26 36
2013-06-28T11:00:00Z 202 240 207 32 43
2013-06-28T12:00:00Z 208 247 208 57 45
2013-06-28T13:00:00Z 224 228 182 70 61
2013-06-28T14:00:00Z 230 256 158 88 59
2013-06-28T15:00:00Z 236 258 122 93 44
2013-06-28T16:00:00Z 227 269 95 111 43
2013-06-28T17:00:00Z 233 258 55 119 57
2013-06-28T18:00:00Z 242 209 42 113 46
2013-06-28T19:00:00Z 232 203 36 132 56
2013-06-28T20:00:00Z 232 209 39 144 57
2013-06-28T21:00:00Z 232 221 36 152 64
2013-06-28T22:00:00Z 239 245 32 112 79
2013-06-28T23:00:00Z 245 267 35 75 64
2013-06-29T00:00:00Z 278 272 38 65 61
2013-06-29T01:00:00Z 38 152 49 65 57
2013-06-29T02:00:00Z 28 69 181 65 60
2013-06-29T03:00:00Z 39 66 91 65 31
2013-06-29T04:00:00Z 54 81 58 65 20
2013-06-29T05:00:00Z 89 66 73 65 14
2013-06-29T06:00:00Z 70 83 69 65 11
2013-06-29T07:00:00Z 61 62 46 65 12
2013-06-29T08:00:00Z 66 55 35 71 16
2013-06-29T09:00:00Z 71 49 35 47 14
2013-06-30T02:00:00Z 199 185 85 156 57
2013-06-30T03:00:00Z 184 180 93 132 48
2013-07-18T15:00:00Z 169 51 88 61 40
2013-07-18T16:00:00Z 151 51 72 49 36
2013-07-18T17:00:00Z 152 50 53 59 37
2013-07-18T18:00:00Z 136 72 57 63 31
2013-07-18T19:00:00Z 148 98 59 71 32
2013-07-18T20:00:00Z 134 86 66 69 33
2013-07-18T21:00:00Z 114 113 65 74 38
2013-07-18T22:00:00Z 105 123 70 77 41
2013-07-18T23:00:00Z 87 148 71 82 51
2013-07-19T00:00:00Z 70 88 74 96 60
2013-07-19T01:00:00Z 81 63 69 72 44
2013-07-19T02:00:00Z 84 50 72 65 45
2013-07-19T03:00:00Z 97 50 70 61 46
2013-07-19T04:00:00Z 106 58 86 65 48
2013-07-19T05:00:00Z 99 53 92 67 39
2013-07-19T06:00:00Z 90 62 85 63 34
2013-07-19T07:00:00Z 97 71 90 73 40
2013-07-19T08:00:00Z 97 75 99 86 46
2013-07-19T09:00:00Z 110 68 102 78 37
2013-07-19T10:00:00Z 114 69 104 91 36
2013-07-19T11:00:00Z 101 86 113 87 35
2013-07-19T12:00:00Z 101 93 131 90 32
2013-07-19T13:00:00Z 89 91 119 90 43
2013-07-19T14:00:00Z 85 93 111 87 43
2013-07-19T15:00:00Z 85 95 106 83 36
2013-07-19T16:00:00Z 88 85 107 69 36
2013-07-19T17:00:00Z 92 92 100 34 39
2013-07-19T18:00:00Z 74 83 107 47 47
2013-07-19T19:00:00Z 105 99 108 17 43
2013-07-19T20:00:00Z 98 113 116 12 44
2013-07-19T21:00:00Z 114 120 125 15 46
2013-07-19T22:00:00Z 125 135 124 20 65
2013-07-19T23:00:00Z 130 141 134 21 106
2013-08-15T22:00:00Z 225 204 73 94 131
2013-08-15T23:00:00Z 226 186 78 105 141
2013-08-16T22:00:00Z 195 55 115 88 50
2013-08-16T23:00:00Z 114 51 36 76 55
2013-09-12T16:00:00Z 183 121 223 46 46
2013-09-12T17:00:00Z 178 127 247 54 48
2013-09-12T18:00:00Z 174 105 219 82 45
2013-09-12T19:00:00Z 176 110 145 94 52
2013-09-12T20:00:00Z -1 -1 -1 -1 -1
2013-09-12T21:00:00Z 205 126 166 174 72
2013-09-12T22:00:00Z 221 134 180 93 90
2013-09-12T23:00:00Z 221 129 197 103 98
2013-09-27T18:00:00Z 227 248 207 60 112
2013-09-27T19:00:00Z 234 236 232 91 113
2013-09-27T20:00:00Z 235 229 192 131 121
2013-09-27T21:00:00Z 207 242 159 133 122
2013-09-27T22:00:00Z 183 198 153 140 119
2013-09-27T23:00:00Z -1 -1 -1 -1 -1
2013-09-28T00:00:00Z 177 173 165 148 133
2013-09-28T01:00:00Z 192 184 173 136 121
2013-09-28T02:00:00Z 205 192 178 148 120
2013-09-28T03:00:00Z 209 195 184 146 121
2013-09-28T04:00:00Z 208 215 199 146 118
2013-09-28T05:00:00Z 212 233 201 149 112
2013-09-28T06:00:00Z 215 247 198 137 109
2013-09-28T07:00:00Z 206 249 213 137 111
2013-09-28T08:00:00Z 201 255 219 143 124
2013-09-28T09:00:00Z 194 243 216 150 114
2013-09-28T10:00:00Z 201 218 219 148 103
2013-09-28T11:00:00Z 200 187 251 154 68
2013-09-28T12:00:00Z 186 194 277 156 72
2013-09-28T13:00:00Z 183 206 290 167 76
2013-09-28T14:00:00Z 181 209 280 174 96
2013-09-28T15:00:00Z 180 191 251 187 104
2013-09-28T16:00:00Z 178 196 252 190 93
2013-09-28T17:00:00Z 173 225 241 162 42
2013-09-28T18:00:00Z 181 239 242 129 33
2013-09-28T19:00:00Z 200 254 246 122 33
2013-09-28T20:00:00Z 232 265 261 126 23
2013-09-28T21:00:00Z 255 265 298 134 19
2013-09-28T22:00:00Z 266 276 314 128 21
2013-09-28T23:00:00Z 259 279 338 120 28
2013-09-29T00:00:00Z 250 298 345 122 30
2013-09-29T01:00:00Z 238 294 339 118 46
2013-09-29T02:00:00Z 214 291 340 133 29
2013-09-29T03:00:00Z 196 292 342 131 40
2013-09-29T04:00:00Z 180 287 342 136 43
2013-09-29T05:00:00Z 168 295 346 137 61
2013-09-29T06:00:00Z 163 285 326 156 42
2013-09-29T07:00:00Z 150 272 302 131 39
2013-09-29T08:00:00Z 141 263 304 131 42
2013-09-29T09:00:00Z 135 251 317 129 47
2013-09-29T10:00:00Z 145 253 306 137 42
2013-09-29T11:00:00Z 156 236 280 131 41
2013-09-29T12:00:00Z 167 210 246 119 35
2013-09-29T13:00:00Z 169 184 239 72 40
2013-09-29T14:00:00Z 155 178 225 45 38
2013-09-29T15:00:00Z 142 167 217 32 37
2013-09-29T16:00:00Z 146 157 250 33 39
2013-09-29T17:00:00Z 178 148 296 41 40
2013-09-29T18:00:00Z 192 162 300 27 47
2013-09-29T19:00:00Z 186 177 300 29 40
2013-09-29T20:00:00Z 188 187 306 41 52
2013-09-29T21:00:00Z 196 186 317 47 65
2013-09-29T22:00:00Z 198 177 300 52 68
2013-09-29T23:00:00Z 197 177 267 51 74
2013-09-30T00:00:00Z 190 171 259 44 73
2013-09-30T01:00:00Z 187 166 248 43 67
2013-09-30T02:00:00Z 184 171 247 44 68
2013-09-30T03:00:00Z 172 173 254 48 90
2013-09-30T04:00:00Z 140 179 238 41 66
2013-10-04T22:00:00Z 410 488 210 198 148
2013-10-04T23:00:00Z 405 489 225 199 151
2013-10-05T00:00:00Z 402 494 244 207 143
2013-10-05T01:00:00Z 380 491 290 198 118
2013-10-05T02:00:00Z 287 497 317 188 119
2013-10-05T18:00:00Z 193 269 467 133 90
2013-10-05T19:00:00Z 195 293 461 148 95
2013-10-05T20:00:00Z 199 283 492 168 84
2013-10-05T21:00:00Z 184 312 534 169 93
2013-10-05T22:00:00Z 193 311 502 170 111
2013-10-05T23:00:00Z 203 292 488 167 109
2013-10-06T00:00:00Z 200 314 476 168 109
2013-10-06T01:00:00Z 193 302 460 166 134
2013-10-06T02:00:00Z 197 299 442 166 127
2013-10-06T03:00:00Z 184 296 409 166 132
2013-10-06T04:00:00Z 188 296 400 168 120
2013-10-06T05:00:00Z 183 292 409 170 120
2013-10-06T06:00:00Z 155 304 380 163 123
2013-10-06T07:00:00Z 104 285 351 172 117
2013-10-06T08:00:00Z 76 274 368 166 110
2013-10-06T09:00:00Z 59 260 373 163 94
2013-10-06T10:00:00Z 58 241 365 182 68
2013-10-06T11:00:00Z 58 210 299 192 61
2013-10-06T12:00:00Z 71 165 233 193 49
2013-10-06T13:00:00Z 93 135 232 189 38
2013-10-06T14:00:00Z 99 141 231 139 31
2013-10-06T15:00:00Z 96 135 191 81 31
2013-10-06T16:00:00Z 99 131 178 65 31
2013-10-06T17:00:00Z 107 130 146 63 26
2013-10-06T18:00:00Z 115 143 151 56 26
2013-10-06T19:00:00Z 134 171 167 57 32
2013-10-06T20:00:00Z 156 188 189 70 41
2013-10-06T21:00:00Z 168 188 207 74 45
2013-10-06T22:00:00Z 175 187 234 84 69
2013-10-06T23:00:00Z 174 181 255 80 75
2013-10-07T00:00:00Z 158 168 262 74 74
2013-10-07T01:00:00Z 123 177 290 72 73
2013-10-07T02:00:00Z 118 178 322 86 59
2013-10-07T03:00:00Z 126 178 324 84 46
2013-10-07T04:00:00Z 136 176 310 81 50
2013-10-07T05:00:00Z 152 171 301 84 56
2013-10-07T06:00:00Z 151 162 317 88 60
2013-10-07T07:00:00Z 145 165 319 85 59
2013-10-09T20:00:00Z 98 283 252 79 74
2013-10-09T21:00:00Z 102 288 264 82 80
2013-10-09T22:00:00Z 107 290 277 84 84
2013-10-09T23:00:00Z 111 292 290 87 90
2013-10-10T00:00:00Z 117 295 299 89 95
2013-10-10T01:00:00Z 123 298 308 92 100
2013-10-10T02:00:00Z 128 300 315 95 102
2013-10-10T03:00:00Z 133 299 321 97 106
2013-10-10T04:00:00Z 139 296 327 100 108
2013-10-10T05:00:00Z 142 294 332 102 111
2013-10-10T06:00:00Z 145 291 337 105 114
2013-10-10T07:00:00Z 147 290 342 108 118
2013-10-27T15:00:00Z 207 224 231 65 140
2013-10-27T16:00:00Z 217 238 233 72 126
2013-10-27T17:00:00Z 231 243 261 75 133
2013-10-27T18:00:00Z 240 249 297 101 111
2013-10-27T19:00:00Z 258 266 303 116 120
2013-10-27T20:00:00Z 299 277 315 136 146
2013-10-27T21:00:00Z -1 -1 -1 -1 -1
2013-10-27T22:00:00Z 327 283 335 139 162
2013-10-27T23:00:00Z 339 302 330 132 165
2013-10-28T00:00:00Z 351 307 340 130 160
2013-10-28T01:00:00Z 358 300 335 117 160
2013-10-28T02:00:00Z 360 295 322 127 152
2013-10-28T03:00:00Z 351 280 307 126 148
2013-10-28T04:00:00Z 338 283 289 133 148
2013-10-28T05:00:00Z 333 264 278 134 151
2013-10-28T06:00:00Z 310 247 277 118 163
2013-10-28T07:00:00Z 301 244 273 113 172
2013-10-28T08:00:00Z 287 241 260 120 183
2013-10-28T09:00:00Z 266 237 270 139 196
2013-10-28T10:00:00Z 266 255 268 135 209
2013-10-28T11:00:00Z 261 252 273 132 212
2013-10-28T12:00:00Z 267 257 282 135 206
2013-10-28T13:00:00Z 271 254 311 132 188
2013-10-28T14:00:00Z 293 266 331 119 184
2013-10-28T15:00:00Z -1 -1 -1 -1 -1
2013-10-28T16:00:00Z 306 278 354 157 178
2013-10-28T17:00:00Z -1 -1 -1 -1 -1
2013-10-28T18:00:00Z 336 293 379 146 170
2013-10-28T19:00:00Z 342 308 382 149 138
2013-10-28T20:00:00Z 329 315 388 136 106
2013-10-28T21:00:00Z 327 309 383 129 97
2013-10-28T22:00:00Z 326 322 378 119 89
2013-10-28T23:00:00Z 303 336 361 115 94
2013-10-29T00:00:00Z 295 331 374 108 74
2013-10-29T01:00:00Z 285 351 380 88 66
2013-10-29T02:00:00Z 293 341 378 86 65
2013-10-29T03:00:00Z 282 325 370 63 69
2013-10-29T04:00:00Z 272 302 356 68 67
2013-10-29T05:00:00Z 218 291 337 55 60
2013-10-29T06:00:00Z 94 283 337 45 59
2013-10-29T07:00:00Z 90 266 307 48 59
2013-10-31T13:00:00Z 130 155 231 47 101
2013-10-31T14:00:00Z 172 155 226 36 96
2013-10-31T15:00:00Z 147 167 225 33 100
2013-10-31T16:00:00Z 138 175 238 30 100
2013-10-31T17:00:00Z 117 168 213 36 84
2013-10-31T18:00:00Z 112 186 224 57 94
2013-10-31T19:00:00Z 129 207 226 69 112
2013-10-31T20:00:00Z 160 231 249 76 146
2013-10-31T21:00:00Z 166 196 253 85 160
2013-10-31T22:00:00Z 175 235 257 83 170
2013-10-31T23:00:00Z 177 219 261 71 156
2013-11-01T00:00:00Z 185 237 272 70 139
2013-11-01T01:00:00Z 182 246 288 64 118
2013-11-01T02:00:00Z 178 253 273 77 96
2013-11-01T03:00:00Z 182 247 278 63 86
2013-11-01T04:00:00Z 188 224 282 53 74
2013-11-01T05:00:00Z 197 213 268 60 75
2013-11-01T06:00:00Z 189 211 275 58 74
2013-11-01T07:00:00Z 185 216 249 50 68
2013-11-01T08:00:00Z 197 208 246 57 71
2013-11-01T09:00:00Z 224 195 238 59 65
2013-11-01T10:00:00Z 230 195 221 63 67
2013-11-01T11:00:00Z 244 200 235 57 74
2013-11-01T12:00:00Z 245 198 213 57 80
2013-11-01T13:00:00Z 251 203 203 58 73
2013-11-01T14:00:00Z 245 199 197 55 86
2013-11-01T15:00:00Z 214 198 191 51 84
2013-11-01T16:00:00Z 180 213 171 48 84
2013-11-01T17:00:00Z 171 224 185 53 81
2013-11-01T18:00:00Z 162 227 187 68 92
2013-11-01T19:00:00Z 167 222 191 84 104
2013-11-01T20:00:00Z 177 206 192 111 126
2013-11-01T21:00:00Z 161 225 201 127 141
2013-11-01T22:00:00Z 140 220 219 137 145
2013-11-01T23:00:00Z 144 216 223 133 154
2013-11-02T00:00:00Z 161 203 216 121 158
2013-11-02T01:00:00Z 152 182 211 124 165
2013-11-02T02:00:00Z 157 182 211 112 166
2013-11-02T03:00:00Z 165 214 217 110 178
2013-11-02T04:00:00Z 165 223 214 118 155
2013-11-02T05:00:00Z 167 203 219 111 143
2013-11-02T06:00:00Z 166 265 215 109 139
2013-11-02T07:00:00Z 155 270 226 115 156
2013-11-02T08:00:00Z 152 264 215 116 178
2013-11-02T09:00:00Z 182 295 179 160 191
2013-11-02T10:00:00Z 200 314 188 135 186
2013-11-02T11:00:00Z 222 309 187 121 197
2013-11-02T12:00:00Z 233 342 221 115 154
2013-11-02T13:00:00Z 238 266 219 103 136
2013-11-02T14:00:00Z 230 261 200 107 167
2013-11-02T15:00:00Z 246 229 224 98 162
2013-11-02T16:00:00Z 276 227 254 82 175
2013-11-02T17:00:00Z 324 231 231 75 186
2013-11-02T18:00:00Z 347 249 228 87 200
2013-11-02T19:00:00Z 343 251 228 112 210
2013-11-02T20:00:00Z 325 264 213 124 225
2013-11-02T21:00:00Z 299 323 210 123 239
2013-11-02T22:00:00Z 282 276 199 111 234
2013-11-02T23:00:00Z 253 283 204 107 236
2013-11-03T00:00:00Z 232 278 215 120 226
2013-11-03T01:00:00Z 276 248 225 120 251
2013-11-03T02:00:00Z 249 222 224 110 250
2013-11-03T03:00:00Z 220 209 203 96 258
2013-11-03T04:00:00Z 199 178 181 97 256
2013-11-03T05:00:00Z 164 164 159 81 245
2013-11-03T06:00:00Z 119 118 149 87 238
2013-11-03T07:00:00Z 107 92 119 91 237
2013-11-08T21:00:00Z -1 208 245 106 51
2013-11-08T22:00:00Z -1 194 250 116 56
2013-11-08T23:00:00Z -1 196 241 111 66
2013-11-09T00:00:00Z -1 206 260 120 66
2013-11-09T01:00:00Z -1 215 244 100 66
2013-11-09T02:00:00Z -1 202 218 107 52
2013-11-09T03:00:00Z -1 220 215 88 54
2013-11-09T04:00:00Z -1 236 198 107 58
2013-11-09T05:00:00Z -1 220 185 92 62
2013-11-09T06:00:00Z -1 182 175 87 67
2013-11-09T07:00:00Z -1 169 174 85 68
2013-11-09T08:00:00Z -1 -1 -1 -1 -1
2013-11-09T09:00:00Z -1 159 191 121 95
2013-11-22T19:00:00Z 294 342 314 58 227
2013-11-22T20:00:00Z 315 381 328 81 247
2013-11-22T21:00:00Z 320 384 340 74 237
2013-11-22T22:00:00Z 314 386 363 87 233
2013-11-22T23:00:00Z 323 446 378 69 254
2013-11-23T00:00:00Z 315 462 400 88 270
2013-11-23T01:00:00Z 301 466 393 83 288
2013-11-23T02:00:00Z 312 479 401 67 284
2013-11-23T03:00:00Z 337 483 384 72 294
2013-11-23T04:00:00Z 336 489 371 68 280
2013-11-23T05:00:00Z 346 511 345 68 283
2013-11-23T06:00:00Z 363 500 346 61 273
2013-11-23T07:00:00Z 357 484 384 60 263
2013-11-23T08:00:00Z 374 423 403 62 263
2013-11-23T09:00:00Z 398 377 404 70 268
2013-11-23T10:00:00Z 454 384 419 63 276
2013-11-23T11:00:00Z 425 292 409 61 289
2013-11-23T12:00:00Z 455 318 358 65 291
2013-11-23T13:00:00Z 435 373 260 73 300
2013-11-23T14:00:00Z 297 384 181 70 310
2013-11-23T15:00:00Z 218 380 205 44 324
2013-11-23T16:00:00Z 187 396 279 49 364
2013-11-23T17:00:00Z 215 431 376 52 420
2013-11-23T18:00:00Z 235 471 404 65 430
2013-11-23T19:00:00Z 287 512 486 87 430
2013-11-23T20:00:00Z 324 564 441 92 426
2013-11-23T21:00:00Z 346 542 440 87 418
2013-11-23T22:00:00Z 383 571 494 93 411
2013-11-23T23:00:00Z 426 597 530 80 401
2013-11-24T00:00:00Z 437 564 561 87 375
2013-11-24T01:00:00Z 391 527 501 69 362
2013-11-24T02:00:00Z 340 502 454 74 341
2013-11-24T03:00:00Z 309 517 415 60 334
2013-11-24T04:00:00Z 334 476 433 52 290
2013-11-24T05:00:00Z 307 401 418 54 253
2013-11-24T06:00:00Z 204 373 390 54 221
2013-11-24T07:00:00Z 149 422 272 59 205
2013-12-06T22:00:00Z 320 372 294 65 60
2013-12-06T23:00:00Z 344 376 331 71 56
2013-12-07T00:00:00Z 308 413 336 62 58
2013-12-07T01:00:00Z 303 449 357 54 62
2013-12-07T02:00:00Z 296 460 356 58 73
2013-12-07T03:00:00Z 320 463 356 61 68
2013-12-07T04:00:00Z 330 452 357 58 77
2013-12-07T05:00:00Z 314 474 305 49 90
2013-12-07T06:00:00Z 338 450 303 52 87
2013-12-07T07:00:00Z 354 410 264 55 83
2013-12-07T08:00:00Z 357 353 281 50 113
2013-12-07T09:00:00Z 377 360 348 55 102
2013-12-07T10:00:00Z 413 316 378 60 98
2013-12-07T11:00:00Z 467 244 260 59 88
2013-12-07T12:00:00Z 497 243 204 39 98
2013-12-07T13:00:00Z 496 290 233 38 86
2013-12-07T14:00:00Z 479 304 319 34 101
2013-12-07T15:00:00Z 410 331 376 39 95
2013-12-07T16:00:00Z 397 375 401 49 103
2013-12-07T17:00:00Z 449 460 416 53 104
2013-12-07T18:00:00Z 451 480 601 73 109
2013-12-07T19:00:00Z 421 466 513 94 120
2013-12-07T20:00:00Z 412 457 425 94 140
2013-12-07T21:00:00Z 377 384 344 96 139
2013-12-07T22:00:00Z 394 351 245 101 147
2013-12-07T23:00:00Z 407 327 263 95 133
2013-12-08T00:00:00Z 410 341 281 96 164
2013-12-08T01:00:00Z 412 340 297 101 121
2013-12-08T02:00:00Z 416 345 305 93 136
2013-12-08T03:00:00Z 440 341 308 94 138
2013-12-08T04:00:00Z 351 338 282 92 142
2013-12-08T05:00:00Z 242 347 310 90 133
2013-12-08T06:00:00Z 162 358 287 84 136
2013-12-08T07:00:00Z 156 373 291 84 144
2013-12-08T08:00:00Z 181 403 276 72 169
2013-12-08T09:00:00Z 275 422 285 60 173
2013-12-08T10:00:00Z 329 417 227 73 194
2013-12-08T11:00:00Z 396 387 281 68 222
2013-12-08T12:00:00Z 448 371 297 67 237
2013-12-08T13:00:00Z 454 364 327 78 252
2013-12-08T14:00:00Z 516 354 351 93 240
2013-12-08T15:00:00Z 477 310 376 156 225
2013-12-08T16:00:00Z 412 324 377 165 234
2013-12-08T17:00:00Z 417 345 373 182 234
2013-12-08T18:00:00Z 402 379 367 135 251
2013-12-08T19:00:00Z 387 431 389 57 266
2013-12-08T20:00:00Z -1 -1 -1 -1 -1
2013-12-22T19:00:00Z 278 222 454 109 115
2013-12-22T20:00:00Z 256 225 450 109 134
2013-12-22T21:00:00Z 244 247 472 103 179
2013-12-22T22:00:00Z 242 313 499 99 186
2013-12-22T23:00:00Z 257 366 532 98 177
2013-12-23T00:00:00Z 276 396 527 81 182
2013-12-23T01:00:00Z 288 423 536 78 169
2013-12-23T02:00:00Z 285 452 529 80 164
2013-12-23T03:00:00Z 294 472 517 80 162
2013-12-23T04:00:00Z 314 459 549 88 158
2013-12-23T05:00:00Z 344 464 535 81 159
2013-12-23T06:00:00Z 324 541 542 67 145
2013-12-23T07:00:00Z 344 572 606 84 150
2013-12-23T08:00:00Z 368 573 612 82 162
2013-12-23T09:00:00Z 368 524 617 98 163
2013-12-23T10:00:00Z 366 471 627 91 195
2013-12-23T11:00:00Z 321 412 596 80 198
2013-12-23T12:00:00Z 265 326 558 57 128
2013-12-23T13:00:00Z 234 363 662 48 57
2013-12-23T14:00:00Z -1 -1 -1 -1 -1
2013-12-23T15:00:00Z 61 337 572 24 48
2013-12-23T16:00:00Z 74 251 588 21 57
2013-12-23T17:00:00Z 175 181 625 26 60
2013-12-23T18:00:00Z 190 198 604 43 56
2013-12-23T19:00:00Z 229 225 553 82 72
2013-12-23T20:00:00Z 234 265 549 75 126
2013-12-23T21:00:00Z 248 280 599 74 126
2013-12-23T22:00:00Z 249 314 604 67 103
2013-12-23T23:00:00Z 258 345 652 71 112
2013-12-24T00:00:00Z 292 376 656 74 93
2013-12-24T01:00:00Z 324 379 653 78 70
2013-12-24T02:00:00Z 349 394 561 77 59
2013-12-24T03:00:00Z 342 381 519 77 61
2013-12-24T04:00:00Z 339 379 470 76 51
2013-12-24T17:00:00Z 241 323 487 82 21
2013-12-24T18:00:00Z 286 373 519 80 28
2013-12-24T19:00:00Z 317 424 552 136 27
2013-12-24T20:00:00Z 391 430 552 132 32
2013-12-24T21:00:00Z -1 -1 -1 -1 -1
2013-12-24T22:00:00Z 451 434 526 142 103
2013-12-24T23:00:00Z 466 444 539 128 135
2013-12-25T00:00:00Z 448 470 521 141 135
2013-12-25T01:00:00Z 471 495 524 127 144
2013-12-25T02:00:00Z 500 477 458 128 167
2013-12-25T03:00:00Z 471 507 483 131 151
2013-12-25T04:00:00Z 473 561 512 116 148
2013-12-25T05:00:00Z 475 544 561 128 150
2013-12-25T06:00:00Z 490 654 577 120 154
2013-12-25T07:00:00Z 497 626 580 119 169
2013-12-25T08:00:00Z 524 491 586 133 200
2013-12-25T09:00:00Z 526 347 673 155 206
2013-12-25T10:00:00Z 499 353 622 155 238
2013-12-25T11:00:00Z 516 383 643 158 245
2013-12-25T12:00:00Z 481 273 624 137 263
2013-12-25T13:00:00Z 414 288 660 120 274
2013-12-25T14:00:00Z 374 358 739 131 281
2013-12-25T15:00:00Z 356 360 771 143 294
2013-12-25T16:00:00Z 344 402 876 146 288
2013-12-25T17:00:00Z 347 463 867 139 303
2013-12-25T18:00:00Z -1 -1 -1 -1 -1
2014-01-02T14:00:00Z 115 202 95 55 31
2014-01-02T15:00:00Z 130 194 98 57 25
2014-01-04T12:00:00Z 129 269 140 51 61
2014-01-04T13:00:00Z 107 255 165 44 40
2014-01-04T14:00:00Z 111 237 178 34 46
2014-01-04T15:00:00Z -1 -1 -1 -1 -1
2014-01-04T16:00:00Z 111 248 214 43 40
2014-01-04T17:00:00Z 112 234 264 46 33
2014-01-04T18:00:00Z 119 227 240 59 36
2014-01-04T19:00:00Z 136 228 236 103 31
2014-01-05T23:00:00Z 129 189 237 77 119
2014-01-06T00:00:00Z 131 145 267 79 114
2014-01-06T01:00:00Z 134 127 279 77 102
2014-01-06T02:00:00Z 142 115 305 71 104
2014-01-06T03:00:00Z 144 140 311 70 100
2014-01-06T04:00:00Z 142 148 292 68 117
2014-01-06T05:00:00Z 134 119 282 60 107
2014-01-06T06:00:00Z 132 117 290 65 107
2014-01-06T07:00:00Z 135 117 291 63 117
2014-01-06T08:00:00Z 143 122 263 63 142
2014-01-06T09:00:00Z 154 118 254 64 151
2014-01-06T10:00:00Z 165 137 268 79 140
2014-01-06T11:00:00Z 169 136 301 87 105
2014-01-06T12:00:00Z 161 167 319 81 113
2014-01-06T13:00:00Z -1 -1 -1 -1 -1
2014-01-15T23:00:00Z 429 508 602 84 231
2014-01-16T00:00:00Z 426 525 593 84 275
2014-01-16T01:00:00Z 433 562 605 89 325
2014-01-16T02:00:00Z 426 583 661 94 323
2014-01-16T03:00:00Z 435 595 616 82 303
2014-01-16T04:00:00Z 394 586 599 87 299
2014-01-16T05:00:00Z 401 559 576 82 313
2014-01-16T06:00:00Z 393 539 576 65 305
2014-01-16T07:00:00Z 365 539 569 68 246
2014-01-16T08:00:00Z 362 526 604 74 248
2014-01-16T09:00:00Z 400 531 555 73 233
2014-01-16T10:00:00Z 431 522 502 90 174
2014-01-16T11:00:00Z 452 502 439 85 159
2014-01-16T12:00:00Z 452 501 453 61 143
2014-01-16T13:00:00Z 421 463 483 58 153
2014-01-16T14:00:00Z -1 -1 -1 -1 -1
2014-01-16T15:00:00Z 369 415 431 78 159
2014-01-16T16:00:00Z 350 414 388 97 165
2014-01-16T17:00:00Z 350 414 355 94 145
2014-01-16T18:00:00Z 370 472 369 120 114
2014-01-16T19:00:00Z 418 523 452 130 89
2014-01-19T08:00:00Z 133 412 385 66 48
2014-01-19T09:00:00Z 117 376 417 48 57
2014-01-19T10:00:00Z 141 329 353 57 63
2014-01-19T11:00:00Z 144 267 309 50 62
2014-01-22T17:00:00Z 147 198 188 35 125
2014-01-22T18:00:00Z 158 227 204 56 121
2014-01-22T19:00:00Z 191 229 237 73 126
2014-01-22T20:00:00Z 221 312 253 55 123
2014-01-22T21:00:00Z 295 322 223 75 131
2014-01-22T22:00:00Z 312 348 279 72 134
2014-01-22T23:00:00Z 326 390 337 73 123
2014-01-23T00:00:00Z 303 430 315 72 137
2014-01-23T01:00:00Z 286 469 308 71 142
2014-01-23T02:00:00Z 274 437 287 84 147
2014-01-23T03:00:00Z 261 415 274 66 140
2014-01-23T04:00:00Z 251 379 268 76 130
2014-01-23T05:00:00Z 246 351 268 68 127
2014-01-23T06:00:00Z 245 282 268 68 142
2014-01-23T07:00:00Z 247 230 265 70 137
2014-01-23T08:00:00Z 240 239 266 75 108
2014-01-23T09:00:00Z 234 246 239 82 112
2014-01-23T10:00:00Z 277 228 239 80 131
2014-01-23T11:00:00Z 308 233 217 79 132
2014-01-23T12:00:00Z 284 256 250 81 147
2014-01-23T13:00:00Z 312 223 242 71 138
2014-01-23T14:00:00Z 301 219 229 79 151
2014-01-23T15:00:00Z 286 236 278 75 151
2014-01-23T16:00:00Z 232 263 305 97 144
2014-01-23T17:00:00Z 210 268 326 104 111
2014-01-23T18:00:00Z 225 269 347 118 106
2014-01-23T19:00:00Z 273 271 386 134 113
2014-01-23T20:00:00Z 290 301 399 150 123
2014-01-23T21:00:00Z 306 298 426 165 128
2014-01-23T22:00:00Z 333 298 419 169 143
2014-01-23T23:00:00Z 322 299 398 190 145
2014-01-24T00:00:00Z 322 305 378 178 137
2014-01-24T01:00:00Z 341 314 381 173 159
2014-01-24T02:00:00Z 350 292 374 158 153
2014-01-24T03:00:00Z 336 284 365 152 159
2014-01-29T13:00:00Z -1 -1 -1 -1 -1
2014-01-29T14:00:00Z 190 154 300 69 77
2014-01-29T15:00:00Z 212 165 340 69 52
2014-01-29T16:00:00Z 257 178 336 87 58
2014-01-30T20:00:00Z 130 276 180 54 37
2014-01-30T21:00:00Z 132 370 229 75 65
2014-02-01T04:00:00Z 150 161 148 114 37
2014-02-01T05:00:00Z 153 159 159 116 38
2014-02-01T06:00:00Z 143 152 171 106 35
2014-02-01T07:00:00Z -1 -1 -1 -1 -1
2014-02-01T08:00:00Z 150 142 190 119 34
2014-02-01T09:00:00Z 152 131 193 131 36
2014-02-01T10:00:00Z 151 131 187 125 43
2014-02-01T11:00:00Z 154 145 197 141 50
2014-02-01T12:00:00Z 167 139 204 130 59
2014-02-01T13:00:00Z 146 128 182 132 67
2014-02-01T14:00:00Z 131 136 167 137 58
2014-02-01T15:00:00Z 80 139 164 141 56
2014-02-01T16:00:00Z 62 128 161 144 55
2014-02-01T17:00:00Z 60 116 146 144 56
2014-02-01T18:00:00Z 71 131 145 147 69
2014-02-01T19:00:00Z 74 145 150 146 72
2014-02-01T20:00:00Z 84 126 162 147 67
2014-02-01T21:00:00Z 89 116 164 156 80
2014-02-01T22:00:00Z 88 111 171 159 70
2014-02-01T23:00:00Z 105 119 181 157 74
2014-02-05T22:00:00Z 137 137 106 98 27
2014-02-05T23:00:00Z 97 148 107 95 39
2014-02-06T00:00:00Z 78 156 106 97 43
2014-02-06T01:00:00Z 85 156 98 93 43
2014-02-06T02:00:00Z 85 176 90 89 42
2014-02-06T03:00:00Z 87 211 89 93 39
2014-02-11T18:00:00Z 97 146 212 47 109
2014-02-11T19:00:00Z 100 147 206 53 106
2014-02-11T20:00:00Z 101 155 189 64 107
2014-02-11T21:00:00Z 112 179 203 82 123
2014-02-12T18:00:00Z 131 246 338 19 76
2014-02-12T19:00:00Z 138 265 317 27 94
2014-02-12T20:00:00Z 163 277 334 46 99
2014-02-12T21:00:00Z 205 282 332 63 101
2014-02-12T22:00:00Z 230 290 323 54 95
2014-02-12T23:00:00Z 247 298 337 55 91
2014-02-13T00:00:00Z 214 334 355 56 99
2014-02-13T01:00:00Z 204 341 378 66 118
2014-02-13T02:00:00Z 211 351 388 53 105
2014-02-13T03:00:00Z 187 348 384 55 92
2014-02-13T04:00:00Z 168 341 406 58 85
2014-02-13T05:00:00Z 158 347 427 55 80
2014-02-13T06:00:00Z 152 374 401 48 73
2014-02-13T07:00:00Z 149 421 435 56 81
2014-02-13T08:00:00Z 154 337 452 53 82
2014-02-13T09:00:00Z 164 294 429 62 82
2014-02-13T10:00:00Z 168 294 462 66 74
2014-02-13T11:00:00Z 169 283 465 43 65
2014-02-13T12:00:00Z 166 284 465 46 62
2014-02-13T13:00:00Z 162 276 336 48 65
2014-02-13T14:00:00Z 178 269 284 64 73
2014-02-13T15:00:00Z 173 263 190 107 75
2014-02-13T16:00:00Z 188 263 149 125 67
2014-02-13T17:00:00Z 189 261 149 133 67
2014-02-13T18:00:00Z 179 287 149 142 62
2014-02-13T19:00:00Z 177 284 167 151 67
2014-02-13T20:00:00Z 234 298 172 168 80
2014-02-13T21:00:00Z 241 296 185 184 84
2014-02-13T22:00:00Z 211 306 191 182 82
2014-02-13T23:00:00Z 109 308 216 179 96
2014-02-14T00:00:00Z 99 312 262 174 100
2014-02-14T01:00:00Z 103 312 279 186 112
2014-02-14T02:00:00Z 113 339 355 177 113
2014-02-14T03:00:00Z 123 359 393 181 105
2014-02-14T04:00:00Z 139 367 406 185 106
2014-02-14T05:00:00Z 137 363 406 171 96
2014-02-14T06:00:00Z 137 374 394 160 94
2014-02-14T07:00:00Z 141 401 383 171 88
2014-02-14T08:00:00Z 137 408 381 174 89
2014-02-14T09:00:00Z 176 378 381 203 98
2014-02-14T10:00:00Z 225 375 379 207 99
2014-02-14T11:00:00Z 281 292 437 216 94
2014-02-14T12:00:00Z 264 345 434 213 88
2014-02-14T13:00:00Z 295 328 396 189 112
2014-02-14T14:00:00Z 302 306 339 185 114
2014-02-14T15:00:00Z 314 327 311 182 104
2014-02-14T16:00:00Z 310 372 302 185 132
2014-02-14T17:00:00Z 309 388 250 171 145
2014-02-14T18:00:00Z 333 357 220 168 165
2014-02-14T19:00:00Z 348 401 236 209 196
2014-02-14T20:00:00Z 431 471 264 250 233
2014-02-14T21:00:00Z 510 475 298 327 277
2014-02-14T22:00:00Z 572 472 329 297 296
2014-02-14T23:00:00Z 737 459 333 301 288
2014-02-15T00:00:00Z 581 477 333 288 257
2014-02-15T01:00:00Z 627 439 353 279 239
2014-02-15T02:00:00Z 550 402 368 267 242
2014-02-15T03:00:00Z 337 396 378 272 232
2014-02-15T04:00:00Z 500 455 390 263 231
2014-02-15T05:00:00Z 491 510 402 250 238
2014-02-15T06:00:00Z 465 473 399 226 230
2014-02-15T07:00:00Z 477 394 389 238 237
2014-02-15T08:00:00Z 555 397 407 235 241
2014-02-15T09:00:00Z 563 400 421 236 265
2014-02-15T10:00:00Z 587 365 436 244 288
2014-02-15T11:00:00Z 550 332 485 240 315
2014-02-15T12:00:00Z 508 481 494 234 307
2014-02-15T13:00:00Z 511 444 527 204 268
2014-02-15T14:00:00Z 501 429 526 206 226
2014-02-15T15:00:00Z 499 411 538 226 204
2014-02-15T16:00:00Z 459 423 489 232 171
2014-02-15T17:00:00Z 404 447 466 235 173
2014-02-15T18:00:00Z 387 453 523 243 183
2014-02-15T19:00:00Z 408 444 562 267 179
2014-02-15T20:00:00Z 427 437 559 281 194
2014-02-15T21:00:00Z 457 431 547 282 209
2014-02-15T22:00:00Z 450 438 557 282 204
2014-02-15T23:00:00Z 453 434 626 288 211
2014-02-16T00:00:00Z 467 438 655 270 217
2014-02-16T01:00:00Z 459 434 678 270 211
2014-02-16T02:00:00Z 464 433 679 276 223
2014-02-16T03:00:00Z 470 455 683 268 224
2014-02-16T04:00:00Z 465 453 706 261 215
2014-02-16T05:00:00Z 450 448 674 255 185
2014-02-16T06:00:00Z 452 407 655 241 180
2014-02-16T07:00:00Z 445 405 612 238 164
2014-02-16T08:00:00Z 421 388 580 238 139
2014-02-16T09:00:00Z 419 375 575 243 119
2014-02-16T10:00:00Z 413 362 564 253 91
2014-02-16T11:00:00Z 407 359 510 228 59
2014-02-16T12:00:00Z 384 345 487 186 49
2014-02-16T13:00:00Z 336 356 454 107 41
2014-02-16T14:00:00Z 308 339 458 55 46
2014-02-16T15:00:00Z 277 315 444 36 37
2014-02-16T16:00:00Z 245 235 381 34 30
2014-02-16T17:00:00Z 191 258 350 28 26
2014-02-16T18:00:00Z 161 224 367 31 44
2014-02-19T22:00:00Z 116 122 173 54 91
2014-02-19T23:00:00Z 107 132 179 48 120
2014-02-20T00:00:00Z 109 186 193 51 122
2014-02-20T01:00:00Z 119 201 193 55 114
2014-02-20T02:00:00Z 124 205 186 54 119
2014-02-20T03:00:00Z 123 223 197 60 120
2014-02-20T04:00:00Z 119 218 202 54 116
2014-02-20T05:00:00Z 123 250 206 58 120
2014-02-20T06:00:00Z 134 -1 215 51 128
2014-02-21T13:00:00Z -1 -1 353 -1 -1
2014-02-21T14:00:00Z 240 274 -1 188 123
2014-02-21T15:00:00Z 231 268 329 184 124
2014-02-21T16:00:00Z 230 263 321 176 110
2014-02-21T17:00:00Z 224 239 332 187 115
2014-02-21T18:00:00Z 226 224 340 197 102
2014-02-21T19:00:00Z 222 234 358 216 104
2014-02-21T20:00:00Z 254 -1 -1 226 132
2014-02-21T21:00:00Z -1 258 383 -1 -1
2014-02-21T22:00:00Z 306 258 370 221 154
2014-02-21T23:00:00Z 310 263 354 223 176
2014-02-22T00:00:00Z 328 251 345 204 162
2014-02-22T01:00:00Z 337 253 350 212 162
2014-02-22T02:00:00Z 345 279 348 211 149
2014-02-22T03:00:00Z 333 287 353 202 129
2014-02-22T04:00:00Z 327 284 339 198 130
2014-02-22T05:00:00Z 355 267 362 198 145
2014-02-22T19:00:00Z 256 313 358 195 211
2014-02-22T20:00:00Z 229 323 372 195 191
2014-02-22T21:00:00Z 231 326 371 185 174
2014-02-22T22:00:00Z 246 347 388 185 178
2014-02-22T23:00:00Z 240 363 395 186 178
2014-02-23T00:00:00Z 230 349 384 184 182
2014-02-23T01:00:00Z 216 342 380 184 167
2014-02-23T02:00:00Z 199 354 377 178 157
2014-02-23T03:00:00Z 189 313 371 191 157
2014-02-23T04:00:00Z 178 281 384 181 163
2014-02-23T05:00:00Z 184 262 380 180 152
2014-02-23T06:00:00Z 183 234 366 172 156
2014-02-23T07:00:00Z 190 217 372 192 149
2014-02-23T08:00:00Z 187 214 397 173 133
2014-02-23T09:00:00Z 192 208 394 190 145
2014-02-23T10:00:00Z 199 206 352 196 139
2014-02-23T11:00:00Z 194 196 327 195 142
2014-02-23T12:00:00Z 185 185 311 195 141
2014-02-23T13:00:00Z 185 203 312 191 137
2014-02-23T14:00:00Z 183 183 330 210 123
2014-02-23T15:00:00Z 176 190 341 213 121
2014-02-23T16:00:00Z 181 187 344 208 146
2014-02-23T17:00:00Z 188 200 349 215 130
2014-02-23T18:00:00Z 184 200 337 218 118
2014-02-23T19:00:00Z 190 216 322 228 126
2014-02-23T20:00:00Z 199 220 307 225 123
2014-02-23T21:00:00Z 211 219 298 234 122
2014-02-23T22:00:00Z 236 226 303 248 131
2014-02-23T23:00:00Z 252 217 283 251 130
2014-02-24T00:00:00Z 253 215 287 255 140
2014-02-24T01:00:00Z 305 210 289 255 138
2014-02-24T02:00:00Z 334 199 279 252 142
2014-02-24T03:00:00Z 354 198 278 253 149
2014-02-24T04:00:00Z 361 196 280 250 155
2014-02-24T05:00:00Z 359 198 272 253 153
2014-02-24T06:00:00Z 362 208 259 234 155
2014-02-24T07:00:00Z 363 211 252 241 148
2014-02-24T08:00:00Z 308 217 259 250 145
2014-02-24T09:00:00Z 272 216 269 -1 157
2014-02-24T10:00:00Z 230 217 263 271 155
2014-02-24T23:00:00Z 335 367 355 253 279
2014-02-25T00:00:00Z 348 346 365 241 334
2014-02-25T01:00:00Z 354 414 380 241 328
2014-02-25T02:00:00Z 387 378 385 258 349
2014-03-03T07:00:00Z 134 207 237 33 63
2014-03-03T08:00:00Z 137 185 228 46 48
2014-03-03T09:00:00Z 151 176 230 48 59
2014-03-03T10:00:00Z 147 170 263 49 84
2014-03-03T11:00:00Z 148 184 280 37 55
2014-03-03T12:00:00Z 147 198 282 28 63
2014-03-03T13:00:00Z 168 200 282 27 80
2014-03-03T14:00:00Z 174 200 296 39 74
2014-03-03T15:00:00Z 174 233 292 52 82
2014-03-03T16:00:00Z 168 261 323 93 75
2014-03-03T17:00:00Z 172 274 354 116 68
2014-03-03T18:00:00Z 183 287 374 150 74
2014-03-10T19:00:00Z 136 162 226 91 37
2014-03-10T20:00:00Z 154 158 237 97 35
2014-03-10T21:00:00Z 187 175 259 112 41
2014-03-10T22:00:00Z 198 168 266 114 51
2014-03-10T23:00:00Z 198 168 272 109 62
2014-03-11T00:00:00Z 197 164 255 119 77
2014-03-11T01:00:00Z 206 166 251 116 91
2014-03-11T02:00:00Z 205 184 257 110 72
2014-03-11T03:00:00Z 215 192 262 105 84
2014-03-11T04:00:00Z 218 206 253 123 101
2014-03-11T05:00:00Z 227 206 263 116 118
2014-03-11T06:00:00Z 230 231 261 110 140
2014-03-11T07:00:00Z 242 232 263 118 160
2014-03-11T08:00:00Z 251 247 278 134 184
2014-03-11T09:00:00Z 268 252 279 148 198
2014-03-15T20:00:00Z 166 172 59 85 75
2014-03-16T16:00:00Z 128 128 169 40 65
2014-03-16T17:00:00Z 130 122 176 46 61
2014-03-16T18:00:00Z 147 140 182 60 49
2014-03-16T19:00:00Z 148 143 194 65 56
2014-03-16T20:00:00Z 144 157 203 78 62
2014-03-16T21:00:00Z 142 165 220 85 78
2014-03-16T22:00:00Z 134 184 227 91 78
2014-03-16T23:00:00Z 137 191 231 91 84
2014-03-17T00:00:00Z 124 175 241 103 87
2014-03-17T01:00:00Z 106 172 237 119 91
2014-03-17T02:00:00Z 106 188 236 100 105
2014-03-17T03:00:00Z 102 180 230 92 106
2014-03-17T04:00:00Z 109 186 242 99 106
2014-03-17T05:00:00Z 116 179 245 106 101
2014-03-23T15:00:00Z 148 122 115 50 94
2014-03-23T16:00:00Z 168 130 131 50 111
2014-03-23T17:00:00Z 172 100 135 54 100
2014-03-23T18:00:00Z 153 91 124 75 120
2014-03-23T19:00:00Z 136 105 99 97 129
2014-03-23T20:00:00Z 190 134 105 90 134
2014-03-23T21:00:00Z 214 147 98 125 128
2014-03-23T22:00:00Z 217 140 90 142 151
2014-03-23T23:00:00Z 216 142 80 141 152
2014-03-24T00:00:00Z 214 175 90 130 154
2014-03-24T01:00:00Z 225 169 92 126 150
2014-03-24T02:00:00Z 234 159 108 135 153
2014-03-24T03:00:00Z 240 163 112 132 163
2014-03-24T04:00:00Z 231 156 123 128 158
2014-03-24T05:00:00Z 239 149 130 127 165
2014-03-24T06:00:00Z 220 155 142 129 148
2014-03-24T07:00:00Z 225 176 147 141 155
2014-03-24T08:00:00Z 255 168 140 151 180
2014-03-24T09:00:00Z 251 161 146 157 172
2014-03-24T23:00:00Z 226 170 94 148 159
2014-03-25T00:00:00Z 239 173 104 151 174
2014-03-25T01:00:00Z 237 160 110 143 148
2014-03-25T02:00:00Z 202 150 122 147 150
2014-03-25T03:00:00Z 178 152 118 150 158
2014-03-25T04:00:00Z 163 153 131 157 162
2014-03-25T05:00:00Z 163 149 137 161 175
2014-03-25T06:00:00Z 162 156 137 157 196
2014-03-25T07:00:00Z 199 200 148 152 185
2014-03-25T08:00:00Z 208 230 150 142 200
2014-03-25T09:00:00Z 225 253 168 130 205
2014-03-25T10:00:00Z 260 255 167 130 223
2014-03-25T11:00:00Z 274 251 176 121 227
2014-03-25T12:00:00Z 279 266 174 124 224
2014-03-25T13:00:00Z -1 -1 -1 -1 -1
2014-03-25T14:00:00Z 185 206 191 117 202
2014-03-25T15:00:00Z -1 -1 -1 -1 -1
2014-03-25T16:00:00Z 117 133 179 39 194
2014-03-25T17:00:00Z 112 137 184 38 180
2014-03-25T18:00:00Z 111 156 181 53 175
2014-03-25T19:00:00Z 123 175 167 81 179
2014-03-25T20:00:00Z 144 153 170 87 173
2014-03-25T21:00:00Z 165 157 171 111 147
2014-03-25T22:00:00Z 169 163 183 115 115
2014-03-25T23:00:00Z 178 179 181 150 95
2014-03-26T00:00:00Z 187 170 186 165 84
2014-03-26T01:00:00Z 213 195 191 155 90
2014-03-26T02:00:00Z 224 204 189 163 84
2014-03-26T03:00:00Z 231 195 197 169 88
2014-03-26T04:00:00Z 276 199 203 166 68
2014-03-26T05:00:00Z 293 202 213 166 75
2014-03-26T06:00:00Z 285 221 217 159 60
2014-03-26T07:00:00Z 261 223 218 150 56
2014-03-26T08:00:00Z 261 221 217 164 61
2014-03-26T09:00:00Z 302 229 226 166 75
2014-03-26T10:00:00Z 288 237 227 157 70
2014-03-26T11:00:00Z 294 247 246 141 69
2014-03-26T12:00:00Z 287 255 258 154 76
2014-03-26T13:00:00Z 259 252 274 157 70
2014-03-26T14:00:00Z -1 -1 -1 -1 -1
2014-03-26T15:00:00Z 201 236 272 118 81
2014-03-26T16:00:00Z 204 243 287 104 136
2014-03-26T17:00:00Z 195 252 261 101 153
2014-03-26T18:00:00Z 223 251 237 84 166
2014-03-26T19:00:00Z 237 281 169 128 184
2014-03-26T20:00:00Z 264 301 147 176 216
2014-03-26T21:00:00Z 263 341 158 214 254
2014-03-26T22:00:00Z 252 255 170 218 267
2014-03-26T23:00:00Z 273 200 168 211 298
2014-03-27T00:00:00Z 235 180 164 212 296
2014-03-27T01:00:00Z 198 213 168 207 308
2014-03-27T02:00:00Z 180 205 179 213 298
2014-03-27T03:00:00Z 180 195 190 191 267
2014-03-27T04:00:00Z 182 212 195 166 208
2014-03-27T20:00:00Z 117 315 301 149 89
2014-03-27T21:00:00Z 121 334 309 143 132
2014-03-27T22:00:00Z 140 261 303 129 154
2014-03-27T23:00:00Z 148 179 294 132 151
2014-03-28T00:00:00Z 154 144 287 139 164
2014-03-28T01:00:00Z 167 141 282 132 167
2014-04-13T12:00:00Z 153 119 219 71 51
2014-04-13T13:00:00Z 126 95 204 70 54
2014-04-13T14:00:00Z 121 114 180 63 55
2014-04-13T15:00:00Z 109 127 159 65 52
2014-04-13T16:00:00Z 107 172 218 54 41
2014-04-13T17:00:00Z 104 177 197 48 49
2014-04-13T18:00:00Z 96 186 152 46 50
2014-04-13T19:00:00Z 96 164 153 69 47
2014-04-13T20:00:00Z 106 165 175 73 51
2014-04-13T21:00:00Z 111 177 133 93 48
2014-04-13T22:00:00Z 129 179 122 101 45
2014-04-13T23:00:00Z 164 167 110 100 49
2014-04-14T00:00:00Z 174 169 116 120 53
2014-04-14T01:00:00Z 180 161 114 96 56
2014-04-14T02:00:00Z 184 157 131 95 76
2014-04-14T03:00:00Z 186 145 130 95 96
2014-04-14T04:00:00Z 185 122 130 88 95
2014-04-14T05:00:00Z 192 120 127 99 117
2014-04-14T06:00:00Z 169 121 139 94 131
2014-04-14T07:00:00Z 172 131 145 110 142
2014-04-14T08:00:00Z 167 151 167 108 145
2014-04-14T09:00:00Z 193 138 177 112 140
2014-04-14T10:00:00Z 191 136 198 109 147
2014-04-14T11:00:00Z 177 163 215 103 153
2014-04-14T12:00:00Z 163 154 213 122 141
2014-04-14T13:00:00Z 158 153 193 164 122
2014-04-17T23:00:00Z 105 121 -1 50 81
2014-04-18T00:00:00Z 97 129 -1 57 64
2014-04-18T01:00:00Z 96 134 -1 74 78
2014-04-18T02:00:00Z 89 120 -1 86 83
2014-04-18T03:00:00Z 85 129 -1 91 86
2014-04-18T04:00:00Z 72 132 -1 97 87
2014-04-18T05:00:00Z 67 143 131 99 72
2014-04-23T08:00:00Z 126 135 147 59 93
2014-04-23T09:00:00Z 123 134 174 56 104
2014-05-01T03:00:00Z 112 104 181 82 97
2014-05-01T04:00:00Z 122 112 180 84 86
2014-05-01T05:00:00Z 123 107 183 83 93
2014-05-01T06:00:00Z 131 117 187 89 105
2014-05-01T07:00:00Z 140 126 193 88 102
2014-05-15T14:00:00Z 57 52 32 8 17
2014-05-19T12:00:00Z -1 -1 -1 -1 -1
2014-05-19T13:00:00Z 150 113 85 32 56
2014-05-19T14:00:00Z 145 102 76 37 57
2014-05-19T15:00:00Z 125 100 52 29 52
2014-05-19T16:00:00Z 112 102 54 41 50
2014-05-19T17:00:00Z 112 77 84 38 60
2014-05-19T18:00:00Z 114 75 101 29 54
2014-05-19T19:00:00Z 138 82 102 41 63
2014-05-19T20:00:00Z 144 103 101 62 61
2014-05-21T15:00:00Z 102 70 113 23 42
2014-05-21T16:00:00Z -1 -1 -1 -1 -1
2014-05-21T17:00:00Z 109 65 138 15 65
2014-05-21T18:00:00Z 107 52 120 15 69
2014-05-21T19:00:00Z 118 76 98 16 73
2014-05-21T20:00:00Z 123 111 55 14 64
2014-05-21T21:00:00Z 126 136 52 20 53
2014-05-21T22:00:00Z 127 186 55 32 41
2014-05-21T23:00:00Z 126 247 57 47 57
2014-05-22T00:00:00Z 157 235 63 55 56
2014-05-22T01:00:00Z 170 253 78 64 71
2014-05-22T02:00:00Z 176 210 91 65 74
2014-05-22T03:00:00Z 181 198 94 73 80
2014-05-22T04:00:00Z 190 167 103 84 85
2014-05-31T11:00:00Z 128 103 205 63 23
2014-05-31T12:00:00Z 103 107 195 57 26
2014-05-31T13:00:00Z 133 114 204 60 28
2014-06-16T13:00:00Z 145 143 186 81 114
2014-06-16T14:00:00Z 149 129 170 71 121
2014-06-16T15:00:00Z 123 115 172 71 143
2014-06-16T16:00:00Z 114 95 138 103 166
2014-06-16T17:00:00Z 102 96 131 111 146
2014-07-04T09:00:00Z 255 135 54 129 52
2014-07-04T10:00:00Z 263 182 59 113 48
2014-07-04T11:00:00Z 277 202 68 112 50
2014-07-04T12:00:00Z 208 198 75 90 50
2014-07-04T13:00:00Z 187 186 -1 65 -1
2014-07-04T14:00:00Z -1 -1 84 -1 52
2014-07-04T15:00:00Z 188 208 69 56 54
2014-07-04T16:00:00Z 185 100 61 33 58
2014-07-04T17:00:00Z 82 48 65 39 61
2014-07-04T18:00:00Z 80 51 70 32 61
2014-07-04T19:00:00Z 58 43 71 38 58
2014-07-04T20:00:00Z 72 50 67 48 61
2014-07-04T21:00:00Z 66 60 76 81 72
2014-07-04T22:00:00Z 60 62 59 109 73
2014-07-04T23:00:00Z 70 58 54 123 58
2014-07-05T00:00:00Z 73 55 51 150 53
2014-07-05T01:00:00Z 73 68 54 153 67
2014-07-06T00:00:00Z 162 124 177 159 31
2014-07-06T01:00:00Z 160 148 203 163 21
2014-07-07T10:00:00Z 79 218 265 172 35
2014-07-07T11:00:00Z 100 202 263 144 29
2014-07-07T12:00:00Z 130 156 255 105 30
2014-07-07T13:00:00Z 155 142 231 117 28
2014-07-07T14:00:00Z 170 137 196 105 28
2014-07-07T15:00:00Z 176 142 172 91 27
2014-07-07T16:00:00Z 182 155 141 98 27
2014-07-07T17:00:00Z 201 131 117 126 24
2014-07-07T18:00:00Z 196 139 102 135 27
2014-07-07T19:00:00Z 203 149 95 161 33
2014-07-07T21:00:00Z 213 165 119 155 28
2014-07-07T22:00:00Z 195 159 154 156 26
2014-07-07T23:00:00Z 148 162 132 159 32
2014-07-08T00:00:00Z 132 169 141 145 34
2014-07-17T09:00:00Z 85 66 95 53 44
2014-07-17T10:00:00Z 80 82 95 52 45
2014-07-17T11:00:00Z 81 80 104 45 36
2014-07-17T12:00:00Z 86 82 128 48 48
2014-07-17T13:00:00Z 104 83 156 40 38
2014-07-17T14:00:00Z 109 114 167 49 35
2014-07-17T15:00:00Z 93 141 170 56 40
2014-07-17T16:00:00Z 92 129 176 59 38
2014-07-17T17:00:00Z 98 132 198 61 43
2014-07-17T18:00:00Z 103 117 188 78 54
2014-07-17T19:00:00Z 87 119 154 85 68
2014-07-17T21:00:00Z 62 127 86 116 64
2014-07-17T22:00:00Z 68 147 77 102 74
2014-07-17T23:00:00Z 73 161 58 110 60
2014-07-18T00:00:00Z 64 156 61 114 73
2014-07-18T01:00:00Z 55 172 70 104 52
2014-07-18T02:00:00Z 57 196 109 98 57
2014-07-18T03:00:00Z 66 192 124 111 47
2014-07-18T04:00:00Z 72 188 126 127 31
2014-07-18T05:00:00Z 85 200 167 117 31
2014-07-18T06:00:00Z 87 237 181 108 31
2014-07-18T07:00:00Z 78 203 179 126 47
2014-07-18T08:00:00Z 70 204 185 115 49
2014-07-18T09:00:00Z 78 180 208 130 56
2014-07-18T10:00:00Z 90 162 236 147 42
2014-07-18T11:00:00Z 109 114 238 127 49
2014-07-18T12:00:00Z 113 125 228 124 47
2014-07-18T13:00:00Z 111 109 210 124 52
2014-07-18T14:00:00Z 95 114 155 124 52
2014-07-28T02:00:00Z 94 126 121 103 97
2014-07-30T09:00:00Z 119 79 92 28 29
2014-07-30T10:00:00Z 124 89 82 38 28
2014-07-30T11:00:00Z 76 109 58 37 34
2014-07-30T12:00:00Z 46 107 59 90 23
2014-07-30T13:00:00Z 35 127 63 100 21
2014-07-30T14:00:00Z 38 147 56 114 21
2014-07-30T15:00:00Z 91 132 70 87 19
2014-07-30T16:00:00Z 125 102 83 84 17
2014-07-30T17:00:00Z 121 95 80 85 15
2014-07-30T18:00:00Z 111 90 93 84 17
2014-07-30T19:00:00Z 99 87 93 74 21
2014-07-30T21:00:00Z 140 120 117 79 22
2014-07-30T22:00:00Z 146 124 107 91 20
2014-07-30T23:00:00Z 142 125 101 97 28
2014-07-31T00:00:00Z 139 121 107 97 38
2014-07-31T01:00:00Z 119 129 121 91 32
2014-07-31T02:00:00Z 108 144 112 88 31
2014-07-31T03:00:00Z 107 150 126 87 35
2014-07-31T04:00:00Z 105 146 117 86 34
2014-07-31T17:00:00Z -1 -1 -1 -1 -1
2014-07-31T18:00:00Z 117 92 96 67 17
2014-07-31T19:00:00Z 124 85 108 72 19
2014-07-31T20:00:00Z 138 121 114 89 19
2014-07-31T21:00:00Z 137 127 124 88 22
2014-07-31T22:00:00Z 125 141 141 99 24
2014-07-31T23:00:00Z 108 143 144 93 19
2014-08-01T00:00:00Z 101 -1 139 106 21
2014-08-01T01:00:00Z 93 140 144 120 21
2014-08-01T02:00:00Z 73 131 147 110 22
2014-08-01T03:00:00Z 75 132 153 122 23
2014-08-01T04:00:00Z 73 133 161 102 20
2014-08-01T05:00:00Z 76 121 170 118 21
2014-08-01T06:00:00Z 76 154 181 108 22
2014-08-01T07:00:00Z 80 179 197 113 31
2014-08-01T09:00:00Z 118 179 185 118 35
2014-08-01T10:00:00Z 131 144 177 119 32
2014-08-01T11:00:00Z 136 131 152 106 41
2014-08-01T12:00:00Z 123 123 124 123 31
2014-08-01T13:00:00Z 123 113 109 112 30
2014-08-01T14:00:00Z 117 116 122 78 25
2014-08-01T15:00:00Z 118 107 120 73 29
2014-08-01T16:00:00Z -1 -1 -1 -1 -1
2014-08-01T17:00:00Z 109 90 113 73 24
2014-08-01T18:00:00Z 111 79 104 65 24
2014-08-02T10:00:00Z 54 139 146 93 24
2014-08-02T11:00:00Z 61 128 138 85 21
2014-08-02T12:00:00Z 74 104 134 83 19
2014-08-02T13:00:00Z 84 96 128 69 22
2014-08-02T14:00:00Z 99 89 135 64 26
2014-08-02T15:00:00Z 98 98 126 76 29
2014-08-02T16:00:00Z 96 96 126 64 26
2014-08-02T17:00:00Z 96 102 128 65 27
2014-08-02T18:00:00Z 99 111 139 63 31
2014-08-02T19:00:00Z 96 122 149 73 30
2014-08-02T20:00:00Z 100 123 124 76 29
2014-08-02T21:00:00Z 108 138 113 75 33
2014-08-02T22:00:00Z 116 142 125 73 35
2014-08-02T23:00:00Z 121 167 135 83 41
2014-08-03T00:00:00Z 124 161 158 84 50
2014-08-21T02:00:00Z 140 127 122 22 125
2014-08-21T03:00:00Z 138 132 119 26 127
2014-08-21T04:00:00Z 139 134 124 24 119
2014-08-21T05:00:00Z 138 151 131 29 114
2014-08-21T06:00:00Z 142 152 130 29 121
2014-08-21T07:00:00Z 149 167 130 32 113
2014-08-21T09:00:00Z 141 140 118 27 131
2014-08-21T10:00:00Z 136 161 101 29 121
2014-08-21T11:00:00Z 132 153 99 35 99
2014-08-30T04:00:00Z 110 96 72 60 44
2014-08-30T05:00:00Z 114 77 80 62 31
2014-08-30T06:00:00Z 115 78 96 58 36
2014-08-30T07:00:00Z 126 74 95 61 36
2014-08-30T09:00:00Z 112 83 112 66 37
2014-08-30T10:00:00Z 102 85 106 66 36
2014-08-30T11:00:00Z 116 106 109 45 33
2014-08-30T12:00:00Z 116 123 117 49 33
2014-08-30T13:00:00Z 102 116 133 49 30
2014-09-05T21:00:00Z 109 80 60 52 20
2014-09-05T22:00:00Z 105 115 59 60 21
2014-09-05T23:00:00Z 109 115 61 74 24
2014-09-06T00:00:00Z 120 99 65 60 26
2014-09-06T01:00:00Z 128 97 62 51 22
2014-09-06T02:00:00Z 130 106 69 67 24
2014-09-06T03:00:00Z 129 115 79 60 21
2014-09-06T04:00:00Z 116 141 95 54 21
2014-09-06T05:00:00Z 100 144 98 56 21
2014-09-06T06:00:00Z 91 137 98 62 28
2014-09-06T07:00:00Z 89 162 106 49 22
2014-09-06T08:00:00Z 87 176 113 59 27
2014-09-06T09:00:00Z 104 164 119 71 27
2014-09-06T10:00:00Z 125 144 129 75 29
2014-09-06T11:00:00Z 137 143 135 70 28
2014-09-06T12:00:00Z 127 134 142 69 32
2014-09-06T13:00:00Z 117 102 131 67 33
2014-09-06T14:00:00Z 106 77 100 66 32
2014-09-06T15:00:00Z 96 75 88 40 32
2014-09-06T16:00:00Z 94 69 81 44 32
2014-09-06T17:00:00Z 101 72 69 38 32
2014-09-06T18:00:00Z 104 72 64 55 35
2014-09-06T19:00:00Z 108 80 77 63 37
2014-09-06T20:00:00Z 118 80 78 65 40
2014-09-06T21:00:00Z 127 87 90 68 36
2014-09-06T22:00:00Z 136 101 87 80 40
2014-09-06T23:00:00Z 128 100 88 77 41
2014-09-07T00:00:00Z 118 120 84 63 48
2014-09-07T01:00:00Z 122 117 95 65 43
2014-09-07T02:00:00Z 131 117 103 72 52
2014-09-07T03:00:00Z 131 128 100 56 51
2014-09-07T04:00:00Z 151 125 107 70 57
2014-09-07T05:00:00Z 158 135 117 55 61
2014-09-07T06:00:00Z 160 131 115 74 80
2014-09-07T07:00:00Z 160 134 124 74 62
2014-09-07T09:00:00Z 152 140 126 73 73
2014-09-07T10:00:00Z 134 131 128 112 71
2014-09-07T11:00:00Z 133 140 127 83 66
2014-09-07T12:00:00Z 134 134 128 75 78
2014-09-20T18:00:00Z 123 123 110 22 51
2014-09-25T11:00:00Z 60 125 136 19 18
2014-09-25T12:00:00Z 67 127 116 29 12
2014-09-25T13:00:00Z 69 99 122 32 9
2014-09-26T13:00:00Z 159 130 117 68 14
2014-10-07T14:00:00Z -1 -1 -1 -1 -1
2014-10-07T15:00:00Z 163 213 198 41 90
2014-10-07T16:00:00Z 182 208 241 36 109
2014-10-07T17:00:00Z 184 215 279 38 103
2014-10-07T18:00:00Z 203 219 274 44 103
2014-10-07T19:00:00Z 230 226 269 55 119
2014-10-07T20:00:00Z 269 250 282 82 132
2014-10-07T21:00:00Z 283 281 309 105 126
2014-10-07T22:00:00Z 282 324 325 86 133
2014-10-07T23:00:00Z 295 344 299 79 130
2014-10-08T00:00:00Z 300 340 284 92 131
2014-10-08T01:00:00Z 311 354 270 93 128
2014-10-08T02:00:00Z 330 381 255 83 130
2014-10-08T03:00:00Z 326 385 237 100 127
2014-10-08T04:00:00Z 344 358 226 105 167
2014-10-08T05:00:00Z 331 337 218 98 89
2014-10-08T06:00:00Z 331 335 214 94 118
2014-10-08T07:00:00Z 316 350 208 89 111
2014-10-08T08:00:00Z 317 325 214 94 110
2014-10-08T09:00:00Z 334 317 228 93 110
2014-10-08T10:00:00Z 310 319 278 100 108
2014-10-08T11:00:00Z -1 -1 -1 -1 -1
2014-10-08T12:00:00Z 325 312 289 101 120
2014-10-08T13:00:00Z 315 323 278 105 154
2014-10-08T14:00:00Z 312 345 261 110 115
2014-10-08T15:00:00Z 278 383 289 138 96
2014-10-08T16:00:00Z 226 357 323 149 84
2014-10-08T17:00:00Z 197 322 343 176 112
2014-10-08T18:00:00Z 195 334 365 193 155
2014-10-08T19:00:00Z 208 355 351 209 111
2014-10-08T20:00:00Z 252 411 357 194 114
2014-10-08T21:00:00Z 272 456 369 196 123
2014-10-08T22:00:00Z 297 468 375 211 141
2014-10-08T23:00:00Z 300 481 388 194 140
2014-10-09T00:00:00Z 292 483 387 180 210
2014-10-09T01:00:00Z 287 489 381 201 157
2014-10-09T02:00:00Z 273 479 402 206 162
2014-10-09T03:00:00Z 268 473 408 177 143
2014-10-09T04:00:00Z 240 485 401 182 120
2014-10-09T05:00:00Z 231 470 386 182 113
2014-10-09T06:00:00Z 253 456 370 191 107
2014-10-09T07:00:00Z 245 423 368 185 117
2014-10-09T08:00:00Z 248 418 362 185 183
2014-10-09T09:00:00Z 244 388 348 185 93
2014-10-09T10:00:00Z 266 361 347 195 109
2014-10-09T11:00:00Z 278 385 356 223 160
2014-10-09T12:00:00Z 310 422 374 212 173
2014-10-09T13:00:00Z 313 427 356 225 148
2014-10-09T14:00:00Z 281 403 367 243 130
2014-10-09T15:00:00Z 237 333 382 256 118
2014-10-09T16:00:00Z -1 -1 -1 -1 -1
2014-10-09T17:00:00Z 228 303 396 256 127
2014-10-09T18:00:00Z 201 305 410 246 144
2014-10-09T19:00:00Z 240 314 422 262 153
2014-10-10T08:00:00Z 277 368 317 196 60
2014-10-10T09:00:00Z 281 356 307 192 68
2014-10-10T10:00:00Z 305 347 311 208 71
2014-10-10T11:00:00Z 300 345 313 222 69
2014-10-10T12:00:00Z 287 345 307 220 111
2014-10-10T13:00:00Z 257 328 316 210 55
2014-10-10T14:00:00Z -1 -1 -1 -1 -1
2014-10-10T15:00:00Z 214 287 284 196 64
2014-10-10T16:00:00Z 217 245 214 201 66
2014-10-10T17:00:00Z 224 209 178 209 67
2014-10-10T18:00:00Z 241 208 159 212 76
2014-10-10T19:00:00Z 251 219 153 226 94
2014-10-10T20:00:00Z 251 248 167 232 86
2014-10-10T21:00:00Z 257 278 189 230 105
2014-10-10T22:00:00Z 264 321 197 227 111
2014-10-10T23:00:00Z 273 355 211 237 114
2014-10-11T00:00:00Z 284 322 224 212 115
2014-10-11T01:00:00Z 279 255 226 219 117
2014-10-11T02:00:00Z 242 268 236 200 115
2014-10-11T03:00:00Z 243 274 237 186 109
2014-10-11T04:00:00Z 221 272 235 160 102
2014-10-11T05:00:00Z 196 275 236 135 109
2014-10-11T06:00:00Z 162 278 232 136 122
2014-10-11T07:00:00Z 137 256 233 113 127
2014-10-11T08:00:00Z 122 235 220 115 119
2014-10-17T18:00:00Z 101 72 48 51 95
2014-10-18T12:00:00Z 231 124 96 47 134
2014-10-18T13:00:00Z -1 -1 -1 -1 -1
2014-10-18T14:00:00Z 247 143 110 46 174
2014-10-18T15:00:00Z 255 150 135 51 180
2014-10-18T16:00:00Z 272 177 119 50 165
2014-10-18T17:00:00Z 275 227 107 47 174
2014-10-18T18:00:00Z 327 248 110 69 153
2014-10-18T19:00:00Z 366 275 99 83 145
2014-10-18T20:00:00Z 301 327 121 88 187
2014-10-18T21:00:00Z 245 346 117 79 194
2014-10-18T22:00:00Z 223 368 116 90 181
2014-10-18T23:00:00Z 241 370 134 110 199
2014-10-19T00:00:00Z 248 369 161 82 188
2014-10-19T01:00:00Z 282 364 186 96 179
2014-10-19T02:00:00Z 296 354 198 80 151
2014-10-19T03:00:00Z 284 345 187 100 151
2014-10-19T04:00:00Z 236 360 173 91 137
2014-10-19T05:00:00Z 246 359 155 99 128
2014-10-19T06:00:00Z 261 351 141 110 133
2014-10-19T07:00:00Z 270 317 143 110 109
2014-10-19T08:00:00Z 273 348 162 113 103
2014-10-19T09:00:00Z 259 325 177 121 110
2014-10-19T10:00:00Z 227 200 190 133 76
2014-10-19T11:00:00Z 202 161 209 114 59
2014-10-19T12:00:00Z 177 182 232 137 46
2014-10-19T13:00:00Z 175 199 250 148 42
2014-10-19T14:00:00Z 145 200 265 147 44
2014-10-19T15:00:00Z 122 211 261 150 53
2014-10-19T16:00:00Z 118 171 247 152 72
2014-10-19T17:00:00Z 129 192 230 188 90
2014-10-19T18:00:00Z 147 160 210 206 87
2014-10-19T19:00:00Z 141 135 201 197 90
2014-10-19T20:00:00Z 157 150 192 157 95
2014-10-19T21:00:00Z 158 164 190 180 82
2014-10-19T22:00:00Z 144 177 186 182 61
2014-10-19T23:00:00Z -1 -1 -1 -1 -1
2014-10-20T00:00:00Z 147 182 157 160 52
2014-10-20T01:00:00Z 155 177 162 158 52
2014-10-23T13:00:00Z 121 -1 241 110 94
2014-10-23T14:00:00Z -1 140 -1 -1 -1
2014-10-23T15:00:00Z 156 164 239 125 128
2014-10-23T16:00:00Z 176 175 265 110 142
2014-10-23T17:00:00Z 223 192 291 127 165
2014-10-23T18:00:00Z 236 222 324 124 144
2014-10-23T19:00:00Z 247 283 327 133 141
2014-10-23T20:00:00Z 274 326 335 130 142
2014-10-23T21:00:00Z 276 331 342 156 132
2014-10-23T22:00:00Z 269 329 351 143 155
2014-10-23T23:00:00Z -1 -1 -1 -1 -1
2014-10-24T00:00:00Z 267 332 337 128 132
2014-10-24T01:00:00Z 285 320 327 126 165
2014-10-24T02:00:00Z 296 305 320 123 166
2014-10-24T03:00:00Z 288 298 300 141 160
2014-10-24T04:00:00Z 283 283 288 133 179
2014-10-24T05:00:00Z 265 256 278 133 182
2014-10-24T06:00:00Z 246 219 263 145 168
2014-10-24T07:00:00Z 244 216 -1 137 -1
2014-10-24T08:00:00Z 214 206 258 148 179
2014-10-24T09:00:00Z 193 196 274 146 173
2014-10-24T10:00:00Z 202 193 324 139 148
2014-10-24T11:00:00Z 222 200 358 152 139
2014-10-24T12:00:00Z 256 240 381 154 145
2014-10-24T13:00:00Z 285 278 433 159 148
2014-10-24T14:00:00Z 296 291 442 147 140
2014-10-24T15:00:00Z 288 303 446 145 142
2014-10-24T16:00:00Z 288 322 420 165 132
2014-10-24T17:00:00Z 293 345 385 169 137
2014-10-24T18:00:00Z 297 358 300 166 130
2014-10-24T19:00:00Z 304 370 299 170 145
2014-10-24T20:00:00Z 317 384 288 192 144
2014-10-24T21:00:00Z 324 396 307 185 160
2014-10-24T22:00:00Z -1 -1 338 -1 157
2014-10-24T23:00:00Z 310 386 -1 173 -1
2014-10-25T00:00:00Z 296 384 328 167 168
2014-10-25T01:00:00Z 283 362 318 166 178
2014-10-25T02:00:00Z 275 344 313 157 176
2014-10-25T03:00:00Z 267 327 296 156 192
2014-10-25T04:00:00Z 253 300 263 146 161
2014-10-25T05:00:00Z 248 285 226 158 170
2014-10-25T06:00:00Z 252 286 208 141 180
2014-10-25T07:00:00Z 242 280 208 152 183
2014-10-25T08:00:00Z 236 272 219 152 177
2014-10-25T09:00:00Z 237 262 237 173 151
2014-10-25T10:00:00Z 262 285 283 166 150
2014-10-25T11:00:00Z 323 328 -1 161 151
2014-10-25T12:00:00Z 368 -1 339 188 138
2014-10-25T13:00:00Z -1 327 -1 -1 -1
2014-10-25T14:00:00Z 391 343 345 197 133
2014-10-25T15:00:00Z -1 -1 -1 -1 -1
2014-10-25T16:00:00Z -1 -1 -1 -1 -1
2014-10-25T17:00:00Z 390 362 239 163 161
2014-10-25T18:00:00Z 345 364 225 200 164
2014-10-29T16:00:00Z 105 110 163 70 78
2014-10-29T17:00:00Z 109 108 165 64 57
2014-10-29T18:00:00Z 117 115 161 77 58
2014-10-29T19:00:00Z 146 125 174 92 66
2014-10-29T20:00:00Z 169 150 184 109 94
2014-10-29T21:00:00Z 180 175 184 113 129
2014-10-29T22:00:00Z 170 202 186 119 140
2014-10-29T23:00:00Z 171 200 182 108 144
2014-10-30T00:00:00Z -1 -1 -1 -1 -1
2014-10-30T01:00:00Z 183 155 175 96 138
2014-10-30T02:00:00Z 181 152 175 87 158
2014-10-30T03:00:00Z 178 158 174 88 164
2014-10-30T04:00:00Z 174 151 173 91 161
2014-10-30T05:00:00Z 183 153 177 94 163
2014-10-30T06:00:00Z 179 161 177 100 145
2014-10-30T07:00:00Z 181 177 179 114 140
2014-10-30T08:00:00Z 182 189 173 106 133
2014-10-30T09:00:00Z 200 219 178 109 163
2014-10-30T10:00:00Z 210 237 180 124 173
2014-10-30T11:00:00Z 209 247 175 122 161
2014-10-30T12:00:00Z -1 -1 -1 -1 -1
2014-10-30T13:00:00Z 218 236 185 134 105
2014-10-30T14:00:00Z 207 185 201 126 73
2014-10-30T15:00:00Z -1 -1 -1 -1 -1
2014-10-30T16:00:00Z 208 164 224 124 74
2014-10-31T05:00:00Z 246 198 238 95 205
2014-10-31T06:00:00Z 247 188 242 81 187
2014-10-31T07:00:00Z 257 184 246 88 164
2014-10-31T08:00:00Z 217 190 -1 96 -1
2014-10-31T09:00:00Z 143 192 253 93 136
2014-10-31T10:00:00Z 111 185 254 99 132
2014-10-31T11:00:00Z 139 171 255 95 139
2014-10-31T12:00:00Z 177 188 232 93 132
2014-10-31T13:00:00Z 190 199 217 99 134
2014-10-31T14:00:00Z 193 200 -1 93 -1
2014-10-31T15:00:00Z 203 174 225 100 160
