2013-06-01T04:00:00Z 119 147 168 67 52
2013-06-01T03:00:00Z 120 149 179 69 48
2013-06-01T02:00:00Z 111 120 170 60 46
2013-06-01T01:00:00Z 95 104 146 55 45
2013-06-01T00:00:00Z 96 87 144 53 47
2013-05-31T23:00:00Z 85 115 125 52 54
2013-06-02T14:00:00Z 146 191 158 73 67
2013-06-02T13:00:00Z 158 206 158 67 55
2013-06-02T12:00:00Z 172 188 140 49 57
2013-06-02T11:00:00Z 193 179 133 26 86
2013-06-02T10:00:00Z 189 182 143 27 128
2013-06-02T09:00:00Z 205 159 134 31 133
2013-06-05T20:00:00Z 123 179 180 79 34
2013-06-05T19:00:00Z 134 144 170 74 33
2013-06-05T18:00:00Z 136 132 179 72 28
2013-06-05T17:00:00Z 121 124 185 48 28
2013-06-05T16:00:00Z 112 138 174 42 30
2013-06-05T15:00:00Z 119 136 176 34 24
2013-06-14T16:00:00Z 127 75 76 79 37
2013-06-14T15:00:00Z 124 77 72 71 47
2013-06-14T14:00:00Z 134 97 96 71 53
2013-06-14T13:00:00Z 145 119 103 62 55
2013-06-14T12:00:00Z 143 153 146 64 56
2013-06-14T11:00:00Z 140 151 125 58 53
2013-06-15T17:00:00Z 195 162 107 74 58
2013-06-15T16:00:00Z 157 170 117 71 53
2013-06-15T15:00:00Z 152 174 148 74 51
2013-06-15T14:00:00Z 145 158 166 61 36
2013-06-15T13:00:00Z 140 172 153 57 25
2013-06-15T12:00:00Z 129 164 148 55 24
2013-06-26T01:00:00Z 149 72 25 33 34
2013-06-26T00:00:00Z 159 84 35 36 37
2013-06-25T23:00:00Z 135 88 32 36 41
2013-06-25T22:00:00Z 116 83 32 41 41
2013-06-25T21:00:00Z 145 85 29 89 44
2013-06-25T20:00:00Z 166 140 31 131 27
2013-06-28T05:00:00Z 191 171 168 27 26
2013-06-28T04:00:00Z 186 173 174 30 23
2013-06-28T03:00:00Z 212 135 186 28 39
2013-06-28T02:00:00Z 193 114 155 28 52
2013-06-28T01:00:00Z 192 112 118 28 76
2013-06-28T00:00:00Z 195 124 104 34 95
2013-06-30T01:00:00Z 205 177 65 149 64
2013-06-30T00:00:00Z 193 171 57 138 74
2013-06-29T23:00:00Z 173 156 57 111 79
2013-06-29T22:00:00Z 153 152 61 114 79
2013-06-29T21:00:00Z 142 137 51 102 87
2013-06-29T20:00:00Z 128 111 48 96 67
2013-07-18T14:00:00Z 180 71 84 64 44
2013-07-18T13:00:00Z 205 53 82 76 45
2013-07-18T12:00:00Z -1 -1 -1 -1 -1
2013-07-18T11:00:00Z 147 109 68 82 56
2013-07-18T10:00:00Z 172 107 65 79 51
2013-07-18T09:00:00Z 159 92 69 73 41
2013-08-15T21:00:00Z 201 193 84 83 133
2013-08-15T20:00:00Z 204 174 120 90 123
2013-08-15T19:00:00Z 190 165 175 87 126
2013-08-15T18:00:00Z 189 143 151 72 125
2013-08-15T17:00:00Z 179 144 163 61 120
2013-08-15T16:00:00Z 143 141 174 60 114
2013-09-12T15:00:00Z 168 117 194 48 56
2013-09-12T14:00:00Z 169 121 165 41 58
2013-09-12T13:00:00Z 178 125 140 66 71
2013-09-12T12:00:00Z 187 128 153 59 84
2013-09-12T11:00:00Z 180 139 165 72 121
2013-09-12T10:00:00Z 160 126 157 65 143
2013-09-19T22:00:00Z 111 143 218 53 135
2013-09-19T21:00:00Z 110 128 208 82 141
2013-09-19T20:00:00Z -1 -1 -1 -1 -1
2013-09-19T19:00:00Z 94 105 176 40 96
2013-09-19T18:00:00Z 97 109 136 43 81
2013-09-19T17:00:00Z -1 -1 -1 -1 -1
2013-09-27T17:00:00Z 204 212 219 56 101
2013-09-27T16:00:00Z 207 193 209 44 82
2013-09-27T15:00:00Z 236 152 191 41 88
2013-09-27T14:00:00Z 261 137 178 31 113
2013-09-27T13:00:00Z 263 150 152 34 164
2013-09-27T12:00:00Z 263 133 165 29 184
2013-10-04T21:00:00Z 408 480 205 206 137
2013-10-04T20:00:00Z 399 452 204 195 123
2013-10-04T19:00:00Z 374 432 195 169 88
2013-10-04T18:00:00Z 355 418 218 149 82
2013-10-04T17:00:00Z 336 411 283 132 103
2013-10-04T16:00:00Z 300 380 344 126 118
2013-10-09T19:00:00Z 93 274 242 76 68
2013-10-09T18:00:00Z 89 264 234 73 62
2013-10-09T17:00:00Z 84 255 228 70 56
2013-10-09T16:00:00Z 79 228 221 66 52
2013-10-09T15:00:00Z 75 200 214 63 50
2013-10-09T14:00:00Z 72 190 208 61 48
2013-10-27T14:00:00Z 202 216 239 50 138
2013-10-27T13:00:00Z 201 219 225 48 133
2013-10-27T12:00:00Z 207 214 242 53 147
2013-10-27T11:00:00Z 222 201 225 49 159
2013-10-27T10:00:00Z 224 209 214 61 174
2013-10-27T09:00:00Z 206 211 210 78 173
2013-10-31T12:00:00Z 170 160 218 45 118
2013-10-31T11:00:00Z 175 150 211 46 133
2013-10-31T10:00:00Z 208 160 199 56 152
2013-10-31T09:00:00Z 190 200 188 63 152
2013-10-31T08:00:00Z 180 211 176 54 135
2013-10-31T07:00:00Z -1 -1 -1 -1 -1
2013-11-08T20:00:00Z -1 191 223 102 49
2013-11-08T19:00:00Z -1 174 201 91 43
2013-11-08T18:00:00Z -1 168 192 87 39
2013-11-08T17:00:00Z -1 158 179 43 36
2013-11-08T16:00:00Z -1 156 165 42 39
2013-11-08T15:00:00Z -1 143 145 39 47
2013-11-13T17:00:00Z 117 263 330 64 49
2013-11-13T16:00:00Z 20 227 265 52 47
2013-11-13T15:00:00Z 174 220 216 48 68
2013-11-13T14:00:00Z 194 205 221 42 74
2013-11-13T13:00:00Z 204 195 209 37 59
2013-11-13T12:00:00Z 196 201 193 48 39
2013-11-22T18:00:00Z 286 308 292 42 210
2013-11-22T17:00:00Z 273 262 288 28 161
2013-11-22T16:00:00Z 253 229 318 22 128
2013-11-22T15:00:00Z 221 238 296 20 75
2013-11-22T14:00:00Z 217 218 283 23 71
2013-11-22T13:00:00Z -1 -1 -1 -1 -1
2013-12-06T21:00:00Z 261 343 284 61 60
2013-12-06T20:00:00Z 224 341 292 64 57
2013-12-06T19:00:00Z 198 316 305 64 97
2013-12-06T18:00:00Z 180 294 211 48 128
2013-12-06T17:00:00Z 172 282 280 39 140
2013-12-06T16:00:00Z 147 261 255 35 124
2013-12-22T18:00:00Z 272 207 472 80 75
2013-12-22T17:00:00Z 246 199 420 60 50
2013-12-22T16:00:00Z 273 209 401 43 42
2013-12-22T15:00:00Z 333 284 428 32 45
2013-12-22T14:00:00Z 394 319 410 36 46
2013-12-22T13:00:00Z 459 314 439 33 50
2014-01-04T11:00:00Z 121 264 179 69 80
2014-01-04T10:00:00Z 113 210 170 65 81
2014-01-04T09:00:00Z 102 191 143 54 77
2014-01-04T08:00:00Z 79 182 121 48 70
2014-01-04T07:00:00Z 54 170 120 46 52
2014-01-04T06:00:00Z 68 156 104 44 56
2014-01-05T22:00:00Z 132 163 236 76 119
2014-01-05T21:00:00Z 127 208 222 77 126
2014-01-05T20:00:00Z 69 152 210 72 119
2014-01-05T19:00:00Z 46 118 195 57 113
2014-01-05T18:00:00Z 26 88 189 27 100
2014-01-05T17:00:00Z 22 74 174 20 90
2014-01-11T15:00:00Z 325 227 386 49 183
2014-01-11T14:00:00Z 387 295 371 43 152
2014-01-11T13:00:00Z 436 337 365 39 118
2014-01-11T12:00:00Z 430 410 362 52 136
2014-01-11T11:00:00Z 446 411 383 68 147
2014-01-11T10:00:00Z 384 392 360 83 125
2014-01-17T17:00:00Z 161 236 524 18 62
2014-01-17T16:00:00Z -1 -1 -1 -1 -1
2014-01-17T15:00:00Z 173 202 445 65 49
2014-01-17T14:00:00Z -1 -1 -1 -1 -1
2014-01-17T13:00:00Z 108 196 391 51 50
2014-01-18T20:00:00Z 172 399 523 39 38
2014-01-18T19:00:00Z 209 351 425 28 30
2014-01-18T18:00:00Z 86 318 286 17 33
2014-01-18T17:00:00Z 58 376 236 9 31
2014-01-18T16:00:00Z 84 434 276 9 30
2014-01-18T15:00:00Z 123 404 160 12 37
2014-01-19T07:00:00Z 136 383 396 64 41
2014-01-19T06:00:00Z 116 387 349 48 46
2014-01-19T05:00:00Z 114 441 380 53 48
2014-01-19T04:00:00Z 129 455 390 51 42
2014-01-19T03:00:00Z 158 435 398 52 40
2014-01-22T16:00:00Z 151 175 197 38 116
2014-01-22T15:00:00Z 179 158 208 38 113
2014-01-22T14:00:00Z 190 146 209 32 112
2014-01-22T13:00:00Z 164 160 204 38 107
2014-01-22T12:00:00Z 181 176 222 40 99
2014-01-22T11:00:00Z 119 168 247 49 87
2014-01-27T08:00:00Z 117 311 282 94 87
2014-01-27T07:00:00Z 123 309 265 93 92
2014-01-27T06:00:00Z 117 281 270 79 78
2014-01-27T05:00:00Z 111 258 274 84 68
2014-01-27T04:00:00Z 106 269 284 96 62
2014-01-27T03:00:00Z 106 255 283 86 54
2014-01-29T12:00:00Z 147 159 241 90 89
2014-01-29T11:00:00Z 125 176 260 85 79
2014-01-29T10:00:00Z 91 267 283 97 71
2014-01-29T09:00:00Z 70 307 281 80 61
2014-01-29T08:00:00Z 69 308 288 84 60
2014-01-29T07:00:00Z 67 285 274 84 60
2014-01-30T19:00:00Z 117 183 133 47 30
2014-01-30T18:00:00Z 21 119 122 20 30
2014-01-30T17:00:00Z 11 93 113 15 31
2014-01-30T16:00:00Z 13 97 94 11 31
2014-01-30T15:00:00Z 12 74 92 6 31
2014-01-30T14:00:00Z 17 88 90 7 35
2014-01-31T16:00:00Z 120 85 136 52 60
2014-01-31T15:00:00Z 114 73 144 46 64
2014-01-31T14:00:00Z 135 86 164 60 84
2014-01-31T13:00:00Z 148 122 177 110 82
2014-01-31T12:00:00Z 158 180 185 147 77
2014-01-31T11:00:00Z 163 211 201 171 91
2014-02-05T21:00:00Z 88 137 102 90 19
2014-02-05T20:00:00Z 72 115 101 68 20
2014-02-05T19:00:00Z 59 93 106 56 21
2014-02-05T18:00:00Z 61 94 103 42 21
2014-02-05T17:00:00Z 54 78 113 35 20
2014-02-05T16:00:00Z 48 77 124 33 25
2014-02-11T17:00:00Z 119 123 206 38 93
2014-02-11T16:00:00Z 126 113 209 55 103
2014-02-11T15:00:00Z 101 117 187 43 84
2014-02-11T14:00:00Z 125 125 -1 39 96
2014-02-11T13:00:00Z 246 151 184 40 93
2014-02-11T12:00:00Z 300 186 173 43 111
2014-02-12T17:00:00Z 141 233 315 12 68
2014-02-12T16:00:00Z 161 219 332 11 96
2014-02-12T15:00:00Z 194 222 328 11 114
2014-02-12T14:00:00Z 212 225 320 15 97
2014-02-12T13:00:00Z 221 226 307 19 95
2014-02-12T12:00:00Z 213 211 314 28 101
2014-02-19T21:00:00Z 135 105 170 44 74
2014-02-19T20:00:00Z 130 78 142 47 85
2014-02-19T19:00:00Z 117 59 128 21 88
2014-02-19T18:00:00Z 104 42 128 16 88
2014-02-19T17:00:00Z 90 39 133 15 83
2014-02-19T16:00:00Z 67 33 123 20 86
2014-03-10T18:00:00Z 134 143 211 84 34
2014-03-10T17:00:00Z 127 115 206 61 31
2014-03-10T16:00:00Z 114 83 182 70 30
2014-03-10T15:00:00Z 102 77 164 64 30
2014-03-10T14:00:00Z 86 90 161 64 32
2014-03-10T13:00:00Z 75 111 157 59 32
2014-03-16T15:00:00Z 119 109 160 34 55
2014-03-16T14:00:00Z 111 98 142 30 54
2014-03-16T13:00:00Z 100 113 145 30 58
2014-03-16T12:00:00Z 92 118 145 36 40
2014-03-16T11:00:00Z 91 104 141 46 32
2014-03-16T10:00:00Z 84 108 158 57 30
2014-03-28T18:00:00Z 158 91 125 41 89
2014-03-28T17:00:00Z 151 104 123 33 64
2014-03-28T16:00:00Z 123 107 138 36 57
2014-03-28T15:00:00Z -1 -1 -1 -1 -1
2014-03-28T14:00:00Z 77 136 154 47 53
2014-03-28T13:00:00Z 90 151 164 55 41
2014-04-17T22:00:00Z 108 113 -1 49 75
2014-04-17T21:00:00Z 91 104 -1 51 72
2014-04-17T20:00:00Z 77 105 -1 57 52
2014-04-17T19:00:00Z 76 95 -1 39 47
2014-04-17T18:00:00Z 81 83 -1 35 41
2014-04-17T17:00:00Z 77 78 -1 31 39
2014-04-23T07:00:00Z 116 129 140 61 64
2014-04-23T06:00:00Z 102 125 140 53 80
2014-04-23T05:00:00Z 95 121 135 49 76
2014-04-23T04:00:00Z 75 103 137 50 68
2014-04-23T03:00:00Z 63 97 132 46 74
2014-04-23T02:00:00Z 58 85 122 47 80
2014-05-01T02:00:00Z 103 103 176 84 87
2014-05-01T01:00:00Z 94 101 169 93 83
2014-05-01T00:00:00Z -1 -1 -1 81 -1
2014-04-30T23:00:00Z 89 110 155 99 86
2014-04-30T22:00:00Z 85 106 149 79 72
2014-04-30T21:00:00Z 68 92 131 76 65
2014-05-07T00:00:00Z 108 99 102 79 35
2014-05-06T23:00:00Z 102 94 85 59 33
2014-05-06T22:00:00Z 113 97 76 61 26
2014-05-06T21:00:00Z 110 105 65 55 29
2014-05-06T20:00:00Z 101 95 62 52 25
2014-05-06T19:00:00Z 95 91 57 44 27
2014-05-15T13:00:00Z 45 49 34 10 20
2014-05-15T12:00:00Z 52 48 32 11 21
2014-05-15T11:00:00Z 62 40 33 16 38
2014-05-15T10:00:00Z 57 42 38 20 66
2014-05-15T09:00:00Z 64 45 40 27 66
2014-05-15T08:00:00Z 73 60 45 35 47
2014-05-18T17:00:00Z 107 165 150 26 54
2014-05-18T16:00:00Z 92 144 183 23 57
2014-05-18T15:00:00Z 74 117 163 27 53
2014-05-18T14:00:00Z 71 111 135 29 42
2014-05-18T13:00:00Z 72 81 112 30 35
2014-05-18T12:00:00Z -1 -1 -1 -1 -1
2014-05-19T11:00:00Z 143 98 88 34 53
2014-05-19T10:00:00Z 122 131 127 35 44
2014-05-19T09:00:00Z 103 133 148 42 49
2014-05-19T08:00:00Z 94 135 138 46 43
2014-05-19T07:00:00Z 68 139 135 57 39
2014-05-19T06:00:00Z 77 124 127 44 36
2014-05-21T14:00:00Z 121 96 120 24 44
2014-05-21T13:00:00Z 127 83 121 33 44
2014-05-21T12:00:00Z -1 -1 -1 -1 -1
2014-05-21T11:00:00Z 136 109 129 34 55
2014-05-21T10:00:00Z 123 174 136 27 61
2014-05-21T09:00:00Z 114 162 161 17 57
2014-05-25T04:00:00Z 92 162 132 35 20
2014-05-25T03:00:00Z 89 153 141 41 19
2014-05-25T02:00:00Z 82 136 150 42 22
2014-05-25T01:00:00Z 70 126 157 36 18
2014-05-25T00:00:00Z 70 140 159 26 14
2014-05-24T23:00:00Z 75 135 159 24 28
2014-07-07T09:00:00Z 67 213 266 172 41
2014-07-07T08:00:00Z 55 230 250 177 38
2014-07-07T07:00:00Z 59 230 248 166 36
2014-07-07T06:00:00Z 70 227 233 146 36
2014-07-07T05:00:00Z 74 211 236 150 31
2014-07-26T04:00:00Z 102 118 140 43 45
2014-07-26T03:00:00Z 112 113 134 43 46
2014-07-26T02:00:00Z 137 109 121 42 42
2014-07-26T01:00:00Z 143 124 123 38 46
2014-07-26T00:00:00Z 128 119 100 47 50
2014-07-25T23:00:00Z 107 100 102 46 61
2014-07-28T01:00:00Z 90 114 109 100 85
2014-07-28T00:00:00Z 82 114 96 93 93
2014-07-27T23:00:00Z 75 106 83 91 80
2014-07-27T22:00:00Z 74 96 78 92 77
2014-07-27T21:00:00Z 71 98 80 87 94
2014-07-27T20:00:00Z 65 79 69 72 115
2014-07-30T08:00:00Z 139 78 91 31 25
2014-07-30T07:00:00Z 149 68 111 27 23
2014-07-30T06:00:00Z 123 63 109 28 27
2014-07-30T05:00:00Z 89 72 98 41 21
2014-07-30T04:00:00Z 66 62 127 96 21
2014-07-30T03:00:00Z 46 53 123 117 18
2014-08-02T09:00:00Z 44 135 159 113 22
2014-08-02T08:00:00Z 39 170 165 106 27
2014-08-02T07:00:00Z 35 168 168 101 27
2014-08-02T06:00:00Z 37 172 172 99 27
2014-08-02T05:00:00Z 41 171 167 95 23
2014-08-21T01:00:00Z 127 113 105 23 117
2014-08-21T00:00:00Z 116 97 99 35 117
2014-08-20T23:00:00Z 116 97 77 24 94
2014-08-20T22:00:00Z 113 91 69 34 56
2014-08-20T21:00:00Z 85 81 58 65 39
2014-08-20T20:00:00Z 70 81 57 71 56
2014-08-30T03:00:00Z 93 78 87 50 40
2014-08-30T02:00:00Z 96 79 80 57 32
2014-08-30T01:00:00Z 102 76 78 47 37
2014-08-30T00:00:00Z 102 74 80 49 37
2014-08-29T23:00:00Z 96 79 84 49 34
2014-08-29T22:00:00Z 88 81 75 42 34
2014-09-01T09:00:00Z 95 126 107 63 33
2014-09-01T08:00:00Z 86 126 107 66 32
2014-09-01T07:00:00Z 82 117 104 46 30
2014-09-01T06:00:00Z 81 131 105 54 26
2014-09-01T05:00:00Z 82 151 102 58 29
2014-09-01T04:00:00Z 86 136 101 48 24
2014-09-05T19:00:00Z 105 55 81 44 17
2014-09-05T18:00:00Z 98 63 89 38 12
2014-09-05T17:00:00Z 83 58 108 39 10
2014-09-05T16:00:00Z 88 83 124 34 10
2014-09-05T15:00:00Z 74 91 111 31 10
2014-09-20T17:00:00Z -1 -1 -1 -1 -1
2014-09-20T16:00:00Z 122 115 100 27 40
2014-09-20T15:00:00Z 133 111 102 45 46
2014-09-20T14:00:00Z 138 114 110 55 71
2014-09-25T10:00:00Z 46 121 144 24 22
2014-09-25T09:00:00Z 41 111 130 20 20
2014-09-25T08:00:00Z 56 84 125 24 30
2014-09-25T07:00:00Z 54 84 108 22 33
2014-09-25T06:00:00Z -1 -1 -1 -1 -1
2014-09-25T05:00:00Z 50 83 104 24 29
2014-10-03T14:00:00Z 154 146 100 22 22
2014-10-03T13:00:00Z 166 113 120 23 31
2014-10-03T12:00:00Z 169 107 162 23 22
2014-10-03T11:00:00Z 153 95 182 31 21
2014-10-03T10:00:00Z -1 -1 -1 -1 -1
2014-10-03T09:00:00Z 87 125 147 32 22
2014-10-07T13:00:00Z 140 198 156 26 140
2014-10-07T12:00:00Z 138 185 160 26 76
2014-10-07T11:00:00Z 150 197 171 28 50
2014-10-07T10:00:00Z 137 180 188 34 43
2014-10-17T17:00:00Z 96 71 45 36 84
2014-10-17T16:00:00Z 106 59 49 45 81
2014-10-17T15:00:00Z -1 -1 -1 -1 -1
2014-10-17T14:00:00Z 125 68 69 40 77
2014-10-17T13:00:00Z 133 85 91 43 78
2014-10-17T12:00:00Z 143 83 92 48 84
2014-10-18T11:00:00Z 223 140 71 60 127
2014-10-18T10:00:00Z 201 140 79 47 113
2014-10-18T09:00:00Z 179 142 72 56 103
2014-10-18T08:00:00Z 189 142 66 60 100
2014-10-18T07:00:00Z 206 124 61 58 106
2014-10-18T06:00:00Z -1 -1 -1 -1 120
2014-10-29T15:00:00Z 107 103 161 67 84
2014-10-29T14:00:00Z 110 96 157 57 83
2014-10-29T13:00:00Z 112 96 160 74 63
2014-10-29T12:00:00Z -1 -1 -1 -1 -1
2014-10-29T11:00:00Z 169 103 159 78 89
2014-10-29T10:00:00Z 141 96 165 90 108
