2013-12-24T22:00:00Z 580 537 298 142 113
2013-12-24T23:00:00Z 580 529 271 127 132
2013-12-25T00:00:00Z 536 496 250 117 145
2013-12-25T01:00:00Z 538 479 -1 117 148
2013-12-25T02:00:00Z 588 499 259 121 171
2013-12-25T03:00:00Z 502 507 236 134 162
2013-12-25T04:00:00Z 516 526 282 126 152
2013-12-25T05:00:00Z 541 535 333 126 149
2013-12-25T06:00:00Z 531 629 336 126 152
2013-12-25T07:00:00Z 523 668 324 117 163
2013-12-25T08:00:00Z 557 535 375 119 212
2013-12-25T09:00:00Z 534 394 376 125 228
2013-12-25T10:00:00Z 560 394 333 141 243
2013-12-25T11:00:00Z 633 388 288 159 267
2013-12-25T12:00:00Z 585 331 261 148 282
2013-12-25T13:00:00Z 500 342 243 143 273
2013-12-25T14:00:00Z 384 331 426 145 278
2013-12-25T15:00:00Z 353 399 418 159 305
2013-12-25T16:00:00Z 352 456 376 168 286
2013-12-25T17:00:00Z 359 489 449 180 301
2013-12-25T18:00:00Z -1 -1 -1 -1 -1
2013-12-25T19:00:00Z 384 488 432 21 298
2013-12-25T20:00:00Z 90 562 449 9 335
2013-12-25T21:00:00Z 28 627 435 11 332
2013-12-25T22:00:00Z 22 375 238 8 202
2013-12-25T23:00:00Z 19 139 117 5 46
2013-12-26T00:00:00Z 25 26 45 5 34
2013-12-26T01:00:00Z 14 -1 34 4 25
2013-12-26T02:00:00Z 12 13 23 3 25
2013-12-26T03:00:00Z 14 33 27 2 23
2013-12-26T04:00:00Z 14 12 25 1 16
2014-01-02T14:00:00Z 108 -1 92 70 43
2014-01-02T15:00:00Z 135 128 128 70 41
2014-01-02T16:00:00Z 147 213 151 68 40
2014-01-02T17:00:00Z 138 237 184 68 49
2014-01-02T18:00:00Z 159 233 206 77 47
2014-01-02T19:00:00Z 171 217 243 94 58
2014-01-04T12:00:00Z 146 260 137 53 -1
2014-01-04T13:00:00Z 108 221 162 40 -1
2014-01-04T14:00:00Z 118 213 194 40 63
2014-01-04T15:00:00Z -1 -1 -1 -1 -1
2014-01-04T16:00:00Z 117 226 235 52 51
2014-01-04T17:00:00Z 116 195 238 57 41
2014-01-04T18:00:00Z 109 191 213 61 38
2014-01-04T19:00:00Z 121 185 202 75 37
2014-01-04T20:00:00Z 160 188 294 98 36
2014-01-04T21:00:00Z 145 188 316 108 47
2014-01-04T22:00:00Z 157 203 334 108 57
2014-01-04T23:00:00Z 182 187 316 94 -1
2014-01-05T00:00:00Z 206 175 267 101 67
2014-01-06T12:00:00Z 157 165 325 77 133
2014-01-06T13:00:00Z -1 -1 -1 -1 -1
2014-01-06T14:00:00Z 76 160 293 93 96
2014-01-06T15:00:00Z 83 158 363 104 101
2014-01-06T16:00:00Z 85 187 444 110 82
2014-01-06T17:00:00Z 101 190 420 96 97
2014-01-10T23:00:00Z 258 292 258 78 121
2014-01-13T19:00:00Z 183 168 140 26 88
2014-01-14T22:00:00Z 124 296 279 48 156
2014-01-14T23:00:00Z 144 338 341 45 146
2014-01-15T00:00:00Z 130 334 402 42 126
2014-01-15T01:00:00Z 136 317 382 48 139
2014-01-15T23:00:00Z 429 441 570 69 212
2014-01-16T00:00:00Z 402 472 564 90 290
2014-01-16T01:00:00Z 428 509 636 95 364
2014-01-16T02:00:00Z 434 486 695 94 359
2014-01-16T03:00:00Z 453 495 647 88 329
2014-01-16T04:00:00Z 401 470 676 85 331
2014-01-16T05:00:00Z 403 486 608 78 343
2014-01-16T06:00:00Z 404 503 627 77 337
2014-01-16T07:00:00Z 383 488 552 73 354
2014-01-16T08:00:00Z 366 465 625 79 301
2014-01-16T18:00:00Z 368 398 326 127 141
2014-01-16T19:00:00Z 408 450 427 133 119
2014-01-16T20:00:00Z 409 507 613 144 92
2014-01-16T21:00:00Z 344 480 628 119 74
2014-01-16T22:00:00Z 308 449 553 75 72
2014-01-16T23:00:00Z 238 442 425 54 81
2014-01-17T00:00:00Z 217 422 352 61 92
2014-01-17T01:00:00Z 232 390 365 71 83
2014-01-17T02:00:00Z 205 391 460 66 81
2014-01-17T03:00:00Z 102 348 610 66 79
2014-01-17T04:00:00Z 65 247 595 64 72
2014-01-17T05:00:00Z 76 199 551 61 82
2014-01-17T06:00:00Z 83 186 553 67 77
2014-01-17T07:00:00Z 66 184 530 71 96
2014-01-17T16:00:00Z -1 -1 -1 -1 -1
2014-01-17T17:00:00Z 180 215 490 13 54
2014-01-17T18:00:00Z 183 231 516 6 59
2014-01-18T20:00:00Z 173 -1 516 33 48
2014-01-18T21:00:00Z 125 -1 583 43 59
2014-01-18T22:00:00Z 127 -1 561 59 61
2014-01-18T23:00:00Z 114 -1 580 64 64
2014-01-19T00:00:00Z 110 -1 509 63 57
2014-01-19T01:00:00Z 132 -1 463 66 54
2014-01-19T10:00:00Z 140 -1 326 79 65
2014-01-19T11:00:00Z 140 129 277 -1 -1
2014-01-19T12:00:00Z 157 190 332 83 -1
2014-01-22T17:00:00Z 149 198 171 59 157
2014-01-22T18:00:00Z 156 213 161 60 139
2014-01-22T19:00:00Z 167 230 244 60 122
2014-01-22T20:00:00Z 158 246 260 73 125
2014-01-22T21:00:00Z 331 258 219 77 126
2014-01-22T22:00:00Z 364 301 257 75 127
2014-01-22T23:00:00Z 381 357 292 78 -1
2014-01-23T00:00:00Z 305 374 340 86 -1
2014-01-23T01:00:00Z 280 371 300 93 155
2014-01-23T02:00:00Z 246 365 257 92 150
2014-01-23T03:00:00Z 259 349 253 92 134
2014-01-23T04:00:00Z 245 312 272 92 130
2014-01-23T05:00:00Z 235 260 245 90 125
2014-01-23T06:00:00Z 237 246 273 88 138
2014-01-23T07:00:00Z 239 236 256 87 144
2014-01-23T08:00:00Z 249 213 272 85 135
2014-01-23T09:00:00Z 231 205 273 88 122
2014-01-23T10:00:00Z 281 191 250 93 131
2014-01-23T11:00:00Z 306 224 227 100 130
2014-01-23T12:00:00Z 310 234 235 90 139
2014-01-23T13:00:00Z 331 202 181 84 147
2014-01-23T14:00:00Z 292 210 197 92 167
2014-01-23T15:00:00Z 279 224 291 102 160
2014-01-23T16:00:00Z 248 219 287 103 165
2014-01-23T17:00:00Z 216 238 301 109 117
2014-01-23T18:00:00Z 254 282 352 117 99
2014-01-23T19:00:00Z 312 252 406 123 107
2014-01-23T20:00:00Z 326 246 401 140 123
2014-01-23T21:00:00Z 353 241 425 150 140
2014-01-23T22:00:00Z 402 230 421 158 144
2014-01-23T23:00:00Z 335 253 416 191 139
2014-01-24T00:00:00Z 337 256 412 181 136
2014-01-24T01:00:00Z 379 251 396 172 173
2014-01-24T02:00:00Z 393 238 383 175 158
2014-01-24T03:00:00Z 388 250 341 170 166
2014-01-24T04:00:00Z 329 263 324 168 155
2014-01-24T05:00:00Z 346 260 319 168 148
2014-01-24T06:00:00Z 339 239 298 168 155
2014-01-24T07:00:00Z 336 233 303 166 160
2014-01-24T08:00:00Z 306 220 271 166 170
2014-01-24T09:00:00Z 277 208 292 167 180
2014-01-27T06:00:00Z 125 212 283 89 79
2014-01-27T07:00:00Z 134 255 286 82 84
2014-01-27T08:00:00Z 112 255 308 86 81
2014-01-29T12:00:00Z 139 146 243 98 -1
2014-01-29T13:00:00Z -1 -1 -1 -1 -1
2014-01-29T14:00:00Z 180 139 339 96 -1
2014-01-29T15:00:00Z 219 164 341 92 -1
2014-01-29T16:00:00Z 259 169 371 96 -1
2014-01-29T17:00:00Z 241 182 269 105 130
2014-01-29T18:00:00Z 233 173 254 112 162
2014-01-29T19:00:00Z 262 161 269 112 156
2014-01-29T20:00:00Z 257 144 248 118 171
2014-01-29T21:00:00Z 320 168 280 140 176
2014-01-30T19:00:00Z 124 147 116 13 34
2014-01-30T20:00:00Z 136 276 141 66 51
2014-01-30T21:00:00Z 160 346 191 88 119
2014-01-30T22:00:00Z 129 267 210 65 119
2014-01-30T23:00:00Z 148 213 247 109 304
2014-01-31T00:00:00Z 183 192 338 161 255
2014-01-31T01:00:00Z 136 245 232 333 170
2014-01-31T17:00:00Z 156 44 118 68 75
2014-02-01T04:00:00Z 147 134 142 139 37
2014-02-01T05:00:00Z 152 131 144 148 41
2014-02-01T06:00:00Z 143 135 147 148 40
2014-02-01T07:00:00Z -1 -1 -1 -1 -1
2014-02-01T08:00:00Z 154 116 161 142 35
2014-02-01T09:00:00Z 146 96 181 138 38
2014-02-01T19:00:00Z 79 137 123 162 84
2014-02-01T20:00:00Z 79 117 161 172 72
2014-02-01T21:00:00Z 83 96 144 167 84
2014-02-01T22:00:00Z 75 93 149 185 80
2014-02-01T23:00:00Z 105 110 181 187 84
2014-02-02T00:00:00Z 101 116 206 185 92
2014-02-02T01:00:00Z 83 133 184 186 128
2014-02-02T02:00:00Z 74 132 196 170 146
2014-02-02T03:00:00Z 73 149 209 158 161
2014-02-05T23:00:00Z 73 100 113 80 39
2014-02-06T00:00:00Z 79 105 90 89 48
2014-02-06T01:00:00Z 83 99 85 96 50
2014-02-06T02:00:00Z 80 147 79 88 46
2014-02-06T03:00:00Z 101 162 89 88 41
2014-02-06T04:00:00Z 99 142 68 87 41
2014-02-06T05:00:00Z 103 127 80 84 42
2014-02-06T06:00:00Z 86 106 79 81 42
2014-02-06T07:00:00Z 96 152 76 78 45
2014-02-06T08:00:00Z -1 -1 -1 -1 -1
2014-02-06T09:00:00Z 86 176 94 80 51
2014-02-08T03:00:00Z 59 64 89 68 28
2014-02-11T15:00:00Z 94 69 180 57 93
2014-02-11T16:00:00Z 134 98 208 50 109
2014-02-11T17:00:00Z 113 131 215 44 107
2014-02-11T18:00:00Z 121 148 202 49 121
2014-02-11T19:00:00Z 106 173 202 47 123
2014-02-11T20:00:00Z 123 167 171 61 110
2014-02-11T21:00:00Z 103 191 240 65 136
2014-02-11T22:00:00Z 109 230 337 74 153
2014-02-11T23:00:00Z 126 224 282 78 137
2014-02-12T00:00:00Z 148 216 270 79 129
2014-02-12T01:00:00Z 152 232 266 79 141
2014-02-12T02:00:00Z 221 224 240 89 143
2014-02-12T03:00:00Z 203 209 289 85 148
2014-02-13T00:00:00Z 241 326 396 41 97
2014-02-13T01:00:00Z 204 336 374 37 115
2014-02-13T02:00:00Z 231 342 429 45 117
2014-02-13T03:00:00Z 181 334 392 45 102
2014-02-13T04:00:00Z 165 302 379 48 96
2014-02-13T05:00:00Z 155 312 385 53 97
2014-02-13T06:00:00Z 150 381 394 56 97
2014-02-13T07:00:00Z 155 371 407 53 97
2014-02-13T08:00:00Z 162 322 488 48 88
2014-02-13T09:00:00Z 177 304 440 49 104
2014-02-13T10:00:00Z 172 288 531 57 92
2014-02-13T11:00:00Z 180 320 501 50 73
2014-02-13T12:00:00Z 169 314 475 49 66
2014-02-13T13:00:00Z 172 295 343 62 62
2014-02-13T14:00:00Z 188 293 214 -1 76
2014-02-13T15:00:00Z 183 300 150 125 79
2014-02-13T16:00:00Z 199 287 147 135 81
2014-02-13T17:00:00Z 200 299 153 140 68
2014-02-13T18:00:00Z 193 291 156 148 67
2014-02-13T19:00:00Z 207 278 148 146 78
2014-02-13T20:00:00Z 276 262 182 149 85
2014-02-13T21:00:00Z 272 240 190 154 87
2014-02-13T22:00:00Z 243 232 179 162 94
2014-02-13T23:00:00Z 124 234 179 173 106
2014-02-14T00:00:00Z 101 232 192 177 118
2014-02-14T01:00:00Z 114 212 222 179 106
2014-02-14T02:00:00Z 113 247 367 172 108
2014-02-14T03:00:00Z 125 255 395 163 117
2014-02-14T04:00:00Z 143 254 416 159 109
2014-02-14T05:00:00Z 150 265 412 156 108
2014-02-14T06:00:00Z 147 301 370 162 104
2014-02-14T07:00:00Z 135 327 385 167 118
2014-02-14T08:00:00Z 148 345 429 175 104
2014-02-14T09:00:00Z 203 312 383 211 91
2014-02-14T10:00:00Z 254 319 382 219 103
2014-02-14T11:00:00Z 300 337 422 227 98
2014-02-14T12:00:00Z 288 340 441 232 105
2014-02-14T13:00:00Z 310 350 385 211 122
2014-02-14T14:00:00Z 312 344 366 197 142
2014-02-14T15:00:00Z 320 340 283 197 113
2014-02-14T16:00:00Z 308 331 297 193 137
2014-02-14T17:00:00Z 303 316 232 185 145
2014-02-14T18:00:00Z 345 305 198 185 161
2014-02-14T19:00:00Z 364 316 217 180 193
2014-02-14T20:00:00Z 529 341 253 241 273
2014-02-14T21:00:00Z 617 362 274 293 292
2014-02-14T22:00:00Z 572 371 318 313 323
2014-02-14T23:00:00Z 737 369 319 378 314
2014-02-15T00:00:00Z 581 347 309 344 274
2014-02-15T01:00:00Z 627 333 330 294 261
2014-02-15T02:00:00Z 627 300 296 324 248
2014-02-15T03:00:00Z 524 308 350 325 249
2014-02-15T04:00:00Z 577 422 381 337 238
2014-02-15T05:00:00Z 558 472 412 311 251
2014-02-15T06:00:00Z 516 395 440 284 238
2014-02-15T07:00:00Z 555 313 359 270 252
2014-02-15T08:00:00Z 583 306 359 269 263
2014-02-15T09:00:00Z 593 304 388 277 277
2014-02-15T10:00:00Z 612 294 381 301 325
2014-02-15T11:00:00Z 694 315 463 283 326
2014-02-15T12:00:00Z 670 398 455 253 317
2014-02-15T13:00:00Z 689 413 520 238 303
2014-02-15T14:00:00Z 626 472 524 238 263
2014-02-15T15:00:00Z 556 447 562 245 221
2014-02-15T16:00:00Z 451 440 460 265 196
2014-02-15T17:00:00Z 394 429 405 269 177
2014-02-15T18:00:00Z 360 449 456 274 186
2014-02-15T19:00:00Z 421 450 609 289 187
2014-02-15T20:00:00Z 489 424 536 289 200
2014-02-15T21:00:00Z 504 436 526 292 211
2014-02-15T22:00:00Z 488 420 460 295 190
2014-02-15T23:00:00Z 477 403 552 291 222
2014-02-16T00:00:00Z 502 404 593 292 235
2014-02-16T01:00:00Z 508 430 636 305 248
2014-02-16T02:00:00Z 527 443 656 295 257
2014-02-16T03:00:00Z 522 442 665 283 225
2014-02-16T04:00:00Z 515 444 688 284 217
2014-02-16T05:00:00Z 485 426 663 272 201
2014-02-16T06:00:00Z 476 398 602 270 214
2014-02-16T07:00:00Z 453 396 554 264 207
2014-02-16T15:00:00Z 288 237 449 68 48
2014-02-16T16:00:00Z 266 191 330 48 41
2014-02-16T17:00:00Z 201 152 325 33 33
2014-02-16T18:00:00Z 169 140 353 34 37
2014-02-16T19:00:00Z 174 156 352 32 44
2014-02-16T20:00:00Z 173 189 328 36 55
2014-02-19T23:00:00Z 114 155 180 41 138
2014-02-20T00:00:00Z 110 177 156 52 104
2014-02-20T01:00:00Z 131 191 158 62 115
2014-02-20T02:00:00Z 138 185 158 62 117
2014-02-20T03:00:00Z 130 208 163 57 122
2014-02-20T04:00:00Z 124 229 182 57 111
2014-02-20T05:00:00Z 139 239 167 49 124
2014-02-20T06:00:00Z 152 -1 173 44 131
2014-02-20T07:00:00Z 170 277 190 42 123
2014-02-20T08:00:00Z 146 301 186 40 129
2014-02-20T09:00:00Z 155 285 242 41 157
2014-02-20T10:00:00Z 170 258 267 49 169
2014-02-21T13:00:00Z -1 -1 372 -1 -1
2014-02-21T14:00:00Z 244 303 -1 202 161
2014-02-21T15:00:00Z 242 300 343 201 141
2014-02-21T16:00:00Z 247 252 310 198 162
2014-02-21T17:00:00Z 240 216 328 204 167
2014-02-21T18:00:00Z 249 222 330 209 167
2014-02-21T19:00:00Z 228 234 356 205 133
2014-02-21T20:00:00Z 265 -1 -1 203 -1
2014-02-21T21:00:00Z -1 230 362 -1 211
2014-02-21T22:00:00Z 354 250 329 209 204
2014-02-21T23:00:00Z 322 252 349 213 293
2014-02-22T00:00:00Z 373 241 306 215 262
2014-02-22T01:00:00Z 396 241 319 216 193
2014-02-22T02:00:00Z 420 270 315 215 167
2014-02-22T03:00:00Z 362 269 325 217 173
2014-02-22T04:00:00Z 341 272 288 216 164
2014-02-22T05:00:00Z 380 262 365 219 165
2014-02-22T06:00:00Z 386 264 383 220 175
2014-02-22T07:00:00Z 387 264 355 219 194
2014-02-22T08:00:00Z 367 274 316 220 174
2014-02-22T09:00:00Z 365 266 312 230 170
2014-02-22T19:00:00Z 272 310 362 189 233
2014-02-22T20:00:00Z 250 292 341 189 211
2014-02-22T21:00:00Z 242 308 345 188 181
2014-02-22T22:00:00Z 266 349 364 -1 183
2014-02-22T23:00:00Z 249 345 373 179 190
2014-02-23T00:00:00Z 248 335 369 176 196
2014-02-23T01:00:00Z 233 356 382 167 182
2014-02-23T02:00:00Z 218 355 365 173 184
2014-02-23T03:00:00Z 199 312 331 174 167
2014-02-23T04:00:00Z 187 297 339 177 175
2014-02-23T05:00:00Z 190 263 354 168 179
2014-02-23T06:00:00Z 183 225 354 165 167
2014-02-23T07:00:00Z 201 220 385 168 169
2014-02-23T08:00:00Z 191 223 415 173 162
2014-02-23T09:00:00Z 210 204 404 176 155
2014-02-23T10:00:00Z 212 204 343 177 152
2014-02-23T11:00:00Z 208 204 287 187 146
2014-02-23T12:00:00Z 196 196 293 193 155
2014-02-23T13:00:00Z 183 192 276 197 162
2014-02-23T14:00:00Z 182 184 304 200 170
2014-02-23T15:00:00Z 178 193 321 203 147
2014-02-23T16:00:00Z 181 181 347 208 174
2014-02-23T17:00:00Z 198 187 352 214 157
2014-02-23T18:00:00Z 194 213 341 218 152
2014-02-23T19:00:00Z 201 207 315 227 147
2014-02-23T20:00:00Z 212 206 299 220 141
2014-02-23T21:00:00Z 219 227 257 -1 137
2014-02-23T22:00:00Z 257 214 300 235 139
2014-02-23T23:00:00Z 270 211 265 241 140
2014-02-24T00:00:00Z 267 225 293 244 151
2014-02-24T01:00:00Z 325 185 275 246 167
2014-02-24T02:00:00Z 350 165 236 248 165
2014-02-24T03:00:00Z 364 160 272 251 181
2014-02-24T04:00:00Z 375 163 269 244 183
2014-02-24T05:00:00Z 376 175 243 239 171
2014-02-24T06:00:00Z 384 172 215 234 173
2014-02-24T07:00:00Z 381 181 216 229 167
2014-02-24T08:00:00Z 299 179 210 240 170
2014-02-24T09:00:00Z 274 176 241 -1 175
2014-02-24T10:00:00Z 238 200 215 282 180
2014-02-24T11:00:00Z 250 214 234 288 200
2014-02-24T12:00:00Z 282 197 220 253 233
2014-02-24T13:00:00Z 271 184 235 272 243
2014-02-24T14:00:00Z 283 181 253 260 237
2014-02-24T23:00:00Z 341 290 329 237 325
2014-02-25T00:00:00Z 355 334 386 239 399
2014-02-25T01:00:00Z 360 370 394 233 364
2014-03-01T23:00:00Z 83 172 130 47 112
2014-03-02T00:00:00Z 67 145 163 40 100
2014-03-02T01:00:00Z 86 119 157 47 73
2014-03-02T02:00:00Z 106 118 169 44 70
2014-03-02T03:00:00Z 181 145 200 39 61
2014-03-02T04:00:00Z 101 164 213 33 63
2014-03-02T05:00:00Z 90 182 194 40 82
2014-03-03T07:00:00Z 134 -1 260 22 75
2014-03-03T08:00:00Z 153 -1 230 25 71
2014-03-03T09:00:00Z 162 -1 228 36 83
2014-03-03T10:00:00Z 149 -1 271 58 88
2014-03-03T11:00:00Z 156 171 277 49 75
2014-03-03T12:00:00Z 148 200 295 45 92
2014-03-03T13:00:00Z 183 196 300 43 93
2014-03-03T14:00:00Z 204 208 286 53 78
2014-03-03T15:00:00Z 181 246 283 73 88
2014-03-03T16:00:00Z 175 275 320 108 80
2014-03-03T17:00:00Z 185 254 348 146 93
2014-03-03T18:00:00Z 197 255 377 165 92
2014-03-03T19:00:00Z 188 256 402 170 109
2014-03-03T20:00:00Z -1 -1 -1 -1 -1
2014-03-03T21:00:00Z 201 275 398 178 126
2014-03-03T22:00:00Z 206 252 397 181 -1
2014-03-03T23:00:00Z 238 253 347 185 137
2014-03-09T09:00:00Z 136 180 269 37 79
2014-03-10T19:00:00Z 132 146 198 84 42
2014-03-10T20:00:00Z 157 129 218 86 -1
2014-03-10T21:00:00Z 188 160 234 93 55
2014-03-10T22:00:00Z 196 162 254 88 64
2014-03-10T23:00:00Z 196 150 285 86 93
2014-03-11T00:00:00Z 208 151 229 84 105
2014-03-11T01:00:00Z 220 144 198 98 96
2014-03-11T02:00:00Z 204 164 219 107 84
2014-03-11T03:00:00Z 223 164 229 105 110
2014-03-11T04:00:00Z 221 167 228 104 117
2014-03-11T05:00:00Z 247 167 279 114 139
2014-03-11T06:00:00Z 229 194 291 113 149
2014-03-11T07:00:00Z 252 194 274 110 172
2014-03-11T08:00:00Z 259 235 278 114 195
2014-03-11T09:00:00Z 268 258 281 126 194
2014-03-11T10:00:00Z 305 264 302 144 183
2014-03-11T11:00:00Z 310 155 293 148 209
2014-03-11T12:00:00Z 312 -1 301 155 198
2014-03-11T13:00:00Z 333 44 321 167 186
2014-03-11T14:00:00Z 333 253 332 173 153
2014-03-11T15:00:00Z 324 171 304 174 178
2014-03-15T21:00:00Z 196 166 66 47 119
2014-03-15T22:00:00Z 224 163 91 51 123
2014-03-15T23:00:00Z 187 163 72 59 89
2014-03-16T00:00:00Z 173 180 85 66 59
2014-03-16T17:00:00Z 136 140 182 59 74
2014-03-16T18:00:00Z 176 164 171 59 71
2014-03-16T19:00:00Z 157 166 188 67 67
2014-03-16T20:00:00Z 160 176 204 69 78
2014-03-16T21:00:00Z 148 152 218 77 75
2014-03-16T22:00:00Z 144 187 223 87 94
2014-03-16T23:00:00Z 148 184 227 96 87
2014-03-17T00:00:00Z 123 191 222 92 103
2014-03-17T01:00:00Z 93 180 242 89 127
2014-03-17T02:00:00Z 109 170 234 85 139
2014-03-17T03:00:00Z 104 186 220 84 135
2014-03-17T04:00:00Z 112 190 223 81 152
2014-03-17T05:00:00Z 123 170 216 92 114
2014-03-17T06:00:00Z 145 169 242 89 122
2014-03-17T07:00:00Z 143 177 217 97 149
2014-03-17T08:00:00Z 147 164 239 111 127
2014-03-17T09:00:00Z 148 182 201 116 140
2014-03-17T10:00:00Z 178 173 233 113 162
2014-03-17T11:00:00Z 170 155 222 117 149
2014-03-23T15:00:00Z 139 116 97 45 91
2014-03-23T16:00:00Z 171 120 107 47 111
2014-03-23T17:00:00Z 183 78 130 61 106
2014-03-23T18:00:00Z 164 80 109 93 120
2014-03-23T19:00:00Z 140 102 85 96 144
2014-03-23T20:00:00Z 200 129 76 104 153
2014-03-23T21:00:00Z 224 133 88 115 146
2014-03-23T22:00:00Z 226 149 88 126 144
2014-03-23T23:00:00Z 239 138 71 130 152
2014-03-24T00:00:00Z 214 144 88 132 142
2014-03-24T01:00:00Z 235 164 88 131 156
2014-03-24T02:00:00Z 245 158 92 136 160
2014-03-24T03:00:00Z 245 151 95 140 171
2014-03-24T04:00:00Z 226 136 112 139 177
2014-03-24T05:00:00Z 240 141 111 137 161
2014-03-24T06:00:00Z 197 150 136 137 150
2014-03-24T07:00:00Z 221 166 162 136 144
2014-03-24T08:00:00Z 273 157 166 137 171
2014-03-24T09:00:00Z 259 158 -1 148 168
2014-03-24T10:00:00Z 283 163 -1 154 188
2014-03-24T11:00:00Z 200 175 171 154 185
2014-03-24T12:00:00Z 187 179 139 152 182
2014-03-24T13:00:00Z 195 188 149 127 163
2014-03-24T23:00:00Z 215 182 71 143 189
2014-03-25T00:00:00Z 251 178 79 143 179
2014-03-25T01:00:00Z 246 193 78 143 172
2014-03-25T02:00:00Z 198 164 85 143 178
2014-03-25T03:00:00Z 144 152 98 149 181
2014-03-25T04:00:00Z 156 134 110 157 180
2014-03-25T05:00:00Z 166 139 114 161 203
2014-03-25T06:00:00Z 160 166 118 158 199
2014-03-25T07:00:00Z 224 194 144 160 225
2014-03-25T08:00:00Z 247 218 142 143 194
2014-03-25T09:00:00Z 253 267 146 135 205
2014-03-25T10:00:00Z 296 281 143 118 225
2014-03-25T11:00:00Z 318 275 144 112 248
2014-03-25T12:00:00Z 328 279 153 117 265
2014-03-25T13:00:00Z -1 -1 -1 -1 -1
2014-03-25T14:00:00Z 196 258 159 145 257
2014-03-25T15:00:00Z -1 -1 -1 -1 -1
2014-03-25T16:00:00Z 127 149 166 52 193
2014-03-25T17:00:00Z 122 156 158 52 175
2014-03-25T18:00:00Z 104 140 161 70 189
2014-03-25T19:00:00Z 132 160 147 77 207
2014-03-25T20:00:00Z 143 169 147 78 188
2014-03-25T21:00:00Z 165 184 140 91 168
2014-03-25T22:00:00Z 176 188 154 116 129
2014-03-25T23:00:00Z 195 189 154 138 113
2014-03-26T00:00:00Z 197 193 159 144 79
2014-03-26T01:00:00Z 217 204 190 154 92
2014-03-26T02:00:00Z 229 268 184 159 112
2014-03-26T03:00:00Z 229 262 168 161 113
2014-03-26T04:00:00Z 254 211 189 165 70
2014-03-26T05:00:00Z 266 216 208 165 92
2014-03-26T06:00:00Z 275 252 220 160 76
2014-03-26T07:00:00Z 273 252 189 163 70
2014-03-26T08:00:00Z 280 258 222 164 73
2014-03-26T09:00:00Z 297 266 220 161 117
2014-03-26T10:00:00Z 267 272 221 154 105
2014-03-26T11:00:00Z 316 299 240 149 86
2014-03-26T12:00:00Z 319 295 227 155 77
2014-03-26T13:00:00Z 280 310 247 169 105
2014-03-26T14:00:00Z -1 -1 -1 -1 -1
2014-03-26T15:00:00Z 216 267 248 132 70
2014-03-26T16:00:00Z 208 262 273 124 133
2014-03-26T17:00:00Z 216 217 231 107 169
2014-03-26T18:00:00Z 256 232 220 122 184
2014-03-26T19:00:00Z 264 284 142 181 204
2014-03-26T20:00:00Z 304 283 137 218 230
2014-03-26T21:00:00Z 292 328 158 230 259
2014-03-26T22:00:00Z 269 280 163 236 281
2014-03-26T23:00:00Z 271 218 166 228 356
2014-03-27T00:00:00Z 251 200 162 229 308
2014-03-27T01:00:00Z 204 213 182 234 334
2014-03-27T02:00:00Z 190 209 177 235 302
2014-03-27T03:00:00Z 192 205 190 217 264
2014-03-27T04:00:00Z 181 192 188 156 237
2014-03-27T05:00:00Z 183 182 197 138 219
2014-03-27T06:00:00Z 205 187 218 116 189
2014-03-27T07:00:00Z 224 199 218 98 189
2014-03-27T08:00:00Z 251 203 217 95 171
2014-03-27T21:00:00Z 131 278 294 142 130
2014-03-27T22:00:00Z 152 228 283 130 176
2014-03-27T23:00:00Z 167 167 280 124 171
2014-03-28T00:00:00Z 152 149 267 118 193
2014-03-28T01:00:00Z 163 162 255 112 198
2014-03-28T02:00:00Z 205 137 242 118 215
2014-03-28T03:00:00Z 206 162 244 119 206
2014-03-28T04:00:00Z 220 153 210 128 188
2014-03-28T05:00:00Z 208 159 237 143 166
2014-03-28T06:00:00Z 228 168 235 153 152
2014-03-28T19:00:00Z 155 75 159 48 125
2014-03-31T03:00:00Z 162 129 135 31 69
2014-03-31T04:00:00Z 183 134 126 32 62
2014-03-31T05:00:00Z 189 167 95 24 61
2014-03-31T06:00:00Z 171 152 79 21 55
2014-03-31T07:00:00Z 170 163 62 27 80
2014-03-31T08:00:00Z 199 175 58 28 73
2014-03-31T09:00:00Z 225 172 57 29 65
2014-04-01T05:00:00Z 182 113 114 91 138
2014-04-01T06:00:00Z 158 121 109 89 124
2014-04-01T07:00:00Z 169 128 135 97 126
2014-04-01T08:00:00Z 185 102 124 99 148
2014-04-13T18:00:00Z 116 216 144 76 73
2014-04-13T19:00:00Z 114 180 134 96 60
2014-04-13T20:00:00Z 123 203 171 95 66
2014-04-13T21:00:00Z 143 225 142 106 68
2014-04-13T22:00:00Z 161 218 90 115 -1
2014-04-13T23:00:00Z 225 193 97 129 61
2014-04-14T00:00:00Z 235 185 90 127 67
2014-04-14T01:00:00Z 247 187 107 124 79
2014-04-14T02:00:00Z 230 176 117 114 96
2014-04-14T03:00:00Z 244 153 121 119 105
2014-04-14T04:00:00Z 248 121 103 122 134
2014-04-14T05:00:00Z 281 125 112 125 156
2014-04-14T06:00:00Z 246 140 121 125 176
2014-04-14T07:00:00Z 262 152 139 128 187
2014-04-14T08:00:00Z 232 157 175 134 187
2014-04-14T09:00:00Z 248 155 191 136 188
2014-04-14T10:00:00Z 260 163 210 129 208
2014-04-14T11:00:00Z 227 180 216 133 211
2014-04-14T12:00:00Z 227 179 213 155 193
2014-04-14T13:00:00Z 221 194 199 162 172
2014-04-14T14:00:00Z 202 190 206 153 140
2014-04-14T15:00:00Z 199 194 192 150 182
2014-04-14T16:00:00Z 203 192 127 149 162
2014-04-15T01:00:00Z 52 48 101 142 129
2014-04-15T02:00:00Z 60 69 112 137 131
2014-04-17T22:00:00Z 151 125 108 54 111
2014-04-17T23:00:00Z 140 137 122 57 109
2014-04-18T00:00:00Z 153 142 113 62 -1
2014-04-18T01:00:00Z 137 161 107 77 109
2014-04-18T02:00:00Z 131 141 110 89 117
2014-04-18T03:00:00Z 132 132 135 90 120
2014-04-18T04:00:00Z 110 162 126 94 130
2014-04-18T05:00:00Z 105 191 135 92 122
2014-04-18T06:00:00Z 121 193 120 90 72
2014-04-18T07:00:00Z 139 181 127 93 62
2014-04-18T08:00:00Z 170 195 124 89 60
2014-04-18T09:00:00Z 185 263 147 61 65
2014-04-23T08:00:00Z 168 125 152 54 142
2014-04-23T09:00:00Z 162 152 165 56 166
2014-04-23T10:00:00Z 162 155 210 56 175
2014-04-23T11:00:00Z 120 158 174 59 134
2014-04-23T12:00:00Z -1 -1 -1 -1 -1
2014-04-23T13:00:00Z 146 144 186 45 99
2014-05-01T03:00:00Z 120 113 137 66 94
2014-05-01T04:00:00Z 130 117 143 76 112
2014-05-01T05:00:00Z 135 120 162 76 103
2014-05-01T06:00:00Z 139 134 164 81 111
2014-05-01T07:00:00Z 137 166 168 84 131
2014-05-01T08:00:00Z 155 167 168 90 139
2014-05-01T09:00:00Z 147 149 204 103 133
2014-05-01T10:00:00Z 112 153 198 103 135
2014-05-01T11:00:00Z 114 162 211 97 161
2014-05-07T02:00:00Z 137 87 103 76 28
2014-05-15T14:00:00Z 55 78 17 7 -1
2014-05-15T15:00:00Z 57 61 15 11 -1
2014-05-15T16:00:00Z -1 -1 -1 -1 -1
2014-05-15T17:00:00Z 86 60 34 12 8
2014-05-15T18:00:00Z 98 49 36 9 17
2014-05-15T19:00:00Z 87 49 44 9 45
2014-05-20T00:00:00Z 193 121 111 112 45
2014-05-20T01:00:00Z 215 113 87 113 43
2014-05-21T15:00:00Z 102 145 87 30 59
2014-05-21T16:00:00Z -1 -1 -1 -1 -1
2014-05-21T17:00:00Z 116 149 148 40 71
2014-05-21T18:00:00Z 119 125 113 47 83
2014-05-21T19:00:00Z 123 142 85 48 90
2014-05-21T20:00:00Z 126 163 25 52 91
2014-05-21T21:00:00Z 109 186 36 65 103
2014-05-21T22:00:00Z 123 206 40 74 -1
2014-05-21T23:00:00Z 101 207 42 78 94
2014-05-22T00:00:00Z 143 220 57 93 94
2014-05-22T01:00:00Z 160 221 94 92 100
2014-05-22T02:00:00Z 151 150 88 96 100
2014-05-22T03:00:00Z 178 107 74 99 102
2014-05-22T04:00:00Z 175 95 89 98 105
2014-05-22T05:00:00Z 195 114 114 96 103
2014-05-22T06:00:00Z 184 149 156 94 111
2014-05-22T07:00:00Z 189 142 160 99 80
2014-05-25T05:00:00Z 105 -1 50 31 15
2014-06-16T22:00:00Z 88 103 161 154 148
2014-07-03T00:00:00Z 80 132 199 45 50
2014-07-03T01:00:00Z 108 112 204 52 48
2014-07-03T02:00:00Z 112 97 209 51 53
2014-07-03T03:00:00Z 120 116 193 55 54
2014-07-03T04:00:00Z 136 117 185 62 55
2014-07-04T09:00:00Z 229 109 45 124 58
2014-07-04T10:00:00Z 260 140 44 134 50
2014-07-04T11:00:00Z 356 187 56 109 37
2014-07-04T12:00:00Z 154 202 87 99 27
2014-07-04T13:00:00Z 160 199 -1 76 -1
2014-07-04T14:00:00Z -1 -1 96 -1 29
2014-07-04T15:00:00Z 181 191 32 53 34
2014-07-04T16:00:00Z 177 78 45 60 40
2014-07-04T17:00:00Z 95 56 60 60 50
2014-07-06T00:00:00Z 160 127 170 152 34
2014-07-06T01:00:00Z 148 154 205 171 28
2014-07-06T02:00:00Z 142 167 234 172 25
2014-07-06T03:00:00Z 152 145 261 179 29
2014-07-06T04:00:00Z 159 135 223 185 29
2014-07-06T05:00:00Z 174 149 237 172 32
2014-07-07T09:00:00Z 61 212 258 175 35
2014-07-07T10:00:00Z 69 204 262 157 35
2014-07-07T11:00:00Z -1 207 267 157 39
2014-07-07T12:00:00Z -1 164 271 143 45
2014-07-07T13:00:00Z -1 148 253 132 42
2014-07-07T14:00:00Z -1 134 195 121 38
2014-07-07T15:00:00Z -1 156 155 122 34
2014-07-07T16:00:00Z -1 141 101 133 32
2014-07-07T17:00:00Z -1 128 86 146 37
2014-07-07T18:00:00Z -1 149 90 149 35
2014-07-07T19:00:00Z -1 157 90 162 45
2014-07-07T20:00:00Z -1 158 101 158 44
2014-07-07T21:00:00Z -1 151 103 171 40
2014-07-07T22:00:00Z -1 153 116 167 36
2014-07-07T23:00:00Z -1 169 138 149 34
2014-07-08T00:00:00Z -1 185 181 147 36
2014-07-08T01:00:00Z -1 161 176 129 33
2014-07-08T02:00:00Z -1 154 199 107 28
2014-07-08T03:00:00Z -1 151 206 94 30
2014-07-08T04:00:00Z -1 161 207 92 34
2014-07-17T09:00:00Z 91 69 76 46 50
2014-07-17T10:00:00Z 80 80 73 46 49
2014-07-17T11:00:00Z 79 87 101 48 57
2014-07-17T12:00:00Z 88 82 104 64 120
2014-07-17T13:00:00Z 106 83 149 74 61
2014-07-17T14:00:00Z 107 118 143 78 58
2014-07-17T15:00:00Z 97 108 143 85 52
2014-07-17T16:00:00Z 94 103 165 74 52
2014-07-17T17:00:00Z 103 115 165 80 52
2014-07-17T18:00:00Z 105 116 138 83 60
2014-07-17T19:00:00Z 88 117 154 108 84
2014-07-17T20:00:00Z 74 118 120 118 69
2014-07-17T21:00:00Z 55 129 48 107 71
2014-07-17T22:00:00Z 66 139 57 119 82
2014-07-17T23:00:00Z 68 163 47 129 82
2014-07-18T00:00:00Z 62 140 51 140 69
2014-07-18T01:00:00Z 52 171 58 141 66
2014-07-18T02:00:00Z 53 171 108 120 69
2014-07-18T03:00:00Z 65 152 106 127 69
2014-07-18T04:00:00Z 75 162 143 121 51
2014-07-18T05:00:00Z 86 173 149 127 39
2014-07-18T06:00:00Z 89 179 191 124 44
2014-07-18T07:00:00Z 74 180 167 124 56
2014-07-18T08:00:00Z 67 179 213 134 85
2014-07-18T09:00:00Z 74 164 251 149 117
2014-07-18T10:00:00Z 80 153 251 154 75
2014-07-18T11:00:00Z 106 124 208 130 82
2014-07-18T12:00:00Z 112 117 221 126 75
2014-07-18T13:00:00Z 108 124 195 131 69
2014-07-28T02:00:00Z 90 97 124 108 60
2014-07-28T03:00:00Z 86 102 130 104 61
2014-07-28T04:00:00Z 85 101 144 109 59
2014-07-28T05:00:00Z 70 104 133 114 62
2014-07-28T06:00:00Z 90 109 130 103 66
2014-07-28T07:00:00Z 109 129 122 118 69
2014-07-29T03:00:00Z 161 137 96 103 47
2014-07-29T04:00:00Z 171 126 97 102 47
2014-07-29T05:00:00Z 180 141 108 108 47
2014-07-29T06:00:00Z 167 137 114 104 48
2014-07-30T09:00:00Z 117 69 118 23 25
2014-07-30T10:00:00Z 102 78 85 36 25
2014-07-30T11:00:00Z 68 89 81 52 25
2014-07-30T12:00:00Z 43 107 63 100 21
2014-07-30T13:00:00Z 29 129 75 116 21
2014-07-30T14:00:00Z 30 136 38 110 21
2014-07-30T15:00:00Z 78 121 55 106 20
2014-07-30T16:00:00Z 110 109 66 92 19
2014-07-30T17:00:00Z 111 80 81 97 17
2014-07-30T18:00:00Z 102 77 85 82 18
2014-07-30T19:00:00Z 97 66 97 74 22
2014-07-30T20:00:00Z 125 94 99 84 23
2014-07-30T21:00:00Z 135 96 127 95 24
2014-07-30T22:00:00Z 151 107 102 92 22
2014-07-30T23:00:00Z 141 103 82 98 24
2014-07-31T00:00:00Z 136 98 103 96 26
2014-07-31T01:00:00Z 121 111 111 98 26
2014-07-31T02:00:00Z 114 114 113 98 24
2014-07-31T03:00:00Z 105 129 119 99 24
2014-07-31T04:00:00Z 103 136 115 90 24
2014-07-31T05:00:00Z 106 142 120 95 26
2014-07-31T06:00:00Z 98 166 127 105 24
2014-07-31T07:00:00Z 94 176 150 100 26
2014-07-31T08:00:00Z 113 171 185 95 29
2014-07-31T17:00:00Z -1 -1 -1 -1 -1
2014-07-31T18:00:00Z 111 51 99 90 16
2014-07-31T19:00:00Z 111 18 93 81 16
2014-07-31T20:00:00Z 128 79 107 89 20
2014-07-31T21:00:00Z 134 96 109 101 22
2014-07-31T22:00:00Z 108 134 135 98 22
2014-07-31T23:00:00Z 96 134 144 90 19
2014-08-01T00:00:00Z 96 -1 143 99 18
2014-08-01T01:00:00Z 81 118 134 107 16
2014-08-01T02:00:00Z 56 129 132 110 16
2014-08-01T03:00:00Z 63 130 146 108 20
2014-08-01T04:00:00Z 83 135 167 116 19
2014-08-01T05:00:00Z 83 151 177 125 19
2014-08-01T06:00:00Z -1 156 169 126 20
2014-08-01T07:00:00Z -1 161 210 115 21
2014-08-01T08:00:00Z 109 183 203 120 24
2014-08-01T09:00:00Z 122 171 184 128 30
2014-08-01T10:00:00Z 139 130 198 126 32
2014-08-01T11:00:00Z 139 124 171 112 32
2014-08-01T12:00:00Z 123 114 127 115 28
2014-08-01T13:00:00Z 114 97 124 101 25
2014-08-01T14:00:00Z 102 103 108 100 25
2014-08-01T15:00:00Z 112 96 94 90 26
2014-08-01T16:00:00Z -1 -1 -1 -1 -1
2014-08-01T17:00:00Z 104 85 88 88 31
2014-08-01T18:00:00Z 99 85 113 78 29
2014-08-01T19:00:00Z 100 77 95 93 30
2014-08-01T20:00:00Z 91 82 111 89 31
2014-08-01T21:00:00Z 79 87 152 84 31
2014-08-01T22:00:00Z 61 108 138 104 29
2014-08-01T23:00:00Z 46 130 141 96 28
2014-08-02T00:00:00Z 43 138 140 89 28
2014-08-02T01:00:00Z 54 131 153 104 24
2014-08-02T02:00:00Z 50 157 174 94 24
2014-08-02T03:00:00Z 48 137 174 93 27
2014-08-02T04:00:00Z 57 142 161 95 29
2014-08-02T05:00:00Z 44 163 151 97 32
2014-08-02T06:00:00Z 36 142 158 100 32
2014-08-02T07:00:00Z 31 134 171 99 35
2014-08-02T08:00:00Z 31 128 159 104 33
2014-08-02T09:00:00Z 50 116 143 121 30
2014-08-02T10:00:00Z 44 128 144 83 26
2014-08-02T18:00:00Z 84 101 153 73 36
2014-08-02T19:00:00Z 88 126 139 83 31
2014-08-02T20:00:00Z 89 118 108 89 32
2014-08-02T21:00:00Z 103 123 126 87 33
2014-08-02T22:00:00Z 117 113 117 78 37
2014-08-02T23:00:00Z 117 121 139 91 44
2014-08-03T00:00:00Z 112 127 137 102 49
2014-08-03T01:00:00Z 122 155 164 94 52
2014-08-03T02:00:00Z 140 167 187 101 50
2014-08-03T03:00:00Z 153 142 195 109 46
2014-08-03T04:00:00Z 146 134 179 113 50
2014-08-03T05:00:00Z 97 147 180 102 53
2014-08-03T06:00:00Z 81 167 157 101 60
2014-08-03T07:00:00Z 67 160 155 107 67
2014-08-03T08:00:00Z 89 171 151 99 63
2014-08-03T09:00:00Z 123 163 162 81 53
2014-08-20T04:00:00Z 51 78 99 66 65
2014-08-20T05:00:00Z 73 77 105 64 62
2014-08-20T06:00:00Z 72 98 91 63 59
2014-08-21T02:00:00Z 127 95 114 16 94
2014-08-21T03:00:00Z 122 104 130 19 99
2014-08-21T04:00:00Z 122 108 143 27 92
2014-08-21T05:00:00Z 128 124 132 17 89
2014-08-21T06:00:00Z 128 127 128 19 98
2014-08-21T07:00:00Z 141 109 128 30 102
2014-08-30T03:00:00Z 78 72 85 50 31
2014-08-30T04:00:00Z 103 72 71 60 32
2014-08-30T05:00:00Z 105 82 78 60 30
2014-08-30T06:00:00Z 102 67 88 56 33
2014-08-30T07:00:00Z 123 68 75 64 34
2014-08-30T08:00:00Z 110 65 93 73 32
2014-08-30T09:00:00Z 111 82 94 83 32
2014-08-30T10:00:00Z 99 97 86 69 33
2014-08-30T11:00:00Z 111 98 95 80 32
2014-08-30T12:00:00Z 114 102 105 79 32
2014-08-30T13:00:00Z 97 89 106 70 35
2014-08-30T14:00:00Z 97 97 95 82 31
2014-08-30T15:00:00Z -1 -1 -1 -1 -1
2014-08-30T16:00:00Z 70 91 97 99 23
2014-08-30T17:00:00Z 66 95 73 93 23
2014-09-01T10:00:00Z 110 103 114 65 -1
2014-09-05T21:00:00Z 107 58 49 59 18
2014-09-05T22:00:00Z 102 90 51 98 16
2014-09-05T23:00:00Z 101 71 52 79 17
2014-09-06T00:00:00Z 118 73 76 97 19
2014-09-06T01:00:00Z 123 76 59 73 21
2014-09-06T02:00:00Z 121 76 65 81 19
2014-09-06T03:00:00Z 122 108 72 91 19
2014-09-06T04:00:00Z 119 122 100 78 20
2014-09-06T05:00:00Z 79 106 117 93 22
2014-09-06T06:00:00Z 81 100 110 71 21
2014-09-06T07:00:00Z 81 130 107 1 24
2014-09-06T08:00:00Z 88 123 111 87 23
2014-09-06T09:00:00Z 101 133 119 110 21
2014-09-06T10:00:00Z 128 121 128 125 18
2014-09-06T20:00:00Z 106 64 79 -1 36
2014-09-06T21:00:00Z 105 93 93 -1 36
2014-09-06T22:00:00Z 117 77 91 -1 35
2014-09-06T23:00:00Z 124 81 79 -1 38
2014-09-07T00:00:00Z 107 80 102 -1 41
2014-09-07T01:00:00Z 113 88 105 -1 44
2014-09-07T02:00:00Z 123 78 126 -1 47
2014-09-07T03:00:00Z 123 108 106 -1 46
2014-09-07T04:00:00Z 124 93 108 -1 46
2014-09-07T05:00:00Z 135 115 95 -1 45
2014-09-07T06:00:00Z 138 93 98 -1 49
2014-09-07T07:00:00Z 133 96 117 -1 49
2014-09-07T08:00:00Z 113 167 148 -1 47
2014-09-20T18:00:00Z 124 125 99 26 51
2014-09-20T19:00:00Z 134 133 118 17 55
2014-09-20T20:00:00Z 129 142 132 22 42
2014-09-20T21:00:00Z 138 158 148 24 44
2014-09-20T22:00:00Z 161 160 140 25 36
2014-09-20T23:00:00Z 158 163 127 25 30
2014-09-21T00:00:00Z 171 156 131 18 25
2014-09-25T09:00:00Z 48 138 159 12 22
2014-09-25T10:00:00Z 55 130 161 16 23
2014-09-25T11:00:00Z 61 128 154 16 21
2014-09-25T12:00:00Z 74 113 142 43 14
2014-09-25T13:00:00Z 74 93 148 38 8
2014-09-25T14:00:00Z 72 90 89 30 7
2014-09-25T15:00:00Z 81 80 84 28 10
2014-09-25T16:00:00Z 81 63 62 24 9
2014-09-25T17:00:00Z 91 59 67 23 10
2014-09-26T13:00:00Z 161 137 136 76 18
2014-09-26T14:00:00Z 169 149 130 67 20
2014-09-26T15:00:00Z 162 120 -1 80 -1
2014-09-26T16:00:00Z -1 -1 116 -1 23
2014-09-26T17:00:00Z 151 163 158 109 33
2014-10-07T14:00:00Z -1 -1 -1 -1 -1
2014-10-07T15:00:00Z 162 203 206 48 115
2014-10-07T16:00:00Z 174 196 268 45 124
2014-10-07T17:00:00Z 177 195 299 55 114
2014-10-07T18:00:00Z 196 223 284 56 106
2014-10-07T19:00:00Z 215 213 285 59 118
2014-10-07T20:00:00Z 293 229 288 77 130
2014-10-07T21:00:00Z 325 242 330 105 121
2014-10-07T22:00:00Z 278 308 363 110 141
2014-10-07T23:00:00Z 293 295 299 102 144
2014-10-08T00:00:00Z 326 312 304 99 147
2014-10-08T01:00:00Z 327 329 305 102 138
2014-10-08T02:00:00Z 305 401 264 91 134
2014-10-08T03:00:00Z 301 363 245 95 144
2014-10-08T04:00:00Z 306 343 223 103 159
2014-10-08T05:00:00Z 326 336 205 95 130
2014-10-08T06:00:00Z 338 327 203 89 114
2014-10-08T07:00:00Z 321 402 233 86 121
2014-10-08T08:00:00Z 317 326 244 91 128
2014-10-08T09:00:00Z 333 308 217 90 135
2014-10-08T10:00:00Z 294 305 248 97 113
2014-10-08T11:00:00Z -1 -1 -1 -1 -1
2014-10-08T12:00:00Z 321 313 263 95 138
2014-10-08T13:00:00Z 313 315 258 121 141
2014-10-08T14:00:00Z 299 337 252 143 138
2014-10-08T15:00:00Z 280 367 290 171 128
2014-10-08T16:00:00Z 224 298 350 168 87
2014-10-08T17:00:00Z 191 289 360 190 117
2014-10-08T18:00:00Z 193 288 367 191 133
2014-10-08T19:00:00Z 194 298 337 191 129
2014-10-08T20:00:00Z 263 339 345 192 130
2014-10-08T21:00:00Z 305 366 361 200 138
2014-10-08T22:00:00Z 309 398 365 217 145
2014-10-08T23:00:00Z 304 425 379 208 151
2014-10-09T00:00:00Z 306 415 376 221 179
2014-10-09T01:00:00Z 294 438 378 218 177
2014-10-09T02:00:00Z 285 398 426 209 168
2014-10-09T03:00:00Z 267 411 453 204 151
2014-10-09T04:00:00Z 266 419 435 200 147
2014-10-09T05:00:00Z 214 431 385 198 131
2014-10-09T06:00:00Z 264 449 394 206 126
2014-10-09T07:00:00Z 244 425 410 196 137
2014-10-09T08:00:00Z 251 361 402 191 126
2014-10-09T09:00:00Z 214 389 379 206 128
2014-10-09T10:00:00Z 240 343 375 240 157
2014-10-09T11:00:00Z 268 377 349 246 174
2014-10-09T12:00:00Z 303 439 369 252 182
2014-10-09T13:00:00Z 316 435 358 235 162
2014-10-09T14:00:00Z 292 352 338 243 144
2014-10-09T15:00:00Z 249 307 347 251 126
2014-10-09T16:00:00Z -1 -1 -1 -1 -1
2014-10-09T17:00:00Z 226 281 389 240 145
2014-10-09T18:00:00Z 206 294 396 230 134
2014-10-09T19:00:00Z 266 295 418 240 151
2014-10-09T20:00:00Z 311 308 433 234 163
2014-10-09T21:00:00Z 306 348 445 240 185
2014-10-09T22:00:00Z 326 354 416 246 199
2014-10-09T23:00:00Z 332 388 379 231 215
2014-10-10T08:00:00Z 288 369 301 240 74
2014-10-10T09:00:00Z 299 360 301 245 76
2014-10-10T10:00:00Z 305 344 300 257 74
2014-10-10T11:00:00Z 298 353 316 269 84
2014-10-10T12:00:00Z 294 352 305 237 84
2014-10-10T13:00:00Z 258 345 318 216 82
2014-10-10T14:00:00Z -1 -1 -1 -1 -1
2014-10-10T15:00:00Z 215 275 288 201 84
2014-10-10T16:00:00Z 205 246 203 207 101
2014-10-10T17:00:00Z 218 207 175 214 90
2014-10-10T18:00:00Z 237 183 154 206 97
2014-10-10T19:00:00Z 245 217 145 186 111
2014-10-10T20:00:00Z 258 241 161 215 103
2014-10-10T21:00:00Z 245 239 158 237 113
2014-10-10T22:00:00Z 250 269 180 232 106
2014-10-10T23:00:00Z 261 305 214 243 121
2014-10-11T00:00:00Z 288 287 221 231 112
2014-10-11T01:00:00Z 276 207 231 213 112
2014-10-11T02:00:00Z 213 199 254 197 113
2014-10-11T03:00:00Z 256 215 248 200 118
2014-10-11T04:00:00Z 257 271 245 183 102
2014-10-11T05:00:00Z 220 270 254 172 106
2014-10-11T06:00:00Z 169 280 253 153 103
2014-10-11T07:00:00Z 145 318 261 149 114
2014-10-11T08:00:00Z 144 267 240 126 121
2014-10-11T09:00:00Z 141 222 244 139 118
2014-10-11T10:00:00Z 161 207 251 167 127
2014-10-11T11:00:00Z 163 216 247 204 151
2014-10-11T12:00:00Z 158 215 233 208 194
2014-10-11T13:00:00Z 145 224 250 218 155
2014-10-17T15:00:00Z -1 -1 -1 -1 -1
2014-10-17T16:00:00Z 109 80 55 58 72
2014-10-17T17:00:00Z 94 80 59 44 106
2014-10-17T18:00:00Z 100 90 58 49 102
2014-10-17T19:00:00Z 138 87 75 53 111
2014-10-17T20:00:00Z 139 130 69 65 117
2014-10-17T21:00:00Z 158 119 77 50 135
2014-10-17T22:00:00Z 196 151 102 66 160
2014-10-18T09:00:00Z 191 131 89 66 102
2014-10-18T10:00:00Z 189 154 98 57 115
2014-10-18T11:00:00Z 215 148 95 50 135
2014-10-18T12:00:00Z 226 139 147 50 161
2014-10-18T13:00:00Z -1 -1 -1 -1 -1
2014-10-18T14:00:00Z 239 155 140 72 196
2014-10-18T15:00:00Z 237 183 163 77 193
2014-10-18T16:00:00Z 266 186 153 60 186
2014-10-18T17:00:00Z 269 226 122 67 190
2014-10-18T18:00:00Z 311 249 112 79 185
2014-10-18T19:00:00Z 343 247 97 72 187
2014-10-18T20:00:00Z 297 283 134 71 189
2014-10-18T21:00:00Z 210 336 118 71 208
2014-10-18T22:00:00Z 202 321 120 106 230
2014-10-18T23:00:00Z 207 326 154 132 232
2014-10-19T00:00:00Z 208 317 205 -1 217
2014-10-19T01:00:00Z 208 314 262 100 196
2014-10-19T02:00:00Z 282 333 259 94 190
2014-10-19T03:00:00Z 276 328 245 96 187
2014-10-19T04:00:00Z 238 383 203 93 182
2014-10-19T05:00:00Z 211 363 179 101 158
2014-10-19T06:00:00Z 210 367 165 135 144
2014-10-19T07:00:00Z 227 302 140 110 134
2014-10-19T08:00:00Z 232 332 165 115 143
2014-10-19T09:00:00Z 232 309 214 121 122
2014-10-19T10:00:00Z 218 211 276 123 96
2014-10-19T11:00:00Z 190 167 289 126 81
2014-10-19T12:00:00Z 183 182 327 137 59
2014-10-19T13:00:00Z 179 183 298 163 54
2014-10-23T13:00:00Z 118 -1 278 127 103
2014-10-23T14:00:00Z -1 148 -1 -1 -1
2014-10-23T15:00:00Z 152 162 271 125 160
2014-10-23T16:00:00Z 168 161 264 125 171
2014-10-23T17:00:00Z 203 170 282 125 195
2014-10-24T02:00:00Z 299 305 318 133 178
2014-10-24T03:00:00Z 293 310 307 137 185
2014-10-24T04:00:00Z 273 285 310 137 182
2014-10-24T05:00:00Z 260 253 286 142 184
2014-10-24T06:00:00Z 239 222 281 147 198
2014-10-24T07:00:00Z 240 210 -1 156 -1
2014-10-24T08:00:00Z 209 189 270 153 195
2014-10-24T09:00:00Z 189 199 324 154 212
2014-10-24T10:00:00Z 191 210 406 156 190
2014-10-24T11:00:00Z 218 200 425 160 172
2014-10-24T12:00:00Z 255 244 470 185 172
2014-10-24T13:00:00Z 283 287 485 182 160
2014-10-24T14:00:00Z 296 280 451 178 174
2014-10-24T15:00:00Z 285 283 438 179 182
2014-10-24T16:00:00Z 282 296 451 186 158
2014-10-24T17:00:00Z 288 340 432 188 129
2014-10-24T18:00:00Z 293 384 335 187 137
2014-10-24T19:00:00Z 311 361 295 188 146
2014-10-24T20:00:00Z 350 344 313 195 -1
2014-10-24T21:00:00Z 330 374 336 204 158
2014-10-24T22:00:00Z -1 -1 336 -1 179
2014-10-24T23:00:00Z 312 410 -1 198 -1
2014-10-25T00:00:00Z 295 398 345 181 166
2014-10-25T01:00:00Z 295 361 341 179 162
2014-10-25T02:00:00Z 289 367 341 172 163
2014-10-25T03:00:00Z 274 351 332 162 164
2014-10-25T04:00:00Z 263 313 305 164 161
2014-10-25T05:00:00Z 267 303 257 166 170
2014-10-25T06:00:00Z 266 291 226 168 180
2014-10-25T07:00:00Z 249 245 231 171 167
2014-10-25T08:00:00Z 244 273 252 176 173
2014-10-25T09:00:00Z 240 266 292 189 185
2014-10-25T10:00:00Z 266 299 324 193 167
2014-10-25T11:00:00Z 306 313 -1 188 -1
2014-10-25T12:00:00Z 354 -1 402 215 136
2014-10-25T13:00:00Z -1 356 -1 -1 -1
2014-10-25T14:00:00Z 384 344 364 241 158
2014-10-25T15:00:00Z -1 -1 -1 -1 -1
2014-10-25T16:00:00Z -1 -1 -1 -1 -1
2014-10-25T17:00:00Z 396 378 256 209 175
2014-10-25T18:00:00Z 347 368 247 198 183
2014-10-29T16:00:00Z 108 -1 151 70 93
2014-10-29T17:00:00Z 119 -1 154 74 71
2014-10-29T18:00:00Z 117 121 161 114 72
2014-10-29T19:00:00Z 157 139 177 90 76
2014-10-29T20:00:00Z 161 171 179 81 -1
2014-10-29T21:00:00Z 211 178 203 90 130
2014-10-29T22:00:00Z 179 167 211 102 152
2014-10-29T23:00:00Z 189 188 163 92 167
2014-10-30T00:00:00Z -1 -1 -1 -1 -1
2014-10-30T01:00:00Z 205 159 183 89 146
2014-10-30T02:00:00Z 195 166 185 89 145
2014-10-30T03:00:00Z 193 164 169 77 162
2014-10-30T04:00:00Z 190 140 170 89 167
2014-10-30T05:00:00Z 196 171 202 92 160
2014-10-30T06:00:00Z 168 167 184 99 150
