2013-06-01T04:00:00 0 0 0 0 0
2013-06-01T03:00:00 0 0 0 0 0
2013-06-01T02:00:00 0 0 0 0 0
2013-06-01T01:00:00 0 0 0 0 0
2013-06-01T00:00:00 0 0 0 0 0
2013-05-31T23:00:00 0 0 0 0 0
2013-06-02T14:00:00 0.652097958402 0.347902041598 1 0 1
2013-06-02T13:00:00 0.652097958402 0.347902041598 1 0 1
2013-06-02T12:00:00 0.652097958402 0.347902041598 1 0 1
2013-06-02T11:00:00 0 0 0 0 0
2013-06-02T10:00:00 0 0 0 0 0
2013-06-02T09:00:00 0 0 0 0 0
2013-06-05T20:00:00 0 0 0 0 0
2013-06-05T19:00:00 0 0 0 0 0
2013-06-05T18:00:00 0 0 0 0 0
2013-06-05T17:00:00 0 0 0 0 0
2013-06-05T16:00:00 0 0 0 0 0
2013-06-05T15:00:00 0 0 0 0 0
2013-06-14T16:00:00 0 0 0 0 0
2013-06-14T15:00:00 0 0 0 0 0
2013-06-14T14:00:00 0 0 0 0 0
2013-06-14T13:00:00 0 0 0 0 0
2013-06-14T12:00:00 0 0 0 0 0
2013-06-14T11:00:00 0 0 0 0 0
2013-06-15T17:00:00 0 0 0 0 0
2013-06-15T16:00:00 0 0 0 0 0
2013-06-15T15:00:00 0 0 0 0 0
2013-06-15T14:00:00 0 0 0 0 0
2013-06-15T13:00:00 0 0 0 0 0
2013-06-15T12:00:00 0 0 0 0 0
2013-06-26T01:00:00 0 0 0 0 0
2013-06-26T00:00:00 0 0 0 0 0
2013-06-25T23:00:00 0 0 0 0 0
2013-06-25T22:00:00 0 0 0 0 0
2013-06-25T21:00:00 0 0 0 0 0
2013-06-25T20:00:00 0 0 0 0 0
2013-06-28T05:00:00 0 0 0 0 0
2013-06-28T04:00:00 0.301524023061 0.698475976939 0 1 1
2013-06-28T03:00:00 0.301524023061 0.698475976939 0 1 1
2013-06-28T02:00:00 0.301524023061 0.698475976939 0 1 1
2013-06-28T01:00:00 0.301524023061 0.698475976939 0 1 1
2013-06-28T00:00:00 0.301524023061 0.698475976939 0 1 1
2013-06-30T01:00:00 0 0 0 0 0
2013-06-30T00:00:00 0 0 0 0 0
2013-06-29T23:00:00 0 0 0 0 0
2013-06-29T22:00:00 0 0 0 0 0
2013-06-29T21:00:00 0 0 0 0 0
2013-06-29T20:00:00 0 0 0 0 0
2013-07-18T14:00:00 0.46806826545 0.53193173455 15 20 35
2013-07-18T13:00:00 0.446459196811 0.553540803189 11 18 29
2013-07-18T12:00:00 0.469576437747 0.530423562253 12 15 27
2013-07-18T11:00:00 0.453342708889 0.546657291111 10 14 24
2013-07-18T10:00:00 0.493286918686 0.506713081314 11 10 21
2013-07-18T09:00:00 0.479616713907 0.520383286093 9 9 18
2013-08-15T21:00:00 0.497084337614 0.502915662386 18 17 35
2013-08-15T20:00:00 0.486074476997 0.513925523003 18 20 38
2013-08-15T19:00:00 0.510700143545 0.489299856455 18 16 34
2013-08-15T18:00:00 0.481595646932 0.518404353068 18 21 39
2013-08-15T17:00:00 0.454494375319 0.545505624681 15 24 39
2013-08-15T16:00:00 0.459050535695 0.540949464305 16 24 40
2013-09-12T15:00:00 0.400423305728 0.599576694272 17 39 56
2013-09-12T14:00:00 0.362052475163 0.637947524837 10 38 48
2013-09-12T13:00:00 0.378896470745 0.621103529255 13 40 53
2013-09-12T12:00:00 0.358420252417 0.641579747583 10 40 50
2013-09-12T11:00:00 0.359234924672 0.640765075328 7 28 35
2013-09-12T10:00:00 0.381850123085 0.618149876915 7 20 27
2013-09-19T22:00:00 0.407748335609 0.592251664391 36 82 118
2013-09-19T21:00:00 0.418241198136 0.581758801864 37 76 113
2013-09-19T20:00:00 0.421526916045 0.578473083955 42 81 123
2013-09-19T19:00:00 0.41362852962 0.58637147038 40 81 121
2013-09-19T18:00:00 0.414884803417 0.585115196583 40 81 121
2013-09-19T17:00:00 0.404334646941 0.595665353059 36 84 120
2013-09-27T17:00:00 0.341751108399 0.658248891601 6 38 44
2013-09-27T16:00:00 0.348651980502 0.651348019498 7 37 44
2013-09-27T15:00:00 0.354515196498 0.645484803502 8 36 44
2013-09-27T14:00:00 0.369554396574 0.630445603426 8 27 35
2013-09-27T13:00:00 0.368273934676 0.631726065324 7 24 31
2013-09-27T12:00:00 0.414416787065 0.585583212935 8 15 23
2013-10-04T21:00:00 0.400335805482 0.599664194518 38 94 132
2013-10-04T20:00:00 0.394016810297 0.605983189703 40 110 150
2013-10-04T19:00:00 0.392102000729 0.607897999271 37 104 141
2013-10-04T18:00:00 0.388876532874 0.611123467126 38 111 149
2013-10-04T17:00:00 0.374658028382 0.625341971618 32 118 150
2013-10-04T16:00:00 0.370294970676 0.629705029324 30 116 146
2013-10-09T19:00:00 0.420424383368 0.579575616632 10 20 30
2013-10-09T18:00:00 0.430183064096 0.569816935904 12 21 33
2013-10-09T17:00:00 0.406289671229 0.593710328771 12 26 38
2013-10-09T16:00:00 0.419298332319 0.580701667681 14 26 40
2013-10-09T15:00:00 0.400020593962 0.599979406038 13 30 43
2013-10-09T14:00:00 0.404470174588 0.595529825412 14 29 43
2013-10-27T14:00:00 0.399817480547 0.600182519453 19 47 66
2013-10-27T13:00:00 0.382168107834 0.617831892166 14 45 59
2013-10-27T12:00:00 0.383594846558 0.616405153442 13 41 54
2013-10-27T11:00:00 0.400764675621 0.599235324379 14 35 49
2013-10-27T10:00:00 0.382136618626 0.617863381374 9 26 35
2013-10-27T09:00:00 0.387360714979 0.612639285021 5 13 18
2013-10-31T12:00:00 0.506197399562 0.493802600438 14 12 26
2013-10-31T11:00:00 0.506434732061 0.493565267939 11 9 20
2013-10-31T10:00:00 0.513739824319 0.486260175681 10 8 18
2013-10-31T09:00:00 0.546093527871 0.453906472129 8 5 13
2013-10-31T08:00:00 0.496956078167 0.503043921833 5 5 10
2013-10-31T07:00:00 0.575491893451 0.424508106549 7 3 10
2013-11-08T20:00:00 0.437155558086 0.562844441914 54 115 169
2013-11-08T19:00:00 0.434415966277 0.565584033723 50 110 160
2013-11-08T18:00:00 0.428776371477 0.571223628523 45 105 150
2013-11-08T17:00:00 0.394278895819 0.605721104181 27 103 130
2013-11-08T16:00:00 0.419604154046 0.580395845954 39 99 138
2013-11-08T15:00:00 0.409495520587 0.590504479413 37 107 144
2013-11-13T17:00:00 0.470263218077 0.529736781923 112 135 247
2013-11-13T16:00:00 0.454594814827 0.545405185173 112 163 275
2013-11-13T15:00:00 0.456994050247 0.543005949753 114 161 275
2013-11-13T14:00:00 0.457974705725 0.542025294275 115 162 277
2013-11-13T13:00:00 0.463505464559 0.536494535441 112 149 261
2013-11-13T12:00:00 0.45867508557 0.54132491443 96 137 233
2013-11-22T18:00:00 0.457417386613 0.542582613387 244 343 587
2013-11-22T17:00:00 0.452125179427 0.547874820573 231 340 571
2013-11-22T16:00:00 0.450263022297 0.549736977703 221 329 550
2013-11-22T15:00:00 0.458954634902 0.541045365098 238 320 558
2013-11-22T14:00:00 0.462775257505 0.537224742495 237 307 544
2013-11-22T13:00:00 0.474216348422 0.525783651578 221 253 474
2013-12-06T21:00:00 0.475651418675 0.524348581325 187 221 408
2013-12-06T20:00:00 0.475043781126 0.524956218874 178 210 388
2013-12-06T19:00:00 0.47271901225 0.52728098775 161 194 355
2013-12-06T18:00:00 0.455321024089 0.544678975911 144 201 345
2013-12-06T17:00:00 0.452543854612 0.547456145388 137 198 335
2013-12-06T16:00:00 0.442313247467 0.557686752533 138 219 357
2013-12-22T18:00:00 0.470472677203 0.529527322797 185 230 415
2013-12-22T17:00:00 0.471273057359 0.528726942641 173 214 387
2013-12-22T16:00:00 0.468317840675 0.531682159325 170 215 385
2013-12-22T15:00:00 0.471754084128 0.528245915872 165 201 366
2013-12-22T14:00:00 0.478478898206 0.521521101794 155 180 335
2013-12-22T13:00:00 0.486652987762 0.513347012238 145 155 300
2014-01-04T11:00:00 0.476772087315 0.523227912685 94 107 201
2014-01-04T10:00:00 0.472012612925 0.527987387075 61 74 135
2014-01-04T09:00:00 0.47914252975 0.52085747025 34 37 71
2014-01-04T08:00:00 0.50216411948 0.49783588052 21 18 39
2014-01-04T07:00:00 0.441037468205 0.558962531795 12 19 31
2014-01-04T06:00:00 0.459140977298 0.540859022702 24 32 56
2014-01-05T22:00:00 0.445092204374 0.554907795626 172 270 442
2014-01-05T21:00:00 0.44259723635 0.55740276365 123 201 324
2014-01-05T20:00:00 0.44151230443 0.55848769557 98 164 262
2014-01-05T19:00:00 0.444859058937 0.555140941063 103 165 268
2014-01-05T18:00:00 0.440594286772 0.559405713228 107 176 283
2014-01-05T17:00:00 0.431906784513 0.568093215487 117 210 327
2014-01-11T15:00:00 0.431078990113 0.568921009887 148 273 421
2014-01-11T14:00:00 0.427566887378 0.572433112622 142 273 415
2014-01-11T13:00:00 0.429907737801 0.570092262199 132 250 382
2014-01-11T12:00:00 0.431758479298 0.568241520702 115 216 331
2014-01-11T11:00:00 0.443947178965 0.556052821035 100 168 268
2014-01-11T10:00:00 0.454686129151 0.545313870849 81 121 202
2014-01-17T17:00:00 0.438749668072 0.561250331928 142 238 380
2014-01-17T16:00:00 0.440084320209 0.559915679791 134 227 361
2014-01-17T15:00:00 0.435337213127 0.564662786873 127 228 355
2014-01-17T14:00:00 0.438644277166 0.561355722834 123 214 337
2014-01-17T13:00:00 0.449046218469 0.550953781531 117 183 300
2014-01-18T20:00:00 0.426823822414 0.573176177586 103 203 306
2014-01-18T19:00:00 0.433463965792 0.566536034208 109 202 311
2014-01-18T18:00:00 0.429283664929 0.570716335071 112 215 327
2014-01-18T17:00:00 0.44121235059 0.55878764941 125 211 336
2014-01-18T16:00:00 0.451569031304 0.548430968696 148 221 369
2014-01-18T15:00:00 0.449674224915 0.550325775085 150 230 380
2014-01-19T07:00:00 0.464357046967 0.535642953033 44 60 104
2014-01-19T06:00:00 0.474948854636 0.525051145364 74 89 163
2014-01-19T05:00:00 0.462923864339 0.537076135661 109 150 259
2014-01-19T04:00:00 0.467190913626 0.532809086374 157 202 359
2014-01-19T03:00:00 0.464282105882 0.535717894118 184 243 427
2014-01-22T16:00:00 0.413496264222 0.586503735778 95 218 313
2014-01-22T15:00:00 0.415899815553 0.584100184447 113 252 365
2014-01-22T14:00:00 0.426900660001 0.573099339999 129 254 383
2014-01-22T13:00:00 0.438735982578 0.561264017422 128 220 348
2014-01-22T12:00:00 0.440454599376 0.559545400624 108 182 290
2014-01-22T11:00:00 0.436728682323 0.563271317677 86 150 236
2014-01-27T08:00:00 0.452756762589 0.547243237411 21 29 50
2014-01-27T07:00:00 0.43903671441 0.56096328559 17 29 46
2014-01-27T06:00:00 0.453803945383 0.546196054617 30 42 72
2014-01-27T05:00:00 0.458459944115 0.541540055885 49 68 117
2014-01-27T04:00:00 0.463945598824 0.536054401176 72 95 167
2014-01-27T03:00:00 0.466695654907 0.533304345093 105 134 239
2014-01-29T12:00:00 0.48183935199 0.51816064801 95 102 197
2014-01-29T11:00:00 0.479543635646 0.520456364354 75 84 159
2014-01-29T10:00:00 0.47210233155 0.52789766845 59 71 130
2014-01-29T09:00:00 0.472165910837 0.527834089163 45 53 98
2014-01-29T08:00:00 0.454416759109 0.545583240891 30 46 76
2014-01-29T07:00:00 0.444497899502 0.555502100498 25 45 70
2014-01-30T19:00:00 0.422274338171 0.577725661829 95 208 303
2014-01-30T18:00:00 0.414007409122 0.585992590878 83 201 284
2014-01-30T17:00:00 0.410925841503 0.589074158497 78 194 272
2014-01-30T16:00:00 0.412310388417 0.587689611583 85 206 291
2014-01-30T15:00:00 0.406919254262 0.593080745738 77 198 275
2014-01-30T14:00:00 0.414768000077 0.585231999923 91 209 300
2014-01-31T16:00:00 0.444912325787 0.555087674213 82 142 224
2014-01-31T15:00:00 0.434396164766 0.565603835234 80 153 233
2014-01-31T14:00:00 0.427500143979 0.572499856021 79 165 244
2014-01-31T13:00:00 0.429908753873 0.570091246127 78 158 236
2014-01-31T12:00:00 0.42150256948 0.57849743052 66 149 215
2014-01-31T11:00:00 0.431978683879 0.568021316121 59 115 174
2014-02-05T21:00:00 0.458914383242 0.541085616758 209 277 486
2014-02-05T20:00:00 0.45418156138 0.54581843862 185 260 445
2014-02-05T19:00:00 0.449123294236 0.550876705764 152 224 376
2014-02-05T18:00:00 0.455100349687 0.544899650313 142 199 341
2014-02-05T17:00:00 0.452939951145 0.547060048855 126 184 310
2014-02-05T16:00:00 0.437254870188 0.562745129812 108 189 297
2014-02-11T17:00:00 0.436791009763 0.563208990237 179 330 509
2014-02-11T16:00:00 0.429086913773 0.570913086227 154 317 471
2014-02-11T15:00:00 0.426628630553 0.573371369447 139 300 439
2014-02-11T14:00:00 0.431893776751 0.568106223249 141 286 427
2014-02-11T13:00:00 0.434889916911 0.565110083089 129 256 385
2014-02-11T12:00:00 0.436793964142 0.563206035858 106 209 315
2014-02-12T17:00:00 0.426626222483 0.573373777517 190 395 585
2014-02-12T16:00:00 0.42619199688 0.57380800312 184 383 567
2014-02-12T15:00:00 0.422536917453 0.577463082547 178 392 570
2014-02-12T14:00:00 0.429461146652 0.570538853348 180 362 542
2014-02-12T13:00:00 0.435258271232 0.564741728768 167 318 485
2014-02-12T12:00:00 0.439762511677 0.560237488323 151 275 426
2014-02-19T21:00:00 0.451877940444 0.548122059556 262 379 641
2014-02-19T20:00:00 0.440514079245 0.559485920755 244 403 647
2014-02-19T19:00:00 0.434580621747 0.565419378253 241 424 665
2014-02-19T18:00:00 0.425732357343 0.574267642657 239 467 706
2014-02-19T17:00:00 0.424787476151 0.575212523849 251 485 736
2014-02-19T16:00:00 0.426235891135 0.573764108865 275 523 798
2014-03-10T18:00:00 0.464110669573 0.535889330427 76 100 176
2014-03-10T17:00:00 0.455351090418 0.544648909582 71 101 172
2014-03-10T16:00:00 0.456600686331 0.543399313669 71 101 172
2014-03-10T15:00:00 0.452213415317 0.547786584683 67 100 167
2014-03-10T14:00:00 0.450168313549 0.549831686451 65 100 165
2014-03-10T13:00:00 0.458608676664 0.541391323336 70 96 166
2014-03-16T15:00:00 0.455864060646 0.544135939354 166 228 394
2014-03-16T14:00:00 0.456772071948 0.543227928052 167 223 390
2014-03-16T13:00:00 0.448718214805 0.551281785195 148 212 360
2014-03-16T12:00:00 0.445748457322 0.554251542678 122 184 306
2014-03-16T11:00:00 0.456554220116 0.543445779884 105 139 244
2014-03-16T10:00:00 0.459933882511 0.540066117489 81 106 187
2014-03-28T18:00:00 0.43998242642 0.56001757358 107 186 293
2014-03-28T17:00:00 0.445302491982 0.554697508018 115 187 302
2014-03-28T16:00:00 0.444558098097 0.555441901903 112 186 298
2014-03-28T15:00:00 0.45473757943 0.54526242057 119 178 297
2014-03-28T14:00:00 0.458982580362 0.541017419638 130 184 314
2014-03-28T13:00:00 0.469883988035 0.530116011965 134 169 303
2014-04-17T22:00:00 0.439598253428 0.560401746572 103 184 287
2014-04-17T21:00:00 0.431062829316 0.568937170684 83 161 244
2014-04-17T20:00:00 0.447741231946 0.552258768054 81 128 209
2014-04-17T19:00:00 0.455313174821 0.544686825179 81 118 199
2014-04-17T18:00:00 0.475677682057 0.524322317943 88 102 190
2014-04-17T17:00:00 0.483325206527 0.516674793473 100 103 203
2014-04-23T07:00:00 0.474203064648 0.525796935352 43 51 94
2014-04-23T06:00:00 0.461517920657 0.538482079343 52 70 122
2014-04-23T05:00:00 0.481116821191 0.518883178809 92 103 195
2014-04-23T04:00:00 0.454958561639 0.545041438361 109 165 274
2014-04-23T03:00:00 0.463164812837 0.536835187163 149 204 353
2014-04-23T02:00:00 0.461678440359 0.538321559641 164 228 392
2014-05-01T02:00:00 0.474999013022 0.525000986978 76 88 164
2014-05-01T01:00:00 0.461644677931 0.538355322069 75 100 175
2014-05-01T00:00:00 0.455413616514 0.544586383486 72 103 175
2014-04-30T23:00:00 0.450801590582 0.549198409418 63 98 161
2014-04-30T22:00:00 0.445497959476 0.554502040524 56 92 148
2014-04-30T21:00:00 0.434082689815 0.565917310185 48 88 136
2014-05-07T00:00:00 0.425720004508 0.574279995492 12 24 36
2014-05-06T23:00:00 0.45910192561 0.54089807439 13 18 31
2014-05-06T22:00:00 0.431336502367 0.568663497633 11 20 31
2014-05-06T21:00:00 0.418979546732 0.581020453268 7 15 22
2014-05-06T20:00:00 0.423383004164 0.576616995836 6 13 19
2014-05-06T19:00:00 0.464697960078 0.535302039922 9 12 21
2014-05-15T13:00:00 0.395063232842 0.604936767158 16 46 62
2014-05-15T12:00:00 0.392940959244 0.607059040756 13 39 52
2014-05-15T11:00:00 0.410597726487 0.589402273513 12 28 40
2014-05-15T10:00:00 0.449071690993 0.550928309007 11 17 28
2014-05-15T09:00:00 0.439269459575 0.560730540425 9 16 25
2014-05-15T08:00:00 0.422685149488 0.577314850512 6 13 19
2014-05-18T17:00:00 0.432030851805 0.567969148195 68 127 195
2014-05-18T16:00:00 0.430303460137 0.569696539863 64 120 184
2014-05-18T15:00:00 0.42375158963 0.57624841037 58 115 173
2014-05-18T14:00:00 0.433236837559 0.566763162441 62 113 175
2014-05-18T13:00:00 0.438202766095 0.561797233905 58 102 160
2014-05-18T12:00:00 0.436693441358 0.563306558642 50 90 140
2014-05-19T11:00:00 0.464916463474 0.535083536526 42 55 97
2014-05-19T10:00:00 0.473927966837 0.526072033163 34 41 75
2014-05-19T09:00:00 0.442937197603 0.557062802397 20 36 56
2014-05-19T08:00:00 0.434250643738 0.565749356262 14 28 42
2014-05-19T07:00:00 0.46653314329 0.53346685671 17 22 39
2014-05-19T06:00:00 0.441309860603 0.558690139397 20 32 52
2014-05-21T14:00:00 0.445300164608 0.554699835392 91 153 244
2014-05-21T13:00:00 0.448772544449 0.551227455551 88 138 226
2014-05-21T12:00:00 0.45088323901 0.54911676099 77 117 194
2014-05-21T11:00:00 0.453929360968 0.546070639032 68 99 167
2014-05-21T10:00:00 0.4533213298 0.5466786702 56 82 138
2014-05-21T09:00:00 0.469472504281 0.530527495719 46 55 101
2014-05-25T04:00:00 0.470995885622 0.529004114378 39 46 85
2014-05-25T03:00:00 0.458923311707 0.541076688293 43 57 100
2014-05-25T02:00:00 0.451491124497 0.548508875503 45 67 112
2014-05-25T01:00:00 0.451368452129 0.548631547871 54 80 134
2014-05-25T00:00:00 0.451746734418 0.548253265582 57 85 142
2014-05-24T23:00:00 0.442115897966 0.557884102034 47 80 127
2014-07-07T09:00:00 0.47018717076 0.52981282924 28 34 62
2014-07-07T08:00:00 0.470470489988 0.529529510012 20 24 44
2014-07-07T07:00:00 0.507291942846 0.492708057154 24 20 44
2014-07-07T06:00:00 0.484808696929 0.515191303071 30 31 61
2014-07-07T05:00:00 0.500323425093 0.499676574907 53 46 99
2014-07-26T04:00:00 0.470108667939 0.529891332061 98 125 223
2014-07-26T03:00:00 0.471178024736 0.528821975264 120 153 273
2014-07-26T02:00:00 0.477135056433 0.522864943567 149 177 326
2014-07-26T01:00:00 0.469962289698 0.530037710302 154 198 352
2014-07-26T00:00:00 0.468956069451 0.531043930549 157 203 360
2014-07-25T23:00:00 0.461459753464 0.538540246536 139 194 333
2014-07-28T01:00:00 0.43746978539 0.56253021461 136 244 380
2014-07-28T00:00:00 0.441003553632 0.558996446368 138 235 373
2014-07-27T23:00:00 0.437124398537 0.562875601463 129 234 363
2014-07-27T22:00:00 0.434667602282 0.565332397718 117 215 332
2014-07-27T21:00:00 0.44101868349 0.55898131651 121 203 324
2014-07-27T20:00:00 0.437418626544 0.562581373456 117 205 322
2014-07-30T08:00:00 0.40104380069 0.59895619931 8 20 28
2014-07-30T07:00:00 0.394854498534 0.605145501466 7 20 27
2014-07-30T06:00:00 0.446795395875 0.553204604125 20 33 53
2014-07-30T05:00:00 0.467939086183 0.532060913817 55 71 126
2014-07-30T04:00:00 0.465385634377 0.534614365623 82 108 190
2014-07-30T03:00:00 0.464429873225 0.535570126775 113 153 266
2014-08-02T09:00:00 0.483515503044 0.516484496956 34 34 68
2014-08-02T08:00:00 0.471603885701 0.528396114299 20 23 43
2014-08-02T07:00:00 0.477198870689 0.522801129311 17 19 36
2014-08-02T06:00:00 0.499822471217 0.500177528783 32 27 59
2014-08-02T05:00:00 0.496228602202 0.503771397798 41 37 78
2014-08-21T01:00:00 0.470283143938 0.529716856062 571 724 1295
2014-08-21T00:00:00 0.469651817695 0.530348182305 561 715 1276
2014-08-20T23:00:00 0.462041424894 0.537958575106 489 673 1162
2014-08-20T22:00:00 0.460172673127 0.539827326873 429 606 1035
2014-08-20T21:00:00 0.455507377863 0.544492622137 350 524 874
2014-08-20T20:00:00 0.4494959569 0.5505040431 282 455 737
2014-08-30T03:00:00 0.471823180964 0.528176819036 261 326 587
2014-08-30T02:00:00 0.473724774019 0.526275225981 304 373 677
2014-08-30T01:00:00 0.47248407326 0.52751592674 321 399 720
2014-08-30T00:00:00 0.464131246656 0.535868753344 300 409 709
2014-08-29T23:00:00 0.457158522231 0.542841477769 261 384 645
2014-08-29T22:00:00 0.458056770226 0.541943229774 235 339 574
2014-09-01T09:00:00 0.506120575202 0.493879424798 108 92 200
2014-09-01T08:00:00 0.506001223344 0.493998776656 83 71 154
2014-09-01T07:00:00 0.520092917048 0.479907082952 69 51 120
2014-09-01T06:00:00 0.488095785091 0.511904214909 71 75 146
2014-09-01T05:00:00 0.487228993809 0.512771006191 116 124 240
2014-09-01T04:00:00 0.484671516858 0.515328483142 182 196 378
2014-09-05T19:00:00 0.441490262454 0.558509737546 134 228 362
2014-09-05T18:00:00 0.44104685448 0.55895314552 137 233 370
2014-09-05T17:00:00 0.437755008551 0.562244991449 133 236 369
2014-09-05T16:00:00 0.436145751602 0.563854248398 134 240 374
2014-09-05T15:00:00 0.437635419872 0.562364580128 138 248 386
2014-09-20T17:00:00 0.43658656866 0.56341343134 140 261 401
2014-09-20T16:00:00 0.436862116687 0.563137883313 140 258 398
2014-09-20T15:00:00 0.429542177612 0.570457822388 132 260 392
2014-09-20T14:00:00 0.419641406774 0.580358593226 113 252 365
2014-09-25T10:00:00 0.456430759297 0.543569240703 55 80 135
2014-09-25T09:00:00 0.430297141603 0.569702858397 36 71 107
2014-09-25T08:00:00 0.451819772386 0.548180227614 27 40 67
2014-09-25T07:00:00 0.46118070784 0.53881929216 18 23 41
2014-09-25T06:00:00 0.459582724327 0.540417275673 27 36 63
2014-09-25T05:00:00 0.454369159941 0.545630840059 46 68 114
2014-10-03T14:00:00 0.449922729252 0.550077270748 183 284 467
2014-10-03T13:00:00 0.460016566705 0.539983433295 175 244 419
2014-10-03T12:00:00 0.462274902108 0.537725097892 156 214 370
2014-10-03T11:00:00 0.466289799572 0.533710200428 133 174 307
2014-10-03T10:00:00 0.458740828865 0.541259171135 98 138 236
2014-10-03T09:00:00 0.489673822828 0.510326177172 84 86 170
2014-10-07T13:00:00 0.413996125401 0.586003874599 155 387 542
2014-10-07T12:00:00 0.414372668676 0.585627331324 139 341 480
2014-10-07T11:00:00 0.412576918017 0.587423081983 117 295 412
2014-10-07T10:00:00 0.408480331796 0.591519668204 97 251 348
2014-10-17T17:00:00 0.445116170045 0.554883829955 137 222 359
2014-10-17T16:00:00 0.442923267628 0.557076732372 138 228 366
2014-10-17T15:00:00 0.446744736659 0.553255263341 137 221 358
2014-10-17T14:00:00 0.442903427743 0.557096572257 133 222 355
2014-10-17T13:00:00 0.445530144026 0.554469855974 121 196 317
2014-10-17T12:00:00 0.443951121461 0.556048878539 99 165 264
2014-10-18T11:00:00 0.439670141804 0.560329858196 89 150 239
2014-10-18T10:00:00 0.450141432809 0.549858567191 72 108 180
2014-10-18T09:00:00 0.465650915383 0.534349084617 56 72 128
2014-10-18T08:00:00 0.498914015993 0.501085984007 49 45 94
2014-10-18T07:00:00 0.505970571982 0.494029428018 41 36 77
2014-10-18T06:00:00 0.495775094897 0.504224905103 60 56 116
2014-10-29T15:00:00 0 0 0 0 0
2014-10-29T14:00:00 0 0 0 0 0
2014-10-29T13:00:00 0 0 0 0 0
2014-10-29T12:00:00 0 0 0 0 0
2014-10-29T11:00:00 0 0 0 0 0
2014-10-29T10:00:00 0 0 0 0 0
