2013-06-13T01:00:00Z 293.272000 1025.220000 97.000000 2.940000 114.501000 -1.000000 92.000000 291.422000 1025.460000 91.000000 2.570000 91.500600 -1.000000 92.000000 291.272000 1014.920000 94.000000 1.590000 76.000600 -1.000000 92.000000 290.272000 1025.460000 95.000000 2.820000 84.500600 -1.000000 36.000000 286.272000 1026.190000 90.000000 1.270000 143.501000 -1.000000 0.000000
2013-06-13T00:00:00Z 294.755000 1025.780000 87.000000 4.140000 117.500000 -1.000000 92.000000 292.805000 1026.030000 81.000000 3.140000 81.000400 -1.000000 88.000000 291.705000 1015.490000 88.000000 1.360000 59.500400 -1.000000 92.000000 291.555000 1025.780000 87.000000 3.360000 79.500400 -1.000000 32.000000 288.855000 1026.430000 85.000000 2.940000 124.000000 -1.000000 0.000000
2013-06-12T23:00:00Z 294.755000 1025.780000 87.000000 4.140000 117.500000 -1.000000 92.000000 292.805000 1026.030000 81.000000 3.140000 81.000400 -1.000000 88.000000 291.705000 1015.490000 88.000000 1.360000 59.500400 -1.000000 92.000000 291.555000 1025.780000 87.000000 3.360000 79.500400 -1.000000 32.000000 288.855000 1026.430000 85.000000 2.940000 124.000000 -1.000000 0.000000
2013-06-12T22:00:00Z 294.755000 1025.780000 87.000000 4.140000 117.500000 -1.000000 92.000000 292.805000 1026.030000 81.000000 3.140000 81.000400 -1.000000 88.000000 291.705000 1015.490000 88.000000 1.360000 59.500400 -1.000000 92.000000 291.555000 1025.780000 87.000000 3.360000 79.500400 -1.000000 32.000000 288.855000 1026.430000 85.000000 2.940000 124.000000 -1.000000 0.000000
2013-06-12T21:00:00Z 296.037000 1024.560000 79.000000 1.940000 49.003600 -1.000000 92.000000 294.937000 1024.800000 71.000000 2.640000 52.003600 -1.000000 92.000000 293.037000 1014.830000 85.000000 1.240000 4.503600 -1.000000 92.000000 294.437000 1024.560000 75.000000 2.160000 65.503600 -1.000000 32.000000 292.637000 1025.210000 64.000000 3.540000 80.003600 -1.000000 0.000000
2013-06-12T20:00:00Z 296.037000 1024.560000 79.000000 1.940000 49.003600 -1.000000 92.000000 294.937000 1024.800000 71.000000 2.640000 52.003600 -1.000000 92.000000 293.037000 1014.830000 85.000000 1.240000 4.503600 -1.000000 92.000000 294.437000 1024.560000 75.000000 2.160000 65.503600 -1.000000 32.000000 292.637000 1025.210000 64.000000 3.540000 80.003600 -1.000000 0.000000
2013-06-12T19:00:00Z 296.037000 1024.560000 79.000000 1.940000 49.003600 -1.000000 92.000000 294.937000 1024.800000 71.000000 2.640000 52.003600 -1.000000 92.000000 293.037000 1014.830000 85.000000 1.240000 4.503600 -1.000000 92.000000 294.437000 1024.560000 75.000000 2.160000 65.503600 -1.000000 32.000000 292.637000 1025.210000 64.000000 3.540000 80.003600 -1.000000 0.000000
2013-06-12T18:00:00Z 297.406000 1023.970000 77.000000 1.910000 358.503000 -1.000000 92.000000 297.607000 1024.210000 70.000000 2.190000 29.003500 -1.000000 92.000000 295.406000 1014.320000 79.000000 1.740000 14.503500 -1.000000 92.000000 297.707000 1024.050000 69.000000 2.060000 49.503500 -1.000000 88.000000 298.857000 1024.290000 58.000000 3.460000 40.503500 -1.000000 0.000000
2013-06-12T17:00:00Z 297.406000 1023.970000 77.000000 1.910000 358.503000 -1.000000 92.000000 297.607000 1024.210000 70.000000 2.190000 29.003500 -1.000000 92.000000 295.406000 1014.320000 79.000000 1.740000 14.503500 -1.000000 92.000000 297.707000 1024.050000 69.000000 2.060000 49.503500 -1.000000 88.000000 298.857000 1024.290000 58.000000 3.460000 40.503500 -1.000000 0.000000
2013-06-12T16:00:00Z 297.406000 1023.970000 77.000000 1.910000 358.503000 -1.000000 92.000000 297.607000 1024.210000 70.000000 2.190000 29.003500 -1.000000 92.000000 295.406000 1014.320000 79.000000 1.740000 14.503500 -1.000000 92.000000 297.707000 1024.050000 69.000000 2.060000 49.503500 -1.000000 88.000000 298.857000 1024.290000 58.000000 3.460000 40.503500 -1.000000 0.000000
2013-06-12T15:00:00Z 297.467000 1024.170000 81.000000 2.050000 334.520000 -1.000000 88.000000 297.817000 1024.170000 75.000000 2.050000 347.520000 -1.000000 88.000000 295.517000 1014.530000 82.000000 1.980000 350.020000 -1.000000 92.000000 297.767000 1024.250000 76.000000 2.030000 6.019870 -1.000000 92.000000 299.617000 1024.010000 68.000000 2.980000 12.519900 -1.000000 0.000000
2013-06-12T14:00:00Z 297.467000 1024.170000 81.000000 2.050000 334.520000 -1.000000 88.000000 297.817000 1024.170000 75.000000 2.050000 347.520000 -1.000000 88.000000 295.517000 1014.530000 82.000000 1.980000 350.020000 -1.000000 92.000000 297.767000 1024.250000 76.000000 2.030000 6.019870 -1.000000 92.000000 299.617000 1024.010000 68.000000 2.980000 12.519900 -1.000000 0.000000
2013-11-08T21:00:00Z 289.876000 1031.610000 93.000000 5.160000 144.003000 -1.000000 0.000000 290.991000 1032.250000 75.000000 5.410000 137.000000 -1.000000 12.000000 287.366000 1021.060000 84.000000 2.060000 112.000000 -1.000000 0.000000 290.441000 1029.980000 78.000000 4.210000 128.500000 -1.000000 48.000000 290.316000 1032.730000 84.000000 5.360000 114.000000 -1.000000 0.000000
2013-11-08T20:00:00Z 290.241000 1031.840000 87.000000 4.560000 128.500000 -1.000000 0.000000 289.816000 1032.090000 84.000000 4.460000 133.500000 -1.000000 0.000000 287.366000 1021.060000 84.000000 2.060000 112.000000 -1.000000 0.000000 290.441000 1029.980000 78.000000 4.210000 128.500000 -1.000000 48.000000 290.316000 1032.730000 84.000000 5.360000 114.000000 -1.000000 0.000000
2013-11-08T19:00:00Z 290.241000 1031.840000 87.000000 4.560000 128.500000 -1.000000 0.000000 289.816000 1032.090000 84.000000 4.460000 133.500000 -1.000000 0.000000 287.366000 1021.060000 84.000000 2.060000 112.000000 -1.000000 0.000000 290.441000 1029.980000 78.000000 4.210000 128.500000 -1.000000 48.000000 290.316000 1032.730000 84.000000 5.360000 114.000000 -1.000000 0.000000
2013-11-08T18:00:00Z 293.553000 1031.440000 69.000000 4.390000 145.002000 -1.000000 0.000000 294.153000 1031.520000 58.000000 5.240000 149.002000 -1.000000 48.000000 293.028000 1020.820000 69.000000 2.340000 137.502000 -1.000000 0.000000 293.778000 1029.250000 66.000000 2.790000 136.002000 -1.000000 0.000000 291.503000 1032.570000 76.000000 5.940000 120.002000 -1.000000 80.000000
2013-11-08T17:00:00Z 293.553000 1031.440000 69.000000 4.390000 145.002000 -1.000000 0.000000 294.153000 1031.520000 58.000000 5.240000 149.002000 -1.000000 48.000000 293.028000 1020.820000 69.000000 2.340000 137.502000 -1.000000 0.000000 293.778000 1029.250000 66.000000 2.790000 136.002000 -1.000000 0.000000 291.503000 1032.570000 76.000000 5.940000 120.002000 -1.000000 80.000000
2013-11-08T16:00:00Z 293.553000 1031.440000 69.000000 4.390000 145.002000 -1.000000 0.000000 294.153000 1031.520000 58.000000 5.240000 149.002000 -1.000000 48.000000 293.028000 1020.820000 69.000000 2.340000 137.502000 -1.000000 0.000000 293.778000 1029.250000 66.000000 2.790000 136.002000 -1.000000 0.000000 291.503000 1032.570000 76.000000 5.940000 120.002000 -1.000000 80.000000
2013-11-08T15:00:00Z 295.798000 1031.310000 66.000000 5.930000 149.504000 -1.000000 0.000000 296.923000 1031.140000 57.000000 6.330000 153.504000 -1.000000 0.000000 295.100000 1020.720000 59.000000 4.310000 151.502000 -1.000000 0.000000 295.975000 1029.470000 57.000000 6.410000 139.502000 -1.000000 0.000000 294.348000 1032.440000 61.000000 6.630000 125.504000 -1.000000 0.000000
2013-11-08T14:00:00Z 295.775000 1031.260000 64.000000 7.910000 149.502000 -1.000000 0.000000 296.025000 1031.900000 59.000000 7.460000 141.502000 -1.000000 88.000000 295.100000 1020.720000 59.000000 4.310000 151.502000 -1.000000 0.000000 295.975000 1029.470000 57.000000 6.410000 139.502000 -1.000000 0.000000 294.275000 1032.550000 62.000000 6.910000 125.002000 -1.000000 0.000000
2013-11-08T13:00:00Z 295.775000 1031.260000 64.000000 7.910000 149.502000 -1.000000 0.000000 296.025000 1031.900000 59.000000 7.460000 141.502000 -1.000000 88.000000 295.100000 1020.720000 59.000000 4.310000 151.502000 -1.000000 0.000000 295.975000 1029.470000 57.000000 6.410000 139.502000 -1.000000 0.000000 294.275000 1032.550000 62.000000 6.910000 125.002000 -1.000000 0.000000
2013-11-08T12:00:00Z 294.925000 1033.570000 70.000000 7.380000 136.001000 -1.000000 0.000000 294.625000 1033.810000 68.000000 6.680000 124.501000 -1.000000 0.000000 293.650000 1022.950000 68.000000 3.630000 140.501000 -1.000000 0.000000 294.225000 1031.300000 66.000000 6.480000 132.001000 -1.000000 0.000000 293.550000 1034.620000 70.000000 6.180000 125.501000 -1.000000 8.000000
2013-11-08T11:00:00Z 294.925000 1033.570000 70.000000 7.380000 136.001000 -1.000000 0.000000 295.175000 1033.480000 65.000000 7.530000 131.001000 -1.000000 0.000000 293.650000 1022.950000 68.000000 3.630000 140.501000 -1.000000 0.000000 294.225000 1031.300000 66.000000 6.480000 132.001000 -1.000000 0.000000 293.550000 1034.620000 70.000000 6.180000 125.501000 -1.000000 8.000000
2013-11-08T10:00:00Z 294.925000 1033.570000 70.000000 7.380000 136.001000 -1.000000 0.000000 295.175000 1033.480000 65.000000 7.530000 131.001000 -1.000000 0.000000 293.650000 1022.950000 68.000000 3.630000 140.501000 -1.000000 0.000000 294.225000 1031.300000 66.000000 6.480000 132.001000 -1.000000 0.000000 293.550000 1034.620000 70.000000 6.180000 125.501000 -1.000000 8.000000
2013-11-17T11:00:00Z 285.321000 1036.620000 71.000000 6.800000 315.500000 -1.000000 0.000000 284.821000 1036.410000 72.000000 6.800000 312.000000 -1.000000 0.000000 284.821000 1033.250000 74.000000 5.650000 306.500000 -1.000000 0.000000 285.396000 1037.060000 55.000000 5.350000 304.500000 -1.000000 0.000000 283.646000 1036.410000 43.000000 5.750000 306.500000 -1.000000 0.000000
2013-11-17T10:00:00Z 285.321000 1036.620000 71.000000 6.800000 315.500000 -1.000000 0.000000 284.821000 1036.410000 72.000000 6.800000 312.000000 -1.000000 0.000000 284.821000 1033.250000 74.000000 5.650000 306.500000 -1.000000 0.000000 285.396000 1037.060000 55.000000 5.350000 304.500000 -1.000000 0.000000 283.646000 1036.410000 43.000000 5.750000 306.500000 -1.000000 0.000000
2013-11-17T09:00:00Z 281.949000 1037.000000 86.000000 5.960000 323.502000 -1.000000 0.000000 284.821000 1036.410000 72.000000 6.800000 312.000000 -1.000000 0.000000 280.574000 1033.480000 91.000000 5.200000 304.500000 -1.000000 0.000000 278.599000 1037.130000 75.000000 4.100000 305.500000 -1.000000 0.000000 276.474000 1036.650000 47.000000 5.150000 304.500000 -1.000000 0.000000
2013-11-17T08:00:00Z 281.949000 1037.000000 86.000000 5.960000 323.502000 -1.000000 0.000000 280.599000 1036.560000 93.000000 6.700000 317.500000 -1.000000 0.000000 280.574000 1033.480000 91.000000 5.200000 304.500000 -1.000000 0.000000 278.599000 1037.130000 75.000000 4.100000 305.500000 -1.000000 0.000000 276.474000 1036.650000 47.000000 5.150000 304.500000 -1.000000 0.000000
2013-11-17T07:00:00Z 281.949000 1037.000000 86.000000 5.960000 323.502000 -1.000000 0.000000 280.599000 1036.560000 93.000000 6.700000 317.500000 -1.000000 0.000000 280.574000 1033.480000 91.000000 5.200000 304.500000 -1.000000 0.000000 278.599000 1037.130000 75.000000 4.100000 305.500000 -1.000000 0.000000 276.474000 1036.650000 47.000000 5.150000 304.500000 -1.000000 0.000000
2013-11-17T06:00:00Z 281.148000 1036.320000 89.000000 6.110000 325.503000 -1.000000 0.000000 280.120000 1035.890000 96.000000 6.910000 320.501000 -1.000000 0.000000 280.195000 1032.560000 88.000000 5.360000 314.501000 -1.000000 0.000000 277.445000 1036.450000 76.000000 4.110000 318.501000 -1.000000 0.000000 276.474000 1036.650000 47.000000 5.150000 304.500000 -1.000000 0.000000
2013-11-17T05:00:00Z 281.148000 1036.320000 89.000000 6.110000 325.503000 -1.000000 0.000000 280.120000 1035.890000 96.000000 6.910000 320.501000 -1.000000 0.000000 280.195000 1032.560000 88.000000 5.360000 314.501000 -1.000000 0.000000 277.445000 1036.450000 76.000000 4.110000 318.501000 -1.000000 0.000000 275.620000 1035.890000 50.000000 5.110000 309.001000 -1.000000 0.000000
2013-11-17T04:00:00Z 281.148000 1036.320000 89.000000 6.110000 325.503000 -1.000000 0.000000 280.120000 1035.890000 96.000000 6.910000 320.501000 -1.000000 0.000000 280.195000 1032.560000 88.000000 5.360000 314.501000 -1.000000 0.000000 277.445000 1036.450000 76.000000 4.110000 318.501000 -1.000000 0.000000 275.620000 1035.890000 50.000000 5.110000 309.001000 -1.000000 0.000000
2013-11-17T03:00:00Z 283.161000 1035.590000 82.000000 7.360000 325.002000 -1.000000 0.000000 282.148000 1035.170000 85.000000 7.950000 321.000000 -1.000000 0.000000 282.173000 1032.170000 83.000000 6.400000 319.500000 -1.000000 0.000000 280.098000 1035.900000 65.000000 5.200000 322.500000 -1.000000 0.000000 277.648000 1035.410000 51.000000 5.700000 314.000000 -1.000000 0.000000
2013-11-17T02:00:00Z 283.161000 1035.590000 82.000000 7.360000 325.002000 -1.000000 0.000000 282.148000 1035.170000 85.000000 7.950000 321.000000 -1.000000 0.000000 282.173000 1032.170000 83.000000 6.400000 319.500000 -1.000000 0.000000 280.098000 1035.900000 65.000000 5.200000 322.500000 -1.000000 0.000000 277.648000 1035.410000 51.000000 5.700000 314.000000 -1.000000 0.000000
2013-11-17T01:00:00Z 283.161000 1035.590000 82.000000 7.360000 325.002000 -1.000000 0.000000 282.148000 1035.170000 85.000000 7.950000 321.000000 -1.000000 0.000000 282.173000 1032.170000 83.000000 6.400000 319.500000 -1.000000 0.000000 280.098000 1035.900000 65.000000 5.200000 322.500000 -1.000000 0.000000 277.648000 1035.410000 51.000000 5.700000 314.000000 -1.000000 0.000000
2013-11-17T00:00:00Z 285.276000 1034.660000 78.000000 8.410000 315.008000 -1.000000 0.000000 284.723000 1034.310000 80.000000 8.510000 316.000000 -1.000000 0.000000 284.223000 1031.390000 76.000000 7.610000 319.500000 -1.000000 0.000000 282.473000 1035.600000 62.000000 6.310000 320.000000 -1.000000 0.000000 280.298000 1034.950000 46.000000 6.560000 318.000000 -1.000000 0.000000
2013-11-21T13:00:00Z 292.494000 1034.540000 53.000000 1.650000 233.001000 -1.000000 0.000000 291.653000 1035.480000 54.000000 2.750000 101.501000 -1.000000 0.000000 291.703000 1030.540000 62.000000 1.800000 13.000700 -1.000000 0.000000 292.028000 1034.590000 51.000000 2.000000 82.000700 -1.000000 0.000000 289.728000 1036.780000 53.000000 2.650000 83.500700 -1.000000 0.000000
2013-11-21T12:00:00Z 291.230000 1036.030000 64.000000 2.310000 121.501000 -1.000000 0.000000 290.617000 1036.970000 62.000000 4.110000 95.500600 -1.000000 0.000000 289.867000 1031.620000 68.000000 1.060000 79.000600 -1.000000 0.000000 289.617000 1036.320000 65.000000 2.860000 106.001000 -1.000000 0.000000 288.717000 1038.020000 58.000000 3.860000 93.500600 -1.000000 0.000000
2013-11-21T11:00:00Z 291.230000 1036.030000 64.000000 2.310000 121.501000 -1.000000 0.000000 290.617000 1036.970000 62.000000 4.110000 95.500600 -1.000000 0.000000 289.867000 1031.620000 68.000000 1.060000 79.000600 -1.000000 0.000000 289.617000 1036.320000 65.000000 2.860000 106.001000 -1.000000 0.000000 288.717000 1038.020000 58.000000 3.860000 93.500600 -1.000000 0.000000
2013-11-21T10:00:00Z 291.230000 1036.030000 64.000000 2.310000 121.501000 -1.000000 0.000000 290.617000 1036.970000 62.000000 4.110000 95.500600 -1.000000 0.000000 289.867000 1031.620000 68.000000 1.060000 79.000600 -1.000000 0.000000 289.617000 1036.320000 65.000000 2.860000 106.001000 -1.000000 0.000000 288.717000 1038.020000 58.000000 3.860000 93.500600 -1.000000 0.000000
2013-11-21T09:00:00Z 282.216000 1036.090000 96.000000 3.360000 96.500300 -1.000000 0.000000 283.619000 1036.870000 95.000000 3.750000 89.000100 -1.000000 0.000000 281.019000 1031.600000 93.000000 1.200000 126.000000 -1.000000 0.000000 278.219000 1035.980000 85.000000 2.100000 80.500100 -1.000000 0.000000 281.894000 1037.920000 70.000000 3.700000 85.000100 -1.000000 36.000000
2013-11-21T08:00:00Z 282.216000 1036.090000 96.000000 3.360000 96.500300 -1.000000 0.000000 283.619000 1036.870000 95.000000 3.750000 89.000100 -1.000000 0.000000 281.019000 1031.600000 93.000000 1.200000 126.000000 -1.000000 0.000000 278.219000 1035.980000 85.000000 2.100000 80.500100 -1.000000 0.000000 281.894000 1037.920000 70.000000 3.700000 85.000100 -1.000000 36.000000
2013-11-21T07:00:00Z 282.216000 1036.090000 96.000000 3.360000 96.500300 -1.000000 0.000000 283.619000 1036.870000 95.000000 3.750000 89.000100 -1.000000 0.000000 281.019000 1031.600000 93.000000 1.200000 126.000000 -1.000000 0.000000 278.219000 1035.980000 85.000000 2.100000 80.500100 -1.000000 0.000000 281.894000 1037.920000 70.000000 3.700000 85.000100 -1.000000 36.000000
2013-11-21T06:00:00Z 279.156000 1035.130000 99.000000 2.370000 89.501600 -1.000000 64.000000 280.823000 1036.070000 100.000000 3.860000 94.500200 -1.000000 0.000000 278.798000 1030.720000 97.000000 1.360000 126.500000 -1.000000 64.000000 274.798000 1034.930000 87.000000 2.060000 82.500200 -1.000000 0.000000 279.823000 1036.800000 76.000000 3.910000 85.000200 -1.000000 48.000000
2013-11-21T05:00:00Z 279.156000 1035.130000 99.000000 2.370000 89.501600 -1.000000 64.000000 280.823000 1036.070000 100.000000 3.860000 94.500200 -1.000000 0.000000 278.798000 1030.720000 97.000000 1.360000 126.500000 -1.000000 64.000000 274.798000 1034.930000 87.000000 2.060000 82.500200 -1.000000 0.000000 279.823000 1036.800000 76.000000 3.910000 85.000200 -1.000000 48.000000
2013-11-21T04:00:00Z 279.156000 1035.130000 99.000000 2.370000 89.501600 -1.000000 64.000000 280.823000 1036.070000 100.000000 3.860000 94.500200 -1.000000 0.000000 278.798000 1030.720000 97.000000 1.360000 126.500000 -1.000000 64.000000 274.798000 1034.930000 87.000000 2.060000 82.500200 -1.000000 0.000000 279.823000 1036.800000 76.000000 3.910000 85.000200 -1.000000 48.000000
2013-11-21T03:00:00Z 279.106000 1035.120000 97.000000 1.710000 109.001000 -1.000000 68.000000 280.864000 1036.280000 100.000000 3.830000 96.000700 -1.000000 12.000000 278.864000 1030.610000 97.000000 1.330000 112.501000 -1.000000 76.000000 276.964000 1034.900000 82.000000 3.680000 92.500700 -1.000000 0.000000 278.414000 1036.850000 82.000000 4.150000 87.000700 -1.000000 32.000000
2013-11-21T02:00:00Z 279.106000 1035.120000 97.000000 1.710000 109.001000 -1.000000 68.000000 280.864000 1036.280000 100.000000 3.830000 96.000700 -1.000000 12.000000 278.864000 1030.610000 97.000000 1.330000 112.501000 -1.000000 76.000000 276.964000 1034.900000 82.000000 3.680000 92.500700 -1.000000 0.000000 278.414000 1036.850000 82.000000 4.150000 87.000700 -1.000000 32.000000
2013-12-04T13:00:00Z 290.589000 1033.280000 60.000000 0.860000 306.002000 -1.000000 0.000000 290.093000 1033.890000 60.000000 1.660000 110.500000 -1.000000 0.000000 289.418000 1029.430000 58.000000 2.510000 331.000000 -1.000000 0.000000 290.768000 1033.400000 59.000000 2.010000 87.000100 -1.000000 0.000000 289.243000 1034.380000 68.000000 2.060000 164.000000 -1.000000 0.000000
2013-12-04T12:00:00Z 288.868000 1034.620000 70.000000 1.450000 357.500000 -1.000000 0.000000 289.150000 1034.980000 66.000000 1.780000 82.500000 -1.000000 0.000000 287.550000 1030.690000 65.000000 3.350000 292.500000 -1.000000 0.000000 287.775000 1034.900000 71.000000 2.050000 42.500000 -1.000000 0.000000 286.750000 1035.880000 86.000000 2.000000 10.000000 -1.000000 0.000000
2013-12-04T11:00:00Z 288.868000 1034.620000 70.000000 1.450000 357.500000 -1.000000 0.000000 289.150000 1034.980000 66.000000 1.780000 82.500000 -1.000000 0.000000 287.550000 1030.690000 65.000000 3.350000 292.500000 -1.000000 0.000000 287.775000 1034.900000 71.000000 2.050000 42.500000 -1.000000 0.000000 286.750000 1035.880000 86.000000 2.000000 10.000000 -1.000000 0.000000
2013-12-04T10:00:00Z 288.868000 1034.620000 70.000000 1.450000 357.500000 -1.000000 0.000000 289.150000 1034.980000 66.000000 1.780000 82.500000 -1.000000 0.000000 287.550000 1030.690000 65.000000 3.350000 292.500000 -1.000000 0.000000 287.775000 1034.900000 71.000000 2.050000 42.500000 -1.000000 0.000000 286.750000 1035.880000 86.000000 2.000000 10.000000 -1.000000 0.000000
2013-12-04T09:00:00Z 279.660000 1034.050000 92.000000 1.460000 354.000000 -1.000000 0.000000 281.280000 1034.750000 94.000000 1.780000 52.000200 -1.000000 0.000000 279.855000 1030.130000 94.000000 2.460000 293.500000 -1.000000 0.000000 276.630000 1034.180000 82.000000 1.230000 4.000180 -1.000000 0.000000 275.555000 1035.640000 77.000000 1.930000 2.000180 -1.000000 8.000000
2013-12-04T08:00:00Z 279.660000 1034.050000 92.000000 1.460000 354.000000 -1.000000 0.000000 281.280000 1034.750000 94.000000 1.780000 52.000200 -1.000000 0.000000 279.855000 1030.130000 94.000000 2.460000 293.500000 -1.000000 0.000000 276.630000 1034.180000 82.000000 1.230000 4.000180 -1.000000 0.000000 275.555000 1035.640000 77.000000 1.930000 2.000180 -1.000000 8.000000
2013-12-04T07:00:00Z 279.660000 1034.050000 92.000000 1.460000 354.000000 -1.000000 0.000000 281.280000 1034.750000 94.000000 1.780000 52.000200 -1.000000 0.000000 279.855000 1030.130000 94.000000 2.460000 293.500000 -1.000000 0.000000 276.630000 1034.180000 82.000000 1.230000 4.000180 -1.000000 0.000000 275.555000 1035.640000 77.000000 1.930000 2.000180 -1.000000 8.000000
2013-12-04T06:00:00Z 276.961000 1032.610000 96.000000 1.380000 37.500000 -1.000000 12.000000 280.406000 1033.310000 98.000000 2.630000 86.500400 -1.000000 0.000000 278.481000 1028.610000 96.000000 2.780000 287.000000 -1.000000 36.000000 276.630000 1034.180000 82.000000 1.230000 4.000180 -1.000000 0.000000 275.555000 1035.640000 77.000000 1.930000 2.000180 -1.000000 8.000000
2013-12-04T05:00:00Z 276.961000 1032.610000 96.000000 1.380000 37.500000 -1.000000 12.000000 280.406000 1033.310000 98.000000 2.630000 86.500400 -1.000000 0.000000 278.481000 1028.610000 96.000000 2.780000 287.000000 -1.000000 36.000000 274.681000 1032.910000 85.000000 1.430000 357.500000 -1.000000 0.000000 274.081000 1034.530000 78.000000 1.730000 21.000400 -1.000000 0.000000
2013-12-04T04:00:00Z 276.961000 1032.610000 96.000000 1.380000 37.500000 -1.000000 12.000000 280.406000 1033.310000 98.000000 2.630000 86.500400 -1.000000 0.000000 278.481000 1028.610000 96.000000 2.780000 287.000000 -1.000000 36.000000 274.681000 1032.910000 85.000000 1.430000 357.500000 -1.000000 0.000000 274.081000 1034.530000 78.000000 1.730000 21.000400 -1.000000 0.000000
2013-12-04T03:00:00Z 276.961000 1032.610000 96.000000 1.380000 37.500000 -1.000000 12.000000 280.406000 1033.310000 98.000000 2.630000 86.500400 -1.000000 0.000000 278.481000 1028.610000 96.000000 2.780000 287.000000 -1.000000 36.000000 278.394000 1032.580000 89.000000 1.510000 347.500000 -1.000000 0.000000 276.669000 1034.450000 84.000000 1.860000 19.000500 -1.000000 20.000000
2013-12-04T02:00:00Z 277.143000 1032.300000 93.000000 1.430000 31.500900 -1.000000 8.000000 282.469000 1033.150000 98.000000 2.510000 101.500000 -1.000000 36.000000 278.019000 1027.960000 84.000000 2.060000 291.500000 -1.000000 24.000000 278.394000 1032.580000 89.000000 1.510000 347.500000 -1.000000 0.000000 276.669000 1034.450000 84.000000 1.860000 19.000500 -1.000000 20.000000
2013-12-08T07:00:00Z 281.702000 1032.170000 91.000000 3.010000 136.505000 -1.000000 0.000000 282.343000 1032.630000 93.000000 4.450000 135.000000 -1.000000 0.000000 278.343000 1027.690000 91.000000 1.250000 118.500000 -1.000000 0.000000 278.593000 1031.500000 91.000000 2.750000 130.000000 -1.000000 0.000000 276.593000 1032.800000 78.000000 2.700000 122.000000 -1.000000 0.000000
2013-12-08T06:00:00Z 279.472000 1031.930000 93.000000 2.960000 114.502000 -1.000000 0.000000 278.947000 1032.640000 95.000000 3.050000 117.500000 -1.000000 0.000000 276.272000 1027.460000 92.000000 1.150000 99.500000 -1.000000 0.000000 277.472000 1031.430000 87.000000 3.650000 117.500000 -1.000000 0.000000 274.422000 1032.810000 81.000000 1.300000 125.500000 -1.000000 0.000000
2013-12-08T05:00:00Z 279.472000 1031.930000 93.000000 2.960000 114.502000 -1.000000 0.000000 278.947000 1032.640000 95.000000 3.050000 117.500000 -1.000000 0.000000 276.272000 1027.460000 92.000000 1.150000 99.500000 -1.000000 0.000000 277.472000 1031.430000 87.000000 3.650000 117.500000 -1.000000 0.000000 274.422000 1032.810000 81.000000 1.300000 125.500000 -1.000000 0.000000
2013-12-08T04:00:00Z 279.472000 1031.930000 93.000000 2.960000 114.502000 -1.000000 0.000000 278.947000 1032.640000 95.000000 3.050000 117.500000 -1.000000 0.000000 276.272000 1027.460000 92.000000 1.150000 99.500000 -1.000000 0.000000 277.472000 1031.430000 87.000000 3.650000 117.500000 -1.000000 0.000000 274.422000 1032.810000 81.000000 1.300000 125.500000 -1.000000 0.000000
2013-12-08T03:00:00Z 280.569000 1032.540000 96.000000 3.730000 123.504000 -1.000000 0.000000 279.428000 1033.490000 97.000000 2.410000 128.000000 -1.000000 0.000000 277.078000 1027.820000 91.000000 1.710000 117.000000 -1.000000 0.000000 276.403000 1032.360000 83.000000 2.660000 113.500000 -1.000000 0.000000 277.303000 1033.660000 88.000000 3.560000 130.500000 -1.000000 0.000000
2013-12-08T02:00:00Z 280.569000 1032.540000 96.000000 3.730000 123.504000 -1.000000 0.000000 279.428000 1033.490000 97.000000 2.410000 128.000000 -1.000000 0.000000 277.078000 1027.820000 91.000000 1.710000 117.000000 -1.000000 0.000000 276.403000 1032.360000 83.000000 2.660000 113.500000 -1.000000 0.000000 277.303000 1033.660000 88.000000 3.560000 130.500000 -1.000000 0.000000
2013-12-08T01:00:00Z 280.569000 1032.540000 96.000000 3.730000 123.504000 -1.000000 0.000000 279.428000 1033.490000 97.000000 2.410000 128.000000 -1.000000 0.000000 277.078000 1027.820000 91.000000 1.710000 117.000000 -1.000000 0.000000 276.403000 1032.360000 83.000000 2.660000 113.500000 -1.000000 0.000000 277.303000 1033.660000 88.000000 3.560000 130.500000 -1.000000 0.000000
2013-12-08T00:00:00Z 280.664000 1033.580000 94.000000 4.110000 123.503000 -1.000000 0.000000 281.039000 1034.430000 97.000000 4.200000 129.000000 -1.000000 0.000000 279.139000 1028.910000 95.000000 2.700000 126.000000 -1.000000 0.000000 277.739000 1033.130000 84.000000 3.650000 126.000000 -1.000000 0.000000 278.289000 1034.510000 90.000000 3.750000 116.000000 -1.000000 0.000000
2013-12-07T23:00:00Z 280.664000 1033.580000 94.000000 4.110000 123.503000 -1.000000 0.000000 281.039000 1034.430000 97.000000 4.200000 129.000000 -1.000000 0.000000 279.139000 1028.910000 95.000000 2.700000 126.000000 -1.000000 0.000000 277.739000 1033.130000 84.000000 3.650000 126.000000 -1.000000 0.000000 278.289000 1034.510000 90.000000 3.750000 116.000000 -1.000000 0.000000
2013-12-07T22:00:00Z 280.664000 1033.580000 94.000000 4.110000 123.503000 -1.000000 0.000000 281.222000 1034.390000 98.000000 4.110000 131.000000 -1.000000 0.000000 279.139000 1028.910000 95.000000 2.700000 126.000000 -1.000000 0.000000 277.739000 1033.130000 84.000000 3.650000 126.000000 -1.000000 0.000000 278.289000 1034.510000 90.000000 3.750000 116.000000 -1.000000 0.000000
2013-12-07T21:00:00Z 281.329000 1033.430000 89.000000 4.410000 142.502000 -1.000000 0.000000 281.989000 1034.410000 90.000000 5.000000 115.000000 -1.000000 12.000000 281.414000 1029.220000 90.000000 3.800000 130.000000 -1.000000 0.000000 278.689000 1033.270000 84.000000 1.600000 119.500000 -1.000000 0.000000 279.489000 1034.380000 88.000000 4.260000 111.000000 -1.000000 56.000000
2013-12-07T20:00:00Z 281.329000 1033.430000 89.000000 4.410000 142.502000 -1.000000 0.000000 281.989000 1034.410000 90.000000 5.000000 115.000000 -1.000000 12.000000 281.589000 1028.950000 90.000000 4.160000 136.500000 -1.000000 0.000000 278.689000 1033.270000 84.000000 1.600000 119.500000 -1.000000 0.000000 278.039000 1034.810000 82.000000 3.800000 112.500000 -1.000000 0.000000
2013-12-10T11:00:00Z 278.750000 1035.590000 82.000000 4.220000 319.000000 -1.000000 0.000000 278.672000 1035.390000 91.000000 4.550000 316.500000 -1.000000 0.000000 278.372000 1031.740000 84.000000 3.150000 297.500000 -1.000000 0.000000 278.347000 1035.630000 64.000000 2.750000 316.500000 -1.000000 0.000000 277.997000 1035.390000 61.000000 3.650000 315.500000 -1.000000 0.000000
2013-12-10T10:00:00Z 278.750000 1035.590000 82.000000 4.220000 319.000000 -1.000000 0.000000 278.672000 1035.390000 91.000000 4.550000 316.500000 -1.000000 0.000000 278.372000 1031.740000 84.000000 3.150000 297.500000 -1.000000 0.000000 278.347000 1035.630000 64.000000 2.750000 316.500000 -1.000000 0.000000 277.997000 1035.390000 61.000000 3.650000 315.500000 -1.000000 0.000000
2013-12-10T09:00:00Z 274.526000 1035.980000 100.000000 4.310000 331.504000 -1.000000 0.000000 274.049000 1035.780000 100.000000 5.410000 320.000000 -1.000000 0.000000 273.349000 1031.970000 100.000000 3.380000 296.500000 -1.000000 0.000000 270.599000 1036.030000 88.000000 2.560000 316.500000 -1.000000 0.000000 269.749000 1036.190000 70.000000 4.360000 304.500000 -1.000000 0.000000
2013-12-10T08:00:00Z 274.526000 1035.980000 100.000000 4.310000 331.504000 -1.000000 0.000000 274.049000 1035.780000 100.000000 5.410000 320.000000 -1.000000 0.000000 273.349000 1031.970000 100.000000 3.380000 296.500000 -1.000000 0.000000 270.599000 1036.030000 88.000000 2.560000 316.500000 -1.000000 0.000000 269.749000 1036.190000 70.000000 4.360000 304.500000 -1.000000 0.000000
2013-12-10T07:00:00Z 274.526000 1035.980000 100.000000 4.310000 331.504000 -1.000000 0.000000 274.049000 1035.780000 100.000000 5.410000 320.000000 -1.000000 0.000000 273.349000 1031.970000 100.000000 3.380000 296.500000 -1.000000 0.000000 270.599000 1036.030000 88.000000 2.560000 316.500000 -1.000000 0.000000 269.749000 1036.190000 70.000000 4.360000 304.500000 -1.000000 0.000000
2013-12-10T06:00:00Z 274.526000 1035.980000 100.000000 4.310000 331.504000 -1.000000 0.000000 274.049000 1035.780000 100.000000 5.410000 320.000000 -1.000000 0.000000 272.736000 1031.490000 100.000000 3.980000 311.000000 -1.000000 0.000000 270.599000 1036.030000 88.000000 2.560000 316.500000 -1.000000 0.000000 269.436000 1035.460000 75.000000 4.250000 302.000000 -1.000000 0.000000
2013-12-10T05:00:00Z 274.027000 1035.540000 100.000000 4.860000 331.001000 -1.000000 0.000000 273.911000 1035.220000 100.000000 5.830000 319.500000 -1.000000 0.000000 272.736000 1031.490000 100.000000 3.980000 311.000000 -1.000000 0.000000 269.661000 1035.540000 91.000000 2.800000 323.000000 -1.000000 0.000000 269.436000 1035.460000 75.000000 4.250000 302.000000 -1.000000 0.000000
2013-12-10T04:00:00Z 274.027000 1035.540000 100.000000 4.860000 331.001000 -1.000000 0.000000 273.911000 1035.220000 100.000000 5.830000 319.500000 -1.000000 0.000000 272.736000 1031.490000 100.000000 3.980000 311.000000 -1.000000 0.000000 269.661000 1035.540000 91.000000 2.800000 323.000000 -1.000000 0.000000 269.436000 1035.460000 75.000000 4.250000 302.000000 -1.000000 0.000000
2013-12-10T03:00:00Z 275.352000 1035.270000 100.000000 5.310000 329.001000 -1.000000 0.000000 275.335000 1035.100000 100.000000 6.460000 320.000000 -1.000000 0.000000 274.235000 1031.530000 97.000000 4.610000 312.000000 -1.000000 0.000000 271.485000 1035.830000 89.000000 3.460000 328.000000 -1.000000 0.000000 271.385000 1035.420000 71.000000 4.730000 314.000000 -1.000000 0.000000
2013-12-10T02:00:00Z 275.352000 1035.270000 100.000000 5.310000 329.001000 -1.000000 0.000000 275.335000 1035.100000 100.000000 6.460000 320.000000 -1.000000 0.000000 274.235000 1031.530000 97.000000 4.610000 312.000000 -1.000000 0.000000 271.485000 1035.830000 89.000000 3.460000 328.000000 -1.000000 0.000000 271.385000 1035.420000 71.000000 4.730000 314.000000 -1.000000 0.000000
2013-12-10T01:00:00Z 275.352000 1035.270000 100.000000 5.310000 329.001000 -1.000000 0.000000 275.335000 1035.100000 100.000000 6.460000 320.000000 -1.000000 0.000000 274.235000 1031.530000 97.000000 4.610000 312.000000 -1.000000 0.000000 271.485000 1035.830000 89.000000 3.460000 328.000000 -1.000000 0.000000 271.385000 1035.420000 71.000000 4.730000 314.000000 -1.000000 0.000000
2013-12-10T00:00:00Z 276.846000 1035.430000 89.000000 5.820000 331.006000 -1.000000 0.000000 276.796000 1035.080000 100.000000 7.050000 323.000000 -1.000000 0.000000 275.996000 1031.910000 86.000000 5.200000 321.500000 -1.000000 0.000000 273.821000 1035.890000 80.000000 4.000000 333.000000 -1.000000 0.000000 273.371000 1035.720000 69.000000 5.200000 324.000000 -1.000000 0.000000
2013-12-25T17:00:00Z 274.572000 1039.330000 91.000000 1.960000 358.006000 -1.000000 88.000000 270.691000 1039.980000 82.000000 1.310000 347.500000 -1.000000 68.000000 270.397000 1028.710000 73.000000 1.210000 338.506000 -1.000000 76.000000 272.716000 1040.140000 90.000000 1.410000 353.000000 -1.000000 76.000000 270.141000 1039.740000 75.000000 1.260000 236.500000 -1.000000 64.000000
2013-12-25T16:00:00Z 274.572000 1039.330000 91.000000 1.960000 358.006000 -1.000000 88.000000 270.691000 1039.980000 82.000000 1.310000 347.500000 -1.000000 68.000000 270.397000 1028.710000 73.000000 1.210000 338.506000 -1.000000 76.000000 272.716000 1040.140000 90.000000 1.410000 353.000000 -1.000000 76.000000 270.141000 1039.740000 75.000000 1.260000 236.500000 -1.000000 64.000000
2013-12-25T15:00:00Z 274.572000 1039.330000 91.000000 1.960000 358.006000 -1.000000 88.000000 270.691000 1039.980000 82.000000 1.310000 347.500000 -1.000000 68.000000 270.397000 1028.710000 73.000000 1.210000 338.506000 -1.000000 76.000000 272.716000 1040.140000 90.000000 1.410000 353.000000 -1.000000 76.000000 270.141000 1039.740000 75.000000 1.260000 236.500000 -1.000000 64.000000
2013-12-25T14:00:00Z 274.572000 1039.330000 91.000000 1.960000 358.006000 -1.000000 88.000000 270.691000 1039.980000 82.000000 1.310000 347.500000 -1.000000 68.000000 270.397000 1028.710000 73.000000 1.210000 338.506000 -1.000000 76.000000 272.716000 1040.140000 90.000000 1.410000 353.000000 -1.000000 76.000000 270.141000 1039.740000 75.000000 1.260000 236.500000 -1.000000 64.000000
2013-12-25T13:00:00Z 274.572000 1039.330000 91.000000 1.960000 358.006000 -1.000000 88.000000 270.691000 1039.980000 82.000000 1.310000 347.500000 -1.000000 68.000000 270.397000 1028.710000 73.000000 1.210000 338.506000 -1.000000 76.000000 272.716000 1040.140000 90.000000 1.410000 353.000000 -1.000000 76.000000 270.141000 1039.740000 75.000000 1.260000 236.500000 -1.000000 64.000000
2013-12-25T12:00:00Z 274.572000 1039.330000 91.000000 1.960000 358.006000 -1.000000 88.000000 270.691000 1039.980000 82.000000 1.310000 347.500000 -1.000000 68.000000 270.397000 1028.710000 73.000000 1.210000 338.506000 -1.000000 76.000000 272.716000 1040.140000 90.000000 1.410000 353.000000 -1.000000 76.000000 270.141000 1039.740000 75.000000 1.260000 236.500000 -1.000000 64.000000
2013-12-25T11:00:00Z 274.572000 1039.330000 91.000000 1.960000 358.006000 -1.000000 88.000000 270.691000 1039.980000 82.000000 1.310000 347.500000 -1.000000 68.000000 270.397000 1028.710000 73.000000 1.210000 338.506000 -1.000000 76.000000 272.716000 1040.140000 90.000000 1.410000 353.000000 -1.000000 76.000000 270.141000 1039.740000 75.000000 1.260000 236.500000 -1.000000 64.000000
2013-12-25T10:00:00Z 274.572000 1039.330000 91.000000 1.960000 358.006000 -1.000000 88.000000 270.691000 1039.980000 82.000000 1.310000 347.500000 -1.000000 68.000000 270.397000 1028.710000 73.000000 1.210000 338.506000 -1.000000 76.000000 272.716000 1040.140000 90.000000 1.410000 353.000000 -1.000000 76.000000 270.141000 1039.740000 75.000000 1.260000 236.500000 -1.000000 64.000000
2013-12-25T09:00:00Z 274.572000 1039.330000 91.000000 1.960000 358.006000 -1.000000 88.000000 270.691000 1039.980000 82.000000 1.310000 347.500000 -1.000000 68.000000 270.397000 1028.710000 73.000000 1.210000 338.506000 -1.000000 76.000000 272.716000 1040.140000 90.000000 1.410000 353.000000 -1.000000 76.000000 270.141000 1039.740000 75.000000 1.260000 236.500000 -1.000000 64.000000
2013-12-25T08:00:00Z 274.572000 1039.330000 91.000000 1.960000 358.006000 -1.000000 88.000000 270.691000 1039.980000 82.000000 1.310000 347.500000 -1.000000 68.000000 270.397000 1028.710000 73.000000 1.210000 338.506000 -1.000000 76.000000 272.716000 1040.140000 90.000000 1.410000 353.000000 -1.000000 76.000000 270.141000 1039.740000 75.000000 1.260000 236.500000 -1.000000 64.000000
2013-12-25T07:00:00Z 274.572000 1039.330000 91.000000 1.960000 358.006000 -1.000000 88.000000 270.691000 1039.980000 82.000000 1.310000 347.500000 -1.000000 68.000000 270.397000 1028.710000 73.000000 1.210000 338.506000 -1.000000 76.000000 272.716000 1040.140000 90.000000 1.410000 353.000000 -1.000000 76.000000 270.141000 1039.740000 75.000000 1.260000 236.500000 -1.000000 64.000000
2013-12-25T06:00:00Z 274.572000 1039.330000 91.000000 1.960000 358.006000 -1.000000 88.000000 270.691000 1039.980000 82.000000 1.310000 347.500000 -1.000000 68.000000 270.397000 1028.710000 73.000000 1.210000 338.506000 -1.000000 76.000000 272.716000 1040.140000 90.000000 1.410000 353.000000 -1.000000 76.000000 270.141000 1039.740000 75.000000 1.260000 236.500000 -1.000000 64.000000
2013-12-31T11:00:00Z 284.669000 1034.900000 52.000000 5.110000 257.500000 -1.000000 0.000000 282.944000 1033.120000 44.000000 6.810000 260.000000 -1.000000 0.000000 284.669000 1024.930000 37.000000 1.960000 225.000000 -1.000000 0.000000 283.669000 1033.690000 53.000000 5.860000 256.000000 -1.000000 0.000000 280.964000 1032.240000 48.000000 7.300000 264.000000 -1.000000 0.000000
2013-12-31T10:00:00Z 284.669000 1034.900000 52.000000 5.110000 257.500000 -1.000000 0.000000 282.944000 1033.120000 44.000000 6.810000 260.000000 -1.000000 0.000000 284.669000 1024.930000 37.000000 1.960000 225.000000 -1.000000 0.000000 283.669000 1033.690000 53.000000 5.860000 256.000000 -1.000000 0.000000 280.964000 1032.240000 48.000000 7.300000 264.000000 -1.000000 0.000000
2013-12-31T09:00:00Z 276.521000 1034.990000 89.000000 4.620000 259.000000 -1.000000 0.000000 272.071000 1033.450000 70.000000 5.120000 251.000000 -1.000000 0.000000 269.296000 1025.020000 50.000000 2.350000 223.500000 -1.000000 0.000000 274.237000 1034.670000 95.000000 5.080000 252.501000 -1.000000 0.000000 270.912000 1032.640000 83.000000 5.310000 250.501000 -1.000000 0.000000
2013-12-31T08:00:00Z 276.521000 1034.990000 89.000000 4.620000 259.000000 -1.000000 0.000000 273.137000 1034.260000 79.000000 5.210000 254.501000 -1.000000 0.000000 274.587000 1030.860000 66.000000 4.060000 247.001000 -1.000000 0.000000 272.921000 1033.450000 88.000000 4.650000 249.500000 -1.000000 0.000000 270.912000 1032.640000 83.000000 5.310000 250.501000 -1.000000 0.000000
2013-12-31T07:00:00Z 275.291000 1034.780000 88.000000 4.880000 260.002000 -1.000000 0.000000 270.191000 1033.400000 77.000000 4.730000 250.002000 -1.000000 0.000000 273.182000 1030.580000 73.000000 4.280000 252.000000 -1.000000 0.000000 273.282000 1034.550000 94.000000 5.030000 255.000000 -1.000000 0.000000 268.991000 1031.860000 77.000000 4.930000 248.502000 -1.000000 0.000000
2013-12-31T06:00:00Z 275.291000 1034.780000 88.000000 4.880000 260.002000 -1.000000 0.000000 270.191000 1033.400000 77.000000 4.730000 250.002000 -1.000000 0.000000 273.182000 1030.580000 73.000000 4.280000 252.000000 -1.000000 0.000000 273.282000 1034.550000 94.000000 5.030000 255.000000 -1.000000 0.000000 268.991000 1031.860000 77.000000 4.930000 248.502000 -1.000000 0.000000
2013-12-31T05:00:00Z 275.291000 1034.780000 88.000000 4.880000 260.002000 -1.000000 0.000000 271.282000 1034.060000 84.000000 4.950000 252.500000 -1.000000 0.000000 267.691000 1024.650000 48.000000 2.580000 230.002000 -1.000000 0.000000 273.282000 1034.550000 94.000000 5.030000 255.000000 -1.000000 0.000000 268.882000 1032.280000 78.000000 4.830000 245.500000 -1.000000 0.000000
2013-12-31T04:00:00Z 275.291000 1034.780000 88.000000 4.880000 260.002000 -1.000000 0.000000 271.282000 1034.060000 84.000000 4.950000 252.500000 -1.000000 0.000000 273.182000 1030.580000 73.000000 4.280000 252.000000 -1.000000 0.000000 273.282000 1034.550000 94.000000 5.030000 255.000000 -1.000000 0.000000 268.882000 1032.280000 78.000000 4.830000 245.500000 -1.000000 0.000000
2013-12-31T03:00:00Z 275.565000 1035.230000 89.000000 4.940000 263.501000 -1.000000 0.000000 270.322000 1034.750000 77.000000 4.280000 247.002000 -1.000000 0.000000 268.315000 1025.260000 50.000000 2.570000 232.001000 -1.000000 0.000000 273.072000 1035.160000 93.000000 5.050000 249.502000 -1.000000 0.000000 267.515000 1032.960000 62.000000 3.520000 230.001000 -1.000000 0.000000
2013-12-31T02:00:00Z 275.565000 1035.230000 89.000000 4.940000 263.501000 -1.000000 0.000000 270.322000 1034.750000 77.000000 4.280000 247.002000 -1.000000 0.000000 268.315000 1025.260000 50.000000 2.570000 232.001000 -1.000000 0.000000 273.072000 1035.160000 93.000000 5.050000 249.502000 -1.000000 0.000000 267.515000 1032.960000 62.000000 3.520000 230.001000 -1.000000 0.000000
2013-12-31T01:00:00Z 275.565000 1035.230000 89.000000 4.940000 263.501000 -1.000000 0.000000 269.265000 1034.010000 72.000000 4.220000 242.501000 -1.000000 0.000000 273.572000 1031.180000 73.000000 4.300000 254.502000 -1.000000 0.000000 273.072000 1035.160000 93.000000 5.050000 249.502000 -1.000000 0.000000 267.247000 1033.370000 63.000000 3.230000 232.002000 -1.000000 0.000000
2013-12-31T00:00:00Z 276.328000 1035.560000 90.000000 5.130000 263.500000 -1.000000 0.000000 271.554000 1034.940000 76.000000 3.710000 261.000000 -1.000000 0.000000 269.628000 1025.830000 52.000000 2.480000 244.500000 -1.000000 0.000000 272.879000 1035.590000 86.000000 4.410000 244.500000 -1.000000 0.000000 268.729000 1033.810000 71.000000 2.060000 248.000000 -1.000000 0.000000
2014-01-04T07:00:00Z 277.158000 1034.620000 100.000000 4.310000 327.506000 -1.000000 88.000000 273.853000 1033.450000 85.000000 2.420000 351.505000 -1.000000 80.000000 273.703000 1022.840000 75.000000 3.220000 290.005000 -1.000000 32.000000 272.783000 1034.700000 89.000000 1.660000 3.505740 -1.000000 80.000000 274.158000 1036.400000 88.000000 3.860000 29.505700 -1.000000 0.000000
2014-01-04T06:00:00Z 276.303000 1033.210000 97.000000 4.270000 308.005000 -1.000000 8.000000 273.853000 1033.450000 85.000000 2.420000 351.505000 -1.000000 80.000000 273.703000 1022.840000 75.000000 3.220000 290.005000 -1.000000 32.000000 270.528000 1032.970000 82.000000 2.820000 3.004700 -1.000000 0.000000 274.158000 1036.400000 88.000000 3.860000 29.505700 -1.000000 0.000000
2014-01-04T05:00:00Z 276.303000 1033.210000 97.000000 4.270000 308.005000 -1.000000 8.000000 273.853000 1033.450000 85.000000 2.420000 351.505000 -1.000000 80.000000 273.703000 1022.840000 75.000000 3.220000 290.005000 -1.000000 32.000000 270.528000 1032.970000 82.000000 2.820000 3.004700 -1.000000 0.000000 274.453000 1035.240000 89.000000 4.320000 27.504700 -1.000000 0.000000
2014-01-04T04:00:00Z 276.303000 1033.210000 97.000000 4.270000 308.005000 -1.000000 8.000000 273.853000 1033.450000 85.000000 2.420000 351.505000 -1.000000 80.000000 273.703000 1022.840000 75.000000 3.220000 290.005000 -1.000000 32.000000 270.528000 1032.970000 82.000000 2.820000 3.004700 -1.000000 0.000000 274.453000 1035.240000 89.000000 4.320000 27.504700 -1.000000 0.000000
2014-01-04T03:00:00Z 277.520000 1032.540000 97.000000 4.760000 287.500000 -1.000000 0.000000 271.570000 1032.790000 85.000000 2.110000 347.500000 -1.000000 12.000000 274.895000 1022.410000 71.000000 3.960000 292.000000 -1.000000 0.000000 271.945000 1032.140000 86.000000 1.410000 299.500000 -1.000000 0.000000 275.245000 1034.570000 88.000000 4.560000 28.500000 -1.000000 0.000000
2014-01-04T02:00:00Z 277.520000 1032.540000 97.000000 4.760000 287.500000 -1.000000 0.000000 271.570000 1032.790000 85.000000 2.110000 347.500000 -1.000000 12.000000 274.895000 1022.410000 71.000000 3.960000 292.000000 -1.000000 0.000000 271.945000 1032.140000 86.000000 1.410000 299.500000 -1.000000 0.000000 275.245000 1034.570000 88.000000 4.560000 28.500000 -1.000000 0.000000
2014-01-04T01:00:00Z 277.520000 1032.540000 97.000000 4.760000 287.500000 -1.000000 0.000000 271.570000 1032.790000 85.000000 2.110000 347.500000 -1.000000 12.000000 274.895000 1022.410000 71.000000 3.960000 292.000000 -1.000000 0.000000 271.945000 1032.140000 86.000000 1.410000 299.500000 -1.000000 0.000000 275.245000 1034.570000 88.000000 4.560000 28.500000 -1.000000 0.000000
2014-01-04T00:00:00Z 277.494000 1031.770000 91.000000 4.220000 306.003000 -1.000000 24.000000 272.419000 1031.690000 80.000000 1.420000 7.002690 -1.000000 24.000000 275.469000 1021.880000 72.000000 3.870000 294.503000 -1.000000 0.000000 276.219000 1031.120000 80.000000 3.820000 300.503000 -1.000000 80.000000 274.419000 1033.310000 84.000000 4.570000 27.502700 -1.000000 0.000000
2014-01-03T23:00:00Z 277.494000 1031.770000 91.000000 4.220000 306.003000 -1.000000 24.000000 272.419000 1031.690000 80.000000 1.420000 7.002690 -1.000000 24.000000 275.469000 1021.880000 72.000000 3.870000 294.503000 -1.000000 0.000000 276.219000 1031.120000 80.000000 3.820000 300.503000 -1.000000 80.000000 274.419000 1033.310000 84.000000 4.570000 27.502700 -1.000000 0.000000
2014-01-03T22:00:00Z 277.494000 1031.770000 91.000000 4.220000 306.003000 -1.000000 24.000000 272.419000 1031.690000 80.000000 1.420000 7.002690 -1.000000 24.000000 275.469000 1021.880000 72.000000 3.870000 294.503000 -1.000000 0.000000 276.219000 1031.120000 80.000000 3.820000 300.503000 -1.000000 80.000000 274.419000 1033.310000 84.000000 4.570000 27.502700 -1.000000 0.000000
2014-01-03T21:00:00Z 280.221000 1030.860000 69.000000 3.770000 315.502000 -1.000000 0.000000 276.246000 1031.100000 73.000000 3.520000 15.002500 -1.000000 0.000000 277.096000 1020.970000 66.000000 3.170000 296.002000 -1.000000 0.000000 277.796000 1030.620000 70.000000 4.370000 287.502000 -1.000000 0.000000 275.521000 1032.240000 86.000000 3.420000 11.502500 -1.000000 0.000000
2014-01-03T20:00:00Z 280.221000 1030.860000 69.000000 3.770000 315.502000 -1.000000 0.000000 276.246000 1031.100000 73.000000 3.520000 15.002500 -1.000000 0.000000 277.096000 1020.970000 66.000000 3.170000 296.002000 -1.000000 0.000000 277.796000 1030.620000 70.000000 4.370000 287.502000 -1.000000 0.000000 275.521000 1032.240000 86.000000 3.420000 11.502500 -1.000000 0.000000
2014-01-13T02:00:00Z 274.266000 1046.050000 100.000000 4.170000 23.003000 -1.000000 0.000000 273.966000 1046.370000 90.000000 3.970000 26.503000 -1.000000 24.000000 275.278000 1041.720000 98.000000 3.710000 45.500100 -1.000000 0.000000 274.478000 1046.590000 92.000000 4.110000 46.500100 -1.000000 44.000000 272.516000 1048.560000 78.000000 3.640000 34.003000 -1.000000 80.000000
2014-01-13T01:00:00Z 275.166000 1046.240000 100.000000 4.130000 31.500100 -1.000000 0.000000 275.398000 1046.920000 100.000000 4.750000 18.500900 -1.000000 32.000000 277.398000 1041.730000 90.000000 4.350000 67.500900 -1.000000 24.000000 275.848000 1046.600000 83.000000 4.300000 50.500900 -1.000000 36.000000 274.373000 1048.620000 78.000000 4.000000 37.000900 -1.000000 76.000000
2014-01-13T00:00:00Z 275.166000 1046.240000 100.000000 4.130000 31.500100 -1.000000 0.000000 275.398000 1046.920000 100.000000 4.750000 18.500900 -1.000000 32.000000 277.398000 1041.730000 90.000000 4.350000 67.500900 -1.000000 24.000000 275.848000 1046.600000 83.000000 4.300000 50.500900 -1.000000 36.000000 274.373000 1048.620000 78.000000 4.000000 37.000900 -1.000000 76.000000
2014-01-12T23:00:00Z 275.166000 1046.240000 100.000000 4.130000 31.500100 -1.000000 0.000000 275.398000 1046.920000 100.000000 4.750000 18.500900 -1.000000 32.000000 274.941000 1035.380000 86.000000 2.430000 58.500100 -1.000000 68.000000 275.848000 1046.600000 83.000000 4.300000 50.500900 -1.000000 36.000000 274.373000 1048.620000 78.000000 4.000000 37.000900 -1.000000 76.000000
2014-01-12T22:00:00Z 275.166000 1046.240000 100.000000 4.130000 31.500100 -1.000000 0.000000 275.398000 1046.920000 100.000000 4.750000 18.500900 -1.000000 32.000000 277.398000 1041.730000 90.000000 4.350000 67.500900 -1.000000 24.000000 275.891000 1045.590000 79.000000 4.380000 61.000100 -1.000000 64.000000 274.373000 1048.620000 78.000000 4.000000 37.000900 -1.000000 76.000000
2014-01-12T21:00:00Z 278.209000 1045.740000 82.000000 5.250000 52.500200 -1.000000 0.000000 276.490000 1044.700000 97.000000 3.560000 44.000100 0.000000 56.000000 274.359000 1034.560000 84.000000 1.300000 342.000000 -1.000000 64.000000 275.590000 1044.050000 87.000000 2.310000 335.500000 0.000000 76.000000 275.109000 1047.770000 76.000000 4.350000 34.500200 -1.000000 88.000000
2014-01-12T20:00:00Z 278.209000 1045.740000 82.000000 5.250000 52.500200 -1.000000 0.000000 276.490000 1044.700000 97.000000 3.560000 44.000100 0.000000 56.000000 274.359000 1034.560000 84.000000 1.300000 342.000000 -1.000000 64.000000 275.590000 1044.050000 87.000000 2.310000 335.500000 0.000000 76.000000 275.109000 1047.770000 76.000000 4.350000 34.500200 -1.000000 88.000000
2014-01-12T19:00:00Z 278.209000 1045.740000 82.000000 5.250000 52.500200 -1.000000 0.000000 276.490000 1044.700000 97.000000 3.560000 44.000100 0.000000 56.000000 274.359000 1034.560000 84.000000 1.300000 342.000000 -1.000000 64.000000 275.590000 1044.050000 87.000000 2.310000 335.500000 0.000000 76.000000 276.190000 1045.670000 86.000000 4.710000 20.000100 -1.000000 56.000000
2014-01-20T20:00:00Z 276.665000 1042.850000 68.000000 5.860000 330.502000 -1.000000 0.000000 275.388000 1043.220000 77.000000 6.700000 318.000000 -1.000000 0.000000 275.363000 1039.330000 67.000000 5.700000 321.500000 -1.000000 0.000000 273.513000 1043.630000 56.000000 4.900000 320.500000 -1.000000 0.000000 270.738000 1043.220000 49.000000 3.900000 314.000000 -1.000000 0.000000
2014-01-20T19:00:00Z 276.665000 1042.850000 68.000000 5.860000 330.502000 -1.000000 0.000000 275.388000 1043.220000 77.000000 6.700000 318.000000 -1.000000 0.000000 275.363000 1039.330000 67.000000 5.700000 321.500000 -1.000000 0.000000 273.513000 1043.630000 56.000000 4.900000 320.500000 -1.000000 0.000000 270.738000 1043.220000 49.000000 3.900000 314.000000 -1.000000 0.000000
2014-01-20T18:00:00Z 280.427000 1041.120000 52.000000 7.160000 322.506000 -1.000000 0.000000 278.489000 1041.060000 62.000000 7.960000 312.001000 -1.000000 0.000000 278.839000 1037.420000 58.000000 6.910000 314.501000 -1.000000 0.000000 277.714000 1041.710000 41.000000 6.610000 316.001000 -1.000000 0.000000 275.839000 1041.230000 38.000000 6.510000 317.001000 -1.000000 0.000000
2014-01-20T17:00:00Z 280.427000 1041.120000 52.000000 7.160000 322.506000 -1.000000 0.000000 278.489000 1041.060000 62.000000 7.960000 312.001000 -1.000000 0.000000 278.839000 1037.420000 58.000000 6.910000 314.501000 -1.000000 0.000000 277.714000 1041.710000 41.000000 6.610000 316.001000 -1.000000 0.000000 275.839000 1041.230000 38.000000 6.510000 317.001000 -1.000000 0.000000
2014-01-20T16:00:00Z 279.160000 1041.360000 57.000000 7.870000 315.502000 -1.000000 0.000000 281.110000 1039.840000 57.000000 7.710000 319.501000 -1.000000 0.000000 278.839000 1037.420000 58.000000 6.910000 314.501000 -1.000000 0.000000 282.635000 1040.130000 43.000000 6.370000 328.000000 -1.000000 0.000000 278.860000 1040.080000 42.000000 7.510000 313.001000 -1.000000 0.000000
2014-01-20T15:00:00Z 281.837000 1040.130000 56.000000 7.850000 318.502000 -1.000000 0.000000 281.110000 1039.840000 57.000000 7.710000 319.501000 -1.000000 0.000000 281.260000 1036.600000 60.000000 7.060000 317.001000 -1.000000 0.000000 282.635000 1040.130000 43.000000 6.370000 328.000000 -1.000000 0.000000 278.860000 1040.080000 42.000000 7.510000 313.001000 -1.000000 0.000000
2014-01-20T14:00:00Z 281.837000 1040.130000 56.000000 7.850000 318.502000 -1.000000 0.000000 281.110000 1039.840000 57.000000 7.710000 319.501000 -1.000000 0.000000 281.687000 1030.240000 47.000000 6.150000 317.502000 -1.000000 0.000000 280.810000 1040.730000 44.000000 6.960000 320.501000 -1.000000 0.000000 278.860000 1040.080000 42.000000 7.510000 313.001000 -1.000000 0.000000
2014-01-20T13:00:00Z 281.837000 1040.130000 56.000000 7.850000 318.502000 -1.000000 0.000000 281.110000 1039.840000 57.000000 7.710000 319.501000 -1.000000 0.000000 281.687000 1030.240000 47.000000 6.150000 317.502000 -1.000000 0.000000 280.837000 1040.210000 48.000000 6.550000 320.002000 -1.000000 0.000000 278.860000 1040.080000 42.000000 7.510000 313.001000 -1.000000 0.000000
2014-01-20T12:00:00Z 280.829000 1040.850000 68.000000 7.270000 293.500000 -1.000000 0.000000 280.854000 1040.610000 55.000000 5.920000 311.500000 -1.000000 12.000000 281.404000 1030.960000 53.000000 5.570000 292.000000 -1.000000 0.000000 279.825000 1041.530000 58.000000 6.360000 327.001000 -1.000000 20.000000 277.825000 1041.120000 51.000000 5.910000 320.001000 -1.000000 0.000000
2014-01-20T11:00:00Z 280.829000 1040.850000 68.000000 7.270000 293.500000 -1.000000 0.000000 280.854000 1040.610000 55.000000 5.920000 311.500000 -1.000000 12.000000 280.025000 1037.310000 75.000000 7.010000 290.501000 -1.000000 0.000000 279.825000 1041.530000 58.000000 6.360000 327.001000 -1.000000 20.000000 277.825000 1041.120000 51.000000 5.910000 320.001000 -1.000000 0.000000
2014-01-20T10:00:00Z 280.829000 1040.850000 68.000000 7.270000 293.500000 -1.000000 0.000000 280.500000 1040.480000 70.000000 6.460000 308.001000 -1.000000 12.000000 280.025000 1037.310000 75.000000 7.010000 290.501000 -1.000000 0.000000 279.825000 1041.530000 58.000000 6.360000 327.001000 -1.000000 20.000000 277.679000 1041.090000 47.000000 5.920000 317.500000 -1.000000 0.000000
2014-01-20T09:00:00Z 277.233000 1040.080000 89.000000 5.810000 283.002000 -1.000000 20.000000 276.135000 1039.870000 92.000000 5.250000 286.000000 -1.000000 0.000000 275.160000 1036.540000 91.000000 5.900000 274.000000 -1.000000 8.000000 273.860000 1040.110000 78.000000 4.900000 282.000000 -1.000000 0.000000 271.110000 1039.870000 70.000000 5.350000 304.500000 -1.000000 0.000000
2014-01-31T11:00:00Z 290.092000 1032.680000 70.000000 6.030000 137.501000 -1.000000 0.000000 290.117000 1033.090000 75.000000 6.280000 141.501000 -1.000000 0.000000 288.287000 1028.260000 87.000000 2.600000 125.000000 -1.000000 0.000000 289.237000 1032.230000 81.000000 5.800000 141.000000 -1.000000 0.000000 284.562000 1033.850000 91.000000 6.700000 142.000000 -1.000000 32.000000
2014-01-31T10:00:00Z 290.092000 1032.680000 70.000000 6.030000 137.501000 -1.000000 0.000000 290.117000 1033.090000 75.000000 6.280000 141.501000 -1.000000 0.000000 288.287000 1028.260000 87.000000 2.600000 125.000000 -1.000000 0.000000 289.237000 1032.230000 81.000000 5.800000 141.000000 -1.000000 0.000000 284.562000 1033.850000 91.000000 6.700000 142.000000 -1.000000 32.000000
2014-01-31T09:00:00Z 283.243000 1033.770000 94.000000 6.160000 124.000000 -1.000000 0.000000 282.048000 1034.860000 94.000000 6.180000 125.000000 -1.000000 0.000000 288.287000 1028.260000 87.000000 2.600000 125.000000 -1.000000 0.000000 281.823000 1032.670000 95.000000 5.850000 129.500000 -1.000000 12.000000 279.823000 1034.620000 99.000000 5.930000 132.000000 -1.000000 88.000000
2014-01-31T08:00:00Z 283.243000 1033.770000 94.000000 6.160000 124.000000 -1.000000 0.000000 282.048000 1034.860000 94.000000 6.180000 125.000000 -1.000000 0.000000 280.723000 1028.860000 94.000000 3.450000 113.500000 -1.000000 12.000000 281.823000 1032.670000 95.000000 5.850000 129.500000 -1.000000 12.000000 279.823000 1034.620000 99.000000 5.930000 132.000000 -1.000000 88.000000
2014-01-31T07:00:00Z 283.243000 1033.770000 94.000000 6.160000 124.000000 -1.000000 0.000000 282.048000 1034.860000 94.000000 6.180000 125.000000 -1.000000 0.000000 280.723000 1028.860000 94.000000 3.450000 113.500000 -1.000000 12.000000 281.823000 1032.670000 95.000000 5.850000 129.500000 -1.000000 12.000000 279.823000 1034.620000 99.000000 5.930000 132.000000 -1.000000 88.000000
2014-01-31T06:00:00Z 283.243000 1033.770000 94.000000 6.160000 124.000000 -1.000000 0.000000 282.048000 1034.860000 94.000000 6.180000 125.000000 -1.000000 0.000000 274.992000 1022.420000 87.000000 1.160000 86.000700 -1.000000 0.000000 281.823000 1032.670000 95.000000 5.850000 129.500000 -1.000000 12.000000 279.823000 1034.620000 99.000000 5.930000 132.000000 -1.000000 88.000000
2014-01-31T05:00:00Z 282.067000 1033.440000 94.000000 5.860000 116.001000 -1.000000 0.000000 280.914000 1034.530000 94.000000 5.860000 118.000000 -1.000000 0.000000 279.814000 1028.850000 94.000000 3.380000 109.500000 -1.000000 0.000000 280.339000 1032.740000 94.000000 5.330000 127.500000 -1.000000 0.000000 278.267000 1034.340000 97.000000 5.340000 122.501000 -1.000000 80.000000
2014-01-31T04:00:00Z 282.067000 1033.440000 94.000000 5.860000 116.001000 -1.000000 0.000000 280.914000 1034.530000 94.000000 5.860000 118.000000 -1.000000 0.000000 279.814000 1028.850000 94.000000 3.380000 109.500000 -1.000000 0.000000 280.339000 1032.740000 94.000000 5.330000 127.500000 -1.000000 0.000000 278.564000 1034.690000 99.000000 5.330000 122.500000 -1.000000 80.000000
2014-01-31T03:00:00Z 281.480000 1033.480000 93.000000 5.740000 111.502000 -1.000000 0.000000 280.586000 1034.550000 94.000000 5.530000 122.500000 -1.000000 0.000000 280.686000 1028.550000 93.000000 3.980000 102.500000 -1.000000 0.000000 279.686000 1032.520000 81.000000 4.510000 118.500000 -1.000000 0.000000 277.786000 1034.630000 97.000000 5.160000 109.500000 -1.000000 56.000000
2014-01-31T02:00:00Z 281.480000 1033.480000 93.000000 5.740000 111.502000 -1.000000 0.000000 280.586000 1034.550000 94.000000 5.530000 122.500000 -1.000000 0.000000 280.686000 1028.550000 93.000000 3.980000 102.500000 -1.000000 0.000000 279.686000 1032.520000 81.000000 4.510000 118.500000 -1.000000 0.000000 277.786000 1034.630000 97.000000 5.160000 109.500000 -1.000000 56.000000
2014-01-31T01:00:00Z 281.480000 1033.480000 93.000000 5.740000 111.502000 -1.000000 0.000000 280.586000 1034.550000 94.000000 5.530000 122.500000 -1.000000 0.000000 280.686000 1028.550000 93.000000 3.980000 102.500000 -1.000000 0.000000 279.686000 1032.520000 81.000000 4.510000 118.500000 -1.000000 0.000000 277.786000 1034.630000 97.000000 5.160000 109.500000 -1.000000 56.000000
2014-01-31T00:00:00Z 281.381000 1033.230000 80.000000 4.170000 108.002000 -1.000000 0.000000 280.921000 1034.150000 89.000000 5.700000 110.500000 -1.000000 0.000000 282.546000 1028.560000 89.000000 4.150000 109.500000 -1.000000 0.000000 279.996000 1032.370000 76.000000 3.050000 112.500000 -1.000000 0.000000 279.606000 1034.530000 96.000000 4.870000 99.001700 -1.000000 32.000000
2014-02-02T17:00:00Z 292.752000 1021.520000 60.000000 1.470000 151.501000 -1.000000 0.000000 290.232000 1022.840000 72.000000 0.650000 102.500000 -1.000000 56.000000 292.132000 1017.650000 81.000000 1.050000 46.000100 -1.000000 20.000000 287.354000 1021.530000 85.000000 2.000000 120.002000 -1.000000 0.000000 289.982000 1023.650000 75.000000 3.250000 351.500000 0.000000 56.000000
2014-02-02T16:00:00Z 292.752000 1021.520000 60.000000 1.470000 151.501000 -1.000000 0.000000 290.232000 1022.840000 72.000000 0.650000 102.500000 -1.000000 56.000000 292.779000 1018.330000 85.000000 1.650000 113.000000 -1.000000 0.000000 292.754000 1022.220000 91.000000 2.250000 161.000000 -1.000000 12.000000 289.982000 1023.650000 75.000000 3.250000 351.500000 0.000000 56.000000
2014-02-02T15:00:00Z 292.890000 1022.420000 73.000000 1.830000 177.501000 -1.000000 0.000000 290.029000 1023.110000 78.000000 1.700000 158.500000 -1.000000 56.000000 292.779000 1018.330000 85.000000 1.650000 113.000000 -1.000000 0.000000 292.754000 1022.220000 91.000000 2.250000 161.000000 -1.000000 12.000000 291.854000 1023.030000 84.000000 2.630000 259.500000 0.000000 20.000000
2014-02-02T14:00:00Z 292.890000 1022.420000 73.000000 1.830000 177.501000 -1.000000 0.000000 290.029000 1023.110000 78.000000 1.700000 158.500000 -1.000000 56.000000 292.779000 1018.330000 85.000000 1.650000 113.000000 -1.000000 0.000000 293.065000 1021.290000 92.000000 2.030000 151.001000 -1.000000 44.000000 291.854000 1023.030000 84.000000 2.630000 259.500000 0.000000 20.000000
2014-02-02T13:00:00Z 292.890000 1022.420000 73.000000 1.830000 177.501000 -1.000000 0.000000 290.029000 1023.110000 78.000000 1.700000 158.500000 -1.000000 56.000000 292.779000 1018.330000 85.000000 1.650000 113.000000 -1.000000 0.000000 293.065000 1021.290000 92.000000 2.030000 151.001000 -1.000000 44.000000 291.854000 1023.030000 84.000000 2.630000 259.500000 0.000000 20.000000
2014-02-02T12:00:00Z 287.926000 1025.620000 90.000000 1.700000 119.001000 -1.000000 20.000000 286.178000 1026.060000 90.000000 1.900000 114.500000 -1.000000 68.000000 288.728000 1021.270000 96.000000 1.750000 106.500000 -1.000000 20.000000 288.653000 1025.170000 100.000000 2.050000 140.000000 -1.000000 68.000000 288.728000 1025.410000 97.000000 2.000000 211.000000 0.000000 8.000000
2014-02-02T11:00:00Z 287.926000 1025.620000 90.000000 1.700000 119.001000 -1.000000 20.000000 286.178000 1026.060000 90.000000 1.900000 114.500000 -1.000000 68.000000 288.728000 1021.270000 96.000000 1.750000 106.500000 -1.000000 20.000000 288.653000 1025.170000 100.000000 2.050000 140.000000 -1.000000 68.000000 288.176000 1025.220000 90.000000 2.050000 240.501000 -1.000000 24.000000
2014-02-02T10:00:00Z 287.926000 1025.620000 90.000000 1.700000 119.001000 -1.000000 20.000000 286.178000 1026.060000 90.000000 1.900000 114.500000 -1.000000 68.000000 288.728000 1021.270000 96.000000 1.750000 106.500000 -1.000000 20.000000 289.026000 1024.320000 100.000000 2.000000 121.501000 -1.000000 68.000000 288.176000 1025.220000 90.000000 2.050000 240.501000 -1.000000 24.000000
2014-02-02T09:00:00Z 287.926000 1025.620000 90.000000 1.700000 119.001000 -1.000000 20.000000 283.920000 1026.730000 97.000000 2.150000 74.500200 -1.000000 88.000000 282.845000 1021.780000 88.000000 1.150000 148.000000 -1.000000 44.000000 284.095000 1025.590000 91.000000 1.100000 352.000000 -1.000000 80.000000 281.620000 1026.080000 87.000000 1.350000 229.000000 0.000000 8.000000
2014-02-02T08:00:00Z 284.609000 1026.040000 95.000000 1.080000 282.000000 -1.000000 80.000000 283.920000 1026.730000 97.000000 2.150000 74.500200 -1.000000 88.000000 282.209000 1015.660000 84.000000 1.180000 160.000000 -1.000000 0.000000 284.095000 1025.590000 91.000000 1.100000 352.000000 -1.000000 80.000000 281.620000 1026.080000 87.000000 1.350000 229.000000 0.000000 8.000000
2014-02-02T07:00:00Z 284.609000 1026.040000 95.000000 1.080000 282.000000 -1.000000 80.000000 283.920000 1026.730000 97.000000 2.150000 74.500200 -1.000000 88.000000 282.845000 1021.780000 88.000000 1.150000 148.000000 -1.000000 44.000000 284.095000 1025.590000 91.000000 1.100000 352.000000 -1.000000 80.000000 281.620000 1026.080000 87.000000 1.350000 229.000000 0.000000 8.000000
2014-02-02T06:00:00Z 282.052000 1025.560000 89.000000 1.140000 268.502000 -1.000000 44.000000 281.930000 1025.840000 90.000000 0.800000 60.500000 -1.000000 76.000000 281.505000 1021.390000 87.000000 1.150000 249.000000 -1.000000 0.000000 281.355000 1025.030000 87.000000 1.230000 234.500000 -1.000000 12.000000 281.302000 1025.400000 93.000000 1.290000 251.502000 -1.000000 24.000000
2014-03-10T23:00:00Z 279.509000 1040.840000 90.000000 6.210000 133.006000 -1.000000 0.000000 278.759000 1040.840000 77.000000 5.360000 143.506000 -1.000000 0.000000 278.159000 1029.330000 75.000000 3.360000 130.006000 -1.000000 0.000000 279.209000 1038.570000 67.000000 5.410000 137.506000 -1.000000 0.000000 278.809000 1040.110000 82.000000 4.860000 144.506000 -1.000000 0.000000
2014-03-10T22:00:00Z 281.210000 1040.260000 72.000000 5.810000 133.003000 -1.000000 0.000000 278.759000 1040.840000 77.000000 5.360000 143.506000 -1.000000 0.000000 278.159000 1029.330000 75.000000 3.360000 130.006000 -1.000000 0.000000 279.209000 1038.570000 67.000000 5.410000 137.506000 -1.000000 0.000000 278.809000 1040.110000 82.000000 4.860000 144.506000 -1.000000 0.000000
2014-03-10T21:00:00Z 281.210000 1040.260000 72.000000 5.810000 133.003000 -1.000000 0.000000 281.210000 1039.780000 62.000000 4.660000 140.503000 -1.000000 0.000000 281.260000 1029.160000 64.000000 4.110000 103.003000 -1.000000 32.000000 280.860000 1037.990000 61.000000 4.310000 133.503000 -1.000000 0.000000 278.809000 1040.110000 82.000000 4.860000 144.506000 -1.000000 0.000000
2014-03-10T20:00:00Z 281.210000 1040.260000 72.000000 5.810000 133.003000 -1.000000 0.000000 281.210000 1039.780000 62.000000 4.660000 140.503000 -1.000000 0.000000 281.260000 1029.160000 64.000000 4.110000 103.003000 -1.000000 32.000000 280.860000 1037.990000 61.000000 4.310000 133.503000 -1.000000 0.000000 281.210000 1039.370000 69.000000 4.960000 135.003000 -1.000000 0.000000
2014-03-10T19:00:00Z 281.210000 1040.260000 72.000000 5.810000 133.003000 -1.000000 0.000000 287.561000 1039.180000 53.000000 2.630000 139.500000 -1.000000 0.000000 281.260000 1029.160000 64.000000 4.110000 103.003000 -1.000000 32.000000 280.860000 1037.990000 61.000000 4.310000 133.503000 -1.000000 0.000000 281.210000 1039.370000 69.000000 4.960000 135.003000 -1.000000 0.000000
2014-03-10T18:00:00Z 286.311000 1039.420000 60.000000 3.480000 143.000000 -1.000000 0.000000 287.561000 1039.180000 53.000000 2.630000 139.500000 -1.000000 0.000000 281.260000 1029.160000 64.000000 4.110000 103.003000 -1.000000 32.000000 280.860000 1037.990000 61.000000 4.310000 133.503000 -1.000000 0.000000 287.611000 1038.940000 57.000000 2.730000 152.500000 -1.000000 0.000000
2014-03-10T17:00:00Z 286.311000 1039.420000 60.000000 3.480000 143.000000 -1.000000 0.000000 287.561000 1039.180000 53.000000 2.630000 139.500000 -1.000000 0.000000 281.260000 1029.160000 64.000000 4.110000 103.003000 -1.000000 32.000000 280.860000 1037.990000 61.000000 4.310000 133.503000 -1.000000 0.000000 287.611000 1038.940000 57.000000 2.730000 152.500000 -1.000000 0.000000
2014-03-10T16:00:00Z 286.311000 1039.420000 60.000000 3.480000 143.000000 -1.000000 0.000000 286.704000 1039.920000 51.000000 3.800000 121.010000 -1.000000 56.000000 286.850000 1029.890000 64.000000 3.910000 134.003000 -1.000000 36.000000 280.860000 1037.990000 61.000000 4.310000 133.503000 -1.000000 0.000000 287.611000 1038.940000 57.000000 2.730000 152.500000 -1.000000 0.000000
2014-03-10T15:00:00Z 287.000000 1040.830000 68.000000 3.310000 137.503000 -1.000000 0.000000 286.704000 1039.920000 51.000000 3.800000 121.010000 -1.000000 56.000000 286.850000 1029.890000 64.000000 3.910000 134.003000 -1.000000 36.000000 288.550000 1039.050000 57.000000 4.760000 133.503000 -1.000000 44.000000 287.750000 1040.590000 64.000000 3.810000 160.503000 -1.000000 0.000000
2014-03-10T14:00:00Z 287.000000 1040.830000 68.000000 3.310000 137.503000 -1.000000 0.000000 288.200000 1040.590000 60.000000 3.160000 129.003000 -1.000000 20.000000 286.850000 1029.890000 64.000000 3.910000 134.003000 -1.000000 36.000000 288.550000 1039.050000 57.000000 4.760000 133.503000 -1.000000 44.000000 287.750000 1040.590000 64.000000 3.810000 160.503000 -1.000000 0.000000
2014-03-10T13:00:00Z 285.100000 1042.180000 76.000000 4.370000 136.000000 -1.000000 0.000000 288.200000 1040.590000 60.000000 3.160000 129.003000 -1.000000 20.000000 286.850000 1029.890000 64.000000 3.910000 134.003000 -1.000000 36.000000 288.550000 1039.050000 57.000000 4.760000 133.503000 -1.000000 44.000000 287.750000 1040.590000 64.000000 3.810000 160.503000 -1.000000 0.000000
2014-03-10T12:00:00Z 285.100000 1042.180000 76.000000 4.370000 136.000000 -1.000000 0.000000 288.200000 1040.590000 60.000000 3.160000 129.003000 -1.000000 20.000000 286.850000 1029.890000 64.000000 3.910000 134.003000 -1.000000 36.000000 288.550000 1039.050000 57.000000 4.760000 133.503000 -1.000000 44.000000 284.950000 1042.260000 71.000000 4.870000 146.500000 -1.000000 0.000000
2014-03-19T06:00:00Z 284.393000 1026.980000 100.000000 5.310000 62.500500 5.000000 100.000000 282.348000 1027.610000 98.000000 4.420000 73.002900 1.500000 92.000000 285.398000 1015.690000 94.000000 2.170000 78.002900 1.000000 92.000000 282.298000 1026.150000 100.000000 5.070000 60.002900 6.000000 92.000000 281.543000 1030.140000 82.000000 4.630000 73.500500 -1.000000 88.000000
2014-03-19T05:00:00Z 284.148000 1026.070000 98.000000 5.970000 76.502900 2.500000 92.000000 282.348000 1027.610000 98.000000 4.420000 73.002900 1.500000 92.000000 285.398000 1015.690000 94.000000 2.170000 78.002900 1.000000 92.000000 282.298000 1026.150000 100.000000 5.070000 60.002900 6.000000 92.000000 280.448000 1031.090000 84.000000 3.720000 40.502900 -1.000000 92.000000
2014-03-19T04:00:00Z 284.385000 1028.090000 88.000000 4.970000 69.503500 0.500000 92.000000 282.585000 1028.740000 79.000000 4.820000 80.503500 -1.000000 68.000000 286.935000 1016.660000 78.000000 2.820000 70.503500 -1.000000 64.000000 283.485000 1026.960000 82.000000 5.570000 88.003500 0.500000 92.000000 280.285000 1030.530000 80.000000 4.520000 66.003500 -1.000000 64.000000
2014-03-19T03:00:00Z 284.385000 1028.090000 88.000000 4.970000 69.503500 0.500000 92.000000 282.585000 1028.740000 79.000000 4.820000 80.503500 -1.000000 68.000000 286.935000 1016.660000 78.000000 2.820000 70.503500 -1.000000 64.000000 283.485000 1026.960000 82.000000 5.570000 88.003500 0.500000 92.000000 280.285000 1030.530000 80.000000 4.520000 66.003500 -1.000000 64.000000
2014-03-19T02:00:00Z 284.385000 1028.090000 88.000000 4.970000 69.503500 0.500000 92.000000 282.585000 1028.740000 79.000000 4.820000 80.503500 -1.000000 68.000000 286.935000 1016.660000 78.000000 2.820000 70.503500 -1.000000 64.000000 283.485000 1026.960000 82.000000 5.570000 88.003500 0.500000 92.000000 280.285000 1030.530000 80.000000 4.520000 66.003500 -1.000000 64.000000
2014-03-19T01:00:00Z 284.385000 1028.090000 88.000000 4.970000 69.503500 0.500000 92.000000 282.585000 1028.740000 79.000000 4.820000 80.503500 -1.000000 68.000000 286.935000 1016.660000 78.000000 2.820000 70.503500 -1.000000 64.000000 283.485000 1026.960000 82.000000 5.570000 88.003500 0.500000 92.000000 280.285000 1030.530000 80.000000 4.520000 66.003500 -1.000000 64.000000
2014-03-19T00:00:00Z 285.507000 1028.990000 84.000000 6.510000 67.001000 -1.000000 56.000000 282.907000 1030.120000 75.000000 5.910000 66.501000 -1.000000 36.000000 289.307000 1017.720000 70.000000 3.710000 88.001000 -1.000000 68.000000 285.607000 1027.850000 61.000000 6.960000 66.001000 -1.000000 64.000000 280.285000 1030.530000 80.000000 4.520000 66.003500 -1.000000 64.000000
2014-03-18T23:00:00Z 285.507000 1028.990000 84.000000 6.510000 67.001000 -1.000000 56.000000 282.907000 1030.120000 75.000000 5.910000 66.501000 -1.000000 36.000000 289.307000 1017.720000 70.000000 3.710000 88.001000 -1.000000 68.000000 285.607000 1027.850000 61.000000 6.960000 66.001000 -1.000000 64.000000 280.307000 1032.230000 73.000000 4.710000 79.501000 -1.000000 56.000000
2014-03-18T22:00:00Z 285.507000 1028.990000 84.000000 6.510000 67.001000 -1.000000 56.000000 282.907000 1030.120000 75.000000 5.910000 66.501000 -1.000000 36.000000 289.307000 1017.720000 70.000000 3.710000 88.001000 -1.000000 68.000000 285.607000 1027.850000 61.000000 6.960000 66.001000 -1.000000 64.000000 280.307000 1032.230000 73.000000 4.710000 79.501000 -1.000000 56.000000
2014-03-18T21:00:00Z 285.507000 1028.990000 84.000000 6.510000 67.001000 -1.000000 56.000000 285.843000 1029.720000 64.000000 6.270000 56.001300 -1.000000 0.000000 292.043000 1016.990000 58.000000 3.320000 112.501000 -1.000000 76.000000 285.607000 1027.850000 61.000000 6.960000 66.001000 -1.000000 64.000000 280.843000 1032.550000 66.000000 5.320000 64.001300 -1.000000 8.000000
2014-03-18T20:00:00Z 290.793000 1028.260000 60.000000 6.920000 77.001300 -1.000000 8.000000 285.843000 1029.720000 64.000000 6.270000 56.001300 -1.000000 0.000000 292.043000 1016.990000 58.000000 3.320000 112.501000 -1.000000 76.000000 289.443000 1027.450000 56.000000 7.270000 59.501300 -1.000000 36.000000 280.843000 1032.550000 66.000000 5.320000 64.001300 -1.000000 8.000000
2014-03-18T19:00:00Z 290.793000 1028.260000 60.000000 6.920000 77.001300 -1.000000 8.000000 285.843000 1029.720000 64.000000 6.270000 56.001300 -1.000000 0.000000 292.043000 1016.990000 58.000000 3.320000 112.501000 -1.000000 76.000000 289.443000 1027.450000 56.000000 7.270000 59.501300 -1.000000 36.000000 280.843000 1032.550000 66.000000 5.320000 64.001300 -1.000000 8.000000
2014-04-18T04:00:00Z 287.045000 1026.660000 99.000000 3.220000 37.500900 0.000000 20.000000 284.845000 1026.660000 96.000000 2.520000 14.500900 0.000000 0.000000 290.880000 1014.000000 95.000000 1.820000 341.001000 0.000000 76.000000 287.950000 1024.160000 93.000000 1.230000 34.503300 0.000000 92.000000 284.445000 1027.950000 96.000000 3.220000 25.500900 -1.000000 88.000000
2014-04-18T03:00:00Z 288.432000 1025.810000 96.000000 3.950000 19.508200 0.000000 0.000000 289.979000 1023.070000 97.000000 3.110000 7.000000 0.000000 8.000000 290.532000 1015.680000 95.000000 0.950000 33.008200 0.000000 80.000000 287.994000 1023.640000 92.000000 1.260000 35.000200 0.000000 24.000000 285.229000 1023.800000 94.000000 4.010000 354.000000 0.000000 0.000000
2014-04-18T02:00:00Z 288.432000 1025.810000 96.000000 3.950000 19.508200 0.000000 0.000000 289.979000 1023.070000 97.000000 3.110000 7.000000 0.000000 8.000000 290.532000 1015.680000 95.000000 0.950000 33.008200 0.000000 80.000000 287.994000 1023.640000 92.000000 1.260000 35.000200 0.000000 24.000000 285.229000 1023.800000 94.000000 4.010000 354.000000 0.000000 0.000000
2014-04-18T01:00:00Z 289.544000 1024.690000 99.000000 1.260000 94.500200 0.000000 76.000000 287.044000 1024.930000 95.000000 1.460000 48.500200 0.000000 8.000000 290.532000 1015.680000 95.000000 0.950000 33.008200 0.000000 80.000000 287.994000 1023.640000 92.000000 1.260000 35.000200 0.000000 24.000000 285.229000 1023.800000 94.000000 4.010000 354.000000 0.000000 0.000000
2014-04-18T00:00:00Z 292.354000 1022.090000 94.000000 2.900000 266.000000 0.000000 20.000000 289.548000 1025.490000 90.000000 3.410000 0.001160 0.000000 8.000000 290.786000 1014.760000 98.000000 1.220000 94.500200 0.000000 76.000000 289.186000 1024.000000 93.000000 1.420000 87.500200 0.000000 36.000000 285.836000 1026.270000 91.000000 2.820000 31.500200 -1.000000 32.000000
2014-04-17T23:00:00Z 292.354000 1022.090000 94.000000 2.900000 266.000000 0.000000 20.000000 289.486000 1025.140000 97.000000 1.770000 112.500000 0.000000 12.000000 290.786000 1014.760000 98.000000 1.220000 94.500200 0.000000 76.000000 289.698000 1024.680000 86.000000 2.680000 8.501160 0.000000 20.000000 286.254000 1022.570000 95.000000 1.950000 336.000000 0.000000 0.000000
2014-04-17T22:00:00Z 292.354000 1022.090000 94.000000 2.900000 266.000000 0.000000 20.000000 289.486000 1025.140000 97.000000 1.770000 112.500000 0.000000 12.000000 290.786000 1014.760000 98.000000 1.220000 94.500200 0.000000 76.000000 289.698000 1024.680000 86.000000 2.680000 8.501160 0.000000 20.000000 286.254000 1022.570000 95.000000 1.950000 336.000000 0.000000 0.000000
2014-04-17T21:00:00Z 290.353000 1023.700000 91.000000 1.430000 307.501000 0.000000 0.000000 292.203000 1023.700000 84.000000 2.600000 310.501000 0.000000 48.000000 292.792000 1010.640000 96.000000 1.570000 237.502000 0.000000 92.000000 293.053000 1022.970000 80.000000 2.700000 355.501000 0.000000 56.000000 290.166000 1024.760000 78.000000 3.460000 24.500600 -1.000000 32.000000
2014-04-17T20:00:00Z 290.353000 1023.700000 91.000000 1.430000 307.501000 0.000000 0.000000 293.692000 1019.890000 95.000000 4.570000 273.002000 0.000000 92.000000 291.566000 1013.570000 96.000000 1.410000 66.500600 0.000000 64.000000 293.053000 1022.970000 80.000000 2.700000 355.501000 0.000000 56.000000 289.492000 1020.540000 90.000000 3.670000 346.002000 0.000000 48.000000
2014-04-17T19:00:00Z 293.608000 1022.480000 88.000000 2.660000 298.009000 0.000000 0.000000 293.545000 1022.210000 89.000000 1.960000 48.000700 0.500000 88.000000 293.995000 1011.910000 94.000000 1.860000 67.000700 0.000000 56.000000 295.982000 1017.280000 88.000000 5.270000 272.505000 0.000000 92.000000 293.545000 1022.690000 77.000000 2.210000 17.500700 -1.000000 68.000000
2014-04-17T18:00:00Z 293.608000 1022.480000 88.000000 2.660000 298.009000 0.000000 0.000000 293.545000 1022.210000 89.000000 1.960000 48.000700 0.500000 88.000000 293.995000 1011.910000 94.000000 1.860000 67.000700 0.000000 56.000000 295.982000 1017.280000 88.000000 5.270000 272.505000 0.000000 92.000000 293.545000 1022.690000 77.000000 2.210000 17.500700 -1.000000 68.000000
2014-04-17T17:00:00Z 293.182000 1018.900000 94.000000 5.120000 270.005000 12.000000 88.000000 293.545000 1022.210000 89.000000 1.960000 48.000700 0.500000 88.000000 293.995000 1011.910000 94.000000 1.860000 67.000700 0.000000 56.000000 295.982000 1017.280000 88.000000 5.270000 272.505000 0.000000 92.000000 293.545000 1022.690000 77.000000 2.210000 17.500700 -1.000000 68.000000
2014-05-22T04:00:00Z 295.112000 1020.760000 63.000000 7.510000 163.500000 -1.000000 92.000000 291.212000 1021.240000 82.000000 3.160000 114.500000 -1.000000 88.000000 292.153000 1010.630000 79.000000 2.560000 164.000000 -1.000000 92.000000 290.412000 1020.110000 83.000000 1.760000 70.000400 -1.000000 8.000000 289.653000 1021.890000 85.000000 1.610000 144.000000 -1.000000 8.000000
2014-05-22T03:00:00Z 293.734000 1021.170000 78.000000 4.750000 119.508000 -1.000000 92.000000 292.434000 1021.420000 75.000000 3.900000 126.008000 -1.000000 92.000000 291.934000 1010.640000 83.000000 1.650000 121.008000 -1.000000 92.000000 293.434000 1019.630000 72.000000 3.700000 117.008000 -1.000000 92.000000 291.734000 1021.820000 85.000000 1.350000 149.508000 -1.000000 44.000000
2014-05-22T02:00:00Z 293.734000 1021.170000 78.000000 4.750000 119.508000 -1.000000 92.000000 292.434000 1021.420000 75.000000 3.900000 126.008000 -1.000000 92.000000 291.934000 1010.640000 83.000000 1.650000 121.008000 -1.000000 92.000000 293.434000 1019.630000 72.000000 3.700000 117.008000 -1.000000 92.000000 291.734000 1021.820000 85.000000 1.350000 149.508000 -1.000000 44.000000
2014-05-22T01:00:00Z 293.734000 1021.170000 78.000000 4.750000 119.508000 -1.000000 92.000000 292.434000 1021.420000 75.000000 3.900000 126.008000 -1.000000 92.000000 291.934000 1010.640000 83.000000 1.650000 121.008000 -1.000000 92.000000 293.434000 1019.630000 72.000000 3.700000 117.008000 -1.000000 92.000000 291.734000 1021.820000 85.000000 1.350000 149.508000 -1.000000 44.000000
2014-05-22T00:00:00Z 294.630000 1021.880000 74.000000 5.250000 120.504000 -1.000000 88.000000 293.480000 1021.960000 67.000000 4.250000 133.004000 -1.000000 80.000000 293.130000 1011.100000 77.000000 2.300000 99.503800 -1.000000 92.000000 294.630000 1020.100000 65.000000 4.250000 126.504000 -1.000000 88.000000 294.130000 1021.880000 77.000000 2.050000 147.504000 -1.000000 56.000000
2014-05-21T23:00:00Z 294.630000 1021.880000 74.000000 5.250000 120.504000 -1.000000 88.000000 293.480000 1021.960000 67.000000 4.250000 133.004000 -1.000000 80.000000 293.130000 1011.100000 77.000000 2.300000 99.503800 -1.000000 92.000000 294.630000 1020.100000 65.000000 4.250000 126.504000 -1.000000 88.000000 294.130000 1021.880000 77.000000 2.050000 147.504000 -1.000000 56.000000
2014-05-21T22:00:00Z 294.037000 1021.580000 73.000000 5.460000 117.002000 -1.000000 92.000000 293.037000 1021.980000 63.000000 4.260000 125.002000 -1.000000 88.000000 293.187000 1010.960000 73.000000 2.010000 101.502000 -1.000000 92.000000 294.187000 1020.280000 58.000000 4.160000 127.502000 -1.000000 92.000000 294.537000 1022.310000 65.000000 4.210000 148.502000 -1.000000 68.000000
2014-05-21T21:00:00Z 295.132000 1020.610000 65.000000 5.260000 124.005000 -1.000000 92.000000 296.332000 1020.850000 52.000000 4.860000 135.005000 -1.000000 92.000000 294.832000 1009.830000 65.000000 3.660000 95.505300 -1.000000 92.000000 296.732000 1018.580000 62.000000 4.360000 133.005000 -1.000000 92.000000 297.332000 1020.850000 61.000000 4.660000 140.005000 -1.000000 56.000000
2014-05-21T20:00:00Z 295.132000 1020.610000 65.000000 5.260000 124.005000 -1.000000 92.000000 296.332000 1020.850000 52.000000 4.860000 135.005000 -1.000000 92.000000 294.832000 1009.830000 65.000000 3.660000 95.505300 -1.000000 92.000000 296.732000 1018.580000 62.000000 4.360000 133.005000 -1.000000 92.000000 297.332000 1020.850000 61.000000 4.660000 140.005000 -1.000000 56.000000
2014-05-21T19:00:00Z 295.132000 1020.610000 65.000000 5.260000 124.005000 -1.000000 92.000000 296.332000 1020.850000 52.000000 4.860000 135.005000 -1.000000 92.000000 294.832000 1009.830000 65.000000 3.660000 95.505300 -1.000000 92.000000 296.177000 1019.320000 67.000000 3.810000 128.001000 -1.000000 68.000000 297.332000 1020.850000 61.000000 4.660000 140.005000 -1.000000 56.000000
2014-05-21T18:00:00Z 299.645000 1020.660000 60.000000 4.910000 138.008000 -1.000000 88.000000 301.245000 1020.410000 57.000000 4.010000 130.008000 -1.000000 80.000000 298.095000 1010.440000 67.000000 3.410000 114.008000 -1.000000 92.000000 300.195000 1018.790000 58.000000 4.260000 139.508000 -1.000000 88.000000 302.845000 1020.090000 57.000000 3.660000 152.008000 -1.000000 44.000000
2014-05-21T17:00:00Z 299.645000 1020.660000 60.000000 4.910000 138.008000 -1.000000 88.000000 301.245000 1020.410000 57.000000 4.010000 130.008000 -1.000000 80.000000 298.095000 1010.440000 67.000000 3.410000 114.008000 -1.000000 92.000000 300.195000 1018.790000 58.000000 4.260000 139.508000 -1.000000 88.000000 302.845000 1020.090000 57.000000 3.660000 152.008000 -1.000000 44.000000
2014-06-28T20:00:00Z 298.958000 1017.730000 85.000000 0.760000 104.000000 0.000000 92.000000 298.808000 1017.810000 75.000000 3.310000 50.000000 0.000000 48.000000 297.708000 1008.000000 90.000000 1.310000 77.500000 0.000000 68.000000 299.320000 1017.610000 78.000000 1.060000 40.501400 -1.000000 92.000000 295.358000 1019.030000 74.000000 2.710000 64.000000 0.000000 44.000000
2014-06-28T19:00:00Z 297.270000 1019.150000 93.000000 2.110000 134.501000 -1.000000 88.000000 297.070000 1019.150000 94.000000 2.110000 82.501400 0.500000 100.000000 297.708000 1008.000000 90.000000 1.310000 77.500000 0.000000 68.000000 298.158000 1016.840000 72.000000 1.760000 15.500000 0.000000 48.000000 296.270000 1019.310000 59.000000 2.710000 120.001000 0.000000 12.000000
2014-06-28T18:00:00Z 300.843000 1016.260000 81.000000 1.710000 2.001560 0.000000 88.000000 300.613000 1017.720000 77.000000 1.660000 73.500900 -1.000000 92.000000 297.863000 1008.400000 86.000000 1.860000 186.001000 -1.000000 100.000000 301.993000 1015.450000 66.000000 2.510000 19.001600 0.000000 64.000000 302.163000 1018.120000 54.000000 2.510000 76.500900 0.000000 36.000000
2014-06-28T17:00:00Z 299.463000 1018.120000 84.000000 1.210000 229.001000 -1.000000 100.000000 301.743000 1016.260000 70.000000 2.260000 13.001600 0.000000 92.000000 297.863000 1008.400000 86.000000 1.860000 186.001000 -1.000000 100.000000 301.413000 1016.500000 74.000000 1.060000 6.000950 -1.000000 92.000000 300.693000 1017.230000 65.000000 3.560000 34.001600 0.000000 0.000000
2014-06-28T16:00:00Z 300.162000 1018.380000 83.000000 1.860000 185.003000 -1.000000 92.000000 300.912000 1018.380000 80.000000 1.510000 112.503000 -1.000000 92.000000 300.785000 1007.730000 87.000000 1.870000 60.500200 0.000000 56.000000 301.512000 1017.240000 78.000000 1.210000 123.003000 -1.000000 88.000000 300.693000 1017.230000 65.000000 3.560000 34.001600 0.000000 0.000000
2014-06-28T15:00:00Z 300.162000 1018.380000 83.000000 1.860000 185.003000 -1.000000 92.000000 300.912000 1018.380000 80.000000 1.510000 112.503000 -1.000000 92.000000 300.785000 1007.730000 87.000000 1.870000 60.500200 0.000000 56.000000 301.512000 1017.240000 78.000000 1.210000 123.003000 -1.000000 88.000000 300.693000 1017.230000 65.000000 3.560000 34.001600 0.000000 0.000000
2014-06-28T14:00:00Z 301.085000 1017.380000 85.000000 1.870000 332.500000 0.000000 80.000000 300.912000 1018.380000 80.000000 1.510000 112.503000 -1.000000 92.000000 300.785000 1007.730000 87.000000 1.870000 60.500200 0.000000 56.000000 302.235000 1016.650000 75.000000 2.420000 355.000000 0.000000 92.000000 303.262000 1018.700000 61.000000 3.060000 69.002800 0.000000 24.000000
2014-06-28T13:00:00Z 300.162000 1018.380000 83.000000 1.860000 185.003000 -1.000000 92.000000 300.912000 1018.380000 80.000000 1.510000 112.503000 -1.000000 92.000000 298.412000 1008.820000 89.000000 1.860000 156.003000 -1.000000 88.000000 301.512000 1017.240000 78.000000 1.210000 123.003000 -1.000000 88.000000 301.685000 1018.280000 75.000000 3.120000 29.000200 0.000000 0.000000
2014-06-28T12:00:00Z 299.977000 1019.810000 87.000000 1.070000 138.006000 -1.000000 80.000000 299.827000 1019.720000 85.000000 1.670000 301.006000 -1.000000 92.000000 297.977000 1010.320000 89.000000 1.870000 119.506000 -1.000000 88.000000 300.477000 1018.590000 84.000000 2.020000 35.505900 -1.000000 92.000000 301.677000 1019.720000 83.000000 2.120000 45.005900 0.000000 20.000000
2014-11-07T01:00:00Z 284.000000 1039.280000 100.000000 4.760000 9.006590 -1.000000 8.000000 282.325000 1039.440000 91.000000 4.160000 1.506590 -1.000000 12.000000 281.999000 1028.390000 92.000000 2.020000 21.000600 -1.000000 8.000000 282.399000 1038.760000 93.000000 3.920000 31.500600 -1.000000 0.000000 278.500000 1041.550000 89.000000 3.410000 344.507000 -1.000000 20.000000
2014-11-07T00:00:00Z 284.000000 1039.280000 100.000000 4.760000 9.006590 -1.000000 8.000000 282.325000 1039.440000 91.000000 4.160000 1.506590 -1.000000 12.000000 281.999000 1028.390000 92.000000 2.020000 21.000600 -1.000000 8.000000 282.399000 1038.760000 93.000000 3.920000 31.500600 -1.000000 0.000000 282.628000 1040.470000 87.000000 4.130000 26.500000 -1.000000 20.000000
2014-11-06T23:00:00Z 286.778000 1037.950000 96.000000 4.610000 26.500000 -1.000000 0.000000 284.903000 1038.440000 92.000000 3.960000 20.500000 -1.000000 0.000000 284.528000 1027.660000 91.000000 3.010000 46.000000 -1.000000 8.000000 284.828000 1037.790000 79.000000 4.610000 42.500000 -1.000000 0.000000 282.628000 1040.470000 87.000000 4.130000 26.500000 -1.000000 20.000000
2014-11-06T22:00:00Z 287.514000 1038.230000 83.000000 6.300000 27.503300 -1.000000 0.000000 284.903000 1038.440000 92.000000 3.960000 20.500000 -1.000000 0.000000 284.528000 1027.660000 91.000000 3.010000 46.000000 -1.000000 12.000000 285.689000 1038.230000 67.000000 5.900000 40.503300 -1.000000 0.000000 282.628000 1040.470000 87.000000 4.130000 26.500000 -1.000000 20.000000
2014-11-06T21:00:00Z 287.514000 1038.230000 83.000000 6.300000 27.503300 -1.000000 0.000000 285.789000 1038.630000 72.000000 5.450000 20.503300 -1.000000 0.000000 287.864000 1027.360000 64.000000 4.600000 33.503300 -1.000000 56.000000 285.689000 1038.230000 67.000000 5.900000 40.503300 -1.000000 0.000000 282.539000 1040.660000 72.000000 4.450000 20.503300 -1.000000 0.000000
2014-11-06T20:00:00Z 287.514000 1038.230000 83.000000 6.300000 27.503300 -1.000000 0.000000 285.789000 1038.630000 72.000000 5.450000 20.503300 -1.000000 0.000000 287.864000 1027.360000 64.000000 4.600000 33.503300 -1.000000 56.000000 285.689000 1038.230000 67.000000 5.900000 40.503300 -1.000000 0.000000 282.539000 1040.660000 72.000000 4.450000 20.503300 -1.000000 0.000000
2014-11-06T19:00:00Z 287.514000 1038.230000 83.000000 6.300000 27.503300 -1.000000 0.000000 285.789000 1038.630000 72.000000 5.450000 20.503300 -1.000000 0.000000 287.864000 1027.360000 64.000000 4.600000 33.503300 -1.000000 56.000000 285.689000 1038.230000 67.000000 5.900000 40.503300 -1.000000 0.000000 282.539000 1040.660000 72.000000 4.450000 20.503300 -1.000000 0.000000
2014-11-06T18:00:00Z 291.177000 1035.610000 64.000000 6.870000 25.500300 -1.000000 12.000000 288.977000 1036.340000 61.000000 6.820000 27.000300 -1.000000 0.000000 289.952000 1025.240000 59.000000 3.420000 2.000270 -1.000000 0.000000 289.652000 1035.370000 59.000000 5.520000 35.000300 -1.000000 24.000000 285.577000 1039.260000 63.000000 5.820000 24.500300 -1.000000 0.000000
2014-11-06T17:00:00Z 291.177000 1035.610000 64.000000 6.870000 25.500300 -1.000000 12.000000 288.977000 1036.340000 61.000000 6.820000 27.000300 -1.000000 0.000000 289.952000 1025.240000 59.000000 3.420000 2.000270 -1.000000 0.000000 289.652000 1035.370000 59.000000 5.520000 35.000300 -1.000000 24.000000 285.577000 1039.260000 63.000000 5.820000 24.500300 -1.000000 0.000000
2014-11-06T16:00:00Z 291.177000 1035.610000 64.000000 6.870000 25.500300 -1.000000 12.000000 288.977000 1036.340000 61.000000 6.820000 27.000300 -1.000000 0.000000 289.952000 1025.240000 59.000000 3.420000 2.000270 -1.000000 0.000000 289.652000 1035.370000 59.000000 5.520000 35.000300 -1.000000 24.000000 285.577000 1039.260000 63.000000 5.820000 24.500300 -1.000000 0.000000
2014-11-06T15:00:00Z 291.177000 1035.610000 64.000000 6.870000 25.500300 -1.000000 12.000000 288.977000 1036.340000 61.000000 6.820000 27.000300 -1.000000 0.000000 289.952000 1025.240000 59.000000 3.420000 2.000270 -1.000000 0.000000 289.652000 1035.370000 59.000000 5.520000 35.000300 -1.000000 24.000000 285.577000 1039.260000 63.000000 5.820000 24.500300 -1.000000 0.000000
2014-11-06T14:00:00Z 293.798000 1034.610000 61.000000 5.210000 356.003000 -1.000000 0.000000 291.539000 1036.970000 68.000000 3.960000 338.009000 -1.000000 12.000000 291.669000 1026.190000 63.000000 4.360000 326.501000 -1.000000 0.000000 290.714000 1037.130000 79.000000 3.310000 334.509000 1.000000 0.000000 289.373000 1037.930000 60.000000 7.810000 24.503500 -1.000000 0.000000
2014-11-12T15:00:00Z 288.861000 1035.440000 56.000000 6.610000 325.003000 -1.000000 56.000000 288.761000 1035.200000 39.000000 6.710000 327.503000 -1.000000 68.000000 288.636000 1025.390000 53.000000 4.810000 320.003000 -1.000000 8.000000 289.136000 1035.030000 49.000000 5.960000 312.003000 -1.000000 48.000000 285.461000 1036.170000 43.000000 7.360000 328.503000 -1.000000 36.000000
2014-11-12T14:00:00Z 288.861000 1035.440000 56.000000 6.610000 325.003000 -1.000000 56.000000 288.761000 1035.200000 39.000000 6.710000 327.503000 -1.000000 68.000000 288.636000 1025.390000 53.000000 4.810000 320.003000 -1.000000 8.000000 289.136000 1035.030000 49.000000 5.960000 312.003000 -1.000000 48.000000 285.461000 1036.170000 43.000000 7.360000 328.503000 -1.000000 36.000000
2014-11-12T13:00:00Z 288.861000 1035.440000 56.000000 6.610000 325.003000 -1.000000 56.000000 288.761000 1035.200000 39.000000 6.710000 327.503000 -1.000000 68.000000 288.636000 1025.390000 53.000000 4.810000 320.003000 -1.000000 8.000000 289.136000 1035.030000 49.000000 5.960000 312.003000 -1.000000 48.000000 285.461000 1036.170000 43.000000 7.360000 328.503000 -1.000000 36.000000
2014-11-12T12:00:00Z 288.322000 1035.430000 62.000000 6.320000 338.506000 -1.000000 0.000000 288.372000 1035.190000 43.000000 6.270000 338.506000 -1.000000 0.000000 288.122000 1025.700000 60.000000 4.220000 334.506000 -1.000000 24.000000 288.597000 1035.270000 58.000000 4.120000 324.506000 -1.000000 0.000000 285.822000 1035.920000 56.000000 6.120000 328.506000 -1.000000 0.000000
2014-11-12T11:00:00Z 288.322000 1035.430000 62.000000 6.320000 338.506000 -1.000000 0.000000 288.372000 1035.190000 43.000000 6.270000 338.506000 -1.000000 0.000000 288.122000 1025.700000 60.000000 4.220000 334.506000 -1.000000 24.000000 288.597000 1035.270000 58.000000 4.120000 324.506000 -1.000000 0.000000 285.822000 1035.920000 56.000000 6.120000 328.506000 -1.000000 0.000000
2014-11-12T10:00:00Z 288.322000 1035.430000 62.000000 6.320000 338.506000 -1.000000 0.000000 288.372000 1035.190000 43.000000 6.270000 338.506000 -1.000000 0.000000 288.122000 1025.700000 60.000000 4.220000 334.506000 -1.000000 24.000000 288.597000 1035.270000 58.000000 4.120000 324.506000 -1.000000 0.000000 285.822000 1035.920000 56.000000 6.120000 328.506000 -1.000000 0.000000
2014-11-12T09:00:00Z 284.979000 1035.190000 84.000000 5.810000 341.001000 -1.000000 0.000000 283.554000 1034.940000 60.000000 5.410000 335.001000 -1.000000 0.000000 284.679000 1025.460000 84.000000 3.460000 326.001000 -1.000000 0.000000 282.279000 1034.940000 80.000000 3.310000 338.001000 -1.000000 0.000000 280.379000 1035.190000 63.000000 4.760000 313.001000 -1.000000 44.000000
2014-11-12T08:00:00Z 284.979000 1035.190000 84.000000 5.810000 341.001000 -1.000000 0.000000 283.554000 1034.940000 60.000000 5.410000 335.001000 -1.000000 0.000000 284.679000 1025.460000 84.000000 3.460000 326.001000 -1.000000 0.000000 282.279000 1034.940000 80.000000 3.310000 338.001000 -1.000000 0.000000 280.379000 1035.190000 63.000000 4.760000 313.001000 -1.000000 44.000000
2014-11-12T07:00:00Z 284.979000 1035.190000 84.000000 5.810000 341.001000 -1.000000 0.000000 283.554000 1034.940000 60.000000 5.410000 335.001000 -1.000000 0.000000 284.679000 1025.460000 84.000000 3.460000 326.001000 -1.000000 0.000000 282.279000 1034.940000 80.000000 3.310000 338.001000 -1.000000 0.000000 280.379000 1035.190000 63.000000 4.760000 313.001000 -1.000000 44.000000
2014-11-12T06:00:00Z 285.645000 1033.180000 99.000000 5.990000 303.000000 -1.000000 0.000000 282.520000 1033.180000 91.000000 4.840000 323.500000 -1.000000 0.000000 282.645000 1023.050000 89.000000 3.060000 288.500000 -1.000000 0.000000 281.045000 1033.420000 88.000000 3.710000 339.000000 -1.000000 0.000000 280.320000 1033.830000 62.000000 4.990000 322.000000 -1.000000 0.000000
2014-11-12T05:00:00Z 285.645000 1033.180000 99.000000 5.990000 303.000000 -1.000000 0.000000 282.520000 1033.180000 91.000000 4.840000 323.500000 -1.000000 0.000000 282.645000 1023.050000 89.000000 3.060000 288.500000 -1.000000 0.000000 281.045000 1033.420000 88.000000 3.710000 339.000000 -1.000000 0.000000 280.320000 1033.830000 62.000000 4.990000 322.000000 -1.000000 0.000000
2014-11-12T04:00:00Z 285.645000 1033.180000 99.000000 5.990000 303.000000 -1.000000 0.000000 282.520000 1033.180000 91.000000 4.840000 323.500000 -1.000000 0.000000 282.645000 1023.050000 89.000000 3.060000 288.500000 -1.000000 0.000000 281.045000 1033.420000 88.000000 3.710000 339.000000 -1.000000 0.000000 280.320000 1033.830000 62.000000 4.990000 322.000000 -1.000000 0.000000
2014-11-17T13:00:00Z 287.500000 1040.430000 65.000000 6.360000 352.503000 -1.000000 56.000000 287.350000 1040.100000 52.000000 6.460000 356.503000 -1.000000 76.000000 286.250000 1030.370000 49.000000 5.260000 345.503000 -1.000000 20.000000 285.900000 1040.510000 46.000000 5.460000 2.502990 -1.000000 68.000000 287.000000 1041.400000 50.000000 5.260000 352.003000 -1.000000 8.000000
2014-11-17T12:00:00Z 285.895000 1041.040000 69.000000 6.410000 339.505000 -1.000000 48.000000 286.245000 1041.290000 52.000000 6.110000 340.005000 -1.000000 36.000000 286.250000 1030.370000 49.000000 5.260000 345.503000 -1.000000 20.000000 285.745000 1041.530000 55.000000 5.010000 352.505000 -1.000000 44.000000 287.000000 1041.400000 50.000000 5.260000 352.003000 -1.000000 8.000000
2014-11-17T11:00:00Z 285.895000 1041.040000 69.000000 6.410000 339.505000 -1.000000 48.000000 286.245000 1041.290000 52.000000 6.110000 340.005000 -1.000000 36.000000 285.445000 1031.150000 55.000000 4.910000 336.005000 -1.000000 8.000000 285.745000 1041.530000 55.000000 5.010000 352.505000 -1.000000 44.000000 285.289000 1042.480000 72.000000 4.420000 323.501000 -1.000000 48.000000
2014-11-17T10:00:00Z 285.895000 1041.040000 69.000000 6.410000 339.505000 -1.000000 48.000000 286.245000 1041.290000 52.000000 6.110000 340.005000 -1.000000 36.000000 285.445000 1031.150000 55.000000 4.910000 336.005000 -1.000000 8.000000 285.745000 1041.530000 55.000000 5.010000 352.505000 -1.000000 44.000000 285.289000 1042.480000 72.000000 4.420000 323.501000 -1.000000 48.000000
2014-11-17T09:00:00Z 282.064000 1041.020000 86.000000 5.610000 346.501000 -1.000000 0.000000 280.364000 1041.020000 62.000000 5.260000 336.001000 -1.000000 0.000000 281.914000 1031.130000 70.000000 3.410000 338.501000 -1.000000 0.000000 279.514000 1041.020000 71.000000 4.260000 348.501000 -1.000000 8.000000 277.914000 1041.750000 70.000000 4.760000 323.001000 -1.000000 36.000000
2014-11-17T08:00:00Z 282.064000 1041.020000 86.000000 5.610000 346.501000 -1.000000 0.000000 280.525000 1040.900000 60.000000 5.010000 336.501000 -1.000000 8.000000 281.914000 1031.130000 70.000000 3.410000 338.501000 -1.000000 0.000000 279.514000 1041.020000 71.000000 4.260000 348.501000 -1.000000 8.000000 277.914000 1041.750000 70.000000 4.760000 323.001000 -1.000000 36.000000
2014-11-17T07:00:00Z 282.064000 1041.020000 86.000000 5.610000 346.501000 -1.000000 0.000000 280.525000 1040.900000 60.000000 5.010000 336.501000 -1.000000 8.000000 281.914000 1031.130000 70.000000 3.410000 338.501000 -1.000000 0.000000 278.656000 1040.130000 81.000000 4.660000 350.500000 -1.000000 0.000000 277.914000 1041.750000 70.000000 4.760000 323.001000 -1.000000 36.000000
2014-11-17T06:00:00Z 281.588000 1039.100000 88.000000 5.200000 350.501000 -1.000000 68.000000 279.582000 1040.210000 72.000000 5.010000 344.000000 -1.000000 0.000000 280.438000 1028.970000 77.000000 3.450000 345.501000 -1.000000 36.000000 278.656000 1040.130000 81.000000 4.660000 350.500000 -1.000000 0.000000 275.556000 1041.020000 66.000000 4.660000 315.500000 -1.000000 0.000000
2014-11-17T05:00:00Z 282.357000 1039.970000 95.000000 5.860000 348.500000 -1.000000 12.000000 279.913000 1039.100000 59.000000 4.300000 338.001000 -1.000000 64.000000 281.082000 1029.840000 85.000000 3.260000 335.000000 -1.000000 44.000000 278.656000 1040.130000 81.000000 4.660000 350.500000 -1.000000 0.000000 276.138000 1040.310000 70.000000 4.200000 324.501000 -1.000000 0.000000
2014-11-17T04:00:00Z 282.357000 1039.970000 95.000000 5.860000 348.500000 -1.000000 12.000000 279.582000 1040.210000 72.000000 5.010000 344.000000 -1.000000 0.000000 281.082000 1029.840000 85.000000 3.260000 335.000000 -1.000000 44.000000 279.188000 1039.180000 74.000000 3.550000 345.001000 -1.000000 8.000000 275.556000 1041.020000 66.000000 4.660000 315.500000 -1.000000 0.000000
