2013-06-11T22:00:00Z 294.221000 1021.720000 89.000000 3.860000 301.501000 -1.000000 88.000000 293.121000 1021.480000 86.000000 3.610000 304.501000 -1.000000 88.000000 292.071000 1012.310000 88.000000 2.860000 306.001000 -1.000000 92.000000 292.971000 1021.960000 85.000000 3.510000 302.001000 -1.000000 88.000000 291.071000 1022.210000 98.000000 2.410000 328.501000 0.500000 92.000000
2013-06-11T21:00:00Z 294.889000 1020.590000 85.000000 3.560000 316.026000 -1.000000 92.000000 294.039000 1020.340000 82.000000 2.210000 303.026000 -1.000000 92.000000 292.689000 1011.270000 88.000000 2.410000 317.026000 -1.000000 92.000000 294.089000 1020.750000 79.000000 2.760000 301.026000 -1.000000 92.000000 292.039000 1020.830000 91.000000 2.910000 343.026000 1.500000 92.000000
2013-06-11T20:00:00Z 294.889000 1020.590000 85.000000 3.560000 316.026000 -1.000000 92.000000 294.039000 1020.340000 82.000000 2.210000 303.026000 -1.000000 92.000000 292.689000 1011.270000 88.000000 2.410000 317.026000 -1.000000 92.000000 294.089000 1020.750000 79.000000 2.760000 301.026000 -1.000000 92.000000 292.039000 1020.830000 91.000000 2.910000 343.026000 1.500000 92.000000
2013-06-11T19:00:00Z 294.889000 1020.590000 85.000000 3.560000 316.026000 -1.000000 92.000000 294.039000 1020.340000 82.000000 2.210000 303.026000 -1.000000 92.000000 292.689000 1011.270000 88.000000 2.410000 317.026000 -1.000000 92.000000 294.089000 1020.750000 79.000000 2.760000 301.026000 -1.000000 92.000000 292.039000 1020.830000 91.000000 2.910000 343.026000 1.500000 92.000000
2013-06-11T18:00:00Z 294.889000 1020.590000 85.000000 3.560000 316.026000 -1.000000 92.000000 294.039000 1020.340000 82.000000 2.210000 303.026000 -1.000000 92.000000 292.689000 1011.270000 88.000000 2.410000 317.026000 -1.000000 92.000000 294.089000 1020.750000 79.000000 2.760000 301.026000 -1.000000 92.000000 292.039000 1020.830000 91.000000 2.910000 343.026000 1.500000 92.000000
2013-06-11T17:00:00Z 296.324000 1019.040000 82.000000 4.480000 327.016000 -1.000000 92.000000 296.274000 1019.040000 75.000000 3.880000 323.516000 -1.000000 92.000000 294.224000 1009.720000 84.000000 3.680000 336.516000 0.250000 92.000000 295.524000 1019.600000 78.000000 3.780000 316.016000 -1.000000 92.000000 294.824000 1019.440000 80.000000 2.980000 342.016000 -1.000000 92.000000
2013-06-11T16:00:00Z 296.324000 1019.040000 82.000000 4.480000 327.016000 -1.000000 92.000000 296.274000 1019.040000 75.000000 3.880000 323.516000 -1.000000 92.000000 294.224000 1009.720000 84.000000 3.680000 336.516000 0.250000 92.000000 295.524000 1019.600000 78.000000 3.780000 316.016000 -1.000000 92.000000 294.824000 1019.440000 80.000000 2.980000 342.016000 -1.000000 92.000000
2013-06-11T15:00:00Z 296.748000 1019.030000 82.000000 4.760000 329.505000 -1.000000 92.000000 296.848000 1019.030000 77.000000 4.110000 331.505000 -1.000000 80.000000 295.048000 1009.700000 83.000000 3.910000 337.005000 -1.000000 100.000000 296.198000 1019.590000 78.000000 4.110000 328.505000 -1.000000 92.000000 296.448000 1019.590000 75.000000 3.010000 353.005000 -1.000000 88.000000
2013-06-11T14:00:00Z 296.482000 1017.740000 81.000000 4.560000 297.000000 -1.000000 100.000000 296.982000 1017.250000 75.000000 3.910000 301.500000 -1.000000 100.000000 295.032000 1008.340000 86.000000 2.210000 306.500000 -1.000000 100.000000 296.482000 1017.820000 77.000000 3.860000 304.000000 -1.000000 92.000000 296.782000 1017.330000 76.000000 3.410000 357.000000 -1.000000 92.000000
2013-06-11T13:00:00Z 296.482000 1017.740000 81.000000 4.560000 297.000000 -1.000000 100.000000 296.982000 1017.250000 75.000000 3.910000 301.500000 -1.000000 100.000000 295.032000 1008.340000 86.000000 2.210000 306.500000 -1.000000 100.000000 296.482000 1017.820000 77.000000 3.860000 304.000000 -1.000000 92.000000 296.782000 1017.330000 76.000000 3.410000 357.000000 -1.000000 92.000000
2013-06-11T12:00:00Z 296.490000 1017.870000 81.000000 3.670000 303.002000 -1.000000 100.000000 296.840000 1017.630000 78.000000 3.120000 312.502000 -1.000000 92.000000 294.490000 1008.630000 89.000000 2.620000 318.002000 -1.000000 100.000000 295.840000 1018.110000 79.000000 3.420000 336.002000 -1.000000 92.000000 296.290000 1017.710000 76.000000 3.920000 0.501587 -1.000000 92.000000
2013-06-11T11:00:00Z 296.490000 1017.870000 81.000000 3.670000 303.002000 -1.000000 100.000000 296.840000 1017.630000 78.000000 3.120000 312.502000 -1.000000 92.000000 294.490000 1008.630000 89.000000 2.620000 318.002000 -1.000000 100.000000 295.840000 1018.110000 79.000000 3.420000 336.002000 -1.000000 92.000000 296.290000 1017.710000 76.000000 3.920000 0.501587 -1.000000 92.000000
2013-11-20T21:00:00Z 281.259000 1034.520000 87.000000 1.270000 111.000000 -1.000000 0.000000 282.336000 1035.030000 86.000000 3.280000 76.500200 -1.000000 0.000000 281.436000 1029.930000 81.000000 2.780000 126.500000 -1.000000 8.000000 279.411000 1033.900000 73.000000 2.150000 129.000000 -1.000000 0.000000 279.236000 1035.930000 69.000000 4.130000 83.000200 -1.000000 0.000000
2013-11-20T20:00:00Z 281.259000 1034.520000 87.000000 1.270000 111.000000 -1.000000 0.000000 281.845000 1036.280000 94.000000 4.140000 107.501000 -1.000000 8.000000 280.670000 1031.340000 87.000000 2.560000 74.500500 -1.000000 32.000000 278.695000 1035.150000 77.000000 2.640000 132.501000 -1.000000 20.000000 279.236000 1035.930000 69.000000 4.130000 83.000200 -1.000000 0.000000
2013-11-20T19:00:00Z 281.259000 1034.520000 87.000000 1.270000 111.000000 -1.000000 0.000000 281.845000 1036.280000 94.000000 4.140000 107.501000 -1.000000 8.000000 280.670000 1031.340000 87.000000 2.560000 74.500500 -1.000000 32.000000 278.695000 1035.150000 77.000000 2.640000 132.501000 -1.000000 20.000000 277.945000 1036.040000 75.000000 3.740000 105.501000 -1.000000 0.000000
2013-11-20T18:00:00Z 286.962000 1033.500000 71.000000 1.210000 216.501000 -1.000000 0.000000 286.234000 1035.290000 74.000000 1.500000 108.501000 -1.000000 0.000000 285.634000 1030.260000 70.000000 1.650000 53.000500 -1.000000 0.000000 285.259000 1034.150000 66.000000 1.300000 134.001000 -1.000000 0.000000 283.209000 1035.050000 66.000000 1.650000 117.501000 -1.000000 0.000000
2013-11-20T17:00:00Z 286.962000 1033.500000 71.000000 1.210000 216.501000 -1.000000 0.000000 286.234000 1035.290000 74.000000 1.500000 108.501000 -1.000000 0.000000 285.634000 1030.260000 70.000000 1.650000 53.000500 -1.000000 0.000000 285.259000 1034.150000 66.000000 1.300000 134.001000 -1.000000 0.000000 283.209000 1035.050000 66.000000 1.650000 117.501000 -1.000000 0.000000
2013-11-20T16:00:00Z 286.962000 1033.500000 71.000000 1.210000 216.501000 -1.000000 0.000000 286.234000 1035.290000 74.000000 1.500000 108.501000 -1.000000 0.000000 285.634000 1030.260000 70.000000 1.650000 53.000500 -1.000000 0.000000 285.259000 1034.150000 66.000000 1.300000 134.001000 -1.000000 0.000000 283.209000 1035.050000 66.000000 1.650000 117.501000 -1.000000 0.000000
2013-11-20T15:00:00Z 291.167000 1033.290000 49.000000 2.110000 212.501000 -1.000000 0.000000 289.768000 1035.100000 57.000000 1.600000 173.000000 -1.000000 0.000000 290.018000 1030.230000 61.000000 1.750000 41.500200 -1.000000 0.000000 290.618000 1033.960000 47.000000 2.050000 178.000000 -1.000000 0.000000 288.493000 1035.260000 51.000000 2.200000 151.000000 -1.000000 0.000000
2013-11-20T14:00:00Z 290.167000 1034.720000 55.000000 1.560000 217.501000 -1.000000 0.000000 289.768000 1035.100000 57.000000 1.600000 173.000000 -1.000000 0.000000 290.018000 1030.230000 61.000000 1.750000 41.500200 -1.000000 0.000000 290.618000 1033.960000 47.000000 2.050000 178.000000 -1.000000 0.000000 288.493000 1035.260000 51.000000 2.200000 151.000000 -1.000000 0.000000
2013-11-20T13:00:00Z 290.167000 1034.720000 55.000000 1.560000 217.501000 -1.000000 0.000000 289.768000 1035.100000 57.000000 1.600000 173.000000 -1.000000 0.000000 290.018000 1030.230000 61.000000 1.750000 41.500200 -1.000000 0.000000 290.618000 1033.960000 47.000000 2.050000 178.000000 -1.000000 0.000000 288.493000 1035.260000 51.000000 2.200000 151.000000 -1.000000 0.000000
2013-11-20T12:00:00Z 288.486000 1036.540000 63.000000 2.120000 175.000000 -1.000000 0.000000 288.258000 1036.850000 64.000000 2.050000 189.500000 -1.000000 0.000000 288.183000 1032.150000 69.000000 1.850000 214.500000 -1.000000 0.000000 288.958000 1035.790000 54.000000 2.050000 193.000000 -1.000000 0.000000 286.933000 1036.850000 57.000000 2.100000 132.000000 -1.000000 0.000000
2013-11-20T11:00:00Z 288.486000 1036.540000 63.000000 2.120000 175.000000 -1.000000 0.000000 288.258000 1036.850000 64.000000 2.050000 189.500000 -1.000000 0.000000 288.183000 1032.150000 69.000000 1.850000 214.500000 -1.000000 0.000000 288.958000 1035.790000 54.000000 2.050000 193.000000 -1.000000 0.000000 286.933000 1036.850000 57.000000 2.100000 132.000000 -1.000000 0.000000
2013-11-20T10:00:00Z 288.486000 1036.540000 63.000000 2.120000 175.000000 -1.000000 0.000000 288.258000 1036.850000 64.000000 2.050000 189.500000 -1.000000 0.000000 288.183000 1032.150000 69.000000 1.850000 214.500000 -1.000000 0.000000 288.958000 1035.790000 54.000000 2.050000 193.000000 -1.000000 0.000000 286.933000 1036.850000 57.000000 2.100000 132.000000 -1.000000 0.000000
2013-11-26T05:00:00Z 275.255000 1034.230000 100.000000 1.510000 353.505000 -1.000000 8.000000 275.425000 1034.300000 100.000000 1.960000 331.500000 -1.000000 0.000000 274.925000 1029.840000 99.000000 1.210000 289.500000 -1.000000 32.000000 271.100000 1034.050000 82.000000 1.210000 5.500030 -1.000000 0.000000 268.825000 1034.050000 75.000000 1.360000 269.000000 -1.000000 0.000000
2013-11-26T04:00:00Z 275.255000 1034.230000 100.000000 1.510000 353.505000 -1.000000 8.000000 275.425000 1034.300000 100.000000 1.960000 331.500000 -1.000000 0.000000 274.925000 1029.840000 99.000000 1.210000 289.500000 -1.000000 32.000000 271.100000 1034.050000 82.000000 1.210000 5.500030 -1.000000 0.000000 268.825000 1034.050000 75.000000 1.360000 269.000000 -1.000000 0.000000
2013-11-26T03:00:00Z 276.615000 1034.420000 100.000000 2.010000 351.000000 -1.000000 0.000000 277.109000 1034.700000 100.000000 3.110000 326.500000 -1.000000 0.000000 275.684000 1030.240000 99.000000 1.360000 287.500000 -1.000000 0.000000 272.459000 1034.460000 83.000000 1.310000 356.500000 -1.000000 0.000000 270.934000 1034.860000 70.000000 2.510000 295.500000 -1.000000 0.000000
2013-11-26T02:00:00Z 276.615000 1034.420000 100.000000 2.010000 351.000000 -1.000000 0.000000 276.846000 1035.200000 100.000000 4.010000 319.500000 0.000000 8.000000 275.684000 1030.240000 99.000000 1.360000 287.500000 -1.000000 0.000000 272.471000 1034.870000 83.000000 1.710000 310.500000 0.000000 12.000000 270.296000 1034.950000 74.000000 1.410000 265.500000 0.000000 0.000000
2013-11-26T01:00:00Z 276.615000 1034.420000 100.000000 2.010000 351.000000 -1.000000 0.000000 277.109000 1034.700000 100.000000 3.110000 326.500000 -1.000000 0.000000 275.684000 1030.240000 99.000000 1.360000 287.500000 -1.000000 0.000000 272.459000 1034.460000 83.000000 1.310000 356.500000 -1.000000 0.000000 270.934000 1034.860000 70.000000 2.510000 295.500000 -1.000000 0.000000
2013-11-26T00:00:00Z 278.445000 1034.170000 100.000000 2.520000 330.003000 -1.000000 0.000000 278.795000 1034.470000 100.000000 3.000000 329.000000 -1.000000 0.000000 277.195000 1030.170000 97.000000 1.700000 297.000000 -1.000000 0.000000 274.520000 1034.220000 83.000000 1.850000 334.000000 -1.000000 0.000000 272.820000 1034.710000 72.000000 1.950000 317.500000 -1.000000 0.000000
2013-11-25T23:00:00Z 278.445000 1034.170000 100.000000 2.520000 330.003000 -1.000000 0.000000 278.795000 1034.470000 100.000000 3.000000 329.000000 -1.000000 0.000000 277.195000 1030.170000 97.000000 1.700000 297.000000 -1.000000 0.000000 274.520000 1034.220000 83.000000 1.850000 334.000000 -1.000000 0.000000 272.820000 1034.710000 72.000000 1.950000 317.500000 -1.000000 0.000000
2013-11-25T22:00:00Z 278.445000 1034.170000 100.000000 2.520000 330.003000 -1.000000 0.000000 278.795000 1034.470000 100.000000 3.000000 329.000000 -1.000000 0.000000 277.195000 1030.170000 97.000000 1.700000 297.000000 -1.000000 0.000000 274.520000 1034.220000 83.000000 1.850000 334.000000 -1.000000 0.000000 272.820000 1034.710000 72.000000 1.950000 317.500000 -1.000000 0.000000
2013-11-25T21:00:00Z 281.297000 1033.550000 88.000000 3.910000 315.503000 -1.000000 0.000000 281.633000 1033.610000 88.000000 4.660000 313.500000 -1.000000 0.000000 279.958000 1029.550000 83.000000 3.110000 299.500000 -1.000000 0.000000 278.083000 1033.360000 74.000000 3.110000 313.000000 -1.000000 0.000000 276.433000 1033.770000 66.000000 3.260000 337.000000 -1.000000 0.000000
2013-11-25T20:00:00Z 281.297000 1033.550000 88.000000 3.910000 315.503000 -1.000000 0.000000 280.925000 1033.850000 87.000000 5.560000 316.000000 0.000000 0.000000 279.650000 1030.200000 81.000000 4.210000 308.000000 0.000000 0.000000 277.200000 1034.010000 75.000000 3.480000 311.500000 0.000000 0.000000 275.525000 1033.850000 62.000000 3.510000 301.000000 0.000000 0.000000
2013-11-25T19:00:00Z 281.297000 1033.550000 88.000000 3.910000 315.503000 -1.000000 0.000000 280.925000 1033.850000 87.000000 5.560000 316.000000 0.000000 0.000000 279.650000 1030.200000 81.000000 4.210000 308.000000 0.000000 0.000000 277.200000 1034.010000 75.000000 3.480000 311.500000 0.000000 0.000000 275.525000 1033.850000 62.000000 3.510000 301.000000 0.000000 0.000000
2013-11-25T18:00:00Z 285.032000 1032.420000 63.000000 5.780000 303.000000 -1.000000 0.000000 283.918000 1032.020000 71.000000 7.200000 306.500000 0.000000 0.000000 283.218000 1028.530000 64.000000 6.230000 306.000000 0.000000 0.000000 282.168000 1032.340000 53.000000 5.080000 307.500000 0.000000 0.000000 280.793000 1032.020000 46.000000 5.330000 308.000000 0.000000 0.000000
2013-12-01T05:00:00Z 278.739000 1036.660000 98.000000 4.820000 280.500000 -1.000000 0.000000 276.216000 1036.450000 100.000000 3.850000 280.500000 -1.000000 0.000000 275.091000 1033.050000 100.000000 4.650000 273.500000 -1.000000 0.000000 270.616000 1036.700000 85.000000 2.200000 280.500000 -1.000000 0.000000 268.716000 1036.700000 68.000000 1.400000 301.000000 -1.000000 0.000000
2013-12-01T04:00:00Z 278.739000 1036.660000 98.000000 4.820000 280.500000 -1.000000 0.000000 276.216000 1036.450000 100.000000 3.850000 280.500000 -1.000000 0.000000 275.091000 1033.050000 100.000000 4.650000 273.500000 -1.000000 0.000000 270.616000 1036.700000 85.000000 2.200000 280.500000 -1.000000 0.000000 268.716000 1036.700000 68.000000 1.400000 301.000000 -1.000000 0.000000
2013-12-01T03:00:00Z 278.145000 1036.390000 91.000000 4.670000 257.001000 -1.000000 0.000000 276.776000 1036.180000 100.000000 5.110000 257.500000 -1.000000 0.000000 276.026000 1032.450000 88.000000 3.910000 253.000000 -1.000000 0.000000 273.576000 1036.020000 89.000000 2.860000 260.000000 -1.000000 0.000000 269.976000 1036.180000 62.000000 2.510000 327.500000 -1.000000 0.000000
2013-12-01T02:00:00Z 278.145000 1036.390000 91.000000 4.670000 257.001000 -1.000000 0.000000 276.776000 1036.180000 100.000000 5.110000 257.500000 -1.000000 0.000000 276.026000 1032.450000 88.000000 3.910000 253.000000 -1.000000 0.000000 273.576000 1036.020000 89.000000 2.860000 260.000000 -1.000000 0.000000 269.976000 1036.180000 62.000000 2.510000 327.500000 -1.000000 0.000000
2013-12-01T01:00:00Z 278.145000 1036.390000 91.000000 4.670000 257.001000 -1.000000 0.000000 276.776000 1036.180000 100.000000 5.110000 257.500000 -1.000000 0.000000 276.026000 1032.450000 88.000000 3.910000 253.000000 -1.000000 0.000000 273.576000 1036.020000 89.000000 2.860000 260.000000 -1.000000 0.000000 269.976000 1036.180000 62.000000 2.510000 327.500000 -1.000000 0.000000
2013-12-01T00:00:00Z 277.023000 1036.390000 88.000000 3.760000 244.000000 -1.000000 12.000000 276.646000 1036.030000 100.000000 3.360000 226.500000 -1.000000 0.000000 275.896000 1032.620000 89.000000 3.010000 244.500000 -1.000000 24.000000 275.246000 1035.870000 88.000000 4.510000 243.000000 -1.000000 0.000000 270.771000 1035.780000 68.000000 1.260000 294.500000 -1.000000 0.000000
2013-11-30T23:00:00Z 277.023000 1036.390000 88.000000 3.760000 244.000000 -1.000000 12.000000 276.646000 1036.030000 100.000000 3.360000 226.500000 -1.000000 0.000000 275.896000 1032.620000 89.000000 3.010000 244.500000 -1.000000 24.000000 275.246000 1035.870000 88.000000 4.510000 243.000000 -1.000000 0.000000 270.771000 1035.780000 68.000000 1.260000 294.500000 -1.000000 0.000000
2013-11-30T22:00:00Z 277.023000 1036.390000 88.000000 3.760000 244.000000 -1.000000 12.000000 276.646000 1036.030000 100.000000 3.360000 226.500000 -1.000000 0.000000 275.896000 1032.620000 89.000000 3.010000 244.500000 -1.000000 24.000000 275.246000 1035.870000 88.000000 4.510000 243.000000 -1.000000 0.000000 270.771000 1035.780000 68.000000 1.260000 294.500000 -1.000000 0.000000
2013-11-30T21:00:00Z 277.023000 1036.390000 88.000000 3.760000 244.000000 -1.000000 12.000000 276.646000 1036.030000 100.000000 3.360000 226.500000 -1.000000 0.000000 275.896000 1032.620000 89.000000 3.010000 244.500000 -1.000000 24.000000 275.246000 1035.870000 88.000000 4.510000 243.000000 -1.000000 0.000000 270.771000 1035.780000 68.000000 1.260000 294.500000 -1.000000 0.000000
2013-11-30T20:00:00Z 277.546000 1035.800000 89.000000 2.650000 255.500000 -1.000000 0.000000 278.269000 1035.700000 96.000000 3.150000 251.000000 -1.000000 0.000000 277.644000 1031.890000 86.000000 3.300000 267.000000 -1.000000 20.000000 276.169000 1035.060000 78.000000 3.400000 238.000000 -1.000000 0.000000 273.769000 1034.570000 75.000000 1.500000 229.500000 -1.000000 0.000000
2013-11-30T19:00:00Z 277.546000 1035.800000 89.000000 2.650000 255.500000 -1.000000 0.000000 279.177000 1036.320000 100.000000 4.460000 238.500000 -1.000000 0.000000 277.802000 1032.510000 85.000000 3.910000 268.000000 -1.000000 8.000000 277.627000 1035.670000 77.000000 4.210000 246.000000 -1.000000 0.000000 275.577000 1035.510000 82.000000 3.410000 288.000000 -1.000000 0.000000
2013-11-30T18:00:00Z 283.122000 1034.890000 62.000000 2.860000 261.002000 -1.000000 0.000000 283.523000 1034.950000 67.000000 3.760000 244.000000 -1.000000 0.000000 283.023000 1030.980000 59.000000 2.860000 265.000000 -1.000000 36.000000 283.098000 1034.310000 51.000000 3.710000 245.500000 -1.000000 0.000000 282.448000 1033.900000 55.000000 4.310000 254.000000 -1.000000 0.000000
2013-12-04T23:00:00Z 279.867000 1035.540000 97.000000 1.760000 108.502000 -1.000000 0.000000 279.018000 1036.060000 98.000000 3.050000 100.500000 -1.000000 0.000000 278.343000 1030.950000 91.000000 1.900000 125.500000 -1.000000 0.000000 277.043000 1035.250000 90.000000 3.100000 116.500000 -1.000000 0.000000 274.343000 1035.820000 77.000000 1.300000 158.500000 -1.000000 0.000000
2013-12-04T22:00:00Z 279.867000 1035.540000 97.000000 1.760000 108.502000 -1.000000 0.000000 279.018000 1036.060000 98.000000 3.050000 100.500000 -1.000000 0.000000 278.343000 1030.950000 91.000000 1.900000 125.500000 -1.000000 0.000000 277.043000 1035.250000 90.000000 3.100000 116.500000 -1.000000 0.000000 274.343000 1035.820000 77.000000 1.300000 158.500000 -1.000000 0.000000
2013-12-04T21:00:00Z 283.047000 1034.930000 82.000000 5.400000 98.502400 -1.000000 0.000000 281.087000 1035.780000 94.000000 3.910000 85.000000 -1.000000 0.000000 280.016000 1030.290000 87.000000 0.750000 33.000500 -1.000000 0.000000 279.337000 1034.570000 66.000000 3.260000 83.000000 -1.000000 0.000000 277.641000 1035.480000 79.000000 2.000000 111.501000 -1.000000 0.000000
2013-12-04T20:00:00Z 283.047000 1034.930000 82.000000 5.400000 98.502400 -1.000000 0.000000 281.087000 1035.780000 94.000000 3.910000 85.000000 -1.000000 0.000000 280.016000 1030.290000 87.000000 0.750000 33.000500 -1.000000 0.000000 279.616000 1034.180000 81.000000 0.850000 130.001000 -1.000000 0.000000 277.662000 1035.460000 77.000000 2.860000 127.000000 -1.000000 0.000000
2013-12-04T19:00:00Z 283.047000 1034.930000 82.000000 5.400000 98.502400 -1.000000 0.000000 281.087000 1035.780000 94.000000 3.910000 85.000000 -1.000000 0.000000 280.016000 1030.290000 87.000000 0.750000 33.000500 -1.000000 0.000000 279.616000 1034.180000 81.000000 0.850000 130.001000 -1.000000 0.000000 277.662000 1035.460000 77.000000 2.860000 127.000000 -1.000000 0.000000
2013-12-04T18:00:00Z 287.375000 1033.730000 57.000000 2.560000 58.502300 -1.000000 0.000000 286.935000 1034.020000 71.000000 1.350000 105.500000 -1.000000 0.000000 285.885000 1029.560000 71.000000 1.250000 339.500000 -1.000000 0.000000 286.460000 1033.540000 71.000000 1.130000 96.000300 -1.000000 0.000000 284.160000 1034.430000 78.000000 1.200000 175.000000 -1.000000 0.000000
2013-12-04T17:00:00Z 287.375000 1033.730000 57.000000 2.560000 58.502300 -1.000000 0.000000 286.935000 1034.020000 71.000000 1.350000 105.500000 -1.000000 0.000000 285.885000 1029.560000 71.000000 1.250000 339.500000 -1.000000 0.000000 286.460000 1033.540000 71.000000 1.130000 96.000300 -1.000000 0.000000 284.160000 1034.430000 78.000000 1.200000 175.000000 -1.000000 0.000000
2013-12-04T16:00:00Z 287.233000 1033.390000 73.000000 0.610000 270.002000 -1.000000 0.000000 286.935000 1034.020000 71.000000 1.350000 105.500000 -1.000000 0.000000 285.885000 1029.560000 71.000000 1.250000 339.500000 -1.000000 0.000000 286.460000 1033.540000 71.000000 1.130000 96.000300 -1.000000 0.000000 284.160000 1034.430000 78.000000 1.200000 175.000000 -1.000000 0.000000
2013-12-04T15:00:00Z 287.233000 1033.390000 73.000000 0.610000 270.002000 -1.000000 0.000000 286.935000 1034.020000 71.000000 1.350000 105.500000 -1.000000 0.000000 285.885000 1029.560000 71.000000 1.250000 339.500000 -1.000000 0.000000 286.460000 1033.540000 71.000000 1.130000 96.000300 -1.000000 0.000000 284.160000 1034.430000 78.000000 1.200000 175.000000 -1.000000 0.000000
2013-12-04T14:00:00Z 290.589000 1033.280000 60.000000 0.860000 306.002000 -1.000000 0.000000 290.093000 1033.890000 60.000000 1.660000 110.500000 -1.000000 0.000000 289.418000 1029.430000 58.000000 2.510000 331.000000 -1.000000 0.000000 290.768000 1033.400000 59.000000 2.010000 87.000100 -1.000000 0.000000 289.243000 1034.380000 68.000000 2.060000 164.000000 -1.000000 0.000000
2013-12-08T17:00:00Z 288.488000 1029.040000 71.000000 2.310000 143.002000 -1.000000 0.000000 289.094000 1028.520000 68.000000 3.350000 175.500000 -1.000000 0.000000 288.419000 1023.580000 71.000000 2.050000 148.000000 -1.000000 0.000000 288.270000 1027.550000 67.000000 2.200000 175.500000 -1.000000 0.000000 285.719000 1028.440000 73.000000 2.200000 200.500000 -1.000000 0.000000
2013-12-08T16:00:00Z 288.488000 1029.040000 71.000000 2.310000 143.002000 -1.000000 0.000000 289.094000 1028.520000 68.000000 3.350000 175.500000 -1.000000 0.000000 288.419000 1023.580000 71.000000 2.050000 148.000000 -1.000000 0.000000 288.270000 1027.550000 67.000000 2.200000 175.500000 -1.000000 0.000000 285.719000 1028.440000 73.000000 2.200000 200.500000 -1.000000 0.000000
2013-12-08T15:00:00Z 291.492000 1030.050000 64.000000 2.120000 175.000000 -1.000000 0.000000 291.693000 1029.420000 62.000000 4.060000 177.501000 -1.000000 0.000000 291.993000 1024.310000 64.000000 3.160000 163.001000 -1.000000 0.000000 292.768000 1028.290000 60.000000 2.560000 173.001000 -1.000000 0.000000 290.218000 1029.660000 75.000000 2.760000 192.001000 -1.000000 8.000000
2013-12-08T14:00:00Z 292.043000 1028.880000 61.000000 4.350000 181.503000 -1.000000 0.000000 291.693000 1029.420000 62.000000 4.060000 177.501000 -1.000000 0.000000 291.993000 1024.310000 64.000000 3.160000 163.001000 -1.000000 0.000000 292.768000 1028.290000 60.000000 2.560000 173.001000 -1.000000 0.000000 290.218000 1029.660000 75.000000 2.760000 192.001000 -1.000000 8.000000
2013-12-08T13:00:00Z 292.043000 1028.880000 61.000000 4.350000 181.503000 -1.000000 0.000000 291.693000 1029.420000 62.000000 4.060000 177.501000 -1.000000 0.000000 291.993000 1024.310000 64.000000 3.160000 163.001000 -1.000000 0.000000 292.768000 1028.290000 60.000000 2.560000 173.001000 -1.000000 0.000000 290.218000 1029.660000 75.000000 2.760000 192.001000 -1.000000 8.000000
2013-12-08T12:00:00Z 289.723000 1031.720000 71.000000 3.310000 159.002000 -1.000000 0.000000 291.693000 1029.420000 62.000000 4.060000 177.501000 -1.000000 0.000000 288.820000 1027.210000 77.000000 2.260000 137.501000 -1.000000 0.000000 289.070000 1030.860000 78.000000 2.510000 145.501000 -1.000000 0.000000 287.070000 1032.320000 90.000000 3.110000 158.501000 -1.000000 0.000000
2013-12-08T11:00:00Z 289.723000 1031.720000 71.000000 3.310000 159.002000 -1.000000 0.000000 289.295000 1032.160000 75.000000 4.560000 161.501000 -1.000000 0.000000 288.820000 1027.210000 77.000000 2.260000 137.501000 -1.000000 0.000000 289.070000 1030.860000 78.000000 2.510000 145.501000 -1.000000 0.000000 287.070000 1032.320000 90.000000 3.110000 158.501000 -1.000000 0.000000
2013-12-08T10:00:00Z 289.723000 1031.720000 71.000000 3.310000 159.002000 -1.000000 0.000000 289.295000 1032.160000 75.000000 4.560000 161.501000 -1.000000 0.000000 288.820000 1027.210000 77.000000 2.260000 137.501000 -1.000000 0.000000 289.070000 1030.860000 78.000000 2.510000 145.501000 -1.000000 0.000000 287.070000 1032.320000 90.000000 3.110000 158.501000 -1.000000 0.000000
2013-12-08T09:00:00Z 281.702000 1032.170000 91.000000 3.010000 136.505000 -1.000000 0.000000 282.343000 1032.630000 93.000000 4.450000 135.000000 -1.000000 0.000000 278.343000 1027.690000 91.000000 1.250000 118.500000 -1.000000 0.000000 278.593000 1031.500000 91.000000 2.750000 130.000000 -1.000000 0.000000 276.593000 1032.800000 78.000000 2.700000 122.000000 -1.000000 0.000000
2013-12-08T08:00:00Z 281.702000 1032.170000 91.000000 3.010000 136.505000 -1.000000 0.000000 282.343000 1032.630000 93.000000 4.450000 135.000000 -1.000000 0.000000 278.343000 1027.690000 91.000000 1.250000 118.500000 -1.000000 0.000000 278.593000 1031.500000 91.000000 2.750000 130.000000 -1.000000 0.000000 276.593000 1032.800000 78.000000 2.700000 122.000000 -1.000000 0.000000
2013-12-26T06:00:00Z 275.209000 1037.290000 98.000000 2.960000 314.503000 -1.000000 64.000000 272.110000 1037.160000 88.000000 1.350000 263.503000 -1.000000 64.000000 270.259000 1027.320000 80.000000 1.510000 261.003000 -1.000000 20.000000 274.035000 1037.240000 92.000000 2.200000 266.003000 -1.000000 24.000000 273.210000 1036.600000 84.000000 3.650000 234.503000 -1.000000 88.000000
2013-12-26T05:00:00Z 275.209000 1037.290000 98.000000 2.960000 314.503000 -1.000000 64.000000 272.110000 1037.160000 88.000000 1.350000 263.503000 -1.000000 64.000000 270.259000 1027.320000 80.000000 1.510000 261.003000 -1.000000 20.000000 274.035000 1037.240000 92.000000 2.200000 266.003000 -1.000000 24.000000 273.210000 1036.600000 84.000000 3.650000 234.503000 -1.000000 88.000000
2013-12-26T04:00:00Z 275.209000 1037.290000 98.000000 2.960000 314.503000 -1.000000 64.000000 272.110000 1037.160000 88.000000 1.350000 263.503000 -1.000000 64.000000 274.160000 1033.430000 95.000000 2.650000 272.503000 -1.000000 44.000000 274.035000 1037.240000 92.000000 2.200000 266.003000 -1.000000 24.000000 273.210000 1036.600000 84.000000 3.650000 234.503000 -1.000000 88.000000
2013-12-26T03:00:00Z 274.417000 1038.720000 94.000000 2.260000 330.500000 -1.000000 88.000000 272.013000 1039.410000 86.000000 1.150000 269.000000 -1.000000 88.000000 274.313000 1034.790000 90.000000 2.800000 296.000000 -1.000000 76.000000 273.117000 1038.720000 76.000000 1.610000 265.000000 -1.000000 88.000000 272.513000 1038.930000 77.000000 3.150000 212.500000 -1.000000 88.000000
2013-12-26T02:00:00Z 274.417000 1038.720000 94.000000 2.260000 330.500000 -1.000000 88.000000 271.567000 1039.130000 82.000000 1.360000 223.500000 -1.000000 80.000000 274.313000 1034.790000 90.000000 2.800000 296.000000 -1.000000 76.000000 274.413000 1039.570000 89.000000 2.400000 281.500000 -1.000000 88.000000 272.513000 1038.930000 77.000000 3.150000 212.500000 -1.000000 88.000000
2013-12-26T01:00:00Z 274.572000 1039.330000 91.000000 1.960000 358.006000 -1.000000 88.000000 271.572000 1039.490000 79.000000 1.460000 105.006000 -1.000000 88.000000 273.968000 1035.150000 92.000000 1.400000 331.500000 -1.000000 88.000000 273.893000 1039.690000 88.000000 0.750000 267.500000 -1.000000 88.000000 271.218000 1039.520000 72.000000 1.300000 176.000000 -1.000000 80.000000
2013-12-26T00:00:00Z 274.572000 1039.330000 91.000000 1.960000 358.006000 -1.000000 88.000000 271.572000 1039.490000 79.000000 1.460000 105.006000 -1.000000 88.000000 273.968000 1035.150000 92.000000 1.400000 331.500000 -1.000000 88.000000 273.893000 1039.690000 88.000000 0.750000 267.500000 -1.000000 88.000000 271.218000 1039.520000 72.000000 1.300000 176.000000 -1.000000 80.000000
2013-12-25T23:00:00Z 274.572000 1039.330000 91.000000 1.960000 358.006000 -1.000000 88.000000 272.243000 1039.770000 84.000000 1.150000 74.500100 -1.000000 88.000000 273.968000 1035.150000 92.000000 1.400000 331.500000 -1.000000 88.000000 273.893000 1039.690000 88.000000 0.750000 267.500000 -1.000000 88.000000 270.922000 1039.330000 71.000000 1.660000 185.006000 -1.000000 80.000000
2013-12-25T22:00:00Z 274.572000 1039.330000 91.000000 1.960000 358.006000 -1.000000 88.000000 270.691000 1039.980000 82.000000 1.310000 347.500000 -1.000000 68.000000 270.397000 1028.710000 73.000000 1.210000 338.506000 -1.000000 76.000000 272.716000 1040.140000 90.000000 1.410000 353.000000 -1.000000 76.000000 270.141000 1039.740000 75.000000 1.260000 236.500000 -1.000000 64.000000
2013-12-25T21:00:00Z 274.572000 1039.330000 91.000000 1.960000 358.006000 -1.000000 88.000000 270.691000 1039.980000 82.000000 1.310000 347.500000 -1.000000 68.000000 270.397000 1028.710000 73.000000 1.210000 338.506000 -1.000000 76.000000 272.716000 1040.140000 90.000000 1.410000 353.000000 -1.000000 76.000000 270.141000 1039.740000 75.000000 1.260000 236.500000 -1.000000 64.000000
2013-12-25T20:00:00Z 274.572000 1039.330000 91.000000 1.960000 358.006000 -1.000000 88.000000 270.691000 1039.980000 82.000000 1.310000 347.500000 -1.000000 68.000000 270.397000 1028.710000 73.000000 1.210000 338.506000 -1.000000 76.000000 272.716000 1040.140000 90.000000 1.410000 353.000000 -1.000000 76.000000 270.141000 1039.740000 75.000000 1.260000 236.500000 -1.000000 64.000000
2013-12-25T19:00:00Z 274.572000 1039.330000 91.000000 1.960000 358.006000 -1.000000 88.000000 270.691000 1039.980000 82.000000 1.310000 347.500000 -1.000000 68.000000 270.397000 1028.710000 73.000000 1.210000 338.506000 -1.000000 76.000000 272.716000 1040.140000 90.000000 1.410000 353.000000 -1.000000 76.000000 270.141000 1039.740000 75.000000 1.260000 236.500000 -1.000000 64.000000
2013-12-29T07:00:00Z 270.611000 1040.200000 98.000000 3.460000 288.501000 -1.000000 0.000000 265.661000 1040.280000 72.000000 1.510000 275.501000 -1.000000 0.000000 265.311000 1029.910000 68.000000 1.210000 272.001000 -1.000000 0.000000 266.411000 1040.450000 99.000000 2.010000 281.001000 -1.000000 0.000000 262.112000 1040.280000 63.000000 1.360000 253.501000 -1.000000 0.000000
2013-12-29T06:00:00Z 269.021000 1039.620000 100.000000 2.830000 300.001000 -1.000000 0.000000 263.963000 1039.960000 66.000000 1.350000 238.000000 -1.000000 0.000000 267.563000 1035.910000 100.000000 3.600000 273.500000 -1.000000 0.000000 265.738000 1040.120000 100.000000 2.230000 278.500000 -1.000000 0.000000 261.588000 1039.720000 66.000000 1.350000 272.500000 -1.000000 0.000000
2013-12-29T05:00:00Z 269.021000 1039.620000 100.000000 2.830000 300.001000 -1.000000 0.000000 263.963000 1039.960000 66.000000 1.350000 238.000000 -1.000000 0.000000 267.563000 1035.910000 100.000000 3.600000 273.500000 -1.000000 0.000000 265.738000 1040.120000 100.000000 2.230000 278.500000 -1.000000 0.000000 261.588000 1039.720000 66.000000 1.350000 272.500000 -1.000000 0.000000
2013-12-29T04:00:00Z 269.021000 1039.620000 100.000000 2.830000 300.001000 -1.000000 0.000000 263.963000 1039.960000 66.000000 1.350000 238.000000 -1.000000 0.000000 264.496000 1029.330000 62.000000 2.710000 281.001000 -1.000000 0.000000 265.738000 1040.120000 100.000000 2.230000 278.500000 -1.000000 0.000000 261.588000 1039.720000 66.000000 1.350000 272.500000 -1.000000 0.000000
2013-12-29T03:00:00Z 269.647000 1039.870000 99.000000 1.670000 303.001000 -1.000000 0.000000 265.133000 1039.960000 75.000000 1.250000 269.500000 -1.000000 0.000000 268.108000 1035.910000 100.000000 2.950000 265.500000 -1.000000 0.000000 266.197000 1039.140000 69.000000 3.320000 288.501000 -1.000000 0.000000 263.358000 1039.960000 58.000000 1.350000 258.500000 -1.000000 0.000000
2013-12-29T02:00:00Z 269.647000 1039.870000 99.000000 1.670000 303.001000 -1.000000 0.000000 265.133000 1039.960000 75.000000 1.250000 269.500000 -1.000000 0.000000 268.108000 1035.910000 100.000000 2.950000 265.500000 -1.000000 0.000000 268.133000 1039.880000 89.000000 3.050000 281.000000 -1.000000 0.000000 263.247000 1039.870000 58.000000 2.420000 277.501000 -1.000000 0.000000
2013-12-29T01:00:00Z 269.647000 1039.870000 99.000000 1.670000 303.001000 -1.000000 0.000000 265.133000 1039.960000 75.000000 1.250000 269.500000 -1.000000 0.000000 268.108000 1035.910000 100.000000 2.950000 265.500000 -1.000000 0.000000 268.133000 1039.880000 89.000000 3.050000 281.000000 -1.000000 0.000000 263.247000 1039.870000 58.000000 2.420000 277.501000 -1.000000 0.000000
2013-12-29T00:00:00Z 270.035000 1039.720000 96.000000 1.760000 309.502000 -1.000000 20.000000 267.476000 1039.980000 75.000000 1.310000 319.500000 -1.000000 8.000000 269.576000 1035.760000 95.000000 2.760000 259.000000 -1.000000 0.000000 267.385000 1038.910000 71.000000 1.510000 280.502000 -1.000000 36.000000 264.385000 1039.470000 58.000000 1.360000 223.502000 -1.000000 0.000000
2013-12-28T23:00:00Z 270.035000 1039.720000 96.000000 1.760000 309.502000 -1.000000 20.000000 267.476000 1039.980000 75.000000 1.310000 319.500000 -1.000000 8.000000 269.576000 1035.760000 95.000000 2.760000 259.000000 -1.000000 0.000000 269.326000 1039.820000 87.000000 1.460000 276.000000 -1.000000 56.000000 265.001000 1039.740000 60.000000 1.060000 212.000000 -1.000000 8.000000
2013-12-28T22:00:00Z 270.035000 1039.720000 96.000000 1.760000 309.502000 -1.000000 20.000000 272.170000 1039.720000 64.000000 3.600000 274.000000 -1.000000 64.000000 274.795000 1035.660000 79.000000 4.700000 288.000000 -1.000000 44.000000 274.120000 1040.200000 74.000000 4.550000 293.500000 -1.000000 68.000000 269.645000 1039.470000 53.000000 4.050000 287.000000 -1.000000 0.000000
2013-12-28T21:00:00Z 272.136000 1039.660000 97.000000 2.910000 303.503000 -1.000000 0.000000 272.170000 1039.720000 64.000000 3.600000 274.000000 -1.000000 64.000000 274.795000 1035.660000 79.000000 4.700000 288.000000 -1.000000 44.000000 274.120000 1040.200000 74.000000 4.550000 293.500000 -1.000000 68.000000 269.645000 1039.470000 53.000000 4.050000 287.000000 -1.000000 0.000000
2013-12-28T20:00:00Z 272.136000 1039.660000 97.000000 2.910000 303.503000 -1.000000 0.000000 269.211000 1039.330000 51.000000 1.760000 315.503000 -1.000000 20.000000 274.795000 1035.660000 79.000000 4.700000 288.000000 -1.000000 44.000000 274.120000 1040.200000 74.000000 4.550000 293.500000 -1.000000 68.000000 269.645000 1039.470000 53.000000 4.050000 287.000000 -1.000000 0.000000
2013-12-31T21:00:00Z 278.810000 1032.530000 72.000000 5.130000 255.006000 -1.000000 0.000000 276.966000 1033.570000 47.000000 4.800000 290.501000 -1.000000 0.000000 278.741000 1030.320000 63.000000 5.200000 280.001000 -1.000000 0.000000 278.766000 1034.210000 56.000000 5.750000 288.501000 -1.000000 0.000000 273.766000 1032.590000 44.000000 3.850000 271.001000 -1.000000 0.000000
2013-12-31T20:00:00Z 278.810000 1032.530000 72.000000 5.130000 255.006000 -1.000000 0.000000 276.966000 1033.570000 47.000000 4.800000 290.501000 -1.000000 0.000000 278.741000 1030.320000 63.000000 5.200000 280.001000 -1.000000 0.000000 278.766000 1034.210000 56.000000 5.750000 288.501000 -1.000000 0.000000 273.766000 1032.590000 44.000000 3.850000 271.001000 -1.000000 0.000000
2013-12-31T19:00:00Z 278.810000 1032.530000 72.000000 5.130000 255.006000 -1.000000 0.000000 276.966000 1033.570000 47.000000 4.800000 290.501000 -1.000000 0.000000 278.741000 1030.320000 63.000000 5.200000 280.001000 -1.000000 0.000000 278.766000 1034.210000 56.000000 5.750000 288.501000 -1.000000 0.000000 273.766000 1032.590000 44.000000 3.850000 271.001000 -1.000000 0.000000
2013-12-31T18:00:00Z 283.422000 1031.740000 50.000000 5.660000 267.000000 -1.000000 0.000000 282.188000 1031.700000 37.000000 7.810000 284.000000 -1.000000 0.000000 283.138000 1028.860000 51.000000 6.560000 279.000000 -1.000000 0.000000 283.263000 1032.270000 43.000000 8.010000 282.000000 -1.000000 0.000000 280.113000 1031.050000 33.000000 5.810000 284.000000 -1.000000 0.000000
2013-12-31T17:00:00Z 283.422000 1031.740000 50.000000 5.660000 267.000000 -1.000000 0.000000 282.188000 1031.700000 37.000000 7.810000 284.000000 -1.000000 0.000000 283.138000 1028.860000 51.000000 6.560000 279.000000 -1.000000 0.000000 283.263000 1032.270000 43.000000 8.010000 282.000000 -1.000000 0.000000 280.113000 1031.050000 33.000000 5.810000 284.000000 -1.000000 0.000000
2013-12-31T16:00:00Z 283.422000 1031.740000 50.000000 5.660000 267.000000 -1.000000 0.000000 282.188000 1031.700000 37.000000 7.810000 284.000000 -1.000000 0.000000 283.138000 1028.860000 51.000000 6.560000 279.000000 -1.000000 0.000000 283.263000 1032.270000 43.000000 8.010000 282.000000 -1.000000 0.000000 280.113000 1031.050000 33.000000 5.810000 284.000000 -1.000000 0.000000
2013-12-31T15:00:00Z 286.077000 1032.980000 46.000000 8.160000 270.000000 -1.000000 0.000000 285.688000 1031.470000 36.000000 9.860000 273.500000 -1.000000 0.000000 286.288000 1029.040000 46.000000 7.510000 276.500000 -1.000000 0.000000 286.388000 1032.520000 42.000000 8.910000 277.000000 -1.000000 0.000000 283.488000 1030.500000 29.000000 8.460000 281.500000 -1.000000 0.000000
2013-12-31T14:00:00Z 286.077000 1032.980000 46.000000 8.160000 270.000000 -1.000000 0.000000 285.688000 1031.470000 36.000000 9.860000 273.500000 -1.000000 0.000000 287.628000 1023.090000 31.000000 4.510000 281.500000 -1.000000 0.000000 286.388000 1032.520000 42.000000 8.910000 277.000000 -1.000000 0.000000 283.027000 1030.220000 28.000000 7.810000 282.000000 -1.000000 0.000000
2013-12-31T13:00:00Z 286.077000 1032.980000 46.000000 8.160000 270.000000 -1.000000 0.000000 285.577000 1030.950000 31.000000 9.910000 276.500000 -1.000000 0.000000 286.288000 1029.040000 46.000000 7.510000 276.500000 -1.000000 0.000000 286.427000 1031.600000 34.000000 8.860000 280.000000 -1.000000 0.000000 283.488000 1030.500000 29.000000 8.460000 281.500000 -1.000000 0.000000
2013-12-31T12:00:00Z 284.669000 1034.900000 52.000000 5.110000 257.500000 -1.000000 0.000000 282.944000 1033.120000 44.000000 6.810000 260.000000 -1.000000 0.000000 284.669000 1024.930000 37.000000 1.960000 225.000000 -1.000000 0.000000 283.669000 1033.690000 53.000000 5.860000 256.000000 -1.000000 0.000000 280.169000 1031.980000 43.000000 7.460000 265.500000 -1.000000 0.000000
2014-01-19T18:00:00Z 281.960000 1038.610000 59.000000 4.110000 191.503000 -1.000000 20.000000 281.835000 1038.210000 50.000000 4.760000 206.003000 -1.000000 32.000000 281.585000 1027.830000 71.000000 1.610000 177.503000 -1.000000 0.000000 281.635000 1038.300000 58.000000 3.250000 217.500000 -1.000000 32.000000 280.885000 1037.230000 63.000000 4.910000 234.503000 -1.000000 20.000000
2014-01-19T17:00:00Z 281.960000 1038.610000 59.000000 4.110000 191.503000 -1.000000 20.000000 282.410000 1039.030000 60.000000 5.100000 190.500000 -1.000000 12.000000 281.985000 1034.490000 74.000000 2.050000 194.500000 -1.000000 24.000000 281.635000 1038.300000 58.000000 3.250000 217.500000 -1.000000 32.000000 280.360000 1038.540000 56.000000 4.350000 222.000000 -1.000000 36.000000
2014-01-19T16:00:00Z 282.003000 1039.150000 56.000000 4.310000 191.003000 -1.000000 20.000000 282.410000 1039.030000 60.000000 5.100000 190.500000 -1.000000 12.000000 281.585000 1027.830000 71.000000 1.610000 177.503000 -1.000000 0.000000 281.635000 1038.300000 58.000000 3.250000 217.500000 -1.000000 32.000000 280.360000 1038.540000 56.000000 4.350000 222.000000 -1.000000 36.000000
2014-01-19T15:00:00Z 283.377000 1040.440000 59.000000 5.060000 162.501000 -1.000000 0.000000 282.943000 1040.800000 62.000000 5.260000 173.000000 -1.000000 0.000000 283.593000 1035.610000 63.000000 4.010000 163.000000 -1.000000 0.000000 283.218000 1039.670000 55.000000 5.460000 167.500000 -1.000000 0.000000 282.143000 1040.230000 58.000000 5.010000 191.500000 -1.000000 12.000000
2014-01-19T14:00:00Z 283.377000 1040.440000 59.000000 5.060000 162.501000 -1.000000 0.000000 282.943000 1040.800000 62.000000 5.260000 173.000000 -1.000000 0.000000 283.593000 1035.610000 63.000000 4.010000 163.000000 -1.000000 0.000000 283.218000 1039.670000 55.000000 5.460000 167.500000 -1.000000 0.000000 282.143000 1040.230000 58.000000 5.010000 191.500000 -1.000000 12.000000
2014-01-19T13:00:00Z 283.377000 1040.440000 59.000000 5.060000 162.501000 -1.000000 0.000000 283.151000 1040.300000 46.000000 4.070000 190.002000 -1.000000 0.000000 283.593000 1035.610000 63.000000 4.010000 163.000000 -1.000000 0.000000 283.218000 1039.670000 55.000000 5.460000 167.500000 -1.000000 0.000000 282.143000 1040.230000 58.000000 5.010000 191.500000 -1.000000 12.000000
2014-01-19T12:00:00Z 279.970000 1044.000000 77.000000 3.800000 164.500000 -1.000000 0.000000 280.341000 1044.300000 76.000000 3.110000 161.000000 -1.000000 0.000000 279.716000 1039.110000 82.000000 4.460000 151.500000 -1.000000 0.000000 280.041000 1043.160000 72.000000 4.310000 150.000000 -1.000000 0.000000 279.416000 1044.050000 67.000000 3.410000 177.000000 -1.000000 8.000000
2014-01-19T11:00:00Z 279.970000 1044.000000 77.000000 3.800000 164.500000 -1.000000 0.000000 280.341000 1044.300000 76.000000 3.110000 161.000000 -1.000000 0.000000 279.716000 1039.110000 82.000000 4.460000 151.500000 -1.000000 0.000000 280.041000 1043.160000 72.000000 4.310000 150.000000 -1.000000 0.000000 279.416000 1044.050000 67.000000 3.410000 177.000000 -1.000000 8.000000
2014-01-19T10:00:00Z 279.970000 1044.000000 77.000000 3.800000 164.500000 -1.000000 0.000000 280.341000 1044.300000 76.000000 3.110000 161.000000 -1.000000 0.000000 279.716000 1039.110000 82.000000 4.460000 151.500000 -1.000000 0.000000 280.041000 1043.160000 72.000000 4.310000 150.000000 -1.000000 0.000000 279.416000 1044.050000 67.000000 3.410000 177.000000 -1.000000 8.000000
2014-01-29T23:00:00Z 282.519000 1030.880000 93.000000 1.410000 260.001000 0.000000 88.000000 279.712000 1030.930000 93.000000 2.250000 244.000000 0.000000 0.000000 282.062000 1026.470000 94.000000 1.050000 272.500000 0.000000 68.000000 278.344000 1029.260000 84.000000 1.410000 218.501000 0.000000 32.000000 280.344000 1029.580000 95.000000 2.960000 227.501000 0.000000 92.000000
2014-01-29T22:00:00Z 282.519000 1030.880000 93.000000 1.410000 260.001000 0.000000 88.000000 279.712000 1030.930000 93.000000 2.250000 244.000000 0.000000 0.000000 282.062000 1026.470000 94.000000 1.050000 272.500000 0.000000 68.000000 278.344000 1029.260000 84.000000 1.410000 218.501000 0.000000 32.000000 280.162000 1029.880000 93.000000 2.950000 232.500000 0.000000 80.000000
2014-01-29T21:00:00Z 282.788000 1030.500000 93.000000 1.600000 241.502000 0.000000 92.000000 282.087000 1030.960000 92.000000 4.000000 217.500000 0.000000 12.000000 282.661000 1026.080000 93.000000 1.250000 260.500000 0.000000 92.000000 282.236000 1029.560000 91.000000 3.100000 248.500000 0.000000 32.000000 278.937000 1030.150000 96.000000 1.300000 130.500000 0.000000 68.000000
2014-01-29T20:00:00Z 282.788000 1030.500000 93.000000 1.600000 241.502000 0.000000 92.000000 282.087000 1030.960000 92.000000 4.000000 217.500000 0.000000 12.000000 282.337000 1026.750000 97.000000 1.300000 202.000000 0.500000 36.000000 281.037000 1030.560000 94.000000 3.400000 237.000000 0.000000 32.000000 278.937000 1030.150000 96.000000 1.300000 130.500000 0.000000 68.000000
2014-01-29T19:00:00Z 282.788000 1030.500000 93.000000 1.600000 241.502000 0.000000 92.000000 282.087000 1030.960000 92.000000 4.000000 217.500000 0.000000 12.000000 282.337000 1026.750000 97.000000 1.300000 202.000000 0.500000 36.000000 281.037000 1030.560000 94.000000 3.400000 237.000000 0.000000 32.000000 278.937000 1030.150000 96.000000 1.300000 130.500000 0.000000 68.000000
2014-01-29T18:00:00Z 284.337000 1029.560000 87.000000 2.360000 221.500000 0.250000 76.000000 283.839000 1030.410000 93.000000 4.100000 208.001000 1.500000 92.000000 286.512000 1019.030000 82.000000 1.210000 279.000000 0.000000 44.000000 283.364000 1029.770000 97.000000 3.350000 221.501000 0.500000 24.000000 281.139000 1030.250000 99.000000 2.950000 123.001000 0.500000 92.000000
2014-01-29T17:00:00Z 284.337000 1029.560000 87.000000 2.360000 221.500000 0.250000 76.000000 283.839000 1030.410000 93.000000 4.100000 208.001000 1.500000 92.000000 286.512000 1019.030000 82.000000 1.210000 279.000000 0.000000 44.000000 283.364000 1029.770000 97.000000 3.350000 221.501000 0.500000 24.000000 281.139000 1030.250000 99.000000 2.950000 123.001000 0.500000 92.000000
2014-01-29T16:00:00Z 285.374000 1030.540000 74.000000 2.960000 238.000000 -1.000000 92.000000 283.839000 1030.410000 93.000000 4.100000 208.001000 1.500000 92.000000 286.512000 1019.030000 82.000000 1.210000 279.000000 0.000000 44.000000 283.364000 1029.770000 97.000000 3.350000 221.501000 0.500000 24.000000 281.139000 1030.250000 99.000000 2.950000 123.001000 0.500000 92.000000
2014-01-29T15:00:00Z 286.796000 1030.830000 64.000000 4.850000 179.502000 -1.000000 92.000000 284.836000 1031.280000 91.000000 4.460000 170.000000 1.000000 92.000000 284.411000 1026.660000 82.000000 1.960000 219.000000 -1.000000 88.000000 283.311000 1030.470000 100.000000 4.110000 173.500000 1.500000 92.000000 281.468000 1030.330000 100.000000 3.260000 150.501000 0.550000 92.000000
2014-01-29T14:00:00Z 286.796000 1030.830000 64.000000 4.850000 179.502000 -1.000000 92.000000 285.096000 1031.070000 97.000000 3.850000 184.502000 1.000000 92.000000 284.411000 1026.660000 82.000000 1.960000 219.000000 -1.000000 88.000000 283.311000 1030.470000 100.000000 4.110000 173.500000 1.500000 92.000000 281.736000 1032.170000 100.000000 2.710000 133.500000 2.000000 92.000000
2014-01-29T13:00:00Z 286.796000 1030.830000 64.000000 4.850000 179.502000 -1.000000 92.000000 284.836000 1031.280000 91.000000 4.460000 170.000000 1.000000 92.000000 284.411000 1026.660000 82.000000 1.960000 219.000000 -1.000000 88.000000 283.311000 1030.470000 100.000000 4.110000 173.500000 1.500000 92.000000 281.521000 1031.880000 100.000000 3.000000 153.002000 2.000000 92.000000
2014-01-29T12:00:00Z 284.745000 1034.340000 85.000000 5.110000 152.001000 -1.000000 92.000000 284.836000 1031.280000 91.000000 4.460000 170.000000 1.000000 92.000000 282.545000 1029.500000 93.000000 3.610000 143.500000 -1.000000 80.000000 282.395000 1033.720000 100.000000 4.210000 128.500000 1.000000 100.000000 280.195000 1035.500000 100.000000 3.860000 135.500000 1.000000 92.000000
2014-02-01T21:00:00Z 288.137000 1025.800000 77.000000 3.220000 295.002000 -1.000000 0.000000 287.552000 1025.840000 76.000000 2.750000 268.501000 -1.000000 12.000000 287.552000 1021.550000 80.000000 2.300000 262.001000 -1.000000 0.000000 287.152000 1025.120000 89.000000 2.000000 262.501000 -1.000000 0.000000 287.627000 1025.120000 92.000000 3.300000 250.001000 0.000000 0.000000
2014-02-01T20:00:00Z 288.137000 1025.800000 77.000000 3.220000 295.002000 -1.000000 0.000000 287.552000 1025.840000 76.000000 2.750000 268.501000 -1.000000 12.000000 287.552000 1021.550000 80.000000 2.300000 262.001000 -1.000000 0.000000 287.152000 1025.120000 89.000000 2.000000 262.501000 -1.000000 0.000000 285.612000 1025.890000 93.000000 2.520000 330.002000 -1.000000 48.000000
2014-02-01T19:00:00Z 288.137000 1025.800000 77.000000 3.220000 295.002000 -1.000000 0.000000 287.962000 1025.560000 89.000000 2.820000 269.502000 -1.000000 0.000000 287.552000 1021.550000 80.000000 2.300000 262.001000 -1.000000 0.000000 289.462000 1024.990000 90.000000 2.720000 301.002000 -1.000000 68.000000 287.627000 1025.120000 92.000000 3.300000 250.001000 0.000000 0.000000
2014-02-01T18:00:00Z 293.382000 1024.450000 58.000000 4.620000 277.007000 -1.000000 0.000000 293.332000 1024.450000 61.000000 4.570000 269.507000 -1.000000 48.000000 293.003000 1020.660000 63.000000 3.200000 259.500000 -1.000000 12.000000 292.878000 1024.470000 68.000000 4.300000 272.500000 -1.000000 20.000000 292.403000 1023.980000 76.000000 4.000000 251.500000 0.000000 64.000000
2014-02-01T17:00:00Z 293.382000 1024.450000 58.000000 4.620000 277.007000 -1.000000 0.000000 292.903000 1024.550000 54.000000 4.150000 247.000000 -1.000000 0.000000 293.003000 1020.660000 63.000000 3.200000 259.500000 -1.000000 12.000000 292.878000 1024.470000 68.000000 4.300000 272.500000 -1.000000 20.000000 292.403000 1023.980000 76.000000 4.000000 251.500000 0.000000 64.000000
2014-02-01T16:00:00Z 293.382000 1024.450000 58.000000 4.620000 277.007000 -1.000000 0.000000 292.903000 1024.550000 54.000000 4.150000 247.000000 -1.000000 0.000000 293.003000 1020.660000 63.000000 3.200000 259.500000 -1.000000 12.000000 292.878000 1024.470000 68.000000 4.300000 272.500000 -1.000000 20.000000 289.857000 1024.690000 85.000000 2.970000 302.507000 -1.000000 32.000000
2014-02-01T15:00:00Z 295.686000 1024.720000 51.000000 5.020000 229.507000 -1.000000 0.000000 297.611000 1024.230000 50.000000 6.170000 232.007000 -1.000000 0.000000 295.392000 1020.450000 58.000000 4.910000 231.000000 -1.000000 0.000000 296.467000 1024.020000 59.000000 6.210000 247.500000 -1.000000 8.000000 294.942000 1024.020000 74.000000 3.960000 222.000000 0.000000 0.000000
2014-02-01T14:00:00Z 295.686000 1024.720000 51.000000 5.020000 229.507000 -1.000000 0.000000 297.611000 1024.230000 50.000000 6.170000 232.007000 -1.000000 0.000000 295.392000 1020.450000 58.000000 4.910000 231.000000 -1.000000 0.000000 296.467000 1024.020000 59.000000 6.210000 247.500000 -1.000000 8.000000 294.942000 1024.020000 74.000000 3.960000 222.000000 0.000000 0.000000
2014-02-01T13:00:00Z 295.686000 1024.720000 51.000000 5.020000 229.507000 -1.000000 0.000000 294.517000 1024.830000 53.000000 5.110000 216.000000 -1.000000 0.000000 295.392000 1020.450000 58.000000 4.910000 231.000000 -1.000000 0.000000 296.467000 1024.020000 59.000000 6.210000 247.500000 -1.000000 8.000000 294.942000 1024.020000 74.000000 3.960000 222.000000 0.000000 0.000000
2014-02-01T12:00:00Z 292.614000 1027.240000 62.000000 4.020000 180.510000 -1.000000 44.000000 293.514000 1026.680000 65.000000 4.470000 184.010000 -1.000000 8.000000 293.245000 1023.070000 76.000000 2.210000 202.001000 -1.000000 0.000000 295.045000 1025.820000 65.000000 4.510000 200.501000 -1.000000 0.000000 289.920000 1026.470000 94.000000 3.460000 154.501000 2.000000 0.000000
2014-02-01T11:00:00Z 292.614000 1027.240000 62.000000 4.020000 180.510000 -1.000000 44.000000 290.770000 1027.200000 66.000000 5.160000 178.501000 -1.000000 44.000000 295.764000 1017.430000 63.000000 2.320000 207.510000 -1.000000 0.000000 295.045000 1025.820000 65.000000 4.510000 200.501000 -1.000000 0.000000 289.920000 1026.470000 94.000000 3.460000 154.501000 2.000000 0.000000
2014-02-01T10:00:00Z 292.614000 1027.240000 62.000000 4.020000 180.510000 -1.000000 44.000000 290.770000 1027.200000 66.000000 5.160000 178.501000 -1.000000 44.000000 293.245000 1023.070000 76.000000 2.210000 202.001000 -1.000000 0.000000 295.045000 1025.820000 65.000000 4.510000 200.501000 -1.000000 0.000000 289.920000 1026.470000 94.000000 3.460000 154.501000 2.000000 0.000000
2014-02-19T21:00:00Z 276.119000 1040.290000 86.000000 3.560000 332.501000 -1.000000 0.000000 274.369000 1040.290000 70.000000 2.960000 340.501000 -1.000000 0.000000 275.119000 1030.160000 80.000000 2.660000 298.001000 -1.000000 0.000000 274.044000 1039.810000 77.000000 2.660000 288.001000 -1.000000 0.000000 273.294000 1040.940000 67.000000 3.310000 39.001000 -1.000000 0.000000
2014-02-19T20:00:00Z 276.119000 1040.290000 86.000000 3.560000 332.501000 -1.000000 0.000000 274.369000 1040.290000 70.000000 2.960000 340.501000 -1.000000 0.000000 275.119000 1030.160000 80.000000 2.660000 298.001000 -1.000000 0.000000 274.044000 1039.810000 77.000000 2.660000 288.001000 -1.000000 0.000000 273.294000 1040.940000 67.000000 3.310000 39.001000 -1.000000 0.000000
2014-02-19T19:00:00Z 276.119000 1040.290000 86.000000 3.560000 332.501000 -1.000000 0.000000 274.369000 1040.290000 70.000000 2.960000 340.501000 -1.000000 0.000000 275.119000 1030.160000 80.000000 2.660000 298.001000 -1.000000 0.000000 274.044000 1039.810000 77.000000 2.660000 288.001000 -1.000000 0.000000 273.294000 1040.940000 67.000000 3.310000 39.001000 -1.000000 0.000000
2014-02-19T18:00:00Z 276.119000 1040.290000 86.000000 3.560000 332.501000 -1.000000 0.000000 274.369000 1040.290000 70.000000 2.960000 340.501000 -1.000000 0.000000 279.274000 1029.000000 73.000000 3.810000 315.500000 -1.000000 24.000000 274.044000 1039.810000 77.000000 2.660000 288.001000 -1.000000 0.000000 273.294000 1040.940000 67.000000 3.310000 39.001000 -1.000000 0.000000
2014-02-19T17:00:00Z 279.974000 1039.370000 72.000000 4.560000 318.000000 -1.000000 0.000000 279.974000 1039.130000 57.000000 3.860000 328.000000 -1.000000 0.000000 279.274000 1029.000000 73.000000 3.810000 315.500000 -1.000000 24.000000 280.449000 1038.720000 54.000000 3.960000 310.000000 -1.000000 0.000000 279.974000 1039.450000 54.000000 2.860000 353.000000 -1.000000 0.000000
2014-02-19T16:00:00Z 279.974000 1039.370000 72.000000 4.560000 318.000000 -1.000000 0.000000 279.974000 1039.130000 57.000000 3.860000 328.000000 -1.000000 0.000000 279.274000 1029.000000 73.000000 3.810000 315.500000 -1.000000 24.000000 280.449000 1038.720000 54.000000 3.960000 310.000000 -1.000000 0.000000 279.974000 1039.450000 54.000000 2.860000 353.000000 -1.000000 0.000000
2014-02-19T15:00:00Z 279.974000 1039.370000 72.000000 4.560000 318.000000 -1.000000 0.000000 279.974000 1039.130000 57.000000 3.860000 328.000000 -1.000000 0.000000 279.847000 1028.880000 77.000000 3.770000 316.504000 -1.000000 44.000000 280.854000 1038.090000 63.000000 4.100000 314.500000 0.000000 0.000000 280.504000 1039.150000 68.000000 2.300000 322.000000 -1.000000 56.000000
2014-02-19T14:00:00Z 280.654000 1038.340000 81.000000 6.100000 324.500000 0.000000 56.000000 279.054000 1038.740000 80.000000 5.000000 339.000000 0.000000 92.000000 279.847000 1028.880000 77.000000 3.770000 316.504000 -1.000000 44.000000 280.854000 1038.090000 63.000000 4.100000 314.500000 0.000000 0.000000 280.504000 1039.150000 68.000000 2.300000 322.000000 -1.000000 56.000000
2014-02-19T13:00:00Z 280.654000 1038.340000 81.000000 6.100000 324.500000 0.000000 56.000000 279.054000 1038.740000 80.000000 5.000000 339.000000 0.000000 92.000000 278.713000 1030.390000 85.000000 4.320000 315.500000 0.000000 8.000000 280.854000 1038.090000 63.000000 4.100000 314.500000 0.000000 0.000000 279.213000 1041.180000 66.000000 3.370000 333.500000 0.000000 56.000000
2014-02-19T12:00:00Z 279.263000 1040.690000 92.000000 5.570000 322.000000 0.000000 32.000000 277.188000 1040.690000 92.000000 4.570000 324.000000 0.000000 92.000000 278.713000 1030.390000 85.000000 4.320000 315.500000 0.000000 8.000000 279.113000 1040.530000 78.000000 4.020000 313.000000 0.000000 0.000000 279.213000 1041.180000 66.000000 3.370000 333.500000 0.000000 56.000000
2014-02-19T11:00:00Z 279.263000 1040.690000 92.000000 5.570000 322.000000 0.000000 32.000000 277.188000 1040.690000 92.000000 4.570000 324.000000 0.000000 92.000000 278.713000 1030.390000 85.000000 4.320000 315.500000 0.000000 8.000000 279.113000 1040.530000 78.000000 4.020000 313.000000 0.000000 0.000000 279.213000 1041.180000 66.000000 3.370000 333.500000 0.000000 56.000000
2014-02-19T10:00:00Z 279.263000 1040.690000 92.000000 5.570000 322.000000 0.000000 32.000000 277.188000 1040.690000 92.000000 4.570000 324.000000 0.000000 92.000000 278.713000 1030.390000 85.000000 4.320000 315.500000 0.000000 8.000000 279.113000 1040.530000 78.000000 4.020000 313.000000 0.000000 0.000000 279.213000 1041.180000 66.000000 3.370000 333.500000 0.000000 56.000000
2014-04-17T08:00:00Z 291.384000 1022.620000 90.000000 1.650000 63.001100 -1.000000 92.000000 290.609000 1022.950000 92.000000 2.000000 25.001100 -1.000000 92.000000 292.534000 1012.170000 93.000000 1.800000 124.501000 -1.000000 68.000000 293.130000 1018.330000 98.000000 3.910000 189.001000 14.000000 92.000000 286.984000 1023.680000 95.000000 2.350000 352.001000 -1.000000 92.000000
2014-04-17T07:00:00Z 292.930000 1020.680000 97.000000 2.960000 115.001000 4.000000 80.000000 292.780000 1019.950000 98.000000 4.210000 152.001000 16.000000 92.000000 292.534000 1012.170000 93.000000 1.800000 124.501000 -1.000000 68.000000 288.459000 1021.890000 100.000000 1.500000 124.001000 11.500000 92.000000 286.984000 1023.680000 95.000000 2.350000 352.001000 -1.000000 92.000000
2014-04-17T06:00:00Z 290.890000 1019.530000 93.000000 2.570000 160.501000 0.000000 88.000000 291.690000 1019.780000 96.000000 2.370000 118.001000 4.000000 92.000000 287.553000 1011.600000 94.000000 1.170000 104.500000 -1.000000 48.000000 287.453000 1021.000000 97.000000 1.320000 53.000000 1.000000 92.000000 286.053000 1022.620000 97.000000 1.970000 8.000000 -1.000000 92.000000
2014-04-17T05:00:00Z 290.890000 1019.530000 93.000000 2.570000 160.501000 0.000000 88.000000 291.690000 1019.780000 96.000000 2.370000 118.001000 4.000000 92.000000 287.553000 1011.600000 94.000000 1.170000 104.500000 -1.000000 48.000000 287.453000 1021.000000 97.000000 1.320000 53.000000 1.000000 92.000000 286.053000 1022.620000 97.000000 1.970000 8.000000 -1.000000 92.000000
2014-04-17T04:00:00Z 290.890000 1019.530000 93.000000 2.570000 160.501000 0.000000 88.000000 286.503000 1022.140000 98.000000 1.620000 24.000000 -1.000000 88.000000 287.553000 1011.600000 94.000000 1.170000 104.500000 -1.000000 48.000000 287.453000 1021.000000 97.000000 1.320000 53.000000 1.000000 92.000000 289.690000 1018.880000 98.000000 2.520000 144.001000 0.000000 92.000000
2014-04-17T03:00:00Z 291.146000 1019.950000 96.000000 2.720000 112.502000 2.000000 88.000000 291.396000 1020.110000 97.000000 3.070000 165.002000 2.000000 92.000000 288.518000 1012.090000 94.000000 1.170000 168.500000 -1.000000 68.000000 286.818000 1021.250000 92.000000 1.270000 45.000400 -1.000000 48.000000 289.646000 1019.950000 99.000000 2.520000 132.502000 0.000000 88.000000
2014-04-17T02:00:00Z 288.068000 1022.150000 90.000000 0.720000 179.500000 -1.000000 88.000000 286.368000 1022.150000 96.000000 1.270000 355.500000 -1.000000 36.000000 288.518000 1012.090000 94.000000 1.170000 168.500000 -1.000000 68.000000 286.818000 1021.250000 92.000000 1.270000 45.000400 -1.000000 48.000000 285.268000 1022.880000 98.000000 1.420000 70.000400 -1.000000 88.000000
2014-04-17T01:00:00Z 288.068000 1022.150000 90.000000 0.720000 179.500000 -1.000000 88.000000 286.368000 1022.150000 96.000000 1.270000 355.500000 -1.000000 36.000000 288.518000 1012.090000 94.000000 1.170000 168.500000 -1.000000 68.000000 287.617000 1022.060000 88.000000 1.960000 61.501000 -1.000000 20.000000 285.268000 1022.880000 98.000000 1.420000 70.000400 -1.000000 88.000000
2014-04-17T00:00:00Z 291.072000 1021.690000 95.000000 3.010000 136.002000 0.000000 100.000000 288.767000 1022.780000 92.000000 3.010000 30.501000 -1.000000 0.000000 289.417000 1013.300000 93.000000 1.160000 142.001000 -1.000000 36.000000 287.617000 1022.060000 88.000000 1.960000 61.501000 -1.000000 20.000000 285.317000 1024.080000 96.000000 2.510000 78.001000 -1.000000 20.000000
2014-04-16T23:00:00Z 291.072000 1021.690000 95.000000 3.010000 136.002000 0.000000 100.000000 288.767000 1022.780000 92.000000 3.010000 30.501000 -1.000000 0.000000 289.417000 1013.300000 93.000000 1.160000 142.001000 -1.000000 36.000000 290.522000 1020.070000 97.000000 2.910000 155.502000 2.000000 92.000000 289.672000 1021.850000 98.000000 3.260000 131.502000 0.000000 92.000000
2014-04-16T22:00:00Z 288.167000 1023.190000 89.000000 1.110000 188.001000 -1.000000 8.000000 288.767000 1022.780000 92.000000 3.010000 30.501000 -1.000000 0.000000 289.417000 1013.300000 93.000000 1.160000 142.001000 -1.000000 36.000000 287.617000 1022.060000 88.000000 1.960000 61.501000 -1.000000 20.000000 289.672000 1021.850000 98.000000 3.260000 131.502000 0.000000 92.000000
2014-04-16T21:00:00Z 289.812000 1022.700000 88.000000 1.040000 221.006000 -1.000000 0.000000 291.962000 1022.460000 78.000000 2.440000 359.506000 -1.000000 64.000000 290.912000 1012.650000 93.000000 0.540000 104.006000 -1.000000 48.000000 289.862000 1021.650000 86.000000 1.790000 22.506000 -1.000000 0.000000 287.712000 1024.080000 85.000000 3.640000 75.506000 -1.000000 12.000000
2014-05-21T10:00:00Z 300.025000 1022.260000 78.000000 1.860000 152.502000 -1.000000 0.000000 301.425000 1022.010000 74.000000 1.960000 144.002000 -1.000000 20.000000 299.775000 1012.200000 79.000000 2.110000 138.502000 -1.000000 36.000000 301.975000 1020.640000 71.000000 2.460000 128.502000 -1.000000 36.000000 302.675000 1021.610000 69.000000 3.010000 222.502000 -1.000000 0.000000
2014-05-21T09:00:00Z 295.640000 1022.460000 87.000000 1.960000 138.002000 -1.000000 8.000000 295.640000 1022.460000 84.000000 2.060000 166.002000 -1.000000 8.000000 296.090000 1012.410000 86.000000 1.810000 134.002000 -1.000000 12.000000 297.440000 1021.080000 82.000000 2.060000 118.502000 -1.000000 0.000000 297.040000 1021.970000 78.000000 2.960000 211.002000 -1.000000 0.000000
2014-05-21T08:00:00Z 295.640000 1022.460000 87.000000 1.960000 138.002000 -1.000000 8.000000 295.640000 1022.460000 84.000000 2.060000 166.002000 -1.000000 8.000000 296.090000 1012.410000 86.000000 1.810000 134.002000 -1.000000 12.000000 297.440000 1021.080000 82.000000 2.060000 118.502000 -1.000000 0.000000 297.040000 1021.970000 78.000000 2.960000 211.002000 -1.000000 0.000000
2014-05-21T07:00:00Z 295.640000 1022.460000 87.000000 1.960000 138.002000 -1.000000 8.000000 295.640000 1022.460000 84.000000 2.060000 166.002000 -1.000000 8.000000 289.644000 1011.830000 90.000000 0.810000 159.501000 -1.000000 44.000000 297.440000 1021.080000 82.000000 2.060000 118.502000 -1.000000 0.000000 297.040000 1021.970000 78.000000 2.960000 211.002000 -1.000000 0.000000
2014-05-21T06:00:00Z 290.444000 1022.290000 100.000000 3.310000 152.501000 -1.000000 64.000000 288.794000 1021.960000 95.000000 1.310000 149.501000 -1.000000 32.000000 289.644000 1011.830000 90.000000 0.810000 159.501000 -1.000000 44.000000 290.944000 1020.590000 88.000000 2.110000 136.001000 -1.000000 8.000000 287.844000 1021.150000 88.000000 1.260000 171.501000 -1.000000 0.000000
2014-05-21T05:00:00Z 290.444000 1022.290000 100.000000 3.310000 152.501000 -1.000000 64.000000 288.794000 1021.960000 95.000000 1.310000 149.501000 -1.000000 32.000000 289.644000 1011.830000 90.000000 0.810000 159.501000 -1.000000 44.000000 290.944000 1020.590000 88.000000 2.110000 136.001000 -1.000000 8.000000 287.844000 1021.150000 88.000000 1.260000 171.501000 -1.000000 0.000000
2014-05-21T04:00:00Z 290.444000 1022.290000 100.000000 3.310000 152.501000 -1.000000 64.000000 288.794000 1021.960000 95.000000 1.310000 149.501000 -1.000000 32.000000 289.644000 1011.830000 90.000000 0.810000 159.501000 -1.000000 44.000000 290.944000 1020.590000 88.000000 2.110000 136.001000 -1.000000 8.000000 287.844000 1021.150000 88.000000 1.260000 171.501000 -1.000000 0.000000
2014-05-21T03:00:00Z 291.957000 1021.740000 88.000000 3.760000 118.504000 -1.000000 64.000000 290.607000 1021.500000 87.000000 2.760000 112.004000 -1.000000 76.000000 291.057000 1011.610000 87.000000 1.210000 182.004000 -1.000000 80.000000 292.307000 1020.040000 79.000000 2.510000 129.504000 -1.000000 76.000000 289.457000 1021.090000 91.000000 1.960000 158.004000 -1.000000 0.000000
2014-05-21T02:00:00Z 291.957000 1021.740000 88.000000 3.760000 118.504000 -1.000000 64.000000 290.607000 1021.500000 87.000000 2.760000 112.004000 -1.000000 76.000000 291.057000 1011.610000 87.000000 1.210000 182.004000 -1.000000 80.000000 292.307000 1020.040000 79.000000 2.510000 129.504000 -1.000000 76.000000 289.457000 1021.090000 91.000000 1.960000 158.004000 -1.000000 0.000000
2014-05-21T01:00:00Z 291.957000 1021.740000 88.000000 3.760000 118.504000 -1.000000 64.000000 290.607000 1021.500000 87.000000 2.760000 112.004000 -1.000000 76.000000 291.057000 1011.610000 87.000000 1.210000 182.004000 -1.000000 80.000000 292.307000 1020.040000 79.000000 2.510000 129.504000 -1.000000 76.000000 289.457000 1021.090000 91.000000 1.960000 158.004000 -1.000000 0.000000
2014-05-21T00:00:00Z 293.775000 1021.440000 78.000000 3.680000 72.501200 -1.000000 76.000000 292.425000 1021.440000 76.000000 3.480000 96.501200 -1.000000 76.000000 291.425000 1011.220000 85.000000 1.180000 195.501000 -1.000000 76.000000 293.275000 1019.820000 79.000000 1.480000 117.001000 -1.000000 88.000000 291.275000 1020.950000 83.000000 3.880000 139.001000 -1.000000 8.000000
2014-05-20T23:00:00Z 293.775000 1021.440000 78.000000 3.680000 72.501200 -1.000000 76.000000 292.425000 1021.440000 76.000000 3.480000 96.501200 -1.000000 76.000000 291.425000 1011.220000 85.000000 1.180000 195.501000 -1.000000 76.000000 293.275000 1019.820000 79.000000 1.480000 117.001000 -1.000000 88.000000 291.275000 1020.950000 83.000000 3.880000 139.001000 -1.000000 8.000000
2014-07-10T17:00:00Z 304.040000 1013.190000 74.000000 1.760000 320.001000 -1.000000 0.000000 305.366000 1012.740000 55.000000 2.600000 81.001000 -1.000000 0.000000 302.866000 1003.180000 82.000000 1.900000 120.001000 0.000000 0.000000 305.216000 1011.280000 65.000000 1.900000 96.501000 0.000000 64.000000 305.416000 1013.070000 57.000000 1.950000 76.001000 -1.000000 0.000000
2014-07-10T16:00:00Z 304.466000 1012.500000 65.000000 1.700000 98.501000 -1.000000 0.000000 305.366000 1012.740000 55.000000 2.600000 81.001000 -1.000000 0.000000 302.866000 1003.180000 82.000000 1.900000 120.001000 0.000000 0.000000 305.216000 1011.280000 65.000000 1.900000 96.501000 0.000000 64.000000 305.416000 1013.070000 57.000000 1.950000 76.001000 -1.000000 0.000000
2014-07-10T15:00:00Z 304.159000 1013.460000 80.000000 2.060000 285.510000 -1.000000 0.000000 299.809000 1014.110000 100.000000 1.360000 123.510000 6.000000 92.000000 304.409000 1003.740000 85.000000 1.060000 291.010000 2.000000 48.000000 306.201000 1011.930000 69.000000 0.790000 138.505000 0.000000 12.000000 305.059000 1013.870000 54.000000 3.410000 11.009700 -1.000000 24.000000
2014-07-10T14:00:00Z 304.159000 1013.460000 80.000000 2.060000 285.510000 -1.000000 0.000000 299.809000 1014.110000 100.000000 1.360000 123.510000 6.000000 92.000000 304.409000 1003.740000 85.000000 1.060000 291.010000 2.000000 48.000000 306.201000 1011.930000 69.000000 0.790000 138.505000 0.000000 12.000000 306.101000 1013.540000 62.000000 1.070000 312.005000 -1.000000 0.000000
2014-07-10T13:00:00Z 304.159000 1013.460000 80.000000 2.060000 285.510000 -1.000000 0.000000 299.809000 1014.110000 100.000000 1.360000 123.510000 6.000000 92.000000 304.409000 1003.740000 85.000000 1.060000 291.010000 2.000000 48.000000 306.201000 1011.930000 69.000000 0.790000 138.505000 0.000000 12.000000 306.101000 1013.540000 62.000000 1.070000 312.005000 -1.000000 0.000000
2014-07-10T12:00:00Z 303.282000 1014.930000 81.000000 1.620000 81.001900 -1.000000 0.000000 304.632000 1014.690000 63.000000 2.520000 50.501900 -1.000000 0.000000 299.882000 1005.530000 100.000000 1.620000 169.002000 1.000000 92.000000 304.682000 1013.390000 84.000000 2.220000 80.501900 0.000000 12.000000 304.350000 1014.390000 64.000000 3.010000 346.500000 -1.000000 12.000000
2014-07-10T11:00:00Z 303.282000 1014.930000 81.000000 1.620000 81.001900 -1.000000 0.000000 299.650000 1014.640000 100.000000 1.610000 306.000000 7.000000 88.000000 304.200000 1004.750000 86.000000 0.460000 201.500000 -1.000000 36.000000 304.682000 1013.390000 84.000000 2.220000 80.501900 0.000000 12.000000 304.532000 1015.010000 66.000000 1.470000 120.002000 -1.000000 0.000000
2014-07-10T10:00:00Z 303.200000 1014.560000 88.000000 1.660000 244.500000 -1.000000 20.000000 304.632000 1014.690000 63.000000 2.520000 50.501900 -1.000000 0.000000 299.882000 1005.530000 100.000000 1.620000 169.002000 1.000000 92.000000 304.682000 1013.390000 84.000000 2.220000 80.501900 0.000000 12.000000 304.532000 1015.010000 66.000000 1.470000 120.002000 -1.000000 0.000000
2014-07-10T09:00:00Z 300.792000 1015.020000 94.000000 1.430000 353.503000 -1.000000 8.000000 304.632000 1014.690000 63.000000 2.520000 50.501900 -1.000000 0.000000 299.882000 1005.530000 100.000000 1.620000 169.002000 1.000000 92.000000 302.245000 1013.680000 90.000000 1.710000 49.502300 0.000000 0.000000 304.532000 1015.010000 66.000000 1.470000 120.002000 -1.000000 0.000000
2014-07-10T08:00:00Z 300.792000 1015.020000 94.000000 1.430000 353.503000 -1.000000 8.000000 299.542000 1015.020000 96.000000 1.630000 331.503000 -1.000000 88.000000 301.342000 1005.140000 91.000000 0.730000 211.003000 -1.000000 64.000000 302.245000 1013.680000 90.000000 1.710000 49.502300 0.000000 0.000000 299.845000 1015.220000 71.000000 1.860000 342.002000 -1.000000 0.000000
2014-07-10T07:00:00Z 300.995000 1014.970000 90.000000 1.660000 36.002300 -1.000000 0.000000 300.845000 1014.810000 80.000000 1.960000 21.502300 -1.000000 0.000000 298.895000 1005.490000 97.000000 1.610000 240.002000 1.000000 100.000000 302.245000 1013.680000 90.000000 1.710000 49.502300 0.000000 0.000000 300.642000 1015.020000 88.000000 2.080000 294.503000 -1.000000 0.000000
2014-07-10T06:00:00Z 296.999000 1014.520000 95.000000 1.260000 249.500000 -1.000000 12.000000 295.340000 1013.870000 94.000000 1.210000 344.503000 -1.000000 0.000000 296.890000 1004.230000 95.000000 0.860000 236.003000 -1.000000 64.000000 297.190000 1012.820000 94.000000 0.610000 52.502900 0.000000 0.000000 294.349000 1014.600000 92.000000 1.260000 254.000000 -1.000000 0.000000
2014-11-06T04:00:00Z 286.144000 1033.270000 96.000000 4.190000 314.503000 -1.000000 0.000000 284.819000 1033.520000 83.000000 4.770000 319.503000 -1.000000 0.000000 285.194000 1023.380000 80.000000 2.070000 293.003000 -1.000000 44.000000 282.644000 1033.520000 93.000000 3.920000 322.003000 -1.000000 0.000000 279.819000 1034.570000 89.000000 3.190000 342.003000 -1.000000 0.000000
2014-11-06T03:00:00Z 287.135000 1032.620000 90.000000 3.850000 328.502000 -1.000000 64.000000 286.935000 1032.620000 73.000000 3.250000 344.002000 -1.000000 64.000000 286.010000 1023.060000 73.000000 2.430000 300.002000 -1.000000 88.000000 285.185000 1032.540000 81.000000 1.830000 316.002000 -1.000000 36.000000 281.885000 1033.680000 80.000000 2.580000 295.002000 -1.000000 0.000000
2014-11-06T02:00:00Z 287.135000 1032.620000 90.000000 3.850000 328.502000 -1.000000 64.000000 286.935000 1032.620000 73.000000 3.250000 344.002000 -1.000000 64.000000 286.010000 1023.060000 73.000000 2.430000 300.002000 -1.000000 88.000000 285.185000 1032.540000 81.000000 1.830000 316.002000 -1.000000 36.000000 281.885000 1033.680000 80.000000 2.580000 295.002000 -1.000000 0.000000
2014-11-06T01:00:00Z 287.135000 1032.620000 90.000000 3.850000 328.502000 -1.000000 64.000000 286.935000 1032.620000 73.000000 3.250000 344.002000 -1.000000 64.000000 286.010000 1023.060000 73.000000 2.430000 300.002000 -1.000000 88.000000 285.185000 1032.540000 81.000000 1.830000 316.002000 -1.000000 36.000000 281.885000 1033.680000 80.000000 2.580000 295.002000 -1.000000 0.000000
2014-11-06T00:00:00Z 287.404000 1032.020000 87.000000 3.550000 312.505000 -1.000000 56.000000 286.804000 1031.850000 75.000000 4.320000 333.505000 -1.000000 64.000000 286.554000 1022.290000 68.000000 2.570000 301.005000 -1.000000 80.000000 287.229000 1031.610000 69.000000 3.500000 340.505000 -1.000000 80.000000 284.254000 1032.660000 83.000000 1.270000 309.505000 -1.000000 64.000000
2014-11-05T23:00:00Z 287.404000 1032.020000 87.000000 3.550000 312.505000 -1.000000 56.000000 286.804000 1031.850000 75.000000 4.320000 333.505000 -1.000000 64.000000 286.554000 1022.290000 68.000000 2.570000 301.005000 -1.000000 80.000000 287.229000 1031.610000 69.000000 3.500000 340.505000 -1.000000 80.000000 284.254000 1032.660000 83.000000 1.270000 309.505000 -1.000000 64.000000
2014-11-05T22:00:00Z 287.404000 1032.020000 87.000000 3.550000 312.505000 -1.000000 56.000000 286.052000 1031.050000 69.000000 2.700000 259.001000 -1.000000 32.000000 286.302000 1021.080000 70.000000 1.800000 332.501000 -1.000000 64.000000 287.229000 1031.610000 69.000000 3.500000 340.505000 -1.000000 80.000000 284.254000 1032.660000 83.000000 1.270000 309.505000 -1.000000 64.000000
2014-11-05T21:00:00Z 287.477000 1031.210000 81.000000 2.800000 301.501000 -1.000000 44.000000 286.052000 1031.050000 69.000000 2.700000 259.001000 -1.000000 32.000000 286.302000 1021.080000 70.000000 1.800000 332.501000 -1.000000 64.000000 287.627000 1030.570000 67.000000 3.730000 319.501000 -1.000000 76.000000 285.527000 1032.270000 73.000000 2.950000 289.501000 -1.000000 92.000000
2014-11-05T20:00:00Z 287.477000 1031.210000 81.000000 2.800000 301.501000 -1.000000 44.000000 286.052000 1031.050000 69.000000 2.700000 259.001000 -1.000000 32.000000 286.302000 1021.080000 70.000000 1.800000 332.501000 -1.000000 64.000000 287.627000 1030.570000 67.000000 3.730000 319.501000 -1.000000 76.000000 285.527000 1032.270000 73.000000 2.950000 289.501000 -1.000000 92.000000
2014-11-05T19:00:00Z 287.477000 1031.210000 81.000000 2.800000 301.501000 -1.000000 44.000000 286.052000 1031.050000 69.000000 2.700000 259.001000 -1.000000 32.000000 286.302000 1021.080000 70.000000 1.800000 332.501000 -1.000000 64.000000 287.627000 1030.570000 67.000000 3.730000 319.501000 -1.000000 76.000000 285.527000 1032.270000 73.000000 2.950000 289.501000 -1.000000 92.000000
2014-11-05T18:00:00Z 291.577000 1029.660000 68.000000 1.140000 238.005000 -1.000000 0.000000 291.077000 1029.660000 64.000000 1.290000 193.005000 -1.000000 8.000000 286.302000 1021.080000 70.000000 1.800000 332.501000 -1.000000 64.000000 290.777000 1029.180000 65.000000 1.610000 262.505000 -1.000000 36.000000 288.527000 1030.720000 73.000000 1.340000 217.505000 -1.000000 88.000000
2014-11-05T17:00:00Z 291.577000 1029.660000 68.000000 1.140000 238.005000 -1.000000 0.000000 291.077000 1029.660000 64.000000 1.290000 193.005000 -1.000000 8.000000 290.802000 1019.530000 62.000000 0.760000 356.005000 -1.000000 24.000000 290.777000 1029.180000 65.000000 1.610000 262.505000 -1.000000 36.000000 288.527000 1030.720000 73.000000 1.340000 217.505000 -1.000000 88.000000
2014-11-11T22:00:00Z 286.470000 1031.910000 96.000000 4.770000 264.503000 -1.000000 12.000000 285.207000 1032.170000 87.000000 3.060000 298.500000 -1.000000 0.000000 284.275000 1023.280000 92.000000 2.480000 279.002000 -1.000000 32.000000 281.982000 1031.920000 87.000000 1.610000 259.500000 -1.000000 0.000000 285.145000 1031.350000 73.000000 6.170000 310.503000 -1.000000 68.000000
2014-11-11T21:00:00Z 285.118000 1031.580000 95.000000 3.030000 237.001000 -1.000000 0.000000 285.618000 1031.090000 77.000000 3.080000 258.001000 -1.000000 32.000000 285.793000 1021.930000 91.000000 1.460000 279.501000 -1.000000 24.000000 284.543000 1030.690000 85.000000 3.510000 268.001000 -1.000000 24.000000 284.591000 1029.770000 78.000000 4.310000 252.504000 -1.000000 76.000000
2014-11-11T20:00:00Z 285.118000 1031.580000 95.000000 3.030000 237.001000 -1.000000 0.000000 285.618000 1031.090000 77.000000 3.080000 258.001000 -1.000000 32.000000 285.793000 1021.930000 91.000000 1.460000 279.501000 -1.000000 24.000000 284.543000 1030.690000 85.000000 3.510000 268.001000 -1.000000 24.000000 283.268000 1030.690000 86.000000 3.130000 262.501000 -1.000000 56.000000
2014-11-11T19:00:00Z 285.118000 1031.580000 95.000000 3.030000 237.001000 -1.000000 0.000000 285.618000 1031.090000 77.000000 3.080000 258.001000 -1.000000 32.000000 285.793000 1021.930000 91.000000 1.460000 279.501000 -1.000000 24.000000 284.543000 1030.690000 85.000000 3.510000 268.001000 -1.000000 24.000000 283.268000 1030.690000 86.000000 3.130000 262.501000 -1.000000 56.000000
2014-11-11T18:00:00Z 288.805000 1030.860000 77.000000 3.470000 255.000000 -1.000000 8.000000 289.605000 1030.210000 60.000000 3.500000 255.500000 -1.000000 76.000000 288.705000 1020.650000 74.000000 1.300000 276.000000 -1.000000 68.000000 289.255000 1029.320000 63.000000 3.420000 267.500000 -1.000000 12.000000 287.651000 1029.080000 63.000000 4.470000 249.002000 -1.000000 8.000000
2014-11-11T17:00:00Z 288.776000 1030.210000 76.000000 2.970000 262.502000 -1.000000 0.000000 289.605000 1030.210000 60.000000 3.500000 255.500000 -1.000000 76.000000 288.705000 1020.650000 74.000000 1.300000 276.000000 -1.000000 68.000000 289.255000 1029.320000 63.000000 3.420000 267.500000 -1.000000 12.000000 287.005000 1029.480000 69.000000 3.970000 259.000000 -1.000000 24.000000
2014-11-11T16:00:00Z 288.805000 1030.860000 77.000000 3.470000 255.000000 -1.000000 8.000000 289.605000 1030.210000 60.000000 3.500000 255.500000 -1.000000 76.000000 288.705000 1020.650000 74.000000 1.300000 276.000000 -1.000000 68.000000 289.255000 1029.320000 63.000000 3.420000 267.500000 -1.000000 12.000000 287.651000 1029.080000 63.000000 4.470000 249.002000 -1.000000 8.000000
2014-11-11T15:00:00Z 290.910000 1030.810000 72.000000 2.570000 259.500000 -1.000000 0.000000 291.960000 1030.320000 57.000000 2.620000 264.500000 -1.000000 0.000000 289.096000 1020.640000 79.000000 0.860000 244.501000 -1.000000 56.000000 291.696000 1029.630000 70.000000 2.110000 234.501000 -1.000000 12.000000 289.685000 1030.080000 68.000000 4.270000 258.000000 -1.000000 8.000000
2014-11-11T14:00:00Z 290.910000 1030.810000 72.000000 2.570000 259.500000 -1.000000 0.000000 291.960000 1030.320000 57.000000 2.620000 264.500000 -1.000000 0.000000 289.096000 1020.640000 79.000000 0.860000 244.501000 -1.000000 56.000000 291.696000 1029.630000 70.000000 2.110000 234.501000 -1.000000 12.000000 289.685000 1030.080000 68.000000 4.270000 258.000000 -1.000000 8.000000
2014-11-11T13:00:00Z 290.821000 1030.850000 69.000000 2.760000 271.001000 -1.000000 24.000000 291.960000 1030.320000 57.000000 2.620000 264.500000 -1.000000 0.000000 289.096000 1020.640000 79.000000 0.860000 244.501000 -1.000000 56.000000 291.696000 1029.630000 70.000000 2.110000 234.501000 -1.000000 12.000000 289.685000 1030.080000 68.000000 4.270000 258.000000 -1.000000 8.000000
2014-11-11T12:00:00Z 289.694000 1032.790000 73.000000 1.760000 353.503000 -1.000000 64.000000 290.783000 1033.480000 59.000000 2.070000 237.001000 -1.000000 44.000000 287.758000 1023.760000 85.000000 1.790000 325.001000 -1.000000 68.000000 290.108000 1032.760000 71.000000 2.020000 218.501000 -1.000000 48.000000 289.669000 1032.460000 73.000000 3.260000 231.003000 -1.000000 20.000000
2014-11-11T11:00:00Z 289.694000 1032.790000 73.000000 1.760000 353.503000 -1.000000 64.000000 290.783000 1033.480000 59.000000 2.070000 237.001000 -1.000000 44.000000 287.758000 1023.760000 85.000000 1.790000 325.001000 -1.000000 68.000000 290.108000 1032.760000 71.000000 2.020000 218.501000 -1.000000 48.000000 289.669000 1032.460000 73.000000 3.260000 231.003000 -1.000000 20.000000
