2013-06-02T15:00:00Z 238 285 48 47 2.549583 122
2013-06-02T16:00:00Z 212 258 47 43 2.224750 126
2013-06-02T17:00:00Z 180 246 48 42 1.983083 128
2013-06-02T18:00:00Z 168 196 48 48 1.766417 140
2013-06-02T19:00:00Z 156 174 50 45 1.741500 131
2013-06-02T20:00:00Z 152 178 51 40 1.816417 116
2013-06-02T21:00:00Z 151 168 51 38 1.808000 100
2013-06-02T22:00:00Z 153 133 48 34 1.699750 87
2013-06-02T23:00:00Z 146 139 46 30 1.749833 76
2013-06-03T00:00:00Z 145 138 44 24 1.658000 70
2013-06-03T01:00:00Z 159 154 46 20 1.616333 61
2013-06-03T02:00:00Z 160 147 43 20 1.666333 57
2013-06-03T03:00:00Z 166 166 53 16 1.754364 37
2013-06-03T04:00:00Z 170 181 55 14 1.741417 29
2013-06-03T05:00:00Z 158 157 53 12 1.745455 24
2013-06-03T06:00:00Z 164 169 53 11 1.849583 28
2013-06-03T07:00:00Z 171 180 61 17 1.899833 31
2013-06-03T08:00:00Z 184 214 66 30 1.949583 45
2013-06-03T09:00:00Z 180 189 52 36 1.808333 85
2013-06-03T10:00:00Z 165 167 43 35 1.608083 122
2013-06-03T11:00:00Z 144 65 35 30 1.399833 151
2013-06-03T12:00:00Z 103 143 27 24 1.116667 176
2013-06-03T13:00:00Z 64 26 19 16 0.818182 181
2013-06-03T14:00:00Z 52 61 22 13 0.716667 191
2013-06-03T15:00:00Z 53 90 25 11 0.666667 204
2013-06-03T16:00:00Z 57 99 25 12 0.781727 226
2013-06-03T17:00:00Z 81 194 31 17 0.883250 261
2013-06-03T18:00:00Z 100 145 35 20 1.090818 265
2013-06-03T19:00:00Z 84 108 42 20 1.108909 233
2013-06-03T20:00:00Z 101 148 53 17 1.124750 191
2013-06-03T21:00:00Z 110 169 71 16 1.324833 122
2013-06-03T22:00:00Z 118 175 86 16 1.549833 78
2013-06-03T23:00:00Z 121 185 96 15 1.666417 62
2013-06-04T00:00:00Z 131 169 132 16 1.808083 42
2013-06-04T01:00:00Z 132 180 111 17 1.608250 60
2013-06-04T02:00:00Z 126 171 94 19 1.449917 58
2013-06-04T03:00:00Z 125 191 83 19 1.445455 49
2013-06-04T04:00:00Z 145 215 77 24 1.616583 49
2013-06-04T05:00:00Z 177 247 38 24 1.772636 89
2013-06-04T06:00:00Z 179 232 40 32 2.016500 118
2013-06-05T21:00:00Z 180 197 53 9 2.158000 8
2013-06-05T22:00:00Z 166 178 50 10 2.083167 10
2013-06-05T23:00:00Z 168 154 46 10 2.058250 11
2013-06-06T00:00:00Z 165 163 42 10 1.974667 14
2013-06-06T01:00:00Z 159 163 45 10 1.863455 16
2013-06-06T02:00:00Z 155 148 38 8 1.624917 15
2013-06-06T03:00:00Z 151 157 38 9 1.521889 14
2013-06-06T04:00:00Z 163 165 41 10 1.574917 19
2013-06-06T05:00:00Z 159 155 38 10 1.516417 18
2013-06-06T06:00:00Z 141 139 38 9 1.558167 14
2013-06-06T07:00:00Z 120 104 41 9 1.683333 9
2013-06-06T08:00:00Z 102 60 44 9 1.832917 5
2013-06-06T09:00:00Z 90 55 47 10 1.983250 4
2013-06-06T10:00:00Z 90 48 49 12 2.191250 4
2013-06-06T11:00:00Z 92 84 52 13 2.358083 5
2013-06-06T12:00:00Z 92 100 55 14 2.383000 5
2013-06-06T13:00:00Z 104 122 57 14 2.391333 6
2013-06-06T14:00:00Z 110 142 58 14 2.416083 7
2013-06-06T15:00:00Z 108 126 60 13 2.449583 7
2013-06-06T16:00:00Z 122 126 57 9 2.482917 7
2013-06-06T17:00:00Z 122 129 59 8 2.633000 6
2013-06-06T18:00:00Z 145 159 63 7 2.724417 4
2013-06-06T19:00:00Z 150 181 65 7 2.691417 3
2013-06-06T20:00:00Z 144 174 61 6 2.574583 2
2013-06-06T21:00:00Z 134 157 58 6 2.441417 4
2013-06-06T22:00:00Z 132 142 57 6 2.407917 4
2013-06-06T23:00:00Z 139 136 56 6 2.357917 7
2013-06-07T00:00:00Z 146 133 53 6 2.299583 7
2013-06-07T01:00:00Z 146 131 50 6 2.257917 8
2013-06-07T02:00:00Z 144 137 52 7 2.232917 7
2013-06-07T03:00:00Z 150 142 52 7 2.190455 2
2013-06-07T04:00:00Z 144 135 52 10 2.099500 4
2013-06-07T05:00:00Z 137 134 49 11 1.999417 3
2013-06-07T06:00:00Z 129 118 44 12 1.891333 4
2013-06-07T07:00:00Z 121 116 43 13 1.916333 3
2013-06-07T08:00:00Z 119 128 45 15 2.058000 2
2013-06-07T09:00:00Z 107 122 44 15 2.216417 2
2013-06-07T10:00:00Z 106 110 47 10 2.545364 2
2013-06-07T11:00:00Z 89 98 47 8 2.599727 3
2013-06-07T12:00:00Z 104 103 48 9 2.417727 4
2013-06-07T13:00:00Z 114 106 49 10 2.317727 4
2013-06-07T14:00:00Z 123 118 51 11 2.290818 4
2013-06-07T15:00:00Z 123 116 54 12 2.308636 5
2013-06-07T16:00:00Z 126 138 57 12 2.308818 5
2013-06-07T17:00:00Z 135 140 61 12 2.345182 5
2013-06-07T18:00:00Z 142 152 63 11 2.363364 4
2013-06-07T19:00:00Z 139 153 65 10 2.345091 3
2013-06-07T20:00:00Z 127 140 63 9 2.290545 3
2013-06-07T21:00:00Z 126 144 61 8 2.254455 3
2013-06-07T22:00:00Z 125 135 61 8 2.154455 3
2013-06-07T23:00:00Z 121 134 59 7 2.118091 2
2013-06-08T00:00:00Z 126 133 56 6 2.072727 3
2013-06-08T01:00:00Z 121 131 53 6 2.036273 3
2013-06-08T02:00:00Z 122 124 52 5 2.009500 3
2013-06-08T03:00:00Z 121 100 43 5 1.966444 5
2013-06-08T04:00:00Z 115 86 42 5 1.989600 4
2013-06-08T05:00:00Z 114 48 41 4 2.018091 4
2013-06-08T06:00:00Z 108 86 40 4 2.027000 4
2013-06-08T07:00:00Z 115 102 54 8 2.369500 3
2013-06-08T08:00:00Z 129 124 56 12 2.690545 5
2013-06-08T09:00:00Z 134 142 59 15 2.774750 4
2013-06-08T10:00:00Z 160 175 61 16 2.945091 4
2013-06-08T11:00:00Z 190 198 62 15 2.999545 4
2013-06-08T12:00:00Z 199 229 61 14 2.882917 4
2013-06-08T13:00:00Z 218 245 61 11 2.790545 4
2013-06-15T18:00:00Z 154 215 50 35 1.581636 267
2013-06-15T19:00:00Z 164 228 58 30 1.708818 242
2013-06-15T20:00:00Z 182 249 58 26 1.790727 217
2013-06-15T21:00:00Z 211 274 70 27 2.029800 187
2013-06-15T22:00:00Z 183 204 64 35 1.849700 167
2013-06-15T23:00:00Z 154 189 63 41 1.645091 157
2013-06-16T00:00:00Z 152 179 64 43 1.499600 134
2013-06-16T01:00:00Z 144 166 65 36 1.399900 118
2013-06-16T02:00:00Z 136 172 56 32 1.345455 104
2013-06-16T03:00:00Z 133 156 58 28 1.300000 99
2013-06-16T04:00:00Z 133 156 61 22 1.190000 73
2013-06-16T05:00:00Z 129 159 52 22 1.230000 67
2013-06-16T06:00:00Z 135 165 49 21 1.227273 68
2013-06-16T07:00:00Z 141 170 58 21 1.359900 61
2013-06-26T02:00:00Z 146 58 42 4 2.421889 10
2013-06-26T03:00:00Z 134 -1 39 4 2.239600 11
2013-06-26T04:00:00Z 135 70 42 4 2.199889 7
2013-06-26T05:00:00Z 122 41 40 4 2.155444 5
2013-06-26T06:00:00Z 125 60 39 4 2.177556 4
2013-06-26T07:00:00Z 140 48 42 4 2.144222 6
2013-06-26T08:00:00Z 153 96 44 4 2.099778 11
2013-06-28T06:00:00Z 265 248 40 14 1.877444 41
2013-06-28T07:00:00Z 265 134 51 19 2.588444 29
2013-06-28T08:00:00Z 271 158 53 19 2.799444 29
2013-06-28T09:00:00Z 272 194 50 18 2.811000 35
2013-06-28T10:00:00Z 267 234 49 19 2.844111 40
2013-06-28T11:00:00Z 272 261 51 20 2.944000 42
2013-06-28T12:00:00Z 282 332 51 20 2.999556 50
2013-06-28T13:00:00Z 281 338 48 20 2.855000 72
2013-06-28T14:00:00Z 281 333 45 17 2.579700 100
2013-06-28T15:00:00Z 342 398 47 13 2.679800 99
2013-06-28T16:00:00Z 405 475 50 14 2.849500 106
2013-06-28T17:00:00Z 446 453 53 15 2.959400 113
2013-06-28T18:00:00Z 453 458 56 15 3.166000 101
2013-06-28T19:00:00Z 464 505 64 13 3.209400 84
2013-06-28T20:00:00Z 461 383 63 14 3.189400 69
2013-06-28T21:00:00Z 433 391 62 16 3.109700 56
2013-06-28T22:00:00Z 265 -1 44 13 1.929600 91
2013-06-28T23:00:00Z 29 -1 24 4 0.710000 119
2013-06-29T00:00:00Z 23 6 25 3 0.590000 107
2013-06-29T01:00:00Z 25 -1 30 3 0.610000 85
2013-06-29T02:00:00Z 29 6 32 3 0.590000 69
2013-06-29T03:00:00Z 43 6 31 3 0.642857 69
2013-06-29T04:00:00Z 49 -1 30 3 0.620000 59
2013-06-29T05:00:00Z 50 6 23 3 0.690000 57
2013-06-29T06:00:00Z 51 36 22 3 0.700000 59
2013-06-29T07:00:00Z 54 15 26 4 0.760000 56
2013-06-29T08:00:00Z 54 42 31 4 0.880000 56
2013-06-29T09:00:00Z 62 -1 35 4 0.970000 58
2013-06-29T10:00:00Z 70 66 40 5 1.190000 53
2013-06-29T11:00:00Z 87 92 42 6 1.488556 48
2013-06-29T12:00:00Z 104 136 44 6 1.719800 41
2013-06-29T13:00:00Z 120 141 44 7 1.949700 41
2013-06-29T14:00:00Z 128 155 48 8 2.169800 40
2013-06-29T15:00:00Z 143 195 50 8 2.329600 41
2013-06-29T16:00:00Z 150 187 50 9 2.379600 50
2013-06-29T17:00:00Z 148 195 52 9 2.429300 51
2013-06-29T18:00:00Z 146 196 57 9 2.339200 49
2013-06-29T19:00:00Z 142 174 62 9 2.249800 42
2013-07-18T15:00:00Z 187 -1 32 17 2.320000 119
2013-07-18T16:00:00Z 173 172 30 15 2.120000 121
2013-07-18T17:00:00Z 164 171 30 13 1.970000 118
2013-07-18T18:00:00Z 149 187 29 13 1.810000 115
2013-07-18T19:00:00Z 133 241 31 12 1.660000 114
2013-07-18T20:00:00Z 123 204 33 9 1.500000 107
2013-07-18T21:00:00Z 123 234 33 10 1.310000 99
2013-07-18T22:00:00Z 113 179 34 10 1.240000 81
2013-07-18T23:00:00Z 108 240 33 9 1.160000 73
2013-07-19T00:00:00Z 114 151 35 9 1.170000 61
2013-07-19T01:00:00Z 123 106 36 9 1.160000 50
2013-07-19T02:00:00Z 133 115 33 8 1.220000 42
2013-07-19T03:00:00Z 141 147 32 9 1.285714 36
2013-07-19T04:00:00Z 151 167 28 8 1.160000 30
2013-07-19T05:00:00Z 164 -1 31 6 1.240000 28
2013-07-19T06:00:00Z 168 -1 29 5 1.310000 24
2013-07-19T07:00:00Z 173 -1 32 5 1.390000 22
2013-07-19T08:00:00Z 175 210 44 6 1.410000 19
2013-07-19T09:00:00Z 176 -1 49 7 1.340000 31
2013-08-15T22:00:00Z 179 198 32 5 1.391667 85
2013-08-15T23:00:00Z 162 183 29 4 1.391667 80
2013-08-16T00:00:00Z 166 182 30 4 1.391667 68
2013-08-16T01:00:00Z 117 182 26 4 1.050000 75
2013-08-16T02:00:00Z 75 170 23 3 0.883333 73
2013-08-16T03:00:00Z 62 104 27 8 0.888889 62
2013-08-16T04:00:00Z 66 39 28 4 0.800000 56
2013-08-16T05:00:00Z 63 50 33 3 0.783333 52
2013-08-16T06:00:00Z 63 71 39 3 0.825000 42
2013-08-16T07:00:00Z 68 90 43 3 0.908333 31
2013-08-16T08:00:00Z 85 99 52 4 1.016667 26
2013-08-16T09:00:00Z 84 107 56 4 1.116667 22
2013-09-27T18:00:00Z 229 300 75 38 1.658333 174
2013-09-27T19:00:00Z 239 310 93 27 1.908333 106
2013-09-27T20:00:00Z 249 323 116 23 2.163636 61
2013-09-27T21:00:00Z 258 320 93 27 2.075000 68
2013-09-27T22:00:00Z 249 290 84 29 1.875000 75
2013-09-27T23:00:00Z -1 -1 -1 -1 -1.000000 -1
2013-09-28T00:00:00Z 224 256 63 19 1.558333 57
2013-09-28T01:00:00Z 202 224 66 14 1.390909 49
2013-09-28T02:00:00Z 195 215 66 12 1.318182 41
2013-09-28T03:00:00Z 193 217 65 10 1.300000 37
2013-09-28T04:00:00Z 200 222 60 9 1.283333 32
2013-09-28T05:00:00Z 199 232 59 8 1.300000 21
2013-09-28T06:00:00Z 205 232 62 7 1.391667 13
2013-09-28T07:00:00Z 214 245 68 7 1.500000 6
2013-09-28T08:00:00Z 215 274 69 11 1.572727 7
2013-09-28T09:00:00Z 250 282 78 16 1.733333 10
2013-09-28T10:00:00Z 262 292 79 20 1.758333 20
2013-09-28T11:00:00Z 260 290 83 24 1.745455 31
2013-09-28T12:00:00Z 268 291 78 23 1.650000 53
2013-09-28T13:00:00Z 271 289 71 22 1.616667 75
2013-09-28T14:00:00Z 257 273 59 21 1.500000 105
2013-09-28T15:00:00Z 242 254 54 22 1.427273 128
2013-09-28T16:00:00Z 241 256 48 23 1.354545 141
2013-09-28T17:00:00Z 239 248 50 22 1.375000 135
2013-09-28T18:00:00Z -1 -1 -1 -1 -1.000000 -1
2013-09-28T19:00:00Z -1 -1 -1 -1 -1.000000 -1
2013-09-28T20:00:00Z -1 -1 -1 -1 -1.000000 -1
2013-09-28T21:00:00Z -1 -1 -1 -1 -1.000000 -1
2013-09-28T22:00:00Z -1 -1 -1 -1 -1.000000 -1
2013-09-28T23:00:00Z 269 282 98 9 1.827273 18
2013-09-29T00:00:00Z 277 285 91 9 1.690909 20
2013-09-29T01:00:00Z 282 310 75 8 1.627273 20
2013-09-29T02:00:00Z 271 276 69 7 1.609091 18
2013-09-29T03:00:00Z 276 274 64 7 1.481818 18
2013-09-29T04:00:00Z 265 264 59 7 1.372727 23
2013-09-29T05:00:00Z 259 291 59 8 1.366667 30
2013-09-29T06:00:00Z 239 233 66 8 1.350000 27
2013-09-29T07:00:00Z 228 255 68 8 1.363636 22
2013-09-29T08:00:00Z 217 224 74 9 1.509091 15
2013-09-29T09:00:00Z 210 216 77 13 1.672727 12
2013-09-29T10:00:00Z 201 216 78 17 1.836364 11
2013-09-29T11:00:00Z 198 201 80 17 1.718182 14
2013-09-29T12:00:00Z 224 210 80 16 1.641667 26
2013-09-29T13:00:00Z 226 217 78 18 1.627273 35
2013-09-29T14:00:00Z 223 218 74 19 1.572727 46
2013-10-04T22:00:00Z 295 332 100 12 2.850000 18
2013-10-04T23:00:00Z 296 322 94 11 2.930000 13
2013-10-05T00:00:00Z 296 325 88 10 2.960000 12
2013-10-05T01:00:00Z 295 303 86 10 2.890000 9
2013-10-05T02:00:00Z 280 300 72 9 2.910000 8
2013-10-05T03:00:00Z 273 266 85 9 2.710000 6
2013-10-05T04:00:00Z 262 265 71 7 2.645455 9
2013-10-05T05:00:00Z 259 254 79 7 2.770000 6
2013-10-05T06:00:00Z 258 260 74 7 2.700000 6
2013-10-05T07:00:00Z 262 262 70 7 2.570000 7
2013-10-05T08:00:00Z 268 295 69 9 2.560000 7
2013-10-05T09:00:00Z 284 298 72 16 2.472727 13
2013-10-05T10:00:00Z 301 313 80 32 2.460000 19
2013-10-05T11:00:00Z 297 326 80 45 2.370000 36
2013-10-05T12:00:00Z 299 326 77 47 2.290909 55
2013-10-05T18:00:00Z 257 277 67 22 1.830000 98
2013-10-05T19:00:00Z 277 304 83 14 2.181818 45
2013-10-05T20:00:00Z 293 327 126 14 2.677778 17
2013-10-05T21:00:00Z 303 327 110 14 2.670000 17
2013-10-05T22:00:00Z 294 341 95 16 2.570000 18
2013-10-05T23:00:00Z 292 333 90 14 2.610000 12
2013-10-06T00:00:00Z 289 309 86 11 2.610000 10
2013-10-06T01:00:00Z 293 306 89 11 2.580000 10
2013-10-06T02:00:00Z 292 283 86 11 2.440000 8
2013-10-06T03:00:00Z 283 325 83 12 2.240000 7
2013-10-06T04:00:00Z 261 249 96 13 2.080000 7
2013-10-06T05:00:00Z 246 251 71 13 2.050000 6
2013-10-06T06:00:00Z 233 244 67 14 2.150000 7
2013-10-06T07:00:00Z 223 227 67 15 2.290000 6
2013-10-06T08:00:00Z 208 221 66 18 2.660000 6
2013-10-06T09:00:00Z 203 221 67 20 3.060000 7
2013-10-06T10:00:00Z 218 239 63 19 3.090000 10
2013-10-06T11:00:00Z 211 275 60 23 2.850000 17
2013-10-06T12:00:00Z 188 157 60 32 2.770000 25
2013-10-06T13:00:00Z 176 184 61 31 2.860000 22
2013-10-06T14:00:00Z 162 160 52 37 2.560000 42
2013-10-06T15:00:00Z 153 154 53 42 2.450000 54
2013-10-06T16:00:00Z 164 162 56 43 2.340000 64
2013-10-06T17:00:00Z 160 166 56 40 2.220000 65
2013-10-06T18:00:00Z 163 163 70 29 2.330000 40
2013-10-06T19:00:00Z 164 174 86 24 2.570000 19
2013-10-06T20:00:00Z 167 184 81 21 2.790000 10
2013-10-27T15:00:00Z 215 248 138 65 1.981818 26
2013-10-27T16:00:00Z 226 269 144 58 1.963636 27
2013-10-27T17:00:00Z 236 284 153 46 2.000000 17
2013-10-27T18:00:00Z 241 276 155 33 2.100000 8
2013-10-27T19:00:00Z 246 280 153 25 2.372727 4
2013-10-27T20:00:00Z 254 292 145 21 2.727273 3
2013-10-27T21:00:00Z -1 -1 -1 -1 -1.000000 -1
2013-10-27T22:00:00Z 257 291 127 17 3.136364 3
2013-10-27T23:00:00Z 267 300 125 16 3.263636 3
2013-10-28T00:00:00Z 272 302 123 15 3.172727 3
2013-10-28T01:00:00Z 264 290 121 16 2.981818 2
2013-10-28T02:00:00Z 257 281 116 17 2.754545 2
2013-10-28T03:00:00Z 245 259 107 15 2.320000 2
2013-10-28T04:00:00Z 232 240 106 15 2.200000 2
2013-10-28T05:00:00Z 225 239 101 14 2.081818 2
2013-10-28T06:00:00Z 230 238 95 15 2.045455 2
2013-10-28T07:00:00Z 232 244 98 14 2.190909 2
2013-10-28T08:00:00Z 229 250 98 16 2.254545 2
2013-10-28T09:00:00Z 241 263 100 22 2.272727 3
2013-10-28T10:00:00Z 250 282 106 30 2.390909 3
2013-10-28T11:00:00Z 250 275 111 37 2.218182 7
2013-10-28T12:00:00Z 257 279 114 47 2.180000 20
2013-10-28T13:00:00Z 259 282 85 57 2.045455 52
2013-10-28T14:00:00Z 267 287 79 66 2.027273 77
2013-10-28T15:00:00Z -1 -1 -1 -1 -1.000000 -1
2013-10-28T16:00:00Z 268 285 86 60 2.072727 78
2013-10-28T17:00:00Z -1 -1 -1 -1 -1.000000 -1
2013-10-28T18:00:00Z 300 330 134 54 3.118182 20
2013-10-31T13:00:00Z 113 131 77 18 1.227273 33
2013-10-31T14:00:00Z 118 133 82 18 1.263636 -1
2013-10-31T15:00:00Z 130 154 97 18 1.354545 -1
2013-10-31T16:00:00Z 143 171 110 16 1.409091 -1
2013-10-31T17:00:00Z 154 195 124 15 1.545455 -1
2013-10-31T18:00:00Z 172 223 141 12 1.772727 -1
2013-10-31T19:00:00Z 199 233 144 10 1.954545 -1
2013-10-31T20:00:00Z 197 231 134 9 2.018182 -1
2013-10-31T21:00:00Z 186 224 124 8 2.127273 -1
2013-10-31T22:00:00Z 178 222 112 7 2.181818 -1
2013-10-31T23:00:00Z 180 210 105 7 2.272727 -1
2013-11-01T00:00:00Z 179 200 101 6 2.363636 -1
2013-11-01T01:00:00Z 185 239 101 7 2.500000 -1
2013-11-01T02:00:00Z 178 216 102 8 2.545455 -1
2013-11-01T03:00:00Z 171 209 96 7 2.290000 -1
2013-11-01T04:00:00Z 152 199 92 6 2.236364 -1
2013-11-01T05:00:00Z 154 202 95 7 2.145455 -1
2013-11-01T06:00:00Z 173 197 90 7 2.063636 -1
2013-11-01T07:00:00Z 164 185 85 6 1.954545 -1
2013-11-01T08:00:00Z 155 182 80 7 1.881818 -1
2013-11-01T09:00:00Z 144 163 82 8 1.754545 -1
2013-11-01T10:00:00Z 142 157 85 11 1.572727 -1
2013-11-01T11:00:00Z 148 173 89 12 1.609091 -1
2013-11-01T12:00:00Z 168 199 103 13 1.763636 -1
2013-11-01T13:00:00Z 200 241 125 20 1.972727 -1
2013-11-01T14:00:00Z 228 255 143 31 2.045455 -1
2013-11-01T15:00:00Z 237 258 143 38 1.872727 -1
2013-11-01T16:00:00Z 235 243 130 37 1.627273 -1
2013-11-01T17:00:00Z 206 222 101 27 1.530000 -1
2013-11-01T18:00:00Z 193 212 105 18 1.618182 -1
2013-11-01T19:00:00Z 198 211 106 19 1.654545 -1
2013-11-01T20:00:00Z 188 160 103 17 1.672727 -1
2013-11-01T21:00:00Z 192 199 99 16 1.690909 -1
2013-11-01T22:00:00Z 190 181 92 13 1.727273 -1
2013-11-01T23:00:00Z 179 184 91 12 1.700000 -1
2013-11-02T00:00:00Z 178 167 86 12 1.700000 -1
2013-11-02T01:00:00Z 193 194 82 12 1.727273 -1
2013-11-02T02:00:00Z 200 195 78 13 1.650000 -1
2013-11-02T03:00:00Z 206 166 77 10 1.770000 -1
2013-11-02T04:00:00Z 200 195 72 8 1.827273 -1
2013-11-02T05:00:00Z 199 217 70 7 2.018182 -1
2013-11-02T06:00:00Z 193 192 70 6 2.118182 -1
2013-11-02T07:00:00Z 199 221 72 6 2.245455 -1
2013-11-02T08:00:00Z 182 198 78 6 2.309091 -1
2013-11-02T09:00:00Z 208 246 96 7 2.418182 -1
2013-11-02T10:00:00Z 225 260 113 10 2.536364 -1
2013-11-02T11:00:00Z 249 281 123 16 2.430000 -1
2013-11-02T12:00:00Z 267 300 138 20 2.400000 -1
2013-11-02T13:00:00Z 286 300 148 22 2.309091 -1
2013-11-02T14:00:00Z 316 332 148 21 2.140000 -1
2013-11-02T15:00:00Z 305 303 122 20 1.900000 -1
2013-11-02T16:00:00Z 295 305 117 16 1.820000 -1
2013-11-02T17:00:00Z 291 303 120 12 1.936364 -1
2013-11-02T18:00:00Z 279 290 118 8 1.963636 -1
2013-11-02T19:00:00Z 279 291 123 9 2.063636 -1
2013-11-02T20:00:00Z 278 291 121 10 2.318182 -1
2013-11-22T19:00:00Z 186 199 113 50 2.480000 12
2013-11-22T20:00:00Z 231 207 116 68 2.860000 8
2013-11-22T21:00:00Z -1 -1 -1 -1 -1.000000 -1
2013-11-22T22:00:00Z 254 240 117 101 3.570000 8
2013-11-22T23:00:00Z 260 204 115 100 3.860000 6
2013-11-23T00:00:00Z 279 207 112 102 4.200000 7
2013-11-23T01:00:00Z 250 209 107 57 4.100000 6
2013-11-23T02:00:00Z 224 229 101 60 4.170000 7
2013-11-23T03:00:00Z 222 175 101 52 4.310000 7
2013-11-23T04:00:00Z 212 198 110 51 3.880000 6
2013-11-23T05:00:00Z 197 130 95 52 3.270000 7
2013-11-23T06:00:00Z 177 147 92 43 3.270000 8
2013-11-23T07:00:00Z 149 124 85 42 2.770000 8
2013-11-23T08:00:00Z 137 156 83 44 2.860000 16
2013-11-23T09:00:00Z 135 145 84 54 2.840000 19
2013-11-23T10:00:00Z 127 135 78 56 2.140000 21
2013-11-23T11:00:00Z 116 114 74 58 1.900000 18
2013-11-23T12:00:00Z 118 114 77 54 1.920000 21
2013-11-23T13:00:00Z 111 121 81 45 1.810000 23
2013-11-23T14:00:00Z 113 123 86 44 1.790000 27
2013-11-23T15:00:00Z 134 146 99 52 1.970000 21
2013-11-23T16:00:00Z 146 144 102 55 1.900000 19
2013-11-23T17:00:00Z 166 159 108 59 2.130000 12
2013-11-23T18:00:00Z 177 160 112 59 2.322222 22
2013-11-23T19:00:00Z 201 160 116 66 2.880000 14
2013-11-23T20:00:00Z 211 177 115 70 3.190000 16
2013-12-06T22:00:00Z 185 239 97 44 3.400000 4
2013-12-06T23:00:00Z 211 250 98 47 4.062500 4
2013-12-07T00:00:00Z 230 288 99 46 4.357143 4
2013-12-07T01:00:00Z 237 304 97 48 4.300000 5
2013-12-07T02:00:00Z 230 304 92 43 4.150000 5
2013-12-07T03:00:00Z 232 284 90 42 4.050000 5
2013-12-07T04:00:00Z 213 246 84 35 3.714286 6
2013-12-07T05:00:00Z 203 234 86 41 3.737500 5
2013-12-07T06:00:00Z 176 195 82 40 3.275000 4
2013-12-07T07:00:00Z 148 135 76 34 2.885714 3
2013-12-07T08:00:00Z 131 162 76 36 3.020000 4
2013-12-07T09:00:00Z 126 158 71 43 2.675000 3
2013-12-07T10:00:00Z 138 154 76 58 2.750000 4
2013-12-07T11:00:00Z 189 214 89 74 3.212500 5
2013-12-07T12:00:00Z 224 263 103 89 3.533333 6
2013-12-07T13:00:00Z 235 273 110 97 3.657143 6
2013-12-07T14:00:00Z 267 289 118 105 4.142857 8
2013-12-07T15:00:00Z 294 356 120 111 4.437500 6
2013-12-07T16:00:00Z 311 376 120 112 4.542857 5
2013-12-07T17:00:00Z 331 391 123 95 5.225000 2
2013-12-07T18:00:00Z 347 405 122 73 5.800000 3
2013-12-07T19:00:00Z 361 407 119 57 6.025000 2
2013-12-07T20:00:00Z 348 387 115 56 5.800000 3
2013-12-07T21:00:00Z 336 370 112 58 6.412500 3
2013-12-07T22:00:00Z 336 439 115 69 6.362500 3
2013-12-07T23:00:00Z 328 407 114 77 6.142857 3
2013-12-08T00:00:00Z 346 420 115 89 6.428571 3
2013-12-08T01:00:00Z 346 423 115 93 6.650000 3
2013-12-08T02:00:00Z 335 352 108 75 6.175000 3
2013-12-08T03:00:00Z 340 426 106 69 6.042857 3
2013-12-08T04:00:00Z 341 384 114 61 5.814286 4
2013-12-08T05:00:00Z 341 426 110 73 5.737500 3
2013-12-08T06:00:00Z 344 403 109 70 5.475000 3
2013-12-08T07:00:00Z 333 427 107 73 5.087500 3
2013-12-22T19:00:00Z 255 340 142 88 3.983333 6
2013-12-22T20:00:00Z 263 339 138 88 4.108333 6
2013-12-22T21:00:00Z 270 354 137 87 4.575000 6
2013-12-22T22:00:00Z 272 353 134 82 4.708333 6
2013-12-22T23:00:00Z 251 327 128 81 4.541667 5
2013-12-23T00:00:00Z 228 301 123 77 4.666667 6
2013-12-23T01:00:00Z 219 257 119 90 4.908333 6
2013-12-23T02:00:00Z 203 291 114 75 4.625000 6
2013-12-23T03:00:00Z 191 276 110 81 4.133333 6
2013-12-23T04:00:00Z 196 295 121 82 4.181818 5
2013-12-23T05:00:00Z 167 238 104 68 3.691667 5
2013-12-23T06:00:00Z 131 171 93 67 3.150000 5
2013-12-23T07:00:00Z 110 137 86 63 3.041667 6
2013-12-23T08:00:00Z 111 137 87 69 3.283333 8
2013-12-23T09:00:00Z 111 143 87 71 3.358333 10
2013-12-23T10:00:00Z 86 110 80 73 2.530000 13
2013-12-23T11:00:00Z 79 94 76 60 2.125000 19
2013-12-23T12:00:00Z 65 72 69 54 1.718182 25
2013-12-23T13:00:00Z 63 83 58 45 1.391667 35
2013-12-23T14:00:00Z -1 -1 -1 -1 -1.000000 -1
2013-12-23T15:00:00Z 51 45 50 37 1.116667 41
2013-12-23T16:00:00Z 46 67 52 36 1.090909 37
2013-12-23T17:00:00Z 47 66 60 34 1.083333 30
2013-12-23T18:00:00Z 78 111 88 42 1.572727 10
2013-12-23T19:00:00Z 113 155 101 55 2.118182 6
2013-12-23T20:00:00Z 125 170 101 59 2.458333 6
2013-12-23T21:00:00Z 149 189 105 63 2.775000 6
2013-12-23T22:00:00Z 166 195 108 63 3.383333 6
2013-12-23T23:00:00Z 178 225 109 66 3.541667 8
2013-12-24T00:00:00Z 184 231 111 74 3.916667 8
2013-12-24T01:00:00Z 183 228 112 69 4.533333 7
2013-12-24T02:00:00Z 179 227 109 68 4.233333 7
2013-12-24T03:00:00Z 168 237 109 67 4.791667 7
2013-12-24T04:00:00Z 174 225 109 71 5.275000 8
2013-12-24T05:00:00Z 181 252 108 67 5.408333 7
2013-12-24T06:00:00Z 203 265 111 68 5.358333 7
2013-12-24T07:00:00Z 196 257 106 65 5.075000 6
2013-12-24T08:00:00Z 187 226 103 65 4.900000 6
2013-12-24T09:00:00Z 177 213 100 73 4.625000 6
2013-12-24T10:00:00Z 171 220 101 89 4.416667 8
2013-12-24T11:00:00Z 186 247 108 105 4.116667 12
2013-12-24T12:00:00Z 231 271 132 119 5.000000 8
2013-12-24T13:00:00Z 224 271 130 126 4.683333 8
2013-12-24T14:00:00Z 259 316 144 134 5.127273 9
2013-12-24T17:00:00Z 267 322 146 120 4.866667 11
2013-12-24T18:00:00Z 264 300 145 110 4.975000 5
2013-12-24T19:00:00Z 266 311 143 108 5.075000 5
2013-12-24T20:00:00Z 269 304 139 98 5.066667 6
2013-12-24T21:00:00Z -1 -1 -1 -1 -1.000000 -1
2013-12-24T22:00:00Z 263 293 137 101 5.041667 5
2013-12-24T23:00:00Z 260 281 132 100 5.066667 6
2013-12-25T00:00:00Z 257 278 132 102 4.958333 5
2013-12-25T01:00:00Z 249 273 131 101 4.883333 5
2013-12-25T02:00:00Z 251 264 130 93 4.950000 5
2013-12-25T03:00:00Z 247 257 131 90 4.658333 5
2013-12-25T04:00:00Z 241 264 132 83 4.608333 6
2013-12-25T05:00:00Z 236 265 136 92 4.725000 5
2013-12-25T06:00:00Z 237 259 135 81 5.033333 5
2014-01-15T18:00:00Z -1 -1 -1 -1 -1.000000 -1
2014-01-15T19:00:00Z 308 381 149 145 4.063636 7
2014-01-15T20:00:00Z 451 523 184 173 4.333333 10
2014-01-15T23:00:00Z 437 470 150 136 5.341667 7
2014-01-16T00:00:00Z 466 492 152 139 5.683333 7
2014-01-16T01:00:00Z 481 531 148 135 5.875000 7
2014-01-16T02:00:00Z 479 521 141 106 6.225000 7
2014-01-16T03:00:00Z 447 473 139 101 6.300000 6
2014-01-16T04:00:00Z 420 482 156 99 6.191667 6
2014-01-16T05:00:00Z 442 497 136 94 6.183333 7
2014-01-16T06:00:00Z 435 500 136 92 5.700000 6
2014-01-16T07:00:00Z 403 457 133 106 5.341667 5
2014-01-16T08:00:00Z 365 416 128 99 4.945455 5
2014-01-16T09:00:00Z 369 415 127 107 4.925000 6
2014-01-16T10:00:00Z 356 398 129 135 4.783333 7
2014-01-16T11:00:00Z 350 389 130 150 4.575000 10
2014-01-16T12:00:00Z 331 338 118 143 3.775000 14
2014-01-16T13:00:00Z 240 104 96 113 2.800000 24
2014-01-16T14:00:00Z -1 -1 -1 -1 -1.000000 -1
2014-01-16T15:00:00Z 131 123 72 77 1.666667 33
2014-01-16T16:00:00Z 160 167 83 91 1.916667 29
2014-01-16T17:00:00Z 213 252 110 115 2.616667 17
2014-01-16T18:00:00Z 267 318 126 118 3.216667 7
2014-01-16T19:00:00Z 322 385 125 110 3.566667 5
2014-01-16T20:00:00Z 352 398 123 114 4.241667 5
2014-01-16T21:00:00Z 370 418 119 107 4.825000 5
2014-01-16T22:00:00Z 333 378 108 91 4.383333 4
2014-01-16T23:00:00Z 311 348 103 93 4.341667 4
2014-01-17T00:00:00Z 316 349 100 102 4.591667 4
2014-01-17T01:00:00Z 296 341 94 103 4.391667 4
2014-01-17T02:00:00Z 276 350 88 99 4.150000 3
2014-01-22T17:00:00Z 119 139 115 75 1.816667 12
2014-01-22T18:00:00Z 142 176 131 80 2.100000 5
2014-01-22T19:00:00Z 170 195 131 90 2.527273 4
2014-01-22T20:00:00Z 175 211 123 90 2.410000 3
2014-01-22T21:00:00Z 184 233 125 96 2.736364 4
2014-01-22T22:00:00Z 196 230 126 100 3.309091 4
2014-01-22T23:00:00Z 195 240 124 89 3.781818 4
2014-01-23T00:00:00Z 205 260 122 94 4.172727 5
2014-01-23T01:00:00Z 221 280 123 105 4.581818 5
2014-01-23T02:00:00Z 215 279 121 98 4.381818 4
2014-01-23T03:00:00Z 224 298 120 98 4.200000 3
2014-01-23T04:00:00Z 222 261 117 97 4.154545 4
2014-01-23T05:00:00Z 212 248 118 97 3.954545 4
2014-01-23T06:00:00Z 195 220 116 93 3.570000 4
2014-01-23T07:00:00Z 185 215 116 94 3.500000 3
2014-01-23T08:00:00Z 181 210 117 101 3.550000 3
2014-01-23T09:00:00Z 178 213 120 114 3.480000 4
2014-01-23T10:00:00Z 189 223 144 123 4.400000 1
2014-01-23T11:00:00Z 203 247 122 152 4.272727 6
2014-01-23T12:00:00Z 208 242 122 147 3.716667 9
2014-01-23T13:00:00Z 216 245 122 159 3.566667 10
2014-01-23T14:00:00Z 216 248 126 151 3.500000 11
2014-01-31T17:00:00Z 122 148 46 61 1.283333 36
2014-01-31T18:00:00Z 127 154 52 56 1.350000 28
2014-01-31T19:00:00Z 132 159 57 55 1.483333 18
2014-01-31T20:00:00Z 146 175 60 59 1.808333 12
2014-01-31T21:00:00Z 154 179 58 63 1.866667 11
2014-01-31T22:00:00Z 143 171 57 63 1.850000 10
2014-01-31T23:00:00Z 145 172 58 62 1.950000 9
2014-02-01T04:00:00Z 152 164 59 57 1.858333 8
2014-02-01T05:00:00Z -1 -1 -1 -1 -1.000000 -1
2014-02-01T06:00:00Z 159 160 61 67 2.025000 7
2014-02-01T07:00:00Z -1 -1 -1 -1 -1.000000 -1
2014-02-01T08:00:00Z 158 170 63 71 1.991667 6
2014-02-01T09:00:00Z 159 166 63 69 2.016667 6
2014-02-01T10:00:00Z 163 177 61 67 2.075000 8
2014-02-12T18:00:00Z 121 125 86 55 1.725000 31
2014-02-12T19:00:00Z 150 148 104 63 2.108333 19
2014-02-12T20:00:00Z 153 159 107 60 2.358333 14
2014-02-12T21:00:00Z 150 153 110 59 2.425000 9
2014-02-12T22:00:00Z 135 150 105 60 2.341667 8
2014-02-12T23:00:00Z 133 160 103 58 2.475000 6
2014-02-13T00:00:00Z 165 188 102 66 3.416667 8
2014-02-13T01:00:00Z 191 229 89 81 3.640000 8
2014-02-13T02:00:00Z 182 197 80 47 3.220000 9
2014-02-13T03:00:00Z 176 201 72 53 1.900000 6
2014-02-13T04:00:00Z 168 -1 70 60 2.108333 26
2014-02-13T05:00:00Z 163 -1 118 53 2.366667 21
2014-02-13T06:00:00Z 160 -1 70 62 2.466667 24
2014-02-13T07:00:00Z 164 176 68 64 2.416667 22
2014-02-13T08:00:00Z 167 168 74 74 2.408333 16
2014-02-13T09:00:00Z 171 178 78 77 2.609091 14
2014-02-13T10:00:00Z 178 189 78 81 2.808333 14
2014-02-13T11:00:00Z 187 187 76 84 2.941667 17
2014-02-13T12:00:00Z 192 191 76 88 2.958333 18
2014-02-13T13:00:00Z 193 189 77 86 2.833333 21
2014-02-13T14:00:00Z 189 186 78 83 2.550000 24
2014-02-13T15:00:00Z 186 186 77 80 2.300000 31
2014-02-13T16:00:00Z 189 199 78 76 2.209091 34
2014-02-13T17:00:00Z 193 187 78 72 2.291667 33
2014-02-13T18:00:00Z 205 190 89 74 2.783333 20
2014-02-13T19:00:00Z 220 224 102 80 3.416667 7
2014-02-13T20:00:00Z 228 235 101 83 3.616667 7
2014-02-13T21:00:00Z 229 242 99 85 3.675000 7
2014-02-13T22:00:00Z 236 251 100 86 3.750000 7
2014-02-13T23:00:00Z 229 243 102 87 3.763636 7
2014-02-14T00:00:00Z 228 248 97 77 3.725000 6
2014-02-14T01:00:00Z 227 252 89 80 3.633333 7
2014-02-14T02:00:00Z 225 243 84 42 3.955556 6
2014-02-14T03:00:00Z 219 239 81 60 3.275000 4
2014-02-14T04:00:00Z 213 235 84 61 3.116667 9
2014-02-14T05:00:00Z 215 231 94 51 3.433333 7
2014-02-14T06:00:00Z 213 228 84 51 3.525000 6
2014-02-14T07:00:00Z 206 245 81 47 3.333333 6
2014-02-14T08:00:00Z 200 247 73 44 3.100000 7
2014-02-14T09:00:00Z 197 213 81 57 3.233333 7
2014-02-14T10:00:00Z 202 196 78 72 2.883333 9
2014-02-14T11:00:00Z 199 208 71 77 2.400000 16
2014-02-14T12:00:00Z 211 217 76 80 2.366667 21
2014-02-14T13:00:00Z 228 228 84 85 2.416667 25
2014-02-14T14:00:00Z 245 258 94 90 2.483333 30
2014-02-14T15:00:00Z 258 257 101 90 2.525000 33
2014-02-14T16:00:00Z 271 290 104 85 2.591667 36
2014-02-14T17:00:00Z 268 289 111 85 2.600000 34
2014-02-14T18:00:00Z 286 285 118 77 2.641667 23
2014-02-14T19:00:00Z 306 325 123 77 2.841667 15
2014-02-14T20:00:00Z 354 381 125 80 3.166667 10
2014-02-14T21:00:00Z 417 476 123 92 3.508333 10
2014-02-14T22:00:00Z 480 661 118 98 3.816667 11
2014-02-14T23:00:00Z 509 647 115 110 3.966667 12
2014-02-15T00:00:00Z 492 634 115 108 4.441667 11
2014-02-15T01:00:00Z 440 582 103 112 4.208333 10
2014-02-15T02:00:00Z 418 577 99 60 4.266667 9
2014-02-15T03:00:00Z 394 486 96 72 3.660000 6
2014-02-15T04:00:00Z 363 507 100 76 3.533333 9
2014-02-15T05:00:00Z 328 398 104 72 3.591667 8
2014-02-15T06:00:00Z 311 361 98 78 3.700000 6
2014-02-15T07:00:00Z 314 363 98 76 3.925000 6
2014-02-15T08:00:00Z 308 -1 99 78 3.763636 6
2014-02-15T09:00:00Z 315 332 94 85 3.725000 7
2014-02-15T10:00:00Z 320 479 93 108 3.458333 9
2014-02-15T11:00:00Z 328 360 94 125 3.250000 13
2014-02-15T12:00:00Z 344 361 95 135 3.175000 22
2014-02-15T13:00:00Z 371 376 101 142 3.283333 26
2014-02-15T14:00:00Z 401 450 107 148 3.354545 33
2014-02-15T15:00:00Z 424 490 116 146 3.508333 33
2014-02-15T16:00:00Z 441 517 122 145 3.575000 31
2014-02-15T17:00:00Z 435 529 125 130 3.458333 27
2014-02-15T18:00:00Z 436 480 125 104 3.491667 20
2014-02-15T19:00:00Z 438 465 128 84 3.566667 14
2014-02-15T20:00:00Z 454 489 135 77 3.825000 9
2014-02-15T21:00:00Z 449 520 134 75 4.175000 8
2014-02-15T22:00:00Z 457 502 133 82 4.800000 9
2014-02-15T23:00:00Z 452 515 129 94 4.800000 9
2014-02-16T00:00:00Z 455 527 129 97 4.933333 8
2014-02-16T01:00:00Z 443 493 109 89 4.741667 8
2014-02-16T02:00:00Z 433 477 103 82 4.633333 7
2014-02-16T03:00:00Z 423 464 95 82 4.100000 6
2014-02-16T04:00:00Z 414 446 97 90 3.708333 9
2014-02-16T05:00:00Z 403 450 121 79 4.025000 11
2014-02-16T06:00:00Z 381 409 89 90 3.825000 11
2014-03-23T08:00:00Z 119 200 92 38 2.008333 11
2014-03-23T09:00:00Z 131 220 98 49 2.041667 13
2014-03-23T10:00:00Z 142 232 96 60 2.008333 28
2014-03-23T11:00:00Z 151 193 83 67 1.800000 61
2014-03-23T15:00:00Z 143 172 38 50 1.216667 158
2014-03-23T16:00:00Z 157 188 40 53 1.308333 164
2014-03-23T17:00:00Z 167 200 43 52 1.441667 167
2014-03-23T18:00:00Z 165 191 49 49 1.475000 161
2014-03-23T19:00:00Z 153 179 60 43 1.358333 137
2014-03-23T20:00:00Z 126 164 64 40 1.291667 114
2014-03-23T21:00:00Z 156 204 81 42 1.450000 83
2014-03-23T22:00:00Z 192 239 91 49 1.733333 65
2014-03-23T23:00:00Z 218 260 85 53 1.883333 59
2014-03-24T00:00:00Z 228 257 99 52 2.041667 37
2014-03-24T01:00:00Z 225 252 102 49 2.200000 28
2014-03-24T02:00:00Z 220 245 105 41 2.308333 19
2014-03-24T03:00:00Z 218 241 100 35 2.108333 18
2014-03-24T04:00:00Z 218 243 91 33 2.150000 15
2014-03-24T05:00:00Z 219 251 103 31 2.175000 11
2014-03-24T06:00:00Z 227 250 97 31 2.100000 10
2014-03-24T07:00:00Z 220 246 93 31 2.058333 10
2014-03-24T08:00:00Z 230 256 96 42 2.208333 10
2014-03-24T09:00:00Z 243 271 95 59 2.233333 16
2014-03-24T10:00:00Z 250 281 97 70 2.225000 30
2014-03-24T11:00:00Z 249 286 95 77 2.190909 53
2014-03-24T12:00:00Z 244 285 102 75 2.175000 71
2014-03-24T13:00:00Z 240 272 100 70 2.050000 97
2014-03-24T14:00:00Z 231 255 99 65 1.933333 113
2014-03-24T15:00:00Z 223 248 96 62 1.766667 126
2014-03-24T16:00:00Z 195 219 75 63 1.483333 141
2014-03-24T17:00:00Z 168 196 67 58 1.325000 144
2014-03-24T18:00:00Z 179 215 75 62 1.408333 131
2014-03-24T19:00:00Z 187 227 91 62 1.558333 102
2014-03-24T23:00:00Z 220 289 131 41 2.066667 26
2014-03-25T00:00:00Z 238 285 135 39 2.233333 20
2014-03-25T01:00:00Z 247 299 133 37 2.366667 22
2014-03-25T02:00:00Z 245 303 127 32 2.375000 19
2014-03-25T03:00:00Z 245 289 119 31 2.209091 22
2014-03-25T04:00:00Z 239 273 107 32 2.066667 25
2014-03-25T05:00:00Z 225 252 96 31 1.950000 24
2014-03-25T06:00:00Z 208 235 97 32 1.841667 26
2014-03-25T07:00:00Z 214 248 91 34 1.666667 30
2014-03-25T08:00:00Z 197 242 93 40 1.850000 32
2014-03-25T09:00:00Z 197 235 99 48 1.858333 32
2014-03-25T10:00:00Z 202 234 104 51 1.833333 42
2014-03-25T11:00:00Z 206 254 94 51 1.725000 69
2014-03-25T12:00:00Z 210 250 78 57 1.600000 115
2014-03-25T13:00:00Z -1 -1 -1 -1 -1.000000 -1
2014-03-25T14:00:00Z 210 259 74 66 1.558333 168
2014-03-25T15:00:00Z -1 -1 -1 -1 -1.000000 -1
2014-03-25T16:00:00Z 216 254 71 57 1.375000 186
2014-03-25T17:00:00Z 192 226 66 50 1.266667 184
2014-03-25T18:00:00Z 181 217 70 47 1.166667 170
2014-03-25T19:00:00Z 177 225 82 47 1.291667 126
2014-03-25T20:00:00Z 180 213 104 41 1.350000 83
2014-03-25T21:00:00Z 163 192 101 36 1.333333 66
2014-03-25T22:00:00Z 164 198 106 36 1.375000 54
2014-03-25T23:00:00Z 177 212 109 35 1.283333 47
2014-03-26T00:00:00Z 193 241 116 32 1.633333 35
2014-03-26T01:00:00Z 200 236 111 29 1.716667 33
2014-03-26T02:00:00Z 204 236 106 27 1.650000 31
2014-03-26T03:00:00Z 213 254 115 25 1.666667 22
2014-03-26T04:00:00Z 217 260 113 22 1.708333 22
2014-03-26T05:00:00Z 223 270 114 20 1.708333 25
2014-03-26T06:00:00Z 228 289 115 19 1.916667 18
2014-03-26T07:00:00Z 228 273 118 20 1.991667 18
2014-03-26T08:00:00Z 244 312 120 27 2.058333 15
2014-03-26T09:00:00Z 258 321 123 39 2.091667 17
2014-03-26T10:00:00Z 284 333 125 52 2.091667 27
2014-03-26T11:00:00Z 296 333 121 61 2.083333 45
2014-03-26T12:00:00Z 285 338 109 65 1.966667 72
2014-03-26T13:00:00Z 290 336 109 64 1.925000 97
2014-03-26T14:00:00Z -1 -1 -1 -1 -1.000000 -1
2014-03-26T15:00:00Z 286 314 97 61 1.708333 160
2014-03-26T16:00:00Z 266 311 71 67 1.558333 181
2014-03-26T17:00:00Z 283 333 71 73 1.858333 182
2014-03-26T18:00:00Z 307 362 81 72 1.925000 161
2014-03-26T19:00:00Z 326 382 103 64 2.075000 118
2014-03-26T20:00:00Z 336 392 115 54 2.216667 79
2014-03-26T21:00:00Z 360 420 133 47 2.408333 51
2014-03-26T22:00:00Z 347 402 138 40 2.475000 41
2014-03-26T23:00:00Z 353 400 141 35 2.766667 30
2014-03-27T00:00:00Z 358 417 139 32 2.808333 32
2014-03-27T01:00:00Z 369 423 139 30 2.725000 29
2014-03-27T02:00:00Z 357 415 135 27 2.633333 26
2014-03-27T03:00:00Z 351 402 126 25 2.341667 27
2014-03-27T04:00:00Z 333 367 123 22 2.266667 21
2014-03-27T05:00:00Z 323 353 130 20 2.225000 19
2014-03-27T06:00:00Z 317 342 114 19 2.150000 21
2014-03-27T07:00:00Z 317 349 116 20 2.191667 15
2014-03-27T08:00:00Z 319 363 117 23 2.300000 11
2014-03-27T09:00:00Z 321 380 120 31 2.475000 9
2014-03-27T10:00:00Z 327 385 115 40 2.658333 11
2014-03-27T11:00:00Z -1 -1 -1 -1 -1.000000 -1
2014-03-27T12:00:00Z 335 394 118 56 4.250000 10
2014-03-27T13:00:00Z 314 369 105 54 4.025000 11
2014-10-29T16:00:00Z 112 191 98 24 1.090000 49
2014-10-29T17:00:00Z -1 -1 -1 -1 -1.000000 -1
2014-10-29T18:00:00Z 120 187 113 17 1.290909 25
2014-10-29T19:00:00Z 127 183 123 16 1.536364 12
2014-10-29T20:00:00Z -1 -1 -1 -1 -1.000000 -1
2014-10-29T21:00:00Z 138 202 115 14 1.645455 10
2014-10-29T22:00:00Z 141 200 113 15 1.763636 8
2014-10-29T23:00:00Z -1 -1 -1 -1 -1.000000 -1
2014-10-30T00:00:00Z 136 191 103 14 1.572727 9
2014-10-30T01:00:00Z -1 -1 -1 -1 -1.000000 -1
2014-10-30T02:00:00Z 142 195 100 12 1.681818 3
2014-10-30T03:00:00Z 145 206 101 11 1.736364 2
2014-10-30T04:00:00Z 146 197 97 10 1.600000 4
2014-10-30T05:00:00Z 141 188 94 9 1.609091 5
2014-10-30T06:00:00Z 139 184 97 9 1.672727 4
2014-10-30T07:00:00Z 133 179 91 9 1.618182 3
2014-10-30T08:00:00Z 131 185 87 9 1.627273 3
2014-10-30T09:00:00Z 132 187 82 11 1.610000 4
2014-10-30T10:00:00Z 139 181 83 13 1.554545 6
2014-10-30T11:00:00Z -1 -1 -1 -1 -1.000000 -1
2014-10-30T12:00:00Z 148 186 91 18 1.590909 15
2014-10-30T13:00:00Z -1 -1 -1 -1 -1.000000 -1
2014-10-30T14:00:00Z 167 188 96 27 1.545455 31
2014-10-30T15:00:00Z -1 -1 -1 -1 -1.000000 -1
2014-10-30T16:00:00Z 172 188 100 38 1.563636 35
2014-10-30T17:00:00Z 173 197 105 36 1.600000 27
2014-10-30T18:00:00Z 175 206 118 29 1.710000 14
2014-10-30T19:00:00Z 175 208 120 24 1.763636 8
2014-10-30T20:00:00Z 180 215 120 23 1.827273 5
2014-10-30T21:00:00Z 184 218 115 18 1.863636 5
2014-10-30T22:00:00Z -1 -1 -1 -1 -1.000000 -1
2014-10-30T23:00:00Z 179 202 102 13 1.910000 7
2014-10-31T00:00:00Z 173 203 93 11 1.870000 10
2014-10-31T01:00:00Z 169 197 86 11 1.800000 9
2014-10-31T02:00:00Z 163 204 79 12 1.750000 10
2014-10-31T05:00:00Z 155 198 79 10 1.630000 7
2014-10-23T18:00:00Z 144 200 112 17 1.733333 11
2014-10-23T19:00:00Z -1 -1 -1 -1 -1.000000 -1
2014-10-23T20:00:00Z 156 207 107 12 2.241667 5
2014-10-23T21:00:00Z -1 -1 -1 -1 -1.000000 -1
2014-10-23T22:00:00Z 160 206 92 9 2.500000 8
2014-10-23T23:00:00Z 164 228 89 8 2.591667 9
2014-10-24T00:00:00Z -1 -1 -1 -1 -1.000000 -1
2014-10-24T01:00:00Z 164 235 90 8 2.463636 7
2014-10-24T02:00:00Z 162 219 84 7 2.183333 6
2014-10-24T03:00:00Z -1 -1 -1 -1 -1.000000 -1
2014-10-24T04:00:00Z 153 190 77 6 1.666667 4
2014-10-24T05:00:00Z 149 182 72 5 1.633333 3
2014-10-24T06:00:00Z 147 179 71 5 1.625000 3
2014-10-24T07:00:00Z 149 181 70 4 1.666667 3
2014-10-24T08:00:00Z -1 -1 -1 -1 -1.000000 -1
2014-10-24T09:00:00Z 172 223 78 7 1.854545 4
2014-10-24T10:00:00Z 189 230 82 12 1.754545 8
2014-10-24T11:00:00Z 209 252 85 18 1.750000 24
2014-10-24T12:00:00Z 229 266 78 23 1.772727 49
2014-10-24T13:00:00Z 243 289 78 27 1.918182 72
2014-10-24T14:00:00Z -1 -1 -1 -1 -1.000000 -1
2014-10-24T15:00:00Z 280 325 84 27 2.009091 99
2014-10-24T16:00:00Z 284 334 89 24 2.050000 95
2014-10-24T17:00:00Z 290 351 100 19 2.100000 77
2014-10-24T18:00:00Z 293 346 113 12 2.263636 46
2014-10-24T19:00:00Z 296 347 124 9 2.500000 21
2014-10-24T20:00:00Z -1 -1 -1 -1 -1.000000 -1
2014-10-24T21:00:00Z 298 361 112 7 2.900000 17
2014-10-24T22:00:00Z 310 431 113 7 3.060000 13
2014-10-24T23:00:00Z -1 -1 -1 -1 -1.000000 -1
2014-10-25T00:00:00Z 280 336 97 6 2.845455 11
2014-10-25T01:00:00Z 268 323 89 5 2.736364 9
2014-10-25T02:00:00Z 259 300 82 5 2.627273 10
2014-10-25T03:00:00Z 253 285 75 5 2.350000 10
2014-10-25T04:00:00Z 244 261 73 5 2.136364 8
2014-10-25T05:00:00Z 239 258 70 4 2.081818 8
2014-10-25T06:00:00Z 235 251 67 4 2.063636 8
2014-10-07T16:00:00Z 156 194 89 25 1.216667 106
2014-10-07T17:00:00Z 171 212 83 24 1.208333 122
2014-10-07T18:00:00Z 182 223 75 19 1.250000 105
2014-10-07T19:00:00Z 194 240 91 13 1.500000 65
2014-10-07T20:00:00Z 210 252 106 10 1.741667 37
2014-10-07T21:00:00Z 215 295 128 8 1.925000 21
2014-10-07T22:00:00Z 211 263 123 7 2.066667 21
2014-10-07T23:00:00Z 216 273 121 7 2.141667 20
2014-10-08T00:00:00Z 213 249 112 5 2.166667 19
2014-10-08T01:00:00Z 220 280 109 6 2.116667 17
2014-10-08T02:00:00Z 219 265 103 6 1.916667 17
2014-10-08T03:00:00Z -1 -1 -1 -1 -1.000000 -1
2014-10-08T04:00:00Z 207 243 85 5 1.433333 17
2014-10-08T05:00:00Z 203 233 84 4 1.366667 17
2014-10-08T06:00:00Z 198 223 80 4 1.341667 16
2014-10-08T07:00:00Z 198 233 78 4 1.350000 16
2014-10-08T08:00:00Z 200 222 76 4 1.508333 10
2014-10-08T09:00:00Z -1 -1 -1 -1 -1.000000 -1
2014-10-08T10:00:00Z 213 204 81 9 1.841667 17
2014-10-08T11:00:00Z -1 -1 -1 -1 -1.000000 -1
2014-10-08T12:00:00Z 244 265 97 19 2.150000 36
2014-10-08T13:00:00Z 251 262 92 21 2.058333 51
2014-10-08T14:00:00Z 266 278 93 25 2.041667 69
2014-10-08T15:00:00Z 266 299 98 27 2.125000 83
2014-10-08T16:00:00Z 301 339 109 23 2.241667 78
2014-10-08T17:00:00Z 321 362 122 17 2.366667 59
2014-10-08T18:00:00Z 319 366 136 10 2.550000 32
2014-10-08T19:00:00Z 331 363 141 7 2.708333 20
2014-10-08T20:00:00Z 331 370 130 6 2.791667 20
2014-10-08T21:00:00Z 329 380 120 6 2.800000 21
2014-10-08T22:00:00Z 333 383 119 6 2.908333 19
2014-10-08T23:00:00Z 331 365 110 5 2.708333 19
2014-10-09T00:00:00Z 324 342 101 5 2.591667 17
2014-10-09T01:00:00Z 319 330 92 4 2.454545 14
2014-10-09T02:00:00Z 312 334 82 4 2.275000 11
2014-10-09T03:00:00Z -1 -1 -1 -1 -1.000000 -1
2014-10-09T04:00:00Z 308 314 74 4 2.100000 11
2014-10-09T05:00:00Z 308 314 74 4 2.100000 11
2014-10-09T06:00:00Z 308 314 74 4 2.100000 11
2014-10-09T07:00:00Z 297 305 70 3 2.141667 6
2014-10-09T08:00:00Z 298 315 74 4 2.291667 5
2014-10-09T09:00:00Z -1 -1 -1 -1 -1.000000 -1
2014-10-09T10:00:00Z 320 329 88 7 2.208333 11
2014-10-09T11:00:00Z 320 333 89 7 2.183333 12
2014-10-09T12:00:00Z 323 332 88 11 2.033333 43
2014-10-09T13:00:00Z 320 333 75 13 1.963636 75
2014-10-09T14:00:00Z 308 339 71 15 1.933333 102
2014-10-09T15:00:00Z 353 376 79 14 2.016667 112
2014-10-09T16:00:00Z -1 -1 -1 -1 -1.000000 -1
2014-10-09T17:00:00Z 349 371 97 11 2.033333 101
2014-10-09T18:00:00Z 369 361 115 6 2.208333 59
2014-10-09T19:00:00Z 374 376 138 4 2.500000 26
2014-10-09T20:00:00Z 373 457 132 4 2.727273 21
2014-10-09T21:00:00Z 363 436 123 4 2.754545 23
2014-10-09T22:00:00Z 360 421 117 3 2.772727 20
2014-10-09T23:00:00Z 356 396 98 3 2.500000 21
2014-10-10T00:00:00Z -1 -1 -1 -1 -1.000000 -1
2014-10-10T01:00:00Z 345 340 91 3 2.390909 24
2014-10-10T02:00:00Z 340 331 83 3 2.118182 24
2014-10-10T03:00:00Z 333 -1 74 2 1.900000 22
2014-10-10T04:00:00Z 323 -1 70 2 1.827273 20
2014-10-10T05:00:00Z 308 -1 59 2 1.836364 18
2014-10-10T08:00:00Z 277 284 71 3 1.972727 6
2014-10-10T09:00:00Z 287 283 81 3 1.981818 6
2014-10-10T10:00:00Z 301 314 94 6 2.075000 10
2014-10-10T11:00:00Z 294 305 94 15 2.236364 25
2014-10-10T12:00:00Z 313 316 98 25 2.441667 45
2014-10-10T13:00:00Z 310 302 92 34 2.441667 78
2014-10-10T14:00:00Z -1 -1 -1 -1 -1.000000 -1
2014-10-10T15:00:00Z 284 305 73 37 2.300000 128
2014-10-10T16:00:00Z 273 293 71 33 2.275000 134
2014-10-10T17:00:00Z -1 -1 -1 -1 -1.000000 -1
2014-10-10T18:00:00Z 264 325 86 22 2.554545 109
2014-10-10T19:00:00Z 276 277 102 18 2.854545 74
2014-10-10T20:00:00Z 300 329 117 12 3.127273 42
2014-10-10T21:00:00Z 312 360 109 10 3.145455 32
2014-10-10T22:00:00Z 300 307 94 10 2.918182 39
