2013-06-11T11:00:00Z 74 95 51 11 0.587500 96
2013-06-11T12:00:00Z 60 89 45 8 0.590909 122
2013-06-11T13:00:00Z 83 110 47 8 0.654545 146
2013-06-11T14:00:00Z 69 111 34 7 0.600000 170
2013-06-11T15:00:00Z 81 104 25 6 0.536364 173
2013-06-11T16:00:00Z 79 97 27 4 0.540000 134
2013-06-11T17:00:00Z 63 77 34 3 0.540000 124
2013-06-11T18:00:00Z 40 86 30 3 0.500000 110
2013-06-11T19:00:00Z 26 25 37 4 0.480000 86
2013-06-11T20:00:00Z 20 38 38 3 0.490000 82
2013-06-11T21:00:00Z 40 54 41 3 0.611111 68
2013-06-11T22:00:00Z 43 65 45 3 0.663636 73
2013-06-11T23:00:00Z 28 51 28 3 0.536364 70
2013-06-12T00:00:00Z 17 26 28 3 0.463636 61
2013-06-12T01:00:00Z 18 27 35 3 0.488889 50
2013-06-12T02:00:00Z 17 20 29 3 0.460000 49
2013-06-12T03:00:00Z 16 28 30 3 0.466667 45
2013-06-12T04:00:00Z 24 32 40 3 0.522222 35
2013-06-12T05:00:00Z 28 42 35 4 0.690000 29
2013-06-12T06:00:00Z 40 53 35 4 0.800000 23
2013-06-12T07:00:00Z 43 55 41 6 0.863545 22
2013-06-12T08:00:00Z 51 60 43 10 0.870000 37
2013-06-12T09:00:00Z 45 57 33 14 0.830000 63
2013-06-12T10:00:00Z 41 53 25 17 0.790000 93
2013-06-12T11:00:00Z 56 64 22 18 0.760000 116
2013-08-19T00:00:00Z 25 50 53 4 0.645455 44
2013-08-19T01:00:00Z 24 46 55 4 0.609091 29
2013-08-19T02:00:00Z 25 42 55 4 0.609091 21
2013-08-19T03:00:00Z 23 45 54 4 0.645455 17
2013-08-19T04:00:00Z 18 34 58 4 0.525000 20
2013-08-19T05:00:00Z 16 33 54 4 0.525000 16
2013-08-19T06:00:00Z 17 30 51 4 0.541667 14
2013-08-19T07:00:00Z 18 41 49 4 0.616667 14
2013-08-19T08:00:00Z 15 32 39 5 0.600000 22
2013-08-19T09:00:00Z 15 40 36 6 0.600000 35
2013-08-19T10:00:00Z 15 39 37 6 0.616667 49
2013-08-19T11:00:00Z -1 -1 -1 -1 -1.000000 -1
2013-08-19T14:00:00Z 13 12 16 3 0.481818 140
2013-08-19T15:00:00Z 11 12 14 3 0.463636 146
2013-08-19T16:00:00Z 15 26 14 2 0.445455 154
2013-08-19T17:00:00Z 14 30 19 3 0.481818 157
2013-08-19T18:00:00Z 18 53 27 4 0.527273 172
2013-08-19T19:00:00Z 24 69 35 4 0.609091 150
2013-08-19T20:00:00Z 24 57 34 4 0.654545 118
2013-08-19T21:00:00Z 29 56 42 5 0.736364 87
2013-08-19T22:00:00Z 33 82 51 6 0.836364 69
2013-08-19T23:00:00Z -1 -1 -1 -1 -1.000000 -1
2013-08-30T00:00:00Z 5 30 21 2 0.341667 35
2013-08-30T01:00:00Z 4 24 12 2 0.300000 46
2013-08-30T02:00:00Z 3 10 11 2 0.308333 48
2013-08-30T03:00:00Z 3 11 11 1 0.291667 47
2013-08-30T04:00:00Z 4 11 12 2 0.300000 42
2013-08-30T05:00:00Z 4 14 11 1 0.316667 44
2013-08-30T06:00:00Z 3 12 18 1 0.341667 35
2013-08-30T07:00:00Z 7 25 27 1 0.383333 25
2013-08-30T08:00:00Z 7 21 25 1 0.416667 27
2013-08-30T09:00:00Z 5 10 20 1 0.391667 36
2013-08-30T10:00:00Z 5 7 12 1 0.341667 47
2013-08-30T11:00:00Z 4 10 10 1 0.341667 55
2013-08-30T12:00:00Z 5 6 9 2 0.308333 63
2013-08-30T13:00:00Z -1 -1 -1 -1 -1.000000 -1
2013-08-30T14:00:00Z 6 8 10 1 0.341667 72
2013-08-30T15:00:00Z 7 26 11 2 0.336364 77
2013-08-30T16:00:00Z 5 13 12 3 0.333333 79
2013-08-30T17:00:00Z 9 13 14 4 0.333333 80
2013-08-30T18:00:00Z 10 26 19 4 0.366667 75
2013-08-30T19:00:00Z 12 42 28 3 0.625000 57
2013-08-30T20:00:00Z 19 56 45 3 0.583333 39
2013-08-30T21:00:00Z 21 59 51 2 0.566667 29
2013-08-30T22:00:00Z 20 60 54 3 0.566667 22
2013-08-30T23:00:00Z 23 58 56 3 0.575000 16
2013-08-31T00:00:00Z 22 62 57 3 0.583333 13
2013-08-31T01:00:00Z 21 55 53 3 0.641667 11
2013-08-31T02:00:00Z 22 47 50 4 0.618182 10
2013-08-31T03:00:00Z 23 45 48 4 0.600000 11
2013-08-31T04:00:00Z 19 48 46 5 0.509091 11
2013-08-31T05:00:00Z 18 38 44 5 0.508333 9
2013-08-31T06:00:00Z 15 34 43 9 0.466667 8
2013-08-31T07:00:00Z 17 36 43 11 0.541667 7
2013-08-31T08:00:00Z 15 34 39 18 0.533333 14
2013-08-31T09:00:00Z -1 -1 -1 -1 -1.000000 -1
2013-08-31T10:00:00Z 14 34 32 17 0.541667 31
2013-08-31T11:00:00Z -1 -1 -1 -1 -1.000000 -1
2013-08-31T12:00:00Z 7 14 16 7 0.391667 64
2013-08-31T13:00:00Z 9 17 14 5 0.358333 76
2013-08-31T14:00:00Z 9 18 13 3 0.350000 86
2013-08-31T15:00:00Z 11 27 15 3 0.358333 98
2013-08-31T16:00:00Z 12 38 16 2 0.341667 109
2013-08-31T17:00:00Z -1 -1 -1 -1 -1.000000 -1
2013-08-31T18:00:00Z 11 35 17 2 0.350000 104
2013-08-31T19:00:00Z 12 43 23 2 0.366667 81
2013-08-31T20:00:00Z 14 54 35 2 0.466667 56
2013-08-31T21:00:00Z 18 58 41 2 0.491667 40
2013-08-31T22:00:00Z 19 52 51 3 0.550000 24
2013-08-31T23:00:00Z 21 59 58 3 0.650000 16
2013-09-01T00:00:00Z 32 97 64 5 0.775000 15
2013-09-01T01:00:00Z 42 97 51 7 0.941667 21
2013-09-01T02:00:00Z 52 94 44 7 1.200000 22
2013-09-01T03:00:00Z 46 70 45 7 1.233333 14
2013-09-01T04:00:00Z 36 57 44 7 1.183333 11
2013-09-01T05:00:00Z 30 53 44 8 1.133333 10
2013-09-01T06:00:00Z 32 65 45 7 1.083333 7
2013-09-01T07:00:00Z 33 65 42 7 1.058333 9
2013-09-01T08:00:00Z 36 66 38 9 0.983333 19
2013-09-01T09:00:00Z 33 68 34 11 0.916667 31
2013-09-01T10:00:00Z 33 64 31 15 0.872727 47
2013-09-01T11:00:00Z 30 51 26 15 0.791667 69
2013-09-01T12:00:00Z -1 -1 -1 -1 -1.000000 -1
2013-09-01T13:00:00Z 29 50 22 12 0.716667 115
2013-09-01T14:00:00Z 32 49 24 12 0.716667 132
2013-09-01T15:00:00Z 36 58 26 12 0.716667 152
2013-09-01T16:00:00Z 39 72 26 11 0.725000 178
2013-09-01T17:00:00Z 35 61 24 10 0.675000 180
2013-09-01T18:00:00Z 38 93 27 10 0.758333 174
2013-09-01T19:00:00Z -1 -1 -1 -1 -1.000000 -1
2013-09-01T20:00:00Z 46 97 39 9 0.975000 132
2013-09-01T21:00:00Z 43 99 38 5 0.808333 100
2013-09-01T22:00:00Z 43 56 32 3 0.758333 88
2013-09-01T23:00:00Z 38 48 34 3 0.725000 69
2013-09-06T00:00:00Z 44 45 37 7 1.425000 31
2013-09-06T01:00:00Z 44 50 37 8 1.425000 27
2013-09-06T02:00:00Z 47 42 35 10 1.420000 24
2013-09-06T03:00:00Z 49 51 40 8 1.500000 21
2013-09-06T04:00:00Z 52 55 49 8 1.466667 14
2013-09-06T05:00:00Z 49 50 44 9 1.500000 12
2013-09-06T06:00:00Z 50 59 44 7 1.450000 9
2013-09-06T07:00:00Z 51 56 48 5 1.483333 5
2013-09-06T08:00:00Z 51 58 48 5 1.500000 7
2013-09-06T09:00:00Z 54 55 43 7 1.458333 18
2013-09-06T10:00:00Z 59 63 42 9 1.400000 31
2013-09-06T11:00:00Z 56 48 41 11 1.309091 48
2013-09-06T12:00:00Z 55 52 44 10 1.258333 64
2013-09-06T13:00:00Z 63 50 44 10 1.209091 82
2013-09-06T14:00:00Z 60 55 42 10 1.175000 103
2013-09-06T15:00:00Z 60 63 35 11 1.175000 128
2013-09-06T16:00:00Z 60 66 30 16 1.150000 150
2013-09-06T17:00:00Z 66 75 28 17 1.216667 156
2013-09-06T18:00:00Z 73 84 34 16 1.391667 147
2013-09-06T19:00:00Z 85 100 41 13 1.583333 125
2013-09-06T20:00:00Z 99 114 48 11 1.741667 96
2013-09-06T21:00:00Z -1 -1 -1 -1 -1.000000 -1
2013-09-06T22:00:00Z 99 111 48 10 1.936364 59
2013-09-06T23:00:00Z 100 113 51 8 2.072727 41
2013-10-15T00:00:00Z 13 33 42 3 0.400000 15
2013-10-15T01:00:00Z 10 16 41 2 0.360000 17
2013-10-15T02:00:00Z 7 15 31 2 0.240000 23
2013-10-15T03:00:00Z 6 29 26 1 0.220000 28
2013-10-15T04:00:00Z 4 16 41 2 0.222222 19
2013-10-15T05:00:00Z 5 17 35 2 0.230000 18
2013-10-15T06:00:00Z 6 17 38 2 0.320000 15
2013-10-15T07:00:00Z 8 27 43 4 0.480000 9
2013-10-15T08:00:00Z 14 36 42 10 0.633333 12
2013-10-15T09:00:00Z 12 32 35 12 0.540000 24
2013-10-15T10:00:00Z 11 30 26 12 0.422222 36
2013-10-15T11:00:00Z 7 15 19 10 0.360000 45
2013-10-15T12:00:00Z 6 14 16 8 0.322222 52
2013-10-15T13:00:00Z 7 13 16 5 0.300000 57
2013-10-15T14:00:00Z 8 17 18 4 0.320000 63
2013-10-15T15:00:00Z 14 23 23 5 0.330000 63
2013-10-15T16:00:00Z 15 42 30 5 0.355556 60
2013-10-15T17:00:00Z 21 60 40 5 0.400000 62
2013-11-26T18:00:00Z 8 60 12 4 0.470000 53
2013-11-26T19:00:00Z 7 61 11 2 0.466667 55
2013-11-26T20:00:00Z 6 60 9 2 0.450000 58
2013-11-26T21:00:00Z 7 71 8 2 0.430000 59
2013-11-26T22:00:00Z 6 59 7 2 0.420000 58
2013-11-26T23:00:00Z 7 50 6 2 0.420000 59
2013-11-27T00:00:00Z 7 36 5 2 0.420000 62
2013-11-27T01:00:00Z 6 24 5 2 0.420000 62
2013-11-27T02:00:00Z 4 18 5 2 0.430000 60
2013-11-27T03:00:00Z 4 22 5 2 0.320000 59
2013-11-27T04:00:00Z 5 17 5 2 0.333333 56
2013-11-27T05:00:00Z 4 24 4 2 0.310000 59
2013-11-27T06:00:00Z 5 21 5 2 0.320000 55
2013-11-27T07:00:00Z 6 18 7 2 0.360000 49
2013-11-27T08:00:00Z 6 22 9 3 0.411111 46
2013-11-27T09:00:00Z 5 31 8 3 0.411111 48
2013-11-27T10:00:00Z 5 40 6 3 0.366667 50
2013-11-27T11:00:00Z 8 52 7 3 0.360000 50
2013-11-27T12:00:00Z 9 47 6 4 0.388889 51
2013-11-27T13:00:00Z 8 47 6 4 0.377778 52
2013-11-27T14:00:00Z 9 51 7 6 0.388889 51
2013-11-27T15:00:00Z 9 49 7 5 0.370000 51
2013-11-27T16:00:00Z 8 50 8 4 0.377778 51
2013-11-27T17:00:00Z 8 58 12 4 0.390000 47
2013-11-27T18:00:00Z 8 53 13 5 0.420000 44
2013-11-27T19:00:00Z 9 39 14 5 0.410000 43
2013-11-27T20:00:00Z 8 36 11 4 0.411111 45
2013-11-27T21:00:00Z 6 41 9 3 0.400000 48
2013-11-27T22:00:00Z 5 25 7 3 0.380000 49
2013-11-27T23:00:00Z 6 17 9 4 0.400000 47
2013-12-29T00:00:00Z 57 77 79 53 1.691667 8
2013-12-29T01:00:00Z 56 82 76 51 1.750000 11
2013-12-29T02:00:00Z 56 88 71 41 1.816667 13
2013-12-29T03:00:00Z 47 77 67 37 1.658333 11
2013-12-29T04:00:00Z 32 53 61 27 1.241667 15
2013-12-29T05:00:00Z 28 42 57 26 1.066667 20
2013-12-29T06:00:00Z 35 55 64 36 1.450000 11
2013-12-29T07:00:00Z 45 67 69 53 1.991667 10
2013-12-29T08:00:00Z 51 84 71 64 2.100000 10
2013-12-29T09:00:00Z 60 98 73 67 2.400000 10
2013-12-29T10:00:00Z 65 91 77 72 2.175000 13
2013-12-29T11:00:00Z 58 77 75 58 1.825000 18
2013-12-29T12:00:00Z 50 68 68 43 1.527273 26
2013-12-29T13:00:00Z 44 62 65 41 1.200000 35
2013-12-29T14:00:00Z 43 62 57 37 0.966667 43
2013-12-29T15:00:00Z -1 -1 -1 -1 -1.000000 -1
2013-12-29T16:00:00Z 42 65 58 33 0.808333 37
2013-12-29T17:00:00Z 41 71 66 30 0.891667 30
2013-12-29T18:00:00Z 63 105 88 45 1.341667 17
2013-12-29T19:00:00Z 88 130 104 61 1.883333 9
2013-12-29T20:00:00Z 94 143 106 59 2.200000 7
2013-12-29T21:00:00Z 97 147 103 57 2.483333 7
2013-12-29T22:00:00Z 93 136 100 59 2.625000 8
2013-12-29T23:00:00Z 93 130 98 58 2.600000 9
2014-02-09T17:00:00Z 8 11 15 11 0.358333 66
2014-02-09T18:00:00Z 10 17 21 11 0.400000 59
2014-02-09T19:00:00Z 14 22 30 16 0.508333 48
2014-02-09T20:00:00Z 15 24 35 21 0.600000 42
2014-02-09T21:00:00Z 15 22 30 28 0.591667 45
2014-02-09T22:00:00Z 15 22 26 26 0.558333 48
2014-02-09T23:00:00Z 14 18 29 23 0.558333 45
2014-06-03T11:00:00Z 27 45 25 18 0.475000 119
2014-06-03T12:00:00Z -1 -1 -1 -1 -1.000000 -1
2014-06-03T13:00:00Z 23 43 18 7 0.377778 141
2014-06-03T14:00:00Z -1 -1 -1 -1 -1.000000 -1
2014-06-03T15:00:00Z 30 53 17 34 0.425000 195
2014-06-03T16:00:00Z -1 -1 -1 -1 -1.000000 -1
2014-06-03T17:00:00Z 30 53 17 34 0.425000 195
2014-06-03T18:00:00Z -1 -1 -1 -1 -1.000000 -1
2014-06-03T19:00:00Z 30 53 17 34 0.425000 195
2014-06-03T20:00:00Z 30 53 17 34 0.425000 195
2014-06-03T21:00:00Z 50 102 47 8 0.922222 134
2014-06-03T22:00:00Z 53 100 65 7 0.966667 101
2014-06-03T23:00:00Z -1 -1 -1 -1 -1.000000 -1
2014-06-08T22:00:00Z -1 -1 -1 -1 -1.000000 -1
2014-06-08T23:00:00Z 28 59 74 3 0.758333 16
2014-06-09T00:00:00Z 26 66 67 2 0.725000 19
2014-06-09T01:00:00Z 27 54 55 3 0.657143 18
2014-06-09T02:00:00Z 25 44 57 3 0.580000 15
2014-06-09T03:00:00Z 21 34 48 2 0.470000 19
2014-06-09T04:00:00Z 17 40 56 2 0.409091 16
2014-06-09T05:00:00Z 22 46 63 2 0.436364 7
2014-06-09T06:00:00Z 21 38 52 2 0.481818 11
2014-06-09T07:00:00Z 24 40 46 3 0.490909 21
2014-06-09T08:00:00Z 29 61 48 7 0.663636 27
2014-06-09T09:00:00Z -1 -1 -1 -1 -1.000000 -1
2014-06-09T10:00:00Z 41 59 47 14 0.900000 62
2014-06-09T11:00:00Z 43 73 50 15 0.909091 80
2014-06-09T12:00:00Z -1 -1 -1 -1 -1.000000 -1
2014-06-09T13:00:00Z 37 46 36 16 0.800000 122
2014-06-09T14:00:00Z 35 58 31 13 0.683333 138
2014-06-09T15:00:00Z -1 -1 -1 -1 -1.000000 -1
2014-07-12T00:00:00Z 29 69 83 4 0.716667 30
2014-07-12T01:00:00Z 22 59 64 4 0.481818 31
2014-07-12T02:00:00Z 16 42 56 3 0.350000 28
2014-07-12T03:00:00Z 11 23 40 3 0.250000 39
2014-07-12T04:00:00Z 10 21 29 3 0.233333 49
2014-07-12T05:00:00Z 9 21 27 3 0.250000 51
2014-07-12T06:00:00Z 9 27 29 3 0.266667 47
2014-07-12T07:00:00Z 9 30 33 3 0.266667 45
2014-07-12T08:00:00Z 8 29 27 3 0.258333 56
2014-07-12T09:00:00Z 7 17 21 3 0.250000 72
2014-07-12T10:00:00Z 6 15 16 3 0.283333 85
2014-07-12T11:00:00Z 7 18 13 2 0.250000 95
2014-07-12T12:00:00Z -1 -1 -1 -1 -1.000000 -1
2014-07-12T13:00:00Z 8 19 12 3 0.241667 120
2014-07-12T17:00:00Z 10 28 17 3 0.241667 138
2014-07-12T18:00:00Z 12 31 21 3 0.258333 143
2014-07-12T19:00:00Z 14 42 25 3 0.291667 145
2014-07-12T20:00:00Z 14 47 30 3 0.325000 139
2014-07-12T21:00:00Z 19 69 41 3 0.350000 118
2014-07-12T22:00:00Z 23 81 52 3 0.441667 94
2014-07-12T23:00:00Z 27 79 61 3 0.458333 76
2014-07-23T21:00:00Z 41 116 70 5 0.809091 45
2014-07-23T22:00:00Z 44 121 75 5 0.825000 30
2014-07-23T23:00:00Z 46 103 81 4 0.883333 21
2014-07-24T00:00:00Z 53 123 77 5 0.866667 19
2014-07-24T01:00:00Z 50 105 70 5 0.850000 20
2014-07-24T02:00:00Z 51 109 67 5 0.833333 17
2014-07-24T03:00:00Z 55 106 70 5 0.783333 11
2014-07-24T14:00:00Z 70 99 66 9 1.000000 78
2014-07-24T15:00:00Z 60 92 50 10 0.900000 99
2014-07-24T16:00:00Z 58 80 41 10 0.790909 117
2014-07-24T17:00:00Z 56 106 49 10 0.816667 120
2014-07-24T18:00:00Z 61 99 52 10 0.800000 131
2014-07-24T19:00:00Z 46 82 46 8 0.716667 135
2014-07-24T20:00:00Z 44 75 44 6 0.700000 118
2014-07-24T21:00:00Z 39 73 47 7 0.825000 91
2014-07-24T22:00:00Z 50 97 57 9 1.183333 65
2014-07-24T23:00:00Z 68 108 62 8 1.416667 46
2014-08-06T11:00:00Z -1 -1 -1 -1 -1.000000 -1
2014-08-06T12:00:00Z 15 23 19 3 0.333333 107
2014-08-06T13:00:00Z -1 -1 -1 -1 -1.000000 -1
2014-08-06T14:00:00Z 10 6 13 4 0.300000 103
2014-08-06T15:00:00Z 10 10 15 5 0.300000 99
2014-08-06T16:00:00Z -1 -1 -1 -1 -1.000000 -1
2014-08-06T17:00:00Z 9 37 21 2 0.283333 99
2014-08-06T18:00:00Z 10 68 23 2 0.291667 105
2014-08-06T19:00:00Z 15 69 31 3 0.400000 123
2014-08-06T20:00:00Z 22 89 41 3 0.475000 119
2014-08-06T21:00:00Z 31 106 55 3 0.625000 103
2014-08-06T22:00:00Z 43 129 69 4 0.850000 76
2014-08-06T23:00:00Z 51 122 78 4 0.983333 59
2014-08-07T00:00:00Z 61 110 81 4 1.100000 47
2014-08-07T01:00:00Z -1 -1 -1 -1 -1.000000 -1
2014-08-07T02:00:00Z 86 130 78 5 1.250000 24
2014-08-07T03:00:00Z 89 115 61 5 1.100000 29
2014-08-07T04:00:00Z 79 90 54 5 0.983333 33
2014-08-07T05:00:00Z 76 88 53 5 1.041667 29
2014-08-11T00:00:00Z 60 99 69 4 0.875000 60
2014-08-11T01:00:00Z 58 86 71 4 0.825000 53
2014-08-11T02:00:00Z 51 91 60 4 0.708333 56
2014-08-11T03:00:00Z 44 59 52 3 0.616667 57
2014-08-11T04:00:00Z 24 18 43 3 0.466667 46
2014-08-11T05:00:00Z 15 7 37 3 0.383333 43
2014-08-11T06:00:00Z 9 16 37 3 0.375000 42
2014-08-11T07:00:00Z 14 30 42 3 0.416667 38
2014-08-11T08:00:00Z 13 35 43 3 0.433333 42
2014-08-11T09:00:00Z 13 30 34 4 0.436364 56
2014-08-11T10:00:00Z 15 29 24 4 0.400000 75
2014-08-11T14:00:00Z 15 18 14 3 0.280000 107
2014-08-11T15:00:00Z -1 -1 -1 -1 -1.000000 -1
2014-08-11T16:00:00Z 14 27 18 5 0.345455 120
2014-08-11T17:00:00Z 17 51 22 3 0.450000 131
2014-08-11T18:00:00Z -1 -1 -1 -1 -1.000000 -1
2014-08-11T19:00:00Z 23 53 36 3 0.418182 136
2014-08-11T20:00:00Z 24 72 45 3 0.466667 120
2014-08-11T21:00:00Z 27 84 53 3 0.516667 102
2014-08-11T22:00:00Z 29 91 58 4 0.563636 87
2014-08-11T23:00:00Z 27 77 65 3 0.636364 63
2014-08-12T00:00:00Z 29 67 74 3 0.750000 47
2014-08-12T01:00:00Z 33 65 81 3 0.808333 34
2014-08-12T08:00:00Z 17 46 49 3 0.450000 34
2014-08-12T09:00:00Z 18 45 44 3 0.441667 47
2014-08-12T10:00:00Z 16 49 41 3 0.433333 62
2014-08-12T11:00:00Z 17 37 33 5 0.436364 86
2014-08-12T12:00:00Z 15 34 24 13 1.016667 119
2014-08-12T13:00:00Z -1 -1 -1 -1 -1.000000 -1
2014-08-12T14:00:00Z 22 45 20 9 0.583333 182
2014-08-12T15:00:00Z 28 61 22 9 0.691667 200
2014-08-12T16:00:00Z -1 -1 -1 -1 -1.000000 -1
2014-08-12T17:00:00Z 27 72 25 8 0.766667 194
2014-08-12T18:00:00Z 33 89 32 9 0.891667 189
2014-08-12T19:00:00Z 36 83 41 8 0.800000 168
2014-08-12T20:00:00Z 33 88 46 6 0.733333 135
2014-08-12T21:00:00Z 32 79 48 6 0.741667 112
2014-08-12T22:00:00Z 31 66 49 5 0.716667 94
2014-08-12T23:00:00Z 17 73 27 3 0.450000 99
2014-08-13T09:00:00Z 34 36 45 2 0.691667 46
2014-08-13T10:00:00Z 37 35 46 2 0.741667 52
2014-08-13T11:00:00Z -1 -1 -1 -1 -1.000000 -1
2014-08-13T12:00:00Z 36 28 35 2 0.783333 73
2014-08-13T13:00:00Z -1 -1 -1 -1 -1.000000 -1
2014-08-13T14:00:00Z 24 19 29 2 0.625000 57
2014-08-13T15:00:00Z 20 15 32 2 0.625000 53
2014-08-13T16:00:00Z -1 -1 -1 -1 -1.000000 -1
2014-08-13T17:00:00Z 22 18 29 2 0.591667 64
2014-08-13T18:00:00Z 22 27 31 2 0.600000 65
2014-08-13T19:00:00Z 22 27 31 2 0.600000 65
2014-08-13T20:00:00Z 27 36 40 2 0.641667 48
2014-08-13T21:00:00Z 28 35 43 2 0.666667 36
2014-08-13T22:00:00Z 22 26 42 2 0.633333 32
2014-08-13T23:00:00Z 23 46 42 2 0.650000 26
2014-08-14T00:00:00Z 23 33 41 2 0.683333 20
2014-08-14T01:00:00Z -1 -1 -1 -1 -1.000000 -1
2014-08-14T02:00:00Z 23 28 38 3 0.683333 13
2014-08-14T03:00:00Z -1 -1 -1 -1 -1.000000 -1
2014-08-14T04:00:00Z 22 22 34 3 0.641667 14
2014-08-14T05:00:00Z 22 28 34 3 0.675000 14
2014-08-14T06:00:00Z 22 27 35 3 0.708333 11
2014-08-14T07:00:00Z -1 -1 -1 -1 -1.000000 -1
2014-08-14T08:00:00Z 29 51 47 4 0.716667 15
2014-08-14T09:00:00Z 33 43 46 5 0.725000 27
2014-08-14T10:00:00Z 34 40 45 6 0.725000 46
2014-08-14T11:00:00Z -1 -1 -1 -1 -1.000000 -1
2014-08-14T12:00:00Z 35 58 48 8 0.675000 90
2014-08-14T13:00:00Z 44 62 47 7 0.700000 130
2014-08-14T14:00:00Z 48 65 38 7 0.650000 181
2014-08-14T15:00:00Z -1 -1 -1 -1 -1.000000 -1
2014-08-14T16:00:00Z 38 67 27 5 0.533333 197
2014-08-14T17:00:00Z 32 54 24 4 0.491667 177
2014-08-14T18:00:00Z 34 58 25 5 0.533333 170
2014-08-14T19:00:00Z 36 63 32 4 0.566667 148
2014-08-14T20:00:00Z 30 56 37 4 0.558333 117
2014-08-14T21:00:00Z -1 -1 -1 -1 -1.000000 -1
2014-08-14T22:00:00Z 23 30 52 3 0.508333 54
2014-08-14T23:00:00Z -1 -1 -1 -1 -1.000000 -1
2014-08-15T00:00:00Z 23 57 67 3 0.591667 24
2014-08-15T01:00:00Z 27 84 68 3 0.641667 22
2014-08-15T02:00:00Z 30 66 68 3 0.658333 20
2014-08-15T03:00:00Z 31 42 61 3 0.633333 22
2014-08-15T04:00:00Z 27 40 56 3 0.516667 25
2014-08-15T05:00:00Z 23 43 59 3 0.525000 16
2014-08-15T06:00:00Z 25 43 57 3 0.550000 18
2014-08-15T07:00:00Z 40 64 62 4 0.675000 15
2014-08-15T08:00:00Z 63 93 71 6 0.866667 18
2014-08-15T09:00:00Z 88 137 70 8 0.916667 42
2014-08-15T10:00:00Z -1 -1 -1 -1 -1.000000 -1
2014-08-24T15:00:00Z 9 17 13 5 0.275000 106
2014-08-24T16:00:00Z 11 21 14 5 0.291667 110
2014-08-24T17:00:00Z 9 17 16 4 0.291667 111
2014-08-24T18:00:00Z 10 31 19 4 0.300000 108
2014-08-24T19:00:00Z 14 69 31 4 0.391667 93
2014-08-24T20:00:00Z 22 96 45 4 0.516667 89
2014-08-24T21:00:00Z 27 124 46 3 0.591667 87
2014-08-24T22:00:00Z 33 79 35 3 0.666667 88
2014-08-24T23:00:00Z 36 70 34 3 0.716667 79
2014-08-25T00:00:00Z 30 43 36 4 0.663636 59
2014-08-25T01:00:00Z 25 46 41 4 0.666667 41
2014-08-25T02:00:00Z 23 43 45 3 0.566667 30
2014-08-26T12:00:00Z 17 35 37 14 0.475000 92
2014-08-26T13:00:00Z 14 29 27 10 0.400000 112
2014-08-26T14:00:00Z 15 35 21 7 0.336364 125
2014-08-26T17:00:00Z 15 43 22 4 0.308333 145
2014-08-26T18:00:00Z 17 78 29 3 0.350000 161
2014-08-26T19:00:00Z 20 67 41 3 0.425000 136
2014-08-26T20:00:00Z 24 86 64 3 0.550000 95
2014-08-26T21:00:00Z 30 93 83 3 0.700000 54
2014-08-26T22:00:00Z 35 107 98 4 0.758333 35
2014-08-26T23:00:00Z 32 84 94 4 0.708333 35
2014-08-27T00:00:00Z 31 95 90 4 0.733333 35
2014-08-27T01:00:00Z 32 97 84 5 0.816667 36
2014-08-27T02:00:00Z 36 95 86 4 0.875000 32
2014-08-27T03:00:00Z 38 111 81 4 0.850000 30
2014-08-27T04:00:00Z 39 105 81 5 0.733333 30
2014-08-27T05:00:00Z 37 99 82 5 0.658333 27
2014-08-27T06:00:00Z 32 70 73 4 0.616667 28
2014-08-27T07:00:00Z 26 71 63 3 0.625000 32
2014-08-27T08:00:00Z 26 69 64 4 0.608333 41
2014-08-27T09:00:00Z -1 -1 -1 -1 -1.000000 -1
2014-08-27T10:00:00Z 25 79 67 4 0.558333 80
2014-08-27T17:00:00Z 65 118 24 16 0.625000 217
2014-08-27T18:00:00Z 68 130 26 16 0.616667 206
2014-08-27T19:00:00Z 70 128 36 16 0.675000 186
2014-08-27T20:00:00Z 75 156 47 14 0.766667 155
2014-08-27T21:00:00Z 80 159 58 12 0.841667 116
2014-08-27T22:00:00Z 88 159 74 11 0.966667 84
2014-08-27T23:00:00Z -1 -1 -1 -1 -1.000000 -1
2014-08-28T00:00:00Z 98 177 93 12 1.100000 54
2014-08-28T01:00:00Z 99 170 86 10 1.125000 54
2014-08-28T02:00:00Z 100 165 79 11 1.036364 60
2014-08-28T03:00:00Z 93 151 65 11 0.845455 75
2014-08-28T04:00:00Z 85 119 74 8 0.858333 68
2014-08-28T05:00:00Z 80 121 68 9 0.883333 62
2014-09-08T16:00:00Z 7 24 12 5 0.266667 110
2014-09-08T17:00:00Z -1 -1 -1 -1 -1.000000 -1
2014-09-08T18:00:00Z 11 53 27 4 0.350000 110
2014-09-08T19:00:00Z 15 66 34 4 0.383333 105
2014-09-08T20:00:00Z 20 74 39 4 0.425000 90
2014-09-08T21:00:00Z 22 74 45 4 0.466667 70
2014-09-08T22:00:00Z 21 69 48 4 0.491667 58
2014-09-08T23:00:00Z -1 -1 -1 -1 -1.000000 -1
2014-09-09T00:00:00Z 27 80 59 5 0.516667 33
2014-09-09T01:00:00Z 28 77 61 5 0.583333 25
2014-09-09T02:00:00Z -1 -1 -1 -1 -1.000000 -1
2014-09-09T03:00:00Z 29 72 61 3 0.563636 17
2014-09-09T04:00:00Z 26 61 58 4 0.500000 19
2014-09-09T05:00:00Z -1 -1 -1 -1 -1.000000 -1
2014-09-09T06:00:00Z 19 39 42 3 0.475000 24
2014-09-09T07:00:00Z 18 49 45 4 0.533333 22
2014-09-09T08:00:00Z 17 50 43 4 0.550000 30
2014-09-09T09:00:00Z 18 55 40 5 0.525000 41
2014-09-09T10:00:00Z -1 -1 -1 -1 -1.000000 -1
2014-09-09T11:00:00Z 24 63 37 5 0.508333 80
2014-09-09T12:00:00Z 30 76 40 6 0.541667 109
2014-09-02T12:00:00Z 26 38 37 2 1.008333 61
2014-09-02T13:00:00Z 25 38 29 2 0.925000 71
2014-09-02T14:00:00Z 19 5 23 2 0.808333 75
2014-09-02T15:00:00Z 14 15 22 2 0.733333 73
2014-09-02T16:00:00Z 14 19 24 2 0.750000 70
2014-09-02T17:00:00Z 14 19 30 2 0.816667 63
2014-09-02T18:00:00Z 12 14 31 2 0.791667 63
2014-09-02T19:00:00Z 8 12 33 2 0.716667 56
2014-09-02T20:00:00Z 12 14 40 2 0.750000 44
2014-09-02T21:00:00Z 13 15 40 2 0.716667 40
2014-09-02T22:00:00Z 12 14 38 2 0.641667 38
2014-09-02T23:00:00Z -1 -1 -1 -1 -1.000000 -1
2014-09-03T00:00:00Z 12 20 42 2 0.650000 27
2014-09-03T01:00:00Z 15 23 43 2 0.683333 18
2014-09-03T02:00:00Z 14 22 44 3 0.658333 15
2014-09-03T03:00:00Z 12 20 42 2 0.609091 17
2014-09-03T04:00:00Z 9 9 38 2 0.500000 21
2014-09-03T05:00:00Z 9 10 34 2 0.475000 24
2014-09-03T06:00:00Z -1 -1 -1 -1 -1.000000 -1
2014-09-03T07:00:00Z 11 22 39 3 0.583333 20
2014-09-03T08:00:00Z 15 24 41 7 0.716667 22
2014-09-03T09:00:00Z -1 -1 -1 -1 -1.000000 -1
2014-09-03T10:00:00Z 18 23 34 18 0.666667 41
2014-09-03T13:00:00Z 11 17 22 10 0.409091 87
2014-09-03T14:00:00Z 12 24 20 7 0.400000 103
2014-09-03T15:00:00Z 14 35 23 7 0.391667 120
2014-09-03T16:00:00Z 20 54 27 6 0.400000 130
2014-09-03T17:00:00Z -1 -1 -1 -1 -1.000000 -1
2014-09-03T18:00:00Z 15 59 32 3 0.450000 126
2014-09-03T19:00:00Z 18 58 39 3 0.475000 102
2014-09-03T20:00:00Z 18 60 48 3 0.525000 76
2014-09-03T21:00:00Z 22 71 54 3 0.583333 61
2014-09-03T22:00:00Z -1 -1 -1 -1 -1.000000 -1
2014-09-03T23:00:00Z 25 78 68 3 0.725000 28
2014-09-12T06:00:00Z 68 -1 35 2 0.866667 36
2014-09-12T07:00:00Z 64 -1 35 2 0.858333 33
2014-09-12T08:00:00Z 62 37 47 2 0.925000 23
2014-09-12T09:00:00Z 66 47 56 2 0.958333 18
2014-09-12T10:00:00Z 61 66 60 3 0.936364 19
2014-09-12T11:00:00Z 70 69 56 3 0.991667 32
2014-09-12T12:00:00Z 68 75 54 4 0.941667 49
2014-09-12T13:00:00Z 68 69 50 5 0.900000 65
2014-09-12T14:00:00Z 63 67 48 6 0.841667 76
2014-09-12T15:00:00Z 59 79 44 7 0.766667 91
2014-09-12T16:00:00Z 64 91 47 7 0.766667 97
2014-09-12T17:00:00Z 65 94 50 7 0.766667 85
2014-09-12T18:00:00Z 57 76 50 6 0.741667 70
2014-09-12T19:00:00Z -1 -1 -1 -1 -1.000000 -1
2014-09-12T20:00:00Z 60 87 66 4 0.825000 35
2014-09-12T21:00:00Z 66 97 67 4 0.866667 25
2014-09-12T22:00:00Z 65 91 67 4 0.875000 20
2014-09-12T23:00:00Z -1 -1 -1 -1 -1.000000 -1
2014-09-13T00:00:00Z 67 100 65 4 0.916667 13
2014-09-13T01:00:00Z 68 89 64 4 0.908333 10
2014-09-13T02:00:00Z 69 98 60 4 0.841667 10
2014-09-13T03:00:00Z 70 97 59 4 0.854545 9
2014-09-13T04:00:00Z 70 97 61 4 0.866667 6
2014-09-13T05:00:00Z -1 -1 -1 -1 -1.000000 -1
2014-09-13T06:00:00Z 71 123 62 4 1.050000 4
2014-09-13T07:00:00Z 74 130 57 4 1.083333 3
2014-09-13T08:00:00Z -1 -1 -1 -1 -1.000000 -1
2014-09-13T09:00:00Z 87 111 72 7 1.083333 13
2014-09-13T10:00:00Z 82 100 69 10 0.908333 36
2014-09-14T08:00:00Z 72 105 59 5 0.663636 32
2014-09-14T09:00:00Z 51 77 44 5 0.554545 45
2014-09-14T10:00:00Z 26 35 32 3 0.409091 45
2014-09-14T11:00:00Z -1 -1 -1 -1 -1.000000 -1
2014-09-14T12:00:00Z 15 27 23 2 0.290909 50
2014-09-14T13:00:00Z 12 17 24 2 0.258333 49
2014-09-14T14:00:00Z -1 -1 -1 -1 -1.000000 -1
2014-09-14T15:00:00Z 10 24 25 2 0.275000 49
2014-09-14T16:00:00Z 10 30 27 3 0.281818 49
2014-09-14T17:00:00Z 11 46 31 3 0.309091 47
2014-09-14T18:00:00Z 12 47 36 3 0.358333 40
2014-09-14T19:00:00Z 19 66 53 3 0.466667 22
2014-09-14T20:00:00Z 26 93 67 3 0.636364 9
2014-09-14T21:00:00Z 33 108 66 3 0.654545 8
2014-09-14T22:00:00Z 36 111 63 4 0.709091 6
2014-09-14T23:00:00Z -1 -1 -1 -1 -1.000000 -1
2014-09-15T00:00:00Z 38 100 52 4 0.675000 8
2014-09-15T01:00:00Z 39 90 49 4 0.741667 8
2014-09-15T02:00:00Z -1 -1 -1 -1 -1.000000 -1
2014-09-15T03:00:00Z 25 54 47 3 0.500000 8
2014-09-15T04:00:00Z 20 52 44 3 0.408333 9
2014-09-15T05:00:00Z 18 36 45 3 0.372727 7
2014-09-15T06:00:00Z 14 31 40 3 0.358333 10
2014-09-15T07:00:00Z 15 37 41 5 0.383333 9
2014-09-15T08:00:00Z 19 40 43 12 0.527273 11
2014-09-15T09:00:00Z 16 26 36 18 0.472727 22
2014-09-15T10:00:00Z 13 33 29 14 0.381818 34
2014-09-15T11:00:00Z -1 -1 -1 -1 -1.000000 -1
2014-09-15T12:00:00Z 7 13 17 5 0.263636 57
2014-09-15T13:00:00Z 7 10 13 4 0.227273 70
2014-09-15T14:00:00Z 7 16 13 4 0.227273 78
2014-09-15T15:00:00Z 8 28 15 4 0.230000 82
2014-09-15T16:00:00Z 11 44 20 4 0.245455 90
2014-09-15T17:00:00Z 12 54 25 4 0.280000 100
2014-09-15T18:00:00Z 15 65 31 4 0.327273 99
2014-09-15T19:00:00Z 16 64 43 3 0.345455 73
2014-09-15T20:00:00Z -1 -1 -1 -1 -1.000000 -1
2014-09-15T21:00:00Z 23 74 56 4 0.400000 37
2014-09-15T22:00:00Z 25 81 57 6 0.433333 31
2014-09-15T23:00:00Z -1 -1 -1 -1 -1.000000 -1
2014-09-16T00:00:00Z 27 91 61 5 0.475000 19
2014-09-16T01:00:00Z 30 90 62 4 0.508333 14
2014-09-16T02:00:00Z 29 77 60 4 0.525000 13
2014-09-16T03:00:00Z 31 82 64 4 0.545455 9
2014-09-16T04:00:00Z 30 72 62 5 0.491667 11
2014-09-16T05:00:00Z -1 -1 -1 -1 -1.000000 -1
2014-09-16T06:00:00Z 18 40 47 3 0.383333 18
2014-09-16T07:00:00Z 17 52 52 4 0.436364 16
2014-09-16T08:00:00Z 18 59 51 3 0.472727 17
2014-09-16T09:00:00Z 20 57 49 4 0.483333 20
2014-09-16T10:00:00Z 21 52 49 4 0.491667 23
2014-09-16T11:00:00Z 21 63 49 5 0.475000 27
2014-09-16T12:00:00Z 23 71 50 4 0.440000 35
2014-09-16T13:00:00Z 30 80 54 5 0.490000 45
2014-09-16T14:00:00Z 36 85 61 7 0.609091 47
2014-09-16T15:00:00Z 43 109 77 7 0.710000 39
2014-09-16T16:00:00Z -1 -1 -1 -1 -1.000000 -1
2014-09-16T17:00:00Z 63 140 99 8 0.780000 34
2014-09-16T18:00:00Z 68 138 94 8 0.772727 35
2014-09-16T19:00:00Z 70 148 98 8 0.836364 24
2014-09-16T20:00:00Z -1 -1 -1 -1 -1.000000 -1
2014-09-16T21:00:00Z 69 138 88 8 0.827273 9
2014-09-16T22:00:00Z 65 131 84 7 0.809091 8
2014-09-16T23:00:00Z -1 -1 -1 -1 -1.000000 -1
2014-09-17T00:00:00Z 46 80 65 4 0.718182 11
2014-09-17T01:00:00Z 38 76 57 4 0.672727 13
2014-09-17T02:00:00Z 32 56 52 3 0.536364 18
2014-09-17T03:00:00Z 30 59 46 3 0.450000 22
2014-09-17T04:00:00Z 33 63 49 3 0.454545 18
2014-09-17T05:00:00Z 34 69 49 3 0.509091 12
2014-09-17T06:00:00Z 37 65 49 3 0.563636 10
2014-09-17T07:00:00Z 35 61 51 3 0.609091 10
2014-09-17T08:00:00Z 32 71 53 3 0.690909 7
2014-09-17T09:00:00Z 48 93 53 4 0.766667 9
2014-09-17T10:00:00Z 57 104 61 5 0.800000 11
2014-09-17T11:00:00Z 66 124 72 6 0.850000 13
2014-09-17T12:00:00Z -1 -1 -1 -1 -1.000000 -1
2014-09-17T13:00:00Z 84 136 85 7 0.945455 28
2014-09-17T14:00:00Z 84 122 85 7 0.918182 39
2014-10-12T16:00:00Z 7 15 20 3 0.236364 51
2014-10-12T19:00:00Z 8 14 34 2 0.281818 34
2014-10-12T20:00:00Z 9 26 38 2 0.309091 30
2014-10-12T21:00:00Z 10 18 35 3 0.290909 32
2014-10-12T22:00:00Z 8 12 29 2 0.236364 36
2014-10-12T23:00:00Z 7 9 26 2 0.220000 38
2014-10-13T00:00:00Z 7 6 23 2 0.200000 40
2014-10-13T01:00:00Z 6 7 23 2 0.218182 39
2014-10-13T02:00:00Z 6 8 23 2 0.209091 36
2014-10-13T03:00:00Z -1 -1 -1 -1 -1.000000 -1
2014-10-13T04:00:00Z 4 6 24 3 0.190909 39
2014-10-13T05:00:00Z 6 10 24 3 0.200000 33
2014-10-13T06:00:00Z 7 16 27 4 0.236364 30
2014-10-13T07:00:00Z 9 18 33 7 0.318182 24
2014-10-13T08:00:00Z 11 24 35 11 0.400000 24
2014-10-13T09:00:00Z 9 20 28 11 0.341667 32
2014-10-13T10:00:00Z 7 9 20 9 0.291667 41
2014-10-13T11:00:00Z 6 7 16 6 0.258333 48
2014-10-13T12:00:00Z -1 -1 -1 -1 -1.000000 -1
2014-10-13T13:00:00Z 8 37 14 6 0.233333 57
2014-10-13T14:00:00Z -1 -1 -1 -1 -1.000000 -1
2014-10-13T15:00:00Z 9 26 17 5 0.258333 61
2014-10-13T16:00:00Z 9 24 20 4 0.250000 59
2014-10-13T17:00:00Z 13 30 28 4 0.275000 54
2014-10-13T18:00:00Z 14 56 48 4 0.366667 34
2014-10-13T19:00:00Z 21 75 69 4 0.491667 17
2014-10-13T20:00:00Z 31 74 77 4 0.550000 12
2014-10-13T21:00:00Z 35 88 76 4 0.591667 11
2014-10-13T22:00:00Z 41 99 74 5 0.625000 10
2014-10-13T23:00:00Z 43 80 71 4 0.633333 8
2014-10-14T00:00:00Z -1 -1 -1 -1 -1.000000 -1
2014-10-14T01:00:00Z 40 81 61 5 0.700000 9
2014-10-14T02:00:00Z 36 76 58 4 0.658333 6
2014-10-14T03:00:00Z 34 70 55 4 0.666667 6
2014-10-14T04:00:00Z 30 62 52 4 0.583333 5
2014-10-14T05:00:00Z 26 52 46 4 0.533333 6
2014-10-14T06:00:00Z -1 -1 -1 -1 -1.000000 -1
2014-10-14T07:00:00Z 23 50 48 3 0.550000 3
2014-10-14T08:00:00Z -1 -1 -1 -1 -1.000000 -1
2014-10-14T09:00:00Z 28 66 51 6 0.733333 9
2014-10-14T10:00:00Z 27 66 54 7 0.727273 14
2014-10-14T11:00:00Z 33 73 60 9 0.733333 18
2014-10-14T12:00:00Z 37 75 68 10 0.708333 25
2014-10-14T13:00:00Z 42 90 71 10 0.633333 39
2014-10-14T14:00:00Z 45 81 57 10 0.558333 57
2014-10-14T15:00:00Z 40 81 48 10 0.525000 76
2014-10-14T16:00:00Z 38 79 42 10 0.458333 82
2014-10-14T17:00:00Z 39 87 40 10 0.716667 84
2014-10-14T18:00:00Z 47 111 61 10 0.608333 62
2014-10-14T19:00:00Z 56 124 89 10 0.800000 34
2014-10-14T20:00:00Z 64 132 89 10 0.808333 28
2014-10-14T21:00:00Z -1 -1 -1 -1 -1.000000 -1
2014-10-14T22:00:00Z 84 155 86 14 0.941667 17
2014-10-14T23:00:00Z 91 156 82 14 0.941667 16
2014-11-02T00:00:00Z -1 -1 -1 -1 -1.000000 -1
2014-11-02T01:00:00Z 5 24 15 4 0.191667 56
2014-11-02T02:00:00Z 4 15 10 3 0.190909 59
2014-11-02T03:00:00Z 5 25 9 3 0.172727 62
2014-11-02T04:00:00Z 5 14 10 3 0.150000 62
2014-11-02T05:00:00Z 4 8 11 3 0.175000 56
2014-11-02T06:00:00Z 5 11 15 5 0.191667 52
2014-11-02T07:00:00Z -1 -1 -1 -1 -1.000000 -1
2014-11-02T08:00:00Z 6 27 34 6 0.325000 33
2014-11-02T09:00:00Z 6 24 24 6 0.275000 43
2014-11-02T10:00:00Z 6 15 17 5 0.266667 53
2014-11-02T11:00:00Z 6 16 13 4 0.216667 58
2014-11-02T12:00:00Z 7 18 13 4 0.233333 60
2014-11-02T13:00:00Z 7 22 13 5 0.233333 60
2014-11-02T14:00:00Z 7 27 13 4 0.227273 62
2014-11-02T15:00:00Z 8 28 14 4 0.227273 63
2014-11-02T16:00:00Z 7 34 15 4 0.325000 62
2014-11-02T17:00:00Z 6 28 20 5 0.366667 56
2014-11-02T18:00:00Z 8 33 33 5 0.425000 39
2014-11-02T19:00:00Z 12 38 39 6 0.491667 33
2014-11-02T20:00:00Z 16 43 42 6 0.591667 28
2014-11-02T21:00:00Z 14 34 47 5 0.575000 21
2014-11-02T22:00:00Z 11 32 50 4 0.591667 17
2014-11-02T23:00:00Z -1 -1 -1 -1 -1.000000 -1
