2014-07-07T08:00:00 0 0 0 0 0 0 0 0 0 0 0
2014-07-26T00:00:00 182 52 12 16 8 7 58 4 25 4 63
2014-07-28T00:00:00 192 58 15 17 4 13 60 3 43 5 38
2014-07-27T20:00:00 176 38 13 13 7 10 104 1 49 5 53
2014-07-30T08:00:00 63 9 3 1 5 2 12 1 8 1 12
2014-08-02T08:00:00 59 8 6 3 1 1 23 1 9 1 21
2014-08-20T20:00:00 163 41 17 13 10 9 56 4 28 2 30
2014-08-29T22:00:00 220 49 30 15 3 4 54 1 32 3 50
2014-09-01T08:00:00 51 7 4 2 2 0 11 0 4 1 4
2014-09-05T19:00:00 181 37 22 7 4 5 38 3 28 1 40
2014-09-20T17:00:00 274 41 40 25 10 9 122 1 31 3 87
2014-09-25T08:00:00 38 8 6 4 0 0 6 0 5 0 6
