2013-12-01T11:00:00Z 143 -1 109 155 154
2013-12-01T12:00:00Z 159 267 107 154 118
2013-12-01T13:00:00Z 173 255 118 146 107
2013-12-01T14:00:00Z 174 206 145 166 113
2013-12-01T15:00:00Z 203 170 154 175 117
2013-12-01T16:00:00Z 216 168 158 168 126
2013-12-01T17:00:00Z 219 164 168 187 146
2013-12-01T18:00:00Z 220 169 180 204 173
2013-12-01T19:00:00Z 228 186 187 228 214
2013-12-01T20:00:00Z 232 217 191 240 289
2013-12-01T21:00:00Z -1 -1 -1 -1 -1
2013-12-01T22:00:00Z 189 272 189 208 215
2013-12-01T23:00:00Z 190 296 185 212 237
2013-12-02T00:00:00Z 195 292 185 256 233
2013-12-02T01:00:00Z 192 303 176 255 244
2013-12-02T02:00:00Z 188 293 174 297 378
2013-12-02T03:00:00Z 215 282 173 286 269
2013-12-02T04:00:00Z 223 295 168 277 275
2013-12-02T05:00:00Z 220 287 164 271 290
2013-12-02T06:00:00Z 212 282 156 278 328
2013-12-02T07:00:00Z 210 287 160 287 379
2013-12-02T08:00:00Z 219 303 165 294 394
2013-12-02T09:00:00Z 237 315 168 316 411
2013-12-02T10:00:00Z 253 332 167 311 436
2013-12-02T11:00:00Z 250 300 148 252 364
2013-12-02T12:00:00Z 229 252 127 198 331
2013-12-02T13:00:00Z 198 202 99 156 353
2013-12-02T14:00:00Z 178 194 73 125 299
2013-12-02T15:00:00Z 147 178 72 109 238
2013-12-02T16:00:00Z 119 173 74 101 278
2013-12-02T17:00:00Z 109 172 83 111 372
2013-12-02T18:00:00Z 108 190 114 126 462
2013-12-02T19:00:00Z 121 210 170 141 628
2013-12-02T20:00:00Z 157 211 277 126 707
2013-12-02T21:00:00Z 214 218 238 136 621
2013-12-02T22:00:00Z 252 245 200 149 520
2013-12-02T23:00:00Z 250 258 182 172 432
2013-12-03T00:00:00Z 225 256 210 196 428
2013-12-03T01:00:00Z 197 269 226 207 389
2013-12-03T02:00:00Z 181 281 253 229 288
2013-12-03T03:00:00Z 177 263 274 220 315
2013-12-03T04:00:00Z 173 213 274 255 339
2013-12-03T05:00:00Z 165 195 241 271 345
2013-12-06T09:00:00Z 343 435 313 375 100
2013-12-06T10:00:00Z 401 408 357 370 99
2013-12-06T11:00:00Z 441 417 381 356 93
2013-12-06T12:00:00Z 458 394 415 337 73
2013-12-06T13:00:00Z 466 389 449 305 73
2013-12-06T14:00:00Z 449 301 444 269 83
2013-12-06T15:00:00Z 432 227 393 252 85
2013-12-06T16:00:00Z 418 109 372 211 87
2013-12-06T17:00:00Z 399 85 322 209 87
2013-12-06T18:00:00Z 397 83 301 266 83
2013-12-06T19:00:00Z 400 104 297 293 72
2013-12-06T20:00:00Z 375 101 332 333 63
2013-12-06T21:00:00Z 385 102 367 336 68
2013-12-06T22:00:00Z 382 104 346 346 68
2013-12-06T23:00:00Z 380 104 332 361 72
2013-12-07T00:00:00Z 379 97 336 377 77
2013-12-07T01:00:00Z 368 99 370 362 84
2013-12-07T02:00:00Z 365 103 374 360 80
2013-12-09T08:00:00Z 236 189 174 230 285
2013-12-09T09:00:00Z 226 212 166 258 220
2013-12-29T13:00:00Z 101 88 75 137 74
2013-12-29T14:00:00Z 90 79 68 110 66
2013-12-29T15:00:00Z -1 -1 -1 -1 -1
2013-12-29T16:00:00Z 113 71 91 104 76
2013-12-29T17:00:00Z 85 76 95 96 82
2013-12-29T18:00:00Z 79 97 95 94 85
2013-12-29T19:00:00Z 92 117 114 101 102
2013-12-29T20:00:00Z 112 125 143 104 143
2013-12-29T21:00:00Z 128 121 126 120 158
2014-01-30T02:00:00Z 120 160 101 123 120
2014-01-30T03:00:00Z 121 165 90 123 134
2014-01-30T04:00:00Z 121 170 70 129 148
2014-01-30T05:00:00Z 122 190 65 122 148
2014-01-30T06:00:00Z 131 196 64 121 147
2014-01-30T07:00:00Z 136 184 58 124 145
2014-01-30T08:00:00Z 118 179 48 121 150
2014-01-30T09:00:00Z 107 184 52 116 158
