2013-06-13T01:00:00Z 96 145 78 138 63
2013-06-13T00:00:00Z 84 132 77 129 62
2013-06-12T23:00:00Z 80 122 76 122 39
2013-06-12T22:00:00Z 110 121 81 113 32
2013-06-12T21:00:00Z 130 129 86 91 31
2013-06-12T20:00:00Z 110 161 82 76 29
2013-06-12T19:00:00Z 93 177 82 71 31
2013-06-12T18:00:00Z 90 147 81 67 37
2013-06-12T17:00:00Z 96 109 79 65 50
2013-06-12T16:00:00Z 95 103 76 66 51
2013-06-12T15:00:00Z 91 110 71 66 48
2013-06-12T14:00:00Z 99 113 72 74 47
2013-06-12T13:00:00Z 105 115 72 74 49
2013-06-12T12:00:00Z 106 114 68 74 57
2013-06-12T11:00:00Z 110 114 68 79 65
2013-06-12T10:00:00Z 110 111 71 83 89
2013-06-12T09:00:00Z 101 155 72 82 102
2013-06-12T08:00:00Z 103 161 73 76 107
2013-06-12T07:00:00Z 98 163 72 69 97
2013-06-12T06:00:00Z 98 153 70 64 97
2013-06-12T05:00:00Z 103 147 68 68 99
2013-06-12T04:00:00Z 85 157 67 63 102
2013-06-12T03:00:00Z 85 160 67 63 114
2013-06-12T02:00:00Z 81 175 70 58 113
2013-11-08T21:00:00Z 75 103 127 113 53
2013-11-08T20:00:00Z 69 80 127 125 59
2013-11-08T19:00:00Z 73 65 136 110 47
2013-11-08T18:00:00Z 63 51 111 93 56
2013-11-08T17:00:00Z 64 50 83 88 75
2013-11-08T16:00:00Z 64 57 98 88 -1
2013-11-08T15:00:00Z 60 65 106 85 69
2013-11-08T14:00:00Z 59 75 122 84 67
2013-11-08T13:00:00Z 67 92 129 98 52
2013-11-08T12:00:00Z 85 125 129 120 -1
2013-11-08T11:00:00Z 94 179 151 171 -1
2013-11-08T10:00:00Z 110 219 198 222 -1
2013-11-08T09:00:00Z -1 -1 -1 -1 -1
2013-11-08T08:00:00Z 161 237 215 246 -1
2013-11-08T07:00:00Z 163 261 210 243 73
2013-11-08T06:00:00Z 181 251 222 242 107
2013-11-08T05:00:00Z 181 248 211 222 67
2013-11-08T04:00:00Z 187 249 211 240 40
2013-11-08T03:00:00Z 179 259 209 236 30
2013-11-08T00:00:00Z 186 273 209 192 28
2013-11-07T23:00:00Z 186 254 224 177 29
2013-11-07T22:00:00Z -1 240 236 173 33
2013-11-17T11:00:00Z 77 67 54 62 47
2013-11-17T10:00:00Z 93 91 71 82 76
2013-11-17T09:00:00Z 104 99 96 86 94
2013-11-17T08:00:00Z 98 109 96 81 109
2013-11-17T07:00:00Z 92 112 93 78 103
2013-11-17T06:00:00Z 94 111 94 75 108
2013-11-17T05:00:00Z 98 116 96 71 114
2013-11-17T04:00:00Z 100 115 82 73 125
2013-11-17T03:00:00Z 98 117 71 76 125
2013-11-17T02:00:00Z 98 110 68 77 123
2013-11-17T01:00:00Z 97 108 66 82 112
2013-11-17T00:00:00Z 95 104 66 83 125
2013-11-16T23:00:00Z 97 101 75 76 136
2013-11-16T22:00:00Z 115 100 79 75 137
2013-11-16T21:00:00Z 84 99 80 81 147
2013-11-16T20:00:00Z 77 98 79 89 131
2013-11-16T19:00:00Z 74 106 92 88 123
2013-11-16T18:00:00Z 72 97 81 91 102
2013-11-16T17:00:00Z 75 90 60 81 87
2013-11-16T16:00:00Z 79 89 51 71 76
2013-11-16T15:00:00Z 77 90 51 71 80
2013-11-16T14:00:00Z 73 113 54 70 82
2013-11-16T13:00:00Z 77 117 48 70 84
2013-11-21T13:00:00Z -1 -1 -1 -1 -1
2013-11-21T12:00:00Z 98 125 216 119 90
2013-11-21T11:00:00Z 110 138 331 146 97
2013-11-21T10:00:00Z 142 151 353 165 95
2013-11-21T09:00:00Z 171 162 374 171 92
2013-11-21T08:00:00Z 204 163 322 189 85
2013-11-21T07:00:00Z -1 -1 -1 -1 -1
2013-11-21T06:00:00Z 194 173 259 194 87
2013-11-21T05:00:00Z 198 187 288 205 71
2013-11-21T04:00:00Z 198 198 323 213 71
2013-11-21T03:00:00Z 198 203 271 219 73
2013-11-21T02:00:00Z 199 200 229 225 72
2013-11-21T01:00:00Z 200 191 231 197 74
2013-11-21T00:00:00Z -1 194 250 -1 78
2013-11-20T23:00:00Z 196 198 228 192 84
2013-11-20T22:00:00Z 195 186 194 182 89
2013-12-04T13:00:00Z 153 161 350 195 345
2013-12-04T12:00:00Z 204 185 360 202 343
2013-12-04T11:00:00Z 229 180 350 206 334
2013-12-04T10:00:00Z 228 157 338 236 275
2013-12-04T09:00:00Z 211 145 318 227 176
2013-12-04T08:00:00Z 211 147 302 234 136
2013-12-04T07:00:00Z 208 132 274 230 135
2013-12-04T06:00:00Z 199 128 253 252 151
2013-12-04T05:00:00Z 226 138 215 282 153
2013-12-04T04:00:00Z 222 135 187 303 225
2013-12-04T03:00:00Z 216 138 172 404 220
2013-12-04T02:00:00Z 240 155 174 479 184
2013-12-04T01:00:00Z 237 193 187 525 176
2013-12-04T00:00:00Z 233 225 219 504 179
2013-12-03T23:00:00Z 235 229 277 446 182
2013-12-03T22:00:00Z 237 228 302 295 188
2013-12-03T21:00:00Z 223 219 181 327 184
2013-12-03T20:00:00Z 206 236 270 278 211
2013-12-03T19:00:00Z 207 213 295 287 199
2013-12-03T18:00:00Z 193 198 269 261 189
2013-12-03T17:00:00Z 183 174 315 233 165
2013-12-03T16:00:00Z 175 169 268 212 167
2013-12-03T15:00:00Z 176 166 252 168 188
2013-12-03T14:00:00Z 194 168 -1 154 -1
2013-12-08T07:00:00Z 192 134 351 208 115
2013-12-08T06:00:00Z 182 143 355 195 107
2013-12-08T05:00:00Z 166 150 352 187 100
2013-12-08T04:00:00Z 156 145 330 193 101
2013-12-08T03:00:00Z 146 145 273 211 95
2013-12-08T02:00:00Z 147 152 243 223 83
2013-12-08T01:00:00Z 160 160 262 237 84
2013-12-08T00:00:00Z 163 159 328 251 87
2013-12-07T23:00:00Z 159 157 394 264 102
2013-12-07T22:00:00Z 185 165 432 282 108
2013-12-07T21:00:00Z 208 169 498 295 114
2013-12-07T20:00:00Z 185 164 588 309 117
2013-12-07T19:00:00Z 175 165 569 300 115
2013-12-07T18:00:00Z 172 142 370 277 120
2013-12-07T17:00:00Z 165 135 486 255 116
2013-12-07T16:00:00Z 120 124 454 231 118
2013-12-07T15:00:00Z 136 128 404 231 121
2013-12-07T14:00:00Z 205 122 395 256 138
2013-12-07T13:00:00Z 242 114 396 269 126
2013-12-07T12:00:00Z 266 109 391 284 99
2013-12-07T11:00:00Z 280 119 357 376 106
2013-12-07T10:00:00Z 310 118 355 462 112
2013-12-07T09:00:00Z 313 112 312 420 117
2013-12-07T08:00:00Z 284 107 276 353 112
2013-12-10T11:00:00Z 100 68 61 89 72
2013-12-10T10:00:00Z 110 95 84 109 95
2013-12-10T09:00:00Z 111 93 90 100 98
2013-12-10T08:00:00Z 104 87 96 88 96
2013-12-10T07:00:00Z -1 -1 -1 -1 -1
2013-12-10T06:00:00Z 87 86 94 68 91
2013-12-10T05:00:00Z 82 84 83 67 93
2013-12-10T04:00:00Z 79 85 84 71 75
2013-12-10T03:00:00Z 78 88 76 71 70
2013-12-10T02:00:00Z 80 86 48 79 68
2013-12-10T01:00:00Z 76 72 56 83 65
2013-12-10T00:00:00Z 78 71 73 75 66
2013-12-09T23:00:00Z 91 79 102 72 63
2013-12-09T22:00:00Z 104 106 136 80 67
2013-12-09T21:00:00Z 92 117 151 83 67
2013-12-09T20:00:00Z 87 141 155 82 58
2013-12-09T19:00:00Z 99 154 154 75 56
2013-12-09T18:00:00Z 103 150 168 68 59
2013-12-09T17:00:00Z 102 154 170 82 73
2013-12-09T16:00:00Z 81 140 193 94 83
2013-12-09T15:00:00Z 80 117 210 109 100
2013-12-09T14:00:00Z 144 162 227 91 131
2013-12-09T13:00:00Z 277 276 251 766 134
2013-12-09T12:00:00Z 277 326 248 151 94
2013-12-25T17:00:00Z 151 191 179 262 233
2013-12-25T16:00:00Z 136 168 163 244 220
2013-12-25T15:00:00Z 139 153 161 287 211
2013-12-25T14:00:00Z 141 164 163 302 210
2013-12-25T13:00:00Z 169 171 148 296 199
2013-12-25T12:00:00Z 174 152 182 227 184
2013-12-25T11:00:00Z 195 138 242 242 200
2013-12-25T10:00:00Z 210 161 244 239 213
2013-12-25T09:00:00Z 210 183 232 230 222
2013-12-25T08:00:00Z 194 169 215 217 182
2013-12-25T07:00:00Z 176 153 202 233 186
2013-12-25T06:00:00Z 169 155 193 237 179
2013-12-25T05:00:00Z 187 156 190 238 163
2013-12-25T04:00:00Z 214 158 193 244 149
2013-12-25T03:00:00Z 220 168 196 246 130
2013-12-25T02:00:00Z 213 163 194 252 127
2013-12-25T01:00:00Z 220 164 180 251 115
2013-12-25T00:00:00Z 223 180 157 249 115
2013-12-24T23:00:00Z 217 192 161 254 115
2013-12-24T22:00:00Z 192 209 163 252 123
2013-12-24T21:00:00Z -1 -1 -1 -1 -1
2013-12-24T20:00:00Z 163 226 199 223 229
2013-12-31T11:00:00Z 91 151 87 98 124
2013-12-31T10:00:00Z 105 154 82 105 123
2013-12-31T09:00:00Z 95 170 87 110 121
2013-12-31T08:00:00Z 90 178 85 113 116
2013-12-31T07:00:00Z 95 188 72 121 115
2013-12-31T06:00:00Z 90 185 74 124 110
2013-12-31T05:00:00Z 94 166 68 131 119
2013-12-31T04:00:00Z 96 154 74 132 123
2013-12-31T03:00:00Z 86 148 76 138 130
2013-12-31T02:00:00Z 77 145 75 137 130
2013-12-31T01:00:00Z 74 143 80 128 122
2013-12-31T00:00:00Z 76 147 86 126 125
2013-12-30T23:00:00Z 77 148 76 124 125
2013-12-30T22:00:00Z 78 144 74 117 139
2013-12-30T21:00:00Z 84 139 68 116 135
2013-12-30T20:00:00Z 92 137 70 111 130
2013-12-30T19:00:00Z 84 117 70 103 118
2013-12-30T18:00:00Z 76 115 71 98 108
2013-12-30T17:00:00Z 76 103 52 90 97
2013-12-30T16:00:00Z 85 103 45 87 89
2013-12-30T15:00:00Z 86 122 52 85 90
2013-12-30T14:00:00Z 87 136 60 87 102
2013-12-30T13:00:00Z -1 -1 -1 -1 -1
2013-12-30T12:00:00Z 135 139 79 121 115
2014-01-04T07:00:00Z 196 81 162 97 22
2014-01-04T06:00:00Z 170 77 149 110 32
2014-01-04T05:00:00Z 157 75 135 150 58
2014-01-04T04:00:00Z 153 92 116 165 81
2014-01-04T03:00:00Z 148 142 110 156 98
2014-01-04T02:00:00Z 154 163 103 154 100
2014-01-04T01:00:00Z 174 191 96 162 96
2014-01-04T00:00:00Z 200 214 115 170 90
2014-01-03T23:00:00Z 215 259 138 181 93
2014-01-03T22:00:00Z 240 250 183 198 170
2014-01-03T21:00:00Z 259 215 241 214 309
2014-01-03T20:00:00Z 261 197 256 194 311
2014-01-03T19:00:00Z 264 187 234 214 282
2014-01-03T18:00:00Z 274 147 214 218 253
2014-01-03T15:00:00Z 239 170 149 170 225
2014-01-03T14:00:00Z 215 171 153 181 228
2014-01-03T13:00:00Z 217 196 180 227 219
2014-01-03T12:00:00Z 208 191 190 261 208
2014-01-03T11:00:00Z 189 196 203 300 162
2014-01-03T10:00:00Z 169 168 206 279 127
2014-01-03T09:00:00Z 157 165 193 245 124
2014-01-03T08:00:00Z 144 158 197 219 126
2014-01-13T02:00:00Z 220 102 236 190 27
2014-01-13T01:00:00Z 223 183 218 220 33
2014-01-13T00:00:00Z 213 220 190 220 36
2014-01-12T23:00:00Z 204 229 124 221 42
2014-01-12T22:00:00Z 203 227 88 211 57
2014-01-12T21:00:00Z 216 220 83 198 144
2014-01-12T20:00:00Z 200 201 76 191 235
2014-01-12T19:00:00Z 172 173 71 178 257
2014-01-20T20:00:00Z 105 86 70 86 80
2014-01-20T19:00:00Z 88 94 58 83 79
2014-01-20T18:00:00Z 100 95 90 79 61
2014-01-20T17:00:00Z 118 144 108 79 51
2014-01-20T16:00:00Z 141 219 117 90 38
2014-01-20T15:00:00Z 218 221 124 96 56
2014-01-20T14:00:00Z 243 251 114 123 112
2014-01-20T13:00:00Z 232 265 98 183 145
2014-01-20T12:00:00Z 218 280 98 206 258
2014-01-20T11:00:00Z -1 -1 -1 -1 -1
2014-01-20T10:00:00Z 224 275 145 227 328
2014-01-20T09:00:00Z 222 261 161 218 310
2014-01-20T08:00:00Z 222 254 173 215 309
2014-01-20T07:00:00Z 217 251 183 207 298
2014-01-20T06:00:00Z 215 243 205 203 298
2014-01-20T05:00:00Z 219 230 236 204 292
2014-01-20T04:00:00Z 219 223 238 201 279
2014-01-20T03:00:00Z 221 227 243 200 268
2014-01-20T02:00:00Z 211 222 247 201 248
2014-01-20T01:00:00Z 205 194 236 224 249
2014-01-20T00:00:00Z 205 192 215 244 250
2014-01-19T23:00:00Z 203 186 222 242 267
2014-01-19T22:00:00Z 196 168 238 227 282
2014-01-19T21:00:00Z 186 137 232 220 278
2014-01-31T11:00:00Z 167 182 128 119 199
2014-01-31T10:00:00Z 163 195 98 131 222
2014-01-31T09:00:00Z -1 -1 -1 -1 -1
2014-01-31T08:00:00Z 129 176 89 122 225
2014-01-31T07:00:00Z 122 164 93 163 199
2014-01-31T06:00:00Z 143 161 104 214 190
2014-01-31T05:00:00Z 140 173 125 209 201
2014-01-31T04:00:00Z 135 200 165 208 211
2014-01-31T03:00:00Z 162 229 185 226 205
2014-01-31T02:00:00Z 285 288 226 289 201
2014-01-31T01:00:00Z 282 259 314 307 200
2014-01-31T00:00:00Z 288 305 302 371 225
2014-01-30T23:00:00Z 335 379 254 420 274
2014-01-30T22:00:00Z 404 419 212 476 371
2014-01-30T21:00:00Z 365 415 198 420 372
2014-01-30T20:00:00Z 284 334 169 311 302
2014-01-30T19:00:00Z 239 300 157 199 240
2014-01-30T18:00:00Z 217 278 127 162 217
2014-01-30T17:00:00Z 191 257 103 160 207
2014-01-30T16:00:00Z 196 249 128 161 191
2014-01-30T15:00:00Z 197 243 158 149 178
2014-01-30T14:00:00Z 214 234 158 155 174
2014-01-30T13:00:00Z 204 252 147 155 170
2014-01-30T12:00:00Z 164 228 132 158 173
2014-02-02T17:00:00Z 264 214 295 224 235
2014-02-02T16:00:00Z 264 227 288 228 246
2014-02-02T15:00:00Z 247 232 291 235 259
2014-02-02T14:00:00Z 251 239 278 236 283
2014-02-02T13:00:00Z 230 211 268 222 300
2014-02-02T12:00:00Z 228 192 253 196 314
2014-02-02T11:00:00Z 224 169 227 177 328
2014-02-02T10:00:00Z 211 157 212 163 252
2014-02-02T09:00:00Z 205 164 211 159 208
2014-02-02T08:00:00Z 206 177 217 155 188
2014-02-02T07:00:00Z -1 -1 -1 -1 -1
2014-02-02T06:00:00Z 215 180 248 180 158
2014-02-02T05:00:00Z 231 192 261 189 148
2014-02-02T04:00:00Z 235 209 259 199 142
2014-02-02T03:00:00Z 220 222 249 201 137
2014-02-02T02:00:00Z 217 228 249 206 127
2014-02-02T01:00:00Z 202 238 245 207 112
2014-02-02T00:00:00Z 172 238 238 205 104
2014-02-01T23:00:00Z 159 230 207 201 94
2014-02-01T22:00:00Z 149 220 140 180 103
2014-03-10T23:00:00Z 152 149 163 168 46
2014-03-10T22:00:00Z 135 167 158 161 46
2014-03-10T21:00:00Z 125 173 142 158 56
2014-03-10T20:00:00Z 122 176 136 140 78
2014-03-10T19:00:00Z 118 170 122 131 99
2014-03-10T18:00:00Z 126 171 111 113 286
2014-03-10T17:00:00Z 127 149 103 97 131
2014-03-10T16:00:00Z 116 137 103 87 134
2014-03-10T15:00:00Z 120 152 93 86 143
2014-03-10T14:00:00Z 139 168 84 96 168
2014-03-10T13:00:00Z 159 164 100 114 172
2014-03-10T12:00:00Z 131 168 101 150 179
2014-03-10T11:00:00Z 160 168 94 181 180
2014-03-10T10:00:00Z 183 167 103 202 177
2014-03-10T09:00:00Z 173 172 106 196 176
2014-03-10T08:00:00Z 141 156 90 160 169
2014-03-10T07:00:00Z 129 151 78 138 169
2014-03-10T06:00:00Z 123 144 75 131 162
2014-03-10T05:00:00Z 115 137 74 130 165
2014-03-10T04:00:00Z 110 133 74 127 169
2014-03-10T03:00:00Z 115 134 74 123 163
2014-03-10T02:00:00Z 115 138 75 122 142
2014-03-10T01:00:00Z 121 142 78 123 152
2014-03-10T00:00:00Z 117 141 78 125 151
2014-03-19T06:00:00Z 69 63 117 71 55
2014-03-19T05:00:00Z 75 64 127 68 56
2014-03-19T04:00:00Z 86 64 137 62 56
2014-03-19T03:00:00Z 88 63 145 57 55
2014-03-19T02:00:00Z 88 63 165 56 54
2014-03-19T01:00:00Z 102 69 167 77 55
2014-03-19T00:00:00Z 127 69 159 82 52
2014-03-18T23:00:00Z 133 67 172 108 56
2014-03-18T22:00:00Z 134 79 180 128 68
2014-03-18T21:00:00Z 139 97 163 129 85
2014-03-18T20:00:00Z 141 126 143 125 90
2014-03-18T19:00:00Z 135 139 154 111 86
2014-03-18T18:00:00Z 135 135 137 107 79
2014-03-18T17:00:00Z -1 129 129 -1 86
2014-03-18T16:00:00Z 122 125 120 103 89
2014-03-18T15:00:00Z 147 125 88 97 100
2014-03-18T14:00:00Z 165 121 64 99 122
2014-03-18T13:00:00Z 176 121 68 107 138
2014-03-18T12:00:00Z 165 142 86 132 151
2014-03-18T11:00:00Z 150 149 94 154 136
2014-03-18T10:00:00Z 170 172 101 135 129
2014-03-18T09:00:00Z 165 174 100 129 121
2014-03-18T08:00:00Z 144 153 89 124 118
2014-04-18T04:00:00Z 106 58 82 81 16
2014-04-18T03:00:00Z 109 65 77 84 20
2014-04-18T02:00:00Z 112 70 72 84 16
2014-04-18T01:00:00Z 115 88 67 86 25
2014-04-18T00:00:00Z 114 105 64 91 30
2014-04-17T23:00:00Z 119 103 61 94 47
2014-04-17T22:00:00Z 117 100 62 92 64
2014-04-17T21:00:00Z 116 101 60 91 60
2014-04-17T20:00:00Z 117 99 58 83 58
2014-04-17T19:00:00Z 109 99 59 78 67
2014-04-17T18:00:00Z 120 91 63 81 65
2014-04-17T17:00:00Z 134 83 66 82 56
2014-04-17T16:00:00Z 142 88 71 68 55
2014-04-17T15:00:00Z 145 87 52 63 68
2014-04-17T14:00:00Z 143 80 98 64 70
2014-04-17T13:00:00Z 140 84 108 67 66
2014-04-17T12:00:00Z 135 83 116 72 67
2014-04-17T11:00:00Z 141 78 127 66 69
2014-04-17T10:00:00Z 148 80 125 64 76
2014-04-17T09:00:00Z 131 98 110 51 72
2014-05-22T04:00:00Z 115 150 117 130 178
2014-05-22T03:00:00Z 118 149 119 120 163
2014-05-22T02:00:00Z 115 143 124 122 155
2014-05-22T01:00:00Z 114 149 125 131 142
2014-05-22T00:00:00Z 115 162 129 133 135
2014-05-21T23:00:00Z 120 168 120 126 127
2014-05-21T22:00:00Z 140 158 126 131 116
2014-05-21T21:00:00Z 149 141 149 120 97
2014-05-21T20:00:00Z 141 112 128 100 85
2014-05-21T19:00:00Z 120 104 104 88 82
2014-05-21T18:00:00Z 114 104 81 97 71
2014-05-21T17:00:00Z 124 104 76 119 75
2014-05-21T16:00:00Z -1 -1 -1 -1 -1
2014-05-21T15:00:00Z 102 116 90 124 83
2014-05-21T14:00:00Z 113 116 97 118 88
2014-05-21T13:00:00Z 125 128 103 123 89
2014-05-21T12:00:00Z -1 -1 -1 -1 -1
2014-05-21T11:00:00Z 150 154 123 142 101
2014-06-28T20:00:00Z -1 143 44 -1 19
2014-06-28T19:00:00Z 129 136 50 114 17
2014-06-28T18:00:00Z -1 106 70 -1 14
2014-06-28T17:00:00Z 120 112 60 114 12
2014-06-28T16:00:00Z 114 -1 -1 112 -1
2014-06-28T15:00:00Z -1 119 81 -1 11
2014-06-28T14:00:00Z 110 -1 -1 98 -1
2014-06-28T13:00:00Z 97 100 74 92 15
2014-06-28T12:00:00Z 87 104 68 86 25
2014-11-07T01:00:00Z 122 105 100 84 64
2014-11-07T00:00:00Z -1 121 112 -1 67
2014-11-06T23:00:00Z 139 124 97 75 72
2014-11-06T22:00:00Z 164 -1 84 58 83
2014-11-06T21:00:00Z 212 116 -1 93 -1
2014-11-06T20:00:00Z 194 122 84 183 77
2014-11-06T19:00:00Z 164 136 75 205 62
2014-11-06T18:00:00Z 140 137 68 170 55
2014-11-06T17:00:00Z 139 153 66 146 56
2014-11-06T16:00:00Z 136 170 60 139 58
2014-11-06T15:00:00Z 129 167 61 132 65
2014-11-06T14:00:00Z 129 157 60 136 76
2014-11-06T13:00:00Z 133 153 62 135 88
2014-11-06T12:00:00Z -1 -1 -1 -1 -1
2014-11-06T11:00:00Z 116 149 67 104 162
2014-11-06T10:00:00Z -1 -1 70 -1 190
2014-11-06T09:00:00Z 117 126 72 83 175
2014-11-06T08:00:00Z 129 119 89 85 153
2014-11-06T07:00:00Z 132 128 91 82 137
2014-11-06T06:00:00Z 134 123 92 96 125
2014-11-06T05:00:00Z 132 143 98 104 117
2014-11-12T15:00:00Z 179 55 198 86 27
2014-11-12T14:00:00Z 213 51 171 108 27
2014-11-12T13:00:00Z -1 -1 -1 -1 -1
2014-11-12T12:00:00Z 229 87 132 142 33
2014-11-12T11:00:00Z 208 134 121 165 51
2014-11-12T10:00:00Z 182 199 115 177 81
2014-11-12T09:00:00Z 167 209 112 152 114
2014-11-12T08:00:00Z 156 207 113 139 149
2014-11-12T07:00:00Z 153 194 118 134 154
2014-11-12T06:00:00Z 162 185 123 137 178
2014-11-12T05:00:00Z 165 172 123 146 187
2014-11-12T04:00:00Z 172 174 126 152 177
2014-11-12T03:00:00Z -1 -1 125 -1 167
2014-11-12T02:00:00Z 171 187 122 155 157
2014-11-12T01:00:00Z 162 180 127 160 155
2014-11-12T00:00:00Z 142 177 125 107 153
2014-11-11T23:00:00Z 120 190 124 151 155
2014-11-17T13:00:00Z 120 75 109 67 71
2014-11-17T12:00:00Z 146 90 106 77 96
2014-11-17T11:00:00Z 168 110 127 103 113
2014-11-17T10:00:00Z 182 135 142 118 124
2014-11-17T09:00:00Z 194 151 149 129 138
2014-11-17T08:00:00Z 183 170 149 131 140
2014-11-17T07:00:00Z 178 185 137 127 135
2014-11-17T06:00:00Z 156 177 134 137 138
2014-11-17T05:00:00Z 130 176 124 135 151
2014-11-17T04:00:00Z 119 161 126 114 159
2014-11-17T01:00:00Z 145 128 152 66 182
2014-11-17T00:00:00Z -1 -1 140 -1 154
2014-11-16T23:00:00Z 160 135 131 115 137
