2013-06-01T11:00:00 0 0 0 0 0 4 0.0 0.0
2013-06-01T10:00:00 0 0 0 0 0 3 0.0 0.0
2013-06-01T09:00:00 0 0 0 0 0 3 0.0 0.0
2013-06-01T08:00:00 0 0 0 0 0 2 0.0 0.0
2013-06-01T07:00:00 0 0 0 0 0 2 0.0 0.0
2013-06-01T06:00:00 0 0 0 0 0 1 0.0 0.0
2013-06-05T04:00:00 0 0 0 0 0 1 0.0 0.0
2013-06-05T03:00:00 0 0 0 0 0 1 0.0 0.0
2013-06-05T02:00:00 0 0 0 0 0 1 0.0 0.0
2013-06-05T01:00:00 0 0 0 0 0 0 0 0
2013-06-05T00:00:00 0 0 0 0 0 1 0.0 0.0
2013-06-04T23:00:00 0 0 0 0 0 1 0.0 0.0
2013-06-09T13:00:00 0 0 0 0 0 1 0.0 0.0
2013-06-09T12:00:00 0 0 0 0 0 1 0.0 0.0
2013-06-09T11:00:00 0 0 0 0 0 1 0.0 0.0
2013-06-09T10:00:00 0 0 0 0 0 1 0.0 0.0
2013-06-09T09:00:00 0 0 0 0 0 1 0.0 0.0
2013-06-09T08:00:00 0 0 0 0 0 1 0.0 0.0
2013-06-13T22:00:00 0 0 0 0 0 0 0 0
2013-06-13T21:00:00 0 0 0 0 0 0 0 0
2013-06-13T20:00:00 0 0 0 0 0 0 0 0
2013-06-13T19:00:00 0 0 0 0 0 0 0 0
2013-06-14T23:00:00 0 0 0 0 0 4 0.0 0.0
2013-06-14T22:00:00 0 0 0 0 0 4 0.0 0.0
2013-06-14T21:00:00 0 0 0 0 0 4 0.0 0.0
2013-06-14T20:00:00 0 0 0 0 0 4 0.0 0.0
2013-06-14T19:00:00 0 0 0 0 0 3 0.0 0.0
2013-06-14T18:00:00 0 0 0 0 0 3 0.0 0.0
2013-06-17T10:00:00 0 0 0 0 0 0 0 0
2013-06-17T09:00:00 0 0 0 0 0 0 0 0
2013-06-17T08:00:00 0 0 0 0 0 0 0 0
2013-06-17T07:00:00 0 0 0 0 0 0 0 0
2013-06-17T06:00:00 0 0 0 0 0 0 0 0
2013-06-17T05:00:00 0 0 0 0 0 0 0 0
2013-06-27T13:00:00 0 0 0 0 0 0 0 0
2013-06-27T12:00:00 0 0 0 0 0 0 0 0
2013-06-27T11:00:00 0 0 0 0 0 0 0 0
2013-06-27T10:00:00 0 0 0 0 0 1 0.0 0.0
2013-06-27T09:00:00 0 0 0 0 0 1 0.0 0.0
2013-06-27T08:00:00 0 0 0 0 0 1 0.0 0.0
2013-06-29T19:00:00 0 0 0 0 0 5 0.0 0.0
2013-06-29T18:00:00 0 0 0 0 0 5 0.0 0.0
2013-06-29T17:00:00 0 0 0 0 0 5 0.0 0.0
2013-06-29T16:00:00 0 0 0 0 0 5 0.0 0.0
2013-06-29T15:00:00 0 0 0 0 0 5 0.0 0.0
2013-06-29T14:00:00 0 0 0 0 0 5 0.0 0.0
2013-07-20T09:00:00 0.727524394103 0.272475605897 2 0 2 894 0.00223713646532 0.0
2013-07-20T08:00:00 0 0 0 0 0 863 0.0 0.0
2013-07-20T07:00:00 0 0 0 0 0 886 0.0 0.0
2013-07-20T06:00:00 0 0 0 0 0 963 0.0 0.0
2013-07-20T05:00:00 0 0 0 0 0 1024 0.0 0.0
2013-07-20T04:00:00 0 0 0 0 0 1085 0.0 0.0
2013-07-28T07:00:00 0 0 0 0 0 1194 0.0 0.0
2013-07-28T06:00:00 0 0 0 0 0 1337 0.0 0.0
2013-07-28T05:00:00 0 0 0 0 0 1481 0.0 0.0
2013-07-28T04:00:00 0 0 0 0 0 1655 0.0 0.0
2013-07-28T03:00:00 0 0 0 0 0 1819 0.0 0.0
2013-07-30T22:00:00 0.936642309285 0.0633576907149 2 0 2 1169 0.00171086398631 0.0
2013-07-30T21:00:00 0.882873987215 0.117126012785 3 0 3 1097 0.00273473108478 0.0
2013-07-30T20:00:00 0.882873987215 0.117126012785 3 0 3 1090 0.00275229357798 0.0
2013-07-30T19:00:00 0.866866896987 0.133133103013 4 0 4 1059 0.00377714825307 0.0
2013-07-30T18:00:00 0.844455770769 0.155544229231 3 0 3 994 0.00301810865191 0.0
2013-08-17T09:00:00 0.799460017726 0.200539982274 5 0 5 713 0.0070126227209 0.0
2013-08-17T08:00:00 0.793514612029 0.206485387971 3 0 3 707 0.004243281471 0.0
2013-08-17T07:00:00 0.806262126905 0.193737873096 2 0 2 734 0.00272479564033 0.0
2013-08-17T06:00:00 0.693901967651 0.306098032348 2 0 2 762 0.00262467191601 0.0
2013-08-17T05:00:00 0.693901967651 0.306098032348 2 0 2 827 0.00241837968561 0.0
2013-08-17T04:00:00 0.709415981556 0.290584018444 6 0 6 903 0.00664451827243 0.0
2013-09-13T09:00:00 0 0 0 0 0 363 0.0 0.0
2013-09-13T08:00:00 0 0 0 0 0 389 0.0 0.0
2013-09-13T07:00:00 0 0 0 0 0 400 0.0 0.0
2013-09-13T06:00:00 0 0 0 0 0 417 0.0 0.0
2013-09-13T05:00:00 0 0 0 0 0 467 0.0 0.0
2013-09-13T04:00:00 0 0 0 0 0 518 0.0 0.0
2013-09-20T05:00:00 0 0 0 0 0 1439 0.0 0.0
2013-09-20T04:00:00 0 0 0 0 0 1575 0.0 0.0
2013-09-20T03:00:00 0 0 0 0 0 1707 0.0 0.0
2013-09-20T02:00:00 0.185982786723 0.814017213277 0 1 1 1852 0.0 0.000539956803456
2013-09-20T01:00:00 0.439747651643 0.560252348357 1 1 2 1993 0.000501756146513 0.000501756146513
2013-09-20T00:00:00 0.439747651643 0.560252348357 1 1 2 2063 0.000484730974309 0.000484730974309
2013-10-07T17:00:00 0.872485157267 0.127514842733 3 0 3 1167 0.0025706940874 0.0
2013-10-07T16:00:00 0.838374118991 0.161625881009 4 0 4 1061 0.00377002827521 0.0
2013-10-07T15:00:00 0.774112539259 0.225887460741 3 0 3 962 0.0031185031185 0.0
2013-10-07T14:00:00 0.611588442198 0.388411557802 3 1 4 876 0.00342465753425 0.00114155251142
2013-10-07T13:00:00 0.611588442198 0.388411557802 3 1 4 794 0.00377833753149 0.00125944584383
2013-10-07T12:00:00 0.611588442198 0.388411557802 3 1 4 760 0.00394736842105 0.00131578947368
2013-10-10T17:00:00 0.0 0.0 0 0 0 646 0.0 0.0
2013-10-10T16:00:00 0.0 0.0 0 0 0 594 0.0 0.0
2013-10-10T15:00:00 0.0 0.0 0 0 0 533 0.0 0.0
2013-10-10T14:00:00 0.0 0.0 0 0 0 496 0.0 0.0
2013-10-10T13:00:00 0 0 0 0 0 436 0.0 0.0
2013-10-10T12:00:00 0 0 0 0 0 394 0.0 0.0
2013-10-19T18:00:00 0.936889741622 0.0631102583782 1 0 1 1791 0.000558347292016 0.0
2013-10-19T17:00:00 0 0 0 0 0 1631 0.0 0.0
2013-10-19T16:00:00 0.642783901263 0.357216098737 1 0 1 1445 0.000692041522491 0.0
2013-10-19T15:00:00 0.643789389951 0.356210610048 2 0 2 1242 0.00161030595813 0.0
2013-10-19T14:00:00 0.723847096866 0.276152903134 4 0 4 1079 0.00370713623726 0.0
2013-10-19T13:00:00 0.723847096866 0.276152903134 4 0 4 938 0.00426439232409 0.0
2013-10-22T19:00:00 0.911998331304 0.0880016686961 2 0 2 803 0.00249066002491 0.0
2013-10-22T18:00:00 0.911998331304 0.0880016686961 2 0 2 747 0.00267737617135 0.0
2013-10-22T17:00:00 0.784567048202 0.215432951798 3 0 3 681 0.00440528634361 0.0
2013-10-22T16:00:00 0.784567048202 0.215432951798 3 0 3 630 0.0047619047619 0.0
2013-10-29T17:00:00 0.75225933696 0.24774066304 1 0 1 668 0.00149700598802 0.0
2013-10-29T16:00:00 0.75225933696 0.24774066304 1 0 1 611 0.00163666121113 0.0
2013-10-29T15:00:00 0.75225933696 0.24774066304 1 0 1 561 0.0017825311943 0.0
2013-10-29T14:00:00 0 0 0 0 0 506 0.0 0.0
2013-10-29T13:00:00 0 0 0 0 0 451 0.0 0.0
2013-10-29T12:00:00 0 0 0 0 0 429 0.0 0.0
2013-11-09T19:00:00 0.648564161536 0.351435838464 3 1 4 3379 0.000887836638059 0.00029594554602
2013-11-09T18:00:00 0.879893782535 0.120106217465 3 0 3 3125 0.00096 0.0
2013-11-09T17:00:00 0.879893782535 0.120106217465 3 0 3 2874 0.00104384133612 0.0
2013-11-09T16:00:00 0.917416327629 0.0825836723708 3 0 3 2616 0.00114678899083 0.0
2013-11-09T15:00:00 0.917416327629 0.0825836723708 3 0 3 2346 0.00127877237852 0.0
2013-11-09T14:00:00 0.917416327629 0.0825836723708 3 0 3 2123 0.00141309467734 0.0
2013-11-14T16:00:00 0.767130176346 0.232869823654 13 0 13 6158 0.00211107502436 0.0
2013-11-14T15:00:00 0.777450529846 0.222549470154 12 0 12 5512 0.0021770682148 0.0
2013-11-14T14:00:00 0.808277155286 0.191722844715 10 0 10 4900 0.00204081632653 0.0
2013-11-14T13:00:00 0.824750980354 0.175249019646 9 0 9 4440 0.00202702702703 0.0
2013-11-14T12:00:00 0.817203045327 0.182796954674 10 0 10 4398 0.00227376080036 0.0
2013-11-14T11:00:00 0.82395437713 0.17604562287 9 0 9 4698 0.00191570881226 0.0
2013-11-24T17:00:00 0.846886294537 0.153113705463 5 0 5 5851 0.000854554776961 0.0
2013-11-24T16:00:00 0.836108923647 0.163891076353 4 0 4 5180 0.000772200772201 0.0
2013-11-24T15:00:00 0.756441059094 0.243558940906 1 0 1 4609 0.000216966804079 0.0
2013-11-24T14:00:00 0.780850933232 0.219149066768 2 0 2 4125 0.000484848484848 0.0
2013-11-24T13:00:00 0.80526080737 0.19473919263 1 0 1 3806 0.00026274303731 0.0
2013-11-24T12:00:00 0.80526080737 0.19473919263 1 0 1 3654 0.000273672687466 0.0
2013-12-09T06:00:00 0.702376417229 0.29762358277 2 0 2 8936 0.000223813786929 0.0
2013-12-09T05:00:00 0.702376417229 0.29762358277 2 0 2 10040 0.000199203187251 0.0
2013-12-09T04:00:00 0.703221792797 0.296778207203 2 0 2 11563 0.000172965493384 0.0
2013-12-09T03:00:00 0.703221792797 0.296778207203 2 0 2 12572 0.000159083678015 0.0
2013-12-09T02:00:00 0.735605799734 0.264394200266 4 0 4 13447 0.000297464118391 0.0
2013-12-09T01:00:00 0.753533709597 0.246466290403 11 0 11 14301 0.000769176980631 0.0
2013-12-26T04:00:00 0.637694085675 0.362305914325 3 1 4 17041 0.00017604600669 5.86820022299e-05
2013-12-26T03:00:00 0.637694085675 0.362305914325 3 1 4 17991 0.000166750041688 5.55833472292e-05
2013-12-26T02:00:00 0.686556811296 0.313443188704 5 1 6 18847 0.00026529421128 5.30588422561e-05
2013-12-26T01:00:00 0.714042952751 0.285957047249 9 1 10 19427 0.000463272764709 5.14747516343e-05
2013-12-26T00:00:00 0.752757865054 0.247242134946 17 1 18 19259 0.000882704190249 5.1923775897e-05
2013-12-25T23:00:00 0.773122419206 0.226877580795 25 1 26 18104 0.00138091029607 5.52364118427e-05
2014-01-03T01:00:00 0.762533583791 0.237466416209 23 0 23 14363 0.00160133676808 0.0
2014-01-03T00:00:00 0.759351336067 0.240648663933 21 0 21 14022 0.00149764655541 0.0
2014-01-02T23:00:00 0.737875463858 0.262124536142 19 1 20 12970 0.00146491904395 7.7101002313e-05
2014-01-02T22:00:00 0.726173724367 0.273826275633 16 1 17 11737 0.0013632103604 8.52006475249e-05
2014-01-02T21:00:00 0.700141484283 0.299858515717 12 1 13 10764 0.00111482720178 9.29022668153e-05
2014-01-02T20:00:00 0.701192184669 0.298807815331 10 1 11 10089 0.00099117851125 9.9117851125e-05
2014-01-05T05:00:00 0.756441059094 0.243558940906 6 0 6 12445 0.000482121333869 0.0
2014-01-05T04:00:00 0.756441059094 0.243558940906 6 0 6 13378 0.000448497533264 0.0
2014-01-05T03:00:00 0.756441059094 0.243558940906 6 0 6 14216 0.000422059651097 0.0
2014-01-05T02:00:00 0.756163618672 0.243836381328 7 0 7 14811 0.000472621700088 0.0
2014-01-05T01:00:00 0.756052642503 0.243947357497 5 0 5 15154 0.000329945888874 0.0
2014-01-05T00:00:00 0.757369744401 0.242630255599 5 0 5 14988 0.000333600213504 0.0
2014-01-11T22:00:00 0.705493381247 0.294506618753 2 0 2 9701 0.000206164312957 0.0
2014-01-11T21:00:00 0.705493381247 0.294506618753 2 0 2 9304 0.000214961306965 0.0
2014-01-11T20:00:00 0.705493381247 0.294506618753 2 0 2 9128 0.000219106047327 0.0
2014-01-11T19:00:00 0.705493381247 0.294506618753 2 0 2 8893 0.000224895985607 0.0
2014-01-11T18:00:00 0.726434729238 0.273565270762 1 0 1 8443 0.00011844131233 0.0
2014-01-11T17:00:00 0.693191879666 0.306808120334 2 0 2 7887 0.00025358184354 0.0
2014-01-14T01:00:00 0.888459765853 0.111540234147 2 0 2 18878 0.00010594342621 0.0
2014-01-14T00:00:00 0.818935587156 0.181064412844 5 0 5 18615 0.000268600590921 0.0
2014-01-13T23:00:00 0.817473623277 0.182526376723 7 0 7 17401 0.00040227573128 0.0
2014-01-13T22:00:00 0.808025126577 0.191974873423 9 0 9 16387 0.000549215841826 0.0
2014-01-13T21:00:00 0.790960793782 0.209039206218 8 0 8 15607 0.000512590504261 0.0
2014-01-13T20:00:00 0.793631818999 0.206368181001 9 0 9 14874 0.000605082694635 0.0
2014-01-17T05:00:00 0.0 0.0 0 0 0 5004 0.0 0.0
2014-01-17T04:00:00 0.705686260504 0.294313739496 1 0 1 5349 0.000186950831931 0.0
2014-01-17T03:00:00 0.829737785762 0.170262214239 2 0 2 5635 0.000354924578527 0.0
2014-01-17T02:00:00 0.612963930431 0.387036069569 2 1 3 5925 0.000337552742616 0.000168776371308
2014-01-17T01:00:00 0.612963930431 0.387036069569 2 1 3 6055 0.000330305532618 0.000165152766309
2014-01-17T00:00:00 0.726702409185 0.273297590816 5 1 6 6035 0.00082850041425 0.00016570008285
2014-01-18T00:00:00 0.733090211522 0.266909788478 6 0 6 11268 0.000532481363152 0.0
2014-01-17T23:00:00 0.778623099567 0.221376900433 9 0 9 10511 0.000856245837694 0.0
2014-01-17T22:00:00 0.778623099567 0.221376900433 9 0 9 9709 0.000926974971676 0.0
2014-01-17T21:00:00 0.749783043161 0.250216956839 11 0 11 8969 0.00122644664957 0.0
2014-01-17T20:00:00 0.745220548682 0.254779451318 9 0 9 8312 0.00108277189605 0.0
2014-01-17T19:00:00 0.753960854944 0.246039145056 7 0 7 7711 0.000907794060433 0.0
2014-01-19T21:00:00 0.811198340323 0.188801659677 10 0 10 8178 0.00122279285889 0.0
2014-01-19T20:00:00 0.795977947261 0.204022052739 7 0 7 7281 0.00096140640022 0.0
2014-01-19T19:00:00 0.795977947261 0.204022052739 7 0 7 6865 0.00101966496723 0.0
2014-01-19T18:00:00 0.781158656504 0.218841343496 6 1 7 6178 0.000971188086759 0.000161864681127
2014-01-19T17:00:00 0.735771418201 0.264228581799 3 1 4 5520 0.00054347826087 0.00018115942029
2014-01-19T16:00:00 0.704818741167 0.295181258833 2 1 3 4964 0.000402900886382 0.000201450443191
2014-01-24T13:00:00 0.720553840253 0.279446159747 5 0 5 4563 0.00109577032654 0.0
2014-01-24T12:00:00 0.732998175377 0.267001824623 6 0 6 4955 0.00121089808274 0.0
2014-01-24T11:00:00 0.749689677429 0.250310322571 7 0 7 5588 0.00125268432355 0.0
2014-01-24T10:00:00 0.73124043201 0.26875956799 8 0 8 6253 0.00127938589477 0.0
2014-01-24T09:00:00 0.751632134848 0.248367865152 9 0 9 6688 0.0013456937799 0.0
2014-01-24T08:00:00 0.754879515394 0.245120484606 11 0 11 7135 0.00154169586545 0.0
2014-01-30T02:00:00 0.77710168048 0.22289831952 2 0 2 7262 0.000275406224181 0.0
2014-01-30T01:00:00 0.77710168048 0.22289831952 2 0 2 7272 0.00027502750275 0.0
2014-01-30T00:00:00 0.785987573685 0.214012426315 1 0 1 6905 0.000144822592324 0.0
2014-01-29T23:00:00 0.785987573685 0.214012426315 1 0 1 6532 0.000153092467851 0.0
2014-01-29T22:00:00 0.576830863789 0.423169136211 2 1 3 6214 0.000321853878339 0.00016092693917
2014-01-29T21:00:00 0.472252508841 0.527747491159 1 1 2 5798 0.000172473266644 0.000172473266644
2014-01-31T07:00:00 0.826860447614 0.173139552386 3 0 3 16044 0.00018698578908 0.0
2014-01-31T06:00:00 0.856280784596 0.143719215405 2 0 2 16670 0.000119976004799 0.0
2014-01-31T05:00:00 0.775671827569 0.224328172431 1 0 1 17398 5.74778710197e-05 0.0
2014-01-31T04:00:00 0.775671827569 0.224328172431 1 0 1 17967 5.56575944788e-05 0.0
2014-01-31T03:00:00 0.775671827569 0.224328172431 1 0 1 18477 5.41213400444e-05 0.0
2014-01-31T02:00:00 0.775671827569 0.224328172431 1 0 1 18675 5.3547523427e-05 0.0
2014-02-02T09:00:00 0.0 0.0 0 0 0 4393 0.0 0.0
2014-02-02T08:00:00 0 0 0 0 0 4585 0.0 0.0
2014-02-02T07:00:00 0 0 0 0 0 4991 0.0 0.0
2014-02-02T06:00:00 0 0 0 0 0 5430 0.0 0.0
2014-02-02T05:00:00 0 0 0 0 0 5929 0.0 0.0
2014-02-02T04:00:00 0.336232579833 0.663767420167 0 1 1 6380 0.0 0.000156739811912
2014-02-06T13:00:00 0.765308679582 0.234691320418 16 1 17 5205 0.0030739673391 0.000192122958694
2014-02-06T12:00:00 0.751881320362 0.248118679638 15 1 16 5534 0.0027105168052 0.000180701120347
2014-02-06T11:00:00 0.780537778491 0.219462221509 12 0 12 6058 0.00198085176626 0.0
2014-02-06T10:00:00 0.776949420143 0.223050579857 14 0 14 6594 0.00212314225053 0.0
2014-02-06T09:00:00 0.776949420143 0.223050579857 14 0 14 6863 0.00203992423139 0.0
2014-02-06T08:00:00 0.787027652324 0.212972347676 14 0 14 7378 0.00189753320683 0.0
2014-02-12T07:00:00 0 0 0 0 0 10923 0.0 0.0
2014-02-12T06:00:00 0 0 0 0 0 11722 0.0 0.0
2014-02-12T05:00:00 0.755293125238 0.244706874762 3 0 3 12732 0.000235626767201 0.0
2014-02-12T04:00:00 0.755293125238 0.244706874762 3 0 3 13780 0.00021770682148 0.0
2014-02-12T03:00:00 0.761992038414 0.238007961586 5 0 5 14607 0.000342301636202 0.0
2014-02-12T02:00:00 0.761992038414 0.238007961586 5 0 5 15274 0.000327353672908 0.0
2014-02-17T04:00:00 0.769237339734 0.230762660266 5 0 5 13704 0.000364856976065 0.0
2014-02-17T03:00:00 0.772321164085 0.227678835915 6 0 6 14705 0.000408024481469 0.0
2014-02-17T02:00:00 0.791115527026 0.208884472974 7 0 7 15646 0.000447398696152 0.0
2014-02-17T01:00:00 0.810413820315 0.189586179685 9 0 9 16277 0.000552927443632 0.0
2014-02-17T00:00:00 0.805257196789 0.194742803211 11 0 11 16307 0.000674556938738 0.0
2014-02-16T23:00:00 0.80016089508 0.19983910492 14 0 14 15814 0.000885291513848 0.0
2014-03-04T04:00:00 0.679991360456 0.320008639544 2 0 2 11172 0.000179018976011 0.0
2014-03-04T03:00:00 0.679991360456 0.320008639544 2 0 2 11607 0.000172309813044 0.0
2014-03-04T02:00:00 0.60789888906 0.39210111094 1 0 1 12035 8.30909846282e-05 0.0
2014-03-04T01:00:00 0.666144662083 0.333855337917 3 0 3 12289 0.000244120758402 0.0
2014-03-04T00:00:00 0.653028395713 0.346971604287 4 1 5 12045 0.000332088003321 8.30220008302e-05
2014-03-03T23:00:00 0.664426428458 0.335573571542 5 1 6 11007 0.000454256382302 9.08512764604e-05
2014-03-11T19:00:00 0.804882964085 0.195117035915 4 0 4 7567 0.000528611074402 0.0
2014-03-11T18:00:00 0 0 0 0 0 7005 0.0 0.0
2014-03-11T17:00:00 0 0 0 0 0 6419 0.0 0.0
2014-03-11T16:00:00 0.896979458267 0.103020541733 3 0 3 5844 0.000513347022587 0.0
2014-03-11T15:00:00 0.824085825186 0.175914174814 4 0 4 5282 0.000757288905718 0.0
2014-03-11T14:00:00 0.800627693017 0.199372306983 6 0 6 4782 0.00125470514429 0.0
2014-03-16T06:00:00 0.522526975749 0.477473024251 1 1 2 7541 0.000132608407373 0.000132608407373
2014-03-16T05:00:00 0.522526975749 0.477473024251 1 1 2 8258 0.000121094696052 0.000121094696052
2014-03-16T04:00:00 0.679168573103 0.320831426897 2 0 2 9050 0.000220994475138 0.0
2014-03-16T03:00:00 0.723986240127 0.276013759873 3 0 3 9765 0.000307219662058 0.0
2014-03-16T02:00:00 0.696569384047 0.303430615953 4 0 4 10707 0.000373587372747 0.0
2014-03-16T01:00:00 0.696569384047 0.303430615953 4 0 4 11834 0.000338009126246 0.0
2014-03-28T11:00:00 0.783569153654 0.216430846346 11 0 11 6518 0.00168763424363 0.0
2014-03-28T10:00:00 0.783569153654 0.216430846346 11 0 11 7908 0.00139099645928 0.0
2014-03-28T09:00:00 0.783569153654 0.216430846346 11 0 11 9292 0.00118381403358 0.0
2014-03-28T08:00:00 0.837928507636 0.162071492364 1 0 1 10938 9.14243920278e-05 0.0
2014-03-28T07:00:00 0.0 0.0 0 0 0 12979 0.0 0.0
2014-03-28T06:00:00 0 0 0 0 0 14833 0.0 0.0
2014-03-29T01:00:00 0.851150115466 0.148849884534 6 0 6 10640 0.000563909774436 0.0
2014-03-29T00:00:00 0.847251521185 0.152748478815 7 0 7 10213 0.000685400959561 0.0
2014-03-28T23:00:00 0.86284104521 0.13715895479 6 0 6 9287 0.000646064391084 0.0
2014-03-28T22:00:00 0.86284104521 0.13715895479 6 0 6 8326 0.000720634158059 0.0
2014-03-28T21:00:00 0.873859207295 0.126140792705 8 0 8 7513 0.00106482097697 0.0
2014-03-28T20:00:00 0.832203601353 0.167796398647 7 0 7 7200 0.000972222222222 0.0
2014-04-01T14:00:00 0.787389777968 0.212610222032 28 2 30 16860 0.00166073546856 0.00011862396204
2014-04-01T13:00:00 0.806538441724 0.193461558276 42 2 44 15798 0.00265856437524 0.000126598303583
2014-04-01T12:00:00 0.806538441724 0.193461558276 42 2 44 15765 0.00266412940057 0.000126863304789
2014-04-01T11:00:00 0.8040883097 0.1959116903 41 2 43 15487 0.00264738167495 0.00012914056951
2014-04-01T10:00:00 0.80069775144 0.19930224856 36 2 38 15341 0.00234665276058 0.00013036959781
2014-04-01T09:00:00 0.818382271683 0.181617728317 28 1 29 15132 0.00185038329368 6.60851176315e-05
2014-04-15T08:00:00 0.767247269675 0.232752730325 9 0 9 13502 0.000666567915864 0.0
2014-04-15T07:00:00 0.769675147931 0.230324852069 7 0 7 14264 0.000490745933819 0.0
2014-04-15T06:00:00 0.769492727849 0.230507272151 8 0 8 15291 0.000523183572036 0.0
2014-04-15T05:00:00 0.767820447238 0.232179552762 10 0 10 16085 0.000621697233447 0.0
2014-04-15T04:00:00 0.773164233763 0.226835766237 11 0 11 16927 0.000649849353105 0.0
2014-04-15T03:00:00 0.783835161627 0.216164838373 13 0 13 17662 0.000736043483184 0.0
2014-04-23T19:00:00 0.728708214043 0.271291785957 7 0 7 11901 0.000588185866734 0.0
2014-04-23T18:00:00 0.719799950789 0.280200049211 6 0 6 11078 0.000541614009749 0.0
2014-04-23T17:00:00 0.703505424931 0.296494575069 4 0 4 10168 0.000393391030685 0.0
2014-04-23T16:00:00 0.726815428719 0.273184571281 3 0 3 9305 0.000322407307899 0.0
2014-04-23T15:00:00 0.676710214043 0.323289785957 5 1 6 8374 0.00059708621925 0.00011941724385
2014-04-23T14:00:00 0.740301674505 0.259698325494 8 1 9 7557 0.00105862114596 0.000132327643245
2014-04-25T22:00:00 0.838316653423 0.161683346577 6 0 6 7063 0.000849497380716 0.0
2014-04-25T21:00:00 0.830112499559 0.169887500441 7 0 7 6704 0.00104415274463 0.0
2014-04-25T20:00:00 0.815982777312 0.184017222688 8 0 8 6466 0.00123724095268 0.0
2014-04-25T19:00:00 0.804376021379 0.195623978621 9 0 9 6333 0.00142112742776 0.0
2014-04-25T18:00:00 0.773057338109 0.226942661892 6 0 6 6042 0.000993048659384 0.0
2014-04-25T17:00:00 0.740290857406 0.259709142594 5 0 5 5804 0.000861474844935 0.0
2014-05-07T07:00:00 0 0 0 0 0 568 0.0 0.0
2014-05-07T06:00:00 0 0 0 0 0 604 0.0 0.0
2014-05-07T05:00:00 0 0 0 0 0 646 0.0 0.0
2014-05-07T04:00:00 0 0 0 0 0 713 0.0 0.0
2014-05-07T03:00:00 0 0 0 0 0 775 0.0 0.0
2014-05-07T02:00:00 0 0 0 0 0 817 0.0 0.0
2014-05-16T00:00:00 0 0 0 0 0 2078 0.0 0.0
2014-05-15T23:00:00 0 0 0 0 0 1925 0.0 0.0
2014-05-15T22:00:00 0 0 0 0 0 1743 0.0 0.0
2014-05-15T21:00:00 0 0 0 0 0 1609 0.0 0.0
2014-05-15T20:00:00 0 0 0 0 0 1503 0.0 0.0
2014-05-15T19:00:00 0 0 0 0 0 1419 0.0 0.0
2014-05-19T00:00:00 0.841213429275 0.158786570725 1 0 1 4613 0.000216778668979 0.0
2014-05-18T23:00:00 0.841213429275 0.158786570725 1 0 1 4464 0.000224014336918 0.0
2014-05-18T22:00:00 0.841213429275 0.158786570725 1 0 1 4209 0.00023758612497 0.0
2014-05-18T21:00:00 0.841213429275 0.158786570725 1 0 1 4045 0.000247218788628 0.0
2014-05-18T20:00:00 0.841213429275 0.158786570725 1 0 1 3913 0.000255558395093 0.0
2014-05-18T19:00:00 0.841213429275 0.158786570725 1 0 1 3764 0.000265674814028 0.0
2014-05-20T06:00:00 0 0 0 0 0 3997 0.0 0.0
2014-05-20T05:00:00 0 0 0 0 0 4205 0.0 0.0
2014-05-20T04:00:00 0 0 0 0 0 4481 0.0 0.0
2014-05-20T03:00:00 0.615894275439 0.384105724561 1 0 1 4782 0.000209117524049 0.0
2014-05-20T02:00:00 0.615894275439 0.384105724561 1 0 1 5019 0.000199242877067 0.0
2014-05-20T01:00:00 0.615894275439 0.384105724561 1 0 1 5165 0.000193610842207 0.0
2014-05-22T14:00:00 0.712640417398 0.287359582602 3 0 3 3673 0.000816771031854 0.0
2014-05-22T13:00:00 0.818156171482 0.181843828518 6 0 6 3506 0.00171135196805 0.0
2014-05-22T12:00:00 0.833556942597 0.166443057404 6 0 6 3526 0.00170164492343 0.0
2014-05-22T11:00:00 0.833556942597 0.166443057404 6 0 6 3934 0.00152516522623 0.0
2014-05-22T10:00:00 0.849075973823 0.150924026177 5 0 5 4291 0.00116522955022 0.0
2014-05-22T09:00:00 0.849075973823 0.150924026177 5 0 5 4516 0.0011071744907 0.0
2014-05-25T11:00:00 0.681312379656 0.318687620344 1 0 1 1745 0.000573065902579 0.0
2014-05-25T10:00:00 0.681312379656 0.318687620344 1 0 1 1851 0.000540248514317 0.0
2014-05-25T09:00:00 0.681312379656 0.318687620344 1 0 1 1921 0.000520562207184 0.0
2014-05-25T08:00:00 0.681312379656 0.318687620344 1 0 1 1985 0.000503778337531 0.0
2014-05-25T07:00:00 0 0 0 0 0 2035 0.0 0.0
2014-05-25T06:00:00 0 0 0 0 0 2175 0.0 0.0
2014-05-30T18:00:00 0.703393932393 0.296606067607 3 1 4 5740 0.000522648083624 0.000174216027875
2014-05-30T17:00:00 0.625561995983 0.374438004017 2 1 3 5362 0.000372995151063 0.000186497575532
2014-05-30T16:00:00 0.622749715295 0.377250284705 2 1 3 4963 0.000402982067298 0.000201491033649
2014-05-30T15:00:00 0.622749715295 0.377250284705 2 1 3 4638 0.000431220353601 0.0002156101768
2014-05-31T23:00:00 0.728825234614 0.271174765386 5 1 6 10016 0.000499201277955 9.98402555911e-05
2014-05-31T22:00:00 0.796905024438 0.203094975562 5 0 5 9793 0.000510568773614 0.0
2014-05-31T21:00:00 0.805716406359 0.194283593641 2 0 2 8847 0.000226065332881 0.0
2014-05-31T20:00:00 0.848485304015 0.151514695985 4 0 4 8506 0.000470256289678 0.0
2014-05-31T19:00:00 0.826702817459 0.173297182541 5 0 5 8236 0.000607090820787 0.0
2014-05-31T18:00:00 0.826702817459 0.173297182541 5 0 5 7798 0.00064119004873 0.0
2014-06-17T03:00:00 0.0 0.0 0 0 0 14654 0.0 0.0
2014-06-17T02:00:00 0.0 0.0 0 0 0 15035 0.0 0.0
2014-06-17T01:00:00 0.0 0.0 0 0 0 14937 0.0 0.0
2014-06-17T00:00:00 0.784521823858 0.215478176142 1 0 1 14249 7.01803635343e-05 0.0
2014-06-16T23:00:00 0.700460618669 0.299539381331 2 1 3 13478 0.000148389968838 7.41949844191e-05
2014-06-16T22:00:00 0.606380703409 0.393619296591 2 2 4 12462 0.000160487883165 0.000160487883165
2014-06-17T17:00:00 0.768215787274 0.231784212726 1 0 1 7603 0.000131527028804 0.0
2014-06-17T16:00:00 0.813246693806 0.186753306194 2 0 2 7413 0.000269796303791 0.0
2014-06-17T15:00:00 0.858277600339 0.141722399661 1 0 1 6992 0.000143020594966 0.0
2014-06-17T14:00:00 0.741294331865 0.258705668135 2 0 2 7055 0.000283486888731 0.0
2014-07-05T11:00:00 0.873124850342 0.126875149658 3 0 3 2268 0.00132275132275 0.0
2014-07-05T10:00:00 0.841242404703 0.158757595298 2 0 2 2584 0.00077399380805 0.0
2014-07-05T09:00:00 0.745595067783 0.254404932217 1 0 1 2880 0.000347222222222 0.0
2014-07-05T08:00:00 0 0 0 0 0 3178 0.0 0.0
2014-07-05T07:00:00 0 0 0 0 0 3441 0.0 0.0
2014-07-05T06:00:00 0 0 0 0 0 3727 0.0 0.0
2014-07-19T00:00:00 0.0 0.0 0 0 0 7016 0.0 0.0
2014-07-18T23:00:00 0.936889741622 0.0631102583782 1 0 1 6447 0.000155110904297 0.0
2014-07-18T22:00:00 0.774470747023 0.225529252977 3 0 3 6083 0.000493177708368 0.0
2014-07-18T21:00:00 0.774470747023 0.225529252977 3 0 3 5678 0.000528355054597 0.0
2014-07-18T20:00:00 0.774470747023 0.225529252977 3 0 3 5541 0.000541418516513 0.0
2014-07-29T12:00:00 0 0 0 0 0 3002 0.0 0.0
2014-07-29T11:00:00 0 0 0 0 0 3244 0.0 0.0
2014-07-29T10:00:00 0 0 0 0 0 3704 0.0 0.0
2014-07-29T09:00:00 0 0 0 0 0 3972 0.0 0.0
2014-07-29T07:00:00 0 0 0 0 0 4226 0.0 0.0
2014-08-09T11:00:00 0.62607590157 0.37392409843 3 1 4 4759 0.000630384534566 0.000210128178189
2014-08-09T10:00:00 0.616614853891 0.383385146109 2 1 3 4865 0.000411099691675 0.000205549845838
2014-08-09T09:00:00 0.546896707432 0.453103292568 1 1 2 4926 0.000203004466098 0.000203004466098
2014-08-21T21:00:00 0.73331443497 0.26668556503 5 1 6 15421 0.000324233188509 6.48466377018e-05
2014-08-21T19:00:00 0.819180887449 0.180819112551 4 0 4 14585 0.000274254370929 0.0
2014-08-21T18:00:00 0.816687542414 0.183312457587 2 0 2 13817 0.000144749221973 0.0
2014-08-21T17:00:00 0.816687542414 0.183312457587 2 0 2 12804 0.000156201187129 0.0
2014-08-21T16:00:00 0.696485343205 0.303514656795 1 0 1 11863 8.42957093484e-05 0.0
2014-08-23T22:00:00 0.766892520984 0.233107479016 4 0 4 18567 0.000215435988582 0.0
2014-08-23T21:00:00 0.727310604723 0.272689395277 5 1 6 17151 0.000291528190776 5.83056381552e-05
2014-08-23T19:00:00 0.710720297716 0.289279702284 5 1 6 14199 0.00035213747447 7.0427494894e-05
2014-08-30T23:00:00 0.758480128664 0.241519871336 4 0 4 12025 0.00033264033264 0.0
2014-08-30T22:00:00 0.758480128664 0.241519871336 4 0 4 11483 0.000348341025864 0.0
2014-08-30T21:00:00 0.793721115723 0.206278884277 6 0 6 11026 0.000544168329403 0.0
2014-08-30T19:00:00 0.819114924027 0.180885075973 6 0 6 10432 0.000575153374233 0.0
2014-08-30T18:00:00 0.778888753401 0.221111246599 7 0 7 10008 0.000699440447642 0.0
2014-09-01T15:00:00 0.635280311754 0.364719688246 3 2 5 6885 0.000435729847495 0.000290486564996
2014-09-01T14:00:00 0.702705866209 0.297294133791 10 1 11 6449 0.00155062800434 0.000155062800434
2014-09-01T13:00:00 0.714411377282 0.285588622718 17 1 18 6189 0.00274680885442 0.000161576991436
2014-09-01T12:00:00 0.715494817226 0.284505182774 18 1 19 6405 0.00281030444965 0.00015612802498
2014-09-01T11:00:00 0.715494817226 0.284505182774 18 1 19 7327 0.00245666712161 0.000136481506756
2014-09-07T22:00:00 0.741258193994 0.258741806006 5 1 6 9955 0.000502260170768 0.000100452034154
2014-09-07T21:00:00 0.760686611642 0.239313388358 6 1 7 9631 0.000622988267054 0.000103831377842
2014-09-07T19:00:00 0.738709123975 0.261290876025 6 1 7 9075 0.000661157024793 0.000110192837466
2014-09-07T18:00:00 0.691213848484 0.308786151516 4 1 5 8638 0.000463070155129 0.000115767538782
2014-09-07T17:00:00 0.758685141984 0.241314858016 8 0 8 8038 0.000995272455835 0.0
2014-09-21T04:00:00 0.0 0.0 0 0 0 12540 0.0 0.0
2014-09-21T03:00:00 0.0 0.0 0 0 0 13106 0.0 0.0
2014-09-21T02:00:00 0.0 0.0 0 0 0 13483 0.0 0.0
2014-09-21T01:00:00 0.896675046476 0.103324953523 2 0 2 13572 0.000147362216328 0.0
2014-09-21T00:00:00 0.896675046476 0.103324953523 2 0 2 12828 0.000155908949174 0.0
2014-09-25T23:00:00 0.84809252742 0.15190747258 6 0 6 6989 0.000858491915868 0.0
2014-09-25T22:00:00 0.887280169822 0.112719830178 5 0 5 6661 0.000750638042336 0.0
2014-09-25T21:00:00 0.874877776872 0.125122223129 4 0 4 6039 0.000662361318099 0.0
2014-09-25T19:00:00 0.874877776872 0.125122223129 4 0 4 5190 0.000770712909441 0.0
2014-09-25T18:00:00 0.874123096492 0.125876903507 2 0 2 4780 0.000418410041841 0.0
2014-09-26T23:00:00 0.761284613841 0.238715386159 4 0 4 7089 0.00056425447877 0.0
2014-09-26T22:00:00 0.770497905401 0.229502094599 4 0 4 6331 0.000631811720107 0.0
2014-09-26T21:00:00 0.770497905401 0.229502094599 4 0 4 5715 0.000699912510936 0.0
2014-09-26T20:00:00 0.751950387805 0.248049612195 5 0 5 5113 0.000977899471934 0.0
2014-09-26T19:00:00 0.715376286593 0.284623713407 4 0 4 4632 0.000863557858377 0.0
2014-09-26T18:00:00 0.711744565301 0.288255434699 3 0 3 4196 0.00071496663489 0.0
2014-10-04T00:00:00 0.745226232008 0.254773767992 11 1 12 21647 0.000508153554765 4.61957777059e-05
2014-10-03T23:00:00 0.754885500793 0.245114499207 11 1 12 19997 0.000550082512377 5.00075011252e-05
2014-10-03T22:00:00 0.741316583353 0.258683416647 14 1 15 18169 0.000770543232979 5.50388023557e-05
2014-10-03T21:00:00 0.735787024598 0.264212975402 14 1 15 16440 0.000851581508516 6.08272506083e-05
2014-10-03T20:00:00 0.758834256777 0.241165743223 14 1 15 15017 0.000932276753013 6.65911966438e-05
2014-10-03T19:00:00 0.721071690789 0.278928309211 14 2 16 13665 0.00102451518478 0.000146359312111
2014-10-11T18:00:00 0.779370599026 0.220629400974 9 0 9 15562 0.000578331833955 0.0
2014-10-11T17:00:00 0.755458820669 0.24454117933 10 0 10 14685 0.000680966973102 0.0
2014-10-11T16:00:00 0.756210555798 0.243789444202 12 0 12 13770 0.000871459694989 0.0
2014-10-11T15:00:00 0.732078332944 0.267921667056 19 1 20 13093 0.00145115710685 7.63766898343e-05
2014-10-11T14:00:00 0.736529397667 0.263470602333 22 1 23 12428 0.00177019633087 8.04634695848e-05
2014-10-11T13:00:00 0.739043929216 0.260956070784 24 1 25 11919 0.00201359174427 8.38996560114e-05
2014-10-18T04:00:00 0.742801536074 0.257198463926 5 0 5 9224 0.000542064180399 0.0
2014-10-18T03:00:00 0.731425125244 0.268574874756 6 0 6 9784 0.000613246116108 0.0
2014-10-18T02:00:00 0.731425125244 0.268574874756 6 0 6 10280 0.000583657587549 0.0
2014-10-18T01:00:00 0.718110954799 0.281889045201 5 0 5 10804 0.000462791558682 0.0
2014-10-18T00:00:00 0.741873102564 0.258126897436 7 0 7 10568 0.000662376987131 0.0
2014-10-17T23:00:00 0.777013540801 0.222986459199 7 0 7 9887 0.000708000404572 0.0
2014-10-20T23:00:00 0.684036909117 0.315963090883 2 0 2 7760 0.000257731958763 0.0
2014-10-20T22:00:00 0.684036909117 0.315963090883 2 0 2 7261 0.000275444153698 0.0
2014-10-20T21:00:00 0.0 0.0 0 0 0 6942 0.0 0.0
2014-10-20T20:00:00 0.0 0.0 0 0 0 6753 0.0 0.0
2014-10-26T04:00:00 0 0 0 0 0 8225 0.0 0.0
2014-10-26T03:00:00 0 0 0 0 0 8732 0.0 0.0
2014-10-26T02:00:00 0 0 0 0 0 9214 0.0 0.0
2014-10-26T01:00:00 0 0 0 0 0 9549 0.0 0.0
2014-10-26T00:00:00 0.722332081174 0.277667918826 2 0 2 9466 0.000211282484682 0.0
2014-10-25T23:00:00 0.600658020534 0.399341979466 3 1 4 9039 0.000331895121142 0.000110631707047
