2014-07-09T20:00:00 0.775691100828 0.224308899172 4 0 4 5202 0.00076893502499 0.0
2014-07-10T08:00:00 0 0 0 0 0 6083 0.0 0.0
2014-07-11T08:00:00 0.720371781562 0.279628218438 2 0 2 6409 0.000312061163988 0.0
2014-07-13T08:00:00 0 0 0 0 0 9152 0.0 0.0
2014-07-19T08:00:00 0.82563573338 0.17436426662 1 0 1 5390 0.000185528756957 0.0
2014-07-21T08:00:00 0.658968452954 0.341031547046 1 0 1 5275 0.000189573459716 0.0
2014-07-26T20:00:00 0.652962491105 0.347037508895 3 0 3 6235 0.000481154771451 0.0
2014-08-03T20:00:00 0.770425550158 0.229574449842 11 0 11 4406 0.00249659555152 0.0
2014-08-05T08:00:00 0.714598330945 0.285401669055 1 0 1 2899 0.000344946533287 0.0
2014-08-07T08:00:00 0 0 0 0 0 4445 0.0 0.0
2014-08-09T20:00:00 0.770324256741 0.229675743259 9 0 9 9253 0.000972657516481 0.0
2014-08-12T20:00:00 0.745942307909 0.254057692091 4 0 4 15721 0.000254436740665 0.0
2014-08-14T08:00:00 0 0 0 0 0 7203 0.0 0.0
2014-08-16T08:00:00 0.922898487998 0.0771015120018 1 0 1 8645 0.000115673799884 0.0
