2014-07-07T08:00:00 0.936889741622 0.0631102583782 1 0 1 3140 0.00031847133758 0.0
2014-07-26T00:00:00 0.678672850522 0.321327149478 4 1 5 7513 0.000532410488487 0.000133102622122
2014-07-28T00:00:00 0.70491540899 0.29508459101 3 0 3 8663 0.000346300357844 0.0
2014-07-27T20:00:00 0.762337021948 0.237662978052 3 0 3 7452 0.000402576489533 0.0
2014-07-30T08:00:00 0 0 0 0 0 4152 0.0 0.0
2014-08-02T08:00:00 0 0 0 0 0 2679 0.0 0.0
2014-08-20T20:00:00 0.763485742163 0.236514257837 10 0 10 17310 0.000577700751011 0.0
2014-08-29T22:00:00 0.800327858894 0.199672141106 8 0 8 14489 0.000552143005038 0.0
2014-09-01T08:00:00 0.733079624875 0.266920375125 8 0 8 10692 0.000748222970445 0.0
2014-09-05T19:00:00 0.739618042267 0.260381957733 26 1 27 9498 0.00273741840387 0.000105285323226
2014-09-20T17:00:00 0.751177334699 0.248822665301 3 0 3 7059 0.000424989375266 0.0
2014-09-25T08:00:00 0.835634719741 0.164365280259 1 0 1 4183 0.000239062873536 0.0
