2014-07-18T19:00:00 0.774470747023 0.225529252977 3 0 3 5415 0.000554016620499 0.0
2014-07-29T08:00:00 0 0 0 0 0 4115 0.0 0.0
2014-08-09T08:00:00 0.242973335703 0.757026664297 0 1 1 4873 0.0 0.000205212394829
2014-08-21T20:00:00 0.819180887449 0.180819112551 4 0 4 15165 0.000263765248928 0.0
2014-08-23T20:00:00 0.727310604723 0.272689395277 5 1 6 15549 0.000321564087723 6.43128175445e-05
2014-08-30T20:00:00 0.793721115723 0.206278884277 6 0 6 10694 0.000561062277913 0.0
2014-09-01T10:00:00 0.733195605765 0.266804394235 18 0 18 8543 0.00210698817746 0.0
2014-09-07T20:00:00 0.760686611642 0.239313388358 6 1 7 9368 0.00064047822374 0.000106746370623
2014-09-21T05:00:00 0.0 0.0 0 0 0 11981 0.0 0.0
2014-09-25T20:00:00 0.874877776872 0.125122223129 4 0 4 5552 0.000720461095101 0.0
