2013-06-11T11:00:00Z 295.530000 1000.000000 66.000000 1.030000 89.000000 -1.000000 92.000000
2013-06-11T12:00:00Z 299.840000 1000.000000 59.000000 1.030000 157.000000 -1.000000 92.000000
2013-06-11T13:00:00Z 300.180000 1006.000000 78.000000 1.540000 180.000000 -1.000000 88.000000
2013-06-11T14:00:00Z 299.750000 1006.000000 75.000000 3.080000 199.000000 -1.000000 88.000000
2013-06-11T15:00:00Z 298.720000 998.000000 56.000000 3.080000 153.000000 -1.000000 68.000000
2013-06-11T16:00:00Z 296.450000 1005.000000 51.000000 4.110000 142.000000 1.250000 56.000000
2013-06-11T17:00:00Z 293.660000 1005.000000 56.000000 3.000000 0.000000 -1.000000 20.000000
2013-06-11T18:00:00Z 296.830000 998.000000 52.000000 1.030000 22.000000 0.250000 8.000000
2013-06-11T19:00:00Z 296.830000 998.000000 52.000000 1.030000 22.000000 0.250000 8.000000
2013-06-11T20:00:00Z 295.260000 998.000000 59.000000 1.030000 144.000000 0.250000 8.000000
2013-06-11T21:00:00Z 294.560000 1008.000000 56.000000 5.000000 100.000000 0.000000 20.000000
2013-06-11T22:00:00Z 292.340000 1001.000000 63.000000 1.540000 97.000000 0.000000 0.000000
2013-06-11T23:00:00Z 290.870000 1009.000000 77.000000 2.000000 60.000000 0.000000 40.000000
2013-06-12T00:00:00Z 290.150000 1009.000000 77.000000 2.000000 240.000000 0.000000 40.000000
2013-06-12T01:00:00Z 290.810000 1001.000000 77.000000 1.780000 88.501400 0.000000 12.000000
2013-06-12T02:00:00Z 288.150000 1009.000000 87.000000 2.000000 350.000000 0.000000 0.000000
2013-06-12T03:00:00Z 289.110000 1000.000000 78.000000 1.780000 88.501400 0.000000 12.000000
2013-06-12T04:00:00Z 288.320000 1008.000000 87.000000 1.000000 0.000000 0.000000 0.000000
2013-06-12T05:00:00Z 287.940000 1008.000000 87.000000 1.000000 0.000000 0.000000 0.000000
2013-06-12T06:00:00Z 288.110000 1000.000000 85.000000 1.260000 53.001200 0.000000 12.000000
2013-06-12T07:00:00Z 289.710000 1001.000000 82.000000 0.510000 46.000000 0.000000 0.000000
2013-06-12T08:00:00Z 292.630000 1001.000000 72.000000 1.660000 92.001400 0.000000 0.000000
2013-06-12T09:00:00Z 292.630000 1001.000000 72.000000 1.660000 92.001400 0.000000 0.000000
2013-06-12T10:00:00Z 294.680000 1000.000000 65.000000 0.510000 118.000000 0.000000 24.000000
2013-06-12T11:00:00Z 298.350000 1008.000000 67.000000 1.030000 351.000000 0.000000 24.000000
2013-08-19T00:00:00Z 301.620000 1009.000000 64.000000 2.000000 10.000000 -1.000000 0.000000
2013-08-19T01:00:00Z 301.130000 1010.000000 73.000000 3.000000 350.000000 -1.000000 0.000000
2013-08-19T02:00:00Z 300.570000 1010.000000 73.000000 2.000000 350.000000 -1.000000 0.000000
2013-08-19T03:00:00Z 300.880000 1010.000000 73.000000 3.000000 340.000000 -1.000000 0.000000
2013-08-19T04:00:00Z 300.060000 1010.000000 77.000000 3.000000 360.000000 -1.000000 0.000000
2013-08-19T05:00:00Z 300.060000 1010.000000 72.000000 2.000000 340.000000 -1.000000 0.000000
2013-08-19T06:00:00Z 298.040000 1010.000000 77.000000 3.000000 350.000000 -1.000000 0.000000
2013-08-19T07:00:00Z 298.530000 1011.000000 77.000000 1.000000 0.000000 -1.000000 0.000000
2013-08-19T08:00:00Z 300.570000 1011.000000 69.000000 1.000000 0.000000 -1.000000 0.000000
2013-08-19T09:00:00Z 303.090000 1011.000000 51.000000 2.000000 350.000000 -1.000000 0.000000
2013-08-19T10:00:00Z 302.170000 1012.000000 39.000000 2.000000 30.000000 -1.000000 0.000000
2013-08-19T11:00:00Z 302.580000 1012.000000 35.000000 3.000000 360.000000 -1.000000 0.000000
2013-08-19T14:00:00Z 304.060000 1010.000000 29.000000 2.000000 0.000000 -1.000000 0.000000
2013-08-19T15:00:00Z 304.550000 1009.000000 24.000000 1.000000 0.000000 -1.000000 0.000000
2013-08-19T16:00:00Z 304.910000 1009.000000 26.000000 2.000000 110.000000 -1.000000 0.000000
2013-08-19T17:00:00Z 304.550000 1008.000000 18.000000 1.000000 0.000000 -1.000000 0.000000
2013-08-19T18:00:00Z 304.620000 1008.000000 27.000000 2.000000 110.000000 -1.000000 0.000000
2013-08-19T19:00:00Z 303.640000 1008.000000 31.000000 2.000000 110.000000 -1.000000 0.000000
2013-08-19T20:00:00Z 302.660000 1008.000000 37.000000 3.000000 150.000000 -1.000000 0.000000
2013-08-19T21:00:00Z 303.580000 1009.000000 54.000000 1.000000 0.000000 -1.000000 0.000000
2013-08-19T22:00:00Z 300.550000 1009.000000 47.000000 2.000000 170.000000 -1.000000 0.000000
2013-08-19T23:00:00Z 299.570000 1009.000000 61.000000 2.000000 140.000000 -1.000000 0.000000
2013-08-30T00:00:00Z 298.700000 1009.000000 52.000000 6.000000 30.000000 1.000000 0.000000
2013-08-30T01:00:00Z 297.570000 1010.000000 49.000000 6.000000 30.000000 0.000000 0.000000
2013-08-30T02:00:00Z 297.010000 1010.000000 43.000000 5.000000 30.000000 0.000000 0.000000
2013-08-30T03:00:00Z 296.520000 1011.000000 52.000000 5.000000 20.000000 0.000000 32.000000
2013-08-30T04:00:00Z 296.540000 1011.000000 55.000000 3.000000 10.000000 -1.000000 0.000000
2013-08-30T05:00:00Z 294.970000 1011.000000 68.000000 2.000000 10.000000 -1.000000 24.000000
2013-08-30T06:00:00Z 295.910000 1012.000000 55.000000 2.000000 300.000000 -1.000000 0.000000
2013-08-30T07:00:00Z 296.020000 1013.000000 59.000000 3.000000 290.000000 -1.000000 0.000000
2013-08-30T08:00:00Z 296.970000 1013.000000 56.000000 2.000000 10.000000 -1.000000 0.000000
2013-08-30T09:00:00Z 297.570000 1014.000000 52.000000 2.000000 360.000000 -1.000000 0.000000
2013-08-30T10:00:00Z 299.520000 1014.000000 38.000000 3.000000 20.000000 -1.000000 0.000000
2013-08-30T11:00:00Z 300.110000 1014.000000 33.000000 4.000000 350.000000 -1.000000 0.000000
2013-08-30T12:00:00Z 300.380000 1013.000000 29.000000 5.000000 30.000000 -1.000000 0.000000
2013-08-30T13:00:00Z 301.170000 1012.000000 26.000000 4.000000 360.000000 -1.000000 0.000000
2013-08-30T14:00:00Z 303.460000 1012.000000 24.000000 4.000000 320.000000 -1.000000 0.000000
2013-08-30T15:00:00Z 303.560000 1011.000000 24.000000 4.000000 300.000000 -1.000000 0.000000
2013-08-30T16:00:00Z 301.660000 1010.000000 21.000000 3.000000 280.000000 -1.000000 0.000000
2013-08-30T17:00:00Z 302.940000 1010.000000 20.000000 2.000000 360.000000 -1.000000 0.000000
2013-08-30T18:00:00Z 301.450000 1010.000000 29.000000 2.000000 110.000000 -1.000000 0.000000
2013-08-30T19:00:00Z 300.110000 1010.000000 29.000000 3.000000 110.000000 -1.000000 0.000000
2013-08-30T20:00:00Z 298.420000 1024.590000 60.000000 1.660000 150.000000 -1.000000 0.000000
2013-08-30T21:00:00Z 297.110000 1011.000000 60.000000 2.000000 160.000000 -1.000000 0.000000
2013-08-30T22:00:00Z 299.970000 1011.000000 35.000000 4.000000 190.000000 -1.000000 0.000000
2013-08-30T23:00:00Z 299.120000 1011.000000 38.000000 5.000000 210.000000 -1.000000 0.000000
2013-08-31T00:00:00Z 296.120000 1012.000000 63.000000 3.000000 360.000000 -1.000000 0.000000
2013-08-31T01:00:00Z 295.030000 1012.000000 72.000000 1.000000 50.000000 -1.000000 0.000000
2013-08-31T02:00:00Z 295.260000 1011.000000 77.000000 3.000000 360.000000 -1.000000 0.000000
2013-08-31T03:00:00Z 294.540000 1011.000000 72.000000 1.000000 350.000000 -1.000000 0.000000
2013-08-31T04:00:00Z 294.270000 1025.980000 65.000000 1.850000 274.500000 -1.000000 0.000000
2013-08-31T05:00:00Z 294.980000 1012.000000 82.000000 2.000000 340.000000 -1.000000 0.000000
2013-08-31T06:00:00Z 293.340000 1012.000000 82.000000 2.000000 340.000000 -1.000000 0.000000
2013-08-31T07:00:00Z 293.480000 1012.000000 72.000000 2.000000 340.000000 -1.000000 0.000000
2013-08-31T08:00:00Z 296.330000 1013.000000 60.000000 2.000000 350.000000 -1.000000 0.000000
2013-08-31T09:00:00Z 298.070000 1013.000000 46.000000 4.000000 360.000000 -1.000000 0.000000
2013-08-31T10:00:00Z 300.810000 1013.000000 31.000000 3.000000 350.000000 -1.000000 0.000000
2013-08-31T11:00:00Z 301.670000 1013.000000 28.000000 3.000000 330.000000 -1.000000 0.000000
2013-08-31T12:00:00Z 302.720000 1012.000000 23.000000 2.000000 360.000000 -1.000000 0.000000
2013-08-31T13:00:00Z 304.170000 1012.000000 23.000000 3.000000 340.000000 -1.000000 0.000000
2013-08-31T14:00:00Z 306.120000 1011.000000 20.000000 2.000000 280.000000 -1.000000 0.000000
2013-08-31T15:00:00Z 303.150000 1011.000000 17.000000 2.000000 280.000000 -1.000000 0.000000
2013-08-31T16:00:00Z 303.940000 1010.000000 14.000000 1.000000 0.000000 -1.000000 0.000000
2013-08-31T17:00:00Z 304.410000 1010.000000 15.000000 3.000000 280.000000 -1.000000 0.000000
2013-08-31T18:00:00Z 302.720000 1010.000000 21.000000 3.000000 180.000000 -1.000000 0.000000
2013-08-31T19:00:00Z 301.660000 1010.000000 32.000000 2.000000 160.000000 -1.000000 0.000000
2013-08-31T20:00:00Z 300.570000 1024.980000 44.000000 3.210000 187.000000 -1.000000 0.000000
2013-08-31T21:00:00Z 298.130000 1011.000000 56.000000 2.000000 90.000000 -1.000000 0.000000
2013-08-31T22:00:00Z 297.810000 1012.000000 72.000000 2.000000 60.000000 -1.000000 0.000000
2013-08-31T23:00:00Z 297.640000 1012.000000 68.000000 3.000000 80.000000 -1.000000 0.000000
2013-09-01T00:00:00Z 298.240000 1013.000000 64.000000 4.000000 110.000000 -1.000000 0.000000
2013-09-01T01:00:00Z 297.640000 1013.000000 64.000000 4.000000 110.000000 -1.000000 0.000000
2013-09-01T02:00:00Z 296.960000 1013.000000 72.000000 2.000000 10.000000 -1.000000 0.000000
2013-09-01T03:00:00Z 296.150000 1013.000000 77.000000 1.000000 0.000000 -1.000000 0.000000
2013-09-01T04:00:00Z 295.340000 1026.060000 76.000000 0.950000 145.000000 -1.000000 0.000000
2013-09-01T05:00:00Z 295.100000 1013.000000 77.000000 1.000000 0.000000 -1.000000 0.000000
2013-09-01T06:00:00Z 295.510000 1014.000000 87.000000 3.000000 350.000000 -1.000000 0.000000
2013-09-01T07:00:00Z 295.160000 1014.000000 82.000000 3.000000 360.000000 -1.000000 0.000000
2013-09-01T08:00:00Z 298.240000 1014.000000 68.000000 3.000000 350.000000 -1.000000 0.000000
2013-09-01T09:00:00Z 298.690000 1014.000000 60.000000 3.000000 20.000000 -1.000000 0.000000
2013-09-01T10:00:00Z 300.910000 1014.000000 47.000000 3.000000 20.000000 -1.000000 0.000000
2013-09-01T11:00:00Z 300.460000 1014.000000 47.000000 3.000000 60.000000 -1.000000 0.000000
2013-09-01T12:00:00Z 302.190000 1014.000000 39.000000 2.000000 60.000000 -1.000000 0.000000
2013-09-01T13:00:00Z 301.150000 1013.000000 34.000000 2.000000 0.000000 -1.000000 0.000000
2013-09-01T14:00:00Z 301.590000 1012.000000 28.000000 1.000000 0.000000 -1.000000 0.000000
2013-09-01T15:00:00Z 302.590000 1012.000000 28.000000 2.000000 0.000000 -1.000000 0.000000
2013-09-01T16:00:00Z 304.110000 1011.000000 27.000000 1.000000 0.000000 -1.000000 0.000000
2013-09-01T17:00:00Z 302.940000 1012.000000 30.000000 1.000000 0.000000 -1.000000 0.000000
2013-09-01T18:00:00Z 305.840000 1024.830000 52.000000 4.200000 223.000000 -1.000000 56.000000
2013-09-01T19:00:00Z 301.950000 1012.000000 42.000000 3.000000 90.000000 -1.000000 0.000000
2013-09-01T20:00:00Z 301.370000 1025.690000 58.000000 3.150000 193.000000 -1.000000 24.000000
2013-09-01T21:00:00Z 299.120000 1013.000000 69.000000 3.000000 70.000000 -1.000000 75.000000
2013-09-01T22:00:00Z 298.440000 1028.530000 100.000000 3.300000 35.500400 1.000000 80.000000
2013-09-01T23:00:00Z 299.120000 1015.000000 60.000000 4.000000 200.000000 1.000000 40.000000
2013-09-06T00:00:00Z 289.591000 1019.260000 89.000000 2.760000 133.000000 -1.000000 0.000000
2013-09-06T01:00:00Z 286.765000 1019.830000 93.000000 1.310000 31.000100 -1.000000 0.000000
2013-09-06T02:00:00Z 295.860000 1008.000000 87.000000 1.310000 31.000100 -1.000000 0.000000
2013-09-06T03:00:00Z 294.450000 1029.560000 93.000000 1.310000 31.000100 -1.000000 0.000000
2013-09-06T04:00:00Z 296.530000 1008.000000 84.000000 0.510000 173.000000 -1.000000 8.000000
2013-09-06T05:00:00Z 295.500000 1008.000000 87.000000 1.610000 35.000200 -1.000000 8.000000
2013-09-06T06:00:00Z 295.690000 1008.000000 87.000000 0.510000 126.000000 -1.000000 8.000000
2013-09-06T07:00:00Z 298.710000 1030.520000 94.000000 2.260000 28.500200 -1.000000 48.000000
2013-09-06T08:00:00Z 295.360000 1009.000000 90.000000 2.260000 28.500200 -1.000000 48.000000
2013-09-06T09:00:00Z 296.690000 1009.000000 78.000000 0.510000 130.000000 -1.000000 48.000000
2013-09-06T10:00:00Z 293.399000 1021.380000 90.000000 2.700000 37.500900 -1.000000 68.000000
2013-09-06T11:00:00Z 293.399000 1021.380000 90.000000 2.700000 37.500900 -1.000000 68.000000
2013-09-06T12:00:00Z 293.399000 1021.380000 90.000000 2.700000 37.500900 -1.000000 68.000000
2013-09-06T13:00:00Z 294.159000 1020.320000 85.000000 3.450000 71.000000 -1.000000 68.000000
2013-09-06T14:00:00Z 298.150000 1015.000000 47.000000 3.000000 150.000000 -1.000000 68.000000
2013-09-06T15:00:00Z 299.150000 1014.000000 47.000000 4.000000 170.000000 -1.000000 48.000000
2013-09-06T16:00:00Z 299.150000 1014.000000 44.000000 4.000000 170.000000 -1.000000 48.000000
2013-09-06T17:00:00Z 298.150000 1014.000000 47.000000 4.000000 160.000000 -1.000000 48.000000
2013-09-06T18:00:00Z 296.150000 1014.000000 60.000000 3.000000 150.000000 -1.000000 0.000000
2013-09-06T19:00:00Z 296.150000 1014.000000 60.000000 3.000000 150.000000 -1.000000 0.000000
2013-09-06T20:00:00Z 294.150000 1016.000000 68.000000 2.000000 160.000000 -1.000000 0.000000
2013-09-06T21:00:00Z 294.150000 1016.000000 68.000000 2.000000 160.000000 -1.000000 0.000000
2013-09-06T22:00:00Z 293.150000 1016.000000 77.000000 1.000000 0.000000 -1.000000 0.000000
2013-09-06T23:00:00Z 292.150000 1017.000000 82.000000 1.000000 0.000000 -1.000000 20.000000
2013-10-15T00:00:00Z 279.560000 1033.000000 48.000000 3.000000 360.000000 -1.000000 0.000000
2013-10-15T01:00:00Z 279.560000 1033.000000 48.000000 3.000000 360.000000 -1.000000 0.000000
2013-10-15T02:00:00Z 278.220000 1026.000000 69.000000 2.520000 321.501000 -1.000000 0.000000
2013-10-15T03:00:00Z 278.070000 1025.000000 47.000000 1.030000 306.000000 -1.000000 0.000000
2013-10-15T04:00:00Z 274.150000 1033.000000 69.000000 2.000000 10.000000 -1.000000 0.000000
2013-10-15T05:00:00Z 278.070000 1025.000000 43.000000 1.760000 308.504000 -1.000000 0.000000
2013-10-15T06:00:00Z 277.810000 1033.000000 59.000000 1.000000 0.000000 -1.000000 0.000000
2013-10-15T07:00:00Z 277.040000 1026.000000 60.000000 1.510000 306.506000 -1.000000 0.000000
2013-10-15T08:00:00Z 282.100000 1026.000000 41.000000 0.510000 31.000000 -1.000000 0.000000
2013-10-15T09:00:00Z 282.550000 1026.000000 39.000000 1.030000 42.000000 -1.000000 0.000000
2013-10-15T10:00:00Z 285.260000 1033.000000 20.000000 2.000000 60.000000 -1.000000 0.000000
2013-10-15T11:00:00Z 286.232000 1036.780000 63.000000 2.510000 342.500000 -1.000000 0.000000
2013-10-15T12:00:00Z 286.232000 1036.780000 63.000000 2.510000 342.500000 -1.000000 0.000000
2013-10-15T13:00:00Z 289.150000 1029.000000 13.000000 1.000000 0.000000 -1.000000 0.000000
2013-10-15T14:00:00Z 287.654000 1033.840000 61.000000 1.910000 295.000000 -1.000000 0.000000
2013-10-15T15:00:00Z 290.150000 1027.000000 12.000000 2.000000 100.000000 -1.000000 0.000000
2013-10-15T16:00:00Z 286.115000 1031.640000 65.000000 1.410000 212.000000 -1.000000 0.000000
2013-10-15T17:00:00Z 286.115000 1031.640000 65.000000 1.410000 212.000000 -1.000000 0.000000
2013-11-26T18:00:00Z 284.510000 1030.740000 29.000000 8.400000 314.001000 -1.000000 0.000000
2013-11-26T19:00:00Z 283.870000 1019.000000 6.000000 8.000000 300.000000 -1.000000 0.000000
2013-11-26T20:00:00Z 282.930000 1021.000000 7.000000 8.000000 330.000000 -1.000000 0.000000
2013-11-26T21:00:00Z 282.650000 1021.000000 8.000000 10.000000 340.000000 -1.000000 0.000000
2013-11-26T22:00:00Z 289.820000 1038.040000 23.000000 7.010000 321.500000 -1.000000 0.000000
2013-11-26T23:00:00Z 280.460000 1025.000000 16.000000 8.000000 350.000000 -1.000000 0.000000
2013-11-27T00:00:00Z 279.510000 1038.040000 23.000000 7.010000 321.500000 -1.000000 0.000000
2013-11-27T01:00:00Z 280.460000 1025.000000 15.000000 10.000000 350.000000 -1.000000 0.000000
2013-11-27T02:00:00Z 280.580000 1025.000000 16.000000 8.000000 340.000000 -1.000000 0.000000
2013-11-27T03:00:00Z 279.990000 1025.000000 17.000000 8.000000 340.000000 -1.000000 0.000000
2013-11-27T04:00:00Z 279.520000 1025.000000 25.000000 6.000000 360.000000 -1.000000 0.000000
2013-11-27T05:00:00Z 281.190000 1025.000000 17.000000 8.000000 350.000000 -1.000000 0.000000
2013-11-27T06:00:00Z 279.640000 1025.000000 16.000000 11.000000 350.000000 -1.000000 0.000000
2013-11-27T07:00:00Z 279.240000 1026.000000 16.000000 13.000000 340.000000 -1.000000 0.000000
2013-11-27T08:00:00Z 279.240000 1026.000000 16.000000 13.000000 340.000000 -1.000000 0.000000
2013-11-27T09:00:00Z 280.110000 1027.000000 14.000000 12.000000 330.000000 -1.000000 0.000000
2013-11-27T10:00:00Z 280.760000 1028.000000 14.000000 10.000000 330.000000 -1.000000 0.000000
2013-11-27T11:00:00Z 281.580000 1029.000000 10.000000 12.000000 330.000000 -1.000000 0.000000
2013-11-27T12:00:00Z 281.240000 1028.000000 10.000000 11.000000 340.000000 -1.000000 0.000000
2013-11-27T13:00:00Z 289.820000 1040.810000 26.000000 8.800000 323.501000 -1.000000 0.000000
2013-11-27T14:00:00Z 281.070000 1027.000000 10.000000 9.000000 290.000000 -1.000000 0.000000
2013-11-27T15:00:00Z 289.820000 1040.810000 26.000000 8.800000 323.501000 -1.000000 0.000000
2013-11-27T16:00:00Z 280.880000 1041.620000 21.000000 7.450000 318.500000 -1.000000 0.000000
2013-11-27T17:00:00Z 280.880000 1041.620000 21.000000 7.450000 318.500000 -1.000000 0.000000
2013-11-27T18:00:00Z 280.880000 1041.620000 21.000000 7.450000 318.500000 -1.000000 0.000000
2013-11-27T19:00:00Z 280.880000 1041.620000 21.000000 7.450000 318.500000 -1.000000 0.000000
2013-11-27T20:00:00Z 280.880000 1041.620000 21.000000 7.450000 318.500000 -1.000000 0.000000
2013-11-27T21:00:00Z 280.880000 1041.620000 21.000000 7.450000 318.500000 -1.000000 0.000000
2013-11-27T22:00:00Z 280.880000 1041.620000 21.000000 7.450000 318.500000 -1.000000 0.000000
2013-11-27T23:00:00Z 280.880000 1041.620000 21.000000 7.450000 318.500000 -1.000000 0.000000
2013-12-29T00:00:00Z 269.150000 1024.000000 25.000000 2.000000 170.000000 -1.000000 0.000000
2013-12-29T01:00:00Z 272.150000 1023.000000 15.000000 3.000000 250.000000 -1.000000 0.000000
2013-12-29T02:00:00Z 264.958000 1025.770000 32.000000 3.950000 287.000000 -1.000000 0.000000
2013-12-29T03:00:00Z 272.150000 1023.000000 15.000000 5.000000 280.000000 -1.000000 0.000000
2013-12-29T04:00:00Z 265.688000 1024.800000 33.000000 4.150000 296.500000 -1.000000 0.000000
2013-12-29T05:00:00Z 272.780000 1013.000000 22.000000 3.080000 289.000000 -1.000000 0.000000
2013-12-29T06:00:00Z 271.110000 1021.000000 17.000000 4.000000 340.000000 -1.000000 0.000000
2013-12-29T07:00:00Z 272.590000 1013.000000 25.000000 3.760000 291.501000 -1.000000 0.000000
2013-12-29T08:00:00Z 267.150000 1021.000000 31.000000 2.000000 350.000000 -1.000000 0.000000
2013-12-29T09:00:00Z 267.150000 1021.000000 31.000000 2.000000 350.000000 -1.000000 0.000000
2013-12-29T10:00:00Z 273.040000 1013.000000 27.000000 0.510000 123.000000 -1.000000 0.000000
2013-12-29T11:00:00Z 277.350000 1011.000000 20.000000 1.030000 186.000000 -1.000000 0.000000
2013-12-29T12:00:00Z 278.440000 1019.000000 10.000000 2.000000 170.000000 -1.000000 0.000000
2013-12-29T13:00:00Z 278.440000 1019.000000 10.000000 2.000000 170.000000 -1.000000 0.000000
2013-12-29T14:00:00Z 279.200000 1008.000000 18.000000 2.570000 240.000000 -1.000000 0.000000
2013-12-29T15:00:00Z 280.150000 1016.000000 8.000000 6.000000 240.000000 -1.000000 0.000000
2013-12-29T16:00:00Z 280.010000 1008.000000 18.000000 1.030000 242.000000 -1.000000 0.000000
2013-12-29T17:00:00Z 277.580000 1008.000000 20.000000 3.300000 256.000000 -1.000000 0.000000
2013-12-29T18:00:00Z 277.580000 1008.000000 20.000000 3.300000 256.000000 -1.000000 0.000000
2013-12-29T19:00:00Z 276.010000 1009.000000 22.000000 3.210000 263.000000 -1.000000 0.000000
2013-12-29T20:00:00Z 276.510000 1009.000000 24.000000 3.210000 263.000000 -1.000000 0.000000
2013-12-29T21:00:00Z 274.860000 1009.000000 28.000000 3.210000 263.000000 -1.000000 0.000000
2013-12-29T22:00:00Z 273.950000 1009.000000 33.000000 0.510000 328.000000 -1.000000 0.000000
2013-12-29T23:00:00Z 273.440000 1009.000000 25.000000 0.510000 333.000000 -1.000000 0.000000
2014-02-09T17:00:00Z 272.110000 1026.000000 28.000000 3.080000 261.000000 -1.000000 0.000000
2014-02-09T18:00:00Z 271.830000 1027.000000 30.000000 2.060000 260.000000 -1.000000 0.000000
2014-02-09T19:00:00Z 270.250000 1028.000000 35.000000 2.060000 269.000000 -1.000000 0.000000
2014-02-09T20:00:00Z 269.200000 1028.000000 37.000000 1.540000 290.000000 -1.000000 0.000000
2014-02-09T21:00:00Z 268.870000 1036.000000 32.000000 5.000000 330.000000 -1.000000 0.000000
2014-02-09T22:00:00Z 268.870000 1036.000000 32.000000 5.000000 330.000000 -1.000000 0.000000
2014-02-09T23:00:00Z 266.440000 1030.000000 36.000000 1.030000 317.000000 -1.000000 0.000000
2014-06-03T11:00:00Z 302.090000 1008.000000 35.000000 1.000000 0.000000 -1.000000 0.000000
2014-06-03T12:00:00Z 303.150000 999.000000 37.000000 2.060000 149.000000 -1.000000 0.000000
2014-06-03T13:00:00Z 303.900000 1006.000000 31.000000 3.000000 90.000000 -1.000000 0.000000
2014-06-03T14:00:00Z 303.900000 1006.000000 31.000000 3.000000 90.000000 -1.000000 0.000000
2014-06-03T15:00:00Z 304.630000 997.000000 32.000000 1.030000 227.000000 -1.000000 0.000000
2014-06-03T16:00:00Z 304.150000 1006.000000 31.000000 4.000000 190.000000 -1.000000 0.000000
2014-06-03T17:00:00Z 304.150000 1006.000000 31.000000 4.000000 190.000000 -1.000000 0.000000
2014-06-03T18:00:00Z 303.950000 998.000000 38.000000 1.030000 171.000000 -1.000000 0.000000
2014-06-03T19:00:00Z 303.110000 1006.000000 35.000000 4.000000 180.000000 -1.000000 0.000000
2014-06-03T20:00:00Z 301.550000 998.000000 42.000000 0.510000 141.000000 -1.000000 0.000000
2014-06-03T21:00:00Z 300.640000 999.000000 44.000000 3.190000 118.501000 -1.000000 0.000000
2014-06-03T22:00:00Z 301.180000 1008.000000 47.000000 5.000000 140.000000 -1.000000 0.000000
2014-06-03T23:00:00Z 298.150000 1008.000000 50.000000 4.000000 140.000000 -1.000000 0.000000
2014-06-08T22:00:00Z 294.000000 1002.000000 72.000000 3.000000 50.000000 -1.000000 0.000000
2014-06-08T23:00:00Z 290.750000 995.000000 81.000000 1.030000 24.000000 -1.000000 8.000000
2014-06-09T00:00:00Z 290.750000 995.000000 81.000000 1.030000 24.000000 -1.000000 8.000000
2014-06-09T01:00:00Z 290.750000 995.000000 81.000000 1.030000 24.000000 -1.000000 8.000000
2014-06-09T02:00:00Z 289.050000 994.000000 82.000000 2.060000 55.000000 -1.000000 8.000000
2014-06-09T03:00:00Z 289.050000 994.000000 82.000000 2.060000 55.000000 -1.000000 8.000000
2014-06-09T04:00:00Z 289.490000 1004.000000 87.000000 2.000000 70.000000 -1.000000 0.000000
2014-06-09T05:00:00Z 289.490000 1004.000000 87.000000 2.000000 70.000000 -1.000000 0.000000
2014-06-09T06:00:00Z 289.490000 1004.000000 87.000000 2.000000 70.000000 -1.000000 0.000000
2014-06-09T07:00:00Z 289.490000 1004.000000 87.000000 2.000000 70.000000 -1.000000 0.000000
2014-06-09T08:00:00Z 289.490000 1004.000000 87.000000 2.000000 70.000000 -1.000000 0.000000
2014-06-09T09:00:00Z 289.490000 1004.000000 87.000000 2.000000 70.000000 -1.000000 0.000000
2014-06-09T10:00:00Z 303.150000 1003.000000 27.000000 2.000000 0.000000 -1.000000 20.000000
2014-06-09T11:00:00Z 303.150000 1003.000000 27.000000 2.000000 0.000000 -1.000000 20.000000
2014-06-09T12:00:00Z 303.150000 1003.000000 27.000000 2.000000 0.000000 -1.000000 20.000000
2014-06-09T13:00:00Z 303.150000 1003.000000 27.000000 2.000000 0.000000 -1.000000 20.000000
2014-06-09T14:00:00Z 303.150000 1003.000000 27.000000 2.000000 0.000000 -1.000000 20.000000
2014-06-09T15:00:00Z 303.150000 1003.000000 27.000000 2.000000 0.000000 -1.000000 20.000000
2014-07-12T00:00:00Z 301.150000 1001.000000 42.000000 3.000000 30.000000 -1.000000 0.000000
2014-07-12T01:00:00Z 297.150000 1002.000000 60.000000 2.000000 30.000000 -1.000000 0.000000
2014-07-12T02:00:00Z 297.150000 1002.000000 60.000000 2.000000 30.000000 -1.000000 0.000000
2014-07-12T03:00:00Z 299.150000 1003.000000 41.000000 4.000000 30.000000 -1.000000 0.000000
2014-07-12T04:00:00Z 298.150000 1003.000000 44.000000 3.000000 30.000000 -1.000000 0.000000
2014-07-12T05:00:00Z 298.150000 1003.000000 44.000000 3.000000 30.000000 -1.000000 0.000000
2014-07-12T06:00:00Z 297.150000 1003.000000 47.000000 3.000000 30.000000 -1.000000 0.000000
2014-07-12T07:00:00Z 298.150000 1004.000000 44.000000 3.000000 30.000000 -1.000000 0.000000
2014-07-12T08:00:00Z 300.150000 1004.000000 39.000000 4.000000 40.000000 -1.000000 0.000000
2014-07-12T09:00:00Z 300.150000 1004.000000 39.000000 4.000000 40.000000 -1.000000 0.000000
2014-07-12T10:00:00Z 303.150000 1004.000000 33.000000 5.000000 20.000000 -1.000000 0.000000
2014-07-12T11:00:00Z 304.150000 1004.000000 31.000000 5.000000 20.000000 -1.000000 0.000000
2014-07-12T12:00:00Z 305.150000 1003.000000 27.000000 4.000000 40.000000 -1.000000 20.000000
2014-07-12T13:00:00Z 307.150000 1002.000000 23.000000 2.000000 0.000000 -1.000000 0.000000
2014-07-12T17:00:00Z 306.150000 1000.000000 26.000000 2.000000 150.000000 -1.000000 0.000000
2014-07-12T18:00:00Z 306.150000 1000.000000 26.000000 2.000000 150.000000 -1.000000 0.000000
2014-07-12T19:00:00Z 305.150000 1000.000000 27.000000 4.000000 190.000000 -1.000000 0.000000
2014-07-12T20:00:00Z 304.150000 1001.000000 29.000000 3.000000 200.000000 -1.000000 0.000000
2014-07-12T21:00:00Z 304.150000 1002.000000 29.000000 2.000000 200.000000 -1.000000 0.000000
2014-07-12T22:00:00Z 304.150000 1002.000000 29.000000 2.000000 200.000000 -1.000000 0.000000
2014-07-12T23:00:00Z 300.150000 1003.000000 47.000000 2.000000 90.000000 -1.000000 0.000000
2014-07-23T21:00:00Z 303.150000 1003.000000 51.000000 3.000000 220.000000 -1.000000 0.000000
2014-07-23T22:00:00Z 299.150000 1003.000000 65.000000 1.000000 0.000000 -1.000000 0.000000
2014-07-23T23:00:00Z 298.150000 1003.000000 73.000000 1.000000 80.000000 -1.000000 0.000000
2014-07-24T00:00:00Z 298.150000 1003.000000 73.000000 1.000000 80.000000 -1.000000 0.000000
2014-07-24T01:00:00Z 297.150000 1003.000000 78.000000 1.000000 0.000000 -1.000000 0.000000
2014-07-24T02:00:00Z 297.150000 1003.000000 83.000000 2.270000 228.001000 -1.000000 0.000000
2014-07-24T03:00:00Z 297.150000 1003.000000 83.000000 2.000000 90.000000 -1.000000 92.000000
2014-07-24T14:00:00Z 302.150000 1006.000000 58.000000 1.000000 0.000000 -1.000000 0.000000
2014-07-24T15:00:00Z 302.150000 1006.000000 58.000000 1.000000 0.000000 -1.000000 0.000000
2014-07-24T16:00:00Z 302.150000 1005.000000 58.000000 2.000000 110.000000 -1.000000 0.000000
2014-07-24T17:00:00Z 302.150000 1005.000000 58.000000 2.000000 110.000000 -1.000000 0.000000
2014-07-24T18:00:00Z 303.150000 1005.000000 51.000000 3.000000 110.000000 -1.000000 0.000000
2014-07-24T19:00:00Z 301.150000 1005.000000 54.000000 3.000000 160.000000 -1.000000 0.000000
2014-07-24T20:00:00Z 299.150000 1007.000000 61.000000 2.000000 160.000000 -1.000000 0.000000
2014-07-24T21:00:00Z 299.150000 1007.000000 61.000000 2.000000 160.000000 -1.000000 0.000000
2014-07-24T22:00:00Z 297.150000 1008.000000 78.000000 1.000000 0.000000 -1.000000 0.000000
2014-07-24T23:00:00Z 295.150000 1008.000000 83.000000 1.000000 70.000000 0.000000 0.000000
2014-08-06T11:00:00Z 305.150000 1007.000000 31.000000 4.000000 30.000000 -1.000000 0.000000
2014-08-06T12:00:00Z 305.150000 1007.000000 31.000000 4.000000 30.000000 -1.000000 0.000000
2014-08-06T13:00:00Z 307.150000 1007.000000 26.000000 5.000000 40.000000 -1.000000 0.000000
2014-08-06T14:00:00Z 306.150000 1006.000000 26.000000 4.000000 70.000000 -1.000000 0.000000
2014-08-06T15:00:00Z 306.150000 1006.000000 26.000000 3.000000 40.000000 -1.000000 0.000000
2014-08-06T16:00:00Z 306.150000 1006.000000 26.000000 3.000000 40.000000 -1.000000 0.000000
2014-08-06T17:00:00Z 306.150000 1006.000000 26.000000 2.000000 120.000000 -1.000000 0.000000
2014-08-06T18:00:00Z 306.150000 1006.000000 24.000000 3.000000 200.000000 -1.000000 0.000000
2014-08-06T19:00:00Z 302.150000 1007.000000 54.000000 5.000000 180.000000 -1.000000 0.000000
2014-08-06T20:00:00Z 302.150000 1007.000000 54.000000 5.000000 180.000000 -1.000000 0.000000
2014-08-06T21:00:00Z 300.150000 1008.000000 65.000000 3.000000 150.000000 -1.000000 0.000000
2014-08-06T22:00:00Z 299.150000 1008.000000 69.000000 3.000000 120.000000 -1.000000 0.000000
2014-08-06T23:00:00Z 297.150000 1009.000000 73.000000 2.000000 100.000000 -1.000000 0.000000
2014-08-07T00:00:00Z 297.150000 1009.000000 73.000000 2.000000 100.000000 -1.000000 0.000000
2014-08-07T01:00:00Z 295.150000 1009.000000 83.000000 1.000000 70.000000 -1.000000 0.000000
2014-08-07T02:00:00Z 295.150000 1009.000000 83.000000 1.000000 0.000000 -1.000000 0.000000
2014-08-07T03:00:00Z 295.150000 1009.000000 83.000000 1.000000 0.000000 -1.000000 0.000000
2014-08-07T04:00:00Z 294.150000 1009.000000 88.000000 1.000000 20.000000 -1.000000 0.000000
2014-08-07T05:00:00Z 293.150000 1010.000000 88.000000 4.000000 360.000000 -1.000000 0.000000
2014-08-11T00:00:00Z 300.960000 1004.000000 83.000000 4.000000 360.000000 -1.000000 0.000000
2014-08-11T01:00:00Z 300.960000 1004.000000 83.000000 4.000000 360.000000 -1.000000 0.000000
2014-08-11T02:00:00Z 300.960000 1004.000000 83.000000 4.000000 360.000000 -1.000000 0.000000
2014-08-11T03:00:00Z 300.500000 1004.000000 83.000000 5.000000 360.000000 -1.000000 0.000000
2014-08-11T04:00:00Z 299.530000 1004.000000 78.000000 2.000000 350.000000 -1.000000 0.000000
2014-08-11T05:00:00Z 298.880000 1005.000000 78.000000 1.000000 0.000000 -1.000000 0.000000
2014-08-11T06:00:00Z 298.880000 1005.000000 78.000000 1.000000 0.000000 -1.000000 0.000000
2014-08-11T07:00:00Z 298.760000 1005.000000 83.000000 2.000000 350.000000 -1.000000 0.000000
2014-08-11T08:00:00Z 299.650000 1005.000000 65.000000 2.000000 360.000000 -1.000000 0.000000
2014-08-11T09:00:00Z 300.930000 1006.000000 51.000000 4.000000 10.000000 -1.000000 0.000000
2014-08-11T10:00:00Z 303.120000 1006.000000 38.000000 4.000000 20.000000 -1.000000 0.000000
2014-08-11T14:00:00Z 306.690000 1004.000000 24.000000 2.000000 0.000000 -1.000000 0.000000
2014-08-11T15:00:00Z 307.470000 1003.000000 23.000000 2.000000 0.000000 -1.000000 0.000000
2014-08-11T16:00:00Z 307.940000 1002.000000 21.000000 2.000000 0.000000 -1.000000 0.000000
2014-08-11T17:00:00Z 307.700000 1002.000000 24.000000 2.000000 160.000000 -1.000000 0.000000
2014-08-11T18:00:00Z 307.120000 1002.000000 24.000000 2.000000 0.000000 -1.000000 0.000000
2014-08-11T19:00:00Z 305.430000 1002.000000 38.000000 1.000000 0.000000 -1.000000 0.000000
2014-08-11T20:00:00Z 303.210000 1003.000000 54.000000 1.000000 0.000000 -1.000000 0.000000
2014-08-11T21:00:00Z 309.540000 1004.000000 31.000000 2.000000 270.000000 -1.000000 0.000000
2014-08-11T22:00:00Z 302.150000 1005.000000 39.000000 3.000000 220.000000 -1.000000 0.000000
2014-08-11T23:00:00Z 296.150000 1005.000000 60.000000 2.000000 10.000000 -1.000000 0.000000
2014-08-12T00:00:00Z 294.150000 1005.000000 73.000000 1.000000 70.000000 -1.000000 0.000000
2014-08-12T01:00:00Z 294.150000 1005.000000 73.000000 1.000000 70.000000 -1.000000 0.000000
2014-08-12T08:00:00Z 301.150000 1007.000000 34.000000 3.000000 40.000000 -1.000000 0.000000
2014-08-12T09:00:00Z 301.150000 1007.000000 34.000000 3.000000 40.000000 -1.000000 0.000000
2014-08-12T10:00:00Z 303.150000 1007.000000 33.000000 2.000000 20.000000 -1.000000 0.000000
2014-08-12T11:00:00Z 305.150000 1007.000000 29.000000 3.000000 120.000000 -1.000000 0.000000
2014-08-12T12:00:00Z 305.150000 1006.000000 29.000000 3.000000 120.000000 -1.000000 0.000000
2014-08-12T13:00:00Z 305.150000 1006.000000 29.000000 3.000000 120.000000 -1.000000 0.000000
2014-08-12T14:00:00Z 306.150000 1005.000000 27.000000 3.000000 0.000000 -1.000000 0.000000
2014-08-12T15:00:00Z 305.150000 1004.000000 31.000000 2.000000 140.000000 -1.000000 0.000000
2014-08-12T16:00:00Z 305.150000 1004.000000 29.000000 2.000000 110.000000 -1.000000 0.000000
2014-08-12T17:00:00Z 304.150000 1004.000000 33.000000 2.000000 150.000000 -1.000000 0.000000
2014-08-12T18:00:00Z 304.150000 1004.000000 33.000000 2.000000 150.000000 -1.000000 0.000000
2014-08-12T19:00:00Z 300.150000 1005.000000 54.000000 1.000000 0.000000 -1.000000 0.000000
2014-08-12T20:00:00Z 299.150000 1006.000000 61.000000 1.000000 100.000000 -1.000000 0.000000
2014-08-12T21:00:00Z 299.150000 1006.000000 57.000000 2.000000 90.000000 -1.000000 0.000000
2014-08-12T22:00:00Z 301.150000 1006.000000 45.000000 5.000000 320.000000 -1.000000 0.000000
2014-08-12T23:00:00Z 301.150000 1006.000000 45.000000 5.000000 320.000000 -1.000000 0.000000
2014-08-13T09:00:00Z 293.150000 1009.000000 88.000000 2.000000 70.000000 -1.000000 90.000000
2014-08-13T10:00:00Z 293.150000 1009.000000 88.000000 2.000000 70.000000 -1.000000 90.000000
2014-08-13T11:00:00Z 293.150000 1009.000000 94.000000 2.000000 40.000000 -1.000000 20.000000
2014-08-13T12:00:00Z 292.150000 1009.000000 93.000000 3.000000 20.000000 -1.000000 90.000000
2014-08-13T13:00:00Z 292.150000 1009.000000 93.000000 3.000000 20.000000 -1.000000 90.000000
2014-08-13T14:00:00Z 292.150000 1009.000000 93.000000 2.000000 360.000000 -1.000000 90.000000
2014-08-13T15:00:00Z 294.150000 1008.000000 83.000000 4.000000 10.000000 -1.000000 20.000000
2014-08-13T16:00:00Z 296.150000 1008.000000 78.000000 2.000000 10.000000 -1.000000 0.000000
2014-08-13T17:00:00Z 295.150000 1008.000000 78.000000 2.000000 10.000000 -1.000000 0.000000
2014-08-13T18:00:00Z 295.150000 1008.000000 78.000000 2.000000 10.000000 -1.000000 0.000000
2014-08-13T19:00:00Z 295.150000 1008.000000 78.000000 2.000000 10.000000 -1.000000 0.000000
2014-08-13T20:00:00Z 293.150000 1008.000000 82.000000 1.610000 137.508000 -1.000000 0.000000
2014-08-13T21:00:00Z 293.150000 1009.000000 88.000000 1.000000 0.000000 -1.000000 0.000000
2014-08-13T22:00:00Z 292.150000 1009.000000 88.000000 1.000000 0.000000 -1.000000 0.000000
2014-08-13T23:00:00Z 291.150000 1009.000000 93.000000 1.000000 40.000000 -1.000000 0.000000
2014-08-14T00:00:00Z 291.150000 1009.000000 93.000000 2.000000 10.000000 -1.000000 0.000000
2014-08-14T01:00:00Z 291.150000 1009.000000 88.000000 1.000000 0.000000 -1.000000 0.000000
2014-08-14T02:00:00Z 291.150000 1009.000000 88.000000 1.000000 0.000000 -1.000000 0.000000
2014-08-14T03:00:00Z 290.150000 1009.000000 93.000000 2.000000 350.000000 -1.000000 0.000000
2014-08-14T04:00:00Z 290.150000 1008.000000 93.000000 3.000000 350.000000 -1.000000 0.000000
2014-08-14T05:00:00Z 289.150000 1009.000000 93.000000 1.000000 0.000000 -1.000000 0.000000
2014-08-14T06:00:00Z 289.150000 1009.000000 93.000000 1.000000 0.000000 -1.000000 0.000000
2014-08-14T07:00:00Z 291.150000 1009.000000 93.000000 2.000000 350.000000 -1.000000 0.000000
2014-08-14T08:00:00Z 295.150000 1009.000000 73.000000 3.000000 350.000000 -1.000000 0.000000
2014-08-14T09:00:00Z 296.150000 1009.000000 69.000000 2.000000 330.000000 -1.000000 0.000000
2014-08-14T10:00:00Z 299.150000 1008.000000 57.000000 1.000000 0.000000 -1.000000 0.000000
2014-08-14T11:00:00Z 299.150000 1008.000000 57.000000 1.000000 0.000000 -1.000000 0.000000
2014-08-14T12:00:00Z 301.150000 1007.000000 51.000000 3.000000 130.000000 -1.000000 0.000000
2014-08-14T13:00:00Z 301.150000 1007.000000 51.000000 3.000000 130.000000 -1.000000 0.000000
2014-08-14T14:00:00Z 302.150000 1007.000000 48.000000 4.000000 190.000000 -1.000000 0.000000
2014-08-14T15:00:00Z 303.150000 1006.000000 48.000000 5.000000 150.000000 -1.000000 0.000000
2014-08-14T16:00:00Z 303.150000 1005.000000 48.000000 5.000000 170.000000 -1.000000 0.000000
2014-08-14T17:00:00Z 302.150000 1005.000000 48.000000 5.000000 180.000000 -1.000000 0.000000
2014-08-14T18:00:00Z 302.150000 1005.000000 48.000000 5.000000 200.000000 -1.000000 0.000000
2014-08-14T19:00:00Z 301.150000 1006.000000 51.000000 5.000000 240.000000 -1.000000 40.000000
2014-08-14T20:00:00Z 300.150000 1006.000000 57.000000 3.000000 200.000000 -1.000000 0.000000
2014-08-14T21:00:00Z 300.150000 1006.000000 57.000000 3.000000 200.000000 -1.000000 0.000000
2014-08-14T22:00:00Z 296.150000 1006.000000 64.000000 1.000000 0.000000 -1.000000 0.000000
2014-08-14T23:00:00Z 294.150000 1007.000000 83.000000 1.000000 0.000000 -1.000000 0.000000
2014-08-15T00:00:00Z 293.150000 1007.000000 82.000000 1.000000 60.000000 -1.000000 0.000000
2014-08-15T01:00:00Z 293.150000 1007.000000 82.000000 1.000000 60.000000 -1.000000 0.000000
2014-08-15T02:00:00Z 292.150000 1006.000000 93.000000 1.000000 30.000000 -1.000000 0.000000
2014-08-15T03:00:00Z 292.150000 1006.000000 88.000000 2.000000 350.000000 -1.000000 0.000000
2014-08-15T04:00:00Z 291.150000 1006.000000 93.000000 3.810000 211.000000 -1.000000 0.000000
2014-08-15T05:00:00Z 291.150000 1006.000000 93.000000 3.810000 211.000000 -1.000000 0.000000
2014-08-15T06:00:00Z 292.150000 1007.000000 88.000000 1.000000 0.000000 -1.000000 0.000000
2014-08-15T07:00:00Z 294.150000 1008.000000 88.000000 1.000000 0.000000 -1.000000 0.000000
2014-08-15T08:00:00Z 297.150000 1008.000000 78.000000 2.000000 60.000000 -1.000000 0.000000
2014-08-15T09:00:00Z 297.150000 1008.000000 78.000000 2.000000 60.000000 -1.000000 0.000000
2014-08-15T10:00:00Z 299.150000 1008.000000 65.000000 2.000000 40.000000 -1.000000 0.000000
2014-08-24T15:00:00Z 304.240000 1006.000000 29.000000 2.000000 0.000000 -1.000000 0.000000
2014-08-24T16:00:00Z 304.530000 1005.000000 27.000000 2.000000 0.000000 -1.000000 0.000000
2014-08-24T17:00:00Z 304.530000 1005.000000 27.000000 2.000000 0.000000 -1.000000 0.000000
2014-08-24T18:00:00Z 302.810000 1006.000000 48.000000 2.000000 100.000000 -1.000000 0.000000
2014-08-24T19:00:00Z 302.810000 1006.000000 48.000000 2.000000 100.000000 -1.000000 0.000000
2014-08-24T20:00:00Z 302.180000 1008.000000 65.000000 3.000000 120.000000 -1.000000 0.000000
2014-08-24T21:00:00Z 302.130000 1009.000000 65.000000 2.000000 90.000000 -1.000000 0.000000
2014-08-24T22:00:00Z 302.130000 1009.000000 65.000000 2.000000 90.000000 -1.000000 0.000000
2014-08-24T23:00:00Z 298.840000 1010.000000 64.000000 2.000000 100.000000 -1.000000 0.000000
2014-08-25T00:00:00Z 300.630000 1010.000000 73.000000 2.000000 70.000000 -1.000000 0.000000
2014-08-25T01:00:00Z 300.640000 1010.000000 78.000000 1.000000 40.000000 -1.000000 0.000000
2014-08-25T02:00:00Z 300.640000 1010.000000 78.000000 1.000000 40.000000 -1.000000 0.000000
2014-08-26T12:00:00Z 304.230000 1014.000000 25.000000 1.000000 0.000000 -1.000000 0.000000
2014-08-26T13:00:00Z 304.340000 1013.000000 22.000000 1.000000 0.000000 -1.000000 0.000000
2014-08-26T14:00:00Z 304.100000 1013.000000 18.000000 2.000000 60.000000 -1.000000 0.000000
2014-08-26T17:00:00Z 304.580000 1011.000000 16.000000 1.000000 0.000000 -1.000000 0.000000
2014-08-26T18:00:00Z 304.580000 1011.000000 16.000000 1.000000 0.000000 -1.000000 0.000000
2014-08-26T19:00:00Z 303.870000 1011.000000 22.000000 2.000000 150.000000 -1.000000 0.000000
2014-08-26T20:00:00Z 303.150000 1012.000000 23.000000 4.000000 180.000000 -1.000000 0.000000
2014-08-26T21:00:00Z 303.150000 1012.000000 25.000000 3.000000 200.000000 -1.000000 0.000000
2014-08-26T22:00:00Z 301.770000 1012.000000 27.000000 4.000000 210.000000 -1.000000 0.000000
2014-08-26T23:00:00Z 298.250000 1013.000000 56.000000 2.000000 70.000000 -1.000000 0.000000
2014-08-27T00:00:00Z 297.020000 1013.000000 64.000000 2.000000 80.000000 -1.000000 0.000000
2014-08-27T01:00:00Z 297.020000 1013.000000 64.000000 2.000000 80.000000 -1.000000 0.000000
2014-08-27T02:00:00Z 297.220000 1013.000000 72.000000 1.460000 226.500000 -1.000000 0.000000
2014-08-27T03:00:00Z 296.860000 1013.000000 77.000000 1.000000 0.000000 -1.000000 0.000000
2014-08-27T04:00:00Z 296.650000 1013.000000 77.000000 1.000000 0.000000 -1.000000 0.000000
2014-08-27T05:00:00Z 296.650000 1013.000000 77.000000 1.000000 0.000000 -1.000000 0.000000
2014-08-27T06:00:00Z 296.880000 1013.000000 77.000000 1.000000 0.000000 -1.000000 0.000000
2014-08-27T07:00:00Z 297.760000 1014.000000 72.000000 2.000000 360.000000 -1.000000 0.000000
2014-08-27T08:00:00Z 299.820000 1014.000000 53.000000 3.000000 360.000000 -1.000000 0.000000
2014-08-27T09:00:00Z 301.370000 1014.000000 42.000000 2.000000 40.000000 -1.000000 0.000000
2014-08-27T10:00:00Z 301.370000 1014.000000 42.000000 2.000000 40.000000 -1.000000 0.000000
2014-08-27T17:00:00Z 304.780000 1012.000000 33.000000 3.000000 190.000000 -1.000000 0.000000
2014-08-27T18:00:00Z 304.780000 1012.000000 33.000000 3.000000 190.000000 -1.000000 0.000000
2014-08-27T19:00:00Z 304.490000 1012.000000 39.000000 2.000000 160.000000 -1.000000 0.000000
2014-08-27T20:00:00Z 304.490000 1012.000000 39.000000 2.000000 160.000000 -1.000000 0.000000
2014-08-27T21:00:00Z 303.250000 1013.000000 57.000000 1.000000 0.000000 -1.000000 0.000000
2014-08-27T22:00:00Z 302.710000 1013.000000 64.000000 2.000000 130.000000 -1.000000 0.000000
2014-08-27T23:00:00Z 303.190000 1013.000000 54.000000 2.000000 160.000000 -1.000000 0.000000
2014-08-28T00:00:00Z 302.760000 1013.000000 57.000000 1.000000 150.000000 -1.000000 0.000000
2014-08-28T01:00:00Z 302.020000 1013.000000 64.000000 2.000000 80.000000 -1.000000 0.000000
2014-08-28T02:00:00Z 302.020000 1013.000000 64.000000 2.000000 80.000000 -1.000000 0.000000
2014-08-28T03:00:00Z 301.420000 1013.000000 69.000000 1.000000 80.000000 -1.000000 0.000000
2014-08-28T04:00:00Z 301.780000 1013.000000 60.000000 1.000000 0.000000 -1.000000 0.000000
2014-08-28T05:00:00Z 300.830000 1014.000000 78.000000 1.000000 50.000000 -1.000000 0.000000
2014-09-08T16:00:00Z 305.090000 1008.000000 25.000000 2.000000 140.000000 -1.000000 0.000000
2014-09-08T17:00:00Z 304.470000 1008.000000 25.000000 2.000000 170.000000 -1.000000 0.000000
2014-09-08T18:00:00Z 304.470000 1008.000000 25.000000 2.000000 170.000000 -1.000000 0.000000
2014-09-08T19:00:00Z 302.870000 1008.000000 36.000000 3.000000 170.000000 -1.000000 0.000000
2014-09-08T20:00:00Z 301.790000 1009.000000 38.000000 3.000000 180.000000 -1.000000 0.000000
2014-09-08T21:00:00Z 300.430000 1009.000000 36.000000 3.000000 190.000000 -1.000000 0.000000
2014-09-08T22:00:00Z 299.400000 1009.000000 68.000000 1.000000 0.000000 -1.000000 0.000000
2014-09-08T23:00:00Z 299.400000 1009.000000 68.000000 1.000000 0.000000 -1.000000 0.000000
2014-09-09T00:00:00Z 299.500000 1009.000000 77.000000 1.000000 0.000000 -1.000000 0.000000
2014-09-09T01:00:00Z 298.050000 1009.000000 77.000000 1.000000 0.000000 -1.000000 0.000000
2014-09-09T02:00:00Z 296.780000 1009.000000 82.000000 1.000000 40.000000 -1.000000 0.000000
2014-09-09T03:00:00Z 295.520000 1009.000000 87.000000 1.000000 10.000000 -1.000000 0.000000
2014-09-09T04:00:00Z 295.520000 1009.000000 87.000000 1.000000 10.000000 -1.000000 0.000000
2014-09-09T05:00:00Z 295.610000 1010.000000 93.000000 2.000000 360.000000 -1.000000 0.000000
2014-09-09T06:00:00Z 294.920000 1010.000000 93.000000 1.000000 360.000000 -1.000000 0.000000
2014-09-09T07:00:00Z 294.920000 1010.000000 93.000000 1.000000 360.000000 -1.000000 0.000000
2014-09-09T08:00:00Z 296.070000 1010.000000 77.000000 2.000000 10.000000 -1.000000 0.000000
2014-09-09T09:00:00Z 298.090000 1011.000000 56.000000 2.000000 360.000000 -1.000000 0.000000
2014-09-09T10:00:00Z 300.580000 1011.000000 47.000000 1.000000 0.000000 -1.000000 0.000000
2014-09-09T11:00:00Z 300.580000 1011.000000 47.000000 1.000000 0.000000 -1.000000 0.000000
2014-09-09T12:00:00Z 301.160000 1011.000000 41.000000 1.000000 0.000000 -1.000000 0.000000
2014-09-02T12:00:00Z 297.660000 1010.000000 94.000000 2.000000 50.000000 -1.000000 40.000000
2014-09-02T13:00:00Z 297.660000 1010.000000 94.000000 2.000000 50.000000 -1.000000 40.000000
2014-09-02T14:00:00Z 299.590000 1010.000000 78.000000 2.000000 30.000000 -1.000000 40.000000
2014-09-02T15:00:00Z 299.590000 1010.000000 78.000000 2.000000 30.000000 -1.000000 40.000000
2014-09-02T16:00:00Z 296.630000 1010.000000 94.000000 3.000000 120.000000 -1.000000 40.000000
2014-09-02T17:00:00Z 296.630000 1010.000000 94.000000 3.000000 120.000000 -1.000000 40.000000
2014-09-02T18:00:00Z 297.880000 1011.000000 88.000000 3.000000 20.000000 -1.000000 40.000000
2014-09-02T19:00:00Z 297.650000 1011.000000 88.000000 4.000000 350.000000 -1.000000 40.000000
2014-09-02T20:00:00Z 297.650000 1011.000000 88.000000 4.000000 350.000000 -1.000000 40.000000
2014-09-02T21:00:00Z 297.620000 1011.000000 77.000000 4.000000 30.000000 -1.000000 0.000000
2014-09-02T22:00:00Z 297.260000 1012.000000 73.000000 2.000000 50.000000 -1.000000 0.000000
2014-09-02T23:00:00Z 296.780000 1012.000000 88.000000 3.000000 350.000000 -1.000000 0.000000
2014-09-03T00:00:00Z 296.780000 1012.000000 88.000000 3.000000 350.000000 -1.000000 0.000000
2014-09-03T01:00:00Z 296.040000 1012.000000 88.000000 1.670000 349.503000 -1.000000 0.000000
2014-09-03T02:00:00Z 295.820000 1011.000000 93.000000 3.000000 360.000000 -1.000000 0.000000
2014-09-03T03:00:00Z 295.330000 1011.000000 93.000000 2.000000 10.000000 -1.000000 0.000000
2014-09-03T04:00:00Z 295.280000 1011.000000 93.000000 3.000000 350.000000 -1.000000 0.000000
2014-09-03T05:00:00Z 295.280000 1011.000000 93.000000 3.000000 350.000000 -1.000000 0.000000
2014-09-03T06:00:00Z 294.660000 1011.000000 93.000000 3.000000 350.000000 -1.000000 0.000000
2014-09-03T07:00:00Z 294.760000 1011.000000 88.000000 3.000000 340.000000 -1.000000 0.000000
2014-09-03T08:00:00Z 295.970000 1012.000000 77.000000 4.000000 340.000000 -1.000000 0.000000
2014-09-03T09:00:00Z 296.200000 1012.000000 73.000000 3.000000 360.000000 -1.000000 0.000000
2014-09-03T10:00:00Z 299.220000 1012.000000 57.000000 3.000000 350.000000 -1.000000 0.000000
2014-09-03T13:00:00Z 302.990000 1009.000000 37.000000 2.000000 260.000000 -1.000000 0.000000
2014-09-03T14:00:00Z 302.990000 1009.000000 37.000000 2.000000 260.000000 -1.000000 0.000000
2014-09-03T15:00:00Z 303.180000 1008.000000 32.000000 3.000000 190.000000 -1.000000 0.000000
2014-09-03T16:00:00Z 304.550000 1007.000000 27.000000 1.000000 0.000000 -1.000000 0.000000
2014-09-03T17:00:00Z 304.550000 1007.000000 27.000000 1.000000 0.000000 -1.000000 0.000000
2014-09-03T18:00:00Z 303.010000 1006.000000 39.000000 4.000000 210.000000 -1.000000 0.000000
2014-09-03T19:00:00Z 301.930000 1006.000000 42.000000 5.000000 210.000000 -1.000000 0.000000
2014-09-03T20:00:00Z 301.930000 1006.000000 42.000000 5.000000 210.000000 -1.000000 0.000000
2014-09-03T21:00:00Z 301.930000 1006.000000 42.000000 5.000000 210.000000 -1.000000 0.000000
2014-09-03T22:00:00Z 298.740000 1007.000000 68.000000 1.000000 0.000000 -1.000000 0.000000
2014-09-03T23:00:00Z 298.740000 1007.000000 68.000000 1.000000 0.000000 -1.000000 0.000000
2014-09-12T06:00:00Z 296.770000 1014.000000 100.000000 1.000000 0.000000 -1.000000 92.000000
2014-09-12T07:00:00Z 296.770000 1014.000000 100.000000 1.000000 0.000000 -1.000000 92.000000
2014-09-12T08:00:00Z 296.840000 1016.000000 88.000000 2.000000 130.000000 -1.000000 0.000000
2014-09-12T09:00:00Z 296.840000 1016.000000 88.000000 2.000000 130.000000 -1.000000 0.000000
2014-09-12T10:00:00Z 296.840000 1016.000000 88.000000 2.000000 130.000000 -1.000000 0.000000
2014-09-12T11:00:00Z 296.840000 1016.000000 88.000000 2.000000 130.000000 -1.000000 0.000000
2014-09-12T12:00:00Z 298.630000 1015.000000 78.000000 1.000000 0.000000 -1.000000 0.000000
2014-09-12T13:00:00Z 298.630000 1015.000000 78.000000 1.000000 0.000000 -1.000000 0.000000
2014-09-12T14:00:00Z 299.650000 1014.000000 64.000000 1.000000 0.000000 -1.000000 80.000000
2014-09-12T15:00:00Z 299.650000 1014.000000 64.000000 1.000000 0.000000 -1.000000 80.000000
2014-09-12T16:00:00Z 299.300000 1014.000000 64.000000 2.000000 120.000000 -1.000000 0.000000
2014-09-12T17:00:00Z 299.040000 1014.000000 60.000000 2.000000 110.000000 -1.000000 80.000000
2014-09-12T18:00:00Z 298.620000 1014.000000 64.000000 2.000000 110.000000 -1.000000 0.000000
2014-09-12T19:00:00Z 298.620000 1014.000000 64.000000 2.000000 110.000000 -1.000000 0.000000
2014-09-12T20:00:00Z 298.320000 1014.000000 73.000000 2.000000 150.000000 -1.000000 76.000000
2014-09-12T21:00:00Z 298.040000 1015.000000 77.000000 2.000000 150.000000 -1.000000 64.000000
2014-09-12T22:00:00Z 298.040000 1015.000000 77.000000 2.000000 150.000000 -1.000000 64.000000
2014-09-12T23:00:00Z 299.130000 1010.000000 52.000000 1.360000 229.003000 0.000000 64.000000
2014-09-13T00:00:00Z 299.130000 1010.000000 52.000000 1.360000 229.003000 0.000000 64.000000
2014-09-13T01:00:00Z 298.360000 1010.000000 54.000000 1.300000 231.501000 -1.000000 48.000000
2014-09-13T02:00:00Z 298.360000 1010.000000 56.000000 1.960000 200.502000 0.000000 0.000000
2014-09-13T03:00:00Z 298.360000 1010.000000 56.000000 1.960000 200.502000 0.000000 0.000000
2014-09-13T04:00:00Z 298.360000 1010.000000 56.000000 1.960000 200.502000 0.000000 0.000000
2014-09-13T05:00:00Z 298.150000 1011.000000 60.000000 1.760000 254.003000 0.000000 76.000000
2014-09-13T06:00:00Z 298.150000 1011.000000 60.000000 1.760000 254.003000 0.000000 76.000000
2014-09-13T07:00:00Z 298.150000 1011.000000 60.000000 1.760000 254.003000 0.000000 76.000000
2014-09-13T08:00:00Z 298.360000 1011.000000 59.000000 1.760000 254.003000 0.000000 76.000000
2014-09-13T09:00:00Z 298.360000 1011.000000 59.000000 1.760000 254.003000 0.000000 76.000000
2014-09-13T10:00:00Z 299.620000 1011.000000 51.000000 3.210000 209.001000 0.000000 0.000000
2014-09-14T08:00:00Z 296.990000 1016.000000 77.000000 4.000000 360.000000 -1.000000 88.000000
2014-09-14T09:00:00Z 297.020000 1017.000000 77.000000 3.000000 10.000000 -1.000000 88.000000
2014-09-14T10:00:00Z 297.410000 1018.000000 49.000000 4.000000 30.000000 -1.000000 0.000000
2014-09-14T11:00:00Z 297.410000 1018.000000 49.000000 4.000000 30.000000 -1.000000 0.000000
2014-09-14T12:00:00Z 297.750000 1019.000000 30.000000 3.000000 30.000000 -1.000000 0.000000
2014-09-14T13:00:00Z 297.750000 1019.000000 30.000000 3.000000 30.000000 -1.000000 0.000000
2014-09-14T14:00:00Z 297.760000 1018.000000 33.000000 3.000000 30.000000 -1.000000 0.000000
2014-09-14T15:00:00Z 298.480000 1018.000000 33.000000 3.000000 10.000000 -1.000000 0.000000
2014-09-14T16:00:00Z 298.480000 1018.000000 33.000000 3.000000 10.000000 -1.000000 0.000000
2014-09-14T17:00:00Z 299.110000 1018.000000 31.000000 2.000000 30.000000 -1.000000 0.000000
2014-09-14T18:00:00Z 297.800000 1018.000000 43.000000 1.000000 0.000000 -1.000000 0.000000
2014-09-14T19:00:00Z 297.800000 1018.000000 43.000000 1.000000 0.000000 -1.000000 0.000000
2014-09-14T20:00:00Z 296.300000 1018.000000 77.000000 1.000000 0.000000 -1.000000 0.000000
2014-09-14T21:00:00Z 296.300000 1018.000000 77.000000 1.000000 0.000000 -1.000000 0.000000
2014-09-14T22:00:00Z 297.140000 1019.000000 40.000000 3.000000 210.000000 -1.000000 0.000000
2014-09-14T23:00:00Z 295.660000 1019.000000 82.000000 1.000000 0.000000 -1.000000 0.000000
2014-09-15T00:00:00Z 294.950000 1019.000000 82.000000 1.000000 60.000000 -1.000000 0.000000
2014-09-15T01:00:00Z 294.950000 1019.000000 82.000000 1.000000 60.000000 -1.000000 0.000000
2014-09-15T02:00:00Z 294.350000 1019.000000 87.000000 1.000000 0.000000 -1.000000 0.000000
2014-09-15T03:00:00Z 294.520000 1019.000000 87.000000 2.000000 350.000000 -1.000000 0.000000
2014-09-15T04:00:00Z 294.520000 1019.000000 87.000000 2.000000 350.000000 -1.000000 0.000000
2014-09-15T05:00:00Z 293.050000 1020.000000 76.000000 3.000000 340.000000 -1.000000 0.000000
2014-09-15T06:00:00Z 293.050000 1020.000000 76.000000 3.000000 340.000000 -1.000000 0.000000
2014-09-15T07:00:00Z 292.240000 1020.000000 87.000000 3.000000 340.000000 -1.000000 0.000000
2014-09-15T08:00:00Z 295.360000 1020.000000 55.000000 4.000000 350.000000 -1.000000 0.000000
2014-09-15T09:00:00Z 295.360000 1020.000000 55.000000 4.000000 350.000000 -1.000000 0.000000
2014-09-15T10:00:00Z 296.920000 1021.000000 48.000000 2.000000 30.000000 -1.000000 0.000000
2014-09-15T11:00:00Z 299.840000 1020.000000 27.000000 3.000000 330.000000 -1.000000 0.000000
2014-09-15T12:00:00Z 299.840000 1020.000000 27.000000 3.000000 330.000000 -1.000000 0.000000
2014-09-15T13:00:00Z 301.580000 1019.000000 16.000000 4.000000 280.000000 -1.000000 0.000000
2014-09-15T14:00:00Z 303.480000 1017.000000 15.000000 4.000000 290.000000 -1.000000 0.000000
2014-09-15T15:00:00Z 303.480000 1017.000000 15.000000 4.000000 290.000000 -1.000000 0.000000
2014-09-15T16:00:00Z 303.500000 1016.000000 14.000000 4.000000 290.000000 -1.000000 0.000000
2014-09-15T17:00:00Z 303.500000 1016.000000 14.000000 4.000000 290.000000 -1.000000 0.000000
2014-09-15T18:00:00Z 300.450000 1016.000000 23.000000 4.000000 210.000000 -1.000000 0.000000
2014-09-15T19:00:00Z 300.450000 1016.000000 23.000000 4.000000 210.000000 -1.000000 0.000000
2014-09-15T20:00:00Z 299.680000 1016.000000 25.000000 5.000000 220.000000 -1.000000 0.000000
2014-09-15T21:00:00Z 299.680000 1016.000000 25.000000 5.000000 220.000000 -1.000000 0.000000
2014-09-15T22:00:00Z 299.190000 1017.000000 27.000000 5.000000 220.000000 -1.000000 0.000000
2014-09-15T23:00:00Z 296.400000 1017.000000 59.000000 1.000000 0.000000 -1.000000 0.000000
2014-09-16T00:00:00Z 296.400000 1017.000000 59.000000 1.000000 0.000000 -1.000000 0.000000
2014-09-16T01:00:00Z 295.060000 1018.000000 71.000000 1.000000 0.000000 -1.000000 0.000000
2014-09-16T02:00:00Z 295.060000 1018.000000 71.000000 1.000000 0.000000 -1.000000 0.000000
2014-09-16T03:00:00Z 294.170000 1018.000000 82.000000 1.000000 50.000000 -1.000000 0.000000
2014-09-16T04:00:00Z 294.110000 1018.000000 82.000000 1.000000 360.000000 -1.000000 0.000000
2014-09-16T05:00:00Z 293.360000 1018.000000 76.000000 4.000000 360.000000 -1.000000 0.000000
2014-09-16T06:00:00Z 293.360000 1018.000000 76.000000 4.000000 360.000000 -1.000000 0.000000
2014-09-16T07:00:00Z 293.120000 1018.000000 81.000000 3.000000 360.000000 -1.000000 0.000000
2014-09-16T08:00:00Z 295.200000 1019.000000 63.000000 2.000000 360.000000 -1.000000 0.000000
2014-09-16T09:00:00Z 296.280000 1019.000000 45.000000 3.000000 30.000000 -1.000000 0.000000
2014-09-16T10:00:00Z 296.400000 1019.000000 48.000000 2.000000 30.000000 -1.000000 0.000000
2014-09-16T11:00:00Z 296.400000 1019.000000 48.000000 2.000000 30.000000 -1.000000 0.000000
2014-09-16T12:00:00Z 297.520000 1018.000000 49.000000 1.000000 0.000000 -1.000000 0.000000
2014-09-16T13:00:00Z 297.430000 1018.000000 49.000000 1.000000 0.000000 -1.000000 0.000000
2014-09-16T14:00:00Z 297.460000 1018.000000 56.000000 1.000000 0.000000 -1.000000 0.000000
2014-09-16T15:00:00Z 297.460000 1018.000000 56.000000 1.000000 0.000000 -1.000000 0.000000
2014-09-16T16:00:00Z 297.430000 1017.000000 52.000000 1.000000 110.000000 -1.000000 0.000000
2014-09-16T17:00:00Z 296.750000 1018.000000 64.000000 1.000000 0.000000 -1.000000 0.000000
2014-09-16T18:00:00Z 296.750000 1018.000000 64.000000 1.000000 0.000000 -1.000000 0.000000
2014-09-16T19:00:00Z 296.750000 1018.000000 64.000000 1.000000 0.000000 -1.000000 0.000000
2014-09-16T20:00:00Z 296.750000 1018.000000 64.000000 1.000000 0.000000 -1.000000 0.000000
2014-09-16T21:00:00Z 296.750000 1018.000000 64.000000 1.000000 0.000000 -1.000000 0.000000
2014-09-16T22:00:00Z 296.750000 1018.000000 64.000000 1.000000 0.000000 -1.000000 0.000000
2014-09-16T23:00:00Z 296.750000 1018.000000 64.000000 1.000000 0.000000 -1.000000 0.000000
2014-09-17T00:00:00Z 296.750000 1018.000000 64.000000 1.000000 0.000000 -1.000000 0.000000
2014-09-17T01:00:00Z 294.140000 1021.000000 59.000000 1.000000 0.000000 -1.000000 0.000000
2014-09-17T02:00:00Z 294.140000 1021.000000 59.000000 1.000000 0.000000 -1.000000 0.000000
2014-09-17T03:00:00Z 294.140000 1021.000000 59.000000 1.000000 0.000000 -1.000000 0.000000
2014-09-17T04:00:00Z 294.140000 1021.000000 59.000000 1.000000 0.000000 -1.000000 0.000000
2014-09-17T05:00:00Z 294.140000 1021.000000 59.000000 1.000000 0.000000 -1.000000 0.000000
2014-09-17T06:00:00Z 294.140000 1021.000000 59.000000 1.000000 0.000000 -1.000000 0.000000
2014-09-17T07:00:00Z 294.140000 1021.000000 59.000000 1.000000 0.000000 -1.000000 0.000000
2014-09-17T08:00:00Z 294.140000 1021.000000 59.000000 1.000000 0.000000 -1.000000 0.000000
2014-09-17T09:00:00Z 294.140000 1021.000000 59.000000 1.000000 0.000000 -1.000000 0.000000
2014-09-17T10:00:00Z 294.140000 1021.000000 59.000000 1.000000 0.000000 -1.000000 0.000000
2014-09-17T11:00:00Z 294.140000 1021.000000 59.000000 1.000000 0.000000 -1.000000 0.000000
2014-09-17T12:00:00Z 294.140000 1021.000000 59.000000 1.000000 0.000000 -1.000000 0.000000
2014-09-17T13:00:00Z 297.660000 1019.000000 49.000000 2.000000 180.000000 -1.000000 0.000000
2014-09-17T14:00:00Z 297.660000 1019.000000 49.000000 2.000000 180.000000 -1.000000 0.000000
2014-10-12T16:00:00Z 291.150000 1030.000000 22.000000 5.000000 20.000000 -1.000000 0.000000
2014-10-12T19:00:00Z 286.150000 1030.000000 37.000000 3.000000 360.000000 -1.000000 0.000000
2014-10-12T20:00:00Z 286.150000 1030.000000 37.000000 3.000000 360.000000 -1.000000 0.000000
2014-10-12T21:00:00Z 286.150000 1030.000000 78.000000 3.000000 10.000000 -1.000000 0.000000
2014-10-12T22:00:00Z 283.150000 1031.000000 50.000000 4.000000 360.000000 -1.000000 0.000000
2014-10-12T23:00:00Z 282.150000 1031.000000 45.000000 3.000000 360.000000 -1.000000 0.000000
2014-10-13T00:00:00Z 282.150000 1031.000000 45.000000 3.000000 360.000000 -1.000000 0.000000
2014-10-13T01:00:00Z 281.150000 1031.000000 49.000000 3.000000 360.000000 -1.000000 0.000000
2014-10-13T02:00:00Z 279.150000 1031.000000 52.000000 3.000000 360.000000 -1.000000 0.000000
2014-10-13T03:00:00Z 280.150000 1030.000000 42.000000 2.000000 350.000000 -1.000000 0.000000
2014-10-13T04:00:00Z 280.150000 1030.000000 42.000000 2.000000 350.000000 -1.000000 0.000000
2014-10-13T05:00:00Z 276.150000 1030.000000 69.000000 2.000000 360.000000 -1.000000 0.000000
2014-10-13T06:00:00Z 276.150000 1030.000000 69.000000 2.000000 20.000000 -1.000000 0.000000
2014-10-13T07:00:00Z 280.150000 1030.000000 56.000000 3.000000 360.000000 -1.000000 0.000000
2014-10-13T08:00:00Z 280.150000 1030.000000 56.000000 3.000000 360.000000 -1.000000 0.000000
2014-10-13T09:00:00Z 285.150000 1031.000000 32.000000 3.000000 340.000000 -1.000000 0.000000
2014-10-13T10:00:00Z 287.150000 1030.000000 20.000000 4.000000 10.000000 -1.000000 0.000000
2014-10-13T11:00:00Z 289.150000 1028.000000 19.000000 3.000000 350.000000 -1.000000 0.000000
2014-10-13T12:00:00Z 289.150000 1028.000000 19.000000 3.000000 350.000000 -1.000000 0.000000
2014-10-13T13:00:00Z 290.150000 1027.000000 17.000000 3.000000 360.000000 -1.000000 0.000000
2014-10-13T14:00:00Z 290.150000 1025.000000 16.000000 2.000000 0.000000 -1.000000 0.000000
2014-10-13T15:00:00Z 290.150000 1024.000000 16.000000 1.000000 0.000000 -1.000000 0.000000
2014-10-13T16:00:00Z 290.150000 1024.000000 16.000000 1.000000 0.000000 -1.000000 0.000000
2014-10-13T17:00:00Z 288.150000 1023.000000 24.000000 2.000000 140.000000 -1.000000 0.000000
2014-10-13T18:00:00Z 284.150000 1023.000000 50.000000 1.000000 120.000000 -1.000000 0.000000
2014-10-13T19:00:00Z 281.150000 1023.000000 65.000000 2.000000 170.000000 -1.000000 0.000000
2014-10-13T20:00:00Z 280.150000 1023.000000 70.000000 1.000000 0.000000 -1.000000 0.000000
2014-10-13T21:00:00Z 280.150000 1023.000000 70.000000 1.000000 0.000000 -1.000000 0.000000
2014-10-13T22:00:00Z 279.150000 1023.000000 81.000000 1.000000 0.000000 -1.000000 0.000000
2014-10-13T23:00:00Z 278.150000 1023.000000 80.000000 1.000000 0.000000 -1.000000 0.000000
2014-10-14T00:00:00Z 278.150000 1023.000000 80.000000 1.000000 0.000000 -1.000000 0.000000
2014-10-14T01:00:00Z 278.134000 1031.930000 72.000000 3.660000 231.000000 -1.000000 0.000000
2014-10-14T02:00:00Z 277.150000 1023.000000 86.000000 1.000000 0.000000 -1.000000 0.000000
2014-10-14T03:00:00Z 277.150000 1022.000000 80.000000 1.000000 20.000000 -1.000000 0.000000
2014-10-14T04:00:00Z 277.150000 1022.000000 80.000000 1.000000 20.000000 -1.000000 0.000000
2014-10-14T05:00:00Z 277.150000 1022.000000 76.000000 2.000000 350.000000 -1.000000 0.000000
2014-10-14T06:00:00Z 277.150000 1022.000000 77.000000 1.000000 0.000000 -1.000000 0.000000
2014-10-14T07:00:00Z 279.150000 1022.000000 70.000000 3.000000 350.000000 -1.000000 0.000000
2014-10-14T08:00:00Z 283.150000 1022.000000 68.000000 3.000000 340.000000 -1.000000 0.000000
2014-10-14T09:00:00Z 283.150000 1022.000000 68.000000 3.000000 340.000000 -1.000000 0.000000
2014-10-14T10:00:00Z 287.150000 1021.000000 35.000000 1.000000 0.000000 -1.000000 0.000000
2014-10-14T11:00:00Z 290.150000 1020.000000 29.000000 2.000000 210.000000 -1.000000 0.000000
2014-10-14T12:00:00Z 290.150000 1020.000000 29.000000 2.000000 210.000000 -1.000000 0.000000
2014-10-14T13:00:00Z 293.150000 1018.000000 24.000000 4.000000 200.000000 -1.000000 0.000000
2014-10-14T14:00:00Z 294.150000 1017.000000 58.000000 3.000000 210.000000 -1.000000 0.000000
2014-10-14T15:00:00Z 294.150000 1017.000000 58.000000 3.000000 210.000000 -1.000000 0.000000
2014-10-14T16:00:00Z 296.920000 1016.000000 21.000000 4.000000 220.000000 -1.000000 0.000000
2014-10-14T17:00:00Z 298.500000 1015.000000 22.000000 4.000000 220.000000 -1.000000 0.000000
2014-10-14T18:00:00Z 292.150000 1016.000000 60.000000 3.000000 190.000000 -1.000000 0.000000
2014-10-14T19:00:00Z 290.150000 1016.000000 36.000000 5.000000 180.000000 -1.000000 0.000000
2014-10-14T20:00:00Z 289.150000 1016.000000 38.000000 4.000000 180.000000 -1.000000 0.000000
2014-10-14T21:00:00Z 289.150000 1016.000000 38.000000 4.000000 180.000000 -1.000000 0.000000
2014-10-14T22:00:00Z 283.150000 1015.000000 76.000000 1.000000 0.000000 -1.000000 0.000000
2014-10-14T23:00:00Z 281.150000 1015.000000 81.000000 1.000000 0.000000 -1.000000 0.000000
2014-11-02T00:00:00Z 284.150000 1022.000000 21.000000 8.000000 340.000000 -1.000000 0.000000
2014-11-02T01:00:00Z 283.150000 1022.000000 19.000000 8.000000 340.000000 -1.000000 0.000000
2014-11-02T02:00:00Z 283.150000 1022.000000 19.000000 8.000000 340.000000 -1.000000 0.000000
2014-11-02T03:00:00Z 283.150000 1022.000000 18.000000 10.000000 320.000000 -1.000000 0.000000
2014-11-02T04:00:00Z 282.150000 1022.000000 23.000000 10.000000 320.000000 -1.000000 0.000000
2014-11-02T05:00:00Z 282.150000 1023.000000 24.000000 8.000000 320.000000 -1.000000 0.000000
2014-11-02T06:00:00Z 282.150000 1023.000000 24.000000 8.000000 320.000000 -1.000000 0.000000
2014-11-02T07:00:00Z 281.150000 1024.000000 26.000000 8.000000 320.000000 -1.000000 0.000000
2014-11-02T08:00:00Z 283.150000 1025.000000 27.000000 6.000000 320.000000 -1.000000 0.000000
2014-11-02T09:00:00Z 284.150000 1026.000000 23.000000 5.000000 280.000000 -1.000000 0.000000
2014-11-02T10:00:00Z 284.150000 1025.000000 21.000000 7.000000 300.000000 -1.000000 0.000000
2014-11-02T11:00:00Z 286.150000 1025.000000 19.000000 7.000000 290.000000 -1.000000 0.000000
2014-11-02T12:00:00Z 286.150000 1025.000000 19.000000 7.000000 290.000000 -1.000000 0.000000
2014-11-02T13:00:00Z 287.150000 1023.000000 15.000000 10.000000 280.000000 -1.000000 0.000000
2014-11-02T14:00:00Z 287.150000 1023.000000 15.000000 10.000000 280.000000 -1.000000 0.000000
2014-11-02T15:00:00Z 288.150000 1022.000000 13.000000 8.000000 290.000000 -1.000000 0.000000
2014-11-02T16:00:00Z 288.150000 1022.000000 13.000000 8.000000 290.000000 -1.000000 0.000000
2014-11-02T17:00:00Z 287.150000 1022.000000 15.000000 6.000000 290.000000 -1.000000 0.000000
2014-11-02T18:00:00Z 287.150000 1022.000000 15.000000 6.000000 290.000000 -1.000000 0.000000
2014-11-02T19:00:00Z 281.150000 1023.000000 33.000000 2.000000 10.000000 -1.000000 0.000000
2014-11-02T20:00:00Z 281.150000 1023.000000 33.000000 2.000000 10.000000 -1.000000 0.000000
2014-11-02T21:00:00Z 281.150000 1023.000000 33.000000 2.000000 10.000000 -1.000000 0.000000
2014-11-02T22:00:00Z 278.150000 1022.000000 48.000000 1.000000 0.000000 -1.000000 0.000000
2014-11-02T23:00:00Z 278.150000 1022.000000 52.000000 1.000000 0.000000 -1.000000 0.000000
