2013-06-02T15:00:00Z 298.410000 994.000000 67.000000 2.060000 162.000000 2.000000 12.000000
2013-06-02T16:00:00Z 298.410000 994.000000 67.000000 2.060000 162.000000 2.000000 12.000000
2013-06-02T17:00:00Z 299.150000 1002.000000 61.000000 3.000000 120.000000 2.000000 12.000000
2013-06-02T18:00:00Z 298.440000 1001.000000 65.000000 4.000000 100.000000 0.000000 0.000000
2013-06-02T19:00:00Z 298.150000 994.000000 65.000000 2.570000 126.000000 0.000000 0.000000
2013-06-02T20:00:00Z 297.150000 1002.000000 64.000000 4.000000 120.000000 0.000000 0.000000
2013-06-02T21:00:00Z 297.360000 995.000000 65.000000 1.540000 105.000000 0.000000 0.000000
2013-06-02T22:00:00Z 296.580000 995.000000 68.000000 1.030000 121.000000 0.000000 80.000000
2013-06-02T23:00:00Z 296.300000 996.000000 69.000000 0.510000 122.000000 0.000000 80.000000
2013-06-03T00:00:00Z 295.150000 1003.000000 73.000000 1.000000 0.000000 0.000000 32.000000
2013-06-03T01:00:00Z 293.570000 1003.000000 88.000000 1.000000 70.000000 0.000000 32.000000
2013-06-03T02:00:00Z 293.570000 1003.000000 88.000000 1.000000 70.000000 0.000000 32.000000
2013-06-03T03:00:00Z 292.530000 1003.000000 93.000000 1.000000 0.000000 0.500000 12.000000
2013-06-03T04:00:00Z 290.150000 1003.000000 88.000000 3.000000 360.000000 0.500000 12.000000
2013-06-03T05:00:00Z 291.680000 1003.000000 88.000000 3.000000 360.000000 0.500000 12.000000
2013-06-03T06:00:00Z 292.390000 1004.000000 88.000000 3.000000 350.000000 0.000000 0.000000
2013-06-03T07:00:00Z 295.390000 1005.000000 73.000000 2.000000 30.000000 0.000000 0.000000
2013-06-03T08:00:00Z 297.150000 1005.000000 64.000000 3.000000 30.000000 0.000000 0.000000
2013-06-03T09:00:00Z 298.950000 997.000000 63.000000 1.340000 0.000397 0.000000 0.000000
2013-06-03T10:00:00Z 300.540000 998.000000 54.000000 0.510000 101.000000 0.000000 0.000000
2013-06-03T11:00:00Z 300.540000 998.000000 54.000000 0.510000 101.000000 0.000000 0.000000
2013-06-03T12:00:00Z 304.200000 996.000000 33.000000 0.510000 323.000000 0.000000 0.000000
2013-06-03T13:00:00Z 306.310000 996.000000 22.000000 1.030000 46.000000 0.000000 0.000000
2013-06-03T14:00:00Z 307.100000 995.000000 19.000000 1.030000 301.000000 -1.000000 0.000000
2013-06-03T15:00:00Z 307.420000 1004.000000 13.000000 2.000000 0.000000 -1.000000 0.000000
2013-06-03T16:00:00Z 306.670000 1004.000000 15.000000 3.000000 140.000000 -1.000000 0.000000
2013-06-03T17:00:00Z 306.670000 1004.000000 15.000000 3.000000 140.000000 -1.000000 0.000000
2013-06-03T18:00:00Z 307.080000 1004.000000 15.000000 4.000000 190.000000 -1.000000 0.000000
2013-06-03T19:00:00Z 304.540000 1005.000000 29.000000 3.000000 200.000000 -1.000000 0.000000
2013-06-03T20:00:00Z 301.640000 1005.000000 50.000000 1.000000 0.000000 -1.000000 0.000000
2013-06-03T21:00:00Z 298.150000 1006.000000 50.000000 1.000000 0.000000 -1.000000 0.000000
2013-06-03T22:00:00Z 299.950000 1006.000000 50.000000 1.000000 160.000000 -1.000000 0.000000
2013-06-03T23:00:00Z 295.150000 1007.000000 60.000000 1.000000 60.000000 -1.000000 0.000000
2013-06-04T00:00:00Z 295.150000 1007.000000 56.000000 2.000000 90.000000 -1.000000 0.000000
2013-06-04T01:00:00Z 296.150000 1008.000000 49.000000 2.000000 100.000000 -1.000000 0.000000
2013-06-04T02:00:00Z 296.930000 1008.000000 49.000000 2.000000 100.000000 -1.000000 0.000000
2013-06-04T03:00:00Z 296.930000 1008.000000 49.000000 2.000000 100.000000 -1.000000 0.000000
2013-06-04T04:00:00Z 296.050000 1001.000000 70.000000 2.060000 132.000000 -1.000000 20.000000
2013-06-04T05:00:00Z 295.250000 1002.000000 69.000000 2.570000 97.000000 -1.000000 20.000000
2013-06-04T06:00:00Z 295.510000 1003.000000 69.000000 0.510000 112.000000 -1.000000 20.000000
2013-06-05T21:00:00Z 292.100000 1004.000000 89.000000 0.510000 61.000000 -1.000000 24.000000
2013-06-05T22:00:00Z 295.720000 1004.000000 89.000000 2.570000 92.000000 -1.000000 24.000000
2013-06-05T23:00:00Z 292.150000 1012.000000 88.000000 2.000000 140.000000 -1.000000 90.000000
2013-06-06T00:00:00Z 292.080000 1013.000000 88.000000 1.000000 0.000000 -1.000000 90.000000
2013-06-06T01:00:00Z 292.090000 1012.000000 88.000000 1.000000 130.000000 -1.000000 90.000000
2013-06-06T02:00:00Z 292.100000 1002.000000 89.000000 1.540000 198.000000 -1.000000 48.000000
2013-06-06T03:00:00Z 292.080000 1010.000000 88.000000 2.000000 160.000000 -1.000000 90.000000
2013-06-06T04:00:00Z 292.080000 1010.000000 88.000000 2.000000 160.000000 -1.000000 90.000000
2013-06-06T05:00:00Z 291.300000 1003.000000 95.000000 0.510000 151.000000 -1.000000 68.000000
2013-06-06T06:00:00Z 291.040000 1011.000000 93.000000 1.000000 160.000000 -1.000000 90.000000
2013-06-06T07:00:00Z 291.150000 1012.000000 93.000000 1.000000 160.000000 -1.000000 90.000000
2013-06-06T08:00:00Z 291.320000 1012.000000 100.000000 2.000000 130.000000 -1.000000 90.000000
2013-06-06T09:00:00Z 291.150000 1011.000000 100.000000 2.000000 120.000000 -1.000000 90.000000
2013-06-06T10:00:00Z 291.310000 1003.000000 96.000000 0.510000 63.000000 -1.000000 24.000000
2013-06-06T11:00:00Z 292.090000 1011.000000 93.000000 2.000000 110.000000 -1.000000 90.000000
2013-06-06T12:00:00Z 292.090000 1011.000000 93.000000 1.000000 0.000000 -1.000000 90.000000
2013-06-06T13:00:00Z 292.150000 1010.000000 93.000000 1.000000 0.000000 -1.000000 90.000000
2013-06-06T14:00:00Z 292.150000 1010.000000 100.000000 1.000000 0.000000 -1.000000 90.000000
2013-06-06T15:00:00Z 292.860000 1010.000000 94.000000 1.000000 0.000000 -1.000000 90.000000
2013-06-06T16:00:00Z 293.150000 1008.000000 94.000000 1.000000 0.000000 -1.000000 90.000000
2013-06-06T17:00:00Z 293.510000 1000.000000 93.000000 0.510000 40.000000 -1.000000 80.000000
2013-06-06T18:00:00Z 293.640000 1008.000000 88.000000 2.000000 350.000000 1.750000 90.000000
2013-06-06T19:00:00Z 293.150000 1009.000000 94.000000 3.000000 350.000000 1.750000 90.000000
2013-06-06T20:00:00Z 293.150000 1001.000000 94.000000 0.510000 319.000000 1.750000 68.000000
2013-06-06T21:00:00Z 293.150000 1009.000000 94.000000 2.000000 340.000000 3.250000 90.000000
2013-06-06T22:00:00Z 293.670000 1001.000000 93.000000 1.030000 323.000000 3.250000 92.000000
2013-06-06T23:00:00Z 293.150000 1009.000000 94.000000 1.000000 0.000000 3.250000 90.000000
2013-06-07T00:00:00Z 293.690000 1000.000000 94.000000 0.510000 275.000000 3.250000 92.000000
2013-06-07T01:00:00Z 293.150000 1000.000000 92.000000 1.500000 356.504000 0.500000 88.000000
2013-06-07T02:00:00Z 293.150000 1008.000000 94.000000 1.000000 10.000000 0.500000 90.000000
2013-06-07T03:00:00Z 293.150000 1007.000000 94.000000 1.410000 29.506600 1.500000 90.000000
2013-06-07T04:00:00Z 293.150000 1007.000000 94.000000 1.410000 29.506600 1.500000 90.000000
2013-06-07T05:00:00Z 293.900000 1007.000000 88.000000 2.000000 120.000000 1.500000 90.000000
2013-06-07T06:00:00Z 293.900000 1008.000000 88.000000 3.000000 120.000000 4.500000 90.000000
2013-06-07T07:00:00Z 293.900000 1008.000000 88.000000 3.000000 120.000000 4.500000 90.000000
2013-06-07T08:00:00Z 294.150000 1008.000000 83.000000 4.000000 120.000000 4.500000 75.000000
2013-06-07T09:00:00Z 293.670000 1001.000000 92.000000 1.030000 38.000000 -1.000000 92.000000
2013-06-07T10:00:00Z 293.670000 1001.000000 92.000000 1.030000 38.000000 -1.000000 92.000000
2013-06-07T11:00:00Z 292.360000 1000.000000 97.000000 2.060000 116.000000 -1.000000 92.000000
2013-06-07T12:00:00Z 293.150000 1008.000000 35.000000 2.060000 113.000000 -1.000000 92.000000
2013-06-07T13:00:00Z 293.450000 1009.000000 88.000000 1.000000 0.000000 -1.000000 90.000000
2013-06-07T14:00:00Z 294.150000 1008.000000 88.000000 2.000000 140.000000 0.250000 90.000000
2013-06-07T15:00:00Z 294.030000 1007.000000 40.000000 1.030000 172.000000 -1.000000 92.000000
2013-06-07T16:00:00Z 294.260000 1000.000000 92.000000 1.260000 333.009000 3.500000 80.000000
2013-06-07T17:00:00Z 294.150000 1007.000000 88.000000 2.000000 70.000000 3.500000 90.000000
2013-06-07T18:00:00Z 294.150000 1008.000000 83.000000 1.000000 0.000000 3.500000 90.000000
2013-06-07T19:00:00Z 293.910000 1008.000000 88.000000 1.000000 50.000000 0.500000 90.000000
2013-06-07T20:00:00Z 293.870000 1009.000000 88.000000 2.000000 350.000000 0.500000 90.000000
2013-06-07T21:00:00Z 293.930000 1009.000000 88.000000 2.000000 10.000000 0.500000 90.000000
2013-06-07T22:00:00Z 293.910000 1009.000000 88.000000 1.000000 0.000000 0.000000 90.000000
2013-06-07T23:00:00Z 293.440000 1009.000000 94.000000 2.000000 70.000000 0.000000 90.000000
2013-06-08T00:00:00Z 293.410000 1001.000000 93.000000 0.510000 337.000000 0.000000 88.000000
2013-06-08T01:00:00Z 293.150000 1009.000000 94.000000 2.000000 10.000000 0.000000 90.000000
2013-06-08T02:00:00Z 293.150000 1009.000000 94.000000 2.000000 10.000000 0.000000 90.000000
2013-06-08T03:00:00Z 292.850000 1008.000000 94.000000 1.000000 0.000000 0.750000 90.000000
2013-06-08T04:00:00Z 292.850000 1008.000000 94.000000 1.000000 0.000000 0.750000 90.000000
2013-06-08T05:00:00Z 292.880000 999.000000 98.000000 0.850000 347.006000 -1.000000 92.000000
2013-06-08T06:00:00Z 292.370000 1007.000000 93.000000 1.000000 0.000000 0.000000 90.000000
2013-06-08T07:00:00Z 292.880000 1000.000000 96.000000 1.030000 182.000000 0.000000 92.000000
2013-06-08T08:00:00Z 292.350000 1000.000000 94.000000 0.510000 91.000000 0.000000 92.000000
2013-06-08T09:00:00Z 292.890000 1000.000000 93.000000 1.760000 101.507000 0.000000 92.000000
2013-06-08T10:00:00Z 293.150000 1008.000000 88.000000 1.000000 0.000000 0.000000 90.000000
2013-06-08T11:00:00Z 294.150000 1008.000000 88.000000 3.000000 120.000000 0.000000 90.000000
2013-06-08T12:00:00Z 294.150000 1008.000000 88.000000 3.000000 120.000000 0.000000 90.000000
2013-06-08T13:00:00Z 294.200000 1000.000000 90.000000 0.510000 67.000000 1.000000 92.000000
2013-06-15T18:00:00Z 303.860000 1004.000000 68.000000 1.540000 178.000000 -1.000000 8.000000
2013-06-15T19:00:00Z 302.340000 1005.000000 74.000000 0.510000 213.000000 -1.000000 76.000000
2013-06-15T20:00:00Z 302.100000 1005.000000 77.000000 0.510000 223.000000 -1.000000 76.000000
2013-06-15T21:00:00Z 301.530000 1005.000000 85.000000 0.510000 50.000000 -1.000000 76.000000
2013-06-15T22:00:00Z 299.910000 1005.000000 82.000000 2.060000 160.000000 -1.000000 92.000000
2013-06-15T23:00:00Z 299.670000 1005.000000 80.000000 1.030000 80.000000 -1.000000 92.000000
2013-06-16T00:00:00Z 298.860000 1005.000000 81.000000 1.770000 171.001000 -1.000000 92.000000
2013-06-16T01:00:00Z 297.810000 1004.000000 88.000000 2.060000 149.000000 -1.000000 88.000000
2013-06-16T02:00:00Z 297.000000 1004.000000 89.000000 1.320000 140.004000 -1.000000 88.000000
2013-06-16T03:00:00Z 296.990000 1004.000000 90.000000 1.540000 77.000000 -1.000000 88.000000
2013-06-16T04:00:00Z 297.570000 1004.000000 88.000000 1.030000 0.000000 -1.000000 92.000000
2013-06-16T05:00:00Z 296.520000 1004.000000 93.000000 0.510000 307.000000 -1.000000 92.000000
2013-06-16T06:00:00Z 296.750000 1004.000000 92.000000 1.030000 73.000000 -1.000000 92.000000
2013-06-16T07:00:00Z 296.750000 1004.000000 92.000000 0.510000 323.000000 -1.000000 56.000000
2013-06-26T02:00:00Z 295.150000 999.000000 94.000000 2.000000 50.000000 7.500000 90.000000
2013-06-26T03:00:00Z 294.150000 998.000000 88.000000 1.000000 0.000000 0.500000 90.000000
2013-06-26T04:00:00Z 294.150000 998.000000 88.000000 1.000000 0.000000 0.500000 90.000000
2013-06-26T05:00:00Z 294.150000 998.000000 94.000000 1.000000 0.000000 0.500000 90.000000
2013-06-26T06:00:00Z 294.150000 998.000000 94.000000 1.000000 0.000000 0.500000 90.000000
2013-06-26T07:00:00Z 295.150000 998.000000 94.000000 1.000000 0.000000 0.000000 90.000000
2013-06-26T08:00:00Z 296.170000 998.000000 94.000000 1.000000 0.000000 0.000000 90.000000
2013-06-28T06:00:00Z 298.620000 1001.000000 24.000000 0.510000 133.000000 -1.000000 0.000000
2013-06-28T07:00:00Z 299.240000 1001.000000 23.000000 1.540000 127.000000 -1.000000 0.000000
2013-06-28T08:00:00Z 299.850000 1001.000000 21.000000 1.540000 47.000000 -1.000000 0.000000
2013-06-28T09:00:00Z 299.250000 1001.000000 23.000000 1.540000 133.000000 -1.000000 0.000000
2013-06-28T10:00:00Z 301.170000 1001.000000 27.000000 1.030000 146.000000 -1.000000 12.000000
2013-06-28T11:00:00Z 302.230000 1002.000000 22.000000 0.510000 106.000000 -1.000000 12.000000
2013-06-28T12:00:00Z 300.810000 1001.000000 22.000000 2.060000 127.000000 -1.000000 12.000000
2013-06-28T13:00:00Z 299.600000 1001.000000 21.000000 3.080000 133.000000 -1.000000 20.000000
2013-06-28T14:00:00Z 299.310000 1000.000000 20.000000 1.540000 143.000000 -1.000000 20.000000
2013-06-28T15:00:00Z 298.170000 1000.000000 16.000000 3.080000 133.000000 -1.000000 12.000000
2013-06-28T16:00:00Z 297.960000 999.000000 15.000000 0.510000 178.000000 4.000000 24.000000
2013-06-28T17:00:00Z 296.720000 999.000000 74.000000 2.000000 140.000000 4.000000 24.000000
2013-06-28T18:00:00Z 297.080000 999.000000 25.000000 1.670000 174.001000 4.000000 24.000000
2013-06-28T19:00:00Z 296.440000 1000.000000 25.000000 1.030000 292.000000 0.500000 0.000000
2013-06-28T20:00:00Z 300.010000 1000.000000 26.000000 1.030000 312.000000 0.500000 0.000000
2013-06-28T21:00:00Z 299.440000 1002.000000 28.000000 2.570000 298.000000 0.500000 0.000000
2013-06-28T22:00:00Z 293.760000 1002.000000 94.000000 2.000000 10.000000 1.500000 75.000000
2013-06-28T23:00:00Z 293.720000 1001.000000 45.000000 3.080000 223.000000 1.500000 92.000000
2013-06-29T00:00:00Z 295.150000 1002.000000 88.000000 3.000000 80.000000 0.000000 40.000000
2013-06-29T01:00:00Z 294.210000 1002.000000 94.000000 1.000000 0.000000 0.000000 40.000000
2013-06-29T02:00:00Z 294.210000 1002.000000 94.000000 1.000000 0.000000 0.000000 40.000000
2013-06-29T03:00:00Z 294.150000 1002.000000 94.000000 1.000000 0.000000 0.000000 56.000000
2013-06-29T04:00:00Z 288.390000 1002.000000 94.000000 1.170000 53.010100 0.000000 56.000000
2013-06-29T05:00:00Z 294.150000 1003.000000 94.000000 1.000000 0.000000 0.000000 56.000000
2013-06-29T06:00:00Z 294.150000 1003.000000 94.000000 1.000000 0.000000 0.000000 56.000000
2013-06-29T07:00:00Z 291.840000 1004.000000 88.000000 1.000000 0.000000 0.000000 20.000000
2013-06-29T08:00:00Z 295.150000 1005.000000 88.000000 1.000000 0.000000 0.000000 20.000000
2013-06-29T09:00:00Z 299.820000 1018.550000 87.000000 1.960000 140.003000 0.000000 20.000000
2013-06-29T10:00:00Z 295.150000 1005.000000 88.000000 2.000000 50.000000 0.000000 20.000000
2013-06-29T11:00:00Z 296.150000 1005.000000 83.000000 2.000000 70.000000 0.000000 20.000000
2013-06-29T12:00:00Z 296.150000 1005.000000 83.000000 1.000000 0.000000 0.000000 20.000000
2013-06-29T13:00:00Z 301.320000 1004.000000 83.000000 3.000000 80.000000 0.000000 8.000000
2013-06-29T14:00:00Z 300.420000 1004.000000 83.000000 2.000000 100.000000 -1.000000 92.000000
2013-06-29T15:00:00Z 299.970000 1004.000000 21.000000 0.510000 70.000000 -1.000000 92.000000
2013-06-29T16:00:00Z 301.270000 1004.000000 11.000000 1.660000 149.003000 3.750000 76.000000
2013-06-29T17:00:00Z 301.480000 1003.000000 14.000000 1.660000 149.003000 3.750000 76.000000
2013-06-29T18:00:00Z 299.820000 1003.000000 22.000000 1.660000 149.003000 3.750000 76.000000
2013-06-29T19:00:00Z 299.590000 1004.000000 25.000000 1.260000 76.502900 2.000000 68.000000
2013-07-18T15:00:00Z 301.470000 1004.000000 78.000000 4.000000 130.000000 -1.000000 80.000000
2013-07-18T16:00:00Z 301.520000 1004.000000 74.000000 4.000000 110.000000 0.500000 76.000000
2013-07-18T17:00:00Z 301.180000 1003.000000 78.000000 4.000000 140.000000 0.500000 76.000000
2013-07-18T18:00:00Z 301.440000 1003.000000 78.000000 4.000000 150.000000 0.500000 76.000000
2013-07-18T19:00:00Z 301.500000 1003.000000 74.000000 3.000000 140.000000 0.500000 88.000000
2013-07-18T20:00:00Z 300.720000 1003.000000 78.000000 2.000000 150.000000 0.500000 88.000000
2013-07-18T21:00:00Z 300.260000 1004.000000 83.000000 2.000000 160.000000 0.500000 88.000000
2013-07-18T22:00:00Z 300.720000 1004.000000 69.000000 4.000000 190.000000 0.000000 92.000000
2013-07-18T23:00:00Z 298.600000 1004.000000 83.000000 2.000000 140.000000 0.000000 92.000000
2013-07-19T00:00:00Z 298.600000 1004.000000 83.000000 1.000000 150.000000 0.000000 92.000000
2013-07-19T01:00:00Z 298.600000 1003.000000 78.000000 2.000000 150.000000 0.000000 92.000000
2013-07-19T02:00:00Z 298.750000 1003.000000 83.000000 1.000000 140.000000 0.000000 92.000000
2013-07-19T03:00:00Z 298.140000 1002.000000 83.000000 1.000000 140.000000 0.000000 92.000000
2013-07-19T04:00:00Z 298.140000 1002.000000 83.000000 1.000000 150.000000 0.000000 92.000000
2013-07-19T05:00:00Z 298.750000 1002.000000 83.000000 1.000000 0.000000 0.000000 92.000000
2013-07-19T06:00:00Z 298.600000 1002.000000 83.000000 2.000000 260.000000 0.000000 92.000000
2013-07-19T07:00:00Z 298.750000 1002.000000 88.000000 1.000000 0.000000 0.000000 88.000000
2013-07-19T08:00:00Z 298.920000 1003.000000 78.000000 2.000000 290.000000 0.000000 88.000000
2013-07-19T09:00:00Z 299.620000 1003.000000 74.000000 2.000000 0.000000 0.000000 88.000000
2013-08-15T22:00:00Z 302.150000 1001.000000 83.000000 2.000000 120.000000 6.000000 32.000000
2013-08-15T23:00:00Z 302.150000 1001.000000 83.000000 2.000000 110.000000 6.000000 20.000000
2013-08-16T00:00:00Z 302.150000 1000.000000 83.000000 3.000000 160.000000 6.000000 40.000000
2013-08-16T01:00:00Z 300.150000 999.000000 78.000000 6.000000 190.000000 0.000000 20.000000
2013-08-16T02:00:00Z 300.150000 998.000000 74.000000 3.000000 160.000000 -1.000000 0.000000
2013-08-16T03:00:00Z 299.150000 999.000000 83.000000 2.000000 80.000000 -1.000000 0.000000
2013-08-16T04:00:00Z 299.150000 998.000000 83.000000 1.000000 0.000000 -1.000000 0.000000
2013-08-16T05:00:00Z 299.150000 997.000000 83.000000 2.000000 110.000000 -1.000000 64.000000
2013-08-16T06:00:00Z 300.150000 997.000000 83.000000 1.000000 0.000000 -1.000000 20.000000
2013-08-16T07:00:00Z 300.150000 997.000000 83.000000 1.000000 0.000000 -1.000000 20.000000
2013-08-16T08:00:00Z 300.150000 997.000000 83.000000 2.000000 100.000000 -1.000000 40.000000
2013-08-16T09:00:00Z 300.150000 997.000000 83.000000 2.000000 110.000000 -1.000000 75.000000
2013-09-27T18:00:00Z 293.810000 1001.000000 58.000000 4.560000 194.000000 -1.000000 0.000000
2013-09-27T19:00:00Z 292.170000 1002.000000 60.000000 4.560000 194.000000 -1.000000 0.000000
2013-09-27T20:00:00Z 291.790000 1002.000000 67.000000 4.560000 194.000000 -1.000000 0.000000
2013-09-27T21:00:00Z 290.900000 1002.000000 70.000000 0.510000 87.000000 -1.000000 0.000000
2013-09-27T22:00:00Z 289.860000 1002.000000 74.000000 0.510000 106.000000 -1.000000 0.000000
2013-09-27T23:00:00Z 289.150000 1011.000000 72.000000 3.000000 140.000000 -1.000000 0.000000
2013-09-28T00:00:00Z 289.450000 1002.000000 72.000000 2.000000 187.000000 -1.000000 0.000000
2013-09-28T01:00:00Z 289.450000 1002.000000 72.000000 2.000000 187.000000 -1.000000 0.000000
2013-09-28T02:00:00Z 288.390000 1002.000000 72.000000 0.510000 109.000000 -1.000000 0.000000
2013-09-28T03:00:00Z 288.010000 1010.000000 71.000000 2.000000 90.000000 -1.000000 0.000000
2013-09-28T04:00:00Z 286.150000 1010.000000 76.000000 2.000000 90.000000 -1.000000 0.000000
2013-09-28T05:00:00Z 285.150000 1011.000000 81.000000 1.000000 100.000000 -1.000000 0.000000
2013-09-28T06:00:00Z 285.150000 1011.000000 81.000000 1.000000 100.000000 -1.000000 0.000000
2013-09-28T07:00:00Z 285.900000 1003.000000 82.000000 0.510000 90.000000 -1.000000 0.000000
2013-09-28T08:00:00Z 285.900000 1003.000000 82.000000 0.510000 90.000000 -1.000000 0.000000
2013-09-28T09:00:00Z 288.150000 1012.000000 72.000000 2.000000 110.000000 -1.000000 0.000000
2013-09-28T10:00:00Z 289.150000 1012.000000 67.000000 2.000000 110.000000 -1.000000 0.000000
2013-09-28T11:00:00Z 291.150000 1011.000000 55.000000 2.000000 80.000000 -1.000000 0.000000
2013-09-28T12:00:00Z 292.150000 1011.000000 55.000000 3.000000 110.000000 -1.000000 0.000000
2013-09-28T13:00:00Z 292.150000 1011.000000 55.000000 3.000000 110.000000 -1.000000 0.000000
2013-09-28T14:00:00Z 293.150000 1010.000000 52.000000 2.000000 0.000000 -1.000000 0.000000
2013-09-28T15:00:00Z 293.150000 1010.000000 52.000000 3.000000 140.000000 -1.000000 0.000000
2013-09-28T16:00:00Z 293.150000 1010.000000 52.000000 3.000000 140.000000 -1.000000 0.000000
2013-09-28T17:00:00Z 293.150000 1010.000000 56.000000 1.000000 0.000000 -1.000000 0.000000
2013-09-28T18:00:00Z 290.150000 1011.000000 72.000000 1.000000 80.000000 -1.000000 0.000000
2013-09-28T19:00:00Z 290.150000 1011.000000 72.000000 1.000000 80.000000 -1.000000 0.000000
2013-09-28T20:00:00Z 288.150000 1012.000000 77.000000 2.000000 10.000000 -1.000000 0.000000
2013-09-28T21:00:00Z 288.150000 1013.000000 82.000000 2.000000 30.000000 -1.000000 0.000000
2013-09-28T22:00:00Z 287.150000 1013.000000 82.000000 1.000000 0.000000 -1.000000 0.000000
2013-09-28T23:00:00Z 287.150000 1013.000000 82.000000 1.000000 0.000000 -1.000000 0.000000
2013-09-29T00:00:00Z 287.150000 1013.000000 82.000000 1.000000 10.000000 -1.000000 0.000000
2013-09-29T01:00:00Z 287.150000 1013.000000 87.000000 1.000000 10.000000 -1.000000 0.000000
2013-09-29T02:00:00Z 287.150000 1014.000000 82.000000 2.000000 360.000000 -1.000000 0.000000
2013-09-29T03:00:00Z 288.150000 1014.000000 82.000000 3.000000 350.000000 -1.000000 0.000000
2013-09-29T04:00:00Z 288.150000 1014.000000 82.000000 3.000000 350.000000 -1.000000 0.000000
2013-09-29T05:00:00Z 289.150000 1015.000000 82.000000 2.000000 360.000000 -1.000000 0.000000
2013-09-29T06:00:00Z 289.150000 1015.000000 82.000000 1.000000 10.000000 -1.000000 0.000000
2013-09-29T07:00:00Z 289.150000 1017.000000 82.000000 1.000000 20.000000 -1.000000 0.000000
2013-09-29T08:00:00Z 289.150000 1017.000000 82.000000 1.000000 20.000000 -1.000000 0.000000
2013-09-29T09:00:00Z 290.150000 1018.000000 77.000000 2.000000 10.000000 -1.000000 90.000000
2013-09-29T10:00:00Z 291.150000 1019.000000 68.000000 4.000000 340.000000 -1.000000 90.000000
2013-09-29T11:00:00Z 291.150000 1019.000000 68.000000 4.000000 340.000000 -1.000000 90.000000
2013-09-29T12:00:00Z 291.150000 1019.000000 72.000000 2.000000 360.000000 -1.000000 90.000000
2013-09-29T13:00:00Z 292.150000 1018.000000 68.000000 2.000000 360.000000 -1.000000 90.000000
2013-09-29T14:00:00Z 293.150000 1018.000000 64.000000 3.000000 360.000000 -1.000000 90.000000
2013-10-04T22:00:00Z 292.350000 1015.000000 87.000000 1.000000 20.000000 -1.000000 0.000000
2013-10-04T23:00:00Z 295.930000 1029.860000 82.000000 4.100000 198.000000 -1.000000 0.000000
2013-10-05T00:00:00Z 291.620000 1015.000000 87.000000 1.000000 0.000000 -1.000000 0.000000
2013-10-05T01:00:00Z 291.620000 1015.000000 87.000000 2.000000 20.000000 -1.000000 0.000000
2013-10-05T02:00:00Z 291.890000 1016.000000 87.000000 1.000000 30.000000 -1.000000 0.000000
2013-10-05T03:00:00Z 291.300000 1031.060000 86.000000 2.650000 193.501000 -1.000000 0.000000
2013-10-05T04:00:00Z 291.160000 1016.000000 87.000000 1.000000 0.000000 -1.000000 0.000000
2013-10-05T05:00:00Z 291.300000 1016.000000 87.000000 0.500000 135.001000 -1.000000 0.000000
2013-10-05T06:00:00Z 291.130000 1017.000000 87.000000 0.500000 135.001000 -1.000000 0.000000
2013-10-05T07:00:00Z 290.140000 1018.000000 93.000000 2.000000 360.000000 -1.000000 0.000000
2013-10-05T08:00:00Z 290.830000 1019.000000 87.000000 1.580000 72.000000 -1.000000 0.000000
2013-10-05T09:00:00Z 291.750000 1019.000000 87.000000 1.000000 0.000000 -1.000000 0.000000
2013-10-05T10:00:00Z 292.030000 1020.000000 82.000000 1.000000 0.000000 -1.000000 0.000000
2013-10-05T11:00:00Z 296.350000 1020.000000 63.000000 1.000000 0.000000 -1.000000 0.000000
2013-10-05T12:00:00Z 295.750000 1020.000000 56.000000 2.000000 80.000000 -1.000000 0.000000
2013-10-05T18:00:00Z 296.000000 1020.000000 68.000000 1.000000 0.000000 -1.000000 44.000000
2013-10-05T19:00:00Z 291.150000 1021.000000 77.000000 1.000000 90.000000 -1.000000 44.000000
2013-10-05T20:00:00Z 289.150000 1022.000000 82.000000 1.000000 70.000000 -1.000000 44.000000
2013-10-05T21:00:00Z 289.150000 1022.000000 82.000000 1.410000 139.500000 -1.000000 80.000000
2013-10-05T22:00:00Z 287.150000 1023.000000 87.000000 1.000000 60.000000 -1.000000 80.000000
2013-10-05T23:00:00Z 287.150000 1023.000000 87.000000 1.000000 60.000000 -1.000000 80.000000
2013-10-06T00:00:00Z 288.150000 1023.000000 87.000000 2.000000 80.000000 -1.000000 92.000000
2013-10-06T01:00:00Z 288.150000 1023.000000 82.000000 2.000000 80.000000 -1.000000 92.000000
2013-10-06T02:00:00Z 287.150000 1023.000000 87.000000 1.360000 67.001100 -1.000000 92.000000
2013-10-06T03:00:00Z 287.150000 1023.000000 87.000000 1.360000 67.001100 -1.000000 92.000000
2013-10-06T04:00:00Z 286.150000 1023.000000 87.000000 1.000000 0.000000 -1.000000 92.000000
2013-10-06T05:00:00Z 285.150000 1023.000000 93.000000 1.000000 80.000000 -1.000000 92.000000
2013-10-06T06:00:00Z 286.150000 1024.000000 93.000000 2.000000 20.000000 -1.000000 56.000000
2013-10-06T07:00:00Z 286.150000 1024.000000 93.000000 2.000000 20.000000 -1.000000 56.000000
2013-10-06T08:00:00Z 287.150000 1024.000000 87.000000 1.000000 0.000000 -1.000000 56.000000
2013-10-06T09:00:00Z 288.150000 1024.000000 87.000000 2.000000 10.000000 -1.000000 0.000000
2013-10-06T10:00:00Z 288.150000 1024.000000 87.000000 2.000000 10.000000 -1.000000 0.000000
2013-10-06T11:00:00Z 289.150000 1024.000000 87.000000 1.000000 0.000000 -1.000000 0.000000
2013-10-06T12:00:00Z 290.150000 1024.000000 82.000000 2.000000 300.000000 -1.000000 0.000000
2013-10-06T13:00:00Z 292.150000 1023.000000 72.000000 1.000000 0.000000 -1.000000 0.000000
2013-10-06T14:00:00Z 294.150000 1021.000000 64.000000 1.000000 0.000000 -1.000000 0.000000
2013-10-06T15:00:00Z 294.150000 1021.000000 64.000000 1.000000 0.000000 -1.000000 0.000000
2013-10-06T16:00:00Z 294.150000 1020.000000 64.000000 1.000000 0.000000 -1.000000 0.000000
2013-10-06T17:00:00Z 292.150000 1020.000000 72.000000 1.000000 0.000000 -1.000000 0.000000
2013-10-06T18:00:00Z 292.150000 1020.000000 72.000000 4.000000 350.000000 -1.000000 0.000000
2013-10-06T19:00:00Z 290.150000 1020.000000 77.000000 1.000000 0.000000 -1.000000 0.000000
2013-10-06T20:00:00Z 290.150000 1020.000000 82.000000 3.310000 189.500000 -1.000000 0.000000
2013-10-27T15:00:00Z 290.073000 1019.840000 54.000000 1.960000 151.000000 -1.000000 0.000000
2013-10-27T16:00:00Z 288.948000 1018.980000 48.000000 2.050000 191.002000 -1.000000 8.000000
2013-10-27T17:00:00Z 288.948000 1018.980000 48.000000 2.050000 191.002000 -1.000000 8.000000
2013-10-27T18:00:00Z 288.050000 1009.000000 61.000000 2.050000 191.002000 -1.000000 8.000000
2013-10-27T19:00:00Z 283.185000 1019.770000 71.000000 2.110000 198.500000 -1.000000 48.000000
2013-10-27T20:00:00Z 283.185000 1019.770000 71.000000 2.110000 198.500000 -1.000000 48.000000
2013-10-27T21:00:00Z 283.185000 1019.770000 71.000000 2.110000 198.500000 -1.000000 48.000000
2013-10-27T22:00:00Z 285.970000 1017.000000 75.000000 1.000000 40.000000 -1.000000 80.000000
2013-10-27T23:00:00Z 281.012000 1020.050000 81.000000 0.500000 143.000000 -1.000000 80.000000
2013-10-28T00:00:00Z 288.270000 1018.000000 81.000000 1.000000 0.000000 -1.000000 80.000000
2013-10-28T01:00:00Z 280.658000 1020.110000 86.000000 0.700000 129.000000 -1.000000 92.000000
2013-10-28T02:00:00Z 280.658000 1020.110000 86.000000 0.700000 129.000000 -1.000000 92.000000
2013-10-28T03:00:00Z 280.658000 1020.110000 86.000000 0.700000 129.000000 -1.000000 92.000000
2013-10-28T04:00:00Z 281.442000 1020.500000 85.000000 1.860000 321.000000 -1.000000 92.000000
2013-10-28T05:00:00Z 281.442000 1020.500000 85.000000 1.860000 321.000000 -1.000000 92.000000
2013-10-28T06:00:00Z 281.442000 1020.500000 85.000000 1.860000 321.000000 -1.000000 92.000000
2013-10-28T07:00:00Z 278.150000 1018.000000 80.000000 2.000000 340.000000 2.000000 92.000000
2013-10-28T08:00:00Z 279.672000 1022.080000 76.000000 2.500000 346.000000 -1.000000 0.000000
2013-10-28T09:00:00Z 282.150000 1019.000000 70.000000 3.000000 360.000000 -1.000000 12.000000
2013-10-28T10:00:00Z 289.143000 1022.580000 53.000000 2.910000 13.500300 -1.000000 12.000000
2013-10-28T11:00:00Z 289.143000 1022.580000 53.000000 2.910000 13.500300 -1.000000 12.000000
2013-10-28T12:00:00Z 289.143000 1022.580000 53.000000 2.910000 13.500300 -1.000000 12.000000
2013-10-28T13:00:00Z 289.150000 1018.000000 38.000000 2.000000 10.000000 -1.000000 56.000000
2013-10-28T14:00:00Z 290.150000 1018.000000 36.000000 1.000000 0.000000 -1.000000 56.000000
2013-10-28T15:00:00Z 291.840000 1021.540000 48.000000 2.400000 34.500300 -1.000000 56.000000
2013-10-28T16:00:00Z 289.150000 1018.000000 44.000000 2.000000 130.000000 -1.000000 88.000000
2013-10-28T17:00:00Z 290.151000 1022.200000 45.000000 1.960000 23.000000 -1.000000 88.000000
2013-10-28T18:00:00Z 290.151000 1022.200000 45.000000 1.960000 23.000000 -1.000000 88.000000
2013-10-31T13:00:00Z 288.720000 1028.000000 64.000000 1.950000 169.501000 0.000000 88.000000
2013-10-31T14:00:00Z 288.700000 1027.000000 64.000000 1.950000 169.501000 0.000000 88.000000
2013-10-31T15:00:00Z 288.340000 1027.000000 64.000000 1.950000 169.501000 0.000000 88.000000
2013-10-31T16:00:00Z 284.574000 1029.940000 63.000000 1.360000 189.000000 0.000000 76.000000
2013-10-31T17:00:00Z 284.574000 1029.940000 63.000000 1.360000 189.000000 0.000000 76.000000
2013-10-31T18:00:00Z 284.574000 1029.940000 63.000000 1.360000 189.000000 0.000000 76.000000
2013-10-31T19:00:00Z 290.060000 1028.000000 65.000000 1.310000 211.501000 0.000000 48.000000
2013-10-31T20:00:00Z 286.880000 1028.000000 65.000000 1.310000 211.501000 0.000000 48.000000
2013-10-31T21:00:00Z 279.686000 1031.010000 85.000000 1.310000 211.501000 0.000000 48.000000
2013-10-31T22:00:00Z 279.686000 1031.010000 85.000000 1.310000 211.501000 0.000000 48.000000
2013-10-31T23:00:00Z 275.889000 1031.590000 78.000000 1.300000 265.501000 0.000000 0.000000
2013-11-01T00:00:00Z 275.889000 1031.590000 78.000000 1.300000 265.501000 0.000000 0.000000
2013-11-01T01:00:00Z 285.060000 1028.000000 65.000000 1.260000 356.000000 0.000000 0.000000
2013-11-01T02:00:00Z 274.123000 1031.640000 73.000000 1.260000 356.000000 0.000000 0.000000
2013-11-01T03:00:00Z 284.680000 1028.000000 65.000000 1.260000 356.000000 0.000000 0.000000
2013-11-01T04:00:00Z 273.193000 1030.770000 75.000000 1.300000 7.000370 0.000000 12.000000
2013-11-01T05:00:00Z 273.193000 1030.770000 75.000000 1.300000 7.000370 0.000000 12.000000
2013-11-01T06:00:00Z 284.660000 1027.000000 65.000000 1.300000 7.000370 0.000000 12.000000
2013-11-01T07:00:00Z 284.780000 1028.000000 65.000000 1.760000 333.001000 0.000000 48.000000
2013-11-01T08:00:00Z 276.361000 1031.560000 71.000000 1.760000 333.001000 0.000000 48.000000
2013-11-01T09:00:00Z 285.380000 1028.000000 65.000000 1.760000 333.001000 0.000000 48.000000
2013-11-01T10:00:00Z 284.660000 1031.740000 56.000000 2.050000 24.500000 0.000000 88.000000
2013-11-01T11:00:00Z 284.660000 1031.740000 56.000000 2.050000 24.500000 0.000000 88.000000
2013-11-01T12:00:00Z 284.660000 1031.740000 56.000000 2.050000 24.500000 0.000000 88.000000
2013-11-01T13:00:00Z 285.224000 1029.830000 56.000000 1.160000 71.500200 0.000000 92.000000
2013-11-01T14:00:00Z 285.224000 1029.830000 56.000000 1.160000 71.500200 0.000000 92.000000
2013-11-01T15:00:00Z 285.224000 1029.830000 56.000000 1.160000 71.500200 0.000000 92.000000
2013-11-01T16:00:00Z 288.370000 1025.000000 65.000000 1.300000 15.500500 0.000000 80.000000
2013-11-01T17:00:00Z 287.440000 1025.000000 65.000000 1.300000 15.500500 0.000000 80.000000
2013-11-01T18:00:00Z 283.678000 1029.060000 59.000000 1.300000 15.500500 0.000000 80.000000
2013-11-01T19:00:00Z 280.781000 1029.610000 75.000000 1.100000 214.000000 0.000000 64.000000
2013-11-01T20:00:00Z 280.781000 1029.610000 75.000000 1.100000 214.000000 0.000000 64.000000
2013-11-01T21:00:00Z 280.781000 1029.610000 75.000000 1.100000 214.000000 0.000000 64.000000
2013-11-01T22:00:00Z 280.781000 1029.610000 75.000000 1.100000 214.000000 0.000000 64.000000
2013-11-01T23:00:00Z 279.343000 1029.350000 83.000000 1.310000 274.001000 0.000000 48.000000
2013-11-02T00:00:00Z 279.343000 1029.350000 83.000000 1.310000 274.001000 0.000000 48.000000
2013-11-02T01:00:00Z 285.410000 1025.000000 65.000000 1.260000 273.500000 0.000000 32.000000
2013-11-02T02:00:00Z 285.420000 1024.000000 65.000000 1.260000 273.500000 0.000000 32.000000
2013-11-02T03:00:00Z 285.510000 1024.000000 65.000000 1.260000 273.500000 0.000000 32.000000
2013-11-02T04:00:00Z 284.550000 1024.000000 65.000000 1.770000 244.500000 -1.000000 68.000000
2013-11-02T05:00:00Z 284.340000 1024.000000 65.000000 1.300000 309.500000 0.000000 32.000000
2013-11-02T06:00:00Z 284.110000 1024.000000 66.000000 1.770000 244.500000 -1.000000 68.000000
2013-11-02T07:00:00Z 283.600000 1024.000000 65.000000 1.410000 273.503000 -1.000000 68.000000
2013-11-02T08:00:00Z 284.630000 1024.000000 65.000000 1.410000 273.503000 -1.000000 68.000000
2013-11-02T09:00:00Z 281.845000 1031.330000 98.000000 1.410000 273.503000 -1.000000 68.000000
2013-11-02T10:00:00Z 285.545000 1031.080000 82.000000 2.410000 233.504000 -1.000000 0.000000
2013-11-02T11:00:00Z 286.630000 1024.000000 65.000000 2.410000 233.504000 -1.000000 0.000000
2013-11-02T12:00:00Z 285.545000 1031.080000 82.000000 2.410000 233.504000 -1.000000 0.000000
2013-11-02T13:00:00Z 287.490000 1022.000000 64.000000 3.770000 206.506000 -1.000000 0.000000
2013-11-02T14:00:00Z 288.240000 1022.000000 64.000000 3.770000 206.506000 -1.000000 0.000000
2013-11-02T15:00:00Z 290.311000 1028.620000 63.000000 3.770000 206.506000 -1.000000 0.000000
2013-11-02T16:00:00Z 288.240000 1021.000000 65.000000 4.210000 212.504000 -1.000000 0.000000
2013-11-02T17:00:00Z 289.176000 1028.020000 56.000000 4.610000 208.501000 -1.000000 0.000000
2013-11-02T18:00:00Z 289.176000 1028.020000 56.000000 4.610000 208.501000 -1.000000 0.000000
2013-11-02T19:00:00Z 285.637000 1028.260000 69.000000 5.470000 212.500000 -1.000000 0.000000
2013-11-02T20:00:00Z 285.637000 1028.260000 69.000000 5.470000 212.500000 -1.000000 0.000000
2013-11-22T19:00:00Z 280.150000 1022.000000 36.000000 3.000000 180.000000 -1.000000 8.000000
2013-11-22T20:00:00Z 279.150000 1022.000000 41.000000 2.000000 160.000000 -1.000000 0.000000
2013-11-22T21:00:00Z 277.150000 1022.000000 51.000000 1.000000 0.000000 -1.000000 0.000000
2013-11-22T22:00:00Z 277.150000 1022.000000 51.000000 1.000000 0.000000 -1.000000 0.000000
2013-11-22T23:00:00Z 275.150000 1022.000000 59.000000 1.000000 170.000000 -1.000000 0.000000
2013-11-23T00:00:00Z 268.836000 1023.830000 66.000000 0.160000 50.500300 -1.000000 0.000000
2013-11-23T01:00:00Z 268.836000 1023.830000 66.000000 0.160000 50.500300 -1.000000 0.000000
2013-11-23T02:00:00Z 268.836000 1023.830000 66.000000 0.160000 50.500300 -1.000000 0.000000
2013-11-23T03:00:00Z 268.836000 1023.830000 66.000000 0.160000 50.500300 -1.000000 0.000000
2013-11-23T04:00:00Z 271.150000 1021.000000 74.000000 3.000000 350.000000 -1.000000 0.000000
2013-11-23T05:00:00Z 272.150000 1021.000000 68.000000 1.000000 0.000000 -1.000000 0.000000
2013-11-23T06:00:00Z 271.150000 1021.000000 68.000000 3.000000 360.000000 -1.000000 0.000000
2013-11-23T07:00:00Z 272.150000 1021.000000 68.000000 1.000000 0.000000 -1.000000 0.000000
2013-11-23T08:00:00Z 272.150000 1021.000000 68.000000 1.000000 0.000000 -1.000000 0.000000
2013-11-23T09:00:00Z 278.150000 1022.000000 44.000000 1.000000 0.000000 -1.000000 0.000000
2013-11-23T10:00:00Z 278.150000 1022.000000 44.000000 1.000000 0.000000 -1.000000 0.000000
2013-11-23T11:00:00Z 282.150000 1020.000000 29.000000 3.000000 30.000000 -1.000000 0.000000
2013-11-23T12:00:00Z 285.150000 1019.000000 23.000000 3.000000 30.000000 -1.000000 0.000000
2013-11-23T13:00:00Z 289.150000 1018.000000 14.000000 3.000000 360.000000 -1.000000 0.000000
2013-11-23T14:00:00Z 289.150000 1018.000000 14.000000 3.000000 360.000000 -1.000000 0.000000
2013-11-23T15:00:00Z 289.150000 1018.000000 14.000000 4.000000 350.000000 -1.000000 0.000000
2013-11-23T16:00:00Z 288.150000 1018.000000 14.000000 4.000000 290.000000 -1.000000 0.000000
2013-11-23T17:00:00Z 285.150000 1018.000000 25.000000 3.000000 220.000000 -1.000000 0.000000
2013-11-23T18:00:00Z 283.150000 1019.000000 31.000000 2.000000 0.000000 -1.000000 0.000000
2013-11-23T19:00:00Z 283.150000 1019.000000 31.000000 2.000000 0.000000 -1.000000 0.000000
2013-11-23T20:00:00Z 280.150000 1019.000000 39.000000 1.000000 0.000000 -1.000000 20.000000
2013-12-06T22:00:00Z 281.510000 1020.000000 63.000000 0.710000 143.000000 -1.000000 0.000000
2013-12-06T23:00:00Z 280.860000 1020.000000 63.000000 0.710000 143.000000 -1.000000 0.000000
2013-12-07T00:00:00Z 280.420000 1020.000000 63.000000 0.710000 143.000000 -1.000000 0.000000
2013-12-07T01:00:00Z 280.420000 1020.000000 63.000000 1.010000 110.000000 -1.000000 0.000000
2013-12-07T02:00:00Z 279.850000 1020.000000 63.000000 1.010000 110.000000 -1.000000 0.000000
2013-12-07T03:00:00Z 280.020000 1021.000000 63.000000 1.350000 18.000200 -1.000000 0.000000
2013-12-07T04:00:00Z 280.020000 1021.000000 63.000000 1.350000 18.000200 -1.000000 0.000000
2013-12-07T05:00:00Z 279.530000 1020.000000 63.000000 1.350000 18.000200 -1.000000 0.000000
2013-12-07T06:00:00Z 279.540000 1020.000000 63.000000 1.350000 18.000200 -1.000000 0.000000
2013-12-07T07:00:00Z 279.540000 1021.000000 63.000000 1.560000 335.501000 -1.000000 0.000000
2013-12-07T08:00:00Z 286.250000 1021.000000 63.000000 1.560000 335.501000 -1.000000 0.000000
2013-12-07T09:00:00Z 280.940000 1022.000000 63.000000 2.060000 23.000200 -1.000000 0.000000
2013-12-07T10:00:00Z 280.940000 1022.000000 63.000000 2.060000 23.000200 -1.000000 0.000000
2013-12-07T11:00:00Z 282.820000 1022.000000 63.000000 2.060000 23.000200 -1.000000 0.000000
2013-12-07T12:00:00Z 283.620000 1021.000000 63.000000 2.060000 23.000200 -1.000000 0.000000
2013-12-07T13:00:00Z 283.270000 1019.000000 68.000000 2.050000 79.500800 -1.000000 0.000000
2013-12-07T14:00:00Z 283.270000 1019.000000 68.000000 2.050000 79.500800 -1.000000 0.000000
2013-12-07T15:00:00Z 284.830000 1019.000000 68.000000 2.050000 79.500800 -1.000000 0.000000
2013-12-07T16:00:00Z 285.140000 1019.000000 73.000000 1.260000 78.000200 -1.000000 0.000000
2013-12-07T17:00:00Z 283.610000 1020.000000 76.000000 1.260000 78.000200 -1.000000 0.000000
2013-12-07T18:00:00Z 283.610000 1020.000000 76.000000 1.260000 78.000200 -1.000000 0.000000
2013-12-07T19:00:00Z 288.050000 1020.000000 79.000000 1.200000 7.500180 -1.000000 0.000000
2013-12-07T20:00:00Z 286.180000 1021.000000 79.000000 1.200000 7.500180 -1.000000 0.000000
2013-12-07T21:00:00Z 285.970000 1020.000000 75.000000 1.200000 7.500180 -1.000000 0.000000
2013-12-07T22:00:00Z 286.190000 1020.000000 74.000000 1.150000 153.000000 -1.000000 0.000000
2013-12-07T23:00:00Z 281.770000 1021.000000 73.000000 1.150000 153.000000 -1.000000 0.000000
2013-12-08T00:00:00Z 281.770000 1021.000000 73.000000 1.150000 153.000000 -1.000000 0.000000
2013-12-08T01:00:00Z 281.480000 1021.000000 72.000000 1.760000 44.000000 -1.000000 12.000000
2013-12-08T02:00:00Z 281.940000 1021.000000 71.000000 1.760000 44.000000 -1.000000 12.000000
2013-12-08T03:00:00Z 281.940000 1021.000000 71.000000 1.760000 44.000000 -1.000000 12.000000
2013-12-08T04:00:00Z 281.900000 1020.000000 70.000000 1.500000 341.500000 -1.000000 76.000000
2013-12-08T05:00:00Z 281.900000 1020.000000 70.000000 1.500000 341.500000 -1.000000 76.000000
2013-12-08T06:00:00Z 282.720000 1020.000000 70.000000 1.500000 341.500000 -1.000000 76.000000
2013-12-08T07:00:00Z 282.890000 1021.000000 69.000000 1.550000 330.000000 -1.000000 48.000000
2013-12-22T19:00:00Z 270.020000 1023.000000 52.000000 1.160000 173.000000 -1.000000 0.000000
2013-12-22T20:00:00Z 270.020000 1023.000000 52.000000 1.160000 173.000000 -1.000000 0.000000
2013-12-22T21:00:00Z 268.430000 1031.000000 62.000000 2.000000 70.000000 -1.000000 0.000000
2013-12-22T22:00:00Z 268.430000 1031.000000 62.000000 2.000000 70.000000 -1.000000 0.000000
2013-12-22T23:00:00Z 266.590000 1023.000000 54.000000 1.140000 341.000000 -1.000000 0.000000
2013-12-23T00:00:00Z 269.260000 1023.000000 54.000000 2.010000 355.001000 -1.000000 0.000000
2013-12-23T01:00:00Z 268.710000 1023.000000 53.000000 1.790000 0.007263 -1.000000 0.000000
2013-12-23T02:00:00Z 268.710000 1023.000000 53.000000 1.790000 0.007263 -1.000000 0.000000
2013-12-23T03:00:00Z 264.150000 1031.000000 66.000000 1.000000 350.000000 -1.000000 0.000000
2013-12-23T04:00:00Z 264.150000 1031.000000 61.000000 3.000000 340.000000 -1.000000 0.000000
2013-12-23T05:00:00Z 267.010000 1023.000000 53.000000 1.030000 338.000000 -1.000000 0.000000
2013-12-23T06:00:00Z 267.010000 1023.000000 53.000000 1.030000 338.000000 -1.000000 0.000000
2013-12-23T07:00:00Z 260.339000 1039.780000 51.000000 1.410000 345.505000 -1.000000 0.000000
2013-12-23T08:00:00Z 266.070000 1024.000000 50.000000 0.510000 31.000000 -1.000000 0.000000
2013-12-23T09:00:00Z 271.310000 1024.000000 45.000000 2.060000 329.006000 -1.000000 0.000000
2013-12-23T10:00:00Z 275.150000 1033.000000 24.000000 3.000000 20.000000 -1.000000 0.000000
2013-12-23T11:00:00Z 276.300000 1024.000000 33.000000 0.510000 26.000000 -1.000000 0.000000
2013-12-23T12:00:00Z 277.090000 1032.000000 19.000000 5.000000 30.000000 -1.000000 0.000000
2013-12-23T13:00:00Z 278.450000 1031.000000 18.000000 3.000000 40.000000 -1.000000 0.000000
2013-12-23T14:00:00Z 278.450000 1031.000000 18.000000 3.000000 40.000000 -1.000000 0.000000
2013-12-23T15:00:00Z 279.150000 1030.000000 17.000000 3.000000 60.000000 -1.000000 0.000000
2013-12-23T16:00:00Z 278.750000 1031.000000 15.000000 2.000000 70.000000 -1.000000 0.000000
2013-12-23T17:00:00Z 278.750000 1031.000000 15.000000 2.000000 70.000000 -1.000000 0.000000
2013-12-23T18:00:00Z 274.960000 1025.000000 34.000000 1.250000 73.000200 -1.000000 0.000000
2013-12-23T19:00:00Z 274.430000 1025.000000 38.000000 1.150000 137.000000 -1.000000 0.000000
2013-12-23T20:00:00Z 271.150000 1034.000000 39.000000 1.000000 0.000000 -1.000000 0.000000
2013-12-23T21:00:00Z 271.870000 1027.000000 45.000000 1.170000 296.503000 -1.000000 0.000000
2013-12-23T22:00:00Z 271.870000 1027.000000 45.000000 1.170000 296.503000 -1.000000 0.000000
2013-12-23T23:00:00Z 270.140000 1027.000000 47.000000 0.960000 260.501000 -1.000000 0.000000
2013-12-24T00:00:00Z 268.970000 1028.000000 54.000000 1.610000 48.500000 -1.000000 0.000000
2013-12-24T01:00:00Z 268.970000 1028.000000 54.000000 1.610000 48.500000 -1.000000 0.000000
2013-12-24T02:00:00Z 267.940000 1028.000000 54.000000 1.610000 48.500000 -1.000000 0.000000
2013-12-24T03:00:00Z 266.150000 1036.000000 62.000000 1.000000 0.000000 -1.000000 0.000000
2013-12-24T04:00:00Z 266.780000 1027.000000 56.000000 0.510000 66.000000 -1.000000 0.000000
2013-12-24T05:00:00Z 266.770000 1027.000000 58.000000 1.910000 32.000000 -1.000000 0.000000
2013-12-24T06:00:00Z 268.710000 1028.000000 59.000000 2.060000 347.004000 -1.000000 0.000000
2013-12-24T07:00:00Z 268.710000 1028.000000 59.000000 2.060000 347.004000 -1.000000 0.000000
2013-12-24T08:00:00Z 265.730000 1028.000000 65.000000 2.060000 347.004000 -1.000000 0.000000
2013-12-24T09:00:00Z 267.860000 1029.000000 60.000000 0.510000 43.000000 -1.000000 0.000000
2013-12-24T10:00:00Z 269.150000 1036.000000 58.000000 2.000000 360.000000 -1.000000 0.000000
2013-12-24T11:00:00Z 271.860000 1028.000000 52.000000 2.000000 32.000000 -1.000000 0.000000
2013-12-24T12:00:00Z 271.860000 1028.000000 52.000000 2.000000 32.000000 -1.000000 0.000000
2013-12-24T13:00:00Z 271.860000 1028.000000 52.000000 2.000000 32.000000 -1.000000 0.000000
2013-12-24T14:00:00Z 271.860000 1028.000000 52.000000 2.000000 32.000000 -1.000000 0.000000
2013-12-24T17:00:00Z 271.860000 1028.000000 52.000000 2.000000 32.000000 -1.000000 0.000000
2013-12-24T18:00:00Z 271.860000 1028.000000 52.000000 2.000000 32.000000 -1.000000 0.000000
2013-12-24T19:00:00Z 271.860000 1028.000000 52.000000 2.000000 32.000000 -1.000000 0.000000
2013-12-24T20:00:00Z 271.860000 1028.000000 52.000000 2.000000 32.000000 -1.000000 0.000000
2013-12-24T21:00:00Z 271.860000 1028.000000 52.000000 2.000000 32.000000 -1.000000 0.000000
2013-12-24T22:00:00Z 271.860000 1028.000000 52.000000 2.000000 32.000000 -1.000000 0.000000
2013-12-24T23:00:00Z 271.860000 1028.000000 52.000000 2.000000 32.000000 -1.000000 0.000000
2013-12-25T00:00:00Z 271.860000 1028.000000 52.000000 2.000000 32.000000 -1.000000 0.000000
2013-12-25T01:00:00Z 271.860000 1028.000000 52.000000 2.000000 32.000000 -1.000000 0.000000
2013-12-25T02:00:00Z 271.860000 1028.000000 52.000000 2.000000 32.000000 -1.000000 0.000000
2013-12-25T03:00:00Z 271.860000 1028.000000 52.000000 2.000000 32.000000 -1.000000 0.000000
2013-12-25T04:00:00Z 271.860000 1028.000000 52.000000 2.000000 32.000000 -1.000000 0.000000
2013-12-25T05:00:00Z 270.820000 1025.000000 27.000000 6.170000 290.000000 -1.000000 0.000000
2013-12-25T06:00:00Z 270.820000 1025.000000 27.000000 6.170000 290.000000 -1.000000 0.000000
2014-01-15T18:00:00Z 280.300000 1021.000000 26.000000 0.510000 155.000000 -1.000000 48.000000
2014-01-15T19:00:00Z 279.730000 1029.000000 27.000000 4.000000 190.000000 -1.000000 68.000000
2014-01-15T20:00:00Z 288.710000 1042.220000 79.000000 3.520000 181.005000 -1.000000 44.000000
2014-01-15T23:00:00Z 278.060000 1021.000000 55.000000 0.510000 127.000000 -1.000000 56.000000
2014-01-16T00:00:00Z 276.940000 1020.000000 62.000000 0.510000 63.000000 -1.000000 92.000000
2014-01-16T01:00:00Z 276.940000 1020.000000 62.000000 0.510000 63.000000 -1.000000 92.000000
2014-01-16T02:00:00Z 276.960000 1019.000000 67.000000 1.460000 163.002000 -1.000000 92.000000
2014-01-16T03:00:00Z 276.860000 1027.000000 63.000000 2.000000 10.000000 -1.000000 92.000000
2014-01-16T04:00:00Z 277.140000 1019.000000 67.000000 0.510000 80.000000 -1.000000 88.000000
2014-01-16T05:00:00Z 277.140000 1019.000000 67.000000 0.510000 80.000000 -1.000000 88.000000
2014-01-16T06:00:00Z 276.840000 1019.000000 80.000000 0.760000 97.501200 -1.000000 88.000000
2014-01-16T07:00:00Z 276.460000 1019.000000 77.000000 2.350000 353.000000 -1.000000 8.000000
2014-01-16T08:00:00Z 276.460000 1019.000000 77.000000 2.350000 353.000000 -1.000000 8.000000
2014-01-16T09:00:00Z 279.960000 1020.000000 77.000000 2.350000 353.000000 -1.000000 8.000000
2014-01-16T10:00:00Z 279.960000 1020.000000 77.000000 2.350000 353.000000 -1.000000 8.000000
2014-01-16T11:00:00Z 277.570000 1021.000000 65.000000 0.510000 42.000000 -1.000000 0.000000
2014-01-16T12:00:00Z 280.240000 1019.000000 42.000000 1.030000 61.000000 -1.000000 0.000000
2014-01-16T13:00:00Z 280.240000 1019.000000 42.000000 1.030000 61.000000 -1.000000 0.000000
2014-01-16T14:00:00Z 281.540000 1019.000000 43.000000 0.510000 68.000000 -1.000000 0.000000
2014-01-16T15:00:00Z 281.650000 1026.000000 32.000000 2.000000 80.000000 -1.000000 0.000000
2014-01-16T16:00:00Z 286.020000 1027.000000 20.000000 2.000000 120.000000 -1.000000 0.000000
2014-01-16T17:00:00Z 286.020000 1027.000000 20.000000 2.000000 120.000000 -1.000000 0.000000
2014-01-16T18:00:00Z 280.960000 1020.000000 45.000000 1.030000 163.000000 -1.000000 0.000000
2014-01-16T19:00:00Z 278.480000 1022.000000 70.000000 1.540000 113.000000 -1.000000 0.000000
2014-01-16T20:00:00Z 278.480000 1022.000000 70.000000 1.540000 113.000000 -1.000000 0.000000
2014-01-16T21:00:00Z 281.340000 1030.000000 74.000000 2.000000 170.000000 -1.000000 0.000000
2014-01-16T22:00:00Z 281.210000 1031.000000 74.000000 1.000000 0.000000 -1.000000 0.000000
2014-01-16T23:00:00Z 280.880000 1031.000000 80.000000 3.000000 160.000000 -1.000000 0.000000
2014-01-17T00:00:00Z 281.190000 1031.000000 80.000000 2.000000 130.000000 -1.000000 0.000000
2014-01-17T01:00:00Z 280.950000 1031.000000 79.000000 3.000000 130.000000 -1.000000 0.000000
2014-01-17T02:00:00Z 280.950000 1031.000000 79.000000 3.000000 130.000000 -1.000000 0.000000
2014-01-22T17:00:00Z 277.350000 1013.000000 25.000000 1.760000 152.500000 -1.000000 0.000000
2014-01-22T18:00:00Z 275.150000 1021.000000 17.000000 1.000000 100.000000 -1.000000 0.000000
2014-01-22T19:00:00Z 274.220000 1021.000000 33.000000 1.000000 120.000000 -1.000000 8.000000
2014-01-22T20:00:00Z 271.150000 1022.000000 33.000000 1.000000 90.000000 -1.000000 12.000000
2014-01-22T21:00:00Z 269.150000 1022.000000 38.000000 2.000000 80.000000 -1.000000 0.000000
2014-01-22T22:00:00Z 268.150000 1022.000000 38.000000 2.000000 70.000000 -1.000000 0.000000
2014-01-22T23:00:00Z 270.180000 1014.000000 41.000000 0.510000 81.000000 -1.000000 0.000000
2014-01-23T00:00:00Z 270.180000 1014.000000 41.000000 0.510000 81.000000 -1.000000 0.000000
2014-01-23T01:00:00Z 270.940000 1014.000000 43.000000 1.330000 36.500100 -1.000000 0.000000
2014-01-23T02:00:00Z 267.710000 1012.000000 42.000000 1.330000 36.500100 -1.000000 0.000000
2014-01-23T03:00:00Z 269.820000 1012.000000 46.000000 1.100000 19.000000 -1.000000 0.000000
2014-01-23T04:00:00Z 266.150000 1020.000000 52.000000 1.000000 10.000000 -1.000000 0.000000
2014-01-23T05:00:00Z 266.150000 1020.000000 52.000000 1.000000 10.000000 -1.000000 0.000000
2014-01-23T06:00:00Z 267.850000 1018.000000 57.000000 1.000000 340.000000 -1.000000 0.000000
2014-01-23T07:00:00Z 269.260000 1011.000000 47.000000 1.910000 4.000790 -1.000000 0.000000
2014-01-23T08:00:00Z 269.260000 1011.000000 47.000000 1.910000 4.000790 -1.000000 0.000000
2014-01-23T09:00:00Z 268.150000 1010.000000 47.000000 1.910000 4.000790 -1.000000 0.000000
2014-01-23T10:00:00Z 270.150000 1018.000000 42.000000 1.000000 0.000000 -1.000000 0.000000
2014-01-23T11:00:00Z 273.821000 1020.840000 46.000000 1.750000 29.500000 -1.000000 8.000000
2014-01-23T12:00:00Z 274.200000 1008.000000 39.000000 1.750000 29.500000 -1.000000 8.000000
2014-01-23T13:00:00Z 275.150000 1015.000000 27.000000 2.000000 60.000000 -1.000000 12.000000
2014-01-23T14:00:00Z 275.710000 1006.000000 38.000000 1.930000 78.000400 -1.000000 12.000000
2014-01-31T17:00:00Z 276.480000 1010.000000 68.000000 3.120000 60.502000 -1.000000 92.000000
2014-01-31T18:00:00Z 275.930000 1010.000000 68.000000 0.510000 135.000000 -1.000000 92.000000
2014-01-31T19:00:00Z 275.930000 1011.000000 68.000000 1.750000 33.000500 -1.000000 92.000000
2014-01-31T20:00:00Z 275.930000 1011.000000 68.000000 1.750000 33.000500 -1.000000 92.000000
2014-01-31T21:00:00Z 275.930000 1012.000000 70.000000 1.750000 33.000500 -1.000000 92.000000
2014-01-31T22:00:00Z 275.930000 1012.000000 70.000000 1.750000 33.000500 -1.000000 92.000000
2014-01-31T23:00:00Z 275.930000 1012.000000 65.000000 1.850000 8.500310 -1.000000 92.000000
2014-02-01T04:00:00Z 274.820000 1010.000000 68.000000 1.350000 324.500000 -1.000000 92.000000
2014-02-01T05:00:00Z 274.820000 1010.000000 68.000000 1.350000 324.500000 -1.000000 92.000000
2014-02-01T06:00:00Z 274.820000 1010.000000 68.000000 1.560000 294.000000 -1.000000 88.000000
2014-02-01T07:00:00Z 274.820000 1010.000000 68.000000 1.560000 294.000000 -1.000000 88.000000
2014-02-01T08:00:00Z 275.370000 1010.000000 66.000000 0.510000 336.000000 -1.000000 88.000000
2014-02-01T09:00:00Z 276.495000 1020.150000 71.000000 2.110000 326.001000 -1.000000 92.000000
2014-02-01T10:00:00Z 275.930000 1010.000000 69.000000 2.270000 338.010000 -1.000000 56.000000
2014-02-12T18:00:00Z 275.610000 1032.000000 19.000000 2.000000 190.000000 -1.000000 0.000000
2014-02-12T19:00:00Z 274.150000 1033.000000 22.000000 3.000000 190.000000 -1.000000 32.000000
2014-02-12T20:00:00Z 274.200000 1026.000000 42.000000 2.610000 163.500000 -1.000000 32.000000
2014-02-12T21:00:00Z 273.530000 1035.000000 42.000000 3.000000 150.000000 -1.000000 12.000000
2014-02-12T22:00:00Z 272.560000 1035.000000 46.000000 3.000000 130.000000 -1.000000 12.000000
2014-02-12T23:00:00Z 270.870000 1036.000000 68.000000 4.000000 110.000000 -1.000000 12.000000
2014-02-13T00:00:00Z 270.870000 1036.000000 68.000000 4.000000 110.000000 -1.000000 12.000000
2014-02-13T01:00:00Z 269.530000 1036.000000 68.000000 4.000000 110.000000 -1.000000 24.000000
2014-02-13T02:00:00Z 269.520000 1037.000000 62.000000 3.000000 120.000000 -1.000000 24.000000
2014-02-13T03:00:00Z 270.250000 1029.000000 68.000000 1.360000 107.503000 -1.000000 12.000000
2014-02-13T04:00:00Z 270.260000 1037.000000 53.000000 3.000000 120.000000 -1.000000 12.000000
2014-02-13T05:00:00Z 270.150000 1037.000000 53.000000 2.000000 120.000000 -1.000000 12.000000
2014-02-13T06:00:00Z 270.150000 1037.000000 49.000000 3.000000 120.000000 -1.000000 12.000000
2014-02-13T07:00:00Z 270.150000 1037.000000 49.000000 3.000000 120.000000 -1.000000 12.000000
2014-02-13T08:00:00Z 270.250000 1030.000000 59.000000 0.510000 159.000000 -1.000000 12.000000
2014-02-13T09:00:00Z 270.300000 1038.000000 45.000000 3.000000 140.000000 -1.000000 12.000000
2014-02-13T10:00:00Z 269.960000 1038.000000 53.000000 4.000000 140.000000 -1.000000 8.000000
2014-02-13T11:00:00Z 270.250000 1029.000000 65.000000 1.540000 87.000000 -1.000000 8.000000
2014-02-13T12:00:00Z 271.300000 1028.000000 67.000000 0.510000 159.000000 -1.000000 36.000000
2014-02-13T13:00:00Z 272.550000 1035.000000 38.000000 2.000000 180.000000 -1.000000 36.000000
2014-02-13T14:00:00Z 272.810000 1034.000000 38.000000 2.000000 200.000000 -1.000000 36.000000
2014-02-13T15:00:00Z 273.370000 1024.000000 60.000000 5.710000 196.001000 -1.000000 64.000000
2014-02-13T16:00:00Z 273.370000 1024.000000 60.000000 5.710000 196.001000 -1.000000 64.000000
2014-02-13T17:00:00Z 272.670000 1024.000000 64.000000 0.510000 10.000000 -1.000000 56.000000
2014-02-13T18:00:00Z 272.670000 1024.000000 64.000000 0.510000 10.000000 -1.000000 56.000000
2014-02-13T19:00:00Z 271.060000 1024.000000 68.000000 0.510000 297.000000 -1.000000 56.000000
2014-02-13T20:00:00Z 271.070000 1024.000000 67.000000 4.920000 189.504000 -1.000000 56.000000
2014-02-13T21:00:00Z 270.150000 1024.000000 67.000000 4.920000 189.504000 -1.000000 56.000000
2014-02-13T22:00:00Z 271.380000 1032.000000 54.000000 2.000000 60.000000 -1.000000 48.000000
2014-02-13T23:00:00Z 270.490000 1023.000000 68.000000 4.010000 199.501000 -1.000000 48.000000
2014-02-14T00:00:00Z 269.810000 1031.000000 62.000000 1.000000 40.000000 -1.000000 0.000000
2014-02-14T01:00:00Z 270.090000 1030.000000 68.000000 1.000000 0.000000 -1.000000 0.000000
2014-02-14T02:00:00Z 267.900000 1022.000000 77.000000 3.410000 199.503000 -1.000000 0.000000
2014-02-14T03:00:00Z 267.900000 1022.000000 77.000000 3.410000 199.503000 -1.000000 0.000000
2014-02-14T04:00:00Z 267.390000 1021.000000 78.000000 1.710000 173.003000 -1.000000 0.000000
2014-02-14T05:00:00Z 268.300000 1028.000000 79.000000 1.710000 173.003000 -1.000000 0.000000
2014-02-14T06:00:00Z 266.600000 1020.000000 81.000000 0.310000 203.501000 -1.000000 0.000000
2014-02-14T07:00:00Z 266.710000 1028.000000 78.000000 1.000000 0.000000 -1.000000 0.000000
2014-02-14T08:00:00Z 266.150000 1028.000000 79.000000 1.000000 0.000000 -1.000000 0.000000
2014-02-14T09:00:00Z 269.440000 1020.000000 81.000000 0.170000 199.004000 -1.000000 0.000000
2014-02-14T10:00:00Z 269.440000 1020.000000 81.000000 0.170000 199.004000 -1.000000 0.000000
2014-02-14T11:00:00Z 272.100000 1020.000000 74.000000 0.510000 85.000000 -1.000000 0.000000
2014-02-14T12:00:00Z 273.150000 1027.000000 35.000000 1.000000 0.000000 -1.000000 0.000000
2014-02-14T13:00:00Z 273.150000 1027.000000 35.000000 1.000000 0.000000 -1.000000 0.000000
2014-02-14T14:00:00Z 275.240000 1016.000000 61.000000 2.310000 191.000000 -1.000000 0.000000
2014-02-14T15:00:00Z 275.550000 1024.000000 43.000000 2.000000 110.000000 -1.000000 0.000000
2014-02-14T16:00:00Z 276.060000 1016.000000 58.000000 0.510000 155.000000 -1.000000 0.000000
2014-02-14T17:00:00Z 276.060000 1016.000000 58.000000 0.510000 155.000000 -1.000000 0.000000
2014-02-14T18:00:00Z 274.740000 1016.000000 61.000000 4.370000 205.000000 -1.000000 0.000000
2014-02-14T19:00:00Z 273.130000 1024.000000 63.000000 4.860000 188.511000 -1.000000 0.000000
2014-02-14T20:00:00Z 273.000000 1024.000000 68.000000 1.000000 160.000000 -1.000000 0.000000
2014-02-14T21:00:00Z 270.150000 1024.000000 68.000000 1.000000 30.000000 -1.000000 0.000000
2014-02-14T22:00:00Z 269.150000 1025.000000 73.000000 1.000000 60.000000 -1.000000 0.000000
2014-02-14T23:00:00Z 270.430000 1017.000000 72.000000 1.030000 266.000000 -1.000000 0.000000
2014-02-15T00:00:00Z 269.520000 1017.000000 74.000000 1.030000 308.000000 -1.000000 0.000000
2014-02-15T01:00:00Z 269.570000 1024.000000 79.000000 1.000000 10.000000 -1.000000 0.000000
2014-02-15T02:00:00Z 269.570000 1024.000000 79.000000 1.000000 10.000000 -1.000000 0.000000
2014-02-15T03:00:00Z 269.230000 1024.000000 79.000000 2.000000 10.000000 -1.000000 12.000000
2014-02-15T04:00:00Z 268.270000 1016.000000 79.000000 0.510000 283.000000 -1.000000 12.000000
2014-02-15T05:00:00Z 269.300000 1024.000000 79.000000 2.000000 350.000000 -1.000000 12.000000
2014-02-15T06:00:00Z 269.990000 1017.000000 76.000000 0.910000 29.003800 -1.000000 0.000000
2014-02-15T07:00:00Z 269.040000 1017.000000 76.000000 1.540000 304.000000 -1.000000 0.000000
2014-02-15T08:00:00Z 269.040000 1017.000000 76.000000 1.540000 304.000000 -1.000000 0.000000
2014-02-15T09:00:00Z 264.813000 1033.290000 76.000000 0.910000 29.003800 -1.000000 0.000000
2014-02-15T10:00:00Z 271.480000 1018.000000 74.000000 1.690000 25.000000 -1.000000 8.000000
2014-02-15T11:00:00Z 273.150000 1018.000000 70.000000 0.510000 294.000000 -1.000000 8.000000
2014-02-15T12:00:00Z 273.150000 1018.000000 70.000000 0.510000 294.000000 -1.000000 8.000000
2014-02-15T13:00:00Z 275.930000 1016.000000 60.000000 0.510000 86.000000 -1.000000 8.000000
2014-02-15T14:00:00Z 279.732000 1032.200000 42.000000 1.780000 131.001000 -1.000000 8.000000
2014-02-15T15:00:00Z 276.480000 1015.000000 58.000000 0.510000 137.000000 -1.000000 44.000000
2014-02-15T16:00:00Z 276.480000 1015.000000 58.000000 0.510000 137.000000 -1.000000 44.000000
2014-02-15T17:00:00Z 280.692000 1031.170000 37.000000 3.760000 201.500000 -1.000000 44.000000
2014-02-15T18:00:00Z 280.692000 1031.170000 37.000000 3.760000 201.500000 -1.000000 44.000000
2014-02-15T19:00:00Z 272.714000 1032.390000 70.000000 2.610000 179.001000 -1.000000 0.000000
2014-02-15T20:00:00Z 272.714000 1032.390000 70.000000 2.610000 179.001000 -1.000000 0.000000
2014-02-15T21:00:00Z 272.370000 1025.000000 73.000000 1.000000 0.000000 -1.000000 12.000000
2014-02-15T22:00:00Z 268.639000 1033.310000 68.000000 1.810000 172.005000 -1.000000 12.000000
2014-02-15T23:00:00Z 272.590000 1018.000000 73.000000 1.810000 172.005000 -1.000000 12.000000
2014-02-16T00:00:00Z 272.590000 1018.000000 73.000000 1.810000 172.005000 -1.000000 12.000000
2014-02-16T01:00:00Z 272.040000 1018.000000 75.000000 1.030000 314.000000 -1.000000 12.000000
2014-02-16T02:00:00Z 266.803000 1033.710000 65.000000 1.070000 71.002900 -1.000000 12.000000
2014-02-16T03:00:00Z 272.040000 1019.000000 74.000000 2.060000 314.000000 -1.000000 0.000000
2014-02-16T04:00:00Z 270.160000 1026.000000 73.000000 4.000000 350.000000 -1.000000 0.000000
2014-02-16T05:00:00Z 270.160000 1026.000000 73.000000 4.000000 350.000000 -1.000000 0.000000
2014-02-16T06:00:00Z 268.838000 1037.330000 79.000000 3.300000 31.000500 -1.000000 68.000000
2014-03-23T08:00:00Z 282.720000 1027.000000 32.000000 2.000000 100.000000 -1.000000 0.000000
2014-03-23T09:00:00Z 282.720000 1027.000000 32.000000 2.000000 100.000000 -1.000000 0.000000
2014-03-23T10:00:00Z 286.470000 1019.000000 40.000000 4.810000 197.008000 -1.000000 0.000000
2014-03-23T11:00:00Z 288.600000 1026.000000 25.000000 2.000000 0.000000 -1.000000 0.000000
2014-03-23T15:00:00Z 292.110000 1012.000000 31.000000 2.060000 172.000000 -1.000000 0.000000
2014-03-23T16:00:00Z 292.110000 1012.000000 31.000000 2.060000 172.000000 -1.000000 0.000000
2014-03-23T17:00:00Z 292.110000 1012.000000 31.000000 2.060000 172.000000 -1.000000 0.000000
2014-03-23T18:00:00Z 291.410000 1019.000000 25.000000 4.000000 130.000000 -1.000000 0.000000
2014-03-23T19:00:00Z 288.150000 1019.000000 30.000000 3.000000 130.000000 -1.000000 0.000000
2014-03-23T20:00:00Z 288.150000 1019.000000 30.000000 3.000000 130.000000 -1.000000 0.000000
2014-03-23T21:00:00Z 287.150000 1020.000000 35.000000 4.000000 120.000000 -1.000000 0.000000
2014-03-23T22:00:00Z 286.440000 1020.000000 40.000000 3.000000 130.000000 -1.000000 0.000000
2014-03-23T23:00:00Z 284.150000 1019.000000 43.000000 3.000000 130.000000 -1.000000 0.000000
2014-03-24T00:00:00Z 283.230000 1019.000000 49.000000 1.000000 0.000000 -1.000000 24.000000
2014-03-24T01:00:00Z 282.570000 1018.000000 56.000000 1.000000 40.000000 -1.000000 24.000000
2014-03-24T02:00:00Z 282.570000 1018.000000 56.000000 1.000000 40.000000 -1.000000 24.000000
2014-03-24T03:00:00Z 279.150000 1017.000000 60.000000 2.000000 360.000000 -1.000000 0.000000
2014-03-24T04:00:00Z 280.150000 1017.000000 84.000000 1.000000 110.000000 -1.000000 0.000000
2014-03-24T05:00:00Z 282.040000 1009.000000 66.000000 1.870000 49.503400 -1.000000 36.000000
2014-03-24T06:00:00Z 279.150000 1016.000000 70.000000 1.000000 140.000000 -1.000000 20.000000
2014-03-24T07:00:00Z 280.280000 1016.000000 70.000000 1.000000 0.000000 -1.000000 76.000000
2014-03-24T08:00:00Z 280.280000 1016.000000 70.000000 1.000000 0.000000 -1.000000 76.000000
2014-03-24T09:00:00Z 284.200000 1008.000000 61.000000 2.650000 209.505000 -1.000000 12.000000
2014-03-24T10:00:00Z 284.870000 1016.000000 43.000000 1.000000 0.000000 -1.000000 88.000000
2014-03-24T11:00:00Z 287.530000 1015.000000 38.000000 1.000000 0.000000 -1.000000 20.000000
2014-03-24T12:00:00Z 287.530000 1015.000000 38.000000 1.000000 0.000000 -1.000000 20.000000
2014-03-24T13:00:00Z 292.100000 1004.000000 38.000000 1.030000 130.000000 -1.000000 0.000000
2014-03-24T14:00:00Z 292.100000 1004.000000 38.000000 1.030000 130.000000 -1.000000 0.000000
2014-03-24T15:00:00Z 293.150000 1003.000000 37.000000 1.540000 124.000000 -1.000000 0.000000
2014-03-24T16:00:00Z 294.210000 1010.000000 24.000000 4.000000 200.000000 -1.000000 0.000000
2014-03-24T17:00:00Z 294.150000 1009.000000 24.000000 4.000000 220.000000 -1.000000 0.000000
2014-03-24T18:00:00Z 293.150000 1010.000000 24.000000 2.000000 210.000000 -1.000000 12.000000
2014-03-24T19:00:00Z 292.150000 1010.000000 38.000000 3.000000 190.000000 -1.000000 8.000000
2014-03-24T23:00:00Z 283.150000 1011.000000 57.000000 1.000000 0.000000 -1.000000 0.000000
2014-03-25T00:00:00Z 282.150000 1011.000000 66.000000 1.000000 360.000000 -1.000000 8.000000
2014-03-25T01:00:00Z 282.150000 1011.000000 66.000000 1.000000 360.000000 -1.000000 8.000000
2014-03-25T02:00:00Z 282.150000 1012.000000 57.000000 2.000000 10.000000 -1.000000 0.000000
2014-03-25T03:00:00Z 281.150000 1011.000000 61.000000 1.000000 360.000000 -1.000000 24.000000
2014-03-25T04:00:00Z 281.150000 1011.000000 61.000000 2.000000 360.000000 -1.000000 24.000000
2014-03-25T05:00:00Z 281.660000 1004.000000 60.000000 0.510000 56.000000 -1.000000 0.000000
2014-03-25T06:00:00Z 281.660000 1004.000000 60.000000 0.510000 56.000000 -1.000000 0.000000
2014-03-25T07:00:00Z 281.080000 1004.000000 61.000000 2.060000 323.000000 -1.000000 0.000000
2014-03-25T08:00:00Z 283.500000 1012.000000 53.000000 3.000000 340.000000 -1.000000 0.000000
2014-03-25T09:00:00Z 286.150000 1012.000000 37.000000 4.000000 340.000000 -1.000000 0.000000
2014-03-25T10:00:00Z 289.400000 1004.000000 41.000000 1.030000 338.000000 -1.000000 48.000000
2014-03-25T11:00:00Z 289.400000 1004.000000 41.000000 1.030000 338.000000 -1.000000 48.000000
2014-03-25T12:00:00Z 291.370000 1011.000000 40.000000 2.000000 150.000000 -1.000000 48.000000
2014-03-25T13:00:00Z 293.370000 1002.000000 37.000000 0.510000 355.000000 -1.000000 48.000000
2014-03-25T14:00:00Z 294.070000 1009.000000 23.000000 4.000000 190.000000 -1.000000 0.000000
2014-03-25T15:00:00Z 296.070000 1000.000000 33.000000 5.000000 196.003000 -1.000000 8.000000
2014-03-25T16:00:00Z 296.040000 1007.000000 26.000000 4.000000 190.000000 -1.000000 8.000000
2014-03-25T17:00:00Z 295.780000 1007.000000 26.000000 4.000000 190.000000 -1.000000 8.000000
2014-03-25T18:00:00Z 294.520000 1007.000000 28.000000 3.000000 190.000000 -1.000000 0.000000
2014-03-25T19:00:00Z 291.680000 1008.000000 39.000000 1.000000 0.000000 -1.000000 0.000000
2014-03-25T20:00:00Z 291.680000 1008.000000 39.000000 1.000000 0.000000 -1.000000 0.000000
2014-03-25T21:00:00Z 287.150000 1009.000000 54.000000 1.000000 150.000000 -1.000000 0.000000
2014-03-25T22:00:00Z 288.690000 1002.000000 53.000000 4.220000 208.000000 -1.000000 0.000000
2014-03-25T23:00:00Z 288.690000 1002.000000 53.000000 4.220000 208.000000 -1.000000 0.000000
2014-03-26T00:00:00Z 286.660000 1002.000000 57.000000 4.220000 208.000000 -1.000000 0.000000
2014-03-26T01:00:00Z 285.720000 1002.000000 62.000000 3.300000 197.501000 -1.000000 0.000000
2014-03-26T02:00:00Z 284.430000 1002.000000 66.000000 3.300000 197.501000 -1.000000 0.000000
2014-03-26T03:00:00Z 285.410000 1009.000000 62.000000 1.000000 0.000000 -1.000000 0.000000
2014-03-26T04:00:00Z 283.150000 1010.000000 66.000000 1.000000 0.000000 -1.000000 0.000000
2014-03-26T05:00:00Z 283.170000 1003.000000 79.000000 1.360000 185.008000 -1.000000 0.000000
2014-03-26T06:00:00Z 283.170000 1003.000000 79.000000 1.360000 185.008000 -1.000000 0.000000
2014-03-26T07:00:00Z 283.380000 1012.000000 76.000000 2.000000 10.000000 -1.000000 0.000000
2014-03-26T08:00:00Z 283.380000 1012.000000 76.000000 2.000000 10.000000 -1.000000 0.000000
2014-03-26T09:00:00Z 287.150000 1013.000000 62.000000 1.000000 0.000000 -1.000000 0.000000
2014-03-26T10:00:00Z 287.150000 1013.000000 62.000000 1.000000 0.000000 -1.000000 0.000000
2014-03-26T11:00:00Z 291.810000 1012.000000 45.000000 1.000000 0.000000 -1.000000 0.000000
2014-03-26T12:00:00Z 291.810000 1012.000000 45.000000 1.000000 0.000000 -1.000000 0.000000
2014-03-26T13:00:00Z 294.950000 1009.000000 35.000000 2.000000 0.000000 -1.000000 20.000000
2014-03-26T14:00:00Z 294.950000 1009.000000 35.000000 2.000000 0.000000 -1.000000 20.000000
2014-03-26T15:00:00Z 296.150000 1008.000000 33.000000 2.000000 200.000000 -1.000000 0.000000
2014-03-26T16:00:00Z 297.080000 1007.000000 31.000000 4.000000 190.000000 -1.000000 92.000000
2014-03-26T17:00:00Z 297.080000 1007.000000 31.000000 4.000000 190.000000 -1.000000 92.000000
2014-03-26T18:00:00Z 296.050000 1000.000000 48.000000 10.760000 325.006000 -1.000000 44.000000
2014-03-26T19:00:00Z 293.150000 1009.000000 45.000000 2.000000 170.000000 -1.000000 44.000000
2014-03-26T20:00:00Z 293.150000 1009.000000 45.000000 2.000000 170.000000 -1.000000 44.000000
2014-03-26T21:00:00Z 289.490000 1011.000000 62.000000 5.380000 217.500000 -1.000000 0.000000
2014-03-26T22:00:00Z 289.490000 1011.000000 62.000000 5.380000 217.500000 -1.000000 0.000000
2014-03-26T23:00:00Z 286.150000 1011.000000 71.000000 1.000000 50.000000 -1.000000 0.000000
2014-03-27T00:00:00Z 285.150000 1011.000000 71.000000 1.000000 40.000000 -1.000000 0.000000
2014-03-27T01:00:00Z 285.150000 1011.000000 71.000000 1.000000 40.000000 -1.000000 0.000000
2014-03-27T02:00:00Z 287.901000 1018.580000 71.000000 4.100000 216.500000 -1.000000 0.000000
2014-03-27T03:00:00Z 284.150000 1011.000000 76.000000 3.860000 194.001000 -1.000000 0.000000
2014-03-27T04:00:00Z 284.790000 1004.000000 74.000000 3.860000 194.001000 -1.000000 0.000000
2014-03-27T05:00:00Z 284.790000 1004.000000 74.000000 3.860000 194.001000 -1.000000 0.000000
2014-03-27T06:00:00Z 285.340000 1012.000000 76.000000 1.000000 60.000000 -1.000000 0.000000
2014-03-27T07:00:00Z 285.150000 1012.000000 71.000000 1.000000 80.000000 -1.000000 8.000000
2014-03-27T08:00:00Z 287.780000 1006.000000 76.000000 1.540000 82.000000 -1.000000 8.000000
2014-03-27T09:00:00Z 288.890000 1014.000000 63.000000 3.000000 110.000000 -1.000000 8.000000
2014-03-27T10:00:00Z 289.150000 1014.000000 59.000000 4.000000 120.000000 -1.000000 8.000000
2014-03-27T11:00:00Z 289.150000 1014.000000 59.000000 4.000000 120.000000 -1.000000 8.000000
2014-03-27T12:00:00Z 288.150000 1004.000000 59.000000 1.030000 108.000000 -1.000000 20.000000
2014-03-27T13:00:00Z 288.150000 1004.000000 59.000000 1.030000 108.000000 -1.000000 20.000000
2014-10-29T16:00:00Z 288.150000 1023.000000 47.000000 1.000000 0.000000 -1.000000 68.000000
2014-10-29T17:00:00Z 285.150000 1023.000000 71.000000 1.000000 60.000000 -1.000000 68.000000
2014-10-29T18:00:00Z 285.150000 1023.000000 71.000000 1.000000 60.000000 -1.000000 68.000000
2014-10-29T19:00:00Z 284.150000 1023.000000 76.000000 1.000000 70.000000 -1.000000 80.000000
2014-10-29T20:00:00Z 285.150000 1023.000000 71.000000 1.000000 70.000000 -1.000000 92.000000
2014-10-29T21:00:00Z 284.150000 1023.000000 76.000000 1.000000 90.000000 -1.000000 76.000000
2014-10-29T22:00:00Z 284.150000 1024.000000 81.000000 1.000000 60.000000 -1.000000 68.000000
2014-10-29T23:00:00Z 284.150000 1024.000000 81.000000 1.000000 60.000000 -1.000000 68.000000
2014-10-30T00:00:00Z 284.150000 1023.000000 81.000000 1.000000 0.000000 -1.000000 64.000000
2014-10-30T01:00:00Z 284.150000 1023.000000 81.000000 1.000000 0.000000 -1.000000 64.000000
2014-10-30T02:00:00Z 284.150000 1023.000000 71.000000 0.200000 239.506000 -1.000000 64.000000
2014-10-30T03:00:00Z 284.150000 1023.000000 71.000000 0.200000 239.506000 -1.000000 64.000000
2014-10-30T04:00:00Z 283.150000 1022.000000 81.000000 2.000000 40.000000 -1.000000 64.000000
2014-10-30T05:00:00Z 283.150000 1022.000000 87.000000 1.000000 30.000000 -1.000000 64.000000
2014-10-30T06:00:00Z 283.150000 1022.000000 87.000000 1.000000 30.000000 -1.000000 64.000000
2014-10-30T07:00:00Z 283.150000 1023.000000 87.000000 2.000000 5.511410 -1.000000 56.000000
2014-10-30T08:00:00Z 284.150000 1024.000000 81.000000 2.000000 5.511410 -1.000000 56.000000
2014-10-30T09:00:00Z 285.150000 1024.000000 71.000000 2.000000 360.000000 -1.000000 44.000000
2014-10-30T10:00:00Z 285.150000 1024.000000 71.000000 2.000000 360.000000 -1.000000 44.000000
2014-10-30T11:00:00Z 286.150000 1024.000000 62.000000 1.000000 0.000000 -1.000000 44.000000
2014-10-30T12:00:00Z 287.150000 1023.000000 58.000000 1.000000 0.000000 -1.000000 56.000000
2014-10-30T13:00:00Z 287.150000 1022.000000 58.000000 2.000000 40.000000 -1.000000 56.000000
2014-10-30T14:00:00Z 287.150000 1022.000000 58.000000 2.000000 40.000000 -1.000000 56.000000
2014-10-30T15:00:00Z 288.150000 1021.000000 54.000000 1.000000 0.000000 -1.000000 20.000000
2014-10-30T16:00:00Z 288.150000 1021.000000 54.000000 1.000000 0.000000 -1.000000 20.000000
2014-10-30T17:00:00Z 287.150000 1021.000000 62.000000 2.070000 74.500200 -1.000000 20.000000
2014-10-30T18:00:00Z 287.150000 1021.000000 62.000000 2.070000 74.500200 -1.000000 20.000000
2014-10-30T19:00:00Z 285.150000 1023.000000 76.000000 1.000000 0.000000 -1.000000 80.000000
2014-10-30T20:00:00Z 285.150000 1023.000000 76.000000 1.000000 0.000000 -1.000000 80.000000
2014-10-30T21:00:00Z 285.150000 1023.000000 76.000000 1.000000 0.000000 -1.000000 80.000000
2014-10-30T22:00:00Z 285.150000 1023.000000 81.000000 1.000000 360.000000 -1.000000 80.000000
2014-10-30T23:00:00Z 285.150000 1023.000000 81.000000 1.000000 360.000000 -1.000000 80.000000
2014-10-31T00:00:00Z 284.150000 1022.000000 93.000000 1.000000 20.000000 -1.000000 48.000000
2014-10-31T01:00:00Z 284.150000 1022.000000 93.000000 1.000000 30.000000 -1.000000 48.000000
2014-10-31T02:00:00Z 285.150000 1022.000000 76.000000 1.000000 20.000000 -1.000000 92.000000
2014-10-31T05:00:00Z 284.150000 1021.000000 87.000000 2.310000 16.504600 -1.000000 20.000000
2014-10-23T18:00:00Z 285.150000 1013.000000 81.000000 1.000000 0.000000 -1.000000 0.000000
2014-10-23T19:00:00Z 285.150000 1013.000000 81.000000 1.000000 0.000000 -1.000000 0.000000
2014-10-23T20:00:00Z 283.150000 1013.000000 93.000000 1.000000 0.000000 -1.000000 0.000000
2014-10-23T21:00:00Z 282.150000 1013.000000 100.000000 1.000000 80.000000 -1.000000 0.000000
2014-10-23T22:00:00Z 282.150000 1013.000000 93.000000 1.000000 90.000000 -1.000000 0.000000
2014-10-23T23:00:00Z 282.150000 1012.000000 93.000000 1.000000 0.000000 -1.000000 0.000000
2014-10-24T00:00:00Z 282.150000 1012.000000 93.000000 1.000000 0.000000 -1.000000 0.000000
2014-10-24T01:00:00Z 282.150000 1012.000000 93.000000 2.000000 320.000000 -1.000000 0.000000
2014-10-24T02:00:00Z 282.150000 1012.000000 93.000000 2.000000 320.000000 -1.000000 0.000000
2014-10-24T03:00:00Z 282.150000 1012.000000 93.000000 2.000000 360.000000 -1.000000 0.000000
2014-10-24T04:00:00Z 281.150000 1012.000000 100.000000 2.000000 360.000000 -1.000000 0.000000
2014-10-24T05:00:00Z 281.150000 1012.000000 93.000000 1.000000 30.000000 -1.000000 0.000000
2014-10-24T06:00:00Z 281.150000 1012.000000 93.000000 1.000000 30.000000 -1.000000 0.000000
2014-10-24T07:00:00Z 282.150000 1012.000000 93.000000 3.000000 350.000000 -1.000000 0.000000
2014-10-24T08:00:00Z 282.150000 1012.000000 93.000000 3.000000 350.000000 -1.000000 0.000000
2014-10-24T09:00:00Z 285.150000 1013.000000 81.000000 3.000000 350.000000 -1.000000 0.000000
2014-10-24T10:00:00Z 287.150000 1013.000000 76.000000 3.000000 350.000000 -1.000000 0.000000
2014-10-24T11:00:00Z 289.150000 1012.000000 72.000000 1.000000 0.000000 -1.000000 0.000000
2014-10-24T12:00:00Z 290.150000 1011.000000 72.000000 2.000000 140.000000 -1.000000 0.000000
2014-10-24T13:00:00Z 290.150000 1011.000000 72.000000 2.000000 140.000000 -1.000000 0.000000
2014-10-24T14:00:00Z 291.150000 1010.000000 63.000000 2.000000 160.000000 -1.000000 0.000000
2014-10-24T15:00:00Z 290.150000 1009.000000 72.000000 2.000000 130.000000 -1.000000 0.000000
2014-10-24T16:00:00Z 290.150000 1009.000000 72.000000 2.000000 140.000000 -1.000000 0.000000
2014-10-24T17:00:00Z 287.150000 1010.000000 82.000000 1.000000 0.000000 -1.000000 0.000000
2014-10-24T18:00:00Z 287.150000 1010.000000 82.000000 1.000000 0.000000 -1.000000 0.000000
2014-10-24T19:00:00Z 286.150000 1011.000000 93.000000 2.820000 206.002000 -1.000000 0.000000
2014-10-24T20:00:00Z 284.150000 1011.000000 100.000000 1.000000 80.000000 -1.000000 0.000000
2014-10-24T21:00:00Z 283.150000 1012.000000 100.000000 1.000000 0.000000 -1.000000 0.000000
2014-10-24T22:00:00Z 284.150000 1012.000000 93.000000 1.000000 0.000000 -1.000000 0.000000
2014-10-24T23:00:00Z 283.150000 1012.000000 100.000000 1.000000 0.000000 -1.000000 0.000000
2014-10-25T00:00:00Z 283.150000 1012.000000 100.000000 1.000000 0.000000 -1.000000 0.000000
2014-10-25T01:00:00Z 283.150000 1012.000000 100.000000 2.000000 360.000000 -1.000000 0.000000
2014-10-25T02:00:00Z 283.150000 1012.000000 93.000000 2.000000 360.000000 -1.000000 0.000000
2014-10-25T03:00:00Z 283.150000 1011.000000 100.000000 1.000000 360.000000 -1.000000 0.000000
2014-10-25T04:00:00Z 283.150000 1011.000000 100.000000 1.000000 360.000000 -1.000000 0.000000
2014-10-25T05:00:00Z 282.150000 1011.000000 93.000000 2.000000 340.000000 -1.000000 0.000000
2014-10-25T06:00:00Z 282.150000 1011.000000 100.000000 1.000000 320.000000 -1.000000 32.000000
2014-10-07T16:00:00Z 293.150000 1018.000000 49.000000 2.000000 150.000000 -1.000000 20.000000
2014-10-07T17:00:00Z 293.150000 1018.000000 49.000000 2.000000 150.000000 -1.000000 20.000000
2014-10-07T18:00:00Z 289.150000 1018.000000 72.000000 1.000000 0.000000 -1.000000 44.000000
2014-10-07T19:00:00Z 287.150000 1019.000000 87.000000 2.420000 185.502000 -1.000000 56.000000
2014-10-07T20:00:00Z 286.150000 1019.000000 93.000000 1.000000 80.000000 -1.000000 56.000000
2014-10-07T21:00:00Z 285.150000 1019.000000 93.000000 1.000000 60.000000 -1.000000 68.000000
2014-10-07T22:00:00Z 285.150000 1019.000000 93.000000 1.000000 60.000000 -1.000000 68.000000
2014-10-07T23:00:00Z 285.150000 1020.000000 93.000000 1.000000 0.000000 -1.000000 68.000000
2014-10-08T00:00:00Z 285.150000 1020.000000 93.000000 1.470000 177.503000 -1.000000 68.000000
2014-10-08T01:00:00Z 285.150000 1020.000000 93.000000 1.000000 0.000000 -1.000000 76.000000
2014-10-08T02:00:00Z 285.150000 1020.000000 93.000000 1.860000 175.007000 -1.000000 76.000000
2014-10-08T03:00:00Z 285.150000 1019.000000 87.000000 1.000000 0.000000 -1.000000 76.000000
2014-10-08T04:00:00Z 285.150000 1019.000000 87.000000 1.000000 0.000000 -1.000000 76.000000
2014-10-08T05:00:00Z 284.150000 1020.000000 93.000000 1.000000 350.000000 -1.000000 80.000000
2014-10-08T06:00:00Z 285.150000 1020.000000 87.000000 2.000000 350.000000 -1.000000 64.000000
2014-10-08T07:00:00Z 285.150000 1020.000000 87.000000 2.000000 350.000000 -1.000000 64.000000
2014-10-08T08:00:00Z 286.150000 1020.000000 87.000000 1.000000 0.000000 -1.000000 75.000000
2014-10-08T09:00:00Z 287.150000 1021.000000 82.000000 3.000000 10.000000 -1.000000 32.000000
2014-10-08T10:00:00Z 289.150000 1021.000000 72.000000 1.000000 0.000000 -1.000000 32.000000
2014-10-08T11:00:00Z 290.150000 1020.000000 67.000000 2.000000 80.000000 -1.000000 36.000000
2014-10-08T12:00:00Z 290.150000 1019.000000 72.000000 2.000000 60.000000 -1.000000 0.000000
2014-10-08T13:00:00Z 292.150000 1018.000000 68.000000 2.000000 160.000000 -1.000000 0.000000
2014-10-08T14:00:00Z 292.150000 1018.000000 68.000000 2.000000 160.000000 -1.000000 0.000000
2014-10-08T15:00:00Z 293.150000 1017.000000 64.000000 3.000000 150.000000 -1.000000 0.000000
2014-10-08T16:00:00Z 293.150000 1017.000000 68.000000 1.000000 0.000000 -1.000000 0.000000
2014-10-08T17:00:00Z 291.150000 1017.000000 82.000000 1.000000 30.000000 -1.000000 0.000000
2014-10-08T18:00:00Z 289.150000 1017.000000 87.000000 1.000000 50.000000 -1.000000 0.000000
2014-10-08T19:00:00Z 288.150000 1018.000000 93.000000 1.000000 0.000000 -1.000000 0.000000
2014-10-08T20:00:00Z 288.150000 1018.000000 87.000000 1.000000 0.000000 -1.000000 0.000000
2014-10-08T21:00:00Z 288.150000 1018.000000 87.000000 1.000000 0.000000 -1.000000 0.000000
2014-10-08T22:00:00Z 287.150000 1019.000000 93.000000 1.000000 0.000000 -1.000000 0.000000
2014-10-08T23:00:00Z 286.150000 1019.000000 100.000000 3.310000 203.502000 -1.000000 0.000000
2014-10-09T00:00:00Z 286.150000 1018.000000 100.000000 2.550000 203.500000 -1.000000 0.000000
2014-10-09T01:00:00Z 286.150000 1019.000000 93.000000 2.460000 198.003000 -1.000000 0.000000
2014-10-09T02:00:00Z 286.150000 1019.000000 93.000000 2.460000 198.003000 -1.000000 0.000000
2014-10-09T03:00:00Z 285.150000 1018.000000 100.000000 1.000000 20.000000 -1.000000 0.000000
2014-10-09T04:00:00Z 285.150000 1019.000000 93.000000 1.000000 80.000000 -1.000000 0.000000
2014-10-09T05:00:00Z 284.150000 1019.000000 100.000000 1.000000 50.000000 -1.000000 0.000000
2014-10-09T06:00:00Z 284.150000 1019.000000 100.000000 1.000000 50.000000 -1.000000 0.000000
2014-10-09T07:00:00Z 285.150000 1020.000000 93.000000 1.070000 322.004000 -1.000000 0.000000
2014-10-09T08:00:00Z 286.150000 1020.000000 100.000000 1.000000 10.000000 -1.000000 0.000000
2014-10-09T09:00:00Z 288.150000 1021.000000 93.000000 1.000000 20.000000 -1.000000 0.000000
2014-10-09T10:00:00Z 290.150000 1021.000000 82.000000 1.000000 0.000000 -1.000000 0.000000
2014-10-09T11:00:00Z 293.150000 1020.000000 64.000000 2.000000 360.000000 -1.000000 0.000000
2014-10-09T12:00:00Z 293.150000 1020.000000 64.000000 2.000000 360.000000 -1.000000 0.000000
2014-10-09T13:00:00Z 294.150000 1019.000000 68.000000 1.000000 0.000000 -1.000000 0.000000
2014-10-09T14:00:00Z 294.150000 1019.000000 68.000000 1.000000 0.000000 -1.000000 0.000000
2014-10-09T15:00:00Z 295.150000 1019.000000 60.000000 2.000000 190.000000 -1.000000 0.000000
2014-10-09T16:00:00Z 295.150000 1018.000000 64.000000 1.000000 0.000000 -1.000000 0.000000
2014-10-09T17:00:00Z 292.150000 1018.000000 82.000000 1.660000 184.000000 -1.000000 0.000000
2014-10-09T18:00:00Z 292.150000 1018.000000 82.000000 1.660000 184.000000 -1.000000 0.000000
2014-10-09T19:00:00Z 290.150000 1019.000000 88.000000 1.000000 0.000000 -1.000000 0.000000
2014-10-09T20:00:00Z 288.150000 1020.000000 100.000000 1.000000 10.000000 -1.000000 0.000000
2014-10-09T21:00:00Z 288.150000 1020.000000 100.000000 1.000000 10.000000 -1.000000 0.000000
2014-10-09T22:00:00Z 288.150000 1020.000000 100.000000 1.000000 10.000000 -1.000000 0.000000
2014-10-09T23:00:00Z 287.150000 1022.000000 93.000000 2.000000 360.000000 -1.000000 24.000000
2014-10-10T00:00:00Z 287.150000 1022.000000 93.000000 2.000000 360.000000 -1.000000 24.000000
2014-10-10T01:00:00Z 287.150000 1022.000000 93.000000 2.000000 360.000000 -1.000000 24.000000
2014-10-10T02:00:00Z 287.150000 1022.000000 93.000000 2.000000 360.000000 -1.000000 24.000000
2014-10-10T03:00:00Z 286.150000 1022.000000 93.000000 1.000000 0.000000 -1.000000 56.000000
2014-10-10T04:00:00Z 286.150000 1022.000000 93.000000 1.000000 0.000000 -1.000000 56.000000
2014-10-10T05:00:00Z 285.150000 1023.000000 100.000000 2.000000 20.000000 -1.000000 32.000000
2014-10-10T08:00:00Z 287.150000 1024.000000 100.000000 1.000000 0.000000 -1.000000 32.000000
2014-10-10T09:00:00Z 287.150000 1024.000000 100.000000 1.000000 0.000000 -1.000000 32.000000
2014-10-10T10:00:00Z 287.150000 1024.000000 100.000000 1.000000 0.000000 -1.000000 32.000000
2014-10-10T11:00:00Z 287.150000 1024.000000 100.000000 1.000000 0.000000 -1.000000 32.000000
2014-10-10T12:00:00Z 295.150000 1021.000000 60.000000 3.000000 160.000000 -1.000000 0.000000
2014-10-10T13:00:00Z 295.150000 1021.000000 60.000000 3.000000 160.000000 -1.000000 0.000000
2014-10-10T14:00:00Z 295.150000 1021.000000 60.000000 3.000000 160.000000 -1.000000 0.000000
2014-10-10T15:00:00Z 295.150000 1021.000000 64.000000 3.000000 160.000000 -1.000000 0.000000
2014-10-10T16:00:00Z 295.150000 1021.000000 64.000000 3.000000 160.000000 -1.000000 0.000000
2014-10-10T17:00:00Z 293.150000 1020.000000 72.000000 2.000000 140.000000 -1.000000 0.000000
2014-10-10T18:00:00Z 293.150000 1020.000000 72.000000 2.000000 140.000000 -1.000000 0.000000
2014-10-10T19:00:00Z 290.150000 1020.000000 88.000000 2.000000 110.000000 -1.000000 0.000000
2014-10-10T20:00:00Z 290.150000 1020.000000 88.000000 2.000000 110.000000 -1.000000 0.000000
2014-10-10T21:00:00Z 289.150000 1021.000000 93.000000 1.000000 0.000000 -1.000000 0.000000
2014-10-10T22:00:00Z 288.150000 1021.000000 93.000000 1.000000 0.000000 -1.000000 0.000000
