2013-06-01T15:00:00Z 304.150000 1005.000000 10.000000 3.000000 120.000000 -1.000000 0.000000
2013-06-01T16:00:00Z 303.720000 1005.000000 11.000000 2.000000 140.000000 -1.000000 0.000000
2013-06-01T17:00:00Z 304.490000 1006.000000 10.000000 1.000000 0.000000 -1.000000 0.000000
2013-06-01T18:00:00Z 303.150000 998.000000 20.000000 2.060000 74.000000 -1.000000 64.000000
2013-06-01T19:00:00Z 299.150000 1007.000000 31.000000 4.000000 160.000000 -1.000000 0.000000
2013-06-01T20:00:00Z 298.150000 1007.000000 36.000000 4.000000 140.000000 -1.000000 0.000000
2013-06-01T21:00:00Z 297.150000 1007.000000 38.000000 3.000000 160.000000 -1.000000 0.000000
2013-06-01T22:00:00Z 296.170000 1008.000000 46.000000 2.000000 140.000000 -1.000000 0.000000
2013-06-01T23:00:00Z 294.150000 1008.000000 49.000000 2.510000 130.500000 -1.000000 0.000000
2013-06-02T00:00:00Z 294.220000 1000.000000 51.000000 1.160000 87.505200 -1.000000 0.000000
2013-06-02T01:00:00Z 293.440000 999.000000 51.000000 1.160000 87.505200 -1.000000 0.000000
2013-06-02T02:00:00Z 293.100000 999.000000 50.000000 0.510000 133.000000 -1.000000 0.000000
2013-06-02T03:00:00Z 293.100000 999.000000 50.000000 0.510000 133.000000 -1.000000 0.000000
2013-06-02T04:00:00Z 292.690000 1007.000000 68.000000 1.000000 0.000000 -1.000000 92.000000
2013-06-02T05:00:00Z 291.150000 1007.000000 72.000000 1.000000 0.000000 -1.000000 92.000000
2013-06-02T06:00:00Z 292.090000 1006.000000 77.000000 4.000000 120.000000 -1.000000 92.000000
2013-06-02T07:00:00Z 292.400000 1006.000000 77.000000 4.000000 120.000000 -1.000000 76.000000
2013-06-02T08:00:00Z 293.410000 998.000000 75.000000 1.030000 139.000000 -1.000000 76.000000
2013-06-02T09:00:00Z 293.930000 1007.000000 73.000000 2.000000 130.000000 -1.000000 68.000000
2013-06-02T10:00:00Z 294.440000 998.000000 74.000000 0.510000 54.000000 -1.000000 68.000000
2013-06-02T11:00:00Z 295.250000 997.000000 73.000000 2.060000 90.000000 -1.000000 68.000000
2013-06-02T12:00:00Z 295.250000 997.000000 73.000000 2.060000 90.000000 -1.000000 68.000000
2013-06-02T13:00:00Z 297.360000 995.000000 69.000000 1.030000 132.000000 -1.000000 92.000000
2013-06-02T14:00:00Z 297.820000 1003.000000 69.000000 3.000000 110.000000 -1.000000 76.000000
2013-06-05T07:00:00Z 292.150000 1012.000000 93.000000 1.000000 0.000000 0.000000 90.000000
2013-06-05T08:00:00Z 291.310000 1005.000000 96.000000 1.560000 61.501000 -1.000000 76.000000
2013-06-05T09:00:00Z 291.300000 1005.000000 96.000000 1.030000 109.000000 -1.000000 76.000000
2013-06-05T10:00:00Z 291.150000 1013.000000 100.000000 2.000000 110.000000 0.000000 90.000000
2013-06-05T11:00:00Z 291.740000 1013.000000 93.000000 2.000000 110.000000 -1.000000 90.000000
2013-06-05T12:00:00Z 292.150000 1012.000000 88.000000 4.000000 120.000000 0.000000 90.000000
2013-06-05T13:00:00Z 292.150000 1012.000000 88.000000 3.000000 120.000000 0.000000 90.000000
2013-06-05T14:00:00Z 293.214000 999.280000 91.000000 1.710000 44.003400 0.150000 92.000000
2013-06-05T15:00:00Z 292.080000 1012.000000 88.000000 3.000000 110.000000 0.150000 90.000000
2013-06-05T16:00:00Z 292.080000 1011.000000 88.000000 2.000000 100.000000 0.000000 90.000000
2013-06-05T17:00:00Z 292.090000 1011.000000 88.000000 2.000000 100.000000 0.000000 90.000000
2013-06-05T18:00:00Z 292.150000 1011.000000 88.000000 1.000000 0.000000 -1.000000 90.000000
2013-06-05T19:00:00Z 292.350000 1003.000000 89.000000 2.570000 105.000000 -1.000000 32.000000
2013-06-05T20:00:00Z 292.150000 1011.000000 88.000000 2.000000 110.000000 -1.000000 90.000000
2013-06-15T00:00:00Z 297.570000 1007.000000 76.000000 1.540000 172.000000 -1.000000 36.000000
2013-06-15T01:00:00Z 293.730000 1006.000000 86.000000 1.030000 137.000000 -1.000000 0.000000
2013-06-15T02:00:00Z 293.730000 1006.000000 86.000000 1.030000 137.000000 -1.000000 0.000000
2013-06-15T03:00:00Z 293.730000 1006.000000 86.000000 1.030000 137.000000 -1.000000 0.000000
2013-06-15T04:00:00Z 294.660000 1006.000000 85.000000 0.510000 192.000000 -1.000000 0.000000
2013-06-15T05:00:00Z 293.880000 1007.000000 90.000000 2.060000 0.000000 -1.000000 0.000000
2013-06-15T06:00:00Z 293.880000 1007.000000 90.000000 2.060000 0.000000 -1.000000 0.000000
2013-06-15T07:00:00Z 296.380000 1008.000000 76.000000 2.060000 61.000000 -1.000000 8.000000
2013-06-15T08:00:00Z 298.160000 1008.000000 66.000000 1.030000 209.000000 -1.000000 8.000000
2013-06-15T09:00:00Z 300.000000 1007.000000 66.000000 1.540000 334.000000 -1.000000 0.000000
2013-06-15T10:00:00Z 300.320000 1008.000000 68.000000 2.570000 336.000000 -1.000000 0.000000
2013-06-15T11:00:00Z 301.370000 1007.000000 65.000000 1.030000 4.000000 -1.000000 0.000000
2013-06-15T12:00:00Z 302.410000 1007.000000 63.000000 2.060000 50.000000 -1.000000 0.000000
2013-06-15T13:00:00Z 304.180000 1006.000000 59.000000 0.510000 26.000000 -1.000000 0.000000
2013-06-15T14:00:00Z 306.510000 1006.000000 42.000000 2.000000 0.000000 -1.000000 0.000000
2013-06-15T15:00:00Z 306.440000 1006.000000 38.000000 2.000000 110.000000 -1.000000 0.000000
2013-06-15T16:00:00Z 306.340000 1004.000000 57.000000 0.510000 236.000000 -1.000000 8.000000
2013-06-15T17:00:00Z 305.950000 1004.000000 58.000000 3.600000 223.000000 -1.000000 8.000000
2013-06-13T23:00:00Z 299.140000 1007.000000 76.000000 2.060000 226.000000 -1.000000 20.000000
2013-06-14T00:00:00Z 297.910000 1007.000000 74.000000 2.510000 188.003000 -1.000000 20.000000
2013-06-14T01:00:00Z 296.300000 1007.000000 74.000000 0.510000 160.000000 -1.000000 76.000000
2013-06-14T02:00:00Z 295.420000 1007.000000 72.000000 1.030000 133.000000 -1.000000 76.000000
2013-06-14T03:00:00Z 295.490000 1007.000000 73.000000 0.510000 209.000000 -1.000000 76.000000
2013-06-14T04:00:00Z 294.120000 1007.000000 76.000000 1.030000 223.000000 -1.000000 44.000000
2013-06-14T05:00:00Z 294.680000 1008.000000 78.000000 1.200000 145.003000 -1.000000 44.000000
2013-06-14T06:00:00Z 295.170000 1008.000000 77.000000 0.510000 182.000000 -1.000000 44.000000
2013-06-14T07:00:00Z 296.700000 1008.000000 72.000000 3.080000 223.000000 -1.000000 0.000000
2013-06-14T08:00:00Z 298.390000 1009.000000 64.000000 0.510000 92.000000 -1.000000 0.000000
2013-06-14T09:00:00Z 300.480000 1009.000000 61.000000 4.110000 199.000000 -1.000000 0.000000
2013-06-14T10:00:00Z 300.880000 1009.000000 65.000000 2.060000 146.000000 -1.000000 0.000000
2013-06-14T11:00:00Z 301.930000 1008.000000 64.000000 1.030000 165.000000 -1.000000 0.000000
2013-06-14T12:00:00Z 303.780000 1008.000000 61.000000 3.080000 127.000000 -1.000000 0.000000
2013-06-14T13:00:00Z 304.110000 1007.000000 61.000000 1.030000 282.000000 -1.000000 20.000000
2013-06-14T14:00:00Z 308.150000 1007.000000 57.000000 3.080000 223.000000 -1.000000 20.000000
2013-06-14T15:00:00Z 305.390000 1006.000000 56.000000 3.080000 267.000000 -1.000000 0.000000
2013-06-14T16:00:00Z 305.380000 1006.000000 57.000000 1.540000 247.000000 -1.000000 48.000000
2013-06-25T02:00:00Z 294.150000 1002.000000 94.000000 1.000000 0.000000 1.000000 0.000000
2013-06-25T03:00:00Z 294.150000 1003.000000 94.000000 2.000000 360.000000 1.000000 92.000000
2013-06-25T04:00:00Z 294.150000 1002.000000 94.000000 2.000000 110.000000 1.000000 40.000000
2013-06-25T05:00:00Z 294.150000 1001.000000 94.000000 1.000000 0.000000 1.000000 40.000000
2013-06-25T06:00:00Z 294.150000 1000.000000 94.000000 2.000000 0.000000 1.000000 40.000000
2013-06-25T07:00:00Z 295.150000 1001.000000 88.000000 1.000000 40.000000 0.500000 40.000000
2013-06-25T08:00:00Z 294.380000 1001.000000 88.000000 1.000000 0.000000 0.500000 40.000000
2013-06-25T09:00:00Z 295.150000 1001.000000 88.000000 1.000000 0.000000 0.000000 90.000000
2013-06-25T10:00:00Z 296.150000 1001.000000 83.000000 2.000000 70.000000 0.000000 90.000000
2013-06-25T11:00:00Z 296.150000 1001.000000 88.000000 2.000000 70.000000 0.000000 90.000000
2013-06-25T12:00:00Z 296.150000 1001.000000 83.000000 2.000000 110.000000 0.000000 90.000000
2013-06-25T13:00:00Z 296.150000 1000.000000 83.000000 1.000000 0.000000 0.000000 90.000000
2013-06-25T14:00:00Z 298.320000 999.000000 36.000000 1.540000 92.000000 -1.000000 68.000000
2013-06-25T15:00:00Z 298.490000 998.000000 23.000000 2.060000 146.000000 -1.000000 68.000000
2013-06-25T16:00:00Z 297.150000 998.000000 83.000000 2.000000 130.000000 -1.000000 90.000000
2013-06-25T17:00:00Z 296.150000 998.000000 88.000000 2.000000 120.000000 -1.000000 75.000000
2013-06-25T18:00:00Z 296.630000 998.000000 88.000000 1.000000 0.000000 -1.000000 75.000000
2013-06-25T19:00:00Z 294.910000 999.000000 94.000000 6.000000 10.000000 -1.000000 75.000000
2013-06-25T20:00:00Z 295.150000 998.000000 94.000000 4.000000 150.000000 -1.000000 90.000000
2013-06-25T21:00:00Z 295.150000 997.000000 94.000000 2.000000 130.000000 -1.000000 90.000000
2013-06-25T22:00:00Z 296.150000 998.000000 88.000000 2.000000 220.000000 0.500000 90.000000
2013-06-25T23:00:00Z 294.150000 999.000000 94.000000 1.000000 0.000000 0.500000 90.000000
2013-06-26T00:00:00Z 295.150000 999.000000 94.000000 2.000000 120.000000 7.500000 90.000000
2013-06-26T01:00:00Z 295.150000 999.000000 94.000000 2.000000 50.000000 7.500000 90.000000
2013-06-27T14:00:00Z 308.250000 997.000000 58.000000 2.570000 161.000000 0.000000 36.000000
2013-06-27T15:00:00Z 308.470000 997.000000 57.000000 2.570000 232.000000 -1.000000 0.000000
2013-06-27T16:00:00Z 309.500000 997.000000 56.000000 0.510000 191.000000 -1.000000 20.000000
2013-06-27T17:00:00Z 307.230000 996.000000 38.000000 3.000000 70.000000 -1.000000 0.000000
2013-06-27T18:00:00Z 306.290000 996.000000 70.000000 0.510000 254.000000 -1.000000 20.000000
2013-06-27T19:00:00Z 304.200000 998.000000 76.000000 1.030000 168.000000 -1.000000 8.000000
2013-06-27T20:00:00Z 303.390000 998.000000 74.000000 2.060000 223.000000 -1.000000 8.000000
2013-06-27T21:00:00Z 301.290000 998.000000 83.000000 1.320000 162.004000 -1.000000 8.000000
2013-06-27T22:00:00Z 300.820000 999.000000 91.000000 1.160000 117.001000 -1.000000 0.000000
2013-06-27T23:00:00Z 300.370000 999.000000 91.000000 1.160000 117.001000 -1.000000 0.000000
2013-06-28T00:00:00Z 294.245000 988.870000 85.000000 1.160000 117.001000 -1.000000 0.000000
2013-06-28T01:00:00Z 292.276000 989.300000 91.000000 1.210000 81.500000 -1.000000 0.000000
2013-06-28T02:00:00Z 299.450000 1000.000000 13.000000 1.210000 81.500000 -1.000000 0.000000
2013-06-28T03:00:00Z 298.390000 1000.000000 11.000000 1.210000 81.500000 -1.000000 0.000000
2013-06-28T04:00:00Z 298.040000 1000.000000 17.000000 0.510000 43.000000 -1.000000 0.000000
2013-06-28T05:00:00Z 298.040000 1000.000000 25.000000 0.510000 153.000000 -1.000000 0.000000
2013-06-29T20:00:00Z 296.210000 1004.000000 37.000000 2.570000 305.000000 2.000000 68.000000
2013-06-29T21:00:00Z 297.100000 1005.000000 41.000000 0.510000 319.000000 2.000000 68.000000
2013-06-29T22:00:00Z 296.600000 1005.000000 94.000000 2.000000 360.000000 0.000000 68.000000
2013-06-29T23:00:00Z 296.540000 1004.000000 44.000000 0.510000 277.000000 0.000000 68.000000
2013-06-30T00:00:00Z 296.540000 1005.000000 45.000000 1.540000 1.000000 0.000000 68.000000
2013-06-30T01:00:00Z 296.530000 1004.000000 46.000000 0.920000 345.003000 0.250000 24.000000
2013-07-17T13:00:00Z 307.880000 1006.000000 55.000000 2.000000 0.000000 0.000000 0.000000
2013-07-17T14:00:00Z 307.760000 1005.000000 43.000000 5.000000 160.000000 0.000000 0.000000
2013-07-17T15:00:00Z 306.570000 1004.000000 38.000000 3.000000 170.000000 0.000000 0.000000
2013-07-17T16:00:00Z 305.130000 1003.000000 40.000000 4.000000 150.000000 0.000000 0.000000
2013-07-17T17:00:00Z 306.000000 1003.000000 38.000000 3.000000 140.000000 0.000000 0.000000
2013-07-17T18:00:00Z 302.860000 1002.000000 38.000000 3.000000 150.000000 0.000000 0.000000
2013-07-17T19:00:00Z 302.550000 1003.000000 42.000000 3.000000 140.000000 0.000000 0.000000
2013-07-17T20:00:00Z 302.090000 1003.000000 51.000000 3.000000 140.000000 0.000000 0.000000
2013-07-17T21:00:00Z 302.090000 1003.000000 51.000000 3.000000 140.000000 0.000000 0.000000
2013-07-17T22:00:00Z 302.090000 1003.000000 51.000000 3.000000 140.000000 0.000000 0.000000
2013-07-18T01:00:00Z 302.040000 1018.750000 85.000000 1.780000 84.500200 -1.000000 68.000000
2013-07-18T02:00:00Z 302.040000 1018.750000 85.000000 1.780000 84.500200 -1.000000 68.000000
2013-07-18T03:00:00Z 302.040000 1018.750000 85.000000 1.780000 84.500200 -1.000000 68.000000
2013-07-18T04:00:00Z 300.160000 1005.000000 94.000000 2.000000 140.000000 -1.000000 68.000000
2013-07-18T05:00:00Z 299.800000 1005.000000 94.000000 2.000000 140.000000 -1.000000 68.000000
2013-07-18T06:00:00Z 299.800000 1005.000000 88.000000 1.000000 0.000000 -1.000000 68.000000
2013-07-18T07:00:00Z 299.200000 1005.000000 94.000000 2.000000 110.000000 -1.000000 92.000000
2013-07-18T08:00:00Z 300.260000 1005.000000 83.000000 3.000000 120.000000 -1.000000 92.000000
2013-07-18T09:00:00Z 299.650000 1005.000000 88.000000 2.000000 120.000000 -1.000000 92.000000
2013-07-18T10:00:00Z 300.260000 1005.000000 88.000000 2.000000 90.000000 -1.000000 92.000000
2013-07-18T11:00:00Z 300.720000 1005.000000 83.000000 3.000000 150.000000 -1.000000 92.000000
2013-07-18T12:00:00Z 301.180000 1005.000000 74.000000 3.000000 140.000000 -1.000000 92.000000
2013-07-18T13:00:00Z 300.720000 1004.000000 78.000000 4.000000 140.000000 -1.000000 80.000000
2013-07-18T14:00:00Z 300.720000 1004.000000 78.000000 4.000000 140.000000 -1.000000 80.000000
2013-07-29T16:00:00Z 302.090000 1005.000000 54.000000 2.000000 70.000000 -1.000000 0.000000
2013-07-29T17:00:00Z 302.090000 1005.000000 54.000000 2.000000 70.000000 -1.000000 0.000000
2013-07-29T18:00:00Z 302.090000 1005.000000 54.000000 2.000000 70.000000 -1.000000 0.000000
2013-07-29T19:00:00Z 302.090000 1005.000000 54.000000 2.000000 70.000000 -1.000000 0.000000
2013-07-29T20:00:00Z 302.090000 1005.000000 54.000000 2.000000 70.000000 -1.000000 0.000000
2013-07-29T21:00:00Z 302.090000 1005.000000 54.000000 2.000000 70.000000 -1.000000 0.000000
2013-07-29T22:00:00Z 302.090000 1005.000000 54.000000 2.000000 70.000000 -1.000000 0.000000
2013-07-29T23:00:00Z 302.090000 1005.000000 54.000000 2.000000 70.000000 -1.000000 0.000000
2013-07-30T00:00:00Z 302.090000 1005.000000 54.000000 2.000000 70.000000 -1.000000 0.000000
2013-07-30T01:00:00Z 302.090000 1005.000000 54.000000 2.000000 70.000000 -1.000000 0.000000
2013-07-30T02:00:00Z 302.090000 1005.000000 54.000000 2.000000 70.000000 -1.000000 0.000000
2013-07-30T03:00:00Z 302.090000 1005.000000 54.000000 2.000000 70.000000 -1.000000 0.000000
2013-07-30T04:00:00Z 302.090000 1005.000000 54.000000 2.000000 70.000000 -1.000000 0.000000
2013-07-30T05:00:00Z 302.090000 1005.000000 54.000000 2.000000 70.000000 -1.000000 0.000000
2013-07-30T06:00:00Z 302.090000 1005.000000 54.000000 2.000000 70.000000 -1.000000 0.000000
2013-07-30T07:00:00Z 302.090000 1005.000000 54.000000 2.000000 70.000000 -1.000000 0.000000
2013-07-30T08:00:00Z 302.090000 1005.000000 54.000000 2.000000 70.000000 -1.000000 0.000000
2013-07-30T09:00:00Z 302.090000 1005.000000 54.000000 2.000000 70.000000 -1.000000 0.000000
2013-07-30T10:00:00Z 302.090000 1005.000000 54.000000 2.000000 70.000000 -1.000000 0.000000
2013-07-30T11:00:00Z 302.090000 1005.000000 54.000000 2.000000 70.000000 -1.000000 0.000000
2013-07-30T12:00:00Z 302.090000 1005.000000 54.000000 2.000000 70.000000 -1.000000 0.000000
2013-07-30T13:00:00Z 302.090000 1005.000000 54.000000 2.000000 70.000000 -1.000000 0.000000
2013-07-30T14:00:00Z 302.090000 1005.000000 54.000000 2.000000 70.000000 -1.000000 0.000000
2013-07-30T15:00:00Z 302.090000 1005.000000 54.000000 2.000000 70.000000 -1.000000 0.000000
2013-07-30T16:00:00Z 302.090000 1005.000000 54.000000 2.000000 70.000000 -1.000000 0.000000
2013-07-30T17:00:00Z 302.090000 1005.000000 54.000000 2.000000 70.000000 -1.000000 0.000000
2013-08-14T22:00:00Z 301.430000 1004.000000 74.000000 2.000000 150.000000 0.000000 0.000000
2013-08-14T23:00:00Z 301.450000 1004.000000 74.000000 2.000000 180.000000 0.000000 0.000000
2013-08-15T00:00:00Z 300.970000 1004.000000 74.000000 1.000000 0.000000 0.000000 0.000000
2013-08-15T01:00:00Z 300.150000 1004.000000 83.000000 2.000000 130.000000 0.000000 12.000000
2013-08-15T02:00:00Z 300.150000 1003.000000 78.000000 2.000000 130.000000 0.000000 12.000000
2013-08-15T03:00:00Z 300.150000 1003.000000 78.000000 2.000000 150.000000 0.000000 12.000000
2013-08-15T04:00:00Z 300.150000 1003.000000 83.000000 1.000000 0.000000 0.000000 0.000000
2013-08-15T05:00:00Z 299.150000 1003.000000 88.000000 2.000000 100.000000 0.000000 0.000000
2013-08-15T06:00:00Z 300.150000 1003.000000 83.000000 2.000000 120.000000 0.000000 0.000000
2013-08-15T07:00:00Z 300.150000 1003.000000 83.000000 1.000000 0.000000 0.000000 0.000000
2013-08-15T08:00:00Z 301.150000 1004.000000 78.000000 1.000000 0.000000 0.000000 0.000000
2013-08-15T09:00:00Z 302.150000 1004.000000 74.000000 1.000000 0.000000 0.000000 0.000000
2013-08-15T10:00:00Z 303.150000 1003.000000 70.000000 2.000000 130.000000 0.000000 0.000000
2013-08-15T11:00:00Z 304.150000 1003.000000 66.000000 2.000000 120.000000 0.000000 32.000000
2013-08-15T12:00:00Z 305.150000 1003.000000 59.000000 2.000000 170.000000 1.500000 32.000000
2013-08-15T13:00:00Z 305.150000 1002.000000 59.000000 2.000000 140.000000 1.500000 32.000000
2013-08-15T14:00:00Z 305.150000 1002.000000 62.000000 2.000000 150.000000 1.500000 32.000000
2013-08-15T15:00:00Z 306.150000 1001.000000 59.000000 3.000000 160.000000 1.000000 64.000000
2013-08-15T16:00:00Z 305.150000 1001.000000 62.000000 3.000000 150.000000 1.000000 64.000000
2013-08-15T17:00:00Z 305.150000 1001.000000 62.000000 3.000000 150.000000 1.000000 64.000000
2013-08-15T18:00:00Z 304.150000 1001.000000 70.000000 2.000000 130.000000 0.000000 36.000000
2013-08-15T19:00:00Z 303.150000 1001.000000 74.000000 2.000000 110.000000 0.000000 36.000000
2013-08-15T20:00:00Z 303.150000 1001.000000 79.000000 2.000000 120.000000 0.000000 36.000000
2013-08-15T21:00:00Z 303.150000 1001.000000 79.000000 2.000000 110.000000 6.000000 32.000000
2013-09-11T16:00:00Z 302.410000 1012.000000 32.000000 6.000000 190.000000 -1.000000 0.000000
2013-09-11T17:00:00Z 301.300000 1004.000000 48.000000 1.030000 203.000000 -1.000000 0.000000
2013-09-11T18:00:00Z 301.300000 1004.000000 48.000000 1.030000 203.000000 -1.000000 0.000000
2013-09-11T19:00:00Z 298.150000 1012.000000 53.000000 3.000000 150.000000 -1.000000 0.000000
2013-09-11T20:00:00Z 297.600000 1006.000000 61.000000 4.160000 203.000000 -1.000000 0.000000
2013-09-11T21:00:00Z 296.150000 1014.000000 60.000000 2.000000 160.000000 -1.000000 8.000000
2013-09-11T22:00:00Z 295.930000 1006.000000 67.000000 3.760000 203.000000 -1.000000 8.000000
2013-09-11T23:00:00Z 295.930000 1006.000000 67.000000 3.760000 203.000000 -1.000000 8.000000
2013-09-12T00:00:00Z 292.377000 1018.710000 80.000000 3.760000 203.000000 -1.000000 8.000000
2013-09-12T01:00:00Z 293.520000 1014.000000 77.000000 2.000000 130.000000 -1.000000 36.000000
2013-09-12T02:00:00Z 290.656000 1018.460000 88.000000 2.600000 196.500000 -1.000000 36.000000
2013-09-12T03:00:00Z 291.150000 1013.000000 77.000000 2.000000 80.000000 -1.000000 68.000000
2013-09-12T04:00:00Z 291.150000 1013.000000 77.000000 2.000000 80.000000 -1.000000 68.000000
2013-09-12T05:00:00Z 289.570000 1017.790000 91.000000 1.300000 142.501000 -1.000000 68.000000
2013-09-12T06:00:00Z 290.150000 1014.000000 82.000000 2.000000 100.000000 -1.000000 76.000000
2013-09-12T07:00:00Z 290.150000 1014.000000 82.000000 2.000000 100.000000 -1.000000 76.000000
2013-09-12T08:00:00Z 292.150000 1014.000000 82.000000 1.000000 0.000000 -1.000000 76.000000
2013-09-12T09:00:00Z 295.150000 1014.000000 68.000000 2.000000 160.000000 -1.000000 76.000000
2013-09-12T10:00:00Z 297.150000 1014.000000 60.000000 2.000000 0.000000 -1.000000 12.000000
2013-09-12T11:00:00Z 298.150000 1013.000000 53.000000 2.000000 0.000000 -1.000000 12.000000
2013-09-12T12:00:00Z 300.150000 1012.000000 44.000000 4.000000 160.000000 -1.000000 12.000000
2013-09-12T13:00:00Z 300.150000 1012.000000 44.000000 4.000000 160.000000 -1.000000 12.000000
2013-09-12T14:00:00Z 300.185000 1014.960000 63.000000 5.560000 177.500000 -1.000000 12.000000
2013-09-12T15:00:00Z 300.185000 1014.960000 63.000000 5.560000 177.500000 -1.000000 12.000000
2013-09-26T18:00:00Z 296.060000 1005.000000 40.000000 0.510000 155.000000 -1.000000 0.000000
2013-09-26T19:00:00Z 293.270000 1005.000000 42.000000 5.200000 211.501000 -1.000000 0.000000
2013-09-26T20:00:00Z 290.020000 1006.000000 51.000000 5.200000 211.501000 -1.000000 0.000000
2013-09-26T21:00:00Z 287.150000 1014.000000 71.000000 2.000000 90.000000 -1.000000 0.000000
2013-09-26T22:00:00Z 288.150000 1014.000000 67.000000 3.000000 110.000000 -1.000000 0.000000
2013-09-26T23:00:00Z 287.540000 1005.000000 71.000000 0.510000 62.000000 -1.000000 0.000000
2013-09-27T00:00:00Z 287.540000 1005.000000 71.000000 0.510000 62.000000 -1.000000 0.000000
2013-09-27T01:00:00Z 286.120000 1005.000000 77.000000 1.030000 39.000000 -1.000000 0.000000
2013-09-27T02:00:00Z 286.050000 1013.000000 81.000000 1.000000 0.000000 -1.000000 0.000000
2013-09-27T03:00:00Z 283.150000 1013.000000 87.000000 4.700000 215.000000 -1.000000 0.000000
2013-09-27T04:00:00Z 284.550000 1004.000000 78.000000 0.700000 140.500000 -1.000000 0.000000
2013-09-27T05:00:00Z 284.640000 1013.000000 87.000000 1.000000 0.000000 -1.000000 0.000000
2013-09-27T06:00:00Z 283.590000 1005.000000 84.000000 0.700000 140.500000 -1.000000 0.000000
2013-09-27T07:00:00Z 283.150000 1013.000000 87.000000 1.000000 60.000000 -1.000000 0.000000
2013-09-27T08:00:00Z 287.150000 1013.000000 76.000000 1.000000 0.000000 -1.000000 0.000000
2013-09-27T09:00:00Z 287.150000 1013.000000 76.000000 1.000000 0.000000 -1.000000 0.000000
2013-09-27T10:00:00Z 290.480000 1005.000000 67.000000 0.510000 46.000000 -1.000000 0.000000
2013-09-27T11:00:00Z 293.150000 1012.000000 49.000000 2.000000 140.000000 -1.000000 0.000000
2013-09-27T12:00:00Z 294.430000 1002.000000 54.000000 1.030000 128.000000 -1.000000 0.000000
2013-09-27T13:00:00Z 295.150000 1010.000000 37.000000 3.000000 150.000000 -1.000000 0.000000
2013-09-27T14:00:00Z 296.040000 1010.000000 35.000000 3.000000 140.000000 -1.000000 0.000000
2013-09-27T15:00:00Z 296.040000 1010.000000 35.000000 3.000000 140.000000 -1.000000 0.000000
2013-09-27T16:00:00Z 296.150000 1009.000000 40.000000 2.000000 140.000000 -1.000000 0.000000
2013-09-27T17:00:00Z 296.150000 1009.000000 40.000000 2.000000 140.000000 -1.000000 0.000000
2013-10-03T22:00:00Z 292.080000 1017.000000 67.000000 3.000000 120.000000 -1.000000 0.000000
2013-10-03T23:00:00Z 291.740000 1017.000000 72.000000 1.000000 0.000000 -1.000000 0.000000
2013-10-04T00:00:00Z 291.000000 1016.000000 76.000000 1.000000 0.000000 -1.000000 40.000000
2013-10-04T01:00:00Z 290.380000 1016.000000 82.000000 1.000000 360.000000 -1.000000 40.000000
2013-10-04T02:00:00Z 290.080000 1016.000000 82.000000 1.000000 20.000000 -1.000000 40.000000
2013-10-04T03:00:00Z 290.120000 1015.000000 82.000000 1.060000 358.500000 -1.000000 40.000000
2013-10-04T04:00:00Z 289.610000 1015.000000 82.000000 1.000000 0.000000 -1.000000 40.000000
2013-10-04T05:00:00Z 291.130000 1014.000000 82.000000 1.000000 0.000000 -1.000000 0.000000
2013-10-04T06:00:00Z 290.640000 1014.000000 87.000000 1.000000 20.000000 -1.000000 0.000000
2013-10-04T07:00:00Z 290.640000 1014.000000 87.000000 1.000000 150.000000 -1.000000 0.000000
2013-10-04T08:00:00Z 290.640000 1014.000000 87.000000 1.000000 0.000000 -1.000000 0.000000
2013-10-04T09:00:00Z 290.620000 1015.000000 87.000000 2.000000 170.000000 -1.000000 0.000000
2013-10-04T10:00:00Z 293.400000 1015.000000 67.000000 2.000000 130.000000 -1.000000 0.000000
2013-10-04T11:00:00Z 294.020000 1015.000000 63.000000 2.000000 110.000000 -1.000000 0.000000
2013-10-04T12:00:00Z 295.440000 1014.000000 55.000000 1.000000 0.000000 -1.000000 0.000000
2013-10-04T13:00:00Z 297.870000 1014.000000 55.000000 2.000000 110.000000 -1.000000 0.000000
2013-10-04T14:00:00Z 294.470000 1027.030000 76.000000 3.410000 194.000000 -1.000000 0.000000
2013-10-04T15:00:00Z 298.300000 1012.000000 52.000000 3.000000 180.000000 -1.000000 0.000000
2013-10-04T16:00:00Z 298.670000 1012.000000 52.000000 3.000000 140.000000 -1.000000 0.000000
2013-10-04T17:00:00Z 298.450000 1012.000000 60.000000 2.000000 100.000000 -1.000000 0.000000
2013-10-04T18:00:00Z 299.080000 1012.000000 64.000000 2.000000 90.000000 -1.000000 0.000000
2013-10-04T19:00:00Z 295.710000 1013.000000 77.000000 1.000000 80.000000 -1.000000 0.000000
2013-10-04T20:00:00Z 294.570000 1013.000000 82.000000 1.000000 40.000000 -1.000000 0.000000
2013-10-04T21:00:00Z 295.290000 1014.000000 82.000000 1.000000 30.000000 -1.000000 0.000000
2013-10-08T21:00:00Z 287.150000 1015.000000 76.000000 1.000000 120.000000 0.000000 0.000000
2013-10-08T22:00:00Z 287.150000 1015.000000 71.000000 2.000000 130.000000 0.000000 0.000000
2013-10-08T23:00:00Z 288.150000 1014.000000 62.000000 3.000000 150.000000 0.000000 0.000000
2013-10-09T00:00:00Z 288.150000 1014.000000 67.000000 3.000000 160.000000 0.000000 0.000000
2013-10-09T01:00:00Z 288.150000 1013.000000 67.000000 3.000000 150.000000 0.000000 0.000000
2013-10-09T02:00:00Z 286.150000 1013.000000 76.000000 2.000000 110.000000 0.000000 0.000000
2013-10-09T03:00:00Z 286.150000 1013.000000 76.000000 2.000000 110.000000 0.000000 0.000000
2013-10-09T04:00:00Z 285.150000 1012.000000 81.000000 1.000000 0.000000 0.000000 0.000000
2013-10-09T05:00:00Z 284.150000 1012.000000 87.000000 1.000000 70.000000 0.000000 0.000000
2013-10-09T06:00:00Z 283.150000 1012.000000 87.000000 1.000000 10.000000 0.000000 92.000000
2013-10-09T07:00:00Z 285.150000 1013.000000 87.000000 1.000000 20.000000 0.000000 92.000000
2013-10-09T08:00:00Z 286.150000 1013.000000 82.000000 1.000000 0.000000 0.000000 92.000000
2013-10-09T09:00:00Z 287.150000 1013.000000 76.000000 1.000000 60.000000 0.000000 88.000000
2013-10-09T10:00:00Z 287.150000 1013.000000 76.000000 2.000000 70.000000 0.000000 88.000000
2013-10-09T11:00:00Z 288.150000 1012.000000 72.000000 1.000000 0.000000 0.000000 88.000000
2013-10-09T12:00:00Z 289.150000 1012.000000 67.000000 1.000000 0.000000 1.000000 64.000000
2013-10-09T13:00:00Z 290.150000 1011.000000 67.000000 2.000000 60.000000 1.000000 20.000000
2013-10-09T14:00:00Z 293.150000 1009.000000 56.000000 2.000000 90.000000 1.000000 64.000000
2013-10-09T15:00:00Z 293.150000 1009.000000 56.000000 1.000000 0.000000 0.000000 48.000000
2013-10-09T16:00:00Z 293.150000 1009.000000 56.000000 3.000000 20.000000 0.000000 48.000000
2013-10-09T17:00:00Z 292.150000 1009.000000 59.000000 3.000000 10.000000 0.000000 48.000000
2013-10-09T18:00:00Z 288.150000 1009.000000 77.000000 3.000000 360.000000 0.000000 88.000000
2013-10-09T19:00:00Z 288.150000 1009.000000 77.000000 2.000000 20.000000 0.000000 88.000000
2013-10-16T20:00:00Z 285.220000 1016.000000 46.000000 1.030000 121.000000 -1.000000 0.000000
2013-10-16T21:00:00Z 283.840000 1016.000000 52.000000 1.210000 238.000000 -1.000000 0.000000
2013-10-16T22:00:00Z 284.710000 1017.000000 58.000000 1.210000 238.000000 -1.000000 0.000000
2013-10-16T23:00:00Z 282.150000 1025.000000 61.000000 2.000000 140.000000 -1.000000 0.000000
2013-10-17T00:00:00Z 282.740000 1025.000000 70.000000 1.210000 238.000000 -1.000000 0.000000
2013-10-17T01:00:00Z 277.224000 1028.570000 86.000000 1.210000 238.000000 -1.000000 0.000000
2013-10-17T02:00:00Z 280.550000 1018.000000 75.000000 1.030000 80.000000 -1.000000 0.000000
2013-10-17T03:00:00Z 279.150000 1026.000000 75.000000 1.000000 0.000000 -1.000000 0.000000
2013-10-17T04:00:00Z 278.150000 1026.000000 75.000000 1.000000 10.000000 -1.000000 0.000000
2013-10-17T05:00:00Z 278.150000 1026.000000 80.000000 1.000000 0.000000 -1.000000 0.000000
2013-10-17T06:00:00Z 278.050000 1019.000000 82.000000 0.700000 108.500000 -1.000000 0.000000
2013-10-17T07:00:00Z 278.050000 1019.000000 82.000000 0.700000 108.500000 -1.000000 0.000000
2013-10-17T08:00:00Z 279.920000 1020.000000 80.000000 0.700000 108.500000 -1.000000 0.000000
2013-10-17T09:00:00Z 282.850000 1028.000000 66.000000 1.000000 0.000000 -1.000000 0.000000
2013-10-17T10:00:00Z 284.680000 1020.000000 65.000000 1.760000 134.500000 -1.000000 0.000000
2013-10-17T11:00:00Z 287.150000 1028.000000 47.000000 2.000000 140.000000 -1.000000 0.000000
2013-10-17T12:00:00Z 288.900000 1027.000000 41.000000 3.000000 140.000000 -1.000000 0.000000
2013-10-17T13:00:00Z 289.720000 1018.000000 53.000000 1.030000 183.000000 -1.000000 0.000000
2013-10-17T14:00:00Z 291.150000 1026.000000 31.000000 2.000000 0.000000 -1.000000 0.000000
2013-10-17T15:00:00Z 290.182000 1028.250000 68.000000 3.010000 180.000000 -1.000000 0.000000
2013-10-17T16:00:00Z 290.182000 1028.250000 68.000000 3.010000 180.000000 -1.000000 0.000000
2013-10-17T17:00:00Z 290.250000 1016.000000 47.000000 0.510000 217.000000 -1.000000 0.000000
2013-10-17T18:00:00Z 288.150000 1024.000000 38.000000 2.000000 150.000000 -1.000000 0.000000
2013-10-17T19:00:00Z 290.182000 1028.250000 68.000000 3.010000 180.000000 -1.000000 0.000000
2013-10-26T15:00:00Z 291.314000 1029.190000 40.000000 4.270000 214.001000 -1.000000 0.000000
2013-10-26T16:00:00Z 288.778000 1027.750000 42.000000 4.470000 220.503000 -1.000000 0.000000
2013-10-26T17:00:00Z 289.524000 1028.050000 43.000000 4.770000 215.502000 -1.000000 0.000000
2013-10-26T18:00:00Z 287.150000 1020.000000 26.000000 3.000000 190.000000 -1.000000 0.000000
2013-10-26T19:00:00Z 281.150000 1020.000000 61.000000 1.000000 140.000000 -1.000000 0.000000
2013-10-26T20:00:00Z 284.169000 1028.280000 56.000000 4.620000 213.505000 -1.000000 0.000000
2013-10-26T21:00:00Z 280.150000 1020.000000 65.000000 1.000000 0.000000 -1.000000 0.000000
2013-10-26T22:00:00Z 279.150000 1020.000000 70.000000 1.000000 90.000000 -1.000000 0.000000
2013-10-26T23:00:00Z 280.693000 1027.990000 74.000000 3.720000 217.502000 -1.000000 0.000000
2013-10-27T00:00:00Z 280.693000 1027.990000 74.000000 3.720000 217.502000 -1.000000 0.000000
2013-10-27T01:00:00Z 278.679000 1027.530000 83.000000 3.320000 209.002000 -1.000000 0.000000
2013-10-27T02:00:00Z 278.679000 1027.530000 83.000000 3.320000 209.002000 -1.000000 0.000000
2013-10-27T03:00:00Z 278.679000 1027.530000 83.000000 3.320000 209.002000 -1.000000 0.000000
2013-10-27T04:00:00Z 275.790000 1027.050000 87.000000 1.610000 208.003000 -1.000000 0.000000
2013-10-27T05:00:00Z 276.150000 1019.000000 87.000000 1.000000 20.000000 -1.000000 0.000000
2013-10-27T06:00:00Z 275.150000 1018.000000 84.000000 1.000000 40.000000 -1.000000 0.000000
2013-10-27T07:00:00Z 275.150000 1018.000000 84.000000 1.000000 40.000000 -1.000000 0.000000
2013-10-27T08:00:00Z 277.207000 1022.740000 84.000000 0.800000 63.000100 -1.000000 0.000000
2013-10-27T09:00:00Z 277.207000 1022.740000 84.000000 0.800000 63.000100 -1.000000 0.000000
2013-10-27T10:00:00Z 286.489000 1021.860000 62.000000 1.780000 78.000100 -1.000000 0.000000
2013-10-27T11:00:00Z 286.489000 1021.860000 62.000000 1.780000 78.000100 -1.000000 0.000000
2013-10-27T12:00:00Z 286.489000 1021.860000 62.000000 1.780000 78.000100 -1.000000 0.000000
2013-10-27T13:00:00Z 290.073000 1019.840000 54.000000 1.960000 151.000000 -1.000000 0.000000
2013-10-27T14:00:00Z 290.073000 1019.840000 54.000000 1.960000 151.000000 -1.000000 0.000000
2013-10-30T14:00:00Z 287.717000 1030.840000 57.000000 2.310000 190.001000 0.000000 0.000000
2013-10-30T15:00:00Z 287.717000 1030.840000 57.000000 2.310000 190.001000 0.000000 0.000000
2013-10-30T16:00:00Z 286.154000 1029.600000 55.000000 2.250000 191.500000 0.000000 0.000000
2013-10-30T17:00:00Z 286.154000 1029.600000 55.000000 2.250000 191.500000 0.000000 0.000000
2013-10-30T18:00:00Z 286.154000 1029.600000 55.000000 2.250000 191.500000 0.000000 0.000000
2013-10-30T19:00:00Z 280.086000 1030.000000 81.000000 3.060000 199.500000 0.000000 0.000000
2013-10-30T20:00:00Z 287.130000 1027.000000 65.000000 3.060000 199.500000 0.000000 0.000000
2013-10-30T21:00:00Z 280.086000 1030.000000 81.000000 3.060000 199.500000 0.000000 0.000000
2013-10-30T22:00:00Z 276.586000 1030.780000 84.000000 1.500000 227.501000 0.000000 8.000000
2013-10-30T23:00:00Z 286.210000 1028.000000 65.000000 1.500000 227.501000 0.000000 8.000000
2013-10-31T00:00:00Z 275.313000 1030.810000 81.000000 0.950000 268.500000 0.000000 32.000000
2013-10-31T01:00:00Z 275.313000 1030.810000 81.000000 0.950000 268.500000 0.000000 32.000000
2013-10-31T02:00:00Z 275.313000 1030.810000 81.000000 0.950000 268.500000 0.000000 32.000000
2013-10-31T03:00:00Z 275.313000 1030.810000 81.000000 0.950000 268.500000 0.000000 32.000000
2013-10-31T04:00:00Z 274.861000 1030.390000 81.000000 1.460000 326.001000 0.000000 44.000000
2013-10-31T05:00:00Z 274.861000 1030.390000 81.000000 1.460000 326.001000 0.000000 44.000000
2013-10-31T06:00:00Z 274.861000 1030.390000 81.000000 1.460000 326.001000 0.000000 44.000000
2013-10-31T07:00:00Z 284.210000 1028.000000 66.000000 1.560000 321.500000 0.000000 36.000000
2013-10-31T08:00:00Z 284.750000 1029.000000 65.000000 1.560000 321.500000 0.000000 36.000000
2013-10-31T09:00:00Z 277.312000 1031.530000 78.000000 1.560000 321.500000 0.000000 36.000000
2013-10-31T10:00:00Z 285.155000 1031.750000 61.000000 2.060000 12.500200 0.000000 76.000000
2013-10-31T11:00:00Z 285.155000 1031.750000 61.000000 2.060000 12.500200 0.000000 76.000000
2013-10-31T12:00:00Z 285.155000 1031.750000 61.000000 2.060000 12.500200 0.000000 76.000000
2013-11-07T20:00:00Z 286.510000 1020.000000 64.000000 4.960000 208.501000 -1.000000 0.000000
2013-11-07T21:00:00Z 280.696000 1028.140000 44.000000 4.960000 208.501000 -1.000000 0.000000
2013-11-07T22:00:00Z 285.560000 1021.000000 64.000000 3.720000 214.000000 -1.000000 0.000000
2013-11-07T23:00:00Z 285.190000 1021.000000 64.000000 3.720000 214.000000 -1.000000 0.000000
2013-11-08T00:00:00Z 284.630000 1021.000000 65.000000 3.720000 214.000000 -1.000000 0.000000
2013-11-08T03:00:00Z 284.470000 1021.000000 64.000000 1.690000 179.004000 -1.000000 0.000000
2013-11-08T04:00:00Z 272.676000 1028.250000 70.000000 0.940000 173.000000 -1.000000 0.000000
2013-11-08T05:00:00Z 284.100000 1022.000000 65.000000 0.940000 173.000000 -1.000000 0.000000
2013-11-08T06:00:00Z 289.950000 1022.000000 64.000000 0.940000 173.000000 -1.000000 0.000000
2013-11-08T07:00:00Z 290.010000 1022.000000 64.000000 1.960000 351.502000 -1.000000 0.000000
2013-11-08T08:00:00Z 274.214000 1028.510000 70.000000 1.960000 351.502000 -1.000000 0.000000
2013-11-08T09:00:00Z 283.530000 1022.000000 64.000000 1.960000 351.502000 -1.000000 0.000000
2013-11-08T10:00:00Z 286.230000 1022.000000 63.000000 0.580000 115.001000 -1.000000 0.000000
2013-11-08T11:00:00Z 286.920000 1021.000000 63.000000 0.580000 115.001000 -1.000000 0.000000
2013-11-08T12:00:00Z 286.920000 1021.000000 63.000000 0.580000 115.001000 -1.000000 0.000000
2013-11-08T13:00:00Z 288.180000 1020.000000 61.000000 4.860000 200.002000 -1.000000 8.000000
2013-11-08T14:00:00Z 288.630000 1019.000000 59.000000 4.860000 200.002000 -1.000000 8.000000
2013-11-08T15:00:00Z 288.890000 1019.000000 59.000000 4.280000 196.504000 -1.000000 8.000000
2013-11-08T16:00:00Z 289.000000 1019.000000 60.000000 4.390000 206.002000 -1.000000 0.000000
2013-11-08T17:00:00Z 288.320000 1019.000000 62.000000 4.390000 206.002000 -1.000000 0.000000
2013-11-08T18:00:00Z 281.666000 1027.380000 84.000000 3.360000 205.500000 -1.000000 0.000000
2013-11-08T19:00:00Z 281.666000 1027.380000 84.000000 3.360000 205.500000 -1.000000 0.000000
2013-11-08T20:00:00Z 281.666000 1027.380000 84.000000 3.360000 205.500000 -1.000000 0.000000
2013-11-12T19:00:00Z 287.530000 1026.000000 59.000000 2.660000 6.500090 -1.000000 0.000000
2013-11-12T20:00:00Z 287.530000 1026.000000 59.000000 2.660000 6.500090 -1.000000 0.000000
2013-11-12T21:00:00Z 287.530000 1026.000000 59.000000 2.660000 6.500090 -1.000000 0.000000
2013-11-12T22:00:00Z 287.530000 1026.000000 59.000000 2.660000 6.500090 -1.000000 0.000000
2013-11-12T23:00:00Z 287.530000 1026.000000 59.000000 2.660000 6.500090 -1.000000 0.000000
2013-11-13T00:00:00Z 287.530000 1026.000000 59.000000 2.660000 6.500090 -1.000000 0.000000
2013-11-13T01:00:00Z 285.880000 1020.000000 61.000000 2.760000 197.500000 -1.000000 12.000000
2013-11-13T02:00:00Z 285.880000 1020.000000 61.000000 2.760000 197.500000 -1.000000 12.000000
2013-11-13T03:00:00Z 285.880000 1020.000000 61.000000 2.760000 197.500000 -1.000000 12.000000
2013-11-13T04:00:00Z 285.880000 1020.000000 61.000000 2.760000 197.500000 -1.000000 12.000000
2013-11-13T05:00:00Z 285.880000 1020.000000 61.000000 2.760000 197.500000 -1.000000 12.000000
2013-11-13T06:00:00Z 285.880000 1020.000000 61.000000 2.760000 197.500000 -1.000000 12.000000
2013-11-13T07:00:00Z 285.880000 1020.000000 61.000000 2.760000 197.500000 -1.000000 12.000000
2013-11-13T08:00:00Z 285.880000 1020.000000 61.000000 2.760000 197.500000 -1.000000 12.000000
2013-11-13T09:00:00Z 285.880000 1020.000000 61.000000 2.760000 197.500000 -1.000000 12.000000
2013-11-13T10:00:00Z 285.880000 1020.000000 61.000000 2.760000 197.500000 -1.000000 12.000000
2013-11-13T11:00:00Z 285.880000 1020.000000 61.000000 2.760000 197.500000 -1.000000 12.000000
2013-11-13T12:00:00Z 285.880000 1020.000000 61.000000 2.760000 197.500000 -1.000000 12.000000
2013-11-13T13:00:00Z 285.880000 1020.000000 61.000000 2.760000 197.500000 -1.000000 12.000000
2013-11-13T14:00:00Z 286.510000 1019.000000 61.000000 2.760000 197.500000 -1.000000 12.000000
2013-11-13T15:00:00Z 286.510000 1019.000000 61.000000 2.760000 197.500000 -1.000000 12.000000
2013-11-13T16:00:00Z 286.560000 1019.000000 61.000000 3.250000 206.000000 -1.000000 12.000000
2013-11-13T17:00:00Z 286.380000 1019.000000 61.000000 3.250000 206.000000 -1.000000 12.000000
2013-11-21T20:00:00Z 276.150000 1026.000000 47.000000 1.000000 0.000000 -1.000000 0.000000
2013-11-21T21:00:00Z 275.150000 1026.000000 55.000000 1.000000 0.000000 -1.000000 0.000000
2013-11-21T22:00:00Z 275.150000 1026.000000 55.000000 1.000000 0.000000 -1.000000 0.000000
2013-11-21T23:00:00Z 270.330000 1029.560000 66.000000 3.110000 227.000000 -1.000000 0.000000
2013-11-22T00:00:00Z 270.330000 1029.560000 66.000000 3.110000 227.000000 -1.000000 0.000000
2013-11-22T01:00:00Z 268.670000 1029.650000 60.000000 2.100000 225.500000 -1.000000 0.000000
2013-11-22T02:00:00Z 272.150000 1027.000000 63.000000 2.000000 10.000000 -1.000000 0.000000
2013-11-22T03:00:00Z 267.535000 1029.300000 62.000000 0.900000 262.500000 -1.000000 0.000000
2013-11-22T04:00:00Z 271.150000 1027.000000 63.000000 3.000000 350.000000 -1.000000 0.000000
2013-11-22T05:00:00Z 272.150000 1026.000000 58.000000 2.000000 320.000000 -1.000000 0.000000
2013-11-22T06:00:00Z 272.150000 1026.000000 58.000000 2.000000 320.000000 -1.000000 0.000000
2013-11-22T07:00:00Z 272.150000 1026.000000 58.000000 2.000000 320.000000 -1.000000 0.000000
2013-11-22T08:00:00Z 272.150000 1026.000000 58.000000 2.000000 320.000000 -1.000000 0.000000
2013-11-22T09:00:00Z 272.150000 1026.000000 58.000000 2.000000 320.000000 -1.000000 0.000000
2013-11-22T10:00:00Z 286.150000 1022.000000 17.000000 2.000000 140.000000 -1.000000 0.000000
2013-11-22T11:00:00Z 286.150000 1022.000000 17.000000 2.000000 140.000000 -1.000000 0.000000
2013-11-22T12:00:00Z 286.150000 1022.000000 17.000000 2.000000 140.000000 -1.000000 0.000000
2013-11-22T13:00:00Z 286.150000 1022.000000 17.000000 2.000000 140.000000 -1.000000 0.000000
2013-11-22T14:00:00Z 286.150000 1022.000000 17.000000 2.000000 140.000000 -1.000000 0.000000
2013-11-22T15:00:00Z 286.150000 1022.000000 17.000000 2.000000 140.000000 -1.000000 0.000000
2013-11-22T16:00:00Z 284.150000 1021.000000 21.000000 3.000000 170.000000 -1.000000 0.000000
2013-11-22T17:00:00Z 281.150000 1022.000000 28.000000 2.000000 160.000000 -1.000000 8.000000
2013-11-22T18:00:00Z 281.150000 1022.000000 28.000000 2.000000 160.000000 -1.000000 8.000000
2013-12-05T21:00:00Z 283.310000 1023.000000 66.000000 4.560000 199.500000 -1.000000 0.000000
2013-12-05T22:00:00Z 283.200000 1023.000000 65.000000 3.100000 214.000000 -1.000000 0.000000
2013-12-05T23:00:00Z 287.430000 1023.000000 65.000000 4.350000 223.500000 -1.000000 0.000000
2013-12-06T00:00:00Z 281.140000 1022.000000 65.000000 4.350000 223.500000 -1.000000 0.000000
2013-12-06T01:00:00Z 280.770000 1022.000000 65.000000 3.320000 222.500000 -1.000000 0.000000
2013-12-06T02:00:00Z 280.850000 1022.000000 65.000000 3.320000 222.500000 -1.000000 0.000000
2013-12-06T03:00:00Z 280.600000 1021.000000 64.000000 1.910000 205.000000 -1.000000 0.000000
2013-12-06T04:00:00Z 280.600000 1021.000000 64.000000 1.910000 205.000000 -1.000000 0.000000
2013-12-06T05:00:00Z 280.240000 1021.000000 64.000000 1.910000 205.000000 -1.000000 0.000000
2013-12-06T06:00:00Z 279.490000 1021.000000 65.000000 1.910000 205.000000 -1.000000 0.000000
2013-12-06T09:00:00Z 279.760000 1022.000000 64.000000 0.150000 82.500200 -1.000000 8.000000
2013-12-06T10:00:00Z 286.270000 1022.000000 64.000000 1.860000 189.500000 -1.000000 0.000000
2013-12-06T11:00:00Z 281.660000 1021.000000 63.000000 1.860000 189.500000 -1.000000 0.000000
2013-12-06T12:00:00Z 286.790000 1019.000000 63.000000 1.860000 189.500000 -1.000000 0.000000
2013-12-06T13:00:00Z 285.980000 1019.000000 62.000000 2.050000 178.000000 -1.000000 0.000000
2013-12-06T14:00:00Z 285.740000 1018.000000 62.000000 2.050000 178.000000 -1.000000 0.000000
2013-12-06T15:00:00Z 285.430000 1018.000000 62.000000 2.700000 176.500000 -1.000000 0.000000
2013-12-06T16:00:00Z 285.430000 1018.000000 62.000000 2.700000 176.500000 -1.000000 0.000000
2013-12-06T17:00:00Z 284.690000 1018.000000 62.000000 2.700000 176.500000 -1.000000 0.000000
2013-12-06T18:00:00Z 283.120000 1019.000000 62.000000 2.700000 176.500000 -1.000000 0.000000
2013-12-06T19:00:00Z 283.250000 1019.000000 62.000000 3.100000 172.000000 -1.000000 0.000000
2013-12-06T20:00:00Z 281.520000 1020.000000 63.000000 2.050000 204.501000 -1.000000 0.000000
2013-12-06T21:00:00Z 281.520000 1020.000000 63.000000 2.050000 204.501000 -1.000000 0.000000
2013-12-19T13:00:00Z 265.150000 1031.000000 40.000000 4.000000 10.000000 -1.000000 0.000000
2013-12-19T14:00:00Z 265.150000 1031.000000 40.000000 4.000000 10.000000 -1.000000 0.000000
2013-12-19T15:00:00Z 265.150000 1031.000000 40.000000 4.000000 10.000000 -1.000000 0.000000
2013-12-19T16:00:00Z 265.150000 1031.000000 40.000000 4.000000 10.000000 -1.000000 0.000000
2013-12-19T17:00:00Z 265.150000 1031.000000 40.000000 4.000000 10.000000 -1.000000 0.000000
2013-12-19T18:00:00Z 265.150000 1031.000000 40.000000 4.000000 10.000000 -1.000000 0.000000
2013-12-19T19:00:00Z 265.150000 1031.000000 40.000000 4.000000 10.000000 -1.000000 0.000000
2013-12-19T20:00:00Z 265.150000 1031.000000 40.000000 4.000000 10.000000 -1.000000 0.000000
2013-12-19T21:00:00Z 265.150000 1031.000000 40.000000 4.000000 10.000000 -1.000000 0.000000
2013-12-19T22:00:00Z 265.150000 1031.000000 40.000000 4.000000 10.000000 -1.000000 0.000000
2013-12-19T23:00:00Z 265.150000 1031.000000 40.000000 4.000000 10.000000 -1.000000 0.000000
2013-12-20T00:00:00Z 265.150000 1031.000000 40.000000 4.000000 10.000000 -1.000000 0.000000
2013-12-22T08:00:00Z 265.150000 1034.000000 52.000000 3.000000 360.000000 -1.000000 0.000000
2013-12-22T09:00:00Z 265.150000 1034.000000 52.000000 3.000000 360.000000 -1.000000 0.000000
2013-12-22T10:00:00Z 268.270000 1026.000000 47.000000 0.510000 44.000000 -1.000000 32.000000
2013-12-22T11:00:00Z 271.810000 1025.000000 37.000000 0.510000 99.000000 -1.000000 32.000000
2013-12-22T12:00:00Z 269.345000 1036.060000 40.000000 2.010000 4.500850 -1.000000 32.000000
2013-12-22T13:00:00Z 269.345000 1036.060000 40.000000 2.010000 4.500850 -1.000000 32.000000
2013-12-22T14:00:00Z 274.440000 1023.000000 32.000000 0.510000 227.000000 -1.000000 0.000000
2013-12-22T15:00:00Z 275.270000 1030.000000 22.000000 2.000000 160.000000 -1.000000 44.000000
2013-12-22T16:00:00Z 274.150000 1030.000000 26.000000 2.000000 200.000000 -1.000000 0.000000
2013-12-22T17:00:00Z 274.150000 1030.000000 26.000000 2.000000 200.000000 -1.000000 0.000000
2013-12-22T18:00:00Z 270.020000 1023.000000 52.000000 1.160000 173.000000 -1.000000 0.000000
2014-01-01T05:00:00Z 277.400000 1012.000000 18.000000 4.000000 290.000000 -1.000000 0.000000
2014-01-01T06:00:00Z 279.820000 1005.000000 25.000000 0.510000 261.000000 -1.000000 0.000000
2014-01-01T07:00:00Z 279.820000 1005.000000 25.000000 0.510000 261.000000 -1.000000 0.000000
2014-01-01T08:00:00Z 279.190000 1006.000000 27.000000 1.540000 312.000000 -1.000000 0.000000
2014-01-01T09:00:00Z 279.190000 1006.000000 27.000000 1.540000 312.000000 -1.000000 0.000000
2014-01-01T10:00:00Z 280.490000 1007.000000 25.000000 1.540000 247.000000 -1.000000 0.000000
2014-01-01T11:00:00Z 282.100000 1007.000000 23.000000 3.080000 280.000000 -1.000000 0.000000
2014-01-01T12:00:00Z 283.150000 1015.000000 12.000000 9.000000 290.000000 -1.000000 0.000000
2014-01-01T13:00:00Z 283.150000 1015.000000 13.000000 8.000000 300.000000 -1.000000 0.000000
2014-01-01T14:00:00Z 284.200000 1006.000000 22.000000 3.080000 277.000000 -1.000000 0.000000
2014-01-01T15:00:00Z 284.200000 1006.000000 22.000000 3.080000 277.000000 -1.000000 0.000000
2014-01-01T16:00:00Z 284.210000 1014.000000 12.000000 7.000000 300.000000 -1.000000 0.000000
2014-01-01T17:00:00Z 283.440000 1015.000000 13.000000 5.000000 290.000000 -1.000000 0.000000
2014-01-02T12:00:00Z 279.963000 1025.130000 33.000000 1.970000 48.002100 -1.000000 44.000000
2014-01-02T13:00:00Z 279.963000 1025.130000 33.000000 1.970000 48.002100 -1.000000 44.000000
2014-01-03T17:00:00Z 280.000000 1015.000000 27.000000 1.770000 67.504100 -1.000000 0.000000
2014-01-03T18:00:00Z 278.150000 1016.000000 31.000000 4.020000 176.502000 -1.000000 0.000000
2014-01-03T19:00:00Z 278.150000 1016.000000 31.000000 4.020000 176.502000 -1.000000 0.000000
2014-01-03T20:00:00Z 277.360000 1016.000000 34.000000 4.020000 176.502000 -1.000000 0.000000
2014-01-03T21:00:00Z 273.280000 1017.000000 38.000000 4.020000 176.502000 -1.000000 0.000000
2014-01-03T22:00:00Z 272.860000 1017.000000 48.000000 1.030000 23.000000 -1.000000 0.000000
2014-01-03T23:00:00Z 272.900000 1017.000000 57.000000 1.030000 150.000000 -1.000000 0.000000
2014-01-04T00:00:00Z 272.900000 1017.000000 57.000000 1.030000 150.000000 -1.000000 0.000000
2014-01-04T01:00:00Z 271.840000 1017.000000 75.000000 0.510000 111.000000 -1.000000 0.000000
2014-01-04T02:00:00Z 271.530000 1017.000000 78.000000 3.910000 204.500000 -1.000000 0.000000
2014-01-04T03:00:00Z 271.530000 1017.000000 78.000000 3.910000 204.500000 -1.000000 0.000000
2014-01-04T04:00:00Z 270.100000 1025.000000 73.000000 2.720000 206.505000 -1.000000 0.000000
2014-01-04T05:00:00Z 269.590000 1017.000000 78.000000 2.720000 206.505000 -1.000000 0.000000
2014-01-04T06:00:00Z 269.590000 1017.000000 78.000000 2.720000 206.505000 -1.000000 0.000000
2014-01-04T07:00:00Z 270.390000 1017.000000 77.000000 0.510000 133.000000 -1.000000 0.000000
2014-01-04T08:00:00Z 270.390000 1017.000000 77.000000 0.510000 133.000000 -1.000000 0.000000
2014-01-04T09:00:00Z 271.150000 1025.000000 74.000000 1.000000 0.000000 -1.000000 20.000000
2014-01-04T10:00:00Z 271.150000 1025.000000 74.000000 1.000000 0.000000 -1.000000 20.000000
2014-01-04T11:00:00Z 272.150000 1024.000000 74.000000 1.000000 0.000000 -1.000000 12.000000
2014-01-05T06:00:00Z 269.820000 1016.000000 76.000000 1.540000 74.000000 -1.000000 0.000000
2014-01-05T07:00:00Z 269.820000 1016.000000 76.000000 1.540000 74.000000 -1.000000 0.000000
2014-01-05T08:00:00Z 269.820000 1016.000000 76.000000 1.540000 74.000000 -1.000000 0.000000
2014-01-05T09:00:00Z 271.770000 1018.000000 64.000000 0.510000 53.000000 -1.000000 0.000000
2014-01-05T10:00:00Z 271.770000 1018.000000 64.000000 0.510000 53.000000 -1.000000 0.000000
2014-01-05T11:00:00Z 276.510000 1017.000000 39.000000 1.540000 40.000000 -1.000000 0.000000
2014-01-05T12:00:00Z 278.150000 1017.000000 35.000000 1.030000 40.000000 -1.000000 0.000000
2014-01-05T13:00:00Z 279.150000 1024.000000 20.000000 2.000000 40.000000 -1.000000 0.000000
2014-01-05T14:00:00Z 279.150000 1024.000000 20.000000 2.000000 40.000000 -1.000000 0.000000
2014-01-05T15:00:00Z 280.010000 1016.000000 30.000000 1.540000 5.000000 -1.000000 0.000000
2014-01-05T16:00:00Z 278.960000 1016.000000 34.000000 2.460000 80.500100 -1.000000 0.000000
2014-01-05T17:00:00Z 278.960000 1016.000000 34.000000 2.460000 80.500100 -1.000000 0.000000
2014-01-05T18:00:00Z 276.470000 1025.000000 27.000000 2.000000 180.000000 -1.000000 0.000000
2014-01-05T19:00:00Z 272.150000 1025.000000 42.000000 1.000000 0.000000 -1.000000 0.000000
2014-01-05T20:00:00Z 272.150000 1025.000000 42.000000 1.000000 0.000000 -1.000000 0.000000
2014-01-05T21:00:00Z 274.820000 1018.000000 45.000000 1.030000 93.000000 -1.000000 0.000000
2014-01-05T22:00:00Z 272.860000 1019.000000 54.000000 1.030000 142.000000 -1.000000 0.000000
2014-01-14T19:00:00Z 274.150000 1033.000000 26.000000 2.000000 0.000000 -1.000000 0.000000
2014-01-14T20:00:00Z 274.150000 1033.000000 26.000000 2.000000 0.000000 -1.000000 0.000000
2014-01-14T21:00:00Z 267.150000 1034.000000 53.000000 1.000000 130.000000 -1.000000 0.000000
2014-01-14T22:00:00Z 267.150000 1034.000000 53.000000 1.000000 130.000000 -1.000000 0.000000
2014-01-14T23:00:00Z 267.150000 1034.000000 53.000000 1.000000 0.000000 -1.000000 0.000000
2014-01-15T00:00:00Z 265.150000 1034.000000 57.000000 1.000000 70.000000 -1.000000 0.000000
2014-01-15T01:00:00Z 264.150000 1033.000000 61.000000 2.210000 219.000000 -1.000000 0.000000
2014-01-15T02:00:00Z 263.150000 1034.000000 56.000000 2.000000 10.000000 -1.000000 0.000000
2014-01-15T03:00:00Z 263.150000 1034.000000 56.000000 2.000000 10.000000 -1.000000 0.000000
2014-01-15T04:00:00Z 263.150000 1033.000000 56.000000 2.000000 340.000000 -1.000000 0.000000
2014-01-15T05:00:00Z 263.150000 1033.000000 56.000000 2.000000 340.000000 -1.000000 0.000000
2014-01-15T06:00:00Z 263.150000 1032.000000 47.000000 1.000000 0.000000 -1.000000 0.000000
2014-01-15T07:00:00Z 263.150000 1033.000000 51.000000 3.000000 340.000000 -1.000000 0.000000
2014-01-15T08:00:00Z 267.150000 1033.000000 37.000000 3.000000 320.000000 -1.000000 0.000000
2014-01-15T09:00:00Z 267.150000 1033.000000 37.000000 3.000000 320.000000 -1.000000 0.000000
2014-01-15T10:00:00Z 269.150000 1034.000000 32.000000 3.000000 340.000000 -1.000000 0.000000
2014-01-15T11:00:00Z 274.960000 1036.300000 31.000000 1.030000 273.500000 -1.000000 0.000000
2014-01-15T12:00:00Z 274.960000 1036.300000 31.000000 1.030000 273.500000 -1.000000 0.000000
2014-01-15T13:00:00Z 280.950000 1023.000000 26.000000 1.940000 151.500000 -1.000000 0.000000
2014-01-15T14:00:00Z 281.680000 1021.000000 24.000000 1.940000 151.500000 -1.000000 0.000000
2014-01-15T15:00:00Z 282.380000 1021.000000 22.000000 0.510000 165.000000 -1.000000 0.000000
2014-01-15T16:00:00Z 282.380000 1021.000000 22.000000 0.510000 165.000000 -1.000000 0.000000
2014-01-15T17:00:00Z 281.860000 1029.000000 11.000000 1.000000 0.000000 -1.000000 0.000000
2014-01-18T11:00:00Z 276.781000 1037.550000 31.000000 1.310000 279.000000 -1.000000 0.000000
2014-01-18T12:00:00Z 280.009000 1035.370000 33.000000 2.660000 183.500000 -1.000000 0.000000
2014-01-18T13:00:00Z 280.009000 1035.370000 33.000000 2.660000 183.500000 -1.000000 0.000000
2014-01-18T14:00:00Z 280.612000 1040.410000 21.000000 3.210000 201.504000 -1.000000 0.000000
2014-01-18T15:00:00Z 280.009000 1035.370000 33.000000 2.660000 183.500000 -1.000000 0.000000
2014-01-18T16:00:00Z 276.787000 1034.230000 25.000000 3.450000 191.501000 -1.000000 0.000000
2014-01-18T17:00:00Z 276.787000 1034.230000 25.000000 3.450000 191.501000 -1.000000 0.000000
2014-01-18T18:00:00Z 276.787000 1034.230000 25.000000 3.450000 191.501000 -1.000000 0.000000
2014-01-18T19:00:00Z 270.959000 1033.880000 51.000000 4.750000 177.000000 -1.000000 0.000000
2014-01-18T20:00:00Z 270.959000 1033.880000 51.000000 4.750000 177.000000 -1.000000 0.000000
2014-01-18T21:00:00Z 273.354000 1033.970000 61.000000 5.360000 166.000000 -1.000000 8.000000
2014-01-18T22:00:00Z 269.184000 1033.970000 73.000000 3.350000 155.000000 -1.000000 0.000000
2014-01-18T23:00:00Z 269.184000 1033.970000 73.000000 3.350000 155.000000 -1.000000 0.000000
2014-01-19T00:00:00Z 269.184000 1033.970000 73.000000 3.350000 155.000000 -1.000000 0.000000
2014-01-19T01:00:00Z 265.327000 1032.260000 78.000000 1.850000 81.500400 -1.000000 76.000000
2014-01-19T02:00:00Z 265.327000 1032.260000 78.000000 1.850000 81.500400 -1.000000 76.000000
2014-01-19T03:00:00Z 266.712000 1037.330000 75.000000 1.730000 128.000000 -1.000000 88.000000
2014-01-19T04:00:00Z 266.712000 1037.330000 75.000000 1.730000 128.000000 -1.000000 88.000000
2014-01-19T05:00:00Z 265.649000 1029.320000 85.000000 2.300000 23.500500 -1.000000 64.000000
2014-01-19T06:00:00Z 265.649000 1029.320000 85.000000 2.300000 23.500500 -1.000000 64.000000
2014-01-19T07:00:00Z 265.774000 1033.480000 85.000000 3.380000 354.001000 -1.000000 56.000000
2014-01-21T19:00:00Z 274.530000 1029.000000 14.000000 3.000000 200.000000 -1.000000 0.000000
2014-01-21T20:00:00Z 273.230000 1028.000000 22.000000 2.000000 150.000000 -1.000000 0.000000
2014-01-21T21:00:00Z 272.800000 1020.000000 31.000000 4.350000 219.000000 -1.000000 0.000000
2014-01-21T22:00:00Z 272.800000 1020.000000 31.000000 4.350000 219.000000 -1.000000 0.000000
2014-01-21T23:00:00Z 269.150000 1027.000000 32.000000 1.000000 0.000000 -1.000000 0.000000
2014-01-22T00:00:00Z 268.970000 1019.000000 38.000000 2.560000 225.000000 -1.000000 0.000000
2014-01-22T01:00:00Z 267.150000 1026.000000 34.000000 1.000000 50.000000 -1.000000 0.000000
2014-01-22T02:00:00Z 266.780000 1019.000000 39.000000 3.290000 212.004000 -1.000000 0.000000
2014-01-22T03:00:00Z 266.780000 1019.000000 39.000000 3.290000 212.004000 -1.000000 0.000000
2014-01-22T04:00:00Z 265.150000 1026.000000 44.000000 1.000000 360.000000 -1.000000 0.000000
2014-01-22T05:00:00Z 266.620000 1025.000000 47.000000 2.000000 360.000000 -1.000000 0.000000
2014-01-22T06:00:00Z 265.980000 1017.000000 42.000000 0.510000 11.000000 -1.000000 0.000000
2014-01-22T07:00:00Z 265.280000 1018.000000 43.000000 0.510000 62.000000 -1.000000 0.000000
2014-01-22T08:00:00Z 266.050000 1025.000000 47.000000 3.000000 360.000000 -1.000000 0.000000
2014-01-22T09:00:00Z 269.150000 1025.000000 35.000000 2.000000 10.000000 -1.000000 0.000000
2014-01-22T10:00:00Z 269.150000 1025.000000 35.000000 2.000000 10.000000 -1.000000 0.000000
2014-01-22T11:00:00Z 272.030000 1027.810000 38.000000 2.110000 65.500700 -1.000000 0.000000
2014-01-22T12:00:00Z 274.970000 1024.000000 17.000000 1.000000 0.000000 -1.000000 0.000000
2014-01-22T13:00:00Z 274.970000 1024.000000 17.000000 1.000000 0.000000 -1.000000 0.000000
2014-01-22T14:00:00Z 277.330000 1013.000000 24.000000 2.110000 132.000000 -1.000000 0.000000
2014-01-22T15:00:00Z 278.150000 1021.000000 12.000000 1.000000 0.000000 -1.000000 0.000000
2014-01-22T16:00:00Z 278.150000 1021.000000 12.000000 1.000000 0.000000 -1.000000 0.000000
2014-01-28T15:00:00Z 278.400000 1019.000000 41.000000 1.540000 149.000000 -1.000000 0.000000
2014-01-28T16:00:00Z 278.150000 1026.000000 27.000000 5.000000 180.000000 -1.000000 0.000000
2014-01-28T17:00:00Z 276.580000 1017.000000 42.000000 0.510000 188.000000 -1.000000 0.000000
2014-01-28T18:00:00Z 276.580000 1017.000000 42.000000 0.510000 188.000000 -1.000000 0.000000
2014-01-28T19:00:00Z 276.480000 1017.000000 44.000000 0.510000 177.000000 -1.000000 0.000000
2014-01-28T20:00:00Z 276.480000 1017.000000 44.000000 0.510000 177.000000 -1.000000 0.000000
2014-01-28T21:00:00Z 274.190000 1017.000000 57.000000 1.540000 139.000000 -1.000000 0.000000
2014-01-28T22:00:00Z 271.150000 1024.000000 63.000000 3.000000 140.000000 -1.000000 0.000000
2014-01-28T23:00:00Z 271.480000 1015.000000 71.000000 1.540000 67.000000 -1.000000 0.000000
2014-01-29T00:00:00Z 271.480000 1015.000000 71.000000 1.540000 67.000000 -1.000000 0.000000
2014-01-29T01:00:00Z 269.770000 1021.000000 73.000000 2.000000 100.000000 -1.000000 0.000000
2014-01-29T02:00:00Z 269.770000 1021.000000 73.000000 2.000000 100.000000 -1.000000 0.000000
2014-01-29T03:00:00Z 268.150000 1020.000000 73.000000 1.000000 0.000000 -1.000000 0.000000
2014-01-29T04:00:00Z 267.150000 1019.000000 73.000000 0.250000 108.500000 -1.000000 0.000000
2014-01-29T05:00:00Z 267.410000 1009.000000 75.000000 0.250000 108.500000 -1.000000 0.000000
2014-01-29T06:00:00Z 267.410000 1009.000000 75.000000 0.250000 108.500000 -1.000000 0.000000
2014-01-29T07:00:00Z 267.850000 1016.000000 78.000000 3.000000 360.000000 -1.000000 0.000000
2014-01-29T08:00:00Z 266.150000 1015.000000 79.000000 2.000000 150.000000 -1.000000 0.000000
2014-01-29T09:00:00Z 270.250000 1008.000000 77.000000 2.110000 13.500000 -1.000000 0.000000
2014-01-29T10:00:00Z 271.150000 1015.000000 68.000000 2.000000 120.000000 -1.000000 0.000000
2014-01-29T11:00:00Z 272.295000 1018.480000 60.000000 2.110000 13.500000 -1.000000 0.000000
2014-01-29T12:00:00Z 274.150000 1013.000000 50.000000 2.000000 70.000000 -1.000000 0.000000
2014-01-30T03:00:00Z 272.010000 1008.000000 39.000000 2.570000 333.000000 -1.000000 0.000000
2014-01-30T04:00:00Z 272.150000 1016.000000 33.000000 5.000000 340.000000 -1.000000 0.000000
2014-01-30T05:00:00Z 273.030000 1009.000000 33.000000 4.050000 316.500000 -1.000000 0.000000
2014-01-30T06:00:00Z 274.150000 1017.000000 17.000000 6.000000 320.000000 -1.000000 0.000000
2014-01-30T07:00:00Z 275.370000 1011.000000 25.000000 4.110000 325.000000 -1.000000 0.000000
2014-01-30T08:00:00Z 275.370000 1011.000000 25.000000 4.110000 325.000000 -1.000000 0.000000
2014-01-30T09:00:00Z 275.530000 1012.000000 24.000000 0.510000 57.000000 -1.000000 0.000000
2014-01-30T10:00:00Z 276.790000 1021.000000 10.000000 4.000000 50.000000 -1.000000 0.000000
2014-01-30T11:00:00Z 278.150000 1021.000000 8.000000 3.000000 40.000000 -1.000000 0.000000
2014-01-30T12:00:00Z 279.260000 1011.000000 17.000000 2.060000 65.000000 -1.000000 8.000000
2014-01-30T13:00:00Z 280.270000 1018.000000 6.000000 3.000000 70.000000 -1.000000 0.000000
2014-01-30T14:00:00Z 280.270000 1018.000000 6.000000 3.000000 70.000000 -1.000000 0.000000
2014-01-30T15:00:00Z 281.600000 1017.000000 6.000000 2.000000 90.000000 -1.000000 0.000000
2014-01-30T16:00:00Z 281.300000 1009.000000 16.000000 1.540000 165.000000 -1.000000 0.000000
2014-01-30T17:00:00Z 281.300000 1009.000000 16.000000 1.540000 165.000000 -1.000000 0.000000
2014-01-30T18:00:00Z 278.780000 1018.000000 10.000000 2.000000 150.000000 -1.000000 0.000000
2014-01-30T19:00:00Z 278.100000 1018.000000 18.000000 5.000000 150.000000 -1.000000 0.000000
2014-02-12T08:00:00Z 266.930000 1033.000000 57.000000 4.000000 350.000000 -1.000000 0.000000
2014-02-12T09:00:00Z 268.100000 1033.000000 45.000000 2.000000 360.000000 -1.000000 0.000000
2014-02-12T10:00:00Z 271.150000 1034.000000 28.000000 3.000000 30.000000 -1.000000 0.000000
2014-02-12T11:00:00Z 273.540000 1034.000000 15.000000 3.000000 50.000000 -1.000000 0.000000
2014-02-12T12:00:00Z 275.000000 1025.000000 26.000000 1.540000 46.000000 -1.000000 0.000000
2014-02-12T13:00:00Z 276.490000 1033.000000 12.000000 2.000000 130.000000 -1.000000 0.000000
2014-02-12T14:00:00Z 277.150000 1032.000000 14.000000 2.000000 140.000000 -1.000000 0.000000
2014-02-12T15:00:00Z 277.100000 1024.000000 29.000000 1.540000 140.000000 -1.000000 8.000000
2014-02-12T16:00:00Z 277.100000 1024.000000 29.000000 1.540000 140.000000 -1.000000 8.000000
2014-02-12T17:00:00Z 276.320000 1032.000000 16.000000 3.000000 190.000000 -1.000000 0.000000
2014-03-01T12:00:00Z 284.150000 1022.000000 8.000000 5.000000 300.000000 -1.000000 0.000000
2014-03-01T13:00:00Z 284.150000 1022.000000 8.000000 5.000000 300.000000 -1.000000 0.000000
2014-03-01T14:00:00Z 284.150000 1022.000000 8.000000 5.000000 300.000000 -1.000000 0.000000
2014-03-01T15:00:00Z 285.150000 1021.000000 6.000000 3.000000 290.000000 -1.000000 0.000000
2014-03-01T16:00:00Z 285.150000 1021.000000 6.000000 3.000000 290.000000 -1.000000 0.000000
2014-03-01T17:00:00Z 282.150000 1021.000000 10.000000 4.000000 220.000000 -1.000000 0.000000
2014-03-01T18:00:00Z 282.150000 1021.000000 10.000000 4.000000 220.000000 -1.000000 0.000000
2014-03-01T19:00:00Z 282.150000 1021.000000 10.000000 4.000000 220.000000 -1.000000 0.000000
2014-03-01T20:00:00Z 282.150000 1021.000000 10.000000 4.000000 220.000000 -1.000000 0.000000
2014-03-01T21:00:00Z 281.150000 1022.000000 16.000000 4.000000 220.000000 -1.000000 0.000000
2014-03-01T22:00:00Z 281.150000 1022.000000 16.000000 4.000000 220.000000 -1.000000 0.000000
2014-03-01T23:00:00Z 281.150000 1022.000000 16.000000 4.000000 220.000000 -1.000000 0.000000
2014-03-02T00:00:00Z 281.150000 1022.000000 16.000000 4.000000 220.000000 -1.000000 0.000000
2014-03-02T01:00:00Z 281.150000 1022.000000 16.000000 4.000000 220.000000 -1.000000 0.000000
2014-03-02T02:00:00Z 281.150000 1022.000000 16.000000 4.000000 220.000000 -1.000000 0.000000
2014-03-02T03:00:00Z 281.150000 1022.000000 16.000000 4.000000 220.000000 -1.000000 0.000000
2014-03-02T04:00:00Z 274.150000 1024.000000 47.000000 2.000000 100.000000 -1.000000 0.000000
2014-03-02T05:00:00Z 274.150000 1024.000000 47.000000 2.000000 100.000000 -1.000000 0.000000
2014-03-02T06:00:00Z 274.150000 1024.000000 47.000000 2.000000 100.000000 -1.000000 0.000000
2014-03-02T07:00:00Z 274.150000 1024.000000 47.000000 2.000000 100.000000 -1.000000 0.000000
2014-03-02T08:00:00Z 274.150000 1024.000000 47.000000 2.000000 100.000000 -1.000000 0.000000
2014-03-22T07:00:00Z 279.570000 1016.000000 38.000000 2.000000 340.000000 -1.000000 0.000000
2014-03-22T08:00:00Z 279.570000 1016.000000 38.000000 2.000000 340.000000 -1.000000 0.000000
2014-03-22T09:00:00Z 285.770000 1010.000000 28.000000 0.510000 22.000000 -1.000000 0.000000
2014-03-22T10:00:00Z 290.010000 1010.000000 14.000000 1.030000 14.000000 -1.000000 0.000000
2014-03-22T11:00:00Z 290.010000 1010.000000 14.000000 1.030000 14.000000 -1.000000 0.000000
2014-03-22T12:00:00Z 293.700000 1010.000000 11.000000 1.030000 355.000000 -1.000000 0.000000
2014-03-22T13:00:00Z 294.770000 1009.000000 11.000000 2.060000 5.000000 -1.000000 0.000000
2014-03-22T14:00:00Z 295.250000 1008.000000 9.000000 2.060000 48.000000 -1.000000 0.000000
2014-03-22T15:00:00Z 296.150000 1017.000000 3.000000 6.000000 40.000000 -1.000000 0.000000
2014-03-22T16:00:00Z 294.970000 1017.000000 4.000000 6.000000 60.000000 -1.000000 0.000000
2014-03-22T17:00:00Z 294.970000 1017.000000 4.000000 6.000000 60.000000 -1.000000 0.000000
2014-03-22T18:00:00Z 294.200000 1010.000000 9.000000 2.570000 113.000000 -1.000000 0.000000
2014-03-22T21:00:00Z 288.150000 1023.000000 19.000000 6.000000 140.000000 -1.000000 0.000000
2014-03-22T22:00:00Z 288.150000 1023.000000 19.000000 6.000000 140.000000 -1.000000 0.000000
2014-03-22T23:00:00Z 285.450000 1017.000000 30.000000 4.460000 165.504000 -1.000000 0.000000
2014-03-23T00:00:00Z 284.010000 1018.000000 32.000000 1.420000 43.003100 -1.000000 0.000000
2014-03-23T01:00:00Z 283.350000 1026.000000 26.000000 1.000000 0.000000 -1.000000 0.000000
2014-03-23T02:00:00Z 282.140000 1018.000000 38.000000 2.510000 207.503000 -1.000000 0.000000
2014-03-23T03:00:00Z 282.340000 1026.000000 38.000000 1.000000 60.000000 -1.000000 0.000000
2014-03-23T04:00:00Z 282.340000 1026.000000 38.000000 1.000000 60.000000 -1.000000 0.000000
2014-03-23T05:00:00Z 281.210000 1026.000000 52.000000 1.000000 0.000000 -1.000000 0.000000
2014-03-23T06:00:00Z 279.680000 1018.000000 47.000000 1.000000 68.000400 -1.000000 0.000000
2014-03-23T07:00:00Z 279.680000 1018.000000 47.000000 1.000000 68.000400 -1.000000 0.000000
2014-10-29T07:00:00Z 280.150000 1025.000000 87.000000 2.000000 360.000000 -1.000000 80.000000
2014-10-29T08:00:00Z 280.150000 1025.000000 81.000000 2.000000 360.000000 -1.000000 76.000000
2014-10-29T09:00:00Z 283.150000 1025.000000 76.000000 2.000000 360.000000 -1.000000 80.000000
2014-10-29T10:00:00Z 285.150000 1025.000000 62.000000 2.000000 360.000000 -1.000000 80.000000
2014-10-29T11:00:00Z 287.150000 1025.000000 50.000000 1.000000 0.000000 -1.000000 80.000000
2014-10-29T12:00:00Z 287.150000 1025.000000 50.000000 1.000000 0.000000 -1.000000 80.000000
2014-10-29T13:00:00Z 289.150000 1023.000000 44.000000 3.000000 160.000000 -1.000000 56.000000
2014-10-29T14:00:00Z 289.150000 1023.000000 44.000000 3.000000 160.000000 -1.000000 56.000000
2014-10-29T15:00:00Z 289.150000 1023.000000 44.000000 3.000000 160.000000 -1.000000 56.000000
