2013-06-01T11:00:00Z 92 23 161 154 117 152 12 39 123 166 77 -1 -1 -1 -1
2013-06-01T10:00:00Z 124 36 194 151 133 212 18 74 123 136 68 -1 -1 -1 -1
2013-06-01T09:00:00Z 125 64 219 149 135 170 15 109 146 148 64 -1 -1 -1 -1
2013-06-01T08:00:00Z 123 73 186 131 130 233 16 104 134 127 68 -1 -1 -1 -1
2013-06-01T07:00:00Z 123 76 178 157 122 245 16 108 134 118 75 -1 -1 -1 -1
2013-06-01T06:00:00Z 115 79 171 149 124 204 18 83 133 121 70 -1 -1 -1 -1
2013-06-05T04:00:00Z 61 53 106 123 92 96 25 44 85 114 94 -1 -1 -1 -1
2013-06-05T03:00:00Z 58 48 94 116 78 75 26 41 80 100 94 -1 -1 -1 -1
2013-06-05T02:00:00Z 61 46 107 113 74 90 59 36 87 105 91 -1 -1 -1 -1
2013-06-05T01:00:00Z 64 43 111 109 64 88 85 38 88 120 93 -1 -1 -1 -1
2013-06-05T00:00:00Z 57 41 88 102 59 88 125 34 76 121 93 -1 -1 -1 -1
2013-06-04T23:00:00Z 56 50 101 105 60 79 100 39 87 95 88 -1 -1 -1 -1
2013-06-09T13:00:00Z 10 12 22 94 44 118 11 45 173 95 63 -1 -1 -1 -1
2013-06-09T12:00:00Z 14 18 119 16 87 96 12 49 194 108 68 -1 -1 -1 -1
2013-06-09T11:00:00Z 24 16 172 18 112 97 12 52 150 100 56 -1 -1 -1 -1
2013-06-09T10:00:00Z 107 16 160 148 108 129 13 61 118 105 52 -1 -1 -1 -1
2013-06-09T09:00:00Z 110 19 140 155 97 140 13 68 107 203 53 -1 -1 -1 -1
2013-06-09T08:00:00Z 99 26 132 159 90 175 14 65 113 253 53 -1 -1 -1 -1
2013-06-13T22:00:00Z 86 75 65 60 79 119 70 68 71 53 46 -1 -1 -1 -1
2013-06-13T21:00:00Z 68 57 58 54 72 76 58 86 55 52 41 -1 -1 -1 -1
2013-06-13T20:00:00Z 70 52 52 44 72 74 46 88 46 58 35 -1 -1 -1 -1
2013-06-13T19:00:00Z 88 251 44 30 78 57 47 96 44 53 37 -1 -1 -1 -1
2013-06-14T23:00:00Z 86 102 94 115 44 54 99 36 84 80 68 -1 -1 -1 -1
2013-06-14T22:00:00Z 89 109 98 123 39 56 94 35 156 59 61 -1 -1 -1 -1
2013-06-14T21:00:00Z 89 123 97 105 44 91 72 30 112 55 51 -1 -1 -1 -1
2013-06-14T20:00:00Z 102 108 97 97 62 93 66 33 97 47 56 -1 -1 -1 -1
2013-06-14T19:00:00Z 91 98 94 94 80 98 58 33 72 50 53 -1 -1 -1 -1
2013-06-14T18:00:00Z 99 99 92 86 95 92 61 36 64 57 41 -1 -1 -1 -1
2013-06-17T10:00:00Z 55 15 239 68 125 103 9 21 97 193 211 -1 -1 -1 -1
2013-06-17T09:00:00Z 33 22 242 70 142 98 10 22 121 198 176 -1 -1 -1 -1
2013-06-17T08:00:00Z 40 26 269 104 165 114 12 25 121 176 154 -1 -1 -1 -1
2013-06-17T07:00:00Z 51 14 271 132 198 122 11 32 126 187 152 -1 -1 -1 -1
2013-06-17T06:00:00Z 62 12 265 157 202 162 17 32 107 214 153 -1 -1 -1 -1
2013-06-17T05:00:00Z 98 11 274 205 186 209 20 43 114 262 166 -1 -1 -1 -1
2013-06-27T13:00:00Z 189 23 31 102 123 230 10 105 24 52 247 -1 -1 -1 -1
2013-06-27T12:00:00Z 208 34 25 83 106 231 4 70 18 43 255 -1 -1 -1 -1
2013-06-27T11:00:00Z 229 39 33 124 122 196 5 55 17 50 264 -1 -1 -1 -1
2013-06-27T10:00:00Z 260 28 39 118 126 178 7 102 19 75 269 -1 -1 -1 -1
2013-06-27T09:00:00Z 307 28 51 142 121 169 8 83 26 76 270 -1 -1 -1 -1
2013-06-27T08:00:00Z 304 29 37 161 134 184 13 113 26 70 274 -1 -1 -1 -1
2013-06-29T19:00:00Z 127 87 42 93 112 115 28 70 52 124 51 -1 -1 -1 -1
2013-06-29T18:00:00Z 119 85 41 82 122 89 23 62 50 56 56 -1 -1 -1 -1
2013-06-29T17:00:00Z 111 75 68 78 121 109 18 63 39 54 61 -1 -1 -1 -1
2013-06-29T16:00:00Z 106 64 103 76 106 125 23 55 39 47 58 -1 -1 -1 -1
2013-06-29T15:00:00Z 93 60 103 75 85 128 24 64 30 53 57 -1 -1 -1 -1
2013-06-29T14:00:00Z 86 56 68 65 87 113 27 54 28 60 50 -1 -1 -1 -1
2013-07-20T09:00:00Z 179 14 154 170 171 87 18 17 125 184 107 -1 -1 -1 -1
2013-07-20T08:00:00Z 176 14 171 196 175 88 19 19 131 160 114 -1 -1 -1 -1
2013-07-20T07:00:00Z 161 14 165 187 165 79 16 18 132 138 119 -1 -1 -1 -1
2013-07-20T06:00:00Z 152 16 168 183 154 88 11 13 139 139 133 -1 -1 -1 -1
2013-07-20T05:00:00Z 150 18 160 165 140 75 15 31 126 131 128 -1 -1 -1 -1
2013-07-20T04:00:00Z 153 18 170 155 149 148 15 38 124 141 123 -1 -1 -1 -1
2013-07-28T07:00:00Z 125 31 154 152 152 98 19 82 132 141 27 -1 -1 -1 -1
2013-07-28T06:00:00Z 126 35 150 144 145 80 23 70 115 133 23 -1 -1 -1 -1
2013-07-28T05:00:00Z 117 35 146 175 144 76 24 69 114 113 22 -1 -1 -1 -1
2013-07-28T04:00:00Z 134 35 158 183 141 80 21 70 112 118 44 -1 -1 -1 -1
2013-07-28T03:00:00Z 139 34 159 188 135 79 25 68 86 102 48 -1 -1 -1 -1
2013-07-30T22:00:00Z 105 114 54 106 95 89 25 14 69 91 92 -1 -1 -1 -1
2013-07-30T21:00:00Z 88 100 50 73 87 115 37 16 106 69 81 -1 -1 -1 -1
2013-07-30T20:00:00Z 78 81 47 56 81 103 35 18 129 71 82 -1 -1 -1 -1
2013-07-30T19:00:00Z 85 47 44 43 75 100 21 15 53 67 77 -1 -1 -1 -1
2013-07-30T18:00:00Z 84 38 39 49 67 84 16 18 51 52 86 -1 -1 -1 -1
2013-08-17T09:00:00Z 42 35 38 61 63 210 40 100 81 62 37 -1 -1 -1 -1
2013-08-17T08:00:00Z 68 48 40 73 96 195 70 108 76 70 34 -1 -1 -1 -1
2013-08-17T07:00:00Z 111 47 35 67 98 197 65 95 82 55 34 -1 -1 -1 -1
2013-08-17T06:00:00Z 109 34 41 71 136 211 52 89 83 44 38 -1 -1 -1 -1
2013-08-17T05:00:00Z 93 40 56 58 150 223 35 78 101 40 38 -1 -1 -1 -1
2013-08-17T04:00:00Z 73 39 67 58 146 225 23 88 148 39 36 -1 -1 -1 -1
2013-09-13T09:00:00Z 36 17 236 91 91 100 45 56 75 96 34 -1 -1 -1 -1
2013-09-13T08:00:00Z 33 15 255 81 63 103 48 52 75 97 33 -1 -1 -1 -1
2013-09-13T07:00:00Z 30 17 235 53 54 105 48 48 89 90 40 -1 -1 -1 -1
2013-09-13T06:00:00Z 26 19 206 47 45 115 45 54 112 76 43 -1 -1 -1 -1
2013-09-13T05:00:00Z 26 23 174 41 43 181 47 155 88 78 55 -1 -1 -1 -1
2013-09-13T04:00:00Z 28 18 186 37 40 188 49 119 73 130 56 -1 -1 -1 -1
2013-09-20T05:00:00Z 101 44 182 154 137 169 9 138 174 184 58 -1 -1 -1 -1
2013-09-20T04:00:00Z 103 43 197 165 136 142 10 158 163 190 55 -1 -1 -1 -1
2013-09-20T03:00:00Z 104 51 207 173 135 154 10 165 177 200 56 -1 -1 -1 -1
2013-09-20T02:00:00Z 111 50 235 178 133 157 12 180 186 185 55 -1 -1 -1 -1
2013-09-20T01:00:00Z 111 46 231 210 131 139 15 175 177 192 56 -1 -1 -1 -1
2013-09-20T00:00:00Z 112 49 219 198 130 149 13 175 175 186 61 -1 -1 -1 -1
2013-10-07T17:00:00Z 11 13 257 49 70 99 8 27 132 164 101 17 190 58 28
2013-10-07T16:00:00Z 14 13 224 70 68 76 9 37 111 151 96 13 184 54 33
2013-10-07T15:00:00Z 19 13 253 87 82 60 11 45 128 189 93 12 176 58 116
2013-10-07T14:00:00Z 32 16 241 101 85 54 6 53 101 263 80 10 178 61 48
2013-10-07T13:00:00Z 46 18 234 131 88 62 6 63 99 319 89 11 217 67 367
2013-10-07T12:00:00Z 76 25 272 167 89 135 4 73 145 304 151 12 -1 -1 -1
2013-10-10T17:00:00Z 138 98 259 202 160 194 44 170 222 254 153 101 214 143 186
2013-10-10T16:00:00Z 144 102 270 212 167 197 48 167 231 260 157 103 222 139 186
2013-10-10T15:00:00Z 149 105 283 224 172 199 52 161 237 266 161 105 225 131 184
2013-10-10T14:00:00Z 153 108 296 235 174 200 55 155 240 272 163 108 229 124 184
2013-10-10T13:00:00Z 157 111 308 246 190 198 59 148 242 279 163 111 231 117 183
2013-10-10T12:00:00Z 151 114 318 258 192 190 62 142 240 284 163 115 232 110 178
2013-10-19T18:00:00Z 11 12 19 41 33 114 16 165 31 38 148 9 54 160 131
2013-10-19T17:00:00Z 9 8 19 37 27 109 11 209 32 61 124 9 215 88 95
2013-10-19T16:00:00Z 10 9 18 42 30 120 7 230 34 42 100 11 272 77 93
2013-10-19T15:00:00Z 9 8 14 55 43 123 27 205 36 66 94 8 -1 -1 -1
2013-10-19T14:00:00Z 9 8 22 81 51 132 11 208 58 199 83 9 302 66 105
2013-10-19T13:00:00Z 11 12 24 117 63 258 13 212 169 233 79 11 259 76 118
2013-10-22T19:00:00Z 102 101 291 153 87 88 16 118 135 152 107 20 188 127 104
2013-10-22T18:00:00Z 83 87 292 139 77 69 15 111 119 129 126 24 187 138 107
2013-10-22T17:00:00Z 79 52 282 124 79 65 19 108 108 555 101 31 162 702 104
2013-10-22T16:00:00Z 79 42 298 123 72 67 21 123 95 1000 98 42 150 728 85
2013-10-29T17:00:00Z 8 13 119 36 27 56 15 32 41 58 102 25 80 378 54
2013-10-29T16:00:00Z 8 10 130 38 28 52 5 34 45 51 112 23 88 376 65
2013-10-29T15:00:00Z 10 8 153 23 28 58 6 30 79 57 135 20 92 376 61
2013-10-29T14:00:00Z 10 8 158 16 32 46 7 26 131 78 189 18 127 380 56
2013-10-29T13:00:00Z 14 95 171 21 39 42 10 20 166 121 252 22 379 82 53
2013-10-29T12:00:00Z 12 122 210 39 57 43 11 17 156 160 286 29 353 150 49
2013-11-09T19:00:00Z 64 18 120 216 178 141 24 31 256 204 131 -1 222 120 72
2013-11-09T18:00:00Z 69 19 116 208 182 240 21 32 224 199 117 -1 218 95 74
2013-11-09T17:00:00Z 65 22 115 205 186 222 15 35 257 215 150 -1 212 84 72
2013-11-09T16:00:00Z -1 44 114 192 192 230 11 38 284 222 160 -1 208 87 70
2013-11-09T15:00:00Z -1 72 109 186 185 246 10 39 331 216 155 -1 195 81 68
2013-11-09T14:00:00Z -1 105 132 204 179 267 13 54 355 200 160 -1 188 92 72
2013-11-14T16:00:00Z 35 4 44 38 59 9 21 20 47 30 95 -1 40 65 39
2013-11-14T15:00:00Z -1 4 49 16 40 8 21 24 64 32 101 -1 41 57 21
2013-11-14T14:00:00Z 14 4 48 15 32 12 21 27 110 31 115 -1 -1 52 33
2013-11-14T13:00:00Z 14 4 36 16 33 17 22 44 92 32 138 -1 179 59 84
2013-11-14T12:00:00Z 22 8 42 26 60 34 20 65 136 42 197 -1 310 74 138
2013-11-14T11:00:00Z 20 71 73 81 100 107 23 117 258 42 181 -1 315 108 148
2013-11-24T17:00:00Z 53 40 43 182 47 31 37 20 34 53 108 36 128 74 36
2013-11-24T16:00:00Z 49 48 53 115 40 27 37 13 28 36 112 44 141 66 59
2013-11-24T15:00:00Z 35 50 315 99 37 25 41 102 31 37 107 50 202 82 54
2013-11-24T14:00:00Z 37 63 53 117 37 30 42 128 42 36 81 55 323 88 55
2013-11-24T13:00:00Z 44 61 41 173 61 109 60 139 160 49 65 59 415 74 88
2013-11-24T12:00:00Z 41 55 34 354 105 240 72 146 311 63 54 60 529 77 93
2013-12-09T06:00:00Z 8 15 18 23 13 25 10 18 20 32 124 12 192 20 16
2013-12-09T05:00:00Z 7 13 18 24 12 22 13 18 15 89 196 12 210 28 14
2013-12-09T04:00:00Z 10 16 21 24 11 21 16 20 20 181 214 12 276 62 32
2013-12-09T03:00:00Z 12 16 24 22 14 23 16 25 31 279 219 10 341 130 162
2013-12-09T02:00:00Z 10 20 31 16 13 19 19 40 40 337 225 10 410 189 245
2013-12-09T01:00:00Z 13 15 42 29 13 25 21 54 53 459 248 9 349 205 259
2013-12-26T04:00:00Z 11 11 24 19 12 32 20 24 11 36 223 22 95 59 10
2013-12-26T03:00:00Z 13 10 25 26 12 32 21 18 11 202 435 12 226 148 23
2013-12-26T02:00:00Z 9 11 28 20 13 34 20 17 15 670 612 19 682 292 356
2013-12-26T01:00:00Z 11 14 46 22 16 37 24 41 21 883 578 21 882 393 530
2013-12-26T00:00:00Z 18 15 92 28 19 49 26 80 27 938 518 17 870 504 511
2013-12-25T23:00:00Z 19 20 372 51 31 90 27 137 180 937 474 23 771 480 491
2014-01-03T01:00:00Z 240 98 254 411 185 224 52 141 212 305 149 44 193 155 161
2014-01-03T00:00:00Z 252 108 304 384 185 202 35 126 204 225 152 40 187 150 160
2014-01-02T23:00:00Z 242 115 281 375 174 222 41 122 170 213 159 40 175 159 152
2014-01-02T22:00:00Z 258 116 265 307 170 255 100 108 145 230 150 36 171 154 148
2014-01-02T21:00:00Z 259 129 259 297 167 215 184 97 147 223 -1 32 179 162 134
2014-01-02T20:00:00Z 203 128 252 253 163 171 139 83 122 226 137 31 164 154 163
2014-01-05T05:00:00Z 212 106 229 190 86 148 41 46 134 248 159 58 175 140 104
2014-01-05T04:00:00Z 185 96 225 200 95 143 62 49 137 239 151 58 169 139 102
2014-01-05T03:00:00Z 187 96 223 196 119 177 38 42 144 202 141 60 166 137 92
2014-01-05T02:00:00Z 196 108 242 220 108 147 42 43 139 201 133 66 172 133 87
2014-01-05T01:00:00Z 219 90 255 208 96 114 38 50 109 203 123 67 190 124 88
2014-01-05T00:00:00Z 199 113 276 200 86 98 41 61 103 189 121 62 198 122 89
2014-01-11T22:00:00Z 464 74 472 520 295 -1 39 295 342 314 165 38 237 179 263
2014-01-11T21:00:00Z 460 100 430 448 317 403 33 302 391 432 169 37 231 176 269
2014-01-11T20:00:00Z 419 88 480 402 340 417 35 307 412 410 175 33 211 183 305
2014-01-11T19:00:00Z 378 77 463 393 338 374 38 297 342 387 175 26 177 177 248
2014-01-11T18:00:00Z 330 71 383 344 341 333 36 259 306 368 166 20 164 173 150
2014-01-11T17:00:00Z 314 50 351 308 344 305 36 266 287 367 137 19 163 177 112
2014-01-14T01:00:00Z 292 61 365 342 122 171 34 52 155 219 156 71 208 123 118
2014-01-14T00:00:00Z 324 68 364 363 118 166 32 52 146 195 150 89 221 116 97
2014-01-13T23:00:00Z 332 70 310 359 119 170 46 64 171 195 155 114 223 117 76
2014-01-13T22:00:00Z 278 79 264 338 113 144 51 70 155 187 134 137 228 120 61
2014-01-13T21:00:00Z 254 59 231 288 109 133 45 66 145 185 129 113 234 121 54
2014-01-13T20:00:00Z 233 61 192 250 108 135 40 74 130 169 133 75 223 102 60
2014-01-17T05:00:00Z 64 69 555 292 43 153 30 59 120 460 315 58 366 163 160
2014-01-17T04:00:00Z 71 72 578 329 42 133 51 63 138 494 321 71 390 175 157
2014-01-17T03:00:00Z 111 79 606 432 44 112 37 72 124 499 320 78 451 195 155
2014-01-17T02:00:00Z 187 87 547 544 55 106 47 62 131 496 315 94 360 199 158
2014-01-17T01:00:00Z 225 78 481 487 75 114 53 79 164 467 325 79 347 206 176
2014-01-17T00:00:00Z 221 79 450 529 114 122 49 73 202 514 325 78 386 231 201
2014-01-18T00:00:00Z 286 30 536 375 231 262 47 130 222 297 183 34 235 134 140
2014-01-17T23:00:00Z 283 26 537 349 212 231 33 128 218 291 184 31 239 132 142
2014-01-17T22:00:00Z 281 24 526 325 194 205 29 148 217 327 167 33 221 123 134
2014-01-17T21:00:00Z 279 22 491 323 175 193 24 149 198 285 151 31 209 115 123
2014-01-17T20:00:00Z 282 21 450 325 163 173 25 112 176 287 141 28 188 109 114
2014-01-17T19:00:00Z 238 18 468 316 151 160 22 73 174 271 136 17 155 92 103
2014-01-19T21:00:00Z 269 17 26 225 306 291 29 209 453 420 324 22 450 373 394
2014-01-19T20:00:00Z 275 22 88 328 297 290 30 194 451 380 321 25 423 374 391
2014-01-19T19:00:00Z 282 47 308 306 291 269 35 163 474 360 324 29 386 364 361
2014-01-19T18:00:00Z 255 73 367 265 279 260 32 138 450 247 312 31 372 343 308
2014-01-19T17:00:00Z 188 63 299 247 277 254 30 119 413 345 291 30 372 313 240
2014-01-19T16:00:00Z 252 93 412 227 270 238 27 102 399 329 284 28 383 277 179
2014-01-24T13:00:00Z 253 170 280 225 214 271 16 174 226 295 180 17 293 225 192
2014-01-24T12:00:00Z 256 175 300 217 219 263 19 177 209 304 225 21 272 228 177
2014-01-24T11:00:00Z 252 164 329 234 230 241 27 186 233 333 217 25 265 208 174
2014-01-24T10:00:00Z 280 163 345 245 227 233 27 167 260 356 170 23 235 185 162
2014-01-24T09:00:00Z 283 158 329 225 220 258 32 168 244 388 160 25 189 173 156
2014-01-24T08:00:00Z 314 160 328 237 202 272 39 169 219 389 141 32 195 163 155
2014-01-30T02:00:00Z 273 151 195 242 194 292 35 159 250 409 196 19 194 172 166
2014-01-30T01:00:00Z 292 158 196 224 191 293 29 154 256 360 185 29 201 178 167
2014-01-30T00:00:00Z 289 146 192 194 162 296 26 154 234 347 172 36 190 176 162
2014-01-29T23:00:00Z 297 145 210 204 124 268 27 157 197 297 154 36 179 155 152
2014-01-29T22:00:00Z 297 143 243 206 117 215 26 155 195 247 151 31 182 144 144
2014-01-29T21:00:00Z 285 143 262 193 111 190 20 143 197 252 146 31 177 140 143
2014-01-31T07:00:00Z 122 174 211 241 108 96 105 48 84 361 443 240 233 178 215
2014-01-31T06:00:00Z 218 195 221 169 91 111 95 52 68 321 447 262 221 159 219
2014-01-31T05:00:00Z 258 243 230 213 64 120 96 57 67 310 462 319 220 140 213
2014-01-31T04:00:00Z 204 300 232 282 68 112 104 71 76 270 493 338 224 116 189
2014-01-31T03:00:00Z 175 448 244 320 148 141 121 134 86 248 531 259 237 90 161
2014-01-31T02:00:00Z 298 428 299 348 290 234 371 238 205 407 466 182 295 101 143
2014-02-02T09:00:00Z 173 122 192 212 130 148 53 106 180 240 173 18 233 84 91
2014-02-02T08:00:00Z 173 114 189 197 108 112 56 107 174 218 174 29 234 73 86
2014-02-02T07:00:00Z -1 -1 -1 -1 -1 -1 -1 -1 -1 -1 -1 -1 -1 -1 -1
2014-02-02T06:00:00Z 130 116 169 193 66 83 56 104 125 219 168 53 207 70 79
2014-02-02T05:00:00Z 96 141 170 189 53 82 106 97 73 208 158 59 173 69 83
2014-02-02T04:00:00Z 82 125 182 189 53 96 169 107 -1 216 155 59 163 70 78
2014-02-06T13:00:00Z 83 56 105 109 37 140 96 60 53 121 127 91 71 53 26
2014-02-06T12:00:00Z 78 70 139 150 33 137 98 55 73 165 139 84 68 51 37
2014-02-06T11:00:00Z 91 88 131 159 41 145 94 49 95 197 132 83 60 45 35
2014-02-06T10:00:00Z 94 94 120 195 43 140 99 46 99 276 114 83 70 40 41
2014-02-06T09:00:00Z 80 95 110 210 38 135 114 47 92 169 110 72 60 39 38
2014-02-06T08:00:00Z -1 -1 -1 -1 -1 -1 -1 -1 -1 -1 -1 -1 -1 -1 -1
2014-02-12T07:00:00Z 190 64 263 267 157 144 40 116 142 125 160 65 154 132 127
2014-02-12T06:00:00Z 217 56 267 261 142 126 33 128 151 127 156 66 143 128 118
2014-02-12T05:00:00Z 222 74 276 220 122 119 37 135 139 128 155 70 138 129 110
2014-02-12T04:00:00Z 223 66 284 226 115 129 41 150 142 129 157 74 136 131 94
2014-02-12T03:00:00Z 206 84 270 247 109 134 41 143 130 117 162 76 137 132 82
2014-02-12T02:00:00Z 203 87 256 250 107 125 40 136 125 139 159 77 132 114 88
2014-02-17T04:00:00Z 92 53 277 241 49 65 27 53 58 84 241 22 95 92 89
2014-02-17T03:00:00Z 109 58 295 242 45 65 26 51 62 93 227 26 113 108 82
2014-02-17T02:00:00Z 127 56 286 244 44 62 32 52 60 123 216 27 128 123 107
2014-02-17T01:00:00Z 146 62 285 244 44 63 36 57 57 138 187 29 143 134 107
2014-02-17T00:00:00Z 132 76 308 253 46 64 32 54 80 175 169 30 146 152 111
2014-02-16T23:00:00Z 140 70 309 250 45 52 30 53 96 258 170 34 197 179 134
2014-03-04T04:00:00Z 192 115 259 218 169 173 36 131 188 286 43 7 49 71 75
2014-03-04T03:00:00Z 207 145 298 237 173 216 25 133 207 112 40 7 47 71 77
2014-03-04T02:00:00Z 214 158 331 240 165 219 36 130 227 97 38 7 52 71 78
2014-03-04T01:00:00Z 209 167 325 225 166 245 20 122 245 98 39 8 64 74 74
2014-03-04T00:00:00Z 215 172 343 227 166 231 56 136 249 107 41 9 79 78 69
2014-03-03T23:00:00Z 211 195 368 246 161 224 17 121 262 113 53 10 86 75 73
2014-03-11T19:00:00Z 323 27 224 284 270 302 48 145 100 81 71 11 100 55 90
2014-03-11T18:00:00Z 304 39 156 256 202 246 15 189 99 76 68 11 92 51 83
2014-03-11T17:00:00Z -1 -1 -1 -1 -1 -1 -1 -1 -1 -1 -1 -1 -1 -1 -1
2014-03-11T16:00:00Z 327 126 262 240 168 205 9 154 99 83 73 10 76 58 99
2014-03-11T15:00:00Z 310 140 304 224 155 177 11 154 96 77 75 13 93 68 115
2014-03-11T14:00:00Z 311 161 315 228 155 159 13 140 97 91 78 15 107 74 119
2014-03-16T06:00:00Z 120 55 152 151 152 71 25 29 140 102 48 37 83 80 138
2014-03-16T05:00:00Z 129 47 149 176 155 87 41 32 149 74 47 35 87 86 141
2014-03-16T04:00:00Z 142 58 155 195 152 133 30 31 106 84 46 37 83 84 137
2014-03-16T03:00:00Z 147 65 154 196 156 147 16 41 95 77 46 42 81 83 119
2014-03-16T02:00:00Z 154 74 138 180 161 143 21 42 97 73 47 44 82 83 110
2014-03-16T01:00:00Z 166 77 113 192 174 124 26 40 96 79 48 44 88 74 117
2014-03-28T11:00:00Z 147 93 172 187 189 171 15 71 86 173 80 65 123 108 76
2014-03-28T10:00:00Z 208 129 231 170 187 163 18 63 88 77 69 69 117 98 69
2014-03-28T09:00:00Z 210 151 235 162 149 162 23 126 76 68 64 71 114 90 62
2014-03-28T08:00:00Z 215 146 226 170 140 152 24 104 64 61 56 70 97 87 58
2014-03-28T07:00:00Z 218 150 232 162 167 194 26 122 62 59 49 68 91 79 56
2014-03-28T06:00:00Z 213 146 242 183 159 217 22 144 57 65 47 68 79 89 50
2014-03-29T01:00:00Z 187 44 191 143 154 222 23 94 160 187 226 10 208 151 91
2014-03-29T00:00:00Z 192 39 181 140 162 218 20 92 187 177 217 12 203 152 92
2014-03-28T23:00:00Z 188 40 177 125 163 209 21 86 163 170 207 19 217 181 98
2014-03-28T22:00:00Z 200 49 160 115 178 215 24 68 160 164 205 26 256 183 110
2014-03-28T21:00:00Z 206 64 136 108 203 215 21 64 145 152 194 24 278 184 121
2014-03-28T20:00:00Z 180 56 126 90 207 199 18 75 154 131 166 20 260 193 129
2014-04-01T14:00:00Z 106 37 72 62 99 103 19 133 100 62 53 37 109 134 98
2014-04-01T13:00:00Z 141 56 92 91 112 144 16 173 88 74 59 43 108 148 99
2014-04-01T12:00:00Z 211 71 83 97 125 166 21 168 99 80 61 47 124 154 89
2014-04-01T11:00:00Z 217 72 94 104 149 181 25 140 99 78 63 51 128 123 84
2014-04-01T10:00:00Z 205 78 106 113 156 232 31 138 98 101 66 48 147 125 88
2014-04-01T09:00:00Z 179 84 117 96 141 258 26 123 104 112 68 45 153 108 89
2014-04-15T08:00:00Z 89 19 114 111 124 142 108 17 137 134 107 57 160 113 163
2014-04-15T07:00:00Z 81 29 108 82 117 122 93 19 149 109 100 54 145 103 142
2014-04-15T06:00:00Z 65 26 103 82 107 115 79 60 127 100 93 49 142 93 124
2014-04-15T05:00:00Z 59 31 91 74 98 106 55 99 113 108 85 43 124 95 107
2014-04-15T04:00:00Z 51 98 94 73 90 88 72 122 108 92 76 46 119 91 105
2014-04-15T03:00:00Z 44 141 93 70 89 84 61 117 92 86 70 53 104 84 92
2014-04-23T19:00:00Z 62 111 67 65 78 83 18 96 68 46 55 26 79 57 51
2014-04-23T18:00:00Z 70 101 65 64 76 88 16 108 65 46 54 25 79 56 52
2014-04-23T17:00:00Z 92 65 64 71 80 83 14 141 62 44 59 30 77 52 54
2014-04-23T16:00:00Z 105 40 72 97 81 86 16 120 53 58 52 34 -1 53 51
2014-04-23T15:00:00Z 138 39 102 118 85 99 16 112 61 58 60 37 -1 83 45
2014-04-23T14:00:00Z 138 38 153 122 98 104 14 74 68 54 62 37 -1 93 58
2014-04-25T22:00:00Z 87 95 65 100 40 45 12 50 50 145 31 36 79 29 27
2014-04-25T21:00:00Z 90 92 63 112 53 55 17 51 76 92 34 32 82 33 29
2014-04-25T20:00:00Z 96 82 65 86 64 69 15 48 42 85 34 28 58 39 30
2014-04-25T19:00:00Z 114 68 82 63 65 65 14 44 32 60 32 37 62 33 32
2014-04-25T18:00:00Z 102 55 72 59 71 72 15 55 39 41 36 50 64 32 30
2014-04-25T17:00:00Z 103 61 58 66 86 88 17 49 41 34 41 61 61 33 40
2014-05-07T07:00:00Z 134 86 125 152 74 137 23 42 54 144 57 52 60 42 64
2014-05-07T06:00:00Z 130 80 127 122 82 133 20 41 54 65 58 48 58 43 -1
2014-05-07T05:00:00Z 134 69 119 120 83 152 25 39 57 51 57 52 50 44 55
2014-05-07T04:00:00Z 122 72 116 117 87 136 30 34 49 50 54 45 52 49 66
2014-05-07T03:00:00Z 125 67 112 104 96 119 40 33 58 48 54 45 71 45 63
2014-05-07T02:00:00Z 124 75 110 106 107 138 33 32 42 45 82 38 329 48 63
2014-05-16T00:00:00Z 95 35 54 62 72 47 17 74 59 39 55 -1 62 -1 -1
2014-05-15T23:00:00Z 98 40 57 64 79 60 14 76 56 34 51 38 66 60 83
2014-05-15T22:00:00Z 87 32 50 62 81 81 17 90 50 34 48 38 63 63 90
2014-05-15T21:00:00Z 79 20 60 52 82 64 23 68 67 37 51 39 76 71 87
2014-05-15T20:00:00Z 72 13 57 55 89 60 65 56 71 51 59 41 86 78 91
2014-05-15T19:00:00Z 79 12 44 52 91 65 26 36 74 36 65 40 76 92 90
2014-05-19T00:00:00Z 98 27 114 103 94 124 34 33 116 78 73 44 88 55 39
2014-05-18T23:00:00Z 92 45 105 97 95 134 29 40 118 89 73 49 90 56 41
2014-05-18T22:00:00Z 97 69 111 93 78 139 31 50 131 79 76 58 90 70 35
2014-05-18T21:00:00Z 102 78 107 98 75 134 31 52 120 85 68 64 97 117 36
2014-05-18T20:00:00Z 118 73 113 96 82 85 27 53 92 92 58 63 91 112 35
2014-05-18T19:00:00Z 136 43 97 103 99 70 39 52 97 75 61 56 86 100 58
2014-05-20T06:00:00Z 242 75 104 116 141 267 15 56 215 131 96 31 174 165 89
2014-05-20T05:00:00Z 208 90 96 119 139 249 16 57 198 134 101 35 170 160 93
2014-05-20T04:00:00Z 234 95 101 127 137 269 9 57 191 129 101 36 169 162 87
2014-05-20T03:00:00Z 215 104 104 119 130 258 10 50 172 114 106 35 165 162 81
2014-05-20T02:00:00Z 209 121 89 132 121 253 8 45 167 110 109 35 153 157 76
2014-05-20T01:00:00Z 199 104 79 120 114 260 8 48 188 126 113 43 135 152 81
2014-05-22T14:00:00Z 55 79 104 75 67 76 15 38 80 57 81 66 93 92 86
2014-05-22T13:00:00Z 69 80 98 85 85 110 19 38 66 64 69 79 92 83 77
2014-05-22T12:00:00Z -1 -1 -1 -1 -1 -1 -1 -1 -1 -1 -1 -1 -1 -1 -1
2014-05-22T11:00:00Z 166 100 137 130 127 150 25 34 126 125 87 109 118 73 106
2014-05-22T10:00:00Z 207 81 138 137 148 173 22 38 144 133 88 117 126 83 111
2014-05-22T09:00:00Z 225 89 122 117 146 198 23 34 141 127 93 115 113 91 109
2014-05-25T11:00:00Z 143 110 66 72 172 142 20 53 101 70 141 150 121 185 129
2014-05-25T10:00:00Z 151 64 68 60 177 160 35 42 151 90 115 163 123 182 132
2014-05-25T09:00:00Z 134 55 72 68 154 169 49 21 177 126 92 165 147 172 124
2014-05-25T08:00:00Z 122 44 71 68 144 167 69 27 166 168 89 149 147 188 102
2014-05-25T07:00:00Z 116 40 74 146 131 154 67 30 152 153 81 136 125 174 75
2014-05-25T06:00:00Z 101 39 63 161 130 147 49 25 136 159 75 128 132 171 59
2014-05-30T18:00:00Z 81 48 100 93 79 62 33 32 72 81 79 51 74 -1 -1
2014-05-30T17:00:00Z 85 38 130 99 77 64 31 35 70 83 62 -1 103 142 114
2014-05-30T16:00:00Z 88 33 151 111 95 67 25 39 59 62 54 49 95 113 133
2014-05-30T15:00:00Z 99 25 149 105 90 78 23 41 54 64 77 51 100 85 137
2014-05-31T23:00:00Z 89 75 86 96 84 194 16 31 63 96 90 54 76 75 -1
2014-05-31T22:00:00Z -1 70 101 89 113 184 20 28 90 86 110 58 89 -1 103
2014-05-31T21:00:00Z 155 65 84 86 146 164 19 26 77 79 115 58 103 86 107
2014-05-31T20:00:00Z 131 50 88 98 146 165 24 24 126 74 124 54 113 95 102
2014-05-31T19:00:00Z 117 60 90 146 133 133 22 25 101 85 110 48 124 99 92
2014-05-31T18:00:00Z 120 61 109 130 132 116 19 27 81 115 108 45 115 131 88
2014-06-17T03:00:00Z 116 158 158 157 112 135 68 125 104 104 101 57 128 103 71
2014-06-17T02:00:00Z 126 146 157 150 116 160 64 122 112 91 94 -1 126 105 80
2014-06-17T01:00:00Z 143 122 152 183 121 202 66 109 107 105 90 80 123 123 85
2014-06-17T00:00:00Z 202 128 147 172 127 243 51 116 108 117 88 92 114 134 104
2014-06-16T23:00:00Z 188 122 176 159 138 262 46 138 113 140 77 94 109 138 137
2014-06-16T22:00:00Z 126 144 167 141 142 221 31 143 93 96 70 86 116 125 136
2014-06-17T17:00:00Z 148 28 188 87 91 96 26 49 111 89 80 19 103 50 17
2014-06-17T16:00:00Z 133 18 204 68 87 96 49 52 98 85 89 22 103 96 24
2014-06-17T15:00:00Z 130 22 216 106 85 113 47 62 107 95 -1 -1 104 -1 29
2014-06-17T14:00:00Z 112 33 221 142 85 158 51 95 107 101 99 54 97 108 29
2014-07-05T11:00:00Z 89 170 75 53 116 166 27 33 81 87 96 29 69 -1 -1
2014-07-05T10:00:00Z 83 186 84 61 109 164 35 38 97 76 86 -1 69 102 62
2014-07-05T09:00:00Z 87 174 108 74 108 162 26 41 121 85 79 37 83 107 61
2014-07-05T08:00:00Z 84 139 103 99 108 166 30 54 157 123 77 42 86 101 68
2014-07-05T07:00:00Z 74 145 123 133 101 163 31 61 155 110 69 41 84 97 74
2014-07-05T06:00:00Z 68 141 97 113 100 166 28 58 120 103 67 41 77 98 76
2014-07-19T00:00:00Z 65 114 57 38 90 126 49 80 98 50 54 91 69 39 69
2014-07-18T23:00:00Z 64 112 52 37 76 116 42 92 124 58 49 86 74 31 75
2014-07-18T22:00:00Z 62 97 56 53 58 116 38 117 117 47 48 76 73 -1 88
2014-07-18T21:00:00Z 62 102 53 68 47 115 32 141 118 36 49 68 44 57 88
2014-07-18T20:00:00Z 62 111 49 59 43 115 29 118 107 26 47 -1 40 56 85
2014-07-18T19:00:00Z 57 117 49 68 45 130 23 81 44 20 43 65 33 55 81
2014-07-29T12:00:00Z 103 102 145 123 128 126 22 41 71 124 68 119 91 -1 -1
2014-07-29T11:00:00Z 116 115 152 147 143 153 25 36 92 148 68 116 98 81 105
2014-07-29T10:00:00Z -1 -1 -1 -1 -1 -1 -1 -1 -1 -1 -1 -1 -1 -1 -1
2014-07-29T09:00:00Z 191 109 132 167 179 134 21 67 123 178 78 110 112 -1 -1
2014-07-29T08:00:00Z 200 127 127 172 190 128 40 68 137 178 84 112 110 98 119
2014-07-29T07:00:00Z 193 125 122 170 195 121 28 77 168 167 -1 -1 123 94 126
2014-08-09T11:00:00Z 64 77 81 118 35 52 13 36 47 45 54 69 73 84 64
2014-08-09T10:00:00Z 86 55 91 124 35 77 18 39 42 58 58 -1 77 92 -1
2014-08-09T09:00:00Z 109 58 95 157 40 100 20 33 46 78 53 67 83 85 60
2014-08-09T08:00:00Z -1 -1 -1 -1 -1 -1 -1 -1 -1 -1 -1 64 -1 -1 56
2014-08-21T21:00:00Z 119 28 58 190 57 88 22 66 62 60 63 30 67 74 139
2014-08-21T20:00:00Z 118 37 75 226 50 91 36 77 51 51 60 24 62 74 134
2014-08-21T19:00:00Z 107 35 92 192 50 78 27 85 43 48 -1 32 56 75 120
2014-08-21T18:00:00Z 96 40 156 183 48 73 27 63 42 54 59 31 54 85 104
2014-08-21T17:00:00Z 86 46 176 186 52 78 23 55 38 52 57 31 55 86 100
2014-08-21T16:00:00Z 91 45 149 169 55 72 24 73 40 56 -1 31 57 89 92
2014-08-23T22:00:00Z 143 36 114 150 30 83 7 68 116 170 73 11 106 123 126
2014-08-23T21:00:00Z 147 26 114 142 39 78 8 69 106 158 69 17 106 128 116
2014-08-23T20:00:00Z 133 28 97 140 57 70 9 65 101 137 64 16 93 114 91
2014-08-23T19:00:00Z 127 28 89 129 69 59 8 68 88 140 68 21 84 -1 79
2014-08-30T23:00:00Z 79 76 84 161 73 55 21 34 56 107 77 29 91 42 34
2014-08-30T22:00:00Z 61 76 85 155 72 50 20 27 56 88 72 29 111 44 26
2014-08-30T21:00:00Z 60 78 82 165 59 43 23 38 88 139 71 25 142 59 30
2014-08-30T20:00:00Z 96 92 73 163 50 42 31 23 84 134 63 28 136 123 42
2014-08-30T19:00:00Z 82 77 77 142 41 42 50 19 65 149 59 42 144 164 50
2014-08-30T18:00:00Z 75 98 94 125 43 45 59 17 60 141 63 62 137 163 54
2014-09-01T15:00:00Z 93 48 112 86 77 62 32 18 43 163 82 23 173 57 49
2014-09-01T14:00:00Z 85 53 126 87 81 55 22 21 41 155 96 38 143 84 33
2014-09-01T13:00:00Z 86 54 140 99 80 59 22 24 45 130 -1 -1 138 -1 -1
2014-09-01T12:00:00Z -1 -1 -1 -1 -1 -1 -1 -1 -1 -1 129 47 -1 117 32
2014-09-01T11:00:00Z 104 67 118 112 79 61 26 20 89 144 -1 -1 137 -1 -1
2014-09-01T10:00:00Z 107 62 115 117 84 54 28 31 90 132 136 46 132 202 43
2014-09-07T22:00:00Z 112 99 113 250 103 180 6 81 94 157 108 16 96 138 109
2014-09-07T21:00:00Z 110 93 92 243 98 188 10 65 97 142 107 17 98 131 112
2014-09-07T20:00:00Z 96 86 74 225 91 128 12 71 79 151 103 21 88 115 108
2014-09-07T19:00:00Z 83 64 82 176 92 103 14 59 82 165 -1 34 83 114 106
2014-09-07T18:00:00Z 92 62 94 140 95 96 43 68 76 148 96 48 87 118 89
2014-09-07T17:00:00Z 96 54 93 122 96 82 38 84 60 157 98 68 77 -1 99
2014-09-21T05:00:00Z 121 21 148 182 47 34 15 14 109 178 55 32 70 90 101
2014-09-21T04:00:00Z 112 20 148 156 44 35 14 13 118 149 52 32 70 86 106
2014-09-21T03:00:00Z 130 20 147 160 48 38 21 16 118 152 53 34 81 85 102
2014-09-21T02:00:00Z 151 24 143 158 79 43 21 15 137 157 51 39 116 77 94
2014-09-21T01:00:00Z -1 -1 -1 -1 103 -1 -1 -1 -1 -1 -1 -1 126 -1 -1
2014-09-21T00:00:00Z 168 19 126 166 -1 56 15 14 113 204 41 47 -1 80 97
2014-09-25T23:00:00Z 55 59 60 104 50 82 37 46 50 56 -1 -1 90 -1 -1
2014-09-25T22:00:00Z 58 61 56 99 46 89 41 32 45 61 130 43 49 41 47
2014-09-25T21:00:00Z 61 46 59 98 47 85 31 20 34 88 116 39 48 43 44
2014-09-25T20:00:00Z 107 40 52 66 39 75 26 20 32 78 101 35 47 40 42
2014-09-25T19:00:00Z 85 34 53 56 36 58 20 12 26 68 98 34 49 34 41
2014-09-25T18:00:00Z 87 24 57 51 36 46 18 12 22 82 -1 32 39 30 37
2014-09-26T23:00:00Z 162 113 141 165 160 107 18 48 113 152 87 14 120 231 215
2014-09-26T22:00:00Z 176 98 147 179 176 101 14 45 109 149 83 19 119 286 237
2014-09-26T21:00:00Z 199 103 143 202 174 93 12 66 109 162 80 20 110 229 216
2014-09-26T20:00:00Z 194 112 133 204 164 109 7 81 102 159 79 19 112 152 171
2014-09-26T19:00:00Z 177 117 127 192 135 133 13 74 105 136 68 18 116 131 148
2014-09-26T18:00:00Z 167 96 128 181 129 130 14 44 111 135 64 21 115 127 188
2014-10-04T00:00:00Z 85 45 119 152 22 41 25 34 28 89 65 22 179 38 20
2014-10-03T23:00:00Z 114 51 151 162 26 40 23 41 29 63 66 21 140 32 17
2014-10-03T22:00:00Z 127 43 147 178 33 41 20 41 31 63 68 -1 103 -1 20
2014-10-03T21:00:00Z 146 46 155 169 41 40 21 36 39 76 69 17 95 35 18
2014-10-03T20:00:00Z 149 52 150 170 40 42 16 33 40 66 65 16 100 44 15
2014-10-03T19:00:00Z 148 39 107 156 37 49 11 27 35 76 60 14 66 43 15
2014-10-11T18:00:00Z 177 73 242 211 127 138 13 107 131 121 47 -1 128 71 68
2014-10-11T17:00:00Z 159 124 212 212 119 114 14 121 126 125 47 8 110 63 82
2014-10-11T16:00:00Z -1 -1 -1 -1 -1 -1 -1 -1 -1 -1 -1 -1 -1 -1 -1
2014-10-11T15:00:00Z 136 180 238 205 123 122 13 135 136 176 49 21 90 -1 -1
2014-10-11T14:00:00Z 135 213 237 207 126 140 12 106 157 183 -1 -1 76 76 97
2014-10-11T13:00:00Z 142 199 242 212 126 145 16 125 165 209 46 51 114 82 117
2014-10-18T04:00:00Z 253 66 58 189 181 294 11 127 153 137 127 33 151 248 199
2014-10-18T03:00:00Z 257 62 55 175 179 284 14 131 158 114 152 35 146 245 -1
2014-10-18T02:00:00Z 250 68 59 165 176 269 17 141 144 101 158 38 126 -1 214
2014-10-18T01:00:00Z 250 50 61 165 177 248 18 144 146 96 160 42 122 198 201
2014-10-18T00:00:00Z 248 77 79 178 181 229 22 141 147 79 -1 -1 109 -1 -1
2014-10-17T23:00:00Z 233 59 87 180 182 190 24 142 147 97 194 42 116 171 172
2014-10-20T23:00:00Z 55 26 231 243 21 42 44 14 35 152 91 61 146 33 29
2014-10-20T22:00:00Z 71 31 228 236 28 38 39 14 41 160 109 61 139 48 35
2014-10-20T21:00:00Z 136 30 78 245 35 42 31 16 176 165 123 42 132 123 22
2014-10-20T20:00:00Z 224 29 206 264 36 44 29 18 185 168 136 33 129 144 32
2014-10-26T04:00:00Z 153 115 170 144 196 261 14 196 209 229 66 6 118 98 116
2014-10-26T03:00:00Z 112 153 182 199 171 262 17 217 251 170 67 7 117 88 113
2014-10-26T02:00:00Z 111 172 193 185 156 234 20 212 285 131 66 7 105 85 110
2014-10-26T01:00:00Z 138 188 212 185 166 230 17 217 279 112 64 10 107 79 102
2014-10-26T00:00:00Z 173 181 225 204 186 228 14 210 273 114 63 12 97 91 90
2014-10-25T23:00:00Z 225 200 228 245 206 215 21 213 315 111 58 19 -1 -1 87
