2014-99-99T -2 -1 -1
2014-09-09T 0 21 11
2014-09-08T 1 38 121
2014-09-07T -1 148 115
2014-09-06T -1 137 78
2014-09-05T -2 68 -1
2014-09-04T 0 33 15
2014-09-03T 0 12 12
2014-09-02T -2 36 -1
2014-09-01T 0 88 63
2014-08-31T 1 82 146
2014-08-30T -1 116 78
2014-08-29T -2 70 -1
2014-08-28T 0 77 68
2014-08-27T 0 33 17
2014-08-26T 0 19 13
2014-08-25T 0 17 10
2014-08-24T 1 41 104
2014-08-23T -2 103 -1
2014-08-22T 1 50 144
2014-08-21T -2 128 -1
2014-08-20T -1 99 59
2014-08-19T 0 86 78
2014-08-18T 0 48 30
2014-08-17T 0 62 62
2014-08-16T 0 43 26
2014-08-15T 0 34 34
2014-08-14T 0 29 22
2014-08-13T 0 27 33
2014-08-12T -2 23 -1
2014-08-11T 0 30 32
2014-08-10T 0 33 54
2014-08-09T -2 92 -1
2014-08-08T 0 61 47
2014-08-07T -1 54 10
2014-08-06T 0 32 33
2014-08-05T 0 18 10
2014-08-04T 0 43 58
2014-08-03T 0 130 122
2014-08-02T 0 127 118
2014-08-01T 0 158 160
2014-07-31T -1 195 150
2014-07-30T 0 102 97
2014-07-29T 0 105 90
2014-07-28T 0 118 106
2014-07-27T 0 89 82
2014-07-26T -1 79 45
2014-07-25T 0 61 61
2014-07-24T 0 49 31
2014-07-23T 0 20 13
2014-07-22T 0 10 9
2014-07-21T 1 40 79
2014-07-20T 0 66 49
2014-07-19T 0 99 122
2014-07-18T 0 159 170
2014-07-17T -2 145 -1
2014-07-15T 0 39 36
2014-07-14T 0 25 15
2014-07-13T 0 14 12
2014-07-12T 0 13 16
2014-07-11T 0 29 19
2014-07-10T -2 29 -1
2014-07-09T 0 17 9
2014-07-08T 1 141 214
2014-07-07T 1 113 180
2014-07-06T -1 131 80
2014-07-05T -2 121 -1
2014-07-04T -2 179 -1
2014-07-03T -1 144 82
2014-07-02T -2 33 -1
2014-07-01T 0 53 65
2014-06-30T -2 49 -1
2014-06-29T -2 19 -1
2014-06-28T 0 17 9
2014-06-27T 1 30 85
2014-06-26T 0 120 127
2014-06-25T 0 74 44
2014-06-24T 0 41 25
2014-06-23T 0 22 32
2014-06-22T 1 31 72
2014-06-21T -1 74 21
2014-06-20T 1 28 69
2014-06-18T 0 49 34
2014-06-17T 0 108 116
2014-06-16T 0 105 108
2014-06-15T -1 91 45
2014-06-14T 0 24 24
2014-06-13T 0 46 17
2014-06-12T 0 25 15
2014-06-11T 0 52 65
2014-06-10T -1 52 20
2014-06-09T 0 27 13
2014-06-08T 0 23 6
2014-06-07T 0 7 6
2014-06-06T -2 69 -1
2014-06-05T -2 53 -1
2014-06-04T -2 54 -1
2014-06-03T 0 27 27
2014-06-02T -2 30 -1
2014-06-01T 1 65 139
2014-05-31T -2 95 -1
2014-05-30T -1 67 26
2014-05-29T 0 38 32
2014-05-28T 0 19 13
2014-05-27T 0 36 24
2014-05-26T 0 17 10
2014-05-25T 0 78 78
2014-05-24T 0 66 52
2014-05-23T 0 74 55
2014-05-22T 0 154 128
2014-05-21T -1 87 24
2014-05-20T 0 93 115
2014-05-19T 0 108 117
2014-05-18T 0 57 52
2014-05-17T -1 55 20
2014-05-16T 1 63 106
2014-05-15T 0 39 15
2014-05-14T 0 19 28
2014-05-13T 0 55 35
2014-05-12T 0 26 9
2014-05-11T 0 34 60
2014-05-10T 0 48 47
2014-05-09T 0 66 63
2014-05-08T 0 65 39
2014-05-07T 0 84 97
2014-05-06T -1 54 21
2014-05-05T 0 21 18
2014-05-04T 0 30 47
2014-05-03T 0 31 19
2014-05-02T 1 36 90
2014-05-01T -1 123 90
2014-04-30T 0 105 90
2014-04-29T 0 83 60
2014-04-28T 0 62 52
2014-04-27T 0 42 45
2014-04-26T 1 51 111
2014-04-25T -2 147 -1
2014-04-24T 1 94 148
2014-04-23T -1 109 62
2014-04-22T 0 54 37
2014-04-21T 0 52 46
2014-04-20T 0 61 50
2014-04-19T 1 74 157
2014-04-18T -1 137 92
2014-04-17T -1 80 48
2014-04-16T 0 44 40
2014-04-15T 1 136 214
2014-04-14T -1 220 158
2014-04-13T -1 124 23
2014-04-05T -2 16 -1
2014-04-04T -2 -1 -1
2014-04-03T 1 47 129
2014-04-02T -1 92 56
2014-04-01T -1 81 34
2014-03-31T -1 117 19
2014-03-30T 0 32 23
2014-03-29T 1 66 103
2014-03-28T 0 121 103
2014-03-27T 0 318 307
2014-03-26T -1 227 181
2014-03-25T -1 214 179
2014-03-24T -1 210 165
2014-03-23T -1 109 12
2014-03-22T 0 45 29
2014-03-21T 0 18 9
2014-03-20T 0 12 39
2014-03-19T 0 53 60
2014-03-18T 0 29 22
2014-03-17T 0 112 117
2014-03-16T 0 114 108
2014-03-15T -1 71 25
2014-03-14T 0 17 24
2014-03-13T -2 17 -1
2014-03-12T 1 58 172
2014-03-11T -1 167 110
2014-03-10T -2 69 -1
2014-03-09T 1 138 174
2014-03-08T -1 98 33
2014-03-07T -2 28 -1
2014-03-06T 0 7 6
2014-03-04T 1 110 224
2014-03-03T -2 230 -1
2014-03-02T -1 98 32
2014-03-01T -2 36 -1
2014-02-28T -1 50 16
2014-02-27T 1 48 298
2014-02-26T -1 153 0
2014-02-25T 1 243 344
2014-02-24T 0 243 227
2014-02-23T -2 211 -1
2014-02-22T 0 267 256
2014-02-21T -2 252 -1
2014-02-20T -1 134 23
2014-02-19T 0 67 80
2014-02-18T -2 65 -1
2014-02-17T 1 148 232
2014-02-16T 1 341 436
2014-02-15T -1 379 286
2014-02-14T 0 223 205
2014-02-13T -1 169 121
2014-02-12T 0 118 145
2014-02-11T -1 67 30
2014-02-10T 0 15 10
2014-02-09T 0 7 8
2014-02-08T 0 95 94
2014-02-07T 0 97 93
2014-02-06T 0 118 92
2014-02-05T -1 79 33
2014-02-04T 0 7 6
2014-02-03T 0 6 7
2014-02-02T 0 93 115
2014-02-01T 0 117 127
2014-01-31T -1 137 50
2014-01-30T 1 85 175
2014-01-29T 0 89 74
2014-01-28T 0 23 17
2014-01-27T -1 109 70
2014-01-26T -1 31 0
2014-01-25T 0 24 32
2014-01-24T 1 204 245
2014-01-23T -1 199 142
2014-01-22T -1 91 55
2014-01-21T 0 19 8
2014-01-20T 1 21 164
2014-01-19T 0 131 102
2014-01-18T 1 96 149
2014-01-17T 1 198 267
2014-01-16T -2 331 -1
2014-01-15T 0 82 84
2014-01-14T -2 90 -1
2014-01-13T 0 60 31
2014-01-12T 1 55 164
2014-01-11T 0 95 81
2014-01-10T -2 50 -1
2014-01-09T 0 20 17
2014-01-08T -2 14 -1
2014-01-07T 1 121 156
2014-01-06T -1 115 38
2014-01-05T 1 117 176
2014-01-04T -1 86 30
2014-01-03T 1 72 135
2014-01-02T -2 115 -1
2014-01-01T 0 34 20
2013-12-31T -1 61 0
2013-12-30T 0 48 63
2013-12-29T 0 43 21
2013-12-28T 1 6 40
2013-12-27T 0 16 12
2013-12-26T -2 12 -1
2013-12-25T 1 225 264
2013-12-24T -1 180 78
2013-12-23T 1 158 221
2013-12-22T -2 84 -1
2013-12-20T 0 78 53
2013-12-19T -2 36 -1
2013-12-18T -2 22 -1
2013-12-17T 0 119 149
2013-12-16T -2 83 -1
2013-12-15T -2 -1 -1
2013-12-12T 0 23 24
2013-12-11T 0 13 12
2013-12-10T 0 24 11
2013-12-09T 0 6 0
2013-12-08T 1 264 347
2013-12-07T -1 204 134
2013-12-06T -2 97 -1
2013-12-05T 1 51 97
2013-12-04T 0 78 50
2013-12-03T 1 70 128
2013-12-02T 0 90 73
2013-12-01T 0 43 20
2013-11-30T 1 46 96
2013-11-29T 0 43 32
2013-11-28T 0 7 8
2013-11-27T 0 6 8
2013-11-26T 0 22 15
2013-11-25T 1 16 57
2013-11-24T 1 111 177
2013-11-23T 0 170 157
2013-11-22T 0 109 104
2013-11-21T 0 68 44
2013-11-20T -2 36 -1
2013-11-19T 0 9 8
2013-11-18T 0 8 8
2013-11-17T 0 9 7
2013-11-16T -2 7 -1
2013-11-15T 0 82 59
2013-11-14T 1 111 217
2013-11-13T -1 106 30
2013-11-12T -2 60 -1
2013-11-11T 0 25 39
2013-11-10T 0 7 11
2013-11-09T 1 133 168
2013-11-08T -1 96 52
2013-11-07T 0 23 9
2013-11-03T 1 118 279
2013-11-02T 0 222 193
2013-11-01T 0 180 172
2013-10-31T 0 123 116
2013-10-30T 0 48 18
2013-10-29T 1 109 300
2013-10-28T 0 249 241
2013-10-27T -1 130 64
2013-10-26T 0 46 34
2013-10-25T 0 33 29
2013-10-24T -2 16 -1
2013-10-23T 1 35 127
2013-10-22T 0 96 81
2013-10-21T 0 56 28
2013-10-20T 0 12 10
2013-10-19T -2 11 -1
2013-10-18T 1 97 144
2013-10-17T -1 73 24
2013-10-16T -2 28 -1
2013-10-15T 0 11 9
2013-10-14T 0 42 60
2013-10-13T 0 46 63
2013-10-12T 0 61 67
2013-10-11T 0 21 6
2013-10-10T 0 135 109
2013-10-09T 0 71 67
2013-10-08T 0 45 21
2013-10-07T 1 114 163
2013-10-06T 0 236 257
2013-10-05T -1 267 189
2013-10-04T 0 85 75
2013-10-03T -2 85 -1
2013-09-30T 1 156 190
2013-09-29T -1 184 0
2013-09-28T 0 232 229
2013-09-27T -1 98 43
2013-09-26T 0 28 12
2013-09-25T 0 11 7
2013-09-24T 0 9 7
2013-09-23T 1 42 74
2013-09-22T 0 60 46
2013-09-21T -2 36 -1
2013-09-20T 1 62 121
2013-09-19T 0 105 101
2013-09-18T 0 103 92
2013-09-17T 0 70 46
2013-09-16T 0 41 26
2013-09-15T -2 16 -1
2013-09-14T 1 65 138
2013-09-13T 1 98 171
2013-09-12T -1 119 84
2013-09-11T -1 43 11
2013-09-10T 0 67 73
2013-09-09T 1 80 143
2013-09-08T -2 64 -1
2013-09-07T 0 77 73
2013-09-06T 0 49 23
2013-09-05T 1 24 55
2013-09-04T 0 76 96
2013-09-03T 0 80 66
2013-09-02T 0 38 38
2013-09-01T 0 30 11
2013-08-31T 0 16 10
2013-08-30T 0 5 6
2013-08-29T 1 46 85
2013-08-28T 0 79 85
2013-08-26T 0 38 34
2013-08-25T 0 33 14
2013-08-24T 0 25 14
2013-08-23T 1 75 109
2013-08-22T 0 96 71
2013-08-21T 0 100 87
2013-08-20T -1 59 18
2013-08-19T 0 17 14
2013-08-18T 0 9 12
2013-08-17T 1 68 172
2013-08-16T 0 123 148
2013-08-15T -2 99 -1
2013-08-14T -2 -1 -1
2013-08-05T 1 52 95
2013-08-04T -1 65 28
2013-08-03T 1 27 102
2013-08-02T 0 67 44
2013-08-01T 1 38 96
2013-07-31T 0 52 72
2013-07-30T -1 96 45
2013-07-29T 0 49 29
2013-07-28T 1 82 129
2013-07-27T -1 87 55
2013-07-26T 0 42 37
2013-07-25T 0 20 14
2013-07-24T 0 38 32
2013-07-23T 1 62 95
2013-07-22T 0 57 69
2013-07-21T -1 79 40
2013-07-20T 0 79 88
2013-07-19T 0 141 149
2013-07-18T -1 130 29
2013-07-17T -2 31 -1
2013-07-16T -2 -1 -1
2013-06-30T -1 187 146
2013-06-29T 1 145 453
2013-06-28T -1 217 57
2013-06-27T -2 96 -1
2013-06-26T 0 155 173
2013-06-25T 1 90 127
2013-06-24T -1 94 41
2013-06-23T 0 45 41
2013-06-22T 0 46 58
2013-06-21T 0 55 46
2013-06-20T 0 44 22
2013-06-19T 0 45 36
2013-06-18T 0 42 28
2013-06-17T 1 79 194
2013-06-16T 0 160 154
2013-06-15T 1 109 140
2013-06-14T 0 108 90
2013-06-13T 0 100 89
2013-06-12T 0 41 40
2013-06-11T -1 49 18
2013-06-10T 0 15 9
2013-06-09T 1 80 184
2013-06-08T 0 146 142
2013-06-07T 0 129 145
2013-06-06T 1 137 168
2013-06-05T 0 102 85
2013-06-04T -1 131 100
2013-06-03T 1 137 168
2013-06-02T -1 131 18
2013-06-01T 1 89 120
2013-05-31T -1 82 51
2013-05-30T 0 40 14
2013-05-29T 1 25 56
2013-05-28T 0 77 72
2013-05-27T 1 55 104
2013-05-26T 0 100 89
2013-05-25T 0 46 43
2013-05-24T 0 113 101
2013-05-23T 0 47 47
2013-05-22T -1 82 0
