2013-06-01T11:00:00 253 35 32 19 7 14 168 4 35 3 61
2013-06-01T10:00:00 169 25 28 15 5 9 104 3 24 2 49
2013-06-01T09:00:00 118 22 20 11 2 7 62 1 17 2 29
2013-06-01T08:00:00 68 20 12 8 1 6 33 1 6 2 15
2013-06-01T07:00:00 41 22 11 6 2 8 25 1 4 2 16
2013-06-01T06:00:00 60 21 22 3 3 11 23 4 4 2 23
2013-06-05T04:00:00 73 39 18 5 2 4 20 2 12 1 12
2013-06-05T03:00:00 89 52 23 7 3 6 33 4 13 2 22
2013-06-05T02:00:00 107 57 32 8 4 7 44 4 14 2 29
2013-06-05T01:00:00 129 55 36 13 5 11 48 5 14 1 34
2013-06-05T00:00:00 131 53 31 15 4 13 47 4 14 1 39
2013-06-04T23:00:00 125 52 28 13 4 14 51 4 14 1 42
2013-06-09T13:00:00 151 28 32 13 4 14 98 4 23 1 41
2013-06-09T12:00:00 137 27 28 11 3 12 87 3 19 1 35
2013-06-09T11:00:00 104 22 22 7 1 10 65 3 14 1 25
2013-06-09T10:00:00 89 15 15 5 1 7 45 2 12 1 16
2013-06-09T09:00:00 60 11 11 4 1 7 38 2 7 1 15
2013-06-09T08:00:00 43 12 7 1 1 3 20 1 3 0 15
2013-06-13T22:00:00 155 39 28 12 6 20 53 3 13 1 31
2013-06-13T21:00:00 151 32 30 10 6 15 62 4 13 1 30
2013-06-13T20:00:00 140 27 28 9 5 14 69 3 13 0 33
2013-06-13T19:00:00 127 29 30 7 3 11 85 3 14 0 33
2013-06-14T23:00:00 139 34 22 26 1 21 82 5 20 4 37
2013-06-14T22:00:00 127 30 24 23 0 19 83 7 19 4 35
2013-06-14T21:00:00 130 23 24 22 1 21 83 8 22 4 35
2013-06-14T20:00:00 128 26 23 19 1 19 83 8 22 3 34
2013-06-14T19:00:00 123 25 23 16 2 17 99 8 20 2 36
2013-06-14T18:00:00 135 30 30 19 4 12 107 7 21 3 31
2013-06-17T10:00:00 71 18 12 4 2 6 33 3 12 1 17
2013-06-17T09:00:00 50 16 8 2 1 6 24 2 6 1 14
2013-06-17T08:00:00 43 11 3 2 0 3 13 1 2 0 8
2013-06-17T07:00:00 34 14 5 2 0 1 8 2 2 0 7
2013-06-17T06:00:00 43 16 12 2 0 3 4 3 4 0 8
2013-06-17T05:00:00 67 25 18 2 1 5 7 5 6 0 13
2013-06-27T13:00:00 143 31 28 8 0 8 86 6 22 3 38
2013-06-27T12:00:00 129 27 23 5 0 6 72 7 22 3 31
2013-06-27T11:00:00 101 25 21 5 0 6 58 5 18 2 23
2013-06-27T10:00:00 78 22 19 2 0 6 39 4 16 1 17
2013-06-27T09:00:00 48 15 14 0 0 3 22 3 12 1 9
2013-06-27T08:00:00 40 12 12 0 0 2 12 2 7 1 8
2013-06-29T19:00:00 212 47 23 30 7 30 222 3 36 6 74
2013-06-29T18:00:00 237 44 25 32 6 31 246 2 36 7 78
2013-06-29T17:00:00 257 41 28 33 4 33 275 3 32 8 72
2013-06-29T16:00:00 266 45 31 37 3 32 273 3 33 7 78
2013-06-29T15:00:00 259 42 35 37 4 25 245 3 36 5 75
2013-06-29T14:00:00 255 38 37 32 3 21 205 3 35 2 66
2013-07-20T09:00:00 99 25 16 12 3 9 44 0 11 1 28
2013-07-20T08:00:00 55 23 15 7 3 6 22 0 9 1 12
2013-07-20T07:00:00 39 19 8 1 2 3 12 1 5 0 8
2013-07-20T06:00:00 60 27 6 3 2 2 16 2 6 2 9
2013-07-20T05:00:00 94 46 11 7 3 10 32 2 11 2 22
2013-07-20T04:00:00 134 56 17 14 3 14 42 4 18 2 34
2013-07-28T07:00:00 41 20 5 0 2 6 22 0 5 0 17
2013-07-28T06:00:00 57 24 8 1 5 8 26 0 3 0 22
2013-07-28T05:00:00 85 45 10 6 6 11 40 0 4 2 29
2013-07-28T04:00:00 122 57 13 9 6 14 54 1 8 3 43
2013-07-28T03:00:00 163 64 15 11 8 22 78 1 12 3 49
2013-07-30T22:00:00 160 49 17 15 8 20 91 0 19 1 39
2013-07-30T21:00:00 150 45 19 14 10 16 92 0 19 1 37
2013-07-30T20:00:00 137 43 20 12 8 16 97 0 18 1 46
2013-07-30T19:00:00 142 40 20 11 7 14 103 0 22 1 50
2013-07-30T18:00:00 152 40 20 11 6 11 104 1 26 1 51
2013-08-17T09:00:00 111 12 11 10 3 4 37 0 7 0 20
2013-08-17T08:00:00 76 7 6 7 3 2 26 0 6 0 13
2013-08-17T07:00:00 49 7 3 2 0 2 13 0 3 2 11
2013-08-17T06:00:00 61 9 2 5 0 5 12 0 8 2 14
2013-08-17T05:00:00 89 20 8 9 1 7 20 0 15 2 22
2013-08-17T04:00:00 124 32 11 9 2 8 31 0 20 4 36
2013-09-13T09:00:00 98 10 7 2 2 1 11 0 7 0 19
2013-09-13T08:00:00 70 8 1 3 3 0 8 0 5 0 12
2013-09-13T07:00:00 52 8 2 2 2 0 4 0 5 0 7
2013-09-13T06:00:00 52 9 6 1 2 0 5 0 5 0 7
2013-09-13T05:00:00 71 15 14 1 3 0 10 1 10 0 14
2013-09-13T04:00:00 98 25 27 1 4 1 11 2 14 0 22
2013-09-20T05:00:00 86 18 4 0 0 3 20 2 14 1 15
2013-09-20T04:00:00 120 23 9 1 1 6 22 3 15 1 25
2013-09-20T03:00:00 163 28 15 4 2 8 36 4 27 1 37
2013-09-20T02:00:00 228 39 17 10 3 10 56 5 36 3 53
2013-09-20T01:00:00 271 45 23 14 3 10 72 5 44 3 61
2013-09-20T00:00:00 298 45 27 18 4 9 86 5 46 4 76
2013-10-07T17:00:00 269 41 32 17 4 10 108 0 21 3 84
2013-10-07T16:00:00 286 46 28 22 5 8 109 0 27 5 68
2013-10-07T15:00:00 261 44 26 20 7 7 105 0 27 5 63
2013-10-07T14:00:00 242 44 28 17 6 4 89 1 25 4 60
2013-10-07T13:00:00 209 43 23 16 5 4 73 1 22 3 54
2013-10-07T12:00:00 179 34 21 10 5 2 55 1 23 3 41
2013-10-10T17:00:00 132 21 36 9 6 8 53 1 16 3 27
2013-10-10T16:00:00 133 21 35 6 6 7 47 2 18 2 24
2013-10-10T15:00:00 137 26 36 5 5 4 44 2 16 2 27
2013-10-10T14:00:00 124 25 39 4 3 3 38 1 21 2 27
2013-10-10T13:00:00 119 24 35 5 1 2 31 1 19 0 27
2013-10-10T12:00:00 99 18 29 5 1 3 23 1 17 0 20
2013-10-19T18:00:00 378 30 32 34 3 19 260 1 66 2 69
2013-10-19T17:00:00 392 28 33 27 5 20 271 2 64 3 64
2013-10-19T16:00:00 399 25 32 26 4 18 252 1 67 3 64
2013-10-19T15:00:00 379 23 31 22 6 19 222 2 67 4 57
2013-10-19T14:00:00 344 27 34 23 5 12 185 2 56 4 52
2013-10-19T13:00:00 293 26 34 14 5 9 157 2 44 4 51
2013-10-22T19:00:00 142 20 24 6 4 3 32 2 20 1 33
2013-10-22T18:00:00 151 18 21 5 4 1 38 2 22 1 29
2013-10-22T17:00:00 145 18 20 3 2 2 43 2 21 1 27
2013-10-22T16:00:00 141 18 20 6 3 3 48 2 19 1 26
2013-10-29T17:00:00 143 25 23 7 1 4 50 2 19 2 29
2013-10-29T16:00:00 148 24 24 6 1 6 48 3 19 1 28
2013-10-29T15:00:00 157 21 21 5 1 6 41 2 20 3 29
2013-10-29T14:00:00 155 20 21 5 1 7 34 2 18 3 26
2013-10-29T13:00:00 144 17 16 5 0 7 26 2 19 3 23
2013-10-29T12:00:00 121 16 15 3 0 6 16 2 14 3 22
2013-11-09T19:00:00 224 42 16 23 7 13 99 0 40 1 55
2013-11-09T18:00:00 233 42 19 23 8 14 118 1 45 1 59
2013-11-09T17:00:00 242 42 15 24 8 14 136 2 43 1 65
2013-11-09T16:00:00 228 48 21 24 9 12 144 2 40 2 66
2013-11-09T15:00:00 224 46 24 20 8 10 130 2 39 2 64
2013-11-09T14:00:00 214 47 27 19 8 8 123 2 32 2 68
2013-11-14T16:00:00 107 29 28 5 2 4 32 3 22 0 30
2013-11-14T15:00:00 103 27 27 5 3 1 32 3 22 1 40
2013-11-14T14:00:00 101 20 25 3 3 1 28 3 20 1 34
2013-11-14T13:00:00 93 15 20 3 2 2 27 2 16 1 34
2013-11-14T12:00:00 83 17 16 2 2 1 23 4 16 1 34
2013-11-14T11:00:00 65 13 11 2 1 1 15 2 13 1 26
2013-11-24T17:00:00 169 30 17 17 8 7 63 0 20 3 36
2013-11-24T16:00:00 173 30 18 15 7 8 62 0 18 2 28
2013-11-24T15:00:00 165 35 17 14 8 7 61 0 22 1 31
2013-11-24T14:00:00 167 38 18 12 7 8 54 0 23 2 26
2013-11-24T13:00:00 153 40 18 8 7 6 43 0 22 2 30
2013-11-24T12:00:00 117 36 16 5 4 5 34 0 21 2 26
2013-12-09T06:00:00 35 13 10 0 1 0 3 0 3 0 8
2013-12-09T05:00:00 55 21 18 1 1 0 5 0 9 0 13
2013-12-09T04:00:00 76 28 27 2 1 0 8 0 10 1 20
2013-12-09T03:00:00 96 33 26 3 1 1 13 0 14 2 25
2013-12-09T02:00:00 109 35 30 5 1 1 12 2 18 2 25
2013-12-09T01:00:00 125 33 29 8 1 3 13 3 23 2 28
2013-12-26T04:00:00 69 19 32 7 3 5 7 1 20 0 20
2013-12-26T03:00:00 90 27 35 9 3 6 11 1 23 1 24
2013-12-26T02:00:00 106 30 38 12 3 7 16 1 25 1 28
2013-12-26T01:00:00 121 35 37 14 3 10 17 1 24 2 30
2013-12-26T00:00:00 141 38 35 16 4 11 16 1 21 2 31
2013-12-25T23:00:00 129 33 26 12 2 12 17 2 18 2 26
2014-01-03T01:00:00 105 27 30 14 3 9 17 1 17 1 31
2014-01-03T00:00:00 110 28 31 14 4 11 17 1 20 1 28
2014-01-02T23:00:00 114 23 27 15 3 9 16 0 22 1 23
2014-01-02T22:00:00 108 16 26 14 4 9 19 0 21 1 20
2014-01-02T21:00:00 113 16 23 10 4 7 21 1 18 2 17
2014-01-02T20:00:00 111 14 20 8 2 5 21 1 19 2 20
2014-01-05T05:00:00 75 15 10 4 2 3 18 0 11 2 12
2014-01-05T04:00:00 95 28 15 4 2 4 24 0 14 3 19
2014-01-05T03:00:00 113 37 18 6 3 4 30 0 15 3 21
2014-01-05T02:00:00 123 43 23 7 3 6 37 0 19 3 24
2014-01-05T01:00:00 139 48 23 9 3 4 40 0 21 3 30
2014-01-05T00:00:00 144 43 22 9 3 6 39 0 23 2 33
2014-01-11T22:00:00 180 50 19 15 5 16 70 3 27 4 45
2014-01-11T21:00:00 186 45 17 17 5 16 78 3 27 4 54
2014-01-11T20:00:00 198 42 18 20 5 16 89 3 25 4 55
2014-01-11T19:00:00 202 42 19 23 5 16 93 4 30 5 61
2014-01-11T18:00:00 215 37 20 29 6 13 101 3 33 6 59
2014-01-11T17:00:00 218 34 22 30 7 14 92 3 32 5 58
2014-01-14T01:00:00 129 45 34 9 3 9 17 3 19 4 44
2014-01-14T00:00:00 136 41 36 9 5 7 19 2 22 5 46
2014-01-13T23:00:00 133 29 23 12 4 6 19 1 22 5 39
2014-01-13T22:00:00 119 27 22 12 5 4 25 1 17 4 43
2014-01-13T21:00:00 117 24 20 11 6 4 27 1 22 3 32
2014-01-13T20:00:00 109 21 17 10 4 4 26 2 25 2 34
2014-01-17T05:00:00 46 1 6 3 0 3 10 0 7 0 10
2014-01-17T04:00:00 72 11 8 5 2 4 15 0 9 4 14
2014-01-17T03:00:00 96 17 9 7 3 4 15 0 11 4 19
2014-01-17T02:00:00 115 28 10 8 3 9 24 0 13 4 29
2014-01-17T01:00:00 125 36 16 10 3 12 30 0 16 5 33
2014-01-17T00:00:00 135 38 17 12 3 15 30 0 19 5 34
2014-01-18T00:00:00 172 46 11 18 3 9 30 0 27 2 34
2014-01-17T23:00:00 176 49 7 16 3 8 31 0 23 2 35
2014-01-17T22:00:00 165 44 9 16 3 10 34 0 22 2 34
2014-01-17T21:00:00 160 37 9 15 3 8 38 1 24 2 38
2014-01-17T20:00:00 166 33 8 13 2 9 40 1 23 1 33
2014-01-17T19:00:00 167 28 8 13 3 10 39 1 20 1 33
2014-01-19T21:00:00 165 35 7 9 4 13 43 0 24 5 48
2014-01-19T20:00:00 174 34 11 10 4 12 53 0 28 2 40
2014-01-19T19:00:00 183 29 12 10 4 8 58 0 30 2 41
2014-01-19T18:00:00 183 32 13 9 5 11 66 0 30 2 43
2014-01-19T17:00:00 186 33 12 10 5 17 71 0 32 1 38
2014-01-19T16:00:00 195 30 12 11 5 18 69 0 26 1 38
2014-01-24T13:00:00 98 22 4 6 1 3 22 0 19 1 28
2014-01-24T12:00:00 88 21 4 6 1 3 20 0 13 1 22
2014-01-24T11:00:00 78 19 4 4 1 2 16 0 8 1 18
2014-01-24T10:00:00 59 13 4 2 1 0 10 0 6 1 15
2014-01-24T09:00:00 46 12 3 3 1 1 7 0 3 0 7
2014-01-24T08:00:00 27 11 0 3 0 2 6 0 2 0 3
2014-01-30T02:00:00 117 34 6 2 5 8 12 3 18 4 26
2014-01-30T01:00:00 127 34 7 2 6 8 16 3 17 4 31
2014-01-30T00:00:00 139 34 7 2 6 9 14 3 20 3 32
2014-01-29T23:00:00 135 30 7 2 7 8 14 3 15 2 28
2014-01-29T22:00:00 125 25 4 2 9 6 19 3 18 2 26
2014-01-29T21:00:00 121 24 4 4 7 5 17 1 17 1 24
2014-01-31T07:00:00 79 18 4 0 1 7 39 0 9 1 18
2014-01-31T06:00:00 172 43 5 4 3 16 45 2 26 7 43
2014-01-31T05:00:00 255 61 7 6 5 20 50 2 33 10 56
2014-01-31T04:00:00 348 76 9 7 5 33 56 2 52 13 77
2014-01-31T03:00:00 451 101 11 9 7 43 64 3 63 21 106
2014-01-31T02:00:00 563 125 13 11 7 53 60 3 76 25 145
2014-02-02T09:00:00 31 7 1 1 1 4 7 0 4 1 10
2014-02-02T08:00:00 23 8 1 0 1 3 3 0 3 0 5
2014-02-02T07:00:00 24 5 2 0 0 3 6 0 5 1 4
2014-02-02T06:00:00 38 8 2 0 0 7 6 1 8 2 9
2014-02-02T05:00:00 56 16 5 2 1 10 7 1 11 3 17
2014-02-02T04:00:00 78 27 5 4 2 11 13 1 14 3 21
2014-02-06T13:00:00 143 19 6 12 4 9 50 0 18 6 24
2014-02-06T12:00:00 121 17 5 6 4 5 42 0 17 6 17
2014-02-06T11:00:00 90 15 5 5 2 2 24 0 14 5 16
2014-02-06T10:00:00 68 10 4 5 2 1 12 0 7 5 11
2014-02-06T09:00:00 49 8 2 4 0 0 5 1 5 4 7
2014-02-06T08:00:00 28 8 2 2 0 0 4 1 5 2 6
2014-02-12T07:00:00 20 3 1 1 0 1 3 0 2 0 6
2014-02-12T06:00:00 23 12 1 1 0 2 2 0 2 0 7
2014-02-12T05:00:00 42 18 3 4 0 4 3 0 6 3 7
2014-02-12T04:00:00 62 22 8 4 0 7 5 1 8 3 9
2014-02-12T03:00:00 85 30 8 7 0 8 8 1 11 3 11
2014-02-12T02:00:00 106 35 11 9 0 8 11 2 13 3 18
2014-02-17T04:00:00 58 35 3 2 3 8 8 0 10 0 20
2014-02-17T03:00:00 88 41 5 2 3 12 9 0 15 0 24
2014-02-17T02:00:00 110 44 6 2 3 12 11 1 15 0 29
2014-02-17T01:00:00 128 51 7 5 3 14 13 1 16 0 35
2014-02-17T00:00:00 144 49 7 8 5 14 14 1 17 0 44
2014-02-16T23:00:00 139 43 8 10 6 12 19 1 19 0 44
2014-03-04T04:00:00 49 25 16 5 0 10 9 1 10 3 23
2014-03-04T03:00:00 75 29 19 7 0 12 15 1 11 3 28
2014-03-04T02:00:00 90 33 21 9 0 12 17 1 13 4 32
2014-03-04T01:00:00 105 38 24 10 0 10 20 0 12 4 37
2014-03-04T00:00:00 114 39 27 9 1 11 22 0 11 4 38
2014-03-03T23:00:00 116 31 22 6 1 9 22 0 10 5 32
2014-03-11T19:00:00 125 15 17 7 2 15 11 0 18 2 34
2014-03-11T18:00:00 116 14 17 9 2 14 13 0 15 1 28
2014-03-11T17:00:00 112 17 20 8 3 12 12 0 12 1 28
2014-03-11T16:00:00 110 17 17 9 3 10 16 0 15 1 29
2014-03-11T15:00:00 111 16 17 7 2 13 17 0 12 1 28
2014-03-11T14:00:00 106 16 19 6 3 9 19 0 13 0 26
2014-03-16T06:00:00 44 19 3 5 0 2 6 1 1 3 18
2014-03-16T05:00:00 70 27 6 6 0 4 7 1 4 2 27
2014-03-16T04:00:00 103 37 13 11 0 5 12 1 11 2 38
2014-03-16T03:00:00 136 40 16 12 0 7 18 1 17 2 47
2014-03-16T02:00:00 164 50 16 12 1 11 22 2 21 1 54
2014-03-16T01:00:00 185 53 16 16 1 17 24 1 23 2 68
2014-03-28T11:00:00 78 15 13 6 1 9 8 0 17 2 29
2014-03-28T10:00:00 56 11 13 3 1 6 4 0 9 2 22
2014-03-28T09:00:00 44 7 6 2 1 6 4 0 5 2 14
2014-03-28T08:00:00 23 8 5 1 1 1 3 0 1 1 10
2014-03-28T07:00:00 22 8 5 1 1 0 2 0 3 1 7
2014-03-28T06:00:00 32 12 6 2 3 2 4 0 9 0 8
2014-03-29T01:00:00 158 39 24 12 5 13 21 0 20 3 54
2014-03-29T00:00:00 161 38 22 14 5 12 25 0 27 3 55
2014-03-28T23:00:00 161 29 14 14 6 12 25 1 27 1 56
2014-03-28T22:00:00 149 24 16 13 6 11 29 1 25 0 46
2014-03-28T21:00:00 136 26 17 11 8 8 33 2 21 0 35
2014-03-28T20:00:00 124 26 20 12 6 6 36 3 22 0 35
2014-04-01T14:00:00 200 35 32 12 5 20 37 1 31 6 79
2014-04-01T13:00:00 191 34 31 6 5 20 31 0 33 5 75
2014-04-01T12:00:00 175 31 30 5 5 16 21 0 31 6 65
2014-04-01T11:00:00 143 27 25 5 3 15 15 0 26 5 57
2014-04-01T10:00:00 125 20 22 3 1 12 9 0 19 4 33
2014-04-01T09:00:00 87 15 13 4 1 10 5 0 13 4 30
2014-04-15T08:00:00 40 10 5 1 2 4 4 0 7 2 16
2014-04-15T07:00:00 24 8 3 1 2 1 4 0 3 0 13
2014-04-15T06:00:00 32 6 3 0 0 3 8 0 3 1 14
2014-04-15T05:00:00 51 12 10 2 0 11 11 0 8 3 23
2014-04-15T04:00:00 78 17 17 4 1 18 16 0 15 3 37
2014-04-15T03:00:00 98 21 20 5 1 26 18 1 21 4 51
2014-04-23T19:00:00 182 22 33 7 4 16 29 2 21 3 72
2014-04-23T18:00:00 181 19 37 5 4 18 35 2 18 2 71
2014-04-23T17:00:00 167 20 37 4 1 18 32 4 15 1 66
2014-04-23T16:00:00 163 19 32 4 1 19 30 4 18 0 64
2014-04-23T15:00:00 150 14 27 3 1 18 30 4 18 0 65
2014-04-23T14:00:00 139 14 26 5 1 20 26 3 22 0 64
2014-04-25T22:00:00 182 30 20 6 8 24 34 1 27 4 72
2014-04-25T21:00:00 176 26 20 6 6 18 33 1 27 5 71
2014-04-25T20:00:00 167 24 22 5 5 15 33 3 24 6 67
2014-04-25T19:00:00 181 21 20 5 3 22 38 3 31 5 64
2014-04-25T18:00:00 177 20 19 2 4 26 37 4 37 5 61
2014-04-25T17:00:00 182 18 19 5 3 27 34 3 36 5 58
2014-05-07T07:00:00 48 7 5 1 0 5 7 0 7 2 20
2014-05-07T06:00:00 52 11 9 3 0 10 6 0 6 3 19
2014-05-07T05:00:00 84 17 14 2 2 16 12 0 10 3 43
2014-05-07T04:00:00 128 26 21 2 2 22 28 1 17 8 61
2014-05-07T03:00:00 155 31 34 3 2 29 28 2 23 10 74
2014-05-07T02:00:00 183 40 41 5 3 42 33 2 32 11 91
2014-05-16T00:00:00 145 50 47 12 4 8 32 2 14 2 51
2014-05-15T23:00:00 150 39 39 11 4 8 32 3 15 1 53
2014-05-15T22:00:00 136 33 28 9 6 15 33 2 20 1 63
2014-05-15T21:00:00 146 31 25 9 5 19 33 2 21 1 79
2014-05-15T20:00:00 147 25 23 5 3 27 39 2 26 0 95
2014-05-15T19:00:00 149 23 25 2 3 30 44 2 30 2 108
2014-05-19T00:00:00 147 42 32 16 7 9 31 2 19 3 43
2014-05-18T23:00:00 157 44 31 15 7 8 39 2 20 3 45
2014-05-18T22:00:00 158 42 29 14 7 8 60 1 17 3 46
2014-05-18T21:00:00 167 42 26 14 6 11 79 1 17 3 45
2014-05-18T20:00:00 182 43 30 10 6 9 91 1 21 1 49
2014-05-18T19:00:00 191 35 29 16 4 9 112 1 28 1 54
2014-05-20T06:00:00 25 12 14 1 0 2 7 0 3 0 4
2014-05-20T05:00:00 45 20 30 4 0 2 10 0 5 0 12
2014-05-20T04:00:00 71 25 36 4 0 4 16 1 5 0 19
2014-05-20T03:00:00 88 27 44 7 1 4 27 2 8 0 21
2014-05-20T02:00:00 104 33 47 11 1 4 30 2 10 1 25
2014-05-20T01:00:00 112 32 50 11 2 4 32 2 11 1 28
2014-05-22T14:00:00 123 18 36 6 4 6 51 1 20 0 31
2014-05-22T13:00:00 112 16 38 2 2 5 42 1 19 0 21
2014-05-22T12:00:00 83 10 29 1 1 5 29 0 14 0 19
2014-05-22T11:00:00 64 6 25 1 1 3 21 0 13 0 15
2014-05-22T10:00:00 47 4 23 1 1 1 16 0 10 0 13
2014-05-22T09:00:00 30 3 15 0 2 1 13 0 5 0 8
2014-05-25T11:00:00 114 17 16 7 4 3 76 3 18 1 32
2014-05-25T10:00:00 93 16 9 6 3 1 56 2 15 1 26
2014-05-25T09:00:00 67 13 7 6 4 1 43 2 11 1 17
2014-05-25T08:00:00 49 9 5 5 2 0 29 2 7 0 12
2014-05-25T07:00:00 40 8 10 7 4 0 24 1 9 0 12
2014-05-25T06:00:00 61 15 15 11 4 1 25 0 8 0 21
2014-05-30T18:00:00 126 17 19 7 2 9 46 3 20 2 28
2014-05-30T17:00:00 141 18 19 9 1 8 44 2 18 1 22
2014-05-30T16:00:00 135 20 22 9 1 8 45 2 13 1 24
2014-05-30T15:00:00 133 18 26 8 0 8 41 2 15 2 25
2014-05-31T23:00:00 257 68 29 23 8 8 149 1 49 7 79
2014-05-31T22:00:00 224 57 29 20 7 6 156 2 49 5 76
2014-05-31T21:00:00 215 49 30 25 5 7 164 2 52 5 71
2014-05-31T20:00:00 209 44 30 27 6 6 159 2 43 6 72
2014-05-31T19:00:00 206 45 28 24 8 5 184 2 44 5 66
2014-05-31T18:00:00 222 46 29 23 5 7 186 3 45 2 68
2014-06-17T03:00:00 124 56 48 7 1 2 17 0 17 1 37
2014-06-17T02:00:00 142 67 47 9 2 3 19 0 20 2 43
2014-06-17T01:00:00 149 65 47 10 3 4 22 1 22 3 45
2014-06-17T00:00:00 148 65 47 12 4 4 23 1 23 4 41
2014-06-16T23:00:00 147 62 50 12 7 5 25 1 22 4 36
2014-06-16T22:00:00 129 51 47 14 6 5 23 2 17 3 29
2014-06-17T17:00:00 146 29 44 15 3 4 44 2 17 2 37
2014-06-17T16:00:00 138 25 46 13 2 7 39 1 19 2 35
2014-06-17T15:00:00 131 28 39 11 2 8 38 1 16 3 34
2014-06-17T14:00:00 131 30 41 10 2 7 38 1 14 4 37
2014-07-05T11:00:00 119 38 22 8 2 7 71 1 19 1 32
2014-07-05T10:00:00 94 29 16 7 2 4 45 0 15 1 25
2014-07-05T09:00:00 62 20 9 6 0 2 30 0 6 1 22
2014-07-05T08:00:00 54 19 5 3 0 1 23 0 5 1 17
2014-07-05T07:00:00 49 15 11 3 1 0 16 0 6 1 18
2014-07-05T06:00:00 75 18 21 3 1 0 22 0 12 0 24
2014-07-19T00:00:00 201 54 25 13 6 7 55 2 26 5 61
2014-07-18T23:00:00 188 50 23 15 5 6 47 3 26 4 65
2014-07-18T22:00:00 160 46 20 15 6 4 46 2 27 4 60
2014-07-18T21:00:00 151 45 15 16 6 5 47 1 30 3 52
2014-07-18T20:00:00 146 43 10 15 4 4 55 1 29 3 50
2014-07-18T19:00:00 153 49 8 15 5 2 55 2 28 4 48
2014-07-29T12:00:00 151 28 12 6 1 4 53 1 17 2 21
2014-07-29T11:00:00 123 28 11 1 1 2 32 1 16 2 16
2014-07-29T10:00:00 89 24 8 1 0 2 25 0 14 1 9
2014-07-29T09:00:00 66 19 7 0 0 1 18 0 10 1 8
2014-07-29T08:00:00 39 15 5 0 0 1 15 0 7 0 5
2014-07-29T07:00:00 37 13 6 1 0 1 12 0 9 0 4
2014-08-09T11:00:00 127 20 16 4 3 3 70 2 27 5 38
2014-08-09T10:00:00 97 16 10 4 2 2 46 1 15 5 30
2014-08-09T09:00:00 69 11 6 2 2 1 29 1 8 5 22
2014-08-09T08:00:00 51 8 5 2 1 1 17 0 6 4 12
2014-08-21T21:00:00 171 44 20 17 9 7 54 3 26 4 56
2014-08-21T20:00:00 176 41 16 12 7 8 60 3 28 4 51
2014-08-21T19:00:00 186 43 17 10 9 9 71 3 31 3 53
2014-08-21T18:00:00 191 39 19 8 10 11 75 1 28 4 57
2014-08-21T17:00:00 202 31 24 8 9 11 77 1 32 5 52
2014-08-21T16:00:00 191 37 18 8 10 12 76 1 31 5 54
2014-08-23T22:00:00 274 67 22 16 5 11 126 0 38 2 68
2014-08-23T21:00:00 274 62 23 18 6 11 139 0 36 2 67
2014-08-23T20:00:00 249 53 18 20 5 14 158 0 40 2 63
2014-08-23T19:00:00 260 48 20 27 8 12 165 0 43 3 70
2014-08-30T23:00:00 315 62 31 20 5 11 89 5 36 3 59
2014-08-30T22:00:00 302 57 28 24 6 10 97 5 31 3 60
2014-08-30T21:00:00 293 51 31 25 10 9 102 6 32 2 54
2014-08-30T20:00:00 278 47 32 19 10 10 121 6 30 3 52
2014-08-30T19:00:00 282 53 36 20 10 7 134 5 27 3 52
2014-08-30T18:00:00 280 52 32 19 13 8 147 3 27 5 51
2014-09-01T15:00:00 170 29 40 7 2 3 44 2 27 1 31
2014-09-01T14:00:00 167 26 44 8 4 3 37 2 27 1 38
2014-09-01T13:00:00 153 24 34 9 5 3 34 2 26 2 30
2014-09-01T12:00:00 139 19 26 7 5 3 28 2 21 2 26
2014-09-01T11:00:00 113 16 22 4 5 2 20 0 16 2 24
2014-09-01T10:00:00 96 13 19 4 5 2 15 0 11 2 19
2014-09-07T22:00:00 271 58 31 16 10 9 142 5 38 3 63
2014-09-07T21:00:00 265 54 33 18 9 10 161 5 45 3 62
2014-09-07T20:00:00 271 51 33 21 12 11 177 4 48 2 59
2014-09-07T19:00:00 286 47 26 25 11 11 198 3 45 2 66
2014-09-07T18:00:00 268 43 25 28 8 10 221 2 53 4 69
2014-09-07T17:00:00 270 43 23 30 8 10 219 1 58 5 68
2014-09-21T05:00:00 93 39 25 5 3 2 18 1 12 2 33
2014-09-21T04:00:00 135 52 38 6 3 3 34 2 18 3 47
2014-09-21T03:00:00 185 63 42 8 6 5 54 2 27 3 65
2014-09-21T02:00:00 223 69 50 9 8 5 69 2 30 4 69
2014-09-21T01:00:00 248 69 55 12 11 6 74 2 33 4 74
2014-09-21T00:00:00 272 63 51 12 12 8 84 1 35 4 77
2014-09-25T23:00:00 504 37 45 17 6 12 36 2 22 7 43
2014-09-25T22:00:00 389 36 38 16 6 10 31 1 18 5 46
2014-09-25T21:00:00 290 30 43 15 5 7 31 1 22 5 45
2014-09-25T20:00:00 224 25 40 11 2 6 37 1 19 4 43
2014-09-25T19:00:00 174 29 41 10 3 4 45 0 19 3 42
2014-09-25T18:00:00 154 30 43 9 4 2 47 0 16 3 40
2014-09-26T23:00:00 169 37 48 12 5 8 42 0 18 5 51
2014-09-26T22:00:00 159 33 44 8 4 6 46 0 15 4 50
2014-09-26T21:00:00 157 33 42 10 5 5 52 0 14 3 50
2014-09-26T20:00:00 149 28 42 8 5 4 56 0 17 3 44
2014-09-26T19:00:00 141 28 35 6 5 6 56 0 19 3 38
2014-09-26T18:00:00 143 29 37 4 5 7 54 0 18 1 28
2014-10-04T00:00:00 256 67 35 20 12 7 141 1 59 5 68
2014-10-03T23:00:00 271 62 38 22 11 10 157 1 52 7 78
2014-10-03T22:00:00 264 62 33 17 16 10 185 1 51 7 78
2014-10-03T21:00:00 267 56 33 19 13 11 207 1 45 7 83
2014-10-03T20:00:00 274 51 30 21 15 13 225 3 43 6 81
2014-10-03T19:00:00 272 52 35 25 15 13 249 2 50 5 84
2014-10-11T18:00:00 149 24 45 7 4 6 57 3 33 2 38
2014-10-11T17:00:00 160 30 44 7 3 9 57 0 33 3 37
2014-10-11T16:00:00 168 30 47 7 2 10 57 0 32 3 33
2014-10-11T15:00:00 173 38 57 7 3 10 60 1 28 2 30
2014-10-11T14:00:00 190 47 62 8 2 10 67 1 28 2 29
2014-10-11T13:00:00 180 50 62 7 2 12 66 1 24 2 39
2014-10-18T04:00:00 119 37 39 7 4 3 28 1 13 3 38
2014-10-18T03:00:00 147 44 44 15 5 6 38 2 19 4 51
2014-10-18T02:00:00 177 51 51 17 6 8 45 3 19 4 57
2014-10-18T01:00:00 201 53 47 21 6 9 50 3 22 5 59
2014-10-18T00:00:00 201 50 44 24 7 10 44 2 21 4 59
2014-10-17T23:00:00 186 47 40 21 8 14 50 2 25 4 54
2014-10-20T23:00:00 151 43 46 6 1 5 36 2 23 3 44
2014-10-20T22:00:00 136 42 45 6 1 4 36 0 18 2 40
2014-10-20T21:00:00 123 35 43 8 0 3 44 0 17 0 36
2014-10-20T20:00:00 120 29 44 7 1 3 42 0 14 0 37
2014-10-26T04:00:00 141 44 41 15 5 4 30 5 24 2 39
2014-10-26T03:00:00 175 51 52 16 6 5 49 6 29 3 48
2014-10-26T02:00:00 200 52 58 18 6 6 56 5 27 3 61
2014-10-26T01:00:00 223 53 57 21 6 8 61 5 33 4 66
2014-10-26T00:00:00 228 59 60 17 6 8 63 3 33 4 70
2014-10-25T23:00:00 213 54 53 17 6 10 67 2 33 4 66
