2014-10-04T21:00:00Z 2014-10-04T23:00:00Z 86.000000 106.000000 59.000000 2.000000 1.200000 18.000000 3 2 0
2014-10-04T20:00:00Z 2014-10-04T22:00:00Z 93.000000 124.000000 79.000000 2.000000 1.300000 4.000000 3 3 0
2014-10-04T19:00:00Z 2014-10-04T21:00:00Z 90.000000 107.000000 68.000000 2.000000 1.200000 15.000000 3 3 0
2014-10-04T18:00:00Z 2014-10-04T20:00:00Z 85.000000 90.000000 45.000000 2.000000 1.100000 44.000000 3 3 0
2014-10-04T17:00:00Z 2014-10-04T19:00:00Z 85.000000 90.000000 45.000000 2.000000 1.100000 44.000000 3 3 0
2014-10-03T07:00:00Z 2014-10-03T09:00:00Z 113.000000 121.000000 62.000000 8.000000 2.200000 3.000000 3 2 0
2014-10-03T04:00:00Z 2014-10-03T06:00:00Z 89.000000 105.000000 62.000000 2.000000 1.100000 3.000000 3 4 0
2014-10-03T02:00:00Z 2014-10-03T04:00:00Z 102.000000 130.000000 70.000000 2.000000 1.600000 2.000000 3 3 0
2014-10-03T01:00:00Z 2014-10-03T03:00:00Z 110.000000 143.000000 73.000000 2.000000 1.800000 3.000000 3 3 0
2014-10-03T00:00:00Z 2014-10-03T02:00:00Z 104.000000 141.000000 82.000000 2.000000 1.600000 3.000000 3 3 0
2014-10-02T23:00:00Z 2014-10-03T01:00:00Z 99.000000 127.000000 93.000000 3.000000 2.100000 5.000000 3 3 0
2014-10-02T22:00:00Z 2014-10-03T00:00:00Z 99.000000 127.000000 93.000000 3.000000 2.100000 5.000000 3 3 0
2014-10-02T20:00:00Z 2014-10-02T22:00:00Z 94.000000 150.000000 105.000000 2.000000 1.500000 8.000000 3 3 0
2014-10-01T20:00:00Z 2014-10-01T22:00:00Z 85.000000 90.000000 66.000000 2.000000 1.300000 3.000000 3 2 0
2014-10-01T02:00:00Z 2014-10-01T04:00:00Z 77.000000 157.000000 71.000000 8.000000 1.100000 2.000000 3 2 0
2014-09-29T11:00:00Z 2014-09-29T13:00:00Z 86.000000 90.000000 38.000000 6.000000 1.300000 53.000000 3 1 1
2014-09-29T09:00:00Z 2014-09-29T11:00:00Z 100.000000 122.000000 56.000000 7.000000 1.800000 12.000000 3 3 1
2014-09-29T07:00:00Z 2014-09-29T09:00:00Z 99.000000 150.000000 68.000000 7.000000 1.900000 3.000000 3 3 1
2014-09-29T05:00:00Z 2014-09-29T07:00:00Z 105.000000 130.000000 72.000000 4.000000 1.700000 2.000000 3 3 1
2014-09-29T04:00:00Z 2014-09-29T06:00:00Z 107.000000 159.000000 75.000000 3.000000 1.400000 4.000000 3 3 1
2014-09-29T03:00:00Z 2014-09-29T05:00:00Z 95.000000 152.000000 77.000000 4.000000 1.300000 3.000000 3 3 1
2014-09-29T02:00:00Z 2014-09-29T04:00:00Z 98.000000 157.000000 81.000000 6.000000 1.500000 2.000000 3 3 1
2014-09-29T01:00:00Z 2014-09-29T03:00:00Z 94.000000 150.000000 88.000000 15.000000 1.400000 3.000000 3 3 1
2014-09-28T23:00:00Z 2014-09-29T01:00:00Z 79.000000 115.000000 76.000000 18.000000 1.200000 15.000000 3 3 1
2014-09-25T08:00:00Z 2014-09-25T10:00:00Z 84.000000 120.000000 69.000000 3.000000 1.700000 4.000000 3 4 1
2014-09-25T06:00:00Z 2014-09-25T08:00:00Z 76.000000 107.000000 57.000000 4.000000 1.500000 2.000000 3 3 1
2014-09-25T03:00:00Z 2014-09-25T05:00:00Z 81.000000 84.000000 63.000000 4.000000 1.100000 3.000000 3 3 1
2014-09-25T02:00:00Z 2014-09-25T04:00:00Z 84.000000 88.000000 62.000000 5.000000 1.600000 3.000000 3 3 1
2014-09-25T01:00:00Z 2014-09-25T03:00:00Z 94.000000 104.000000 62.000000 8.000000 1.700000 11.000000 3 3 1
2014-09-25T00:00:00Z 2014-09-25T02:00:00Z 101.000000 119.000000 60.000000 12.000000 1.900000 20.000000 3 3 1
2014-09-22T21:00:00Z 2014-09-22T23:00:00Z 101.000000 120.000000 92.000000 20.000000 2.600000 8.000000 3 3 1
2014-09-22T20:00:00Z 2014-09-22T22:00:00Z 101.000000 120.000000 92.000000 20.000000 2.600000 8.000000 3 3 1
2014-09-22T19:00:00Z 2014-09-22T21:00:00Z 101.000000 120.000000 92.000000 20.000000 2.600000 8.000000 3 3 1
2014-09-22T07:00:00Z 2014-09-22T09:00:00Z 78.000000 80.000000 60.000000 20.000000 2.400000 19.000000 3 3 1
2014-09-22T02:00:00Z 2014-09-22T04:00:00Z 77.000000 82.000000 75.000000 14.000000 1.200000 19.000000 3 2 1
2014-09-22T01:00:00Z 2014-09-22T03:00:00Z 81.000000 92.000000 67.000000 13.000000 1.100000 35.000000 3 2 1
2014-09-22T00:00:00Z 2014-09-22T02:00:00Z 76.000000 84.000000 45.000000 12.000000 1.100000 70.000000 3 3 1
2014-09-21T21:00:00Z 2014-09-21T23:00:00Z 89.000000 96.000000 39.000000 10.000000 1.000000 85.000000 3 2 1
2014-09-21T20:00:00Z 2014-09-21T22:00:00Z 92.000000 102.000000 36.000000 13.000000 1.200000 91.000000 3 3 1
2014-09-21T19:00:00Z 2014-09-21T21:00:00Z 88.000000 109.000000 39.000000 13.000000 1.600000 97.000000 3 3 1
2014-09-21T18:00:00Z 2014-09-21T20:00:00Z 100.000000 118.000000 40.000000 17.000000 1.900000 115.000000 3 3 1
2014-09-21T17:00:00Z 2014-09-21T19:00:00Z 107.000000 122.000000 34.000000 19.000000 1.700000 126.000000 3 3 1
2014-09-21T13:00:00Z 2014-09-21T15:00:00Z 88.000000 122.000000 54.000000 50.000000 2.300000 79.000000 3 3 1
2014-09-20T17:00:00Z 2014-09-20T19:00:00Z 98.000000 105.000000 38.000000 11.000000 1.000000 183.000000 3 5 1
2014-09-20T16:00:00Z 2014-09-20T18:00:00Z 99.000000 108.000000 36.000000 11.000000 1.000000 181.000000 3 4 1
2014-09-19T09:00:00Z 2014-09-19T11:00:00Z 97.000000 172.000000 102.000000 8.000000 1.300000 12.000000 3 5 1
2014-09-19T06:00:00Z 2014-09-19T08:00:00Z 112.000000 132.000000 62.000000 7.000000 1.000000 10.000000 3 2 1
2014-09-19T04:00:00Z 2014-09-19T06:00:00Z 108.000000 128.000000 51.000000 10.000000 0.700000 28.000000 3 3 1
2014-09-19T02:00:00Z 2014-09-19T04:00:00Z 83.000000 116.000000 55.000000 10.000000 0.800000 35.000000 3 3 1
2014-09-18T10:00:00Z 2014-09-18T12:00:00Z 90.000000 104.000000 82.000000 6.000000 1.000000 37.000000 3 2 1
2014-09-18T08:00:00Z 2014-09-18T10:00:00Z 99.000000 132.000000 78.000000 5.000000 1.200000 9.000000 3 3 1
2014-09-18T07:00:00Z 2014-09-18T09:00:00Z 100.000000 131.000000 82.000000 4.000000 1.200000 5.000000 3 3 1
2014-09-18T06:00:00Z 2014-09-18T08:00:00Z 96.000000 107.000000 69.000000 4.000000 0.900000 10.000000 3 3 1
2014-09-18T04:00:00Z 2014-09-18T06:00:00Z 98.000000 143.000000 89.000000 5.000000 1.000000 4.000000 3 3 1
2014-09-17T14:00:00Z 2014-09-17T16:00:00Z 82.000000 115.000000 95.000000 8.000000 1.100000 41.000000 3 2 1
2014-09-14T08:00:00Z 2014-09-14T10:00:00Z 91.000000 135.000000 77.000000 8.000000 0.900000 28.000000 3 2 1
2014-09-13T02:00:00Z 2014-09-13T04:00:00Z 79.000000 90.000000 81.000000 7.000000 1.100000 3.000000 3 2 1
2014-09-11T17:00:00Z 2014-09-11T19:00:00Z 108.000000 155.000000 59.000000 43.000000 2.400000 130.000000 3 4 1
2014-09-11T15:00:00Z 2014-09-11T17:00:00Z 98.000000 129.000000 58.000000 52.000000 2.400000 135.000000 3 3 1
2014-09-11T12:00:00Z 2014-09-11T14:00:00Z 114.000000 174.000000 84.000000 54.000000 2.800000 66.000000 3 3 1
2014-09-11T10:00:00Z 2014-09-11T12:00:00Z 108.000000 182.000000 83.000000 31.000000 2.000000 28.000000 3 3 1
2014-09-11T09:00:00Z 2014-09-11T11:00:00Z 100.000000 144.000000 85.000000 21.000000 1.600000 16.000000 3 3 1
2014-09-11T07:00:00Z 2014-09-11T09:00:00Z 84.000000 142.000000 82.000000 13.000000 1.200000 7.000000 3 3 1
2014-09-10T09:00:00Z 2014-09-10T11:00:00Z 102.000000 146.000000 92.000000 20.000000 2.000000 29.000000 3 4 1
2014-09-10T07:00:00Z 2014-09-10T09:00:00Z 87.000000 158.000000 99.000000 15.000000 2.000000 8.000000 3 3 1
2014-09-07T17:00:00Z 2014-09-07T19:00:00Z 115.000000 149.000000 19.000000 25.000000 1.300000 180.000000 3 4 1
2014-09-07T16:00:00Z 2014-09-07T18:00:00Z 100.000000 183.000000 16.000000 20.000000 1.100000 176.000000 3 4 1
2014-09-05T08:00:00Z 2014-09-05T10:00:00Z 79.000000 149.000000 85.000000 9.000000 1.200000 18.000000 3 3 0
2014-09-05T05:00:00Z 2014-09-05T07:00:00Z 84.000000 152.000000 107.000000 8.000000 1.300000 10.000000 3 2 0
2014-08-31T19:00:00Z 2014-08-31T21:00:00Z 78.000000 81.000000 32.000000 2.000000 1.100000 114.000000 3 3 1
2014-08-29T21:00:00Z 2014-08-29T23:00:00Z 101.000000 140.000000 57.000000 5.000000 1.200000 107.000000 3 4 1
2014-08-29T20:00:00Z 2014-08-29T22:00:00Z 106.000000 133.000000 48.000000 7.000000 1.200000 140.000000 3 4 1
2014-08-29T19:00:00Z 2014-08-29T21:00:00Z 93.000000 95.000000 39.000000 8.000000 1.100000 166.000000 3 3 1
2014-08-29T18:00:00Z 2014-08-29T20:00:00Z 89.000000 98.000000 40.000000 8.000000 1.100000 172.000000 3 3 1
2014-08-28T17:00:00Z 2014-08-28T19:00:00Z 88.000000 143.000000 43.000000 10.000000 1.000000 126.000000 3 3 1
2014-08-28T02:00:00Z 2014-08-28T04:00:00Z 113.000000 190.000000 80.000000 23.000000 1.200000 63.000000 3 4 1
2014-08-28T01:00:00Z 2014-08-28T03:00:00Z 103.000000 189.000000 97.000000 21.000000 1.300000 70.000000 3 4 1
2014-08-28T00:00:00Z 2014-08-28T02:00:00Z 99.000000 176.000000 100.000000 20.000000 1.200000 75.000000 3 3 1
2014-08-27T22:00:00Z 2014-08-28T00:00:00Z 89.000000 163.000000 72.000000 20.000000 1.100000 104.000000 3 3 1
2014-08-27T20:00:00Z 2014-08-27T22:00:00Z 79.000000 166.000000 38.000000 20.000000 0.800000 164.000000 3 3 1
2014-08-23T18:00:00Z 2014-08-23T20:00:00Z 113.000000 150.000000 34.000000 10.000000 1.200000 196.000000 3 5 1
2014-08-22T19:00:00Z 2014-08-22T21:00:00Z 108.000000 165.000000 86.000000 10.000000 1.400000 91.000000 3 4 1
2014-08-21T00:00:00Z 2014-08-21T02:00:00Z 111.000000 133.000000 45.000000 15.000000 1.100000 108.000000 3 4 1
2014-08-20T22:00:00Z 2014-08-21T00:00:00Z 100.000000 140.000000 36.000000 15.000000 1.000000 128.000000 3 3 1
2014-08-20T20:00:00Z 2014-08-20T22:00:00Z 98.000000 120.000000 30.000000 23.000000 1.100000 176.000000 3 3 1
2014-08-20T19:00:00Z 2014-08-20T21:00:00Z 98.000000 161.000000 24.000000 28.000000 1.300000 201.000000 3 3 1
2014-08-20T15:00:00Z 2014-08-20T17:00:00Z 94.000000 143.000000 19.000000 37.000000 1.300000 220.000000 3 4 1
2014-08-20T05:00:00Z 2014-08-20T07:00:00Z 111.000000 141.000000 34.000000 21.000000 1.100000 63.000000 3 4 1
2014-08-20T04:00:00Z 2014-08-20T06:00:00Z 105.000000 139.000000 33.000000 23.000000 0.800000 68.000000 3 3 1
2014-08-20T02:00:00Z 2014-08-20T04:00:00Z 79.000000 98.000000 24.000000 19.000000 0.800000 76.000000 3 3 1
2014-08-20T00:00:00Z 2014-08-20T02:00:00Z 78.000000 106.000000 33.000000 21.000000 0.900000 110.000000 3 3 1
2014-08-19T22:00:00Z 2014-08-20T00:00:00Z 79.000000 92.000000 28.000000 22.000000 1.000000 150.000000 3 3 1
2014-08-19T21:00:00Z 2014-08-19T23:00:00Z 88.000000 122.000000 31.000000 15.000000 1.100000 154.000000 3 3 1
2014-08-19T20:00:00Z 2014-08-19T22:00:00Z 90.000000 124.000000 33.000000 11.000000 1.000000 173.000000 3 3 1
2014-08-19T19:00:00Z 2014-08-19T21:00:00Z 82.000000 174.000000 29.000000 11.000000 0.900000 197.000000 3 3 1
2014-06-20T23:00:00Z 2014-06-21T01:00:00Z 84.000000 90.000000 43.000000 8.000000 1.300000 66.000000 3 2 1
2014-06-20T22:00:00Z 2014-06-21T00:00:00Z 89.000000 124.000000 45.000000 9.000000 1.700000 75.000000 3 2 1
2014-06-18T16:00:00Z 2014-06-18T18:00:00Z 88.000000 172.000000 36.000000 10.000000 0.900000 209.000000 3 3 1
2014-06-17T13:00:00Z 2014-06-17T15:00:00Z 80.000000 108.000000 63.000000 5.000000 1.300000 97.000000 3 4 1
2014-06-16T20:00:00Z 2014-06-16T22:00:00Z 115.000000 142.000000 33.000000 3.000000 1.100000 170.000000 3 4 1
2014-06-15T22:00:00Z 2014-06-16T00:00:00Z 86.000000 111.000000 51.000000 3.000000 1.300000 99.000000 3 4 1
2014-06-15T12:00:00Z 2014-06-15T14:00:00Z 105.000000 140.000000 42.000000 28.000000 1.300000 209.000000 3 3 1
2014-06-14T22:00:00Z 2014-06-15T00:00:00Z 79.000000 131.000000 64.000000 6.000000 1.200000 154.000000 3 4 1
2014-06-13T08:00:00Z 2014-06-13T10:00:00Z 114.000000 161.000000 72.000000 30.000000 1.600000 51.000000 3 2 1
2014-06-13T06:00:00Z 2014-06-13T08:00:00Z 113.000000 160.000000 77.000000 17.000000 1.400000 40.000000 3 3 1
2014-06-13T04:00:00Z 2014-06-13T06:00:00Z 112.000000 169.000000 79.000000 14.000000 1.500000 36.000000 3 3 1
2014-06-10T20:00:00Z 2014-06-10T22:00:00Z 87.000000 98.000000 51.000000 7.000000 1.700000 82.000000 3 3 1
2014-06-10T13:00:00Z 2014-06-10T15:00:00Z 97.000000 115.000000 40.000000 18.000000 1.700000 138.000000 3 3 1
2014-06-10T11:00:00Z 2014-06-10T13:00:00Z 102.000000 131.000000 77.000000 22.000000 2.000000 47.000000 3 3 1
2014-06-10T09:00:00Z 2014-06-10T11:00:00Z 79.000000 96.000000 60.000000 18.000000 1.800000 40.000000 3 3 1
2014-06-06T12:00:00Z 2014-06-06T14:00:00Z 108.000000 155.000000 58.000000 41.000000 2.500000 89.000000 3 1 1
2014-06-06T10:00:00Z 2014-06-06T12:00:00Z 113.000000 160.000000 65.000000 39.000000 3.200000 51.000000 3 3 1
2014-06-06T09:00:00Z 2014-06-06T11:00:00Z 100.000000 180.000000 64.000000 37.000000 3.100000 37.000000 3 4 1
2014-06-06T08:00:00Z 2014-06-06T10:00:00Z 90.000000 160.000000 63.000000 32.000000 2.600000 27.000000 3 3 1
2014-06-06T07:00:00Z 2014-06-06T09:00:00Z 80.000000 140.000000 52.000000 21.000000 1.400000 30.000000 3 3 1
2014-06-06T06:00:00Z 2014-06-06T08:00:00Z 79.000000 102.000000 46.000000 15.000000 1.100000 32.000000 3 3 1
2014-06-06T05:00:00Z 2014-06-06T07:00:00Z 101.000000 151.000000 64.000000 20.000000 1.500000 18.000000 3 3 1
2014-06-06T03:00:00Z 2014-06-06T05:00:00Z 109.000000 232.000000 105.000000 18.000000 1.200000 32.000000 3 3 1
2014-06-06T01:00:00Z 2014-06-06T03:00:00Z 90.000000 178.000000 49.000000 16.000000 1.000000 121.000000 3 3 1
2014-06-06T00:00:00Z 2014-06-06T02:00:00Z 90.000000 178.000000 49.000000 15.000000 1.000000 136.000000 3 3 1
2014-06-05T10:00:00Z 2014-06-05T12:00:00Z 86.000000 122.000000 58.000000 35.000000 1.200000 89.000000 3 2 0
2014-06-05T09:00:00Z 2014-06-05T11:00:00Z 86.000000 135.000000 74.000000 30.000000 1.300000 60.000000 3 2 0
2014-06-05T08:00:00Z 2014-06-05T10:00:00Z 88.000000 179.000000 106.000000 16.000000 1.300000 23.000000 3 3 0
2014-06-05T07:00:00Z 2014-06-05T09:00:00Z 84.000000 157.000000 85.000000 13.000000 1.400000 18.000000 3 3 0
2014-06-05T06:00:00Z 2014-06-05T08:00:00Z 81.000000 136.000000 64.000000 14.000000 1.200000 25.000000 3 3 0
2014-06-05T05:00:00Z 2014-06-05T07:00:00Z 78.000000 136.000000 49.000000 14.000000 1.100000 28.000000 3 3 0
2014-06-05T03:00:00Z 2014-06-05T05:00:00Z 80.000000 135.000000 67.000000 12.000000 0.900000 36.000000 3 3 0
2014-06-04T09:00:00Z 2014-06-04T11:00:00Z 77.000000 109.000000 75.000000 19.000000 1.400000 61.000000 3 2 0
2014-06-04T07:00:00Z 2014-06-04T09:00:00Z 76.000000 150.000000 74.000000 13.000000 1.200000 36.000000 3 3 0
2014-05-27T09:00:00Z 2014-05-27T11:00:00Z 99.000000 493.000000 35.000000 2.000000 0.400000 78.000000 3 1 1
2014-05-27T08:00:00Z 2014-05-27T10:00:00Z 98.000000 475.000000 78.000000 3.000000 0.800000 40.000000 3 2 1
2014-05-25T11:00:00Z 2014-05-25T13:00:00Z 106.000000 484.000000 12.000000 2.000000 0.300000 87.000000 3 1 1
2014-05-24T05:00:00Z 2014-05-24T07:00:00Z 88.000000 191.000000 35.000000 8.000000 1.200000 40.000000 3 3 1
2014-05-24T03:00:00Z 2014-05-24T05:00:00Z 98.000000 174.000000 61.000000 37.000000 1.100000 49.000000 3 3 1
2014-05-24T01:00:00Z 2014-05-24T03:00:00Z 101.000000 206.000000 79.000000 34.000000 1.400000 89.000000 3 3 1
2014-05-24T00:00:00Z 2014-05-24T02:00:00Z 104.000000 224.000000 70.000000 33.000000 1.400000 123.000000 3 3 1
2014-05-23T09:00:00Z 2014-05-23T11:00:00Z 106.000000 179.000000 48.000000 40.000000 1.100000 127.000000 3 3 1
2014-05-23T08:00:00Z 2014-05-23T10:00:00Z 107.000000 204.000000 74.000000 36.000000 1.200000 83.000000 3 3 1
2014-05-23T07:00:00Z 2014-05-23T09:00:00Z 108.000000 199.000000 69.000000 33.000000 1.200000 76.000000 3 3 1
2014-05-23T06:00:00Z 2014-05-23T08:00:00Z 113.000000 188.000000 54.000000 33.000000 1.000000 91.000000 3 3 1
2014-05-23T05:00:00Z 2014-05-23T07:00:00Z 106.000000 192.000000 48.000000 31.000000 1.000000 96.000000 3 3 1
2014-05-23T03:00:00Z 2014-05-23T05:00:00Z 79.000000 167.000000 62.000000 18.000000 0.800000 80.000000 3 3 1
2014-05-21T13:00:00Z 2014-05-21T15:00:00Z 111.000000 188.000000 78.000000 26.000000 1.500000 157.000000 3 4 1
2014-05-21T11:00:00Z 2014-05-21T13:00:00Z 95.000000 136.000000 61.000000 29.000000 1.400000 115.000000 3 3 1
2014-05-21T09:00:00Z 2014-05-21T11:00:00Z 79.000000 103.000000 70.000000 34.000000 1.500000 60.000000 3 3 1
2014-05-21T07:00:00Z 2014-05-21T09:00:00Z 76.000000 162.000000 84.000000 42.000000 1.800000 22.000000 3 3 1
2014-05-21T06:00:00Z 2014-05-21T08:00:00Z 85.000000 112.000000 67.000000 32.000000 1.500000 36.000000 3 2 1
2014-05-21T05:00:00Z 2014-05-21T07:00:00Z 94.000000 102.000000 40.000000 30.000000 1.300000 55.000000 3 3 1
2014-05-21T04:00:00Z 2014-05-21T06:00:00Z 91.000000 124.000000 55.000000 26.000000 0.900000 46.000000 3 3 1
2014-05-21T03:00:00Z 2014-05-21T05:00:00Z 93.000000 132.000000 66.000000 27.000000 0.900000 31.000000 3 3 1
2014-05-21T02:00:00Z 2014-05-21T04:00:00Z 90.000000 122.000000 58.000000 27.000000 1.000000 46.000000 3 3 1
2014-05-21T01:00:00Z 2014-05-21T03:00:00Z 105.000000 124.000000 68.000000 23.000000 1.100000 55.000000 3 3 1
2014-05-20T21:00:00Z 2014-05-20T23:00:00Z 96.000000 397.000000 67.000000 24.000000 1.700000 163.000000 3 4 1
2014-05-19T20:00:00Z 2014-05-19T22:00:00Z 110.000000 193.000000 58.000000 16.000000 0.900000 177.000000 3 4 1
2014-05-19T18:00:00Z 2014-05-19T20:00:00Z 104.000000 166.000000 40.000000 16.000000 0.700000 204.000000 3 3 1
2014-05-19T05:00:00Z 2014-05-19T07:00:00Z 88.000000 105.000000 26.000000 8.000000 0.800000 130.000000 3 2 1
2014-05-19T02:00:00Z 2014-05-19T04:00:00Z 98.000000 192.000000 44.000000 20.000000 0.700000 123.000000 3 3 1
2014-05-19T00:00:00Z 2014-05-19T02:00:00Z 112.000000 215.000000 54.000000 27.000000 0.800000 137.000000 3 3 1
2014-05-18T17:00:00Z 2014-05-18T19:00:00Z 100.000000 165.000000 33.000000 43.000000 0.800000 251.000000 3 5 1
2014-05-18T16:00:00Z 2014-05-18T18:00:00Z 86.000000 155.000000 31.000000 38.000000 0.700000 242.000000 3 4 1
2014-05-18T15:00:00Z 2014-05-18T17:00:00Z 89.000000 108.000000 30.000000 36.000000 0.700000 237.000000 3 3 1
2014-05-18T14:00:00Z 2014-05-18T16:00:00Z 110.000000 153.000000 49.000000 34.000000 0.900000 222.000000 3 3 1
2014-05-18T13:00:00Z 2014-05-18T15:00:00Z 90.000000 132.000000 75.000000 29.000000 1.100000 154.000000 3 3 1
2014-05-17T11:00:00Z 2014-05-17T13:00:00Z 80.000000 163.000000 91.000000 64.000000 1.800000 87.000000 3 2 1
2014-05-16T21:00:00Z 2014-05-16T23:00:00Z 108.000000 189.000000 56.000000 18.000000 1.000000 118.000000 3 2 1
2014-05-16T05:00:00Z 2014-05-16T07:00:00Z 82.000000 285.000000 116.000000 26.000000 1.200000 2.000000 3 2 1
2014-05-15T23:00:00Z 2014-05-16T01:00:00Z 104.000000 336.000000 112.000000 24.000000 1.400000 25.000000 3 2 1
2014-05-15T21:00:00Z 2014-05-15T23:00:00Z 95.000000 398.000000 95.000000 13.000000 0.800000 52.000000 3 3 1
2014-05-15T20:00:00Z 2014-05-15T22:00:00Z 76.000000 274.000000 63.000000 13.000000 0.600000 91.000000 3 3 1
2014-05-15T19:00:00Z 2014-05-15T21:00:00Z 82.000000 270.000000 53.000000 8.000000 0.600000 105.000000 3 3 1
2014-05-15T18:00:00Z 2014-05-15T20:00:00Z 96.000000 328.000000 34.000000 8.000000 0.500000 129.000000 3 3 1
2014-05-15T17:00:00Z 2014-05-15T19:00:00Z 111.000000 359.000000 35.000000 8.000000 0.500000 133.000000 3 3 1
2014-05-15T15:00:00Z 2014-05-15T17:00:00Z 79.000000 262.000000 24.000000 7.000000 0.400000 119.000000 3 3 1
2014-05-13T09:00:00Z 2014-05-13T11:00:00Z 108.000000 176.000000 98.000000 13.000000 1.300000 13.000000 3 4 1
2014-05-13T07:00:00Z 2014-05-13T09:00:00Z 77.000000 179.000000 93.000000 11.000000 1.500000 5.000000 3 3 1
2014-05-12T22:00:00Z 2014-05-13T00:00:00Z 78.000000 166.000000 49.000000 21.000000 0.800000 80.000000 3 2 1
2014-05-10T20:00:00Z 2014-05-10T22:00:00Z 77.000000 142.000000 91.000000 24.000000 1.700000 48.000000 3 2 1
2014-05-09T12:00:00Z 2014-05-09T14:00:00Z 82.000000 112.000000 49.000000 34.000000 1.600000 67.000000 3 2 1
2014-05-09T10:00:00Z 2014-05-09T12:00:00Z 88.000000 144.000000 68.000000 57.000000 2.500000 50.000000 3 3 1
2014-05-09T09:00:00Z 2014-05-09T11:00:00Z 88.000000 154.000000 84.000000 73.000000 2.900000 41.000000 3 3 1
2014-05-09T08:00:00Z 2014-05-09T10:00:00Z 85.000000 161.000000 86.000000 81.000000 3.100000 45.000000 3 3 1
2014-05-09T07:00:00Z 2014-05-09T09:00:00Z 85.000000 139.000000 82.000000 72.000000 2.800000 42.000000 3 3 1
2014-05-09T06:00:00Z 2014-05-09T08:00:00Z 81.000000 123.000000 69.000000 56.000000 2.100000 46.000000 3 3 1
2014-05-09T01:00:00Z 2014-05-09T03:00:00Z 77.000000 113.000000 57.000000 36.000000 1.000000 73.000000 3 2 1
2014-05-09T00:00:00Z 2014-05-09T02:00:00Z 81.000000 142.000000 68.000000 42.000000 1.000000 64.000000 3 2 1
2014-05-08T16:00:00Z 2014-05-08T18:00:00Z 88.000000 91.000000 20.000000 20.000000 0.700000 167.000000 3 2 1
2014-05-08T10:00:00Z 2014-05-08T12:00:00Z 77.000000 86.000000 27.000000 23.000000 1.000000 109.000000 3 2 1
2014-05-08T08:00:00Z 2014-05-08T10:00:00Z 112.000000 130.000000 58.000000 32.000000 2.500000 56.000000 3 3 1
2014-05-08T01:00:00Z 2014-05-08T03:00:00Z 105.000000 140.000000 50.000000 17.000000 1.000000 67.000000 3 4 1
2014-05-08T00:00:00Z 2014-05-08T02:00:00Z 79.000000 179.000000 60.000000 16.000000 1.000000 57.000000 3 4 1
2014-05-07T09:00:00Z 2014-05-07T11:00:00Z 81.000000 185.000000 47.000000 16.000000 0.900000 58.000000 3 2 1
2014-05-06T19:00:00Z 2014-05-06T21:00:00Z 110.000000 215.000000 62.000000 38.000000 1.200000 104.000000 3 4 1
2014-05-06T17:00:00Z 2014-05-06T19:00:00Z 111.000000 153.000000 43.000000 36.000000 1.000000 133.000000 3 3 1
2014-05-01T18:00:00Z 2014-05-01T20:00:00Z 89.000000 132.000000 27.000000 19.000000 0.800000 94.000000 3 2 0
2014-05-01T03:00:00Z 2014-05-01T05:00:00Z 107.000000 171.000000 31.000000 26.000000 0.900000 89.000000 3 4 0
2014-05-01T02:00:00Z 2014-05-01T04:00:00Z 100.000000 182.000000 38.000000 26.000000 0.900000 90.000000 3 4 0
2014-05-01T01:00:00Z 2014-05-01T03:00:00Z 94.000000 188.000000 52.000000 19.000000 0.900000 83.000000 3 3 0
2014-04-30T23:00:00Z 2014-05-01T01:00:00Z 76.000000 168.000000 41.000000 19.000000 0.800000 109.000000 3 3 1
2014-04-30T20:00:00Z 2014-04-30T22:00:00Z 78.000000 148.000000 35.000000 20.000000 0.900000 140.000000 3 2 1
2014-04-30T19:00:00Z 2014-04-30T21:00:00Z 79.000000 172.000000 28.000000 22.000000 0.800000 160.000000 3 2 1
2014-04-29T14:00:00Z 2014-04-29T16:00:00Z 90.000000 113.000000 47.000000 16.000000 0.900000 163.000000 3 3 1
2014-04-29T12:00:00Z 2014-04-29T14:00:00Z 99.000000 165.000000 77.000000 33.000000 1.300000 91.000000 3 3 1
2014-04-29T11:00:00Z 2014-04-29T13:00:00Z 85.000000 142.000000 60.000000 32.000000 1.200000 83.000000 3 3 1
2014-04-29T10:00:00Z 2014-04-29T12:00:00Z 88.000000 175.000000 86.000000 33.000000 1.300000 36.000000 3 3 1
2014-04-29T09:00:00Z 2014-04-29T11:00:00Z 97.000000 207.000000 90.000000 34.000000 1.400000 18.000000 3 3 1
2014-04-29T05:00:00Z 2014-04-29T07:00:00Z 76.000000 168.000000 103.000000 11.000000 1.000000 2.000000 3 2 1
2014-04-29T04:00:00Z 2014-04-29T06:00:00Z 78.000000 171.000000 105.000000 10.000000 1.000000 5.000000 3 2 1
2014-04-29T03:00:00Z 2014-04-29T05:00:00Z 79.000000 155.000000 92.000000 11.000000 0.900000 15.000000 3 3 1
2014-04-29T02:00:00Z 2014-04-29T04:00:00Z 76.000000 169.000000 92.000000 12.000000 0.800000 21.000000 3 3 1
2014-04-27T23:00:00Z 2014-04-28T01:00:00Z 96.000000 137.000000 56.000000 21.000000 1.300000 58.000000 3 1 1
2014-04-27T22:00:00Z 2014-04-28T00:00:00Z 105.000000 164.000000 56.000000 29.000000 1.900000 73.000000 3 2 1
2014-04-26T13:00:00Z 2014-04-26T15:00:00Z 87.000000 102.000000 16.000000 2.000000 0.300000 87.000000 3 1 1
2014-04-25T22:00:00Z 2014-04-26T00:00:00Z 77.000000 259.000000 21.000000 2.000000 0.400000 77.000000 3 1 1
2014-04-25T21:00:00Z 2014-04-25T23:00:00Z 93.000000 295.000000 23.000000 4.000000 0.400000 78.000000 3 2 1
2014-04-24T09:00:00Z 2014-04-24T11:00:00Z 108.000000 126.000000 53.000000 26.000000 1.000000 57.000000 3 3 1
2014-04-24T08:00:00Z 2014-04-24T10:00:00Z 106.000000 131.000000 52.000000 21.000000 1.000000 57.000000 3 3 1
2014-04-24T07:00:00Z 2014-04-24T09:00:00Z 101.000000 123.000000 44.000000 19.000000 0.900000 68.000000 3 3 1
2014-04-24T06:00:00Z 2014-04-24T08:00:00Z 96.000000 108.000000 37.000000 17.000000 0.800000 76.000000 3 3 1
2014-04-24T05:00:00Z 2014-04-24T07:00:00Z 87.000000 106.000000 35.000000 15.000000 0.800000 77.000000 3 3 1
2014-04-24T03:00:00Z 2014-04-24T05:00:00Z 79.000000 99.000000 34.000000 13.000000 0.600000 60.000000 3 3 1
2014-04-24T02:00:00Z 2014-04-24T04:00:00Z 78.000000 105.000000 31.000000 13.000000 0.700000 71.000000 3 3 1
2014-04-24T00:00:00Z 2014-04-24T02:00:00Z 80.000000 133.000000 33.000000 14.000000 0.800000 98.000000 3 3 1
2014-04-23T20:00:00Z 2014-04-23T22:00:00Z 100.000000 117.000000 33.000000 21.000000 0.900000 128.000000 3 2 1
2014-04-23T19:00:00Z 2014-04-23T21:00:00Z 101.000000 155.000000 29.000000 27.000000 0.900000 145.000000 3 2 1
2014-04-23T07:00:00Z 2014-04-23T09:00:00Z 112.000000 144.000000 50.000000 19.000000 1.000000 37.000000 3 4 1
2014-04-23T06:00:00Z 2014-04-23T08:00:00Z 100.000000 138.000000 52.000000 20.000000 1.000000 36.000000 3 4 1
2014-04-23T05:00:00Z 2014-04-23T07:00:00Z 92.000000 123.000000 47.000000 21.000000 0.900000 44.000000 3 3 1
2014-04-23T04:00:00Z 2014-04-23T06:00:00Z 93.000000 129.000000 41.000000 21.000000 0.900000 56.000000 3 3 1
2014-04-23T03:00:00Z 2014-04-23T05:00:00Z 81.000000 126.000000 34.000000 21.000000 0.900000 72.000000 3 3 1
2014-04-23T02:00:00Z 2014-04-23T04:00:00Z 76.000000 149.000000 34.000000 21.000000 0.800000 79.000000 3 3 1
2014-04-22T21:00:00Z 2014-04-22T23:00:00Z 76.000000 136.000000 49.000000 27.000000 0.800000 103.000000 3 2 1
2014-04-22T20:00:00Z 2014-04-22T22:00:00Z 80.000000 148.000000 36.000000 27.000000 0.700000 127.000000 3 2 1
2014-04-22T02:00:00Z 2014-04-22T04:00:00Z 111.000000 164.000000 86.000000 11.000000 0.900000 17.000000 3 3 1
2014-04-22T01:00:00Z 2014-04-22T03:00:00Z 95.000000 171.000000 77.000000 13.000000 0.900000 36.000000 3 4 1
2014-04-22T00:00:00Z 2014-04-22T02:00:00Z 78.000000 150.000000 78.000000 11.000000 0.800000 42.000000 3 3 1
2014-04-21T05:00:00Z 2014-04-21T07:00:00Z 93.000000 156.000000 104.000000 11.000000 1.300000 2.000000 3 2 1
2014-04-21T04:00:00Z 2014-04-21T06:00:00Z 93.000000 156.000000 104.000000 11.000000 1.300000 2.000000 3 2 1
2014-04-21T03:00:00Z 2014-04-21T05:00:00Z 93.000000 156.000000 104.000000 11.000000 1.300000 2.000000 3 3 1
2014-04-21T02:00:00Z 2014-04-21T04:00:00Z 93.000000 156.000000 104.000000 11.000000 1.300000 2.000000 3 3 1
2014-04-21T01:00:00Z 2014-04-21T03:00:00Z 93.000000 123.000000 109.000000 10.000000 1.200000 6.000000 3 3 1
2014-04-21T00:00:00Z 2014-04-21T02:00:00Z 86.000000 115.000000 85.000000 10.000000 0.900000 29.000000 3 3 1
2014-04-20T08:00:00Z 2014-04-20T10:00:00Z 82.000000 83.000000 56.000000 12.000000 0.800000 26.000000 3 2 1
2014-04-20T07:00:00Z 2014-04-20T09:00:00Z 91.000000 98.000000 72.000000 11.000000 0.900000 8.000000 3 2 1
2014-04-20T06:00:00Z 2014-04-20T08:00:00Z 108.000000 140.000000 99.000000 11.000000 1.300000 2.000000 3 3 1
2014-04-20T05:00:00Z 2014-04-20T07:00:00Z 107.000000 142.000000 101.000000 9.000000 1.300000 2.000000 3 3 1
2014-04-20T04:00:00Z 2014-04-20T06:00:00Z 110.000000 173.000000 102.000000 9.000000 1.300000 2.000000 3 3 1
2014-04-20T03:00:00Z 2014-04-20T05:00:00Z 105.000000 178.000000 105.000000 10.000000 1.400000 2.000000 3 3 1
2014-04-20T02:00:00Z 2014-04-20T04:00:00Z 76.000000 76.000000 92.000000 9.000000 1.100000 2.000000 3 3 1
2014-04-20T01:00:00Z 2014-04-20T03:00:00Z 94.000000 122.000000 91.000000 9.000000 1.100000 2.000000 3 3 1
2014-04-20T00:00:00Z 2014-04-20T02:00:00Z 84.000000 109.000000 83.000000 10.000000 0.900000 14.000000 3 3 1
2014-04-19T23:00:00Z 2014-04-20T01:00:00Z 80.000000 96.000000 64.000000 10.000000 0.800000 33.000000 3 3 1
2014-04-19T00:00:00Z 2014-04-19T02:00:00Z 76.000000 109.000000 70.000000 17.000000 0.800000 46.000000 3 2 1
2014-04-18T21:00:00Z 2014-04-18T23:00:00Z 76.000000 100.000000 49.000000 24.000000 1.100000 80.000000 3 2 1
2014-04-18T20:00:00Z 2014-04-18T22:00:00Z 88.000000 138.000000 62.000000 27.000000 1.200000 68.000000 3 2 1
2014-04-18T08:00:00Z 2014-04-18T10:00:00Z 111.000000 152.000000 69.000000 13.000000 1.400000 3.000000 3 5 1
2014-04-17T23:00:00Z 2014-04-18T01:00:00Z 115.000000 139.000000 85.000000 25.000000 1.900000 30.000000 3 4 1
2014-04-17T22:00:00Z 2014-04-18T00:00:00Z 105.000000 123.000000 54.000000 21.000000 1.300000 69.000000 3 4 1
2014-04-17T20:00:00Z 2014-04-17T22:00:00Z 105.000000 121.000000 55.000000 24.000000 1.300000 90.000000 3 3 1
2014-04-17T19:00:00Z 2014-04-17T21:00:00Z 103.000000 113.000000 58.000000 29.000000 1.300000 99.000000 3 4 1
2014-04-17T18:00:00Z 2014-04-17T20:00:00Z 91.000000 113.000000 61.000000 30.000000 1.400000 100.000000 3 3 1
2014-04-17T17:00:00Z 2014-04-17T19:00:00Z 92.000000 101.000000 54.000000 29.000000 1.400000 105.000000 3 3 1
2014-04-17T16:00:00Z 2014-04-17T18:00:00Z 86.000000 105.000000 45.000000 34.000000 1.300000 105.000000 3 3 1
2014-04-17T15:00:00Z 2014-04-17T17:00:00Z 82.000000 95.000000 44.000000 38.000000 1.400000 99.000000 3 3 1
2014-04-17T14:00:00Z 2014-04-17T16:00:00Z 78.000000 94.000000 46.000000 40.000000 1.500000 90.000000 3 3 1
2014-04-17T10:00:00Z 2014-04-17T12:00:00Z 86.000000 110.000000 89.000000 20.000000 1.700000 26.000000 3 3 1
2014-04-17T08:00:00Z 2014-04-17T10:00:00Z 87.000000 118.000000 104.000000 11.000000 1.600000 4.000000 3 3 1
2014-04-17T07:00:00Z 2014-04-17T09:00:00Z 82.000000 130.000000 99.000000 10.000000 1.400000 4.000000 3 3 1
2014-04-17T06:00:00Z 2014-04-17T08:00:00Z 113.000000 140.000000 104.000000 13.000000 1.300000 2.000000 3 3 1
2014-04-17T05:00:00Z 2014-04-17T07:00:00Z 106.000000 208.000000 124.000000 38.000000 1.400000 2.000000 3 3 1
2014-04-17T04:00:00Z 2014-04-17T06:00:00Z 90.000000 178.000000 131.000000 49.000000 1.200000 2.000000 3 3 1
2014-04-17T02:00:00Z 2014-04-17T04:00:00Z 82.000000 108.000000 115.000000 42.000000 1.200000 15.000000 3 3 1
2014-04-17T01:00:00Z 2014-04-17T03:00:00Z 103.000000 175.000000 118.000000 47.000000 1.400000 15.000000 3 2 1
2014-04-17T00:00:00Z 2014-04-17T02:00:00Z 109.000000 187.000000 112.000000 36.000000 1.400000 16.000000 3 3 1
2014-04-16T23:00:00Z 2014-04-17T01:00:00Z 96.000000 182.000000 100.000000 29.000000 1.100000 29.000000 3 3 1
2014-04-16T22:00:00Z 2014-04-17T00:00:00Z 100.000000 148.000000 80.000000 19.000000 1.000000 50.000000 3 3 1
2014-04-16T21:00:00Z 2014-04-16T23:00:00Z 94.000000 151.000000 92.000000 17.000000 1.100000 42.000000 3 3 1
2014-04-15T12:00:00Z 2014-04-15T14:00:00Z 97.000000 110.000000 36.000000 29.000000 1.100000 117.000000 3 2 1
2014-04-15T11:00:00Z 2014-04-15T13:00:00Z 106.000000 129.000000 49.000000 34.000000 1.300000 95.000000 3 3 1
2014-04-15T10:00:00Z 2014-04-15T12:00:00Z 111.000000 142.000000 65.000000 38.000000 1.500000 65.000000 3 3 1
2014-04-15T09:00:00Z 2014-04-15T11:00:00Z 106.000000 158.000000 73.000000 34.000000 1.400000 38.000000 3 3 1
2014-04-14T23:00:00Z 2014-04-15T01:00:00Z 79.000000 116.000000 42.000000 25.000000 0.900000 87.000000 3 2 1
2014-04-13T19:00:00Z 2014-04-13T21:00:00Z 113.000000 126.000000 33.000000 26.000000 1.100000 187.000000 3 5 1
2014-04-02T21:00:00Z 2014-04-02T23:00:00Z 87.000000 157.000000 49.000000 20.000000 0.900000 69.000000 3 2 0
2014-04-02T20:00:00Z 2014-04-02T22:00:00Z 101.000000 190.000000 50.000000 22.000000 1.000000 78.000000 3 2 0
2014-04-02T19:00:00Z 2014-04-02T21:00:00Z 115.000000 206.000000 44.000000 28.000000 1.100000 100.000000 3 3 0
2014-04-02T16:00:00Z 2014-04-02T18:00:00Z 98.000000 144.000000 28.000000 26.000000 1.100000 161.000000 3 4 0
2014-04-02T15:00:00Z 2014-04-02T17:00:00Z 115.000000 169.000000 30.000000 30.000000 1.100000 161.000000 3 4 0
2014-04-02T14:00:00Z 2014-04-02T16:00:00Z 103.000000 159.000000 24.000000 25.000000 0.900000 156.000000 3 3 0
2014-04-02T13:00:00Z 2014-04-02T15:00:00Z 91.000000 102.000000 23.000000 20.000000 0.700000 153.000000 3 3 0
2014-04-02T12:00:00Z 2014-04-02T14:00:00Z 79.000000 123.000000 25.000000 18.000000 0.700000 143.000000 3 3 0
2014-04-02T11:00:00Z 2014-04-02T13:00:00Z 92.000000 104.000000 34.000000 18.000000 0.700000 111.000000 3 3 0
2014-04-02T02:00:00Z 2014-04-02T04:00:00Z 108.000000 136.000000 39.000000 38.000000 0.900000 68.000000 3 4 0
2014-04-02T01:00:00Z 2014-04-02T03:00:00Z 107.000000 144.000000 40.000000 35.000000 0.900000 76.000000 3 4 0
2014-04-02T00:00:00Z 2014-04-02T02:00:00Z 104.000000 162.000000 47.000000 32.000000 0.900000 76.000000 3 3 0
2014-04-01T23:00:00Z 2014-04-02T01:00:00Z 89.000000 152.000000 53.000000 27.000000 0.800000 76.000000 3 3 0
2014-04-01T22:00:00Z 2014-04-02T00:00:00Z 95.000000 136.000000 67.000000 32.000000 0.900000 74.000000 3 3 0
2014-04-01T21:00:00Z 2014-04-01T23:00:00Z 94.000000 139.000000 64.000000 36.000000 1.000000 85.000000 3 3 0
2014-03-31T01:00:00Z 2014-03-31T03:00:00Z 98.000000 211.000000 63.000000 25.000000 1.000000 61.000000 3 5 1
2014-03-28T18:00:00Z 2014-03-28T20:00:00Z 112.000000 168.000000 51.000000 31.000000 1.600000 100.000000 3 4 1
2014-03-28T11:00:00Z 2014-03-28T13:00:00Z 104.000000 114.000000 47.000000 25.000000 1.500000 49.000000 3 3 1
2014-03-28T09:00:00Z 2014-03-28T11:00:00Z 113.000000 126.000000 64.000000 20.000000 1.900000 15.000000 3 3 1
2014-03-27T21:00:00Z 2014-03-27T23:00:00Z 115.000000 224.000000 97.000000 42.000000 2.800000 5.000000 3 4 1
2014-03-27T20:00:00Z 2014-03-27T22:00:00Z 101.000000 201.000000 98.000000 48.000000 2.400000 4.000000 3 4 1
2014-03-27T19:00:00Z 2014-03-27T21:00:00Z 92.000000 167.000000 94.000000 44.000000 2.100000 4.000000 3 3 1
2014-03-27T18:00:00Z 2014-03-27T20:00:00Z 80.000000 136.000000 81.000000 38.000000 1.600000 10.000000 3 3 1
2014-03-27T17:00:00Z 2014-03-27T19:00:00Z 77.000000 109.000000 68.000000 38.000000 1.400000 18.000000 3 3 1
2014-03-25T22:00:00Z 2014-03-26T00:00:00Z 114.000000 164.000000 95.000000 36.000000 1.400000 55.000000 3 5 1
2014-03-23T06:00:00Z 2014-03-23T08:00:00Z 115.000000 178.000000 98.000000 37.000000 2.000000 5.000000 3 4 1
2014-03-23T05:00:00Z 2014-03-23T07:00:00Z 113.000000 169.000000 98.000000 38.000000 1.700000 7.000000 3 4 1
2014-03-23T04:00:00Z 2014-03-23T06:00:00Z 108.000000 153.000000 91.000000 37.000000 1.600000 13.000000 3 3 1
2014-03-23T03:00:00Z 2014-03-23T05:00:00Z 97.000000 156.000000 78.000000 35.000000 1.400000 26.000000 3 3 1
2014-03-23T02:00:00Z 2014-03-23T04:00:00Z 85.000000 121.000000 58.000000 41.000000 1.200000 45.000000 3 3 1
2014-03-23T01:00:00Z 2014-03-23T03:00:00Z 93.000000 134.000000 46.000000 38.000000 1.100000 63.000000 3 3 1
2014-03-22T09:00:00Z 2014-03-22T11:00:00Z 77.000000 171.000000 73.000000 24.000000 1.200000 19.000000 3 2 1
2014-03-22T08:00:00Z 2014-03-22T10:00:00Z 80.000000 176.000000 75.000000 20.000000 1.400000 10.000000 3 2 1
2014-03-22T06:00:00Z 2014-03-22T08:00:00Z 80.000000 185.000000 83.000000 21.000000 1.300000 5.000000 3 3 1
2014-03-22T05:00:00Z 2014-03-22T07:00:00Z 78.000000 184.000000 86.000000 22.000000 1.500000 6.000000 3 2 1
2014-03-22T02:00:00Z 2014-03-22T04:00:00Z 78.000000 175.000000 79.000000 24.000000 0.900000 10.000000 3 2 1
2014-03-22T01:00:00Z 2014-03-22T03:00:00Z 78.000000 164.000000 76.000000 24.000000 0.900000 16.000000 3 2 1
2014-03-22T00:00:00Z 2014-03-22T02:00:00Z 78.000000 158.000000 69.000000 24.000000 0.800000 26.000000 3 3 1
2014-03-17T03:00:00Z 2014-03-17T05:00:00Z 108.000000 139.000000 64.000000 45.000000 1.900000 44.000000 3 4 1
2014-03-17T02:00:00Z 2014-03-17T04:00:00Z 111.000000 126.000000 65.000000 43.000000 1.800000 40.000000 3 4 1
2014-03-16T15:00:00Z 2014-03-16T17:00:00Z 103.000000 228.000000 48.000000 72.000000 1.500000 100.000000 3 4 1
2014-03-16T14:00:00Z 2014-03-16T16:00:00Z 89.000000 178.000000 48.000000 72.000000 1.600000 89.000000 3 4 1
2014-03-16T07:00:00Z 2014-03-16T09:00:00Z 84.000000 112.000000 80.000000 108.000000 3.200000 22.000000 3 2 1
2014-03-16T06:00:00Z 2014-03-16T08:00:00Z 107.000000 145.000000 92.000000 143.000000 3.900000 20.000000 3 2 1
2014-03-15T19:00:00Z 2014-03-15T21:00:00Z 106.000000 162.000000 107.000000 42.000000 1.600000 51.000000 3 5 1
2014-03-15T18:00:00Z 2014-03-15T20:00:00Z 112.000000 136.000000 73.000000 39.000000 1.200000 94.000000 3 4 1
2014-03-15T14:00:00Z 2014-03-15T16:00:00Z 113.000000 169.000000 96.000000 44.000000 1.700000 70.000000 3 4 1
2014-03-15T12:00:00Z 2014-03-15T14:00:00Z 99.000000 141.000000 80.000000 43.000000 1.500000 44.000000 3 3 1
2014-03-15T10:00:00Z 2014-03-15T12:00:00Z 85.000000 153.000000 80.000000 50.000000 1.700000 27.000000 3 3 1
2014-03-15T09:00:00Z 2014-03-15T11:00:00Z 88.000000 162.000000 78.000000 57.000000 1.700000 21.000000 3 3 1
2014-03-15T08:00:00Z 2014-03-15T10:00:00Z 83.000000 167.000000 75.000000 54.000000 1.700000 18.000000 3 3 1
2014-03-15T06:00:00Z 2014-03-15T08:00:00Z 77.000000 146.000000 79.000000 40.000000 2.200000 14.000000 3 3 1
2014-03-15T05:00:00Z 2014-03-15T07:00:00Z 78.000000 157.000000 86.000000 44.000000 2.500000 15.000000 3 2 1
2014-03-15T04:00:00Z 2014-03-15T06:00:00Z 80.000000 117.000000 87.000000 45.000000 2.100000 16.000000 3 3 1
2014-03-10T18:00:00Z 2014-03-10T20:00:00Z 115.000000 125.000000 73.000000 76.000000 2.000000 53.000000 3 4 1
2014-03-10T17:00:00Z 2014-03-10T19:00:00Z 88.000000 110.000000 62.000000 76.000000 1.900000 64.000000 3 4 1
2014-03-10T16:00:00Z 2014-03-10T18:00:00Z 87.000000 115.000000 60.000000 75.000000 1.800000 70.000000 3 3 1
2014-03-10T15:00:00Z 2014-03-10T17:00:00Z 82.000000 99.000000 59.000000 71.000000 1.600000 64.000000 3 3 1
2014-03-10T14:00:00Z 2014-03-10T16:00:00Z 79.000000 105.000000 65.000000 72.000000 1.700000 54.000000 3 3 1
2014-03-10T12:00:00Z 2014-03-10T14:00:00Z 82.000000 96.000000 55.000000 69.000000 1.800000 46.000000 3 3 1
2014-03-09T22:00:00Z 2014-03-10T00:00:00Z 80.000000 105.000000 73.000000 40.000000 1.300000 26.000000 3 2 1
2014-03-09T21:00:00Z 2014-03-09T23:00:00Z 78.000000 100.000000 58.000000 31.000000 1.300000 50.000000 3 2 1
2014-03-09T20:00:00Z 2014-03-09T22:00:00Z 93.000000 117.000000 65.000000 41.000000 1.300000 53.000000 3 3 1
2014-03-09T10:00:00Z 2014-03-09T12:00:00Z 106.000000 132.000000 57.000000 56.000000 1.700000 33.000000 3 4 1
2014-03-08T04:00:00Z 2014-03-08T06:00:00Z 95.000000 128.000000 84.000000 109.000000 3.300000 18.000000 3 4 1
2014-03-08T00:00:00Z 2014-03-08T02:00:00Z 101.000000 170.000000 84.000000 63.000000 1.700000 18.000000 3 4 1
2014-03-02T09:00:00Z 2014-03-02T11:00:00Z 94.000000 105.000000 69.000000 116.000000 3.600000 27.000000 3 4 0
2014-03-02T08:00:00Z 2014-03-02T10:00:00Z 90.000000 98.000000 72.000000 94.000000 3.600000 18.000000 3 4 0
2014-03-02T07:00:00Z 2014-03-02T09:00:00Z 98.000000 102.000000 73.000000 78.000000 3.300000 14.000000 3 3 0
2014-03-02T06:00:00Z 2014-03-02T08:00:00Z 106.000000 121.000000 75.000000 68.000000 3.200000 15.000000 3 3 0
2014-03-02T04:00:00Z 2014-03-02T06:00:00Z 97.000000 116.000000 74.000000 44.000000 2.700000 14.000000 3 3 0
2014-03-01T23:00:00Z 2014-03-02T01:00:00Z 105.000000 130.000000 68.000000 46.000000 1.300000 38.000000 3 4 0
2014-03-01T22:00:00Z 2014-03-02T00:00:00Z 89.000000 112.000000 64.000000 32.000000 1.100000 46.000000 3 4 0
2014-02-28T19:00:00Z 2014-02-28T21:00:00Z 88.000000 98.000000 52.000000 67.000000 1.100000 56.000000 3 3 1
2014-02-28T04:00:00Z 2014-02-28T06:00:00Z 93.000000 126.000000 60.000000 14.000000 1.800000 12.000000 3 2 1
2014-01-16T15:00:00Z 2014-01-16T17:00:00Z 108.000000 124.000000 70.000000 78.000000 1.800000 32.000000 3 6 1
2014-01-15T17:00:00Z 2014-01-15T19:00:00Z 84.000000 105.000000 87.000000 53.000000 1.600000 16.000000 3 6 1
2014-01-15T06:00:00Z 2014-01-15T08:00:00Z 95.000000 112.000000 75.000000 69.000000 2.700000 8.000000 3 2 1
2014-01-14T23:00:00Z 2014-01-15T01:00:00Z 114.000000 126.000000 80.000000 55.000000 2.200000 8.000000 3 4 1
2014-01-14T22:00:00Z 2014-01-15T00:00:00Z 106.000000 123.000000 80.000000 58.000000 2.300000 9.000000 3 4 1
2014-01-14T21:00:00Z 2014-01-14T23:00:00Z 92.000000 106.000000 76.000000 48.000000 2.600000 9.000000 3 3 1
2014-01-14T20:00:00Z 2014-01-14T22:00:00Z 93.000000 106.000000 79.000000 42.000000 2.300000 9.000000 3 3 1
2014-01-14T19:00:00Z 2014-01-14T21:00:00Z 98.000000 111.000000 76.000000 50.000000 1.900000 14.000000 3 3 1
2014-01-14T18:00:00Z 2014-01-14T20:00:00Z 94.000000 107.000000 71.000000 50.000000 1.900000 20.000000 3 3 1
2014-01-14T17:00:00Z 2014-01-14T19:00:00Z 108.000000 128.000000 75.000000 62.000000 2.200000 23.000000 3 3 1
2014-01-14T11:00:00Z 2014-01-14T13:00:00Z 92.000000 118.000000 59.000000 105.000000 2.800000 21.000000 3 3 1
2014-01-14T03:00:00Z 2014-01-14T05:00:00Z 95.000000 103.000000 76.000000 63.000000 2.400000 9.000000 3 1 1
2014-01-14T02:00:00Z 2014-01-14T04:00:00Z 98.000000 106.000000 82.000000 83.000000 2.500000 9.000000 3 2 1
2014-01-13T14:00:00Z 2014-01-13T16:00:00Z 78.000000 89.000000 76.000000 57.000000 1.800000 23.000000 3 3 1
2014-01-10T01:00:00Z 2014-01-10T03:00:00Z 77.000000 85.000000 59.000000 53.000000 3.500000 11.000000 3 2 1
2014-01-10T00:00:00Z 2014-01-10T02:00:00Z 79.000000 89.000000 61.000000 55.000000 1.500000 11.000000 3 2 1
2014-01-05T22:00:00Z 2014-01-06T00:00:00Z 104.000000 195.000000 77.000000 62.000000 2.500000 6.000000 3 4 0
2014-01-04T09:00:00Z 2014-01-04T11:00:00Z 90.000000 98.000000 64.000000 40.000000 2.300000 4.000000 3 4 0
2014-01-04T08:00:00Z 2014-01-04T10:00:00Z 78.000000 80.000000 64.000000 41.000000 2.100000 4.000000 3 4 0
2014-01-04T07:00:00Z 2014-01-04T09:00:00Z 81.000000 94.000000 66.000000 35.000000 2.400000 5.000000 3 3 0
2014-01-04T02:00:00Z 2014-01-04T04:00:00Z 76.000000 94.000000 60.000000 34.000000 1.700000 4.000000 3 2 0
2014-01-04T00:00:00Z 2014-01-04T02:00:00Z 77.000000 123.000000 64.000000 44.000000 1.600000 4.000000 3 3 0
2014-01-02T14:00:00Z 2014-01-02T16:00:00Z 107.000000 128.000000 75.000000 90.000000 2.900000 17.000000 3 4 0
2014-01-02T13:00:00Z 2014-01-02T15:00:00Z 101.000000 125.000000 69.000000 96.000000 3.000000 16.000000 3 4 0
2014-01-02T12:00:00Z 2014-01-02T14:00:00Z 108.000000 118.000000 63.000000 96.000000 3.100000 13.000000 3 3 0
2013-12-31T07:00:00Z 2013-12-31T09:00:00Z 88.000000 161.000000 88.000000 46.000000 4.800000 8.000000 3 2 1
2013-12-31T06:00:00Z 2013-12-31T08:00:00Z 106.000000 145.000000 84.000000 60.000000 4.400000 8.000000 3 2 1
2013-12-31T01:00:00Z 2013-12-31T03:00:00Z 112.000000 112.000000 81.000000 58.000000 3.900000 6.000000 3 4 1
2013-12-31T00:00:00Z 2013-12-31T02:00:00Z 95.000000 95.000000 81.000000 53.000000 2.000000 6.000000 3 4 1
2013-12-30T23:00:00Z 2013-12-31T01:00:00Z 97.000000 100.000000 83.000000 66.000000 1.800000 6.000000 3 3 1
2013-12-30T22:00:00Z 2013-12-31T00:00:00Z 87.000000 89.000000 79.000000 42.000000 1.900000 8.000000 3 3 1
2013-12-30T21:00:00Z 2013-12-30T23:00:00Z 87.000000 107.000000 86.000000 34.000000 3.500000 7.000000 3 3 1
2013-12-30T00:00:00Z 2013-12-30T02:00:00Z 82.000000 99.000000 98.000000 58.000000 2.400000 6.000000 3 1 1
2013-12-29T23:00:00Z 2013-12-30T01:00:00Z 114.000000 130.000000 102.000000 73.000000 3.000000 7.000000 3 2 1
2013-12-29T22:00:00Z 2013-12-30T00:00:00Z 111.000000 153.000000 99.000000 53.000000 3.100000 7.000000 3 3 1
2013-12-29T21:00:00Z 2013-12-29T23:00:00Z 103.000000 137.000000 95.000000 52.000000 2.700000 7.000000 3 3 1
2013-12-29T20:00:00Z 2013-12-29T22:00:00Z 112.000000 148.000000 97.000000 48.000000 2.500000 7.000000 3 3 1
2013-12-29T19:00:00Z 2013-12-29T21:00:00Z 115.000000 163.000000 102.000000 64.000000 3.400000 8.000000 3 3 1
2013-12-29T18:00:00Z 2013-12-29T20:00:00Z 78.000000 125.000000 80.000000 44.000000 1.500000 24.000000 3 3 1
2013-12-25T14:00:00Z 2013-12-25T16:00:00Z 112.000000 162.000000 55.000000 50.000000 1.500000 46.000000 3 2 1
