2014-05-22T11:00:00Z 2014-05-22T13:00:00Z 282.000000 322.000000 80.000000 44.000000 2.700000 152.000000 6 4 1
2014-05-22T09:00:00Z 2014-05-22T11:00:00Z 280.000000 364.000000 94.000000 35.000000 2.500000 49.000000 6 6 1
2014-05-22T08:00:00Z 2014-05-22T10:00:00Z 258.000000 358.000000 110.000000 30.000000 2.200000 13.000000 6 6 1
2014-04-14T21:00:00Z 2014-04-14T23:00:00Z 274.000000 303.000000 90.000000 40.000000 2.200000 97.000000 6 3 1
2014-04-14T13:00:00Z 2014-04-14T15:00:00Z 280.000000 300.000000 97.000000 49.000000 2.300000 150.000000 6 6 1
2014-04-14T10:00:00Z 2014-04-14T12:00:00Z 298.000000 321.000000 102.000000 57.000000 2.500000 34.000000 6 5 1
2014-03-31T14:00:00Z 2014-03-31T16:00:00Z 276.000000 298.000000 89.000000 68.000000 3.300000 93.000000 6 5 1
2014-03-31T13:00:00Z 2014-03-31T15:00:00Z 275.000000 346.000000 97.000000 72.000000 3.600000 69.000000 6 5 1
2014-03-27T12:00:00Z 2014-03-27T14:00:00Z 395.000000 459.000000 124.000000 65.000000 5.300000 5.000000 6 5 1
2014-03-27T10:00:00Z 2014-03-27T12:00:00Z 320.000000 378.000000 105.000000 35.000000 2.600000 5.000000 6 6 1
2014-03-27T08:00:00Z 2014-03-27T10:00:00Z 318.000000 365.000000 118.000000 28.000000 2.700000 4.000000 6 6 1
2014-03-27T07:00:00Z 2014-03-27T09:00:00Z 353.000000 399.000000 137.000000 28.000000 2.600000 4.000000 6 6 1
2014-03-27T06:00:00Z 2014-03-27T08:00:00Z 359.000000 380.000000 145.000000 31.000000 2.500000 4.000000 6 6 1
2014-03-27T05:00:00Z 2014-03-27T07:00:00Z 308.000000 379.000000 147.000000 33.000000 2.800000 4.000000 6 6 1
2014-03-27T04:00:00Z 2014-03-27T06:00:00Z 330.000000 396.000000 159.000000 35.000000 2.900000 4.000000 6 6 1
2014-03-27T03:00:00Z 2014-03-27T05:00:00Z 401.000000 438.000000 168.000000 38.000000 3.100000 5.000000 6 6 1
2014-03-27T02:00:00Z 2014-03-27T04:00:00Z 419.000000 458.000000 179.000000 41.000000 3.200000 5.000000 6 6 1
2014-03-27T01:00:00Z 2014-03-27T03:00:00Z 420.000000 447.000000 179.000000 45.000000 3.800000 7.000000 6 6 1
2014-03-27T00:00:00Z 2014-03-27T02:00:00Z 411.000000 442.000000 168.000000 52.000000 3.500000 7.000000 6 6 1
2014-03-26T23:00:00Z 2014-03-27T01:00:00Z 402.000000 426.000000 135.000000 66.000000 3.000000 39.000000 6 6 1
2014-03-26T22:00:00Z 2014-03-27T00:00:00Z 396.000000 418.000000 136.000000 70.000000 2.600000 47.000000 6 6 1
2014-03-26T21:00:00Z 2014-03-26T23:00:00Z 385.000000 416.000000 109.000000 72.000000 2.500000 78.000000 6 6 1
2014-03-26T20:00:00Z 2014-03-26T22:00:00Z 373.000000 408.000000 82.000000 82.000000 2.400000 112.000000 6 6 1
2014-03-26T19:00:00Z 2014-03-26T21:00:00Z 350.000000 376.000000 72.000000 87.000000 2.300000 139.000000 6 6 1
2014-03-26T18:00:00Z 2014-03-26T20:00:00Z 322.000000 372.000000 60.000000 86.000000 2.000000 163.000000 6 6 1
2014-03-26T17:00:00Z 2014-03-26T19:00:00Z 286.000000 302.000000 46.000000 85.000000 2.000000 188.000000 6 6 1
2014-03-26T16:00:00Z 2014-03-26T18:00:00Z 262.000000 279.000000 42.000000 75.000000 1.700000 188.000000 6 6 1
2014-03-26T15:00:00Z 2014-03-26T17:00:00Z 273.000000 311.000000 94.000000 65.000000 2.100000 161.000000 6 6 1
2014-03-26T13:00:00Z 2014-03-26T15:00:00Z 295.000000 347.000000 124.000000 58.000000 2.400000 76.000000 6 6 1
2014-03-26T11:00:00Z 2014-03-26T13:00:00Z 341.000000 389.000000 137.000000 57.000000 2.800000 24.000000 6 6 1
2014-03-26T10:00:00Z 2014-03-26T12:00:00Z 318.000000 382.000000 138.000000 47.000000 2.800000 12.000000 6 6 1
2014-03-26T09:00:00Z 2014-03-26T11:00:00Z 301.000000 375.000000 130.000000 37.000000 2.700000 9.000000 6 6 1
2014-03-26T08:00:00Z 2014-03-26T10:00:00Z 284.000000 364.000000 127.000000 30.000000 2.600000 7.000000 6 6 1
2014-03-26T07:00:00Z 2014-03-26T09:00:00Z 272.000000 366.000000 140.000000 28.000000 2.600000 6.000000 6 6 1
2014-03-26T06:00:00Z 2014-03-26T08:00:00Z 260.000000 322.000000 144.000000 30.000000 2.400000 5.000000 6 6 1
2014-03-25T05:00:00Z 2014-03-25T07:00:00Z 265.000000 291.000000 109.000000 44.000000 2.100000 21.000000 6 5 1
2014-03-25T03:00:00Z 2014-03-25T05:00:00Z 298.000000 346.000000 156.000000 47.000000 1.900000 6.000000 6 6 1
2014-03-25T02:00:00Z 2014-03-25T04:00:00Z 276.000000 342.000000 156.000000 45.000000 2.900000 5.000000 6 6 1
2014-03-25T01:00:00Z 2014-03-25T03:00:00Z 281.000000 348.000000 162.000000 49.000000 3.100000 8.000000 6 6 1
2014-03-25T00:00:00Z 2014-03-25T02:00:00Z 277.000000 328.000000 154.000000 61.000000 2.400000 11.000000 6 6 1
2014-03-24T23:00:00Z 2014-03-25T01:00:00Z 266.000000 328.000000 152.000000 64.000000 2.200000 16.000000 6 6 1
2014-03-24T13:00:00Z 2014-03-24T15:00:00Z 291.000000 312.000000 124.000000 64.000000 2.500000 61.000000 6 5 1
2014-03-24T11:00:00Z 2014-03-24T13:00:00Z 276.000000 294.000000 91.000000 75.000000 2.400000 49.000000 6 6 1
2014-03-24T10:00:00Z 2014-03-24T12:00:00Z 281.000000 299.000000 95.000000 69.000000 2.400000 31.000000 6 5 1
2014-03-24T09:00:00Z 2014-03-24T11:00:00Z 269.000000 293.000000 98.000000 58.000000 2.500000 14.000000 6 6 1
2014-03-24T07:00:00Z 2014-03-24T09:00:00Z 255.000000 276.000000 98.000000 43.000000 2.400000 6.000000 6 6 1
2014-03-24T06:00:00Z 2014-03-24T08:00:00Z 253.000000 255.000000 102.000000 44.000000 2.400000 5.000000 6 5 1
2014-03-24T04:00:00Z 2014-03-24T06:00:00Z 252.000000 263.000000 106.000000 47.000000 2.500000 5.000000 6 6 1
2014-03-11T11:00:00Z 2014-03-11T13:00:00Z 258.000000 287.000000 100.000000 180.000000 3.400000 46.000000 6 5 1
2014-03-04T01:00:00Z 2014-03-04T03:00:00Z 256.000000 302.000000 97.000000 127.000000 4.500000 26.000000 6 5 0
2014-03-03T16:00:00Z 2014-03-03T18:00:00Z 283.000000 295.000000 98.000000 114.000000 5.300000 31.000000 6 5 0
2014-03-03T15:00:00Z 2014-03-03T17:00:00Z 304.000000 323.000000 102.000000 121.000000 5.800000 33.000000 6 5 0
2014-03-03T14:00:00Z 2014-03-03T16:00:00Z 298.000000 314.000000 100.000000 124.000000 5.700000 36.000000 6 6 0
2014-03-03T13:00:00Z 2014-03-03T15:00:00Z 272.000000 306.000000 93.000000 141.000000 5.500000 36.000000 6 6 0
2014-03-03T12:00:00Z 2014-03-03T14:00:00Z 253.000000 272.000000 93.000000 154.000000 5.700000 32.000000 6 6 0
2014-01-17T23:00:00Z 2014-01-18T01:00:00Z 336.000000 346.000000 97.000000 59.000000 4.300000 8.000000 6 5 1
2014-01-17T22:00:00Z 2014-01-18T00:00:00Z 363.000000 380.000000 104.000000 64.000000 4.300000 8.000000 6 6 1
2014-01-17T21:00:00Z 2014-01-17T23:00:00Z 387.000000 420.000000 110.000000 66.000000 4.400000 9.000000 6 6 1
2014-01-17T19:00:00Z 2014-01-17T21:00:00Z 268.000000 282.000000 106.000000 59.000000 3.500000 9.000000 6 6 1
2014-01-16T21:00:00Z 2014-01-16T23:00:00Z 372.000000 388.000000 101.000000 125.000000 4.700000 6.000000 6 6 1
2014-01-16T20:00:00Z 2014-01-16T22:00:00Z 398.000000 402.000000 112.000000 132.000000 4.500000 7.000000 6 6 1
2014-01-16T18:00:00Z 2014-01-16T20:00:00Z 301.000000 325.000000 115.000000 124.000000 3.300000 9.000000 6 6 1
2014-01-16T11:00:00Z 2014-01-16T13:00:00Z 440.000000 451.000000 131.000000 158.000000 5.000000 12.000000 6 6 1
2014-01-16T10:00:00Z 2014-01-16T12:00:00Z 422.000000 437.000000 129.000000 155.000000 4.800000 10.000000 6 6 1
2014-01-16T09:00:00Z 2014-01-16T11:00:00Z 428.000000 440.000000 118.000000 124.000000 5.000000 8.000000 6 6 1
2014-01-16T07:00:00Z 2014-01-16T09:00:00Z 494.000000 500.000000 133.000000 117.000000 6.200000 10.000000 6 6 1
2014-01-16T05:00:00Z 2014-01-16T07:00:00Z 590.000000 598.000000 135.000000 99.000000 6.900000 11.000000 6 6 1
2014-01-16T04:00:00Z 2014-01-16T06:00:00Z 602.000000 622.000000 153.000000 106.000000 7.700000 13.000000 6 6 1
2014-01-16T03:00:00Z 2014-01-16T05:00:00Z 596.000000 612.000000 152.000000 124.000000 7.300000 13.000000 6 6 1
2014-01-16T01:00:00Z 2014-01-16T03:00:00Z 597.000000 598.000000 140.000000 141.000000 6.400000 12.000000 6 6 1
2014-01-16T00:00:00Z 2014-01-16T02:00:00Z 583.000000 585.000000 145.000000 154.000000 6.000000 13.000000 6 6 1
2014-01-15T23:00:00Z 2014-01-16T01:00:00Z 553.000000 576.000000 148.000000 149.000000 5.700000 12.000000 6 6 1
2013-12-25T12:00:00Z 2013-12-25T14:00:00Z 265.000000 268.000000 131.000000 117.000000 4.600000 17.000000 6 3 1
2013-12-25T05:00:00Z 2013-12-25T07:00:00Z 254.000000 264.000000 150.000000 128.000000 5.100000 10.000000 6 5 1
2013-12-25T03:00:00Z 2013-12-25T05:00:00Z 274.000000 289.000000 144.000000 164.000000 4.200000 8.000000 6 6 1
2013-12-25T02:00:00Z 2013-12-25T04:00:00Z 261.000000 262.000000 133.000000 158.000000 5.100000 8.000000 6 6 1
2013-12-24T22:00:00Z 2013-12-25T00:00:00Z 258.000000 263.000000 140.000000 152.000000 4.900000 9.000000 6 5 1
