2014-10-04T21:00:00Z 2014-10-04T23:00:00Z 56.110000 54.060000 0.930000 0.380000 1022.320000 2.130000 116.000000 3 2 0
2014-10-04T20:00:00Z 2014-10-04T22:00:00Z 56.980000 54.540000 0.920000 0.360000 1021.770000 3.250000 111.000000 3 3 0
2014-10-04T19:00:00Z 2014-10-04T21:00:00Z 58.030000 54.850000 0.890000 0.280000 1020.860000 4.280000 118.000000 3 3 0
2014-10-04T18:00:00Z 2014-10-04T20:00:00Z 59.200000 55.000000 0.860000 0.180000 1019.820000 5.320000 125.000000 3 3 0
2014-10-04T17:00:00Z 2014-10-04T19:00:00Z 60.360000 54.960000 0.820000 0.160000 1018.980000 5.820000 127.000000 3 3 0
2014-10-04T02:00:00Z 2014-10-04T04:00:00Z 59.890000 59.030000 0.970000 1.000000 1017.700000 5.350000 146.000000 3 2 0
2014-10-04T01:00:00Z 2014-10-04T03:00:00Z 60.070000 58.480000 0.940000 1.000000 1017.680000 4.620000 149.000000 3 2 0
2014-10-03T07:00:00Z 2014-10-03T09:00:00Z 53.230000 48.320000 0.830000 0.020000 1019.000000 1.520000 54.000000 3 2 0
2014-10-03T04:00:00Z 2014-10-03T06:00:00Z 52.390000 49.790000 0.910000 0.010000 1018.130000 1.330000 95.000000 3 4 0
2014-10-03T02:00:00Z 2014-10-03T04:00:00Z 51.750000 48.540000 0.890000 0.020000 1017.450000 2.280000 111.000000 3 3 0
2014-10-03T01:00:00Z 2014-10-03T03:00:00Z 52.890000 49.610000 0.890000 0.010000 1017.660000 1.220000 81.000000 3 3 0
2014-10-03T00:00:00Z 2014-10-03T02:00:00Z 54.830000 50.970000 0.870000 0.010000 1017.470000 1.730000 98.000000 3 3 0
2014-10-02T23:00:00Z 2014-10-03T01:00:00Z 55.920000 51.190000 0.840000 0.000000 1016.940000 2.220000 101.000000 3 3 0
2014-10-02T22:00:00Z 2014-10-03T00:00:00Z 56.880000 51.090000 0.810000 0.000000 1016.870000 1.640000 144.000000 3 3 0
2014-10-02T20:00:00Z 2014-10-02T22:00:00Z 58.370000 50.820000 0.760000 0.020000 1015.620000 1.600000 216.000000 3 3 0
2014-10-01T21:00:00Z 2014-10-01T23:00:00Z 52.560000 49.920000 0.910000 1.000000 1015.370000 2.580000 4.000000 3 2 0
2014-10-01T20:00:00Z 2014-10-01T22:00:00Z 52.360000 49.620000 0.900000 1.000000 1015.280000 1.970000 23.000000 3 2 0
2014-10-01T19:00:00Z 2014-10-01T21:00:00Z 52.710000 50.260000 0.910000 1.000000 1015.150000 3.090000 354.000000 3 3 0
2014-10-01T02:00:00Z 2014-10-01T04:00:00Z 50.650000 42.640000 0.740000 0.540000 1020.190000 2.910000 130.000000 3 2 0
2014-09-29T11:00:00Z 2014-09-29T13:00:00Z 71.020000 49.850000 0.470000 0.330000 1019.830000 12.030000 5.000000 3 1 1
2014-09-29T09:00:00Z 2014-09-29T11:00:00Z 67.400000 57.190000 0.700000 0.010000 1018.680000 8.090000 3.000000 3 3 1
2014-09-29T07:00:00Z 2014-09-29T09:00:00Z 60.550000 57.430000 0.890000 0.010000 1017.170000 3.760000 11.000000 3 3 1
2014-09-29T05:00:00Z 2014-09-29T07:00:00Z 55.100000 53.860000 0.960000 0.010000 1014.940000 1.230000 357.000000 3 3 1
2014-09-29T04:00:00Z 2014-09-29T06:00:00Z 54.760000 53.850000 0.970000 0.090000 1015.330000 0.750000 223.000000 3 3 1
2014-09-29T03:00:00Z 2014-09-29T05:00:00Z 55.330000 54.320000 0.960000 0.170000 1015.020000 1.540000 250.000000 3 3 1
2014-09-29T02:00:00Z 2014-09-29T04:00:00Z 55.810000 54.540000 0.960000 0.250000 1014.470000 1.350000 255.000000 3 3 1
2014-09-29T01:00:00Z 2014-09-29T03:00:00Z 57.270000 55.970000 0.950000 0.330000 1014.750000 0.400000 215.000000 3 3 1
2014-09-28T23:00:00Z 2014-09-29T01:00:00Z 58.770000 56.980000 0.940000 0.490000 1014.510000 1.940000 200.000000 3 3 1
2014-09-26T08:00:00Z 2014-09-26T10:00:00Z 62.890000 59.130000 0.880000 0.210000 1011.820000 5.190000 139.000000 3 3 1
2014-09-26T07:00:00Z 2014-09-26T09:00:00Z 61.670000 58.790000 0.900000 0.080000 1012.310000 3.770000 136.000000 3 3 1
2014-09-26T06:00:00Z 2014-09-26T08:00:00Z 59.740000 57.820000 0.930000 0.080000 1012.290000 4.340000 132.000000 3 3 1
2014-09-26T05:00:00Z 2014-09-26T07:00:00Z 58.710000 56.910000 0.940000 0.080000 1012.210000 3.560000 135.000000 3 3 1
2014-09-26T04:00:00Z 2014-09-26T06:00:00Z 58.920000 57.060000 0.940000 0.110000 1012.690000 2.760000 148.000000 3 3 1
2014-09-26T03:00:00Z 2014-09-26T05:00:00Z 59.260000 57.140000 0.930000 0.130000 1013.080000 2.560000 168.000000 3 3 1
2014-09-25T08:00:00Z 2014-09-25T10:00:00Z 61.590000 58.620000 0.900000 0.010000 1018.780000 1.460000 72.000000 3 4 1
2014-09-25T06:00:00Z 2014-09-25T08:00:00Z 57.490000 56.400000 0.960000 0.000000 1018.300000 0.370000 99.000000 3 3 1
2014-09-25T04:00:00Z 2014-09-25T06:00:00Z 55.130000 54.080000 0.960000 0.010000 1017.840000 0.730000 169.000000 3 3 1
2014-09-25T03:00:00Z 2014-09-25T05:00:00Z 55.840000 55.320000 0.980000 0.010000 1017.770000 1.900000 194.000000 3 3 1
2014-09-25T02:00:00Z 2014-09-25T04:00:00Z 56.070000 55.220000 0.970000 0.010000 1017.550000 1.400000 181.000000 3 3 1
2014-09-25T01:00:00Z 2014-09-25T03:00:00Z 57.920000 56.370000 0.950000 0.010000 1017.670000 2.370000 197.000000 3 3 1
2014-09-25T00:00:00Z 2014-09-25T02:00:00Z 59.060000 57.310000 0.940000 0.010000 1017.620000 2.660000 179.000000 3 3 1
2014-09-23T02:00:00Z 2014-09-23T04:00:00Z 64.840000 62.900000 0.930000 0.000000 1018.050000 3.570000 346.000000 3 3 1
2014-09-22T23:00:00Z 2014-09-23T01:00:00Z 66.390000 64.300000 0.930000 0.000000 1018.300000 3.870000 4.000000 3 3 1
2014-09-22T20:00:00Z 2014-09-22T22:00:00Z 66.110000 63.610000 0.920000 0.930000 1018.240000 5.340000 1.000000 3 3 1
2014-09-22T05:00:00Z 2014-09-22T07:00:00Z 66.360000 60.680000 0.820000 0.000000 1018.320000 3.110000 91.000000 3 3 1
2014-09-22T02:00:00Z 2014-09-22T04:00:00Z 66.630000 62.010000 0.850000 0.000000 1018.710000 1.760000 78.000000 3 2 1
2014-09-21T20:00:00Z 2014-09-21T22:00:00Z 69.170000 62.330000 0.790000 0.180000 1018.050000 4.250000 156.000000 3 3 1
2014-09-21T17:00:00Z 2014-09-21T19:00:00Z 72.720000 60.350000 0.650000 0.110000 1016.270000 6.950000 147.000000 3 3 1
2014-09-21T05:00:00Z 2014-09-21T07:00:00Z 61.520000 55.380000 0.800000 0.000000 1016.170000 2.460000 25.000000 3 2 1
2014-09-20T17:00:00Z 2014-09-20T19:00:00Z 76.460000 58.700000 0.540000 0.020000 1008.650000 1.820000 217.000000 3 5 1
2014-09-20T08:00:00Z 2014-09-20T10:00:00Z 65.770000 61.250000 0.850000 0.190000 1010.880000 2.400000 13.000000 3 4 1
2014-09-19T14:00:00Z 2014-09-19T16:00:00Z 75.420000 55.860000 0.510000 0.080000 1010.020000 6.250000 151.000000 3 2 1
2014-09-19T02:00:00Z 2014-09-19T04:00:00Z 55.620000 51.270000 0.850000 0.000000 1015.410000 1.250000 70.000000 3 3 1
2014-09-18T08:00:00Z 2014-09-18T10:00:00Z 62.920000 53.140000 0.700000 0.000000 1022.020000 4.940000 335.000000 3 3 1
2014-09-17T14:00:00Z 2014-09-17T16:00:00Z 71.210000 52.100000 0.510000 0.140000 1020.300000 5.920000 175.000000 3 2 1
2014-09-14T08:00:00Z 2014-09-14T10:00:00Z 66.900000 58.210000 0.740000 0.210000 1017.120000 6.000000 0.000000 3 2 1
2014-09-13T02:00:00Z 2014-09-13T04:00:00Z 65.200000 61.800000 0.890000 0.000000 1015.000000 1.500000 74.000000 3 2 1
2014-09-11T17:00:00Z 2014-09-11T19:00:00Z 76.190000 62.530000 0.630000 0.230000 1012.520000 3.840000 121.000000 3 4 1
2014-09-07T17:00:00Z 2014-09-07T19:00:00Z 81.160000 66.970000 0.620000 0.110000 1005.610000 4.000000 209.000000 3 4 1
2014-09-07T14:00:00Z 2014-09-07T16:00:00Z 84.530000 63.490000 0.490000 0.100000 1006.250000 6.370000 216.000000 3 3 1
2014-09-05T08:00:00Z 2014-09-05T10:00:00Z 70.870000 61.380000 0.720000 0.090000 1010.700000 1.940000 46.000000 3 3 0
2014-09-05T05:00:00Z 2014-09-05T07:00:00Z 63.040000 59.550000 0.880000 0.000000 1008.170000 1.760000 88.000000 3 2 0
2014-09-01T17:00:00Z 2014-09-01T19:00:00Z 72.670000 70.230000 0.920000 0.180000 1010.890000 0.880000 137.000000 3 4 0
2014-09-01T08:00:00Z 2014-09-01T10:00:00Z 71.990000 67.270000 0.850000 0.190000 1013.780000 1.860000 79.000000 3 4 0
2014-09-01T02:00:00Z 2014-09-01T04:00:00Z 69.000000 68.130000 0.970000 0.000000 1013.850000 1.140000 138.000000 3 3 0
2014-08-31T17:00:00Z 2014-08-31T19:00:00Z 72.980000 66.670000 0.810000 0.640000 1011.900000 6.870000 68.000000 3 3 1
2014-08-31T11:00:00Z 2014-08-31T13:00:00Z 73.810000 67.070000 0.800000 0.690000 1013.470000 3.050000 69.000000 3 2 1
2014-08-29T20:00:00Z 2014-08-29T22:00:00Z 71.660000 66.560000 0.840000 0.160000 1015.380000 1.110000 169.000000 3 4 1
2014-08-29T14:00:00Z 2014-08-29T16:00:00Z 78.200000 65.080000 0.640000 0.190000 1015.100000 2.930000 170.000000 3 3 1
2014-08-28T17:00:00Z 2014-08-28T19:00:00Z 78.060000 64.620000 0.630000 0.180000 1013.200000 1.310000 250.000000 3 3 1
2014-08-28T02:00:00Z 2014-08-28T04:00:00Z 73.620000 62.070000 0.670000 0.000000 1013.450000 3.010000 95.000000 3 4 1
2014-08-27T20:00:00Z 2014-08-27T22:00:00Z 76.370000 60.960000 0.590000 0.640000 1012.920000 2.450000 150.000000 3 3 1
2014-08-23T23:00:00Z 2014-08-24T01:00:00Z 73.000000 66.090000 0.790000 0.000000 1006.100000 10.050000 229.000000 3 1 1
2014-08-20T20:00:00Z 2014-08-20T22:00:00Z 81.680000 65.990000 0.590000 0.670000 1007.040000 3.850000 154.000000 3 3 1
2014-08-20T05:00:00Z 2014-08-20T07:00:00Z 69.200000 64.780000 0.860000 0.000000 1009.820000 2.390000 83.000000 3 4 1
2014-08-20T02:00:00Z 2014-08-20T04:00:00Z 72.080000 64.990000 0.780000 0.000000 1009.890000 1.260000 126.000000 3 3 1
2014-08-19T20:00:00Z 2014-08-19T22:00:00Z 81.200000 65.080000 0.580000 0.670000 1009.960000 8.400000 184.000000 3 3 1
2014-08-19T05:00:00Z 2014-08-19T07:00:00Z 67.200000 63.110000 0.870000 0.000000 1012.060000 1.170000 100.000000 3 3 1
2014-08-18T17:00:00Z 2014-08-18T19:00:00Z 84.950000 62.130000 0.470000 0.080000 1010.190000 6.990000 161.000000 3 3 1
2014-08-18T14:00:00Z 2014-08-18T16:00:00Z 85.150000 62.950000 0.480000 0.050000 1011.000000 6.250000 174.000000 3 3 1
2014-08-16T23:00:00Z 2014-08-17T01:00:00Z 77.390000 72.140000 0.840000 0.000000 1007.600000 7.090000 94.000000 3 5 1
2014-08-09T11:00:00Z 2014-08-09T13:00:00Z 83.680000 63.540000 0.510000 0.120000 1006.910000 5.100000 236.000000 3 3 1
2014-08-07T05:00:00Z 2014-08-07T07:00:00Z 67.100000 62.490000 0.850000 0.000000 1009.720000 5.700000 0.000000 3 3 1
2014-08-04T05:00:00Z 2014-08-04T07:00:00Z 77.800000 73.440000 0.870000 0.000000 1001.760000 3.310000 11.000000 3 3 0
2014-08-04T02:00:00Z 2014-08-04T04:00:00Z 78.960000 73.380000 0.830000 0.000000 1001.080000 0.290000 217.000000 3 3 0
2014-08-03T23:00:00Z 2014-08-04T01:00:00Z 79.290000 75.320000 0.880000 0.000000 1001.300000 2.150000 75.000000 3 3 0
2014-08-03T20:00:00Z 2014-08-03T22:00:00Z 81.800000 74.560000 0.790000 0.750000 1001.020000 3.240000 74.000000 3 2 0
2014-08-03T11:00:00Z 2014-08-03T13:00:00Z 91.640000 73.720000 0.560000 0.150000 1001.210000 4.220000 2.000000 3 4 0
2014-08-02T08:00:00Z 2014-08-02T10:00:00Z 81.300000 73.920000 0.780000 0.150000 1004.550000 1.820000 108.000000 3 3 0
2014-08-02T05:00:00Z 2014-08-02T07:00:00Z 76.380000 72.320000 0.870000 0.000000 1004.950000 3.410000 128.000000 3 3 0
2014-08-02T02:00:00Z 2014-08-02T04:00:00Z 78.540000 74.030000 0.860000 0.000000 1004.820000 2.850000 156.000000 3 4 0
2014-07-29T20:00:00Z 2014-07-29T22:00:00Z 84.810000 68.740000 0.590000 0.190000 1000.870000 9.780000 155.000000 3 3 1
2014-07-29T17:00:00Z 2014-07-29T19:00:00Z 89.160000 67.350000 0.490000 0.190000 1000.800000 11.400000 151.000000 3 3 1
2014-07-29T02:00:00Z 2014-07-29T04:00:00Z 79.030000 68.300000 0.700000 0.000000 1003.140000 6.590000 180.000000 3 4 1
2014-07-28T14:00:00Z 2014-07-28T16:00:00Z 95.960000 62.860000 0.340000 0.650000 1002.920000 10.960000 184.000000 3 3 1
2014-07-27T23:00:00Z 2014-07-28T01:00:00Z 81.100000 66.020000 0.600000 0.000000 1005.400000 4.000000 149.000000 3 4 1
2014-07-27T20:00:00Z 2014-07-27T22:00:00Z 85.700000 65.430000 0.510000 0.080000 1005.020000 6.310000 154.000000 3 3 1
2014-07-27T17:00:00Z 2014-07-27T19:00:00Z 92.490000 63.070000 0.380000 0.660000 1004.890000 10.060000 178.000000 3 4 1
2014-07-27T05:00:00Z 2014-07-27T07:00:00Z 73.540000 63.170000 0.700000 0.000000 1010.140000 3.330000 98.000000 3 4 1
2014-07-27T02:00:00Z 2014-07-27T04:00:00Z 77.380000 60.830000 0.570000 0.000000 1009.880000 5.140000 147.000000 3 3 1
2014-07-26T02:00:00Z 2014-07-26T04:00:00Z 72.290000 62.910000 0.720000 0.000000 1006.740000 1.660000 214.000000 3 4 1
2014-07-25T08:00:00Z 2014-07-25T10:00:00Z 79.170000 66.400000 0.650000 0.090000 1006.680000 7.700000 14.000000 3 2 1
2014-07-24T14:00:00Z 2014-07-24T16:00:00Z 83.110000 67.240000 0.590000 0.860000 1005.930000 2.680000 69.000000 3 2 1
2014-07-20T17:00:00Z 2014-07-20T19:00:00Z 93.920000 72.140000 0.500000 0.690000 1001.610000 12.500000 195.000000 3 2 1
2014-07-19T23:00:00Z 2014-07-20T01:00:00Z 87.610000 74.990000 0.660000 0.000000 1007.800000 6.850000 164.000000 3 2 1
2014-07-19T08:00:00Z 2014-07-19T10:00:00Z 86.370000 74.920000 0.690000 0.120000 1009.460000 3.410000 213.000000 3 2 1
2014-07-19T05:00:00Z 2014-07-19T07:00:00Z 79.830000 73.160000 0.800000 0.000000 1008.410000 2.400000 160.000000 3 3 1
2014-07-19T02:00:00Z 2014-07-19T04:00:00Z 81.150000 72.990000 0.760000 0.000000 1007.560000 2.030000 156.000000 3 3 1
2014-07-18T23:00:00Z 2014-07-19T01:00:00Z 83.800000 75.400000 0.760000 0.000000 1007.500000 3.800000 161.000000 3 3 1
2014-07-18T17:00:00Z 2014-07-18T19:00:00Z 92.340000 72.410000 0.530000 0.140000 1005.510000 9.540000 181.000000 3 4 1
2014-07-07T08:00:00Z 2014-07-07T10:00:00Z 80.270000 70.950000 0.730000 0.210000 1004.350000 6.500000 135.000000 3 4 1
2014-07-07T05:00:00Z 2014-07-07T07:00:00Z 74.880000 69.460000 0.830000 0.000000 1004.610000 5.620000 83.000000 3 3 1
2014-07-05T14:00:00Z 2014-07-05T16:00:00Z 87.130000 70.700000 0.580000 0.150000 1006.240000 6.840000 155.000000 3 3 0
2014-07-01T05:00:00Z 2014-07-01T07:00:00Z 74.870000 63.190000 0.670000 0.000000 1005.060000 3.380000 82.000000 3 3 0
2014-06-30T14:00:00Z 2014-06-30T16:00:00Z 93.170000 59.960000 0.330000 0.150000 1005.020000 8.370000 183.000000 3 2 1
2014-06-29T23:00:00Z 2014-06-30T01:00:00Z 78.800000 65.720000 0.640000 0.000000 1005.700000 2.150000 195.000000 3 2 1
2014-06-29T08:00:00Z 2014-06-29T10:00:00Z 80.910000 61.410000 0.520000 0.690000 1006.760000 5.370000 46.000000 3 2 1
2014-06-25T14:00:00Z 2014-06-25T16:00:00Z 77.300000 66.610000 0.700000 0.260000 1003.900000 9.910000 194.000000 3 4 1
2014-06-25T05:00:00Z 2014-06-25T07:00:00Z 72.110000 63.230000 0.740000 0.000000 1002.240000 3.260000 121.000000 3 3 1
2014-06-20T23:00:00Z 2014-06-21T01:00:00Z 69.800000 63.810000 0.810000 0.000000 1008.800000 3.700000 184.000000 3 2 1
2014-06-18T17:00:00Z 2014-06-18T19:00:00Z 84.800000 61.430000 0.460000 0.630000 1000.700000 8.180000 191.000000 3 3 1
2014-06-16T20:00:00Z 2014-06-16T22:00:00Z 78.160000 68.160000 0.710000 0.210000 1001.090000 4.310000 150.000000 3 4 1
2014-06-15T11:00:00Z 2014-06-15T13:00:00Z 87.150000 62.900000 0.450000 0.100000 1004.410000 3.710000 115.000000 3 3 1
2014-06-13T08:00:00Z 2014-06-13T10:00:00Z 80.140000 62.150000 0.540000 0.670000 1008.430000 1.640000 77.000000 3 2 1
2014-06-11T05:00:00Z 2014-06-11T07:00:00Z 62.460000 58.910000 0.880000 0.000000 1011.120000 7.010000 3.000000 3 1 1
2014-06-10T20:00:00Z 2014-06-10T22:00:00Z 69.540000 61.340000 0.750000 0.170000 1009.260000 2.950000 91.000000 3 3 1
2014-06-10T11:00:00Z 2014-06-10T13:00:00Z 77.250000 58.710000 0.530000 0.200000 1009.040000 2.680000 68.000000 3 3 1
2014-06-06T08:00:00Z 2014-06-06T10:00:00Z 76.140000 63.140000 0.640000 0.220000 1004.340000 2.580000 80.000000 3 3 1
2014-06-06T05:00:00Z 2014-06-06T07:00:00Z 71.600000 61.970000 0.720000 0.000000 1004.290000 0.990000 45.000000 3 3 1
2014-06-05T08:00:00Z 2014-06-05T10:00:00Z 75.790000 62.320000 0.630000 0.000000 1006.530000 1.810000 197.000000 3 3 0
2014-06-05T05:00:00Z 2014-06-05T07:00:00Z 66.860000 62.010000 0.840000 0.000000 1006.040000 3.190000 80.000000 3 3 0
2014-05-30T17:00:00Z 2014-05-30T19:00:00Z 89.020000 55.750000 0.330000 0.030000 1004.660000 10.770000 137.000000 3 3 1
2014-05-30T08:00:00Z 2014-05-30T10:00:00Z 85.480000 53.340000 0.330000 0.680000 1006.260000 3.880000 98.000000 3 3 1
2014-05-30T02:00:00Z 2014-05-30T04:00:00Z 75.250000 52.380000 0.450000 0.000000 1002.650000 3.890000 93.000000 3 3 1
2014-05-27T08:00:00Z 2014-05-27T10:00:00Z 84.980000 39.110000 0.200000 0.150000 994.850000 21.650000 274.000000 3 2 1
2014-05-25T11:00:00Z 2014-05-25T13:00:00Z 78.420000 40.650000 0.260000 0.650000 1007.000000 26.060000 303.000000 3 1 1
2014-05-25T02:00:00Z 2014-05-25T04:00:00Z 65.670000 63.480000 0.930000 0.000000 1008.570000 3.260000 143.000000 3 4 1
2014-05-24T23:00:00Z 2014-05-25T01:00:00Z 66.200000 63.930000 0.920000 0.000000 1009.200000 6.680000 119.000000 3 3 1
2014-05-24T20:00:00Z 2014-05-24T22:00:00Z 68.200000 64.040000 0.870000 0.950000 1008.170000 3.630000 76.000000 3 3 1
2014-05-24T17:00:00Z 2014-05-24T19:00:00Z 69.110000 63.670000 0.830000 0.960000 1006.760000 5.610000 110.000000 3 3 1
2014-05-24T14:00:00Z 2014-05-24T16:00:00Z 68.050000 65.180000 0.910000 0.970000 1006.970000 1.800000 118.000000 3 3 1
2014-05-24T11:00:00Z 2014-05-24T13:00:00Z 67.440000 63.750000 0.880000 0.930000 1007.880000 4.160000 140.000000 3 3 1
2014-05-24T08:00:00Z 2014-05-24T10:00:00Z 65.260000 63.450000 0.940000 1.000000 1007.780000 3.610000 128.000000 3 3 1
2014-05-24T05:00:00Z 2014-05-24T07:00:00Z 67.330000 62.900000 0.860000 0.000000 1008.030000 3.900000 177.000000 3 3 1
2014-05-23T08:00:00Z 2014-05-23T10:00:00Z 80.280000 56.220000 0.440000 0.160000 1011.060000 6.710000 200.000000 3 3 1
2014-05-23T05:00:00Z 2014-05-23T07:00:00Z 68.520000 57.570000 0.680000 0.000000 1010.020000 2.740000 13.000000 3 3 1
2014-05-21T11:00:00Z 2014-05-21T13:00:00Z 81.000000 55.430000 0.420000 0.000000 1006.160000 4.090000 119.000000 3 3 1
2014-05-21T05:00:00Z 2014-05-21T07:00:00Z 62.880000 54.860000 0.750000 0.000000 1006.020000 1.640000 115.000000 3 3 1
2014-05-21T02:00:00Z 2014-05-21T04:00:00Z 65.580000 52.420000 0.620000 0.000000 1005.540000 4.370000 23.000000 3 3 1
2014-05-19T20:00:00Z 2014-05-19T22:00:00Z 72.850000 58.060000 0.600000 0.000000 1002.350000 2.830000 110.000000 3 4 1
2014-05-19T05:00:00Z 2014-05-19T07:00:00Z 63.490000 60.340000 0.890000 0.000000 1006.900000 1.480000 62.000000 3 2 1
2014-05-19T02:00:00Z 2014-05-19T04:00:00Z 68.390000 56.800000 0.670000 0.000000 1005.900000 9.240000 10.000000 3 3 1
2014-05-18T17:00:00Z 2014-05-18T19:00:00Z 82.880000 51.090000 0.330000 0.710000 1004.750000 10.590000 205.000000 3 5 1
2014-05-18T14:00:00Z 2014-05-18T16:00:00Z 85.230000 48.820000 0.280000 0.060000 1006.770000 8.110000 163.000000 3 3 1
2014-05-17T11:00:00Z 2014-05-17T13:00:00Z 76.570000 40.080000 0.270000 0.750000 1013.820000 9.320000 144.000000 3 2 1
2014-05-16T05:00:00Z 2014-05-16T07:00:00Z 58.680000 44.820000 0.600000 0.000000 1003.990000 3.560000 358.000000 3 2 1
2014-05-15T23:00:00Z 2014-05-16T01:00:00Z 69.800000 41.900000 0.360000 0.000000 1000.000000 3.220000 40.000000 3 2 1
2014-05-15T20:00:00Z 2014-05-15T22:00:00Z 75.130000 40.370000 0.290000 0.180000 998.600000 5.170000 100.000000 3 3 1
2014-05-15T17:00:00Z 2014-05-15T19:00:00Z 81.280000 36.890000 0.200000 0.130000 997.610000 6.580000 195.000000 3 3 1
2014-05-10T20:00:00Z 2014-05-10T22:00:00Z 62.370000 38.210000 0.410000 0.970000 1015.240000 7.340000 134.000000 3 2 1
2014-05-09T08:00:00Z 2014-05-09T10:00:00Z 62.020000 42.230000 0.480000 0.880000 1014.950000 10.500000 95.000000 3 3 1
2014-05-08T08:00:00Z 2014-05-08T10:00:00Z 62.120000 48.940000 0.620000 0.020000 1016.180000 3.450000 321.000000 3 3 1
2014-05-06T17:00:00Z 2014-05-06T19:00:00Z 68.040000 41.120000 0.370000 0.710000 1003.850000 5.150000 99.000000 3 3 1
2014-05-01T02:00:00Z 2014-05-01T04:00:00Z 63.210000 51.830000 0.660000 0.000000 1007.720000 3.880000 140.000000 3 4 0
2014-04-30T20:00:00Z 2014-04-30T22:00:00Z 72.730000 46.980000 0.400000 0.350000 1007.250000 7.980000 189.000000 3 2 1
2014-04-30T08:00:00Z 2014-04-30T10:00:00Z 65.020000 47.550000 0.530000 0.000000 1010.890000 2.210000 250.000000 3 4 1
2014-04-30T05:00:00Z 2014-04-30T07:00:00Z 54.860000 45.960000 0.720000 0.000000 1009.810000 1.120000 83.000000 3 3 1
2014-04-30T02:00:00Z 2014-04-30T04:00:00Z 57.310000 46.310000 0.670000 0.000000 1010.250000 2.140000 80.000000 3 3 1
2014-04-29T14:00:00Z 2014-04-29T16:00:00Z 80.360000 39.330000 0.230000 0.030000 1011.310000 5.750000 186.000000 3 3 1
2014-04-29T11:00:00Z 2014-04-29T13:00:00Z 72.850000 40.280000 0.310000 0.680000 1014.610000 2.640000 192.000000 3 3 1
2014-04-29T05:00:00Z 2014-04-29T07:00:00Z 49.810000 41.300000 0.720000 0.000000 1015.500000 1.240000 44.000000 3 2 1
2014-04-29T02:00:00Z 2014-04-29T04:00:00Z 55.870000 39.180000 0.530000 0.000000 1016.080000 2.980000 91.000000 3 3 1
2014-04-27T23:00:00Z 2014-04-28T01:00:00Z 60.610000 45.550000 0.580000 0.000000 1022.000000 7.930000 160.000000 3 1 1
2014-04-25T17:00:00Z 2014-04-25T19:00:00Z 71.650000 45.040000 0.390000 0.220000 1015.090000 8.300000 264.000000 3 4 1
2014-04-24T08:00:00Z 2014-04-24T10:00:00Z 63.250000 50.770000 0.640000 0.150000 1014.610000 6.490000 163.000000 3 3 1
2014-04-24T05:00:00Z 2014-04-24T07:00:00Z 59.550000 50.500000 0.720000 0.000000 1012.880000 2.280000 142.000000 3 3 1
2014-04-24T02:00:00Z 2014-04-24T04:00:00Z 60.290000 50.830000 0.710000 0.000000 1012.570000 6.050000 179.000000 3 3 1
2014-04-23T20:00:00Z 2014-04-23T22:00:00Z 65.860000 52.000000 0.610000 0.160000 1009.590000 2.710000 187.000000 3 2 1
2014-04-23T05:00:00Z 2014-04-23T07:00:00Z 57.460000 49.470000 0.750000 0.000000 1010.930000 3.620000 164.000000 3 3 1
2014-04-23T02:00:00Z 2014-04-23T04:00:00Z 62.460000 47.870000 0.590000 0.000000 1010.970000 6.940000 171.000000 3 3 1
2014-04-22T20:00:00Z 2014-04-22T22:00:00Z 71.670000 41.620000 0.340000 0.670000 1010.590000 9.800000 214.000000 3 2 1
2014-04-22T02:00:00Z 2014-04-22T04:00:00Z 49.310000 35.110000 0.580000 0.000000 1016.070000 3.510000 347.000000 3 3 1
2014-04-21T17:00:00Z 2014-04-21T19:00:00Z 73.630000 27.390000 0.180000 0.700000 1013.740000 8.320000 233.000000 3 2 1
2014-04-21T11:00:00Z 2014-04-21T13:00:00Z 71.710000 23.780000 0.160000 0.700000 1017.690000 3.260000 16.000000 3 2 1
2014-04-21T05:00:00Z 2014-04-21T07:00:00Z 47.540000 36.240000 0.650000 0.000000 1016.720000 5.110000 342.000000 3 2 1
2014-04-21T02:00:00Z 2014-04-21T04:00:00Z 48.760000 38.920000 0.690000 0.000000 1016.570000 0.260000 278.000000 3 3 1
2014-04-20T08:00:00Z 2014-04-20T10:00:00Z 54.310000 37.800000 0.540000 0.140000 1018.750000 5.960000 333.000000 3 2 1
2014-04-20T05:00:00Z 2014-04-20T07:00:00Z 41.800000 37.680000 0.850000 0.000000 1018.420000 5.020000 355.000000 3 3 1
2014-04-20T02:00:00Z 2014-04-20T04:00:00Z 45.160000 40.650000 0.840000 0.000000 1018.660000 1.960000 56.000000 3 3 1
2014-04-19T23:00:00Z 2014-04-20T01:00:00Z 46.390000 40.990000 0.810000 0.000000 1018.700000 3.610000 90.000000 3 3 1
2014-04-18T20:00:00Z 2014-04-18T22:00:00Z 56.870000 39.910000 0.530000 0.730000 1020.660000 7.880000 142.000000 3 2 1
2014-04-18T08:00:00Z 2014-04-18T10:00:00Z 57.360000 51.030000 0.790000 0.070000 1020.130000 1.780000 33.000000 3 5 1
2014-04-17T23:00:00Z 2014-04-18T01:00:00Z 58.510000 50.020000 0.730000 0.000000 1016.700000 3.560000 154.000000 3 4 1
2014-04-17T20:00:00Z 2014-04-17T22:00:00Z 58.650000 49.710000 0.720000 0.190000 1014.400000 3.130000 130.000000 3 3 1
2014-04-17T17:00:00Z 2014-04-17T19:00:00Z 59.850000 49.590000 0.690000 0.210000 1012.700000 4.640000 145.000000 3 3 1
2014-04-17T14:00:00Z 2014-04-17T16:00:00Z 62.180000 48.480000 0.610000 0.190000 1012.590000 2.930000 51.000000 3 3 1
2014-04-17T11:00:00Z 2014-04-17T13:00:00Z 53.170000 45.490000 0.750000 1.000000 1013.860000 5.760000 354.000000 3 2 1
2014-04-17T08:00:00Z 2014-04-17T10:00:00Z 52.400000 45.320000 0.770000 0.930000 1012.740000 3.000000 65.000000 3 3 1
2014-04-17T05:00:00Z 2014-04-17T07:00:00Z 54.140000 40.620000 0.600000 0.000000 1010.820000 7.440000 212.000000 3 3 1
2014-04-17T02:00:00Z 2014-04-17T04:00:00Z 57.520000 32.180000 0.380000 0.000000 1009.660000 4.100000 74.000000 3 3 1
2014-04-16T23:00:00Z 2014-04-17T01:00:00Z 60.310000 32.800000 0.350000 0.000000 1010.400000 2.080000 118.000000 3 3 1
2014-04-15T11:00:00Z 2014-04-15T13:00:00Z 70.310000 44.360000 0.390000 0.160000 1020.470000 11.920000 118.000000 3 3 1
2014-04-14T23:00:00Z 2014-04-15T01:00:00Z 66.200000 46.120000 0.480000 0.000000 1014.900000 4.250000 193.000000 3 2 1
2014-04-02T20:00:00Z 2014-04-02T22:00:00Z 57.730000 30.360000 0.350000 0.750000 1020.060000 2.580000 160.000000 3 2 0
2014-04-02T14:00:00Z 2014-04-02T16:00:00Z 71.420000 32.480000 0.240000 0.670000 1014.560000 8.610000 84.000000 3 3 0
2014-04-02T11:00:00Z 2014-04-02T13:00:00Z 69.840000 30.900000 0.240000 0.130000 1014.640000 7.150000 67.000000 3 3 0
2014-04-02T02:00:00Z 2014-04-02T04:00:00Z 54.660000 36.620000 0.500000 0.000000 1010.530000 1.100000 238.000000 3 4 0
2014-04-01T23:00:00Z 2014-04-02T01:00:00Z 59.690000 37.680000 0.440000 0.000000 1009.700000 2.870000 104.000000 3 3 0
2014-03-31T17:00:00Z 2014-03-31T19:00:00Z 67.130000 36.320000 0.320000 0.880000 1013.610000 9.320000 296.000000 3 2 1
2014-03-28T11:00:00Z 2014-03-28T13:00:00Z 62.700000 46.370000 0.550000 0.160000 1007.880000 6.190000 0.000000 3 3 1
2014-03-27T20:00:00Z 2014-03-27T22:00:00Z 55.400000 39.990000 0.560000 0.190000 1009.260000 1.930000 357.000000 3 4 1
2014-03-27T17:00:00Z 2014-03-27T19:00:00Z 61.250000 37.060000 0.410000 0.190000 1009.120000 2.520000 116.000000 3 3 1
2014-03-23T05:00:00Z 2014-03-23T07:00:00Z 41.030000 24.910000 0.520000 0.000000 1025.580000 1.680000 94.000000 3 4 1
2014-03-23T02:00:00Z 2014-03-23T04:00:00Z 45.070000 21.220000 0.380000 0.000000 1025.510000 1.910000 95.000000 3 3 1
2014-03-22T08:00:00Z 2014-03-22T10:00:00Z 51.910000 15.060000 0.230000 0.000000 1017.630000 4.600000 316.000000 3 2 1
2014-03-22T05:00:00Z 2014-03-22T07:00:00Z 38.400000 18.320000 0.440000 0.000000 1015.980000 2.470000 329.000000 3 2 1
2014-03-22T02:00:00Z 2014-03-22T04:00:00Z 43.340000 18.310000 0.360000 0.000000 1015.840000 2.200000 355.000000 3 2 1
2014-03-17T02:00:00Z 2014-03-17T04:00:00Z 41.940000 27.220000 0.560000 0.000000 1011.100000 2.860000 341.000000 3 4 1
2014-03-16T14:00:00Z 2014-03-16T16:00:00Z 61.530000 18.010000 0.180000 0.670000 1014.390000 8.030000 119.000000 3 4 1
2014-03-15T14:00:00Z 2014-03-15T16:00:00Z 68.410000 8.450000 0.090000 0.280000 1009.240000 0.940000 97.000000 3 4 1
2014-03-15T08:00:00Z 2014-03-15T10:00:00Z 43.610000 11.630000 0.270000 0.630000 1011.380000 1.910000 357.000000 3 3 1
2014-03-10T17:00:00Z 2014-03-10T19:00:00Z 46.300000 21.110000 0.360000 0.150000 1019.540000 6.380000 148.000000 3 4 1
2014-03-10T14:00:00Z 2014-03-10T16:00:00Z 46.410000 19.150000 0.330000 0.670000 1021.500000 5.410000 84.000000 3 3 1
2014-03-02T08:00:00Z 2014-03-02T10:00:00Z 30.220000 16.690000 0.570000 0.000000 1024.390000 1.980000 31.000000 3 4 0
2014-03-01T23:00:00Z 2014-03-02T01:00:00Z 36.000000 14.290000 0.400000 0.000000 1022.500000 9.930000 112.000000 3 4 0
2014-02-28T20:00:00Z 2014-02-28T22:00:00Z 33.570000 19.580000 0.560000 0.170000 1024.390000 2.530000 189.000000 3 3 1
2014-02-28T17:00:00Z 2014-02-28T19:00:00Z 39.480000 15.930000 0.380000 0.210000 1023.350000 4.620000 157.000000 3 3 1
2014-02-19T05:00:00Z 2014-02-19T07:00:00Z 19.240000 12.470000 0.740000 0.000000 1028.920000 3.280000 4.000000 3 2 1
2014-02-18T11:00:00Z 2014-02-18T13:00:00Z 32.560000 10.570000 0.390000 0.160000 1034.020000 7.230000 202.000000 3 3 1
2014-02-17T20:00:00Z 2014-02-17T22:00:00Z 30.700000 5.740000 0.340000 0.770000 1035.920000 9.920000 179.000000 3 2 1
2014-02-17T14:00:00Z 2014-02-17T16:00:00Z 39.520000 1.860000 0.200000 0.700000 1034.230000 4.240000 163.000000 3 2 1
2014-02-17T11:00:00Z 2014-02-17T13:00:00Z 37.200000 4.120000 0.240000 0.750000 1036.760000 7.270000 129.000000 3 3 1
2014-02-17T02:00:00Z 2014-02-17T04:00:00Z 29.240000 16.010000 0.570000 0.000000 1033.900000 0.770000 107.000000 3 2 1
2014-02-12T17:00:00Z 2014-02-12T19:00:00Z 34.680000 1.600000 0.240000 0.610000 1032.670000 3.160000 189.000000 3 5 1
2014-02-11T14:00:00Z 2014-02-11T16:00:00Z 32.000000 1.270000 0.260000 0.030000 1026.500000 6.090000 193.000000 3 4 1
2014-02-11T05:00:00Z 2014-02-11T07:00:00Z 9.440000 0.130000 0.650000 0.000000 1029.630000 1.140000 351.000000 3 3 1
2014-02-11T02:00:00Z 2014-02-11T04:00:00Z 11.920000 2.600000 0.650000 0.000000 1031.190000 0.990000 84.000000 3 3 1
2014-02-07T20:00:00Z 2014-02-07T22:00:00Z 24.170000 19.710000 0.830000 0.980000 1025.080000 5.950000 139.000000 3 3 1
2014-02-07T17:00:00Z 2014-02-07T19:00:00Z 26.220000 20.450000 0.780000 1.000000 1024.440000 4.650000 150.000000 3 3 1
2014-02-07T14:00:00Z 2014-02-07T16:00:00Z 26.890000 20.860000 0.780000 1.000000 1025.320000 6.510000 106.000000 3 3 1
2014-02-07T11:00:00Z 2014-02-07T13:00:00Z 24.750000 19.460000 0.800000 0.970000 1028.570000 4.400000 84.000000 3 3 1
2014-02-07T08:00:00Z 2014-02-07T10:00:00Z 24.220000 19.440000 0.820000 1.000000 1029.070000 1.790000 139.000000 3 3 1
2014-02-06T23:00:00Z 2014-02-07T01:00:00Z 28.000000 19.560000 0.700000 0.000000 1031.500000 3.630000 174.000000 3 3 1
2014-02-06T17:00:00Z 2014-02-06T19:00:00Z 30.800000 8.980000 0.390000 0.230000 1029.830000 3.850000 115.000000 3 3 1
2014-02-06T14:00:00Z 2014-02-06T16:00:00Z 34.680000 7.920000 0.320000 0.170000 1029.120000 2.960000 94.000000 3 3 1
2014-02-05T23:00:00Z 2014-02-06T01:00:00Z 25.000000 10.550000 0.540000 0.000000 1029.300000 1.880000 56.000000 3 4 0
2014-02-05T20:00:00Z 2014-02-05T22:00:00Z 26.230000 8.370000 0.460000 0.100000 1028.840000 1.660000 126.000000 3 3 0
2014-02-05T17:00:00Z 2014-02-05T19:00:00Z 29.830000 6.470000 0.360000 0.750000 1027.480000 3.470000 134.000000 3 3 0
2014-02-05T14:00:00Z 2014-02-05T16:00:00Z 33.490000 3.980000 0.280000 0.080000 1026.990000 6.050000 172.000000 3 3 0
2014-02-05T11:00:00Z 2014-02-05T13:00:00Z 28.880000 -2.460000 0.250000 0.080000 1030.700000 1.880000 256.000000 3 3 0
2014-02-04T23:00:00Z 2014-02-05T01:00:00Z 23.390000 -9.170000 0.230000 0.000000 1030.100000 1.460000 91.000000 3 2 0
2014-02-04T20:00:00Z 2014-02-04T22:00:00Z 25.540000 -14.380000 0.160000 0.750000 1029.290000 1.290000 102.000000 3 3 0
2014-02-01T20:00:00Z 2014-02-01T22:00:00Z 35.410000 29.710000 0.790000 0.730000 1014.300000 5.470000 171.000000 3 4 0
2014-02-01T14:00:00Z 2014-02-01T16:00:00Z 38.180000 27.450000 0.650000 0.930000 1015.520000 4.930000 164.000000 3 4 0
2014-01-31T14:00:00Z 2014-01-31T16:00:00Z 35.900000 21.030000 0.540000 0.210000 1018.000000 2.180000 67.000000 3 4 1
2014-01-31T11:00:00Z 2014-01-31T13:00:00Z 33.290000 19.510000 0.560000 0.200000 1020.540000 4.870000 32.000000 3 2 1
2014-01-31T08:00:00Z 2014-01-31T10:00:00Z 25.210000 17.920000 0.730000 0.200000 1020.580000 6.490000 9.000000 3 3 1
2014-01-28T17:00:00Z 2014-01-28T19:00:00Z 35.820000 10.530000 0.340000 0.750000 1025.420000 8.560000 174.000000 3 2 1
2014-01-27T08:00:00Z 2014-01-27T10:00:00Z 21.540000 14.640000 0.740000 0.070000 1018.200000 5.080000 341.000000 3 4 1
2014-01-27T05:00:00Z 2014-01-27T07:00:00Z 19.090000 11.810000 0.730000 0.000000 1018.010000 2.020000 18.000000 3 3 1
2014-01-27T02:00:00Z 2014-01-27T04:00:00Z 21.080000 14.840000 0.760000 0.000000 1019.900000 0.680000 199.000000 3 3 1
2014-01-26T20:00:00Z 2014-01-26T22:00:00Z 29.590000 12.260000 0.480000 0.280000 1023.750000 5.360000 140.000000 3 3 1
2014-01-24T14:00:00Z 2014-01-24T16:00:00Z 46.750000 1.980000 0.150000 0.900000 1017.440000 7.750000 5.000000 3 2 1
2014-01-22T11:00:00Z 2014-01-22T13:00:00Z 32.110000 -1.720000 0.230000 0.000000 1025.860000 0.920000 21.000000 3 3 1
2014-01-22T08:00:00Z 2014-01-22T10:00:00Z 17.990000 1.570000 0.480000 0.000000 1026.420000 2.640000 12.000000 3 3 1
2014-01-22T05:00:00Z 2014-01-22T07:00:00Z 16.330000 -0.690000 0.460000 0.000000 1025.910000 2.470000 349.000000 3 3 1
2014-01-21T20:00:00Z 2014-01-21T22:00:00Z 26.870000 -1.710000 0.280000 0.000000 1029.550000 3.260000 152.000000 3 4 1
2014-01-18T23:00:00Z 2014-01-19T01:00:00Z 27.900000 16.760000 0.620000 0.000000 1031.000000 6.620000 122.000000 3 4 1
2014-01-18T20:00:00Z 2014-01-18T22:00:00Z 32.050000 8.170000 0.360000 0.030000 1031.630000 4.010000 152.000000 3 4 1
2014-01-18T17:00:00Z 2014-01-18T19:00:00Z 34.980000 10.310000 0.350000 0.060000 1032.050000 6.790000 168.000000 3 3 1
2014-01-17T11:00:00Z 2014-01-17T13:00:00Z 31.950000 13.660000 0.460000 0.390000 1033.150000 2.030000 246.000000 3 2 1
2014-01-15T17:00:00Z 2014-01-15T19:00:00Z 33.420000 3.040000 0.270000 0.690000 1029.280000 3.030000 154.000000 3 6 1
2014-01-14T23:00:00Z 2014-01-15T01:00:00Z 19.200000 9.980000 0.670000 0.000000 1034.200000 2.030000 150.000000 3 4 1
2014-01-14T20:00:00Z 2014-01-14T22:00:00Z 25.120000 6.530000 0.440000 0.000000 1034.540000 1.510000 219.000000 3 3 1
2014-01-14T17:00:00Z 2014-01-14T19:00:00Z 32.740000 3.760000 0.290000 0.000000 1033.730000 6.910000 205.000000 3 3 1
2014-01-14T11:00:00Z 2014-01-14T13:00:00Z 29.280000 0.930000 0.290000 0.680000 1036.390000 0.550000 159.000000 3 3 1
2014-01-14T02:00:00Z 2014-01-14T04:00:00Z 14.120000 -2.050000 0.480000 0.000000 1033.910000 6.520000 353.000000 3 2 1
2014-01-13T14:00:00Z 2014-01-13T16:00:00Z 35.790000 -3.500000 0.180000 0.000000 1030.130000 1.570000 198.000000 3 3 1
2014-01-13T05:00:00Z 2014-01-13T07:00:00Z 12.510000 -0.750000 0.540000 0.000000 1033.800000 1.010000 197.000000 3 2 1
2014-01-13T02:00:00Z 2014-01-13T04:00:00Z 14.450000 -2.120000 0.470000 0.000000 1034.780000 2.360000 344.000000 3 3 1
2014-01-11T14:00:00Z 2014-01-11T16:00:00Z 39.000000 -2.590000 0.170000 0.680000 1028.620000 2.390000 237.000000 3 5 1
2014-01-11T08:00:00Z 2014-01-11T10:00:00Z 13.360000 -0.020000 0.540000 0.070000 1032.990000 2.350000 353.000000 3 2 1
2014-01-11T02:00:00Z 2014-01-11T04:00:00Z 14.820000 -0.030000 0.510000 0.000000 1032.720000 1.070000 3.000000 3 5 1
2014-01-06T08:00:00Z 2014-01-06T10:00:00Z 25.980000 20.200000 0.780000 0.900000 1027.810000 3.940000 122.000000 3 3 1
2014-01-05T08:00:00Z 2014-01-05T10:00:00Z 23.760000 15.150000 0.690000 0.000000 1024.840000 6.720000 329.000000 3 3 0
2014-01-04T08:00:00Z 2014-01-04T10:00:00Z 24.750000 17.040000 0.720000 0.290000 1025.370000 1.480000 98.000000 3 4 0
2014-01-04T02:00:00Z 2014-01-04T04:00:00Z 26.270000 17.850000 0.700000 0.000000 1025.560000 1.630000 75.000000 3 2 0
2014-01-02T14:00:00Z 2014-01-02T16:00:00Z 44.760000 17.020000 0.320000 0.030000 1016.410000 2.630000 70.000000 3 4 0
2013-12-30T23:00:00Z 2013-12-31T01:00:00Z 36.900000 -3.780000 0.170000 0.000000 1014.600000 3.950000 203.000000 3 3 1
2013-12-29T23:00:00Z 2013-12-30T01:00:00Z 35.800000 -7.970000 0.140000 0.000000 1017.600000 7.910000 355.000000 3 2 1
2013-12-29T20:00:00Z 2013-12-29T22:00:00Z 33.370000 -5.350000 0.180000 0.000000 1018.010000 6.320000 278.000000 3 3 1
2013-12-25T14:00:00Z 2013-12-25T16:00:00Z 41.470000 8.670000 0.250000 0.100000 1025.400000 12.520000 321.000000 3 2 1
