2014-01-02T13:00:00Z 45.110000 16.140000 0.310000 0.000000 -1.000000 2.000000 280.000000
2014-01-02T12:00:00Z 43.110000 15.960000 0.330000 0.000000 -1.000000 4.000000 240.000000
2014-01-02T11:00:00Z 40.220000 16.140000 0.370000 0.000000 1020.560000 1.400000 74.000000
2014-01-02T10:00:00Z 37.070000 18.560000 0.470000 0.000000 -1.000000 2.000000 70.000000
2014-01-02T09:00:00Z 34.000000 19.490000 0.550000 0.000000 -1.000000 6.710000 1.000000
2014-01-02T08:00:00Z 26.260000 18.100000 0.710000 0.000000 1021.040000 3.250000 0.000000
2014-01-04T11:00:00Z 31.630000 19.670000 0.610000 0.030000 1024.090000 3.200000 45.000000
2014-01-04T10:00:00Z 30.250000 23.030000 0.740000 0.000000 -1.000000 2.150000 147.000000
2014-01-04T09:00:00Z 28.220000 21.260000 0.750000 0.000000 -1.000000 2.030000 117.000000
2014-01-04T08:00:00Z 25.900000 17.920000 0.710000 0.300000 1025.280000 1.730000 87.000000
2014-01-04T07:00:00Z 26.930000 18.960000 0.710000 0.000000 -1.000000 1.930000 74.000000
2014-01-04T06:00:00Z 23.140000 18.240000 0.810000 0.000000 -1.000000 1.980000 134.000000
2014-01-06T11:00:00Z 31.140000 24.230000 0.750000 0.960000 1027.850000 5.810000 152.000000
2014-01-06T10:00:00Z 29.930000 23.130000 0.750000 0.000000 -1.000000 6.680000 149.000000
2014-01-06T09:00:00Z 29.820000 23.070000 0.760000 0.000000 -1.000000 6.740000 139.000000
2014-01-06T08:00:00Z 28.080000 21.650000 0.760000 0.960000 1027.690000 5.580000 127.000000
2014-01-06T07:00:00Z 29.680000 22.930000 0.760000 0.000000 -1.000000 3.720000 140.000000
2014-01-06T06:00:00Z 29.750000 23.000000 0.760000 0.000000 -1.000000 3.840000 129.000000
2014-01-13T16:00:00Z 34.070000 -7.620000 0.160000 0.000000 -1.000000 1.870000 91.000000
2014-01-13T15:00:00Z 36.960000 -7.940000 0.140000 0.000000 -1.000000 4.000000 250.000000
2014-01-13T14:00:00Z 36.410000 -6.470000 0.150000 0.000000 1029.950000 1.540000 163.000000
2014-01-13T13:00:00Z 36.000000 -7.190000 0.150000 0.000000 -1.000000 -1.000000 -1.000000
2014-01-13T12:00:00Z 34.000000 -5.070000 0.180000 0.000000 -1.000000 -1.000000 -1.000000
2014-01-13T11:00:00Z 29.230000 -0.850000 0.270000 0.000000 1033.040000 1.500000 100.000000
2014-01-14T21:00:00Z 21.140000 7.480000 0.550000 0.000000 -1.000000 1.960000 134.000000
2014-01-14T20:00:00Z 26.090000 6.650000 0.430000 0.000000 1034.250000 1.720000 208.000000
2014-01-14T19:00:00Z 31.820000 5.580000 0.320000 0.000000 -1.000000 2.000000 50.000000
2014-01-14T18:00:00Z 31.860000 7.450000 0.350000 0.000000 -1.000000 0.000000 -1.000000
2014-01-14T17:00:00Z 33.410000 3.110000 0.270000 0.000000 1033.610000 8.060000 202.000000
2014-01-14T16:00:00Z 35.930000 -1.330000 0.200000 0.000000 -1.000000 0.000000 -1.000000
2014-01-15T17:00:00Z 33.720000 -1.700000 0.210000 0.730000 1029.130000 2.470000 152.000000
2014-01-15T16:00:00Z 36.890000 -6.070000 0.150000 0.000000 -1.000000 3.920000 141.000000
2014-01-15T15:00:00Z 40.820000 -6.040000 0.130000 0.000000 -1.000000 4.000000 200.000000
2014-01-15T14:00:00Z 40.220000 -2.130000 0.160000 0.690000 1029.560000 1.520000 108.000000
2014-01-15T13:00:00Z 38.890000 -6.120000 0.140000 0.000000 -1.000000 4.000000 230.000000
2014-01-15T12:00:00Z 38.890000 -5.000000 0.150000 0.000000 -1.000000 9.000000 240.000000
2014-01-22T16:00:00Z 39.000000 -5.370000 0.150000 0.000000 -1.000000 4.000000 170.000000
2014-01-22T15:00:00Z 42.930000 -7.070000 0.110000 0.000000 -1.000000 7.000000 210.000000
2014-01-22T14:00:00Z 40.780000 -4.610000 0.140000 0.020000 1021.690000 1.820000 97.000000
2014-01-22T13:00:00Z 39.000000 -5.580000 0.140000 0.000000 -1.000000 -1.000000 -1.000000
2014-01-22T12:00:00Z 36.960000 -3.300000 0.170000 0.000000 -1.000000 -1.000000 -1.000000
2014-01-22T11:00:00Z 33.090000 -2.840000 0.210000 0.000000 1025.610000 1.510000 21.000000
2014-01-29T11:00:00Z 31.640000 17.980000 0.560000 0.050000 1014.680000 3.500000 72.000000
2014-01-29T10:00:00Z 30.220000 18.010000 0.600000 0.000000 -1.000000 9.000000 200.000000
2014-01-29T09:00:00Z 28.220000 19.250000 0.690000 0.000000 -1.000000 7.000000 190.000000
2014-01-29T08:00:00Z 22.340000 15.380000 0.740000 0.040000 1016.140000 3.530000 156.000000
2014-01-29T07:00:00Z 18.320000 12.280000 0.770000 0.000000 -1.000000 1.930000 70.000000
2014-01-29T06:00:00Z 18.360000 12.260000 0.770000 0.000000 -1.000000 6.610000 0.000000
2014-01-30T18:00:00Z 36.820000 -7.120000 0.150000 -1.000000 -1.000000 4.170000 159.000000
2014-01-30T17:00:00Z 38.580000 -4.480000 0.150000 0.450000 1017.790000 6.700000 173.000000
2014-01-30T16:00:00Z 44.710000 -8.230000 0.100000 0.000000 -1.000000 9.140000 169.000000
2014-01-30T15:00:00Z 45.750000 -9.860000 0.090000 0.000000 -1.000000 16.000000 150.000000
2014-01-30T14:00:00Z 45.320000 -10.730000 0.090000 0.000000 1017.900000 6.430000 141.000000
2014-01-30T13:00:00Z 44.930000 -16.330000 0.070000 0.000000 -1.000000 11.000000 110.000000
2014-01-31T16:00:00Z 36.890000 21.350000 0.530000 0.000000 -1.000000 4.000000 60.000000
2014-01-31T15:00:00Z 36.890000 23.370000 0.580000 0.000000 -1.000000 3.860000 129.000000
2014-01-31T14:00:00Z 36.480000 20.970000 0.530000 0.100000 1018.000000 2.060000 69.000000
2014-01-31T13:00:00Z 36.820000 19.460000 0.490000 0.000000 -1.000000 7.000000 20.000000
2014-01-31T12:00:00Z 36.750000 18.560000 0.470000 0.000000 -1.000000 7.000000 20.000000
2014-01-31T11:00:00Z 34.710000 19.350000 0.530000 0.090000 1020.470000 5.990000 37.000000
2014-02-05T22:00:00Z 27.000000 10.290000 0.490000 0.000000 -1.000000 3.900000 101.000000
2014-02-05T21:00:00Z 25.070000 10.120000 0.520000 0.000000 -1.000000 1.970000 112.000000
2014-02-05T20:00:00Z 26.600000 9.110000 0.470000 0.040000 1028.650000 1.730000 105.000000
2014-02-05T19:00:00Z 27.000000 10.110000 0.480000 -1.000000 -1.000000 2.030000 97.000000
2014-02-05T18:00:00Z 28.000000 9.930000 0.460000 -1.000000 -1.000000 2.150000 107.000000
2014-02-05T17:00:00Z 29.900000 7.880000 0.390000 0.750000 1027.430000 2.680000 136.000000
2014-02-11T14:00:00Z 31.970000 1.110000 0.260000 0.010000 1026.440000 6.520000 186.000000
2014-02-11T13:00:00Z 32.000000 2.630000 0.280000 0.000000 -1.000000 9.000000 250.000000
2014-02-11T12:00:00Z 30.070000 3.060000 0.310000 0.000000 -1.000000 -1.000000 -1.000000
2014-02-11T11:00:00Z 27.340000 2.820000 0.340000 0.330000 1029.430000 3.080000 124.000000
2014-02-11T10:00:00Z 25.180000 3.160000 0.380000 0.000000 -1.000000 9.000000 240.000000
2014-02-11T09:00:00Z 21.140000 5.050000 0.490000 0.000000 -1.000000 6.590000 8.000000
2014-02-19T22:00:00Z 29.890000 18.160000 0.610000 0.000000 -1.000000 6.840000 141.000000
2014-02-19T21:00:00Z 31.750000 12.740000 0.450000 0.000000 -1.000000 6.890000 160.000000
2014-02-19T20:00:00Z 27.790000 10.860000 0.480000 0.000000 1029.380000 6.420000 168.000000
2014-02-19T19:00:00Z 33.780000 8.430000 0.340000 0.000000 -1.000000 8.920000 160.000000
2014-02-19T18:00:00Z 35.780000 2.680000 0.240000 0.000000 -1.000000 4.180000 160.000000
2014-02-19T17:00:00Z 38.130000 20.170000 0.480000 0.000000 1027.560000 6.280000 154.000000
2014-03-01T22:00:00Z 45.500000 5.060000 0.180000 0.000000 -1.000000 8.790000 219.000000
2014-03-01T21:00:00Z 44.610000 4.030000 0.180000 0.000000 -1.000000 8.900000 199.000000
2014-03-01T20:00:00Z 44.560000 0.860000 0.160000 0.190000 1021.930000 7.840000 209.000000
2014-03-01T19:00:00Z 47.570000 -0.490000 0.130000 0.000000 -1.000000 9.000000 160.000000
2014-03-01T18:00:00Z 47.680000 -2.630000 0.120000 0.000000 -1.000000 8.920000 217.000000
2014-03-01T17:00:00Z 50.990000 -11.400000 0.070000 0.310000 1020.840000 11.690000 290.000000
2014-03-16T16:00:00Z 62.610000 18.760000 0.180000 0.000000 -1.000000 13.000000 100.000000
2014-03-16T15:00:00Z 62.680000 17.410000 0.170000 0.000000 -1.000000 18.000000 110.000000
2014-03-16T14:00:00Z 62.340000 14.610000 0.150000 0.720000 1014.550000 7.480000 120.000000
2014-03-16T13:00:00Z 60.780000 11.320000 0.140000 0.000000 -1.000000 16.000000 70.000000
2014-03-16T12:00:00Z 60.780000 11.150000 0.140000 0.000000 -1.000000 13.000000 100.000000
2014-03-16T11:00:00Z 60.050000 12.720000 0.150000 0.720000 1017.660000 7.040000 80.000000
2014-03-23T08:00:00Z 50.550000 23.680000 0.350000 0.000000 1026.780000 3.490000 70.000000
2014-03-23T07:00:00Z 43.000000 25.690000 0.500000 0.000000 -1.000000 4.000000 340.000000
2014-03-23T06:00:00Z 41.070000 25.630000 0.540000 0.000000 -1.000000 1.740000 105.000000
2014-03-23T05:00:00Z 41.000000 24.970000 0.530000 0.000000 1025.640000 1.850000 97.000000
2014-03-23T04:00:00Z 41.070000 21.240000 0.450000 0.000000 -1.000000 1.860000 340.000000
2014-03-23T03:00:00Z 43.070000 21.480000 0.420000 0.000000 -1.000000 1.940000 62.000000
2014-03-31T02:00:00Z 60.010000 32.410000 0.350000 0.000000 1015.350000 3.890000 132.000000
2014-03-31T01:00:00Z 62.780000 31.190000 0.300000 0.000000 -1.000000 8.790000 131.000000
2014-03-31T00:00:00Z 62.780000 28.640000 0.270000 0.000000 -1.000000 6.890000 170.000000
2014-03-30T23:00:00Z 63.750000 26.570000 0.240000 0.000000 1016.100000 6.890000 160.000000
2014-03-30T22:00:00Z 65.820000 19.810000 0.170000 0.000000 -1.000000 6.820000 160.000000
2014-03-30T21:00:00Z 69.680000 16.920000 0.130000 0.000000 -1.000000 8.790000 219.000000
2014-03-31T23:00:00Z 54.110000 45.220000 0.720000 0.000000 1015.400000 2.150000 123.000000
2014-03-31T22:00:00Z 55.070000 45.060000 0.690000 0.000000 -1.000000 4.090000 129.000000
2014-03-31T21:00:00Z 55.220000 46.160000 0.710000 0.000000 -1.000000 6.730000 119.000000
2014-03-31T20:00:00Z 58.870000 44.530000 0.590000 0.010000 1014.250000 6.060000 151.000000
2014-03-31T19:00:00Z 63.000000 45.130000 0.520000 0.000000 -1.000000 10.730000 150.000000
2014-03-31T18:00:00Z 67.820000 32.560000 0.270000 0.000000 -1.000000 6.430000 320.000000
2014-04-17T21:00:00Z 58.820000 50.090000 0.730000 0.000000 -1.000000 4.020000 157.000000
2014-04-17T20:00:00Z 59.890000 49.830000 0.690000 0.090000 1014.340000 2.440000 140.000000
2014-04-17T19:00:00Z 58.860000 48.250000 0.680000 0.000000 -1.000000 9.000000 80.000000
2014-04-17T18:00:00Z 60.860000 50.050000 0.680000 0.000000 -1.000000 11.000000 100.000000
2014-04-17T17:00:00Z 60.450000 49.760000 0.680000 0.090000 1012.700000 4.250000 148.000000
2014-04-17T16:00:00Z 62.860000 48.180000 0.590000 0.000000 -1.000000 9.000000 120.000000
2014-04-23T07:00:00Z 63.000000 53.830000 0.720000 0.000000 -1.000000 4.030000 134.000000
2014-04-23T06:00:00Z 59.070000 52.220000 0.780000 0.000000 -1.000000 6.960000 142.000000
2014-04-23T05:00:00Z 58.240000 50.830000 0.760000 0.000000 1010.850000 3.790000 155.000000
2014-04-23T04:00:00Z 61.000000 51.910000 0.720000 0.000000 -1.000000 6.870000 153.000000
2014-04-23T03:00:00Z 63.000000 50.260000 0.630000 0.000000 -1.000000 6.960000 162.000000
2014-04-23T02:00:00Z 63.250000 48.840000 0.590000 0.000000 1010.920000 7.980000 164.000000
2014-04-24T07:00:00Z 63.040000 51.650000 0.660000 0.000000 -1.000000 7.000000 150.000000
2014-04-24T06:00:00Z 61.070000 51.730000 0.710000 0.000000 -1.000000 3.990000 143.000000
2014-04-24T05:00:00Z 60.290000 51.260000 0.720000 0.000000 1012.940000 2.070000 130.000000
2014-04-24T04:00:00Z 61.000000 51.720000 0.710000 0.000000 -1.000000 4.050000 162.000000
2014-04-24T03:00:00Z 61.000000 51.770000 0.720000 0.000000 -1.000000 3.980000 161.000000
2014-04-24T02:00:00Z 60.630000 51.400000 0.720000 0.000000 1012.680000 6.510000 180.000000
2014-05-01T02:00:00Z 63.600000 53.000000 0.680000 0.000000 1007.750000 3.870000 129.000000
2014-05-01T01:00:00Z 64.140000 53.860000 0.690000 0.000000 -1.000000 6.800000 141.000000
2014-05-01T00:00:00Z 68.000000 52.050000 0.570000 -1.000000 -1.000000 6.820000 151.000000
2014-04-30T23:00:00Z 68.070000 52.070000 0.570000 -1.000000 1008.000000 8.800000 180.000000
2014-04-30T22:00:00Z 70.070000 49.900000 0.490000 -1.000000 -1.000000 7.000000 172.000000
2014-04-30T21:00:00Z 72.040000 49.940000 0.460000 -1.000000 -1.000000 7.050000 191.000000
2014-05-15T13:00:00Z 82.000000 35.370000 0.190000 0.000000 -1.000000 4.000000 250.000000
2014-05-15T12:00:00Z 81.040000 33.420000 0.180000 -1.000000 -1.000000 4.000000 40.000000
2014-05-15T11:00:00Z 78.450000 33.770000 0.200000 0.750000 1001.030000 2.440000 143.000000
2014-05-15T10:00:00Z 75.000000 35.750000 0.240000 -1.000000 -1.000000 4.000000 350.000000
2014-05-15T09:00:00Z 72.000000 37.100000 0.280000 -1.000000 -1.000000 -1.000000 -1.000000
2014-05-15T08:00:00Z 65.470000 38.180000 0.370000 -1.000000 1002.140000 3.310000 33.000000
2014-05-21T14:00:00Z 86.180000 54.570000 0.340000 0.010000 1004.090000 8.240000 194.000000
2014-05-21T13:00:00Z 84.220000 56.990000 0.400000 0.000000 -1.000000 -1.000000 -1.000000
2014-05-21T12:00:00Z 82.220000 55.190000 0.400000 0.000000 -1.000000 -1.000000 -1.000000
2014-05-21T11:00:00Z 80.990000 56.210000 0.430000 0.000000 1006.230000 4.030000 114.000000
2014-05-21T10:00:00Z 77.000000 54.300000 0.450000 0.000000 -1.000000 4.000000 120.000000
2014-05-21T09:00:00Z 72.960000 55.180000 0.540000 0.000000 -1.000000 -1.000000 -1.000000
2014-06-16T05:00:00Z 71.210000 67.030000 0.870000 0.000000 1003.890000 6.010000 153.000000
2014-06-16T04:00:00Z 70.110000 65.880000 0.860000 0.000000 -1.000000 1.740000 118.000000
2014-06-16T03:00:00Z 70.110000 67.740000 0.920000 0.000000 -1.000000 6.840000 182.000000
2014-06-16T02:00:00Z 71.460000 67.090000 0.860000 0.000000 1003.990000 2.020000 185.000000
2014-06-16T01:00:00Z 70.180000 67.790000 0.920000 0.000000 -1.000000 11.000000 250.000000
2014-06-16T00:00:00Z 70.250000 67.800000 0.920000 0.000000 -1.000000 1.820000 127.000000
2014-07-01T09:00:00Z 84.140000 65.990000 0.550000 0.000000 -1.000000 7.000000 180.000000
2014-07-01T08:00:00Z 81.570000 65.810000 0.590000 0.080000 1006.090000 6.040000 75.000000
2014-07-01T07:00:00Z 81.110000 65.800000 0.600000 0.000000 -1.000000 6.920000 112.000000
2014-07-01T06:00:00Z 77.070000 63.870000 0.640000 0.000000 -1.000000 4.000000 100.000000
2014-07-01T05:00:00Z 74.910000 63.670000 0.680000 0.000000 1005.020000 3.700000 86.000000
2014-07-01T04:00:00Z 75.140000 62.870000 0.660000 0.000000 -1.000000 3.980000 71.000000
2014-07-02T21:00:00Z 75.000000 69.900000 0.840000 0.000000 -1.000000 4.100000 139.000000
2014-07-02T20:00:00Z 74.840000 69.540000 0.840000 0.960000 1002.190000 6.620000 115.000000
2014-07-02T19:00:00Z 75.000000 71.860000 0.900000 0.000000 -1.000000 2.070000 90.000000
2014-07-02T18:00:00Z 76.930000 70.050000 0.790000 0.000000 -1.000000 7.000000 150.000000
2014-07-02T17:00:00Z 77.000000 71.420000 0.830000 0.730000 1000.850000 4.380000 170.000000
2014-07-02T16:00:00Z 78.780000 69.850000 0.740000 -1.000000 -1.000000 -1.000000 -1.000000
2014-07-05T18:00:00Z 85.860000 71.960000 0.630000 0.000000 -1.000000 9.000000 160.000000
2014-07-05T17:00:00Z 87.390000 68.300000 0.530000 0.050000 1005.050000 8.540000 165.000000
2014-07-05T16:00:00Z 87.780000 69.900000 0.560000 0.000000 -1.000000 4.000000 130.000000
2014-07-05T15:00:00Z 87.860000 69.870000 0.550000 0.000000 -1.000000 -1.000000 -1.000000
2014-07-05T14:00:00Z 87.600000 71.280000 0.590000 0.070000 1006.320000 6.940000 157.000000
2014-07-05T13:00:00Z 85.860000 72.810000 0.650000 0.000000 -1.000000 9.000000 70.000000
2014-07-30T08:00:00Z 74.890000 71.360000 0.890000 0.980000 1005.420000 1.730000 21.000000
2014-07-30T07:00:00Z 73.290000 72.130000 0.960000 0.000000 -1.000000 9.000000 100.000000
2014-07-30T06:00:00Z 73.220000 72.150000 0.960000 0.000000 -1.000000 3.930000 5.000000
2014-07-30T05:00:00Z 72.750000 71.550000 0.960000 0.000000 1003.910000 6.070000 12.000000
2014-07-30T04:00:00Z 73.220000 72.150000 0.960000 0.000000 -1.000000 7.000000 120.000000
2014-07-30T03:00:00Z 73.220000 70.010000 0.900000 0.000000 -1.000000 7.000000 170.000000
2014-08-20T02:00:00Z 72.540000 65.560000 0.790000 0.000000 1009.840000 1.660000 115.000000
2014-08-20T01:00:00Z 75.070000 66.060000 0.740000 0.000000 -1.000000 3.830000 142.000000
2014-08-20T00:00:00Z 75.070000 66.060000 0.740000 0.000000 -1.000000 2.000000 220.000000
2014-08-19T23:00:00Z 77.070000 65.970000 0.690000 0.000000 1010.400000 3.950000 162.000000
2014-08-19T22:00:00Z 77.070000 65.940000 0.690000 0.000000 -1.000000 3.930000 162.000000
2014-08-19T21:00:00Z 79.070000 66.100000 0.650000 -1.000000 -1.000000 4.020000 163.000000
2014-08-21T01:00:00Z 77.070000 66.100000 0.690000 0.000000 -1.000000 1.980000 154.000000
2014-08-21T00:00:00Z 77.070000 66.100000 0.690000 0.000000 -1.000000 3.910000 142.000000
2014-08-20T23:00:00Z 80.860000 65.890000 0.610000 0.000000 1007.800000 3.970000 141.000000
2014-08-20T22:00:00Z 81.000000 65.780000 0.600000 0.000000 -1.000000 3.910000 114.000000
2014-08-20T21:00:00Z 81.000000 65.780000 0.600000 0.000000 -1.000000 4.050000 152.000000
2014-08-20T20:00:00Z 81.850000 66.100000 0.590000 0.720000 1007.010000 3.920000 151.000000
2014-08-30T02:00:00Z 71.320000 67.210000 0.870000 0.000000 1015.950000 3.560000 73.000000
2014-08-30T01:00:00Z 72.040000 67.910000 0.870000 0.000000 -1.000000 3.880000 62.000000
2014-08-30T00:00:00Z 73.000000 69.890000 0.900000 0.000000 -1.000000 3.910000 71.000000
2014-08-29T23:00:00Z 73.070000 69.890000 0.900000 0.000000 1015.800000 3.890000 71.000000
2014-08-29T22:00:00Z 73.070000 69.890000 0.900000 0.000000 -1.000000 1.980000 158.000000
2014-08-29T21:00:00Z 72.110000 69.810000 0.920000 0.000000 -1.000000 2.000000 100.000000
2014-09-22T09:00:00Z 68.250000 63.100000 0.840000 0.000000 -1.000000 9.000000 130.000000
2014-09-22T08:00:00Z 67.430000 62.650000 0.850000 0.950000 1019.400000 1.880000 69.000000
2014-09-22T07:00:00Z 68.000000 60.990000 0.780000 0.000000 -1.000000 1.980000 89.000000
2014-09-22T06:00:00Z 68.000000 60.950000 0.780000 0.000000 -1.000000 2.000000 60.000000
2014-09-22T05:00:00Z 67.190000 60.760000 0.800000 0.000000 1018.310000 3.580000 91.000000
2014-09-22T04:00:00Z 68.000000 60.950000 0.780000 0.000000 -1.000000 2.000000 90.000000
2014-09-25T08:00:00Z 62.230000 59.390000 0.900000 0.010000 1018.730000 1.610000 70.000000
2014-09-25T07:00:00Z 60.530000 58.130000 0.920000 0.000000 1018.650000 1.440000 67.000000
2014-09-25T06:00:00Z 57.510000 56.460000 0.960000 0.000000 1018.300000 0.370000 99.000000
2014-09-25T05:00:00Z 54.930000 54.300000 0.980000 0.010000 1017.590000 0.480000 101.000000
2014-09-25T04:00:00Z 55.130000 54.080000 0.960000 0.010000 1017.840000 0.760000 165.000000
2014-09-25T03:00:00Z 55.840000 55.360000 0.980000 0.010000 1017.770000 1.900000 194.000000
2014-09-26T08:00:00Z 62.870000 59.310000 0.880000 0.100000 1011.830000 5.270000 137.000000
2014-09-26T07:00:00Z 61.640000 58.840000 0.910000 0.080000 1012.310000 3.730000 135.000000
2014-09-26T06:00:00Z 59.740000 57.860000 0.940000 0.080000 1012.290000 4.350000 132.000000
2014-09-26T05:00:00Z 58.750000 57.090000 0.940000 0.080000 1012.230000 3.480000 133.000000
2014-09-26T04:00:00Z 58.920000 57.060000 0.940000 0.110000 1012.690000 2.760000 148.000000
2014-09-26T03:00:00Z 59.260000 57.140000 0.930000 0.130000 1013.080000 2.560000 168.000000
2014-10-07T13:00:00Z 67.860000 46.010000 0.450000 0.000000 1018.880000 4.070000 151.000000
2014-10-07T12:00:00Z 65.100000 45.150000 0.480000 0.000000 1019.560000 3.030000 149.000000
2014-10-07T11:00:00Z 61.830000 44.330000 0.530000 0.000000 1020.220000 1.960000 141.000000
2014-10-07T10:00:00Z 58.410000 43.360000 0.570000 0.000000 1020.760000 1.200000 116.000000
2014-10-07T09:00:00Z 55.050000 42.280000 0.620000 0.000000 1021.210000 1.030000 72.000000
2014-10-07T08:00:00Z 52.330000 41.430000 0.660000 -1.000000 1021.460000 1.160000 46.000000
