2013-06-13T01:00:00 0 0 0 0 0
2013-06-13T00:00:00 0 0 0 0 0
2013-06-12T23:00:00 0 0 0 0 0
2013-06-12T22:00:00 0 0 0 0 0
2013-06-12T21:00:00 0 0 0 0 0
2013-06-12T20:00:00 0 0 0 0 0
2013-06-12T19:00:00 0 0 0 0 0
2013-06-12T18:00:00 0 0 0 0 0
2013-06-12T17:00:00 0 0 0 0 0
2013-06-12T16:00:00 0 0 0 0 0
2013-06-12T15:00:00 0 0 0 0 0
2013-06-12T14:00:00 0 0 0 0 0
2013-06-12T13:00:00 0 0 0 0 0
2013-06-12T12:00:00 0 0 0 0 0
2013-06-12T11:00:00 0 0 0 0 0
2013-06-12T10:00:00 0 0 0 0 0
2013-06-12T09:00:00 0 0 0 0 0
2013-06-12T08:00:00 0 0 0 0 0
2013-06-12T07:00:00 0 0 0 0 0
2013-06-12T06:00:00 0 0 0 0 0
2013-06-12T05:00:00 0 0 0 0 0
2013-06-12T04:00:00 0 0 0 0 0
2013-06-12T03:00:00 0 0 0 0 0
2013-06-12T02:00:00 0 0 0 0 0
2013-11-08T21:00:00 0.554589311773 0.445410688227 3 2 5
2013-11-08T20:00:00 0.578458496794 0.421541503206 2 1 3
2013-11-08T19:00:00 0.578458496794 0.421541503206 2 1 3
2013-11-08T18:00:00 0.488272389817 0.511727610183 1 1 2
2013-11-08T17:00:00 0.488272389817 0.511727610183 1 1 2
2013-11-08T16:00:00 0 0 0 0 0
2013-11-08T15:00:00 0.45463741448 0.54536258552 1 1 2
2013-11-08T14:00:00 0.45463741448 0.54536258552 1 1 2
2013-11-08T13:00:00 0.45463741448 0.54536258552 1 1 2
2013-11-08T12:00:00 0.45463741448 0.54536258552 1 1 2
2013-11-08T11:00:00 0.45463741448 0.54536258552 1 1 2
2013-11-08T10:00:00 0.45463741448 0.54536258552 1 1 2
2013-11-08T09:00:00 0 0 0 0 0
2013-11-08T08:00:00 0 0 0 0 0
2013-11-08T07:00:00 0 0 0 0 0
2013-11-08T06:00:00 0 0 0 0 0
2013-11-08T05:00:00 0 0 0 0 0
2013-11-08T04:00:00 0.664151714556 0.335848285444 2 0 2
2013-11-08T03:00:00 0.664151714556 0.335848285444 2 0 2
2013-11-08T00:00:00 0.664151714556 0.335848285444 2 0 2
2013-11-07T23:00:00 0.664151714556 0.335848285444 2 0 2
2013-11-07T22:00:00 0 0 0 0 0
2013-11-17T11:00:00 0.323481671628 0.676518328372 0 5 5
2013-11-17T10:00:00 0.35351884939 0.64648115061 0 3 3
2013-11-17T09:00:00 0.380789903968 0.619210096032 0 2 2
2013-11-17T08:00:00 0.375688313494 0.624311686506 0 1 1
2013-11-17T07:00:00 0.375688313494 0.624311686506 0 1 1
2013-11-17T06:00:00 0 0 0 0 0
2013-11-17T05:00:00 0.306785872131 0.693214127869 0 2 2
2013-11-17T04:00:00 0.306785872131 0.693214127869 0 2 2
2013-11-17T03:00:00 0.320700168693 0.679299831307 0 3 3
2013-11-17T02:00:00 0.386695374666 0.613304625334 1 5 6
2013-11-17T01:00:00 0.386695374666 0.613304625334 1 5 6
2013-11-17T00:00:00 0.456959928417 0.543040071583 3 5 8
2013-11-16T23:00:00 0.458983094412 0.541016905588 3 4 7
2013-11-16T22:00:00 0.389284100361 0.610715899639 3 7 10
2013-11-16T21:00:00 0.378818869157 0.621181130843 3 7 10
2013-11-16T20:00:00 0.320004096157 0.679995903843 2 7 9
2013-11-16T19:00:00 0.271803769925 0.728196230075 2 12 14
2013-11-16T18:00:00 0.20070153523 0.79929846477 0 18 18
2013-11-16T17:00:00 0.194534050269 0.805465949731 0 19 19
2013-11-16T16:00:00 0.188950211498 0.811049788502 0 21 21
2013-11-16T15:00:00 0.194697397966 0.805302602034 0 22 22
2013-11-16T14:00:00 0.191400469514 0.808599530486 0 21 21
2013-11-16T13:00:00 0.193387121641 0.806612878359 0 16 16
2013-11-21T13:00:00 0.461545272638 0.538454727362 7 9 16
2013-11-21T12:00:00 0.468757897816 0.531242102184 6 7 13
2013-11-21T11:00:00 0.409695154203 0.590304845797 3 7 10
2013-11-21T10:00:00 0.390186873753 0.609813126247 2 6 8
2013-11-21T09:00:00 0.354441606445 0.645558393555 1 5 6
2013-11-21T08:00:00 0.448138246178 0.551861753822 2 3 5
2013-11-21T07:00:00 0.550593746258 0.449406253742 2 1 3
2013-11-21T06:00:00 0.643690192874 0.356309807126 1 0 1
2013-11-21T05:00:00 0.643690192874 0.356309807126 1 0 1
2013-11-21T04:00:00 0.643690192874 0.356309807126 1 0 1
2013-11-21T03:00:00 0.476646968429 0.523353031571 1 1 2
2013-11-21T02:00:00 0.463260437474 0.536739562526 1 1 2
2013-11-21T01:00:00 0.463260437474 0.536739562526 1 1 2
2013-11-21T00:00:00 0.463260437474 0.536739562526 1 1 2
2013-11-20T23:00:00 0.541657555049 0.458342444951 2 1 3
2013-11-20T22:00:00 0.541657555049 0.458342444951 2 1 3
2013-12-04T13:00:00 0.601723308888 0.398276691112 12 5 17
2013-12-04T12:00:00 0.601793981526 0.398206018474 12 5 17
2013-12-04T11:00:00 0.59138703093 0.40861296907 10 5 15
2013-12-04T10:00:00 0.569690088122 0.430309911878 8 5 13
2013-12-04T09:00:00 0.602993072668 0.397006927332 4 2 6
2013-12-04T08:00:00 0.570656153086 0.429343846914 3 2 5
2013-12-04T07:00:00 0.597757622889 0.40224237711 3 1 4
2013-12-04T06:00:00 0.587369513835 0.412630486165 2 1 3
2013-12-04T05:00:00 0.507050719849 0.492949280151 1 1 2
2013-12-04T04:00:00 0.613069935118 0.386930064882 5 1 6
2013-12-04T03:00:00 0.613069935118 0.386930064882 5 1 6
2013-12-04T02:00:00 0.552389118968 0.447610881032 5 2 7
2013-12-04T01:00:00 0.505871430463 0.494128569537 4 3 7
2013-12-04T00:00:00 0.509311682699 0.490688317301 4 3 7
2013-12-03T23:00:00 0.512936881636 0.487063118364 5 4 9
2013-12-03T22:00:00 0.433330314095 0.566669685905 2 4 6
2013-12-03T21:00:00 0.399359947781 0.600640052219 2 6 8
2013-12-03T20:00:00 0.423691623135 0.576308376865 3 8 11
2013-12-03T19:00:00 0.396296217358 0.603703782642 3 10 13
2013-12-03T18:00:00 0.417817043731 0.582182956269 4 9 13
2013-12-03T17:00:00 0.39821558297 0.60178441703 3 8 11
2013-12-03T16:00:00 0.382738994495 0.617261005505 3 9 12
2013-12-03T15:00:00 0.38188170406 0.61811829594 3 9 12
2013-12-03T14:00:00 0.399973905952 0.600026094048 3 6 9
2013-12-08T07:00:00 0.669659872274 0.330340127726 17 2 19
2013-12-08T06:00:00 0.647458754849 0.352541245151 17 4 21
2013-12-08T05:00:00 0.657549262727 0.342450737273 22 3 25
2013-12-08T04:00:00 0.640849963642 0.359150036358 34 7 41
2013-12-08T03:00:00 0.654364772313 0.345635227687 47 9 56
2013-12-08T02:00:00 0.652063899156 0.347936100844 53 11 64
2013-12-08T01:00:00 0.655204260789 0.344795739211 49 10 59
2013-12-08T00:00:00 0.658665423283 0.341334576717 49 9 58
2013-12-07T23:00:00 0.645702811623 0.354297188377 46 11 57
2013-12-07T22:00:00 0.651283267432 0.348716732568 44 8 52
2013-12-07T21:00:00 0.625212414751 0.374787585249 35 8 43
2013-12-07T20:00:00 0.608537486704 0.391462513296 32 8 40
2013-12-07T19:00:00 0.605500249481 0.394499750519 36 10 46
2013-12-07T18:00:00 0.600956014197 0.399043985803 39 11 50
2013-12-07T17:00:00 0.611295733137 0.388704266863 43 10 53
2013-12-07T16:00:00 0.587751073035 0.412248926965 41 16 57
2013-12-07T15:00:00 0.584352829866 0.415647170134 45 17 62
2013-12-07T14:00:00 0.605343130445 0.394656869555 56 15 71
2013-12-07T13:00:00 0.599336433133 0.400663566867 59 17 76
2013-12-07T12:00:00 0.603978687553 0.396021312447 61 17 78
2013-12-07T11:00:00 0.603024493425 0.396975506575 55 16 71
2013-12-07T10:00:00 0.627585234407 0.372414765593 51 9 60
2013-12-07T09:00:00 0.649205492767 0.350794507233 47 6 53
2013-12-07T08:00:00 0.639565622747 0.360434377253 32 6 38
2013-12-10T11:00:00 0.500030188988 0.499969811012 13 8 21
2013-12-10T10:00:00 0.503649246017 0.496350753983 12 7 19
2013-12-10T09:00:00 0.460444066878 0.539555933122 7 6 13
2013-12-10T08:00:00 0.450066598166 0.549933401834 4 4 8
2013-12-10T07:00:00 0.568435583692 0.431564416308 5 2 7
2013-12-10T06:00:00 0.55576870996 0.44423129004 7 3 10
2013-12-10T05:00:00 0.553953704693 0.446046295307 12 5 17
2013-12-10T04:00:00 0.523116542679 0.476883457321 12 7 19
2013-12-10T03:00:00 0.543630042004 0.456369957996 17 8 25
2013-12-10T02:00:00 0.52906257315 0.47093742685 20 12 32
2013-12-10T01:00:00 0.506744228118 0.493255771882 20 15 35
2013-12-10T00:00:00 0.505602785274 0.494397214726 18 14 32
2013-12-09T23:00:00 0.488165650867 0.511834349133 13 13 26
2013-12-09T22:00:00 0.489447007704 0.510552992296 13 13 26
2013-12-09T21:00:00 0.454233435411 0.545766564589 9 13 22
2013-12-09T20:00:00 0.439889571843 0.560110428157 6 10 16
2013-12-09T19:00:00 0.389488079518 0.610511920482 4 11 15
2013-12-09T18:00:00 0.426507347427 0.573492652573 7 13 20
2013-12-09T17:00:00 0.428694439114 0.571305560886 8 13 21
2013-12-09T16:00:00 0.442445258356 0.557554741644 9 14 23
2013-12-09T15:00:00 0.450044822547 0.549955177453 13 18 31
2013-12-09T14:00:00 0.463017003927 0.536982996073 18 22 40
2013-12-09T13:00:00 0.472206881251 0.527793118749 18 21 39
2013-12-09T12:00:00 0.450768548342 0.549231451658 14 20 34
2013-12-25T17:00:00 0.638276787716 0.361723212284 50 12 62
2013-12-25T16:00:00 0.632831317196 0.367168682804 61 14 75
2013-12-25T15:00:00 0.635786276026 0.364213723974 82 19 101
2013-12-25T14:00:00 0.632616733094 0.367383266906 93 20 113
2013-12-25T13:00:00 0.652794067343 0.347205932657 101 16 117
2013-12-25T12:00:00 0.664774785634 0.335225214366 100 14 114
2013-12-25T11:00:00 0.663437010015 0.336562989985 90 12 102
2013-12-25T10:00:00 0.670072204897 0.329927795103 76 10 86
2013-12-25T09:00:00 0.678769588296 0.321230411704 51 5 56
2013-12-25T08:00:00 0.68120835932 0.31879164068 31 4 35
2013-12-25T07:00:00 0.656080038383 0.343919961617 11 3 14
2013-12-25T06:00:00 0.583103777132 0.416896222868 5 2 7
2013-12-25T05:00:00 0.578920398692 0.421079601308 8 4 12
2013-12-25T04:00:00 0.648110254987 0.351889745013 14 4 18
2013-12-25T03:00:00 0.659196949069 0.340803050931 19 4 23
2013-12-25T02:00:00 0.650154823885 0.349845176115 24 6 30
2013-12-25T01:00:00 0.655184367751 0.34481563225 29 7 36
2013-12-25T00:00:00 0.637456013653 0.362543986347 30 9 39
2013-12-24T23:00:00 0.634619780467 0.365380219533 30 8 38
2013-12-24T22:00:00 0.628513631148 0.371486368853 29 7 36
2013-12-24T21:00:00 0.632406819343 0.367593180657 27 6 33
2013-12-24T20:00:00 0.653701622168 0.346298377832 29 4 33
2013-12-31T11:00:00 0.563875648182 0.436124351818 9 4 13
2013-12-31T10:00:00 0.616273013519 0.383726986481 9 2 11
2013-12-31T09:00:00 0.578237893114 0.421762106886 7 2 9
2013-12-31T08:00:00 0.579685134709 0.420314865291 7 2 9
2013-12-31T07:00:00 0.656252848793 0.343747151207 7 0 7
2013-12-31T06:00:00 0.611115458467 0.388884541533 9 2 11
2013-12-31T05:00:00 0.596195760972 0.403804239028 11 3 14
2013-12-31T04:00:00 0.61422857067 0.38577142933 14 3 17
2013-12-31T03:00:00 0.60157426093 0.39842573907 14 4 18
2013-12-31T02:00:00 0.572830132625 0.427169867375 15 6 21
2013-12-31T01:00:00 0.551264167954 0.448735832046 14 7 21
2013-12-31T00:00:00 0.552830542914 0.447169457086 11 5 16
2013-12-30T23:00:00 0.55544754432 0.44455245568 9 4 13
2013-12-30T22:00:00 0.497133417081 0.502866582919 5 4 9
2013-12-30T21:00:00 0.498559053433 0.501440946567 4 3 7
2013-12-30T20:00:00 0.472391979452 0.527608020548 1 1 2
2013-12-30T19:00:00 0.746196942363 0.253803057637 1 0 1
2013-12-30T18:00:00 0.746196942363 0.253803057637 1 0 1
2013-12-30T17:00:00 0.746196942363 0.253803057637 1 0 1
2013-12-30T16:00:00 0.675939799886 0.324060200114 2 0 2
2013-12-30T15:00:00 0.60568265741 0.39431734259 1 0 1
2013-12-30T14:00:00 0.451621217026 0.548378782975 1 1 2
2013-12-30T13:00:00 0.504947407579 0.495052592421 2 1 3
2013-12-30T12:00:00 0.464151005627 0.535848994373 2 2 4
2014-01-04T07:00:00 0.341761799772 0.658238200228 0 1 1
2014-01-04T06:00:00 0 0 0 0 0
2014-01-04T05:00:00 0 0 0 0 0
2014-01-04T04:00:00 0.208091092357 0.791908907643 0 1 1
2014-01-04T03:00:00 0.208091092357 0.791908907643 0 1 1
2014-01-04T02:00:00 0.208091092357 0.791908907643 0 1 1
2014-01-04T01:00:00 0.208091092357 0.791908907643 0 1 1
2014-01-04T00:00:00 0.559210154361 0.440789845639 2 1 3
2014-01-03T23:00:00 0.559210154361 0.440789845639 2 1 3
2014-01-03T22:00:00 0.618785528743 0.381214471257 2 1 3
2014-01-03T21:00:00 0.618785528743 0.381214471257 2 1 3
2014-01-03T20:00:00 0.450451748635 0.549548251366 2 4 6
2014-01-03T19:00:00 0.450451748635 0.549548251366 2 4 6
2014-01-03T18:00:00 0.295409514173 0.704590485827 0 5 5
2014-01-03T15:00:00 0.282106305968 0.717893694032 0 8 8
2014-01-03T14:00:00 0.281329205617 0.718670794383 0 7 7
2014-01-03T13:00:00 0.323262166952 0.676737833048 1 7 8
2014-01-03T12:00:00 0.335497835701 0.664502164299 1 7 8
2014-01-03T11:00:00 0.333081364585 0.666918635415 1 5 6
2014-01-03T10:00:00 0.352247808601 0.647752191399 1 4 5
2014-01-03T09:00:00 0.379340648305 0.620659351695 1 3 4
2014-01-03T08:00:00 0.479277348034 0.520722651965 1 1 2
2014-01-13T02:00:00 0.464554022937 0.535445977063 4 4 8
2014-01-13T01:00:00 0.464554022937 0.535445977063 4 4 8
2014-01-13T00:00:00 0.453876125323 0.546123874677 5 6 11
2014-01-12T23:00:00 0.424183044311 0.575816955689 4 6 10
2014-01-12T22:00:00 0.411170021165 0.588829978835 3 5 8
2014-01-12T21:00:00 0.324333267243 0.675666732757 1 5 6
2014-01-12T20:00:00 0.336558589008 0.663441410992 1 5 6
2014-01-12T19:00:00 0.323318283404 0.676681716596 1 6 7
2014-01-20T20:00:00 0.364872139103 0.635127860897 1 6 7
2014-01-20T19:00:00 0.291787389726 0.708212610274 0 11 11
2014-01-20T18:00:00 0.30136917263 0.69863082737 1 12 13
2014-01-20T17:00:00 0.297094214059 0.702905785941 1 14 15
2014-01-20T16:00:00 0.298144103122 0.701855896878 1 14 15
2014-01-20T15:00:00 0.336917353876 0.663082646124 2 14 16
2014-01-20T14:00:00 0.324046764389 0.675953235611 3 21 24
2014-01-20T13:00:00 0.333734522333 0.666265477667 3 19 22
2014-01-20T12:00:00 0.346619445112 0.653380554888 3 19 22
2014-01-20T11:00:00 0.354350691288 0.645649308711 3 17 20
2014-01-20T10:00:00 0.352894227569 0.647105772431 3 16 19
2014-01-20T09:00:00 0.330690036125 0.669309963875 2 14 16
2014-01-20T08:00:00 0.427857665076 0.572142334924 2 5 7
2014-01-20T07:00:00 0.575025135143 0.424974864857 2 1 3
2014-01-20T06:00:00 0.733469147101 0.266530852899 1 0 1
2014-01-20T05:00:00 0.471442125577 0.528557874423 3 3 6
2014-01-20T04:00:00 0.501235931238 0.498764068762 4 3 7
2014-01-20T03:00:00 0.524199916762 0.475800083238 7 4 11
2014-01-20T02:00:00 0.52632343078 0.47367656922 8 5 13
2014-01-20T01:00:00 0.488722220583 0.511277779417 8 7 15
2014-01-20T00:00:00 0.500046342283 0.499953657717 9 7 16
2014-01-19T23:00:00 0.550991480731 0.449008519269 8 4 12
2014-01-19T22:00:00 0.558734517632 0.441265482368 9 4 13
2014-01-19T21:00:00 0.556222351499 0.443777648501 6 3 9
2014-01-31T11:00:00 0.601894073122 0.398105926878 6 2 8
2014-01-31T10:00:00 0.601894073122 0.398105926878 6 2 8
2014-01-31T09:00:00 0.634535088513 0.365464911487 6 1 7
2014-01-31T08:00:00 0.758022938447 0.241977061554 2 0 2
2014-01-31T07:00:00 0.715793294417 0.284206705583 3 0 3
2014-01-31T06:00:00 0.683899462021 0.316100537979 9 0 9
2014-01-31T05:00:00 0.673154554355 0.326845445645 13 0 13
2014-01-31T04:00:00 0.681966803133 0.318033196867 14 0 14
2014-01-31T03:00:00 0.681966803133 0.318033196867 14 0 14
2014-01-31T02:00:00 0.657308305771 0.342691694228 15 1 16
2014-01-31T01:00:00 0.655202456219 0.344797543781 13 1 14
2014-01-31T00:00:00 0.618302654925 0.381697345075 7 2 9
2014-01-30T23:00:00 0.541382116982 0.458617883018 2 2 4
2014-01-30T22:00:00 0.387915647347 0.612084352653 1 4 5
2014-01-30T21:00:00 0.387915647347 0.612084352653 1 4 5
2014-01-30T20:00:00 0.310095398473 0.689904601527 0 4 4
2014-01-30T19:00:00 0.357835747482 0.642164252518 1 5 6
2014-01-30T18:00:00 0.317838227559 0.682161772441 1 7 8
2014-01-30T17:00:00 0.298840614036 0.701159385964 1 10 11
2014-01-30T16:00:00 0.338418105478 0.661581894522 2 9 11
2014-01-30T15:00:00 0.338331951797 0.661668048203 2 10 12
2014-01-30T14:00:00 0.344525674175 0.655474325825 2 9 11
2014-01-30T13:00:00 0.386142986364 0.613857013636 3 8 11
2014-01-30T12:00:00 0.431534591528 0.568465408472 3 5 8
2014-02-02T17:00:00 0.385788280031 0.614211719969 4 8 12
2014-02-02T16:00:00 0.457290014197 0.542709985803 7 7 14
2014-02-02T15:00:00 0.457203901016 0.542796098984 7 8 15
2014-02-02T14:00:00 0.471953448128 0.528046551872 8 7 15
2014-02-02T13:00:00 0.519793666424 0.480206333576 11 7 18
2014-02-02T12:00:00 0.545562170932 0.454437829068 10 5 15
2014-02-02T11:00:00 0.551800643276 0.448199356724 9 5 14
2014-02-02T10:00:00 0.541708380276 0.458291619724 6 4 10
2014-02-02T09:00:00 0.5963045885 0.4036954115 5 2 7
2014-02-02T08:00:00 0.663794446979 0.336205553021 4 1 5
2014-02-02T07:00:00 0.364799722238 0.635200277762 0 2 2
2014-02-02T06:00:00 0.43940017288 0.56059982712 2 3 5
2014-02-02T05:00:00 0.451438607467 0.548561392533 2 2 4
2014-02-02T04:00:00 0.507992818427 0.492007181573 3 2 5
2014-02-02T03:00:00 0.528727657863 0.471272342137 4 2 6
2014-02-02T02:00:00 0.528727657863 0.471272342137 4 2 6
2014-02-02T01:00:00 0.566802587447 0.433197412553 4 1 5
2014-02-02T00:00:00 0.683305758656 0.316694241344 2 0 2
2014-02-01T23:00:00 0.485024011921 0.514975988079 3 3 6
2014-02-01T22:00:00 0.435186881852 0.564813118148 2 3 5
2014-03-10T23:00:00 0.567468744652 0.432531255348 5 3 8
2014-03-10T22:00:00 0.520954100152 0.479045899849 3 3 6
2014-03-10T21:00:00 0.5392589207 0.4607410793 4 3 7
2014-03-10T20:00:00 0.512673925021 0.487326074979 3 3 6
2014-03-10T19:00:00 0.512673925021 0.487326074979 3 3 6
2014-03-10T18:00:00 0.54800430226 0.45199569774 4 2 6
2014-03-10T17:00:00 0.586393901275 0.413606098725 5 1 6
2014-03-10T16:00:00 0.522495138716 0.477504861284 5 3 8
2014-03-10T15:00:00 0.508267467746 0.491732532254 4 3 7
2014-03-10T14:00:00 0.520635085802 0.479364914198 5 3 8
2014-03-10T13:00:00 0.520635085802 0.479364914198 5 3 8
2014-03-10T12:00:00 0.519158084032 0.480841915968 4 3 7
2014-03-10T11:00:00 0.503514209081 0.496485790919 3 3 6
2014-03-10T10:00:00 0.575898878601 0.424101121399 2 1 3
2014-03-10T09:00:00 0.490205749111 0.509794250889 1 1 2
2014-03-10T08:00:00 0.373203086029 0.626796913971 0 1 1
2014-03-10T07:00:00 0.373203086029 0.626796913971 0 1 1
2014-03-10T06:00:00 0 0 0 0 0
2014-03-10T05:00:00 0.0 0.0 0 0 0
2014-03-10T04:00:00 0.617979832438 0.382020167562 1 0 1
2014-03-10T03:00:00 0.617979832438 0.382020167562 1 0 1
2014-03-10T02:00:00 0.68263248501 0.31736751499 2 0 2
2014-03-10T01:00:00 0.68263248501 0.31736751499 2 0 2
2014-03-10T00:00:00 0.68263248501 0.31736751499 2 0 2
2014-03-19T06:00:00 0.602098638855 0.397901361145 8 1 9
2014-03-19T05:00:00 0.557888306224 0.442111693776 9 3 12
2014-03-19T04:00:00 0.551443674711 0.448556325289 10 4 14
2014-03-19T03:00:00 0.526480471867 0.473519528133 10 6 16
2014-03-19T02:00:00 0.495940259659 0.504059740341 9 8 17
2014-03-19T01:00:00 0.474079984111 0.525920015889 9 9 18
2014-03-19T00:00:00 0.492409011973 0.507590988027 9 9 18
2014-03-18T23:00:00 0.511855069639 0.488144930361 9 7 16
2014-03-18T22:00:00 0.479995141328 0.520004858672 8 8 16
2014-03-18T21:00:00 0.453644527764 0.546355472236 6 7 13
2014-03-18T20:00:00 0.415991641756 0.584008358244 5 8 13
2014-03-18T19:00:00 0.443605520273 0.556394479727 8 9 17
2014-03-18T18:00:00 0.430851339914 0.569148660086 7 8 15
2014-03-18T17:00:00 0.460493563536 0.539506436464 9 9 18
2014-03-18T16:00:00 0.445343689594 0.554656310406 7 8 15
2014-03-18T15:00:00 0.470414897276 0.529585102724 8 7 15
2014-03-18T14:00:00 0.478864775044 0.521135224956 8 6 14
2014-03-18T13:00:00 0.479823245154 0.520176754846 6 6 12
2014-03-18T12:00:00 0.479823245154 0.520176754846 6 6 12
2014-03-18T11:00:00 0.416209259151 0.583790740849 3 5 8
2014-03-18T10:00:00 0.437490767234 0.562509232766 3 4 7
2014-03-18T09:00:00 0.403054873715 0.596945126285 2 4 6
2014-03-18T08:00:00 0.429876630944 0.570123369056 1 2 3
2014-04-18T04:00:00 0.253835546017 0.746164453983 0 2 2
2014-04-18T03:00:00 0.253835546017 0.746164453983 0 2 2
2014-04-18T02:00:00 0.241677450175 0.758322549825 0 3 3
2014-04-18T01:00:00 0.241677450175 0.758322549825 0 3 3
2014-04-18T00:00:00 0.21736125849 0.78263874151 0 1 1
2014-04-17T23:00:00 0.21736125849 0.78263874151 0 1 1
2014-04-17T22:00:00 0.45583626142 0.544163738581 1 1 2
2014-04-17T21:00:00 0.45583626142 0.544163738581 1 1 2
2014-04-17T20:00:00 0.694311264349 0.305688735651 1 0 1
2014-04-17T19:00:00 0.694311264349 0.305688735651 1 0 1
2014-04-17T18:00:00 0.694311264349 0.305688735651 1 0 1
2014-04-17T17:00:00 0.509846161616 0.490153838384 1 1 2
2014-04-17T16:00:00 0.325381058883 0.674618941117 0 1 1
2014-04-17T15:00:00 0.355636276662 0.644363723338 0 2 2
2014-04-17T14:00:00 0.33586782143 0.66413217857 0 4 4
2014-04-17T13:00:00 0.33586782143 0.66413217857 0 4 4
2014-04-17T12:00:00 0.325545183101 0.674454816898 0 6 6
2014-04-17T11:00:00 0.325578007945 0.674421992055 0 5 5
2014-04-17T10:00:00 0.376842935259 0.623157064741 1 6 7
2014-04-17T09:00:00 0.375334842062 0.624665157938 1 5 6
2014-05-22T04:00:00 0.377548850103 0.622451149897 1 4 5
2014-05-22T03:00:00 0.377548850103 0.622451149897 1 4 5
2014-05-22T02:00:00 0.366922914132 0.633077085868 1 5 6
2014-05-22T01:00:00 0.3939101217 0.6060898783 1 3 4
2014-05-22T00:00:00 0.296589992754 0.703410007246 0 3 3
2014-05-21T23:00:00 0.322946764239 0.677053235761 0 2 2
2014-05-21T22:00:00 0.313793234278 0.686206765722 0 1 1
2014-05-21T21:00:00 0.313793234278 0.686206765722 0 1 1
2014-05-21T20:00:00 0.0 0.0 0 0 0
2014-05-21T19:00:00 0.360644911639 0.639355088361 1 9 10
2014-05-21T18:00:00 0.371345689067 0.628654310933 2 10 12
2014-05-21T17:00:00 0.371345689067 0.628654310933 2 10 12
2014-05-21T16:00:00 0.369863326911 0.630136673089 2 11 13
2014-05-21T15:00:00 0.361710335051 0.638289664949 2 22 24
2014-05-21T14:00:00 0.361392286434 0.638607713566 2 23 25
2014-05-21T13:00:00 0.354967384048 0.645032615952 1 24 25
2014-05-21T12:00:00 0.345847863446 0.654152136554 0 26 26
2014-05-21T11:00:00 0.345847863446 0.654152136554 0 26 26
2014-06-28T20:00:00 0.257191817603 0.742808182397 0 17 17
2014-06-28T19:00:00 0.258212277992 0.741787722008 0 22 22
2014-06-28T18:00:00 0.257382301191 0.742617698809 0 24 24
2014-06-28T17:00:00 0.26468021949 0.735319780511 0 22 22
2014-06-28T16:00:00 0.273291986177 0.726708013823 0 22 22
2014-06-28T15:00:00 0.258971686049 0.741028313951 0 19 19
2014-06-28T14:00:00 0.258225582015 0.741774417985 0 16 16
2014-06-28T13:00:00 0.246644581975 0.753355418025 0 10 10
2014-06-28T12:00:00 0.246242588374 0.753757411626 0 8 8
2014-11-07T01:00:00 0 0 0 0 0
2014-11-07T00:00:00 0 0 0 0 0
2014-11-06T23:00:00 0 0 0 0 0
2014-11-06T22:00:00 0 0 0 0 0
2014-11-06T21:00:00 0 0 0 0 0
2014-11-06T20:00:00 0 0 0 0 0
2014-11-06T19:00:00 0 0 0 0 0
2014-11-06T18:00:00 0 0 0 0 0
2014-11-06T17:00:00 0 0 0 0 0
2014-11-06T16:00:00 0 0 0 0 0
2014-11-06T15:00:00 0 0 0 0 0
2014-11-06T14:00:00 0 0 0 0 0
2014-11-06T13:00:00 0 0 0 0 0
2014-11-06T12:00:00 0 0 0 0 0
2014-11-06T11:00:00 0 0 0 0 0
2014-11-06T10:00:00 0 0 0 0 0
2014-11-06T09:00:00 0 0 0 0 0
2014-11-06T08:00:00 0 0 0 0 0
2014-11-06T07:00:00 0 0 0 0 0
2014-11-06T06:00:00 0 0 0 0 0
2014-11-06T05:00:00 0 0 0 0 0
2014-11-12T15:00:00 0 0 0 0 0
2014-11-12T14:00:00 0 0 0 0 0
2014-11-12T13:00:00 0 0 0 0 0
2014-11-12T12:00:00 0 0 0 0 0
2014-11-12T11:00:00 0 0 0 0 0
2014-11-12T10:00:00 0 0 0 0 0
2014-11-12T09:00:00 0 0 0 0 0
2014-11-12T08:00:00 0 0 0 0 0
2014-11-12T07:00:00 0 0 0 0 0
2014-11-12T06:00:00 0 0 0 0 0
2014-11-12T05:00:00 0 0 0 0 0
2014-11-12T04:00:00 0 0 0 0 0
2014-11-12T03:00:00 0 0 0 0 0
2014-11-12T02:00:00 0 0 0 0 0
2014-11-12T01:00:00 0 0 0 0 0
2014-11-12T00:00:00 0 0 0 0 0
2014-11-11T23:00:00 0 0 0 0 0
2014-11-17T13:00:00 0 0 0 0 0
2014-11-17T12:00:00 0 0 0 0 0
2014-11-17T11:00:00 0 0 0 0 0
2014-11-17T10:00:00 0 0 0 0 0
2014-11-17T09:00:00 0 0 0 0 0
2014-11-17T08:00:00 0 0 0 0 0
2014-11-17T07:00:00 0 0 0 0 0
2014-11-17T06:00:00 0 0 0 0 0
2014-11-17T05:00:00 0 0 0 0 0
2014-11-17T04:00:00 0 0 0 0 0
2014-11-17T01:00:00 0 0 0 0 0
2014-11-17T00:00:00 0 0 0 0 0
2014-11-16T23:00:00 0 0 0 0 0
