2013-06-11T22:00:00 0 0 0 0 0
2013-06-11T21:00:00 0 0 0 0 0
2013-06-11T20:00:00 0 0 0 0 0
2013-06-11T19:00:00 0 0 0 0 0
2013-06-11T18:00:00 0 0 0 0 0
2013-06-11T17:00:00 0 0 0 0 0
2013-06-11T16:00:00 0 0 0 0 0
2013-06-11T15:00:00 0 0 0 0 0
2013-06-11T14:00:00 0 0 0 0 0
2013-06-11T13:00:00 0 0 0 0 0
2013-06-11T12:00:00 0 0 0 0 0
2013-06-11T11:00:00 0 0 0 0 0
2013-06-11T10:00:00 0 0 0 0 0
2013-06-11T09:00:00 0 0 0 0 0
2013-06-11T08:00:00 0 0 0 0 0
2013-06-11T07:00:00 0 0 0 0 0
2013-06-11T06:00:00 0 0 0 0 0
2013-06-11T05:00:00 0 0 0 0 0
2013-06-11T04:00:00 0 0 0 0 0
2013-06-11T03:00:00 0 0 0 0 0
2013-06-11T02:00:00 0 0 0 0 0
2013-06-11T01:00:00 0 0 0 0 0
2013-06-11T00:00:00 0 0 0 0 0
2013-06-10T23:00:00 0 0 0 0 0
2013-11-20T21:00:00 0.452635139947 0.547364860053 2 2 4
2013-11-20T20:00:00 0.395201474477 0.604798525524 1 3 4
2013-11-20T19:00:00 0.367196841417 0.632803158583 1 4 5
2013-11-20T18:00:00 0.367196841417 0.632803158583 1 4 5
2013-11-20T17:00:00 0.353170614562 0.646829385438 1 5 6
2013-11-20T16:00:00 0.389888651544 0.610111348456 2 5 7
2013-11-20T15:00:00 0.446809784437 0.553190215563 2 3 5
2013-11-20T14:00:00 0.411523190564 0.588476809436 2 4 6
2013-11-20T13:00:00 0.51747730444 0.48252269556 4 3 7
2013-11-20T12:00:00 0.525414929826 0.474585070174 6 4 10
2013-11-20T11:00:00 0.555618653451 0.444381346549 7 3 10
2013-11-20T10:00:00 0.580607896086 0.419392103914 9 3 12
2013-11-20T09:00:00 0.588574085189 0.411425914811 11 3 14
2013-11-26T05:00:00 0.360168683386 0.639831316614 1 4 5
2013-11-26T04:00:00 0.409088159618 0.590911840382 2 5 7
2013-11-26T03:00:00 0.40059906261 0.59940093739 2 6 8
2013-11-26T02:00:00 0.40059906261 0.59940093739 2 6 8
2013-11-26T01:00:00 0.429007538954 0.570992461046 3 6 9
2013-11-26T00:00:00 0.44425192757 0.55574807243 3 5 8
2013-11-25T23:00:00 0.458124928714 0.541875071286 2 3 5
2013-11-25T22:00:00 0.409283647726 0.590716352274 1 2 3
2013-11-25T21:00:00 0.320702882928 0.679297117071 1 3 4
2013-11-25T20:00:00 0.296324980639 0.703675019361 1 5 6
2013-11-25T19:00:00 0.251585787723 0.748414212277 0 10 10
2013-11-25T18:00:00 0.290401418235 0.709598581765 1 12 13
2013-11-25T17:00:00 0.320411271961 0.679588728039 3 18 21
2013-11-25T16:00:00 0.362676343371 0.637323656629 7 25 32
2013-11-25T15:00:00 0.376605310567 0.623394689433 8 24 32
2013-11-25T14:00:00 0.392160487148 0.607839512852 9 24 33
2013-11-25T13:00:00 0.414340611303 0.585659388697 10 22 32
2013-11-25T12:00:00 0.407095952676 0.592904047324 9 24 33
2013-11-25T11:00:00 0.422503453916 0.577496546084 7 20 27
2013-11-25T10:00:00 0.401588389247 0.598411610753 3 15 18
2013-11-25T09:00:00 0.396291162066 0.603708837934 2 15 17
2013-11-25T08:00:00 0.380140462421 0.619859537579 1 14 15
2013-11-25T07:00:00 0.364837178584 0.635162821416 0 12 12
2013-11-25T06:00:00 0.402754671119 0.597245328881 1 8 9
2013-12-01T05:00:00 0.306721534175 0.693278465825 1 4 5
2013-12-01T04:00:00 0.296247353443 0.703752646557 1 5 6
2013-12-01T03:00:00 0.26856277435 0.73143722565 1 6 7
2013-12-01T02:00:00 0.319705767954 0.680294232046 2 5 7
2013-12-01T01:00:00 0.262483699102 0.737516300898 1 5 6
2013-12-01T00:00:00 0.294489378965 0.705510621035 1 4 5
2013-11-30T23:00:00 0.310707726541 0.689292273459 1 3 4
2013-11-30T22:00:00 0.319942100888 0.680057899112 1 5 6
2013-11-30T21:00:00 0.388666407729 0.611333592271 2 8 10
2013-11-30T20:00:00 0.388736890617 0.611263109383 2 8 10
2013-11-30T19:00:00 0.423719155759 0.576280844241 4 11 15
2013-11-30T18:00:00 0.414839781287 0.585160218713 4 12 16
2013-11-30T15:00:00 0.481991988618 0.518008011382 4 5 9
2013-11-30T14:00:00 0.423079749405 0.576920250595 3 8 11
2013-11-30T13:00:00 0.403085214394 0.596914785606 2 5 7
2013-11-30T12:00:00 0.404526417764 0.595473582236 2 5 7
2013-11-30T11:00:00 0.364546128408 0.635453871592 1 5 6
2013-11-30T10:00:00 0.369281371022 0.630718628978 1 4 5
2013-11-30T09:00:00 0.369281371022 0.630718628978 1 4 5
2013-11-30T08:00:00 0.463937637663 0.536062362337 1 1 2
2013-11-30T07:00:00 0.291737587803 0.708262412197 0 1 1
2013-11-30T06:00:00 0.337303712389 0.662696287611 0 1 1
2013-12-04T23:00:00 0.63203928855 0.36796071145 8 2 10
2013-12-04T22:00:00 0.542141220447 0.457858779554 8 4 12
2013-12-04T21:00:00 0.483917853382 0.516082146618 6 6 12
2013-12-04T20:00:00 0.463415876093 0.536584123907 7 9 16
2013-12-04T19:00:00 0.470547023724 0.529452976276 7 8 15
2013-12-04T18:00:00 0.470739874593 0.529260125407 8 9 17
2013-12-04T17:00:00 0.499844805403 0.500155194597 10 8 18
2013-12-04T16:00:00 0.537868774834 0.462131225166 9 6 15
2013-12-04T15:00:00 0.553913937613 0.446086062387 12 7 19
2013-12-04T14:00:00 0.605087669271 0.394912330729 12 4 16
2013-12-08T17:00:00 0.601213764401 0.398786235599 94 31 125
2013-12-08T16:00:00 0.62733525733 0.37266474267 106 23 129
2013-12-08T15:00:00 0.639047463187 0.360952536813 133 25 158
2013-12-08T14:00:00 0.641725852619 0.358274147381 152 31 183
2013-12-08T13:00:00 0.645318388619 0.354681611381 150 31 181
2013-12-08T12:00:00 0.646715415168 0.353284584832 142 27 169
2013-12-08T11:00:00 0.652835200179 0.347164799821 121 23 144
2013-12-08T10:00:00 0.655641086938 0.344358913062 95 18 113
2013-12-08T09:00:00 0.652031073193 0.347968926807 61 13 74
2013-12-08T08:00:00 0.694321320112 0.305678679888 28 2 30
2013-12-26T06:00:00 0.582779539991 0.417220460009 4 1 5
2013-12-26T05:00:00 0.586609186895 0.413390813105 7 2 9
2013-12-26T04:00:00 0.56043050797 0.43956949203 11 6 17
2013-12-26T03:00:00 0.569459571693 0.430540428307 17 9 26
2013-12-26T02:00:00 0.550337809901 0.449662190099 24 16 40
2013-12-26T01:00:00 0.555789229474 0.444210770526 32 18 50
2013-12-26T00:00:00 0.549792268186 0.450207731814 32 19 51
2013-12-25T23:00:00 0.561097943506 0.438902056494 34 18 52
2013-12-25T22:00:00 0.570681667547 0.429318332453 33 15 48
2013-12-25T21:00:00 0.572950632762 0.427049367238 30 13 43
2013-12-25T20:00:00 0.639550349392 0.360449650608 33 6 39
2013-12-25T19:00:00 0.628966772781 0.371033227219 37 9 46
2013-12-25T18:00:00 0.631552547776 0.368447452224 43 10 53
2013-12-29T07:00:00 0 0 0 0 0
2013-12-29T06:00:00 0 0 0 0 0
2013-12-29T05:00:00 0.691680313101 0.308319686899 1 0 1
2013-12-29T04:00:00 0.691680313101 0.308319686899 1 0 1
2013-12-29T03:00:00 0.691680313101 0.308319686899 1 0 1
2013-12-29T02:00:00 0.491774657702 0.508225342298 2 2 4
2013-12-29T01:00:00 0.491774657702 0.508225342298 2 2 4
2013-12-29T00:00:00 0.491774657702 0.508225342298 2 2 4
2013-12-28T23:00:00 0.425139439236 0.574860560764 1 2 3
2013-12-28T22:00:00 0.41170019969 0.58829980031 1 3 4
2013-12-28T21:00:00 0.402413496147 0.597586503853 2 5 7
2013-12-28T20:00:00 0.42264624761 0.57735375239 2 4 6
2013-12-28T19:00:00 0.399163495575 0.600836504425 2 6 8
2013-12-28T18:00:00 0.334944368379 0.665055631621 2 10 12
2013-12-28T17:00:00 0.31418194568 0.68581805432 2 14 16
2013-12-28T16:00:00 0.299909200654 0.700090799346 2 14 16
2013-12-28T15:00:00 0.304481411357 0.695518588643 2 13 15
2013-12-28T14:00:00 0.27398131736 0.72601868264 1 14 15
2013-12-28T13:00:00 0.291763652607 0.708236347392 2 12 14
2013-12-28T12:00:00 0.325866668055 0.674133331945 2 8 10
2013-12-28T11:00:00 0.375181328371 0.624818671629 2 4 6
2013-12-28T10:00:00 0.421613881916 0.578386118084 2 3 5
2013-12-28T09:00:00 0.389767258476 0.610232741524 1 2 3
2013-12-28T08:00:00 0.632401855046 0.367598144954 1 0 1
2013-12-31T21:00:00 0.509576312205 0.490423687795 3 2 5
2013-12-31T20:00:00 0.423012924602 0.576987075398 2 4 6
2013-12-31T19:00:00 0.45744514992 0.54255485008 2 3 5
2013-12-31T18:00:00 0.45744514992 0.54255485008 2 3 5
2013-12-31T17:00:00 0.554437202926 0.445562797074 6 3 9
2013-12-31T16:00:00 0.501473954325 0.498526045675 5 4 9
2013-12-31T15:00:00 0.571704694334 0.428295305666 9 4 13
2013-12-31T14:00:00 0.627343478369 0.372656521631 11 2 13
2013-12-31T13:00:00 0.589395860267 0.410604139733 12 4 16
2013-12-31T12:00:00 0.590181911947 0.409818088053 13 4 17
2014-01-19T18:00:00 0.636831275466 0.363168724534 5 1 6
2014-01-19T17:00:00 0.63405541298 0.36594458702 7 1 8
2014-01-19T16:00:00 0.631028968856 0.368971031144 6 1 7
2014-01-19T15:00:00 0.603850414387 0.396149585613 8 2 10
2014-01-19T14:00:00 0.615461781718 0.384538218282 10 2 12
2014-01-19T13:00:00 0.606478308386 0.393521691614 10 2 12
2014-01-19T12:00:00 0.606478308386 0.393521691614 10 2 12
2014-01-19T11:00:00 0.591104905665 0.408895094335 7 2 9
2014-01-19T10:00:00 0.580441868398 0.419558131602 6 2 8
2014-01-19T05:00:00 0.698668143612 0.301331856389 2 0 2
2014-01-19T04:00:00 0.707087093906 0.292912906094 3 0 3
2014-01-19T03:00:00 0.632331515334 0.367668484666 4 1 5
2014-01-29T23:00:00 0.629937300793 0.370062699207 5 1 6
2014-01-29T22:00:00 0.681599360341 0.318400639659 5 0 5
2014-01-29T21:00:00 0.664670479458 0.335329520542 5 0 5
2014-01-29T20:00:00 0.664670479458 0.335329520542 5 0 5
2014-01-29T19:00:00 0.634685128165 0.365314871835 3 0 3
2014-01-29T18:00:00 0.64611341631 0.35388658369 3 0 3
2014-01-29T17:00:00 0.66632879576 0.33367120424 2 0 2
2014-01-29T16:00:00 0.652492433273 0.347507566727 5 0 5
2014-01-29T15:00:00 0.675133997189 0.324866002811 6 0 6
2014-01-29T14:00:00 0.675133997189 0.324866002811 6 0 6
2014-01-29T13:00:00 0.635877577352 0.364122422648 8 1 9
2014-01-29T12:00:00 0.633171038779 0.366828961221 7 1 8
2014-01-29T11:00:00 0.633171038779 0.366828961221 7 1 8
2014-01-29T10:00:00 0.627112747078 0.372887252922 4 1 5
2014-01-29T09:00:00 0.557364737677 0.442635262323 2 1 3
2014-01-29T08:00:00 0.557364737677 0.442635262323 2 1 3
2014-01-29T07:00:00 0 0 0 0 0
2014-01-29T06:00:00 0 0 0 0 0
2014-01-29T05:00:00 0.0 0.0 0 0 0
2014-01-29T04:00:00 0.333889993652 0.666110006348 0 1 1
2014-01-29T03:00:00 0.333889993652 0.666110006348 0 1 1
2014-01-29T02:00:00 0.333889993652 0.666110006348 0 1 1
2014-01-29T01:00:00 0.333889993652 0.666110006348 0 1 1
2014-01-29T00:00:00 0.333889993652 0.666110006348 0 1 1
2014-02-01T21:00:00 0.442613791381 0.557386208619 2 3 5
2014-02-01T20:00:00 0.480334806204 0.519665193796 3 3 6
2014-02-01T19:00:00 0.564110722824 0.435889277176 7 3 10
2014-02-01T18:00:00 0.578815875977 0.421184124023 9 3 12
2014-02-01T17:00:00 0.641657181115 0.358342818885 15 2 17
2014-02-01T16:00:00 0.642162261963 0.357837738037 16 2 18
2014-02-01T15:00:00 0.645974071787 0.354025928213 17 2 19
2014-02-01T14:00:00 0.63942104857 0.36057895143 21 4 25
2014-02-01T13:00:00 0.629829896344 0.370170103656 17 4 21
2014-02-01T12:00:00 0.632621377339 0.367378622661 16 4 20
2014-02-01T11:00:00 0.649683038666 0.350316961334 9 2 11
2014-02-01T10:00:00 0.649576478894 0.350423521106 8 2 10
2014-02-01T09:00:00 0.638955217205 0.361044782795 6 2 8
2014-02-01T08:00:00 0.730683007026 0.269316992974 1 0 1
2014-02-01T07:00:00 0.730683007026 0.269316992974 2 0 2
2014-02-01T06:00:00 0.416569153407 0.583430846593 1 1 2
2014-02-01T05:00:00 0.416569153407 0.583430846593 1 1 2
2014-02-01T04:00:00 0.416569153407 0.583430846593 1 1 2
2014-01-31T23:00:00 0.630008365402 0.369991634598 4 1 5
2014-01-31T22:00:00 0.630008365402 0.369991634598 4 1 5
2014-02-19T21:00:00 0.274886370608 0.725113629392 1 19 20
2014-02-19T20:00:00 0.276335244159 0.723664755841 1 27 28
2014-02-19T19:00:00 0.286370914656 0.713629085344 2 34 36
2014-02-19T18:00:00 0.292160337344 0.707839662656 3 39 42
2014-02-19T17:00:00 0.300818449944 0.699181550056 4 36 40
2014-02-19T16:00:00 0.300093805751 0.699906194249 3 38 41
2014-02-19T15:00:00 0.316643757768 0.683356242232 5 40 45
2014-02-19T14:00:00 0.363728210356 0.636271789644 11 38 49
2014-02-19T13:00:00 0.413687195024 0.586312804976 16 31 47
2014-02-19T12:00:00 0.453617554797 0.546382445203 18 23 41
2014-02-19T11:00:00 0.48033927508 0.51966072492 19 20 39
2014-02-19T10:00:00 0.511536837083 0.488463162917 20 15 35
2014-02-19T09:00:00 0.567956202292 0.432043797708 20 8 28
2014-02-19T08:00:00 0.662979385825 0.337020614175 16 1 17
2014-02-19T07:00:00 0.682547848564 0.317452151436 13 0 13
2014-02-19T06:00:00 0.695055613026 0.304944386974 12 0 12
2014-02-19T05:00:00 0.692011906999 0.307988093001 12 0 12
2014-02-19T04:00:00 0.648349369258 0.351650630742 13 1 14
2014-02-19T03:00:00 0.613358219588 0.386641780412 12 2 14
2014-02-19T02:00:00 0.598636961433 0.401363038567 10 2 12
2014-02-19T01:00:00 0.577763515926 0.422236484074 8 2 10
2014-02-19T00:00:00 0.559452571568 0.440547428432 7 2 9
2014-02-18T23:00:00 0.531858977524 0.468141022476 7 3 10
2014-02-18T22:00:00 0.548453421771 0.451546578229 6 3 9
2014-04-17T08:00:00 0.404952579994 0.595047420006 1 3 4
2014-04-17T07:00:00 0.404952579994 0.595047420006 1 3 4
2014-04-17T06:00:00 0.505005253544 0.494994746456 1 1 2
2014-04-17T05:00:00 0.505005253544 0.494994746456 1 1 2
2014-04-17T04:00:00 0.676763776722 0.323236223278 1 0 1
2014-04-17T03:00:00 0.477379593312 0.522620406688 1 1 2
2014-04-17T02:00:00 0.418418075601 0.581581924399 1 2 3
2014-04-17T01:00:00 0.412552790761 0.587447209239 1 3 4
2014-04-17T00:00:00 0.412552790761 0.587447209239 1 3 4
2014-04-16T23:00:00 0.412552790761 0.587447209239 1 3 4
2014-04-16T22:00:00 0.299259656831 0.700740343169 0 5 5
2014-04-16T21:00:00 0.304575718563 0.695424281437 0 4 4
2014-04-16T20:00:00 0.305935944691 0.694064055309 0 3 3
2014-04-16T19:00:00 0.261425448916 0.738574551084 0 2 2
2014-04-16T18:00:00 0.246737385441 0.753262614559 0 3 3
2014-04-16T17:00:00 0.246737385441 0.753262614559 0 3 3
2014-04-16T16:00:00 0.21736125849 0.78263874151 0 1 1
2014-04-16T15:00:00 0.245253293803 0.754746706197 0 2 2
2014-04-16T14:00:00 0.245253293803 0.754746706197 0 2 2
2014-04-16T13:00:00 0.397511711766 0.602488288234 1 2 3
2014-04-16T12:00:00 0.487586938403 0.512413061597 1 1 2
2014-04-16T11:00:00 0.487586938403 0.512413061597 1 1 2
2014-04-16T10:00:00 0.487586938403 0.512413061597 1 1 2
2014-04-16T09:00:00 0.70202854769 0.29797145231 1 0 1
2014-05-21T10:00:00 0.345598778742 0.654401221258 0 25 25
2014-05-21T09:00:00 0.340510334084 0.659489665916 0 14 14
2014-05-21T08:00:00 0.339491196735 0.660508803265 0 13 13
2014-05-21T07:00:00 0.322519666932 0.677480333068 0 3 3
2014-05-21T06:00:00 0 0 0 0 0
2014-05-21T05:00:00 0 0 0 0 0
2014-05-21T04:00:00 0.0 0.0 0 0 0
2014-05-21T03:00:00 0.0 0.0 0 0 0
2014-05-21T02:00:00 0.0 0.0 0 0 0
2014-05-21T01:00:00 0.0 0.0 0 0 0
2014-05-21T00:00:00 0.0 0.0 0 0 0
2014-05-20T23:00:00 0.200200635562 0.799799364438 0 1 1
2014-05-20T22:00:00 0.297548148553 0.702451851447 0 2 2
2014-05-20T21:00:00 0.274497932256 0.725502067744 0 3 3
2014-05-20T20:00:00 0.253570159493 0.746429840507 0 9 9
2014-05-20T19:00:00 0.299735758976 0.700264241024 0 15 15
2014-05-20T18:00:00 0.299735758976 0.700264241024 0 15 15
2014-05-20T17:00:00 0.306845410648 0.693154589352 0 14 14
2014-05-20T16:00:00 0.298510845466 0.701489154534 0 14 14
2014-05-20T15:00:00 0.303904179759 0.696095820241 0 13 13
2014-05-20T14:00:00 0.353673581173 0.646326418827 0 8 8
2014-05-20T13:00:00 0.307741850093 0.692258149906 0 2 2
2014-05-20T12:00:00 0.31908183332 0.68091816668 0 3 3
2014-05-20T11:00:00 0.31908183332 0.68091816668 0 3 3
2014-07-10T17:00:00 0.298665997868 0.701334002132 1 20 21
2014-07-10T16:00:00 0.28899308518 0.71100691482 1 18 19
2014-07-10T15:00:00 0.28804946478 0.71195053522 2 21 23
2014-07-10T14:00:00 0.306078255398 0.693921744603 5 25 30
2014-07-10T13:00:00 0.304360261596 0.695639738404 5 31 36
2014-07-10T12:00:00 0.306306195785 0.693693804215 5 31 36
2014-07-10T11:00:00 0.319527698565 0.680472301435 6 29 35
2014-07-10T10:00:00 0.321340104847 0.678659895153 6 28 34
2014-07-10T09:00:00 0.330585262781 0.669414737219 5 22 27
2014-07-10T08:00:00 0.291151954352 0.708848045648 1 15 16
2014-07-10T07:00:00 0.367003307627 0.632996692373 1 3 4
2014-07-10T06:00:00 0.40420194826 0.59579805174 1 2 3
2014-07-10T05:00:00 0.237341476926 0.762658523074 0 2 2
2014-07-10T04:00:00 0.237341476926 0.762658523074 0 2 2
2014-07-10T03:00:00 0.243402493902 0.756597506098 0 3 3
2014-07-10T02:00:00 0.243402493902 0.756597506098 0 3 3
2014-07-10T01:00:00 0.254429196551 0.745570803449 0 4 4
2014-07-10T00:00:00 0.34815814518 0.65184185482 1 3 4
2014-07-09T23:00:00 0.379095481466 0.620904518534 1 3 4
2014-07-09T22:00:00 0.379095481466 0.620904518534 1 3 4
2014-07-09T21:00:00 0.420285799337 0.579714200663 1 2 3
2014-07-09T20:00:00 0.420285799337 0.579714200663 1 2 3
2014-07-09T19:00:00 0.486674046756 0.513325953244 1 1 2
2014-07-09T18:00:00 0.251225066838 0.748774933162 0 2 2
2014-11-06T04:00:00 0 0 0 0 0
2014-11-06T03:00:00 0 0 0 0 0
2014-11-06T02:00:00 0 0 0 0 0
2014-11-06T01:00:00 0 0 0 0 0
2014-11-06T00:00:00 0 0 0 0 0
2014-11-05T23:00:00 0 0 0 0 0
2014-11-05T22:00:00 0 0 0 0 0
2014-11-05T21:00:00 0 0 0 0 0
2014-11-05T20:00:00 0 0 0 0 0
2014-11-05T19:00:00 0 0 0 0 0
2014-11-05T18:00:00 0 0 0 0 0
2014-11-05T17:00:00 0 0 0 0 0
2014-11-05T16:00:00 0 0 0 0 0
2014-11-05T15:00:00 0 0 0 0 0
2014-11-05T14:00:00 0 0 0 0 0
2014-11-05T13:00:00 0 0 0 0 0
2014-11-05T12:00:00 0 0 0 0 0
2014-11-05T11:00:00 0 0 0 0 0
2014-11-05T10:00:00 0 0 0 0 0
2014-11-05T09:00:00 0 0 0 0 0
2014-11-05T08:00:00 0 0 0 0 0
2014-11-05T07:00:00 0 0 0 0 0
2014-11-05T06:00:00 0 0 0 0 0
2014-11-05T05:00:00 0 0 0 0 0
2014-11-11T22:00:00 0 0 0 0 0
2014-11-11T21:00:00 0 0 0 0 0
2014-11-11T20:00:00 0 0 0 0 0
2014-11-11T19:00:00 0 0 0 0 0
2014-11-11T18:00:00 0 0 0 0 0
2014-11-11T17:00:00 0 0 0 0 0
2014-11-11T16:00:00 0 0 0 0 0
2014-11-11T15:00:00 0 0 0 0 0
2014-11-11T14:00:00 0 0 0 0 0
2014-11-11T13:00:00 0 0 0 0 0
2014-11-11T12:00:00 0 0 0 0 0
2014-11-11T11:00:00 0 0 0 0 0
2014-11-11T10:00:00 0 0 0 0 0
2014-11-11T09:00:00 0 0 0 0 0
2014-11-11T08:00:00 0 0 0 0 0
2014-11-11T07:00:00 0 0 0 0 0
2014-11-11T06:00:00 0 0 0 0 0
2014-11-11T05:00:00 0 0 0 0 0
2014-11-11T04:00:00 0 0 0 0 0
2014-11-11T03:00:00 0 0 0 0 0
2014-11-11T02:00:00 0 0 0 0 0
2014-11-11T01:00:00 0 0 0 0 0
2014-11-11T00:00:00 0 0 0 0 0
2014-11-10T23:00:00 0 0 0 0 0
