2013-06-11T22:00:00Z 294.560000 1010.000000 80.000000 3.210000 315.501000 -1.000000 88.000000
2013-06-11T21:00:00Z 294.770000 1009.000000 75.000000 0.510000 45.000000 -1.000000 92.000000
2013-06-11T20:00:00Z 295.080000 1008.000000 75.000000 3.460000 324.526000 -1.000000 92.000000
2013-06-11T19:00:00Z 295.300000 1007.000000 75.000000 3.460000 324.526000 -1.000000 92.000000
2013-06-11T18:00:00Z 295.300000 1007.000000 75.000000 3.460000 324.526000 -1.000000 92.000000
2013-06-11T17:00:00Z 296.020000 1006.000000 73.000000 5.000000 320.000000 -1.000000 20.000000
2013-06-11T16:00:00Z 298.060000 1007.000000 70.000000 0.510000 270.000000 -1.000000 88.000000
2013-06-11T15:00:00Z 297.260000 1007.000000 71.000000 1.030000 248.000000 -1.000000 92.000000
2013-06-11T14:00:00Z 298.330000 1007.000000 70.000000 0.510000 45.000000 -1.000000 92.000000
2013-06-11T13:00:00Z 297.580000 1006.000000 64.000000 4.000000 350.000000 -1.000000 92.000000
2013-06-11T12:00:00Z 297.350000 1006.000000 69.000000 3.000000 330.000000 -1.000000 92.000000
2013-06-11T11:00:00Z 297.490000 1006.000000 69.000000 3.000000 330.000000 -1.000000 92.000000
2013-11-20T21:00:00Z 284.010000 1023.000000 58.000000 2.000000 100.000000 -1.000000 0.000000
2013-11-20T20:00:00Z 285.510000 1022.000000 54.000000 2.000000 90.000000 -1.000000 0.000000
2013-11-20T19:00:00Z 285.970000 1022.000000 41.000000 3.000000 100.000000 -1.000000 0.000000
2013-11-20T18:00:00Z 287.020000 1021.000000 23.000000 1.000000 0.000000 -1.000000 0.000000
2013-11-20T17:00:00Z 287.020000 1021.000000 23.000000 1.000000 0.000000 -1.000000 0.000000
2013-11-20T16:00:00Z 289.070000 1021.000000 21.000000 2.000000 280.000000 -1.000000 0.000000
2013-11-20T15:00:00Z 290.060000 1020.000000 22.000000 2.000000 300.000000 -1.000000 0.000000
2013-11-20T14:00:00Z 291.150000 1021.000000 20.000000 3.000000 280.000000 -1.000000 0.000000
2013-11-20T13:00:00Z 291.150000 1021.000000 23.000000 2.000000 240.000000 -1.000000 0.000000
2013-11-20T12:00:00Z 290.680000 1022.000000 23.000000 2.000000 260.000000 -1.000000 0.000000
2013-11-20T11:00:00Z 289.150000 1023.000000 29.000000 2.000000 280.000000 -1.000000 0.000000
2013-11-20T10:00:00Z 288.090000 1023.000000 42.000000 1.000000 0.000000 -1.000000 0.000000
2013-11-26T05:00:00Z 278.080000 1021.000000 81.000000 1.000000 210.000000 -1.000000 0.000000
2013-11-26T04:00:00Z 278.620000 1021.000000 81.000000 1.000000 220.000000 -1.000000 0.000000
2013-11-26T03:00:00Z 278.620000 1021.000000 81.000000 1.000000 220.000000 -1.000000 0.000000
2013-11-26T02:00:00Z 279.610000 1022.000000 75.000000 2.410000 322.500000 -1.000000 0.000000
2013-11-26T01:00:00Z 279.080000 1022.000000 75.000000 2.410000 322.500000 -1.000000 0.000000
2013-11-26T00:00:00Z 280.620000 1022.000000 70.000000 1.000000 190.000000 -1.000000 0.000000
2013-11-25T23:00:00Z 281.610000 1022.000000 61.000000 2.400000 316.500000 -1.000000 0.000000
2013-11-25T22:00:00Z 282.620000 1022.000000 91.000000 2.400000 316.500000 -1.000000 0.000000
2013-11-25T21:00:00Z 283.620000 1021.000000 50.000000 3.910000 310.000000 -1.000000 0.000000
2013-11-25T20:00:00Z 283.620000 1021.000000 50.000000 3.910000 310.000000 -1.000000 0.000000
2013-11-25T19:00:00Z 284.150000 1021.000000 68.000000 2.000000 270.000000 0.000000 0.000000
2013-11-25T18:00:00Z 284.620000 1020.000000 34.000000 4.000000 310.000000 0.000000 0.000000
2013-12-01T05:00:00Z 281.040000 1026.000000 41.000000 3.250000 264.000000 -1.000000 0.000000
2013-12-01T04:00:00Z 281.110000 1025.000000 41.000000 3.250000 264.000000 -1.000000 0.000000
2013-12-01T03:00:00Z 281.110000 1025.000000 41.000000 3.760000 243.500000 -1.000000 0.000000
2013-12-01T02:00:00Z 281.650000 1025.000000 41.000000 3.760000 243.500000 -1.000000 0.000000
2013-12-01T01:00:00Z 281.650000 1025.000000 41.000000 3.760000 243.500000 -1.000000 0.000000
2013-12-01T00:00:00Z 281.920000 1025.000000 41.000000 2.910000 233.000000 -1.000000 20.000000
2013-11-30T23:00:00Z 282.610000 1025.000000 79.000000 1.030000 202.000000 -1.000000 20.000000
2013-11-30T22:00:00Z 282.690000 1025.000000 40.000000 2.910000 233.000000 -1.000000 20.000000
2013-11-30T21:00:00Z 282.690000 1025.000000 40.000000 2.910000 233.000000 -1.000000 20.000000
2013-11-30T20:00:00Z 283.170000 1023.000000 32.000000 1.030000 315.000000 -1.000000 8.000000
2013-11-30T19:00:00Z 283.780000 1025.000000 79.000000 1.540000 248.000000 -1.000000 0.000000
2013-11-30T18:00:00Z 284.900000 1025.000000 43.000000 2.570000 292.000000 -1.000000 36.000000
2013-12-04T23:00:00Z 285.580000 1024.000000 88.000000 1.540000 45.000000 -1.000000 0.000000
2013-12-04T22:00:00Z 285.850000 1024.000000 88.000000 3.080000 45.000000 -1.000000 0.000000
2013-12-04T21:00:00Z 286.350000 1022.000000 79.000000 3.750000 107.501000 -1.000000 0.000000
2013-12-04T20:00:00Z 286.870000 1024.000000 39.000000 3.750000 107.501000 -1.000000 0.000000
2013-12-04T19:00:00Z 286.870000 1024.000000 39.000000 3.750000 107.501000 -1.000000 0.000000
2013-12-04T18:00:00Z 287.950000 1024.000000 54.000000 1.540000 135.000000 -1.000000 8.000000
2013-12-04T17:00:00Z 288.980000 1023.000000 38.000000 2.380000 97.500300 -1.000000 8.000000
2013-12-04T16:00:00Z 290.170000 1023.000000 37.000000 2.380000 97.500300 -1.000000 8.000000
2013-12-04T15:00:00Z 290.170000 1023.000000 37.000000 2.380000 97.500300 -1.000000 8.000000
2013-12-04T14:00:00Z 291.030000 1021.000000 52.000000 0.510000 248.000000 -1.000000 0.000000
2013-12-08T17:00:00Z 288.830000 1018.000000 64.000000 2.060000 135.000000 -1.000000 0.000000
2013-12-08T16:00:00Z 291.060000 1018.000000 64.000000 3.080000 180.000000 -1.000000 0.000000
2013-12-08T15:00:00Z 292.120000 1018.000000 57.000000 3.080000 270.000000 -1.000000 0.000000
2013-12-08T14:00:00Z 292.270000 1019.000000 57.000000 3.600000 180.000000 -1.000000 0.000000
2013-12-08T13:00:00Z 291.760000 1020.000000 57.000000 4.110000 270.000000 -1.000000 0.000000
2013-12-08T12:00:00Z 291.760000 1020.000000 57.000000 4.110000 270.000000 -1.000000 0.000000
2013-12-08T11:00:00Z 288.950000 1021.000000 65.000000 2.060000 225.000000 -1.000000 0.000000
2013-12-08T10:00:00Z 285.260000 1022.000000 65.000000 2.060000 225.000000 -1.000000 0.000000
2013-12-08T09:00:00Z 283.520000 1022.000000 90.000000 1.540000 180.000000 -1.000000 0.000000
2013-12-08T08:00:00Z 282.630000 1020.000000 93.000000 2.000000 140.000000 -1.000000 90.000000
2013-12-26T06:00:00Z 277.120000 1027.000000 88.000000 1.030000 135.000000 -1.000000 88.000000
2013-12-26T05:00:00Z 277.120000 1027.000000 88.000000 1.030000 135.000000 -1.000000 88.000000
2013-12-26T04:00:00Z 277.110000 1027.000000 88.000000 2.060000 135.000000 -1.000000 88.000000
2013-12-26T03:00:00Z 277.840000 1028.000000 86.000000 2.060000 270.000000 -1.000000 88.000000
2013-12-26T02:00:00Z 277.620000 1029.000000 89.000000 1.030000 45.000000 -1.000000 88.000000
2013-12-26T01:00:00Z 278.030000 1028.000000 84.000000 0.510000 315.000000 -1.000000 88.000000
2013-12-26T00:00:00Z 278.030000 1028.000000 84.000000 0.510000 315.000000 -1.000000 88.000000
2013-12-25T23:00:00Z 278.940000 1029.000000 83.000000 2.800000 33.000100 -1.000000 88.000000
2013-12-25T22:00:00Z 279.080000 1028.000000 84.000000 0.510000 45.000000 -1.000000 88.000000
2013-12-25T21:00:00Z 279.080000 1028.000000 84.000000 0.510000 45.000000 -1.000000 88.000000
2013-12-25T20:00:00Z 279.080000 1028.000000 84.000000 0.510000 45.000000 -1.000000 88.000000
2013-12-25T19:00:00Z 279.080000 1028.000000 84.000000 0.510000 45.000000 -1.000000 88.000000
2013-12-29T07:00:00Z 271.050000 1030.000000 83.000000 3.080000 248.000000 -1.000000 0.000000
2013-12-29T06:00:00Z 272.340000 1030.000000 64.000000 0.510000 300.000000 -1.000000 0.000000
2013-12-29T05:00:00Z 272.340000 1030.000000 64.000000 0.510000 300.000000 -1.000000 0.000000
2013-12-29T04:00:00Z 272.100000 1029.000000 82.000000 1.540000 45.000000 -1.000000 0.000000
2013-12-29T03:00:00Z 272.630000 1030.000000 83.000000 5.140000 292.000000 -1.000000 8.000000
2013-12-29T02:00:00Z 272.920000 1029.000000 83.000000 5.140000 270.000000 -1.000000 8.000000
2013-12-29T01:00:00Z 272.920000 1029.000000 83.000000 5.140000 270.000000 -1.000000 8.000000
2013-12-29T00:00:00Z 274.490000 1030.000000 84.000000 2.060000 270.000000 -1.000000 12.000000
2013-12-28T23:00:00Z 275.220000 1030.000000 84.000000 2.060000 315.000000 -1.000000 12.000000
2013-12-28T22:00:00Z 274.210000 1029.000000 69.000000 2.060000 270.000000 -1.000000 48.000000
2013-12-28T21:00:00Z 274.210000 1029.000000 69.000000 2.060000 270.000000 -1.000000 48.000000
2013-12-28T20:00:00Z 275.190000 1030.000000 69.000000 3.080000 270.000000 -1.000000 48.000000
2013-12-31T21:00:00Z 283.040000 1018.000000 36.000000 2.060000 226.000000 -1.000000 0.000000
2013-12-31T20:00:00Z 282.080000 1018.000000 31.000000 1.030000 235.000000 -1.000000 0.000000
2013-12-31T19:00:00Z 285.370000 1018.000000 23.000000 2.570000 167.000000 -1.000000 0.000000
2013-12-31T18:00:00Z 285.370000 1018.000000 23.000000 2.570000 167.000000 -1.000000 0.000000
2013-12-31T17:00:00Z 285.930000 1018.000000 21.000000 0.510000 336.000000 -1.000000 0.000000
2013-12-31T16:00:00Z 286.240000 1017.000000 19.000000 2.570000 291.000000 -1.000000 0.000000
2013-12-31T15:00:00Z 285.930000 1018.000000 21.000000 1.030000 298.000000 -1.000000 0.000000
2013-12-31T14:00:00Z 285.930000 1018.000000 21.000000 1.030000 298.000000 -1.000000 0.000000
2013-12-31T13:00:00Z 286.938000 1033.010000 32.000000 8.460000 273.000000 -1.000000 0.000000
2013-12-31T12:00:00Z 284.969000 1034.900000 44.000000 5.160000 259.500000 -1.000000 0.000000
2014-01-19T18:00:00Z 281.910000 1040.080000 54.000000 4.950000 180.000000 -1.000000 12.000000
2014-01-19T17:00:00Z 281.910000 1040.080000 54.000000 4.950000 180.000000 -1.000000 12.000000
2014-01-19T16:00:00Z 281.910000 1040.080000 54.000000 4.950000 180.000000 -1.000000 12.000000
2014-01-19T15:00:00Z 284.418000 1041.370000 50.000000 4.760000 170.000000 -1.000000 0.000000
2014-01-19T14:00:00Z 284.418000 1041.370000 50.000000 4.760000 170.000000 -1.000000 0.000000
2014-01-19T13:00:00Z 284.418000 1041.370000 50.000000 4.760000 170.000000 -1.000000 0.000000
2014-01-19T12:00:00Z 281.916000 1044.300000 59.000000 2.060000 177.000000 -1.000000 0.000000
2014-01-19T11:00:00Z 281.916000 1044.300000 59.000000 2.060000 177.000000 -1.000000 0.000000
2014-01-19T10:00:00Z 281.916000 1044.300000 59.000000 2.060000 177.000000 -1.000000 0.000000
2014-01-29T23:00:00Z 284.470000 1019.000000 89.000000 1.540000 270.000000 0.000000 88.000000
2014-01-29T22:00:00Z 284.750000 1016.000000 86.000000 0.510000 233.000000 0.000000 88.000000
2014-01-29T21:00:00Z 284.870000 1019.000000 93.000000 1.030000 248.000000 -1.000000 92.000000
2014-01-29T20:00:00Z 285.280000 1019.000000 93.000000 0.510000 0.000000 -1.000000 92.000000
2014-01-29T19:00:00Z 285.250000 1018.000000 93.000000 2.900000 233.500000 -1.000000 92.000000
2014-01-29T18:00:00Z 285.920000 1019.000000 71.000000 1.030000 225.000000 -1.000000 92.000000
2014-01-29T17:00:00Z 285.920000 1019.000000 71.000000 1.030000 225.000000 -1.000000 92.000000
2014-01-29T16:00:00Z 286.760000 1019.000000 81.000000 0.510000 230.000000 0.250000 92.000000
2014-01-29T15:00:00Z 287.610000 1017.000000 60.000000 2.060000 135.000000 -1.000000 68.000000
2014-01-29T14:00:00Z 287.740000 1019.000000 60.000000 3.600000 180.000000 -1.000000 68.000000
2014-01-29T13:00:00Z 286.960000 1019.000000 57.000000 3.600000 135.000000 -1.000000 76.000000
2014-01-29T12:00:00Z 286.960000 1019.000000 57.000000 3.600000 135.000000 -1.000000 76.000000
2014-02-01T21:00:00Z 292.270000 1013.000000 67.000000 1.540000 202.000000 -1.000000 0.000000
2014-02-01T20:00:00Z 293.710000 1014.000000 64.000000 3.080000 270.000000 -1.000000 36.000000
2014-02-01T19:00:00Z 294.400000 1014.000000 64.000000 3.080000 315.000000 -1.000000 36.000000
2014-02-01T18:00:00Z 294.820000 1013.000000 45.000000 2.570000 292.000000 -1.000000 32.000000
2014-02-01T17:00:00Z 296.640000 1012.000000 45.000000 2.060000 315.000000 -1.000000 32.000000
2014-02-01T16:00:00Z 297.040000 1012.000000 45.000000 2.570000 248.000000 -1.000000 0.000000
2014-02-01T15:00:00Z 296.570000 1012.000000 50.000000 3.600000 0.000000 -1.000000 32.000000
2014-02-01T14:00:00Z 296.280000 1013.000000 52.000000 3.080000 192.000000 -1.000000 12.000000
2014-02-01T13:00:00Z 296.280000 1013.000000 52.000000 3.080000 192.000000 -1.000000 12.000000
2014-02-01T12:00:00Z 294.390000 1013.000000 65.000000 3.080000 248.000000 -1.000000 32.000000
2014-02-01T11:00:00Z 291.410000 1014.000000 65.000000 3.080000 202.000000 -1.000000 32.000000
2014-02-01T10:00:00Z 290.660000 1011.000000 83.000000 4.110000 199.000000 -1.000000 32.000000
2014-02-19T21:00:00Z 277.150000 1028.000000 60.000000 3.000000 290.000000 -1.000000 0.000000
2014-02-19T20:00:00Z 277.150000 1028.000000 64.000000 3.000000 330.000000 -1.000000 0.000000
2014-02-19T19:00:00Z 277.150000 1028.000000 64.000000 3.000000 330.000000 -1.000000 0.000000
2014-02-19T18:00:00Z 277.150000 1027.000000 69.000000 3.000000 320.000000 -1.000000 0.000000
2014-02-19T17:00:00Z 278.150000 1026.000000 65.000000 5.000000 330.000000 -1.000000 76.000000
2014-02-19T16:00:00Z 278.150000 1026.000000 65.000000 5.000000 330.000000 -1.000000 76.000000
2014-02-19T15:00:00Z 278.150000 1026.000000 75.000000 5.000000 300.000000 0.000000 90.000000
2014-02-19T14:00:00Z 278.150000 1026.000000 75.000000 5.000000 300.000000 0.000000 90.000000
2014-02-19T13:00:00Z 277.150000 1026.000000 91.000000 6.000000 330.000000 0.000000 90.000000
2014-02-19T12:00:00Z 277.150000 1026.000000 91.000000 6.000000 330.000000 0.000000 90.000000
2014-02-19T11:00:00Z 276.690000 1027.000000 86.000000 6.000000 320.000000 0.000000 90.000000
2014-02-19T10:00:00Z 276.690000 1027.000000 86.000000 6.000000 320.000000 0.000000 90.000000
2014-04-17T08:00:00Z 290.480000 1012.000000 94.000000 2.610000 140.501000 4.000000 92.000000
2014-04-17T07:00:00Z 289.320000 1009.000000 85.000000 0.510000 315.000000 -1.000000 92.000000
2014-04-17T06:00:00Z 289.330000 1008.000000 88.000000 5.220000 157.001000 0.000000 76.000000
2014-04-17T05:00:00Z 289.330000 1008.000000 88.000000 5.220000 157.001000 0.000000 76.000000
2014-04-17T04:00:00Z 289.440000 1006.000000 96.000000 0.510000 152.000000 -1.000000 76.000000
2014-04-17T03:00:00Z 289.510000 1010.000000 90.000000 1.220000 166.500000 -1.000000 68.000000
2014-04-17T02:00:00Z 289.630000 1009.000000 87.000000 5.370000 151.002000 0.000000 92.000000
2014-04-17T01:00:00Z 289.760000 1011.000000 89.000000 0.510000 292.000000 0.000000 92.000000
2014-04-17T00:00:00Z 289.760000 1011.000000 89.000000 0.510000 292.000000 0.000000 92.000000
2014-04-16T23:00:00Z 290.380000 1012.000000 90.000000 1.210000 180.001000 -1.000000 8.000000
2014-04-16T22:00:00Z 290.760000 1011.000000 90.000000 1.210000 180.001000 -1.000000 8.000000
2014-04-16T21:00:00Z 290.900000 1012.000000 85.000000 1.990000 198.506000 -1.000000 0.000000
2014-05-21T10:00:00Z 298.420000 1011.000000 61.000000 1.910000 113.002000 -1.000000 0.000000
2014-05-21T09:00:00Z 296.640000 1010.000000 74.000000 2.060000 146.502000 -1.000000 8.000000
2014-05-21T08:00:00Z 294.340000 1011.000000 74.000000 1.540000 90.000000 -1.000000 8.000000
2014-05-21T07:00:00Z 291.650000 1011.000000 74.000000 2.060000 315.000000 -1.000000 8.000000
2014-05-21T06:00:00Z 290.600000 1010.000000 98.000000 2.860000 167.001000 -1.000000 64.000000
2014-05-21T05:00:00Z 290.730000 1010.000000 98.000000 1.540000 180.000000 -1.000000 64.000000
2014-05-21T04:00:00Z 289.144000 1022.610000 98.000000 2.860000 167.001000 -1.000000 64.000000
2014-05-21T03:00:00Z 290.007000 1022.070000 95.000000 2.760000 121.004000 -1.000000 68.000000
2014-05-21T02:00:00Z 290.007000 1022.070000 95.000000 2.760000 121.004000 -1.000000 68.000000
2014-05-21T01:00:00Z 291.750000 1009.000000 77.000000 3.000000 180.000000 -1.000000 0.000000
2014-05-21T00:00:00Z 291.975000 1021.840000 78.000000 3.430000 76.001200 -1.000000 76.000000
2014-05-20T23:00:00Z 291.975000 1021.840000 78.000000 3.430000 76.001200 -1.000000 76.000000
2014-07-10T17:00:00Z 303.960000 1000.000000 49.000000 3.000000 10.000000 -1.000000 40.000000
2014-07-10T16:00:00Z 304.380000 1000.000000 47.000000 5.000000 280.000000 5.000000 20.000000
2014-07-10T15:00:00Z 304.380000 1000.000000 47.000000 5.000000 280.000000 5.000000 20.000000
2014-07-10T14:00:00Z 303.250000 1001.000000 50.000000 3.000000 280.000000 -1.000000 75.000000
2014-07-10T13:00:00Z 305.510000 1001.000000 52.000000 3.000000 250.000000 -1.000000 40.000000
2014-07-10T12:00:00Z 305.070000 1002.000000 59.000000 3.000000 270.000000 -1.000000 75.000000
2014-07-10T11:00:00Z 305.070000 1002.000000 59.000000 3.000000 270.000000 -1.000000 75.000000
2014-07-10T10:00:00Z 304.070000 1002.000000 62.000000 3.000000 270.000000 -1.000000 20.000000
2014-07-10T09:00:00Z 303.610000 1003.000000 66.000000 3.000000 240.000000 -1.000000 0.000000
2014-07-10T08:00:00Z 301.610000 1002.000000 79.000000 2.000000 290.000000 -1.000000 0.000000
2014-07-10T07:00:00Z 299.620000 1002.000000 88.000000 1.000000 280.000000 -1.000000 44.000000
2014-07-10T06:00:00Z 299.620000 1002.000000 88.000000 1.000000 280.000000 -1.000000 44.000000
2014-11-06T04:00:00Z 284.769000 1032.790000 94.000000 2.020000 286.003000 -1.000000 12.000000
2014-11-06T03:00:00Z 289.150000 1019.000000 87.000000 4.000000 320.000000 -1.000000 0.000000
2014-11-06T02:00:00Z 289.150000 1019.000000 87.000000 4.000000 320.000000 -1.000000 0.000000
2014-11-06T01:00:00Z 290.150000 1019.000000 82.000000 1.000000 150.000000 -1.000000 0.000000
2014-11-06T00:00:00Z 290.150000 1019.000000 82.000000 1.000000 150.000000 -1.000000 0.000000
2014-11-05T23:00:00Z 290.150000 1019.000000 82.000000 2.000000 130.000000 -1.000000 0.000000
2014-11-05T22:00:00Z 290.150000 1019.000000 77.000000 3.000000 30.000000 -1.000000 64.000000
2014-11-05T21:00:00Z 291.150000 1019.000000 68.000000 3.000000 90.000000 -1.000000 64.000000
2014-11-05T20:00:00Z 290.630000 1019.000000 63.000000 3.000000 120.000000 -1.000000 24.000000
2014-11-05T19:00:00Z 291.090000 1017.000000 55.000000 4.000000 140.000000 -1.000000 0.000000
2014-11-05T18:00:00Z 291.090000 1017.000000 55.000000 4.000000 140.000000 -1.000000 0.000000
2014-11-05T17:00:00Z 292.100000 1017.000000 52.000000 4.000000 150.000000 -1.000000 0.000000
2014-11-11T22:00:00Z 287.620000 1020.000000 72.000000 3.000000 310.000000 -1.000000 32.000000
2014-11-11T21:00:00Z 288.090000 1019.000000 67.000000 4.000000 290.000000 -1.000000 36.000000
2014-11-11T20:00:00Z 289.100000 1019.000000 59.000000 3.000000 290.000000 -1.000000 0.000000
2014-11-11T19:00:00Z 290.090000 1018.000000 48.000000 3.000000 290.000000 -1.000000 0.000000
2014-11-11T18:00:00Z 290.100000 1017.000000 45.000000 1.000000 0.000000 -1.000000 0.000000
2014-11-11T17:00:00Z 290.100000 1017.000000 45.000000 1.000000 0.000000 -1.000000 0.000000
2014-11-11T16:00:00Z 291.100000 1017.000000 39.000000 2.000000 0.000000 -1.000000 0.000000
2014-11-11T15:00:00Z 291.090000 1018.000000 39.000000 5.000000 320.000000 -1.000000 0.000000
2014-11-11T14:00:00Z 292.090000 1017.000000 34.000000 4.000000 340.000000 -1.000000 0.000000
2014-11-11T13:00:00Z 292.090000 1017.000000 34.000000 4.000000 340.000000 -1.000000 0.000000
2014-11-11T12:00:00Z 291.630000 1018.000000 42.000000 2.000000 0.000000 -1.000000 0.000000
2014-11-11T11:00:00Z 291.150000 1020.000000 48.000000 2.000000 0.000000 -1.000000 0.000000
