2013-06-01T04:00:00 0 0 0 0 0 1 0.0 0.0
2013-06-01T03:00:00 0 0 0 0 0 0 0 0
2013-06-01T02:00:00 0 0 0 0 0 0 0 0
2013-06-01T01:00:00 0 0 0 0 0 0 0 0
2013-06-01T00:00:00 0 0 0 0 0 0 0 0
2013-05-31T23:00:00 0 0 0 0 0 0 0 0
2013-06-02T14:00:00 0 0 0 0 0 1 0.0 0.0
2013-06-02T13:00:00 0 0 0 0 0 1 0.0 0.0
2013-06-02T12:00:00 0 0 0 0 0 1 0.0 0.0
2013-06-02T11:00:00 0 0 0 0 0 0 0 0
2013-06-02T10:00:00 0 0 0 0 0 0 0 0
2013-06-02T09:00:00 0 0 0 0 0 0 0 0
2013-06-05T20:00:00 0 0 0 0 0 0 0 0
2013-06-05T19:00:00 0 0 0 0 0 0 0 0
2013-06-05T18:00:00 0 0 0 0 0 0 0 0
2013-06-05T17:00:00 0 0 0 0 0 0 0 0
2013-06-05T16:00:00 0 0 0 0 0 0 0 0
2013-06-05T15:00:00 0 0 0 0 0 0 0 0
2013-06-14T16:00:00 0 0 0 0 0 2 0.0 0.0
2013-06-14T15:00:00 0 0 0 0 0 2 0.0 0.0
2013-06-14T14:00:00 0 0 0 0 0 1 0.0 0.0
2013-06-14T13:00:00 0 0 0 0 0 0 0 0
2013-06-14T12:00:00 0 0 0 0 0 0 0 0
2013-06-14T11:00:00 0 0 0 0 0 1 0.0 0.0
2013-06-15T17:00:00 0 0 0 0 0 1 0.0 0.0
2013-06-15T16:00:00 0 0 0 0 0 1 0.0 0.0
2013-06-15T15:00:00 0 0 0 0 0 1 0.0 0.0
2013-06-15T14:00:00 0 0 0 0 0 1 0.0 0.0
2013-06-15T13:00:00 0 0 0 0 0 1 0.0 0.0
2013-06-15T12:00:00 0 0 0 0 0 2 0.0 0.0
2013-06-26T01:00:00 0 0 0 0 0 3 0.0 0.0
2013-06-26T00:00:00 0 0 0 0 0 3 0.0 0.0
2013-06-25T23:00:00 0 0 0 0 0 3 0.0 0.0
2013-06-25T22:00:00 0 0 0 0 0 2 0.0 0.0
2013-06-25T21:00:00 0 0 0 0 0 2 0.0 0.0
2013-06-25T20:00:00 0 0 0 0 0 2 0.0 0.0
2013-06-28T05:00:00 0 0 0 0 0 1 0.0 0.0
2013-06-28T04:00:00 0 0 0 0 0 1 0.0 0.0
2013-06-28T03:00:00 0 0 0 0 0 1 0.0 0.0
2013-06-28T02:00:00 0 0 0 0 0 1 0.0 0.0
2013-06-28T01:00:00 0 0 0 0 0 1 0.0 0.0
2013-06-28T00:00:00 0 0 0 0 0 1 0.0 0.0
2013-06-30T01:00:00 0 0 0 0 0 1 0.0 0.0
2013-06-30T00:00:00 0 0 0 0 0 1 0.0 0.0
2013-06-29T23:00:00 0 0 0 0 0 2 0.0 0.0
2013-06-29T22:00:00 0 0 0 0 0 2 0.0 0.0
2013-06-29T21:00:00 0 0 0 0 0 3 0.0 0.0
2013-06-29T20:00:00 0 0 0 0 0 5 0.0 0.0
2013-07-18T14:00:00 0 0 0 0 0 631 0.0 0.0
2013-07-18T13:00:00 0 0 0 0 0 561 0.0 0.0
2013-07-18T12:00:00 0 0 0 0 0 513 0.0 0.0
2013-07-18T11:00:00 0 0 0 0 0 495 0.0 0.0
2013-07-18T10:00:00 0 0 0 0 0 551 0.0 0.0
2013-07-18T09:00:00 0 0 0 0 0 566 0.0 0.0
2013-08-15T21:00:00 0.90610278801 0.0938972119901 2 0 2 811 0.00246609124538 0.0
2013-08-15T20:00:00 0.90610278801 0.0938972119901 2 0 2 812 0.00246305418719 0.0
2013-08-15T19:00:00 0.90610278801 0.0938972119901 2 0 2 810 0.00246913580247 0.0
2013-08-15T18:00:00 0.938535455062 0.0614645449383 1 0 1 792 0.00126262626263 0.0
2013-08-15T17:00:00 0 0 0 0 0 728 0.0 0.0
2013-08-15T16:00:00 0 0 0 0 0 671 0.0 0.0
2013-09-12T15:00:00 0.940654485262 0.0593455147378 1 0 1 481 0.002079002079 0.0
2013-09-12T14:00:00 0.0 0.0 0 0 0 423 0.0 0.0
2013-09-12T13:00:00 0.0 0.0 0 0 0 360 0.0 0.0
2013-09-12T12:00:00 0.0 0.0 0 0 0 329 0.0 0.0
2013-09-12T11:00:00 0 0 0 0 0 313 0.0 0.0
2013-09-12T10:00:00 0 0 0 0 0 345 0.0 0.0
2013-09-19T22:00:00 0.439747651643 0.560252348357 1 1 2 2102 0.000475737392959 0.000475737392959
2013-09-19T21:00:00 0.439747651643 0.560252348357 1 1 2 1995 0.000501253132832 0.000501253132832
2013-09-19T20:00:00 0.693512516563 0.306487483437 1 0 1 1866 0.0005359056806 0.0
2013-09-19T19:00:00 0.0 0.0 0 0 0 1711 0.0 0.0
2013-09-19T18:00:00 0.0 0.0 0 0 0 1569 0.0 0.0
2013-09-19T17:00:00 0.764756220604 0.235243779396 2 0 2 1418 0.00141043723554 0.0
2013-09-27T17:00:00 0.76712717635 0.23287282365 1 0 1 580 0.00172413793103 0.0
2013-09-27T16:00:00 0.76712717635 0.23287282365 1 0 1 514 0.00194552529183 0.0
2013-09-27T15:00:00 0.76712717635 0.23287282365 1 0 1 468 0.00213675213675 0.0
2013-09-27T14:00:00 0 0 0 0 0 402 0.0 0.0
2013-09-27T13:00:00 0 0 0 0 0 371 0.0 0.0
2013-09-27T12:00:00 0 0 0 0 0 329 0.0 0.0
2013-10-04T21:00:00 0.790913648157 0.209086351843 17 0 17 2588 0.00656877897991 0.0
2013-10-04T20:00:00 0.783658472064 0.216341527936 19 0 19 2562 0.00741608118657 0.0
2013-10-04T19:00:00 0.770340279323 0.229659720678 14 0 14 2501 0.00559776089564 0.0
2013-10-04T18:00:00 0.768010821713 0.231989178287 13 0 13 2396 0.00542570951586 0.0
2013-10-04T17:00:00 0.781250291213 0.218749708787 11 0 11 2165 0.00508083140878 0.0
2013-10-04T16:00:00 0.809311815528 0.190688184472 6 0 6 1974 0.00303951367781 0.0
2013-10-09T19:00:00 0.635914059581 0.364085940419 1 0 1 652 0.00153374233129 0.0
2013-10-09T18:00:00 0.635914059581 0.364085940419 1 0 1 617 0.00162074554295 0.0
2013-10-09T17:00:00 0.635914059581 0.364085940419 1 0 1 583 0.00171526586621 0.0
2013-10-09T16:00:00 0 0 0 0 0 531 0.0 0.0
2013-10-09T15:00:00 0 0 0 0 0 477 0.0 0.0
2013-10-09T14:00:00 0 0 0 0 0 426 0.0 0.0
2013-10-27T14:00:00 0.771096341274 0.228903658726 2 0 2 894 0.00223713646532 0.0
2013-10-27T13:00:00 0.771096341274 0.228903658726 2 0 2 779 0.00256739409499 0.0
2013-10-27T12:00:00 0.771096341274 0.228903658726 2 0 2 682 0.00293255131965 0.0
2013-10-27T11:00:00 0.771096341274 0.228903658726 2 0 2 666 0.003003003003 0.0
2013-10-27T10:00:00 0.887784240579 0.112215759421 1 0 1 705 0.00141843971631 0.0
2013-10-27T09:00:00 0.887784240579 0.112215759421 1 0 1 726 0.00137741046832 0.0
2013-10-31T12:00:00 0 0 0 0 0 453 0.0 0.0
2013-10-31T11:00:00 0 0 0 0 0 492 0.0 0.0
2013-10-31T10:00:00 0 0 0 0 0 551 0.0 0.0
2013-10-31T09:00:00 0 0 0 0 0 607 0.0 0.0
2013-10-31T08:00:00 0 0 0 0 0 646 0.0 0.0
2013-10-31T07:00:00 0 0 0 0 0 697 0.0 0.0
2013-11-08T20:00:00 0.878339120898 0.121660879102 5 0 5 2035 0.002457002457 0.0
2013-11-08T19:00:00 0.878339120898 0.121660879102 5 0 5 1972 0.0025354969574 0.0
2013-11-08T18:00:00 0.887321189962 0.112678810038 5 0 5 1836 0.00272331154684 0.0
2013-11-08T17:00:00 0.853726917709 0.146273082291 3 0 3 1664 0.00180288461538 0.0
2013-11-08T16:00:00 0.790427422427 0.209572577573 6 0 6 1533 0.00391389432485 0.0
2013-11-08T15:00:00 0.741104875531 0.25889512447 4 0 4 1380 0.00289855072464 0.0
2013-11-13T17:00:00 0.878469499644 0.121530500356 1 0 1 4529 0.000220799293442 0.0
2013-11-13T16:00:00 0 0 0 0 0 4185 0.0 0.0
2013-11-13T15:00:00 0 0 0 0 0 3816 0.0 0.0
2013-11-13T14:00:00 0.834200994707 0.165799005293 3 0 3 3417 0.000877963125549 0.0
2013-11-13T13:00:00 0.707931559779 0.292068440221 4 1 5 3136 0.00127551020408 0.00031887755102
2013-11-13T12:00:00 0.707931559779 0.292068440221 4 1 5 3041 0.00131535679053 0.000328839197632
2013-11-22T18:00:00 0.811255085806 0.188744914194 28 0 28 11325 0.00247240618102 0.0
2013-11-22T17:00:00 0.815467943027 0.184532056973 23 0 23 10369 0.00221815025557 0.0
2013-11-22T16:00:00 0.791305559921 0.208694440079 18 0 18 9217 0.00195291309537 0.0
2013-11-22T15:00:00 0.795654915449 0.204345084551 21 0 21 8311 0.00252677174829 0.0
2013-11-22T14:00:00 0.786111655096 0.213888344904 19 0 19 7397 0.0025686088955 0.0
2013-11-22T13:00:00 0.785965088974 0.214034911026 17 0 17 6497 0.00261659227336 0.0
2013-12-06T21:00:00 0.732900471721 0.267099528279 21 1 22 8742 0.00240219629375 0.000114390299703
2013-12-06T20:00:00 0.759261158999 0.240738841001 24 1 25 8042 0.00298433225566 0.000124347177319
2013-12-06T19:00:00 0.747807258036 0.252192741964 22 2 24 7493 0.00293607366876 0.000266915788069
2013-12-06T18:00:00 0.791926633766 0.208073366234 14 1 15 6958 0.00201207243461 0.000143719459615
2013-12-06T17:00:00 0.773924935285 0.226075064715 9 1 10 6358 0.00141553947782 0.000157282164203
2013-12-06T16:00:00 0.772586975295 0.227413024705 5 1 6 5681 0.00088012673825 0.00017602534765
2013-12-22T18:00:00 0.784851323043 0.215148676957 5 0 5 6659 0.000750863493017 0.0
2013-12-22T17:00:00 0.776906630663 0.223093369337 3 0 3 5913 0.00050735667174 0.0
2013-12-22T16:00:00 0.878348416182 0.121651583818 1 0 1 5224 0.000191424196018 0.0
2013-12-22T15:00:00 0.887847139176 0.112152860824 2 0 2 4544 0.00044014084507 0.0
2013-12-22T14:00:00 0.758998139929 0.241001860071 2 0 2 4369 0.000457770656901 0.0
2013-12-22T13:00:00 0.818295340493 0.181704659507 3 0 3 4580 0.000655021834061 0.0
2014-01-04T11:00:00 0.896841213865 0.103158786135 2 0 2 3908 0.000511770726714 0.0
2014-01-04T10:00:00 0 0 0 0 0 3781 0.0 0.0
2014-01-04T09:00:00 0 0 0 0 0 3781 0.0 0.0
2014-01-04T08:00:00 0 0 0 0 0 4078 0.0 0.0
2014-01-04T07:00:00 0 0 0 0 0 4548 0.0 0.0
2014-01-04T06:00:00 0 0 0 0 0 5096 0.0 0.0
2014-01-05T22:00:00 0.835652252464 0.164347747536 5 0 5 9442 0.000529548824402 0.0
2014-01-05T21:00:00 0.851275609842 0.148724390158 5 0 5 7901 0.000632831287179 0.0
2014-01-05T20:00:00 0.810957286962 0.189042713039 6 0 6 7248 0.000827814569536 0.0
2014-01-05T19:00:00 0.785770796029 0.214229203971 5 0 5 7159 0.000698421567258 0.0
2014-01-05T18:00:00 0.754971700861 0.245028299139 8 0 8 6892 0.00116076610563 0.0
2014-01-05T17:00:00 0.728443478105 0.271556521895 8 0 8 6516 0.0012277470841 0.0
2014-01-11T15:00:00 0.689722497716 0.310277502284 3 0 3 6839 0.000438660622898 0.0
2014-01-11T14:00:00 0.689722497716 0.310277502284 3 0 3 6521 0.000460052139242 0.0
2014-01-11T13:00:00 0.689722497716 0.310277502284 3 0 3 6275 0.000478087649402 0.0
2014-01-11T12:00:00 0.689722497716 0.310277502284 3 0 3 6690 0.000448430493274 0.0
2014-01-11T11:00:00 0.704609231527 0.295390768473 2 0 2 7536 0.000265392781316 0.0
2014-01-11T10:00:00 0.704609231527 0.295390768473 2 0 2 8569 0.000233399463181 0.0
2014-01-17T17:00:00 0.653981884487 0.346018115513 4 0 4 6329 0.000632011376205 0.0
2014-01-17T16:00:00 0.697282533132 0.302717466868 6 0 6 5637 0.0010643959553 0.0
2014-01-17T15:00:00 0.735922405034 0.264077594967 4 0 4 5003 0.000799520287827 0.0
2014-01-17T14:00:00 0.756408848823 0.243591151177 3 0 3 4390 0.000683371298405 0.0
2014-01-17T13:00:00 0.762197686641 0.237802313359 5 0 5 3932 0.00127161749746 0.0
2014-01-18T20:00:00 0.72689600483 0.27310399517 13 1 14 8185 0.00158827122786 0.000122174709835
2014-01-18T19:00:00 0.73561141783 0.26438858217 14 1 15 8097 0.00172903544523 0.000123502531802
2014-01-18T18:00:00 0.756664057259 0.243335942741 17 1 18 7715 0.00220349967596 0.000129617627997
2014-01-18T17:00:00 0.781090480152 0.218909519848 19 1 20 7239 0.00262467191601 0.000138140627158
2014-01-18T16:00:00 0.784892951012 0.215107048988 27 1 28 6697 0.00403165596536 0.00014932059131
2014-01-18T15:00:00 0.796427901202 0.203572098798 29 1 30 6178 0.00469407575267 0.000161864681127
2014-01-19T07:00:00 0.271830800338 0.728169199662 0 1 1 7147 0.0 0.000139918847069
2014-01-19T06:00:00 0.271830800338 0.728169199662 0 1 1 7537 0.0 0.000132678784662
2014-01-19T05:00:00 0.271830800338 0.728169199662 0 1 1 8062 0.0 0.000124038700074
2014-01-19T04:00:00 0.442682028412 0.557317971588 1 2 3 8626 0.00011592858799 0.00023185717598
2014-01-19T03:00:00 0.442682028412 0.557317971588 1 2 3 9174 0.000109003706126 0.000218007412252
2014-01-22T16:00:00 0.7685829417 0.2314170583 4 0 4 5691 0.000702864171499 0.0
2014-01-22T15:00:00 0.7685829417 0.2314170583 4 0 4 5424 0.000737463126844 0.0
2014-01-22T14:00:00 0.7685829417 0.2314170583 4 0 4 5197 0.000769674812392 0.0
2014-01-22T13:00:00 0.65265642496 0.34734357504 3 1 4 4780 0.000627615062762 0.000209205020921
2014-01-22T12:00:00 0.628976157199 0.371023842801 2 1 3 4917 0.000406752084604 0.000203376042302
2014-01-22T11:00:00 0.501953459536 0.498046540464 1 1 2 5425 0.000184331797235 0.000184331797235
2014-01-27T08:00:00 0.816463847342 0.183536152658 3 0 3 4099 0.000731885825811 0.0
2014-01-27T07:00:00 0.840587877376 0.159412122623 2 0 2 4408 0.000453720508167 0.0
2014-01-27T06:00:00 0.766704960949 0.233295039051 1 0 1 4761 0.000210039907582 0.0
2014-01-27T05:00:00 0 0 0 0 0 5065 0.0 0.0
2014-01-27T04:00:00 0 0 0 0 0 5365 0.0 0.0
2014-01-27T03:00:00 0 0 0 0 0 5585 0.0 0.0
2014-01-29T12:00:00 0.731175135509 0.268824864491 5 0 5 3524 0.00141884222474 0.0
2014-01-29T11:00:00 0.733858241059 0.266141758941 5 0 5 3783 0.00132170235263 0.0
2014-01-29T10:00:00 0.736808608815 0.263191391185 4 0 4 4156 0.000962463907603 0.0
2014-01-29T09:00:00 0.778362113463 0.221637886537 3 0 3 4645 0.000645855758881 0.0
2014-01-29T08:00:00 0.712436833362 0.287563166637 2 0 2 5012 0.000399042298484 0.0
2014-01-29T07:00:00 0.818676335116 0.181323664884 1 0 1 5248 0.000190548780488 0.0
2014-01-30T19:00:00 0.60273201985 0.39726798015 5 3 8 7345 0.00068073519401 0.000408441116406
2014-01-30T18:00:00 0.581226177328 0.418773822672 4 3 7 6797 0.000588494924231 0.000441371193173
2014-01-30T17:00:00 0.503873456848 0.496126543152 3 4 7 6104 0.000491480996068 0.000655307994758
2014-01-30T16:00:00 0.42026239662 0.57973760338 1 4 5 5564 0.000179726815241 0.000718907260963
2014-01-30T15:00:00 0.309498313078 0.690501686923 0 2 2 5031 0.0 0.000397535281256
2014-01-30T14:00:00 0.309498313078 0.690501686923 0 2 2 4714 0.0 0.000424268137463
2014-01-31T16:00:00 0.799647612473 0.200352387527 3 0 3 4960 0.000604838709677 0.0
2014-01-31T15:00:00 0.799647612473 0.200352387527 3 0 3 4650 0.000645161290323 0.0
2014-01-31T14:00:00 0.617006522127 0.382993477873 4 2 6 4475 0.000893854748603 0.000446927374302
2014-01-31T13:00:00 0.63417036108 0.36582963892 5 2 7 4973 0.00100542931832 0.000402171727328
2014-01-31T12:00:00 0.644865337161 0.355134662839 5 2 7 8007 0.000624453603097 0.000249781441239
2014-01-31T11:00:00 0.644865337161 0.355134662839 5 2 7 9942 0.000502916918125 0.00020116676725
2014-02-05T21:00:00 0.79122401172 0.20877598828 38 1 39 9344 0.00406678082192 0.000107020547945
2014-02-05T20:00:00 0.797410159557 0.202589840443 38 1 39 8592 0.00442271880819 0.000116387337058
2014-02-05T19:00:00 0.795794039323 0.204205960677 35 1 36 7862 0.00445179343678 0.000127194098194
2014-02-05T18:00:00 0.799258784748 0.200741215252 31 1 32 6895 0.00449601160261 0.000145032632342
2014-02-05T17:00:00 0.824131655217 0.175868344783 20 0 20 5982 0.0033433634236 0.0
2014-02-05T16:00:00 0.809953955585 0.190046044415 18 0 18 5407 0.00332901793971 0.0
2014-02-11T17:00:00 0.779384598888 0.220615401112 5 0 5 9008 0.000555062166963 0.0
2014-02-11T16:00:00 0.777199604139 0.222800395861 5 0 5 7958 0.000628298567479 0.0
2014-02-11T15:00:00 0.702666173379 0.297333826621 5 1 6 7082 0.000706015249929 0.000141203049986
2014-02-11T14:00:00 0.706789786728 0.293210213272 6 1 7 6349 0.000945030713498 0.000157505118916
2014-02-11T13:00:00 0.728749647846 0.271250352154 7 1 8 5836 0.00119945167923 0.00017135023989
2014-02-11T12:00:00 0.728749647846 0.271250352154 7 1 8 5616 0.00124643874644 0.000178062678063
2014-02-12T17:00:00 0.781666497017 0.218333502983 1 0 1 11002 9.08925649882e-05 0.0
2014-02-12T16:00:00 0.781666497017 0.218333502983 1 0 1 9828 0.00010175010175 0.0
2014-02-12T15:00:00 0.781666497017 0.218333502983 1 0 1 8927 0.00011201971547 0.0
2014-02-12T14:00:00 0.65446355639 0.34553644361 3 1 4 8035 0.000373366521469 0.000124455507156
2014-02-12T13:00:00 0.692684169993 0.307315830007 5 1 6 7397 0.000675949709342 0.000135189941868
2014-02-12T12:00:00 0.692684169993 0.307315830007 5 1 6 7247 0.000689940665103 0.000137988133021
2014-02-19T21:00:00 0.741925581571 0.258074418429 15 1 16 17303 0.000866901693348 5.77934462232e-05
2014-02-19T20:00:00 0.748673435963 0.251326564037 18 1 19 17791 0.00101174751279 5.62081951549e-05
2014-02-19T19:00:00 0.748673435963 0.251326564037 18 1 19 17738 0.0010147705491 5.63761416169e-05
2014-02-19T18:00:00 0.780033714139 0.219966285861 19 0 19 17162 0.00110709707493 0.0
2014-02-19T17:00:00 0.787778623681 0.212221376319 17 0 17 16308 0.00104243316164 0.0
2014-02-19T16:00:00 0.787778623681 0.212221376319 17 0 17 15470 0.0010989010989 0.0
2014-03-10T18:00:00 0.794043690141 0.205956309859 4 0 4 4042 0.000989609104404 0.0
2014-03-10T17:00:00 0.815591998119 0.184408001881 3 0 3 3671 0.000817216017434 0.0
2014-03-10T16:00:00 0.815591998119 0.184408001881 3 0 3 3306 0.000907441016334 0.0
2014-03-10T15:00:00 0.909679208646 0.0903207913546 2 0 2 2998 0.000667111407605 0.0
2014-03-10T14:00:00 0.815868928959 0.184131071041 2 0 2 2742 0.00072939460248 0.0
2014-03-10T13:00:00 0.749269182249 0.250730817751 1 0 1 2576 0.000388198757764 0.0
2014-03-16T15:00:00 0.783972999225 0.216027000775 7 0 7 5768 0.00121359223301 0.0
2014-03-16T14:00:00 0.794721199814 0.205278800186 5 0 5 5254 0.000951655881233 0.0
2014-03-16T13:00:00 0.808679249786 0.191320750214 6 0 6 4885 0.00122824974411 0.0
2014-03-16T12:00:00 0.808679249786 0.191320750214 6 0 6 4938 0.00121506682868 0.0
2014-03-16T11:00:00 0.784570201633 0.215429798367 3 0 3 5343 0.000561482313307 0.0
2014-03-16T10:00:00 0.677618354397 0.322381645603 2 1 3 5853 0.000341705108491 0.000170852554246
2014-03-28T18:00:00 0.852671085999 0.147328914001 4 0 4 6590 0.000606980273141 0.0
2014-03-28T17:00:00 0.807309711587 0.192690288412 6 0 6 6142 0.000976880494953 0.0
2014-03-28T16:00:00 0.807309711587 0.192690288412 6 0 6 5717 0.00104950148679 0.0
2014-03-28T15:00:00 0.713834986629 0.286165013371 3 0 3 5303 0.000565717518386 0.0
2014-03-28T14:00:00 0.767875509007 0.232124490993 12 0 12 4968 0.0024154589372 0.0
2014-03-28T13:00:00 0.773264201209 0.226735798791 13 0 13 4865 0.00267214799589 0.0
2014-04-17T22:00:00 0.863926728735 0.136073271265 2 0 2 6059 0.00033008747318 0.0
2014-04-17T21:00:00 0.863926728735 0.136073271265 2 0 2 5734 0.000348796651552 0.0
2014-04-17T20:00:00 0.863926728735 0.136073271265 2 0 2 5504 0.000363372093023 0.0
2014-04-17T19:00:00 0.847158343882 0.152841656118 3 0 3 5290 0.000567107750473 0.0
2014-04-17T18:00:00 0.847158343882 0.152841656118 3 0 3 5010 0.00059880239521 0.0
2014-04-17T17:00:00 0.813621574176 0.186378425824 1 0 1 4696 0.000212947189097 0.0
2014-04-23T07:00:00 0.813621574176 0.186378425824 1 0 1 7523 0.000132925694537 0.0
2014-04-23T06:00:00 0 0 0 0 0 7790 0.0 0.0
2014-04-23T05:00:00 0 0 0 0 0 8212 0.0 0.0
2014-04-23T04:00:00 0 0 0 0 0 8689 0.0 0.0
2014-04-23T03:00:00 0.94196661655 0.0580333834502 1 0 1 9194 0.000108766586905 0.0
2014-04-23T02:00:00 0.799909671034 0.200090328966 2 0 2 9598 0.000208376745155 0.0
2014-05-01T02:00:00 0.911756486455 0.0882435135446 3 0 3 3634 0.000825536598789 0.0
2014-05-01T01:00:00 0.83645245344 0.16354754656 5 0 5 3776 0.00132415254237 0.0
2014-05-01T00:00:00 0.83645245344 0.16354754656 5 0 5 3672 0.00136165577342 0.0
2014-04-30T23:00:00 0.845913648769 0.154086351231 6 0 6 3444 0.00174216027875 0.0
2014-04-30T22:00:00 0.828160966589 0.17183903341 8 0 8 3279 0.00243976822202 0.0
2014-04-30T21:00:00 0.764011806971 0.235988193029 7 0 7 3179 0.00220195029884 0.0
2014-05-07T00:00:00 0 0 0 0 0 908 0.0 0.0
2014-05-06T23:00:00 0 0 0 0 0 865 0.0 0.0
2014-05-06T22:00:00 0 0 0 0 0 793 0.0 0.0
2014-05-06T21:00:00 0 0 0 0 0 748 0.0 0.0
2014-05-06T20:00:00 0 0 0 0 0 708 0.0 0.0
2014-05-06T19:00:00 0 0 0 0 0 677 0.0 0.0
2014-05-15T13:00:00 0 0 0 0 0 753 0.0 0.0
2014-05-15T12:00:00 0 0 0 0 0 701 0.0 0.0
2014-05-15T11:00:00 0 0 0 0 0 783 0.0 0.0
2014-05-15T10:00:00 0 0 0 0 0 858 0.0 0.0
2014-05-15T09:00:00 0 0 0 0 0 957 0.0 0.0
2014-05-15T08:00:00 0 0 0 0 0 995 0.0 0.0
2014-05-18T17:00:00 0 0 0 0 0 3330 0.0 0.0
2014-05-18T16:00:00 0 0 0 0 0 3008 0.0 0.0
2014-05-18T15:00:00 0.713912240823 0.286087759178 2 0 2 2751 0.000727008360596 0.0
2014-05-18T14:00:00 0.713912240823 0.286087759178 2 0 2 2517 0.000794596742153 0.0
2014-05-18T13:00:00 0.713912240823 0.286087759178 2 0 2 2358 0.000848176420696 0.0
2014-05-18T12:00:00 0.713912240823 0.286087759178 2 0 2 2337 0.000855798031665 0.0
2014-05-19T11:00:00 0.66319727912 0.33680272088 1 0 1 2305 0.000433839479393 0.0
2014-05-19T10:00:00 0.66319727912 0.33680272088 1 0 1 2607 0.000383582662064 0.0
2014-05-19T09:00:00 0.66319727912 0.33680272088 1 0 1 2766 0.000361532899494 0.0
2014-05-19T08:00:00 0 0 0 0 0 2929 0.0 0.0
2014-05-19T07:00:00 0 0 0 0 0 3065 0.0 0.0
2014-05-19T06:00:00 0 0 0 0 0 3264 0.0 0.0
2014-05-21T14:00:00 0.0 0.0 0 0 0 3687 0.0 0.0
2014-05-21T13:00:00 0.0 0.0 0 0 0 3301 0.0 0.0
2014-05-21T12:00:00 0.0 0.0 0 0 0 3241 0.0 0.0
2014-05-21T11:00:00 0.0 0.0 0 0 0 3583 0.0 0.0
2014-05-21T10:00:00 0.0 0.0 0 0 0 3887 0.0 0.0
2014-05-21T09:00:00 0.0 0.0 0 0 0 4094 0.0 0.0
2014-05-25T04:00:00 0 0 0 0 0 2486 0.0 0.0
2014-05-25T03:00:00 0 0 0 0 0 2643 0.0 0.0
2014-05-25T02:00:00 0 0 0 0 0 2796 0.0 0.0
2014-05-25T01:00:00 0 0 0 0 0 2952 0.0 0.0
2014-05-25T00:00:00 0 0 0 0 0 3013 0.0 0.0
2014-05-24T23:00:00 0.605178190095 0.394821809905 1 0 1 2939 0.000340251786322 0.0
2014-07-07T09:00:00 0.936889741622 0.0631102583782 1 0 1 3039 0.000329055610398 0.0
2014-07-07T08:00:00 0.936889741622 0.0631102583782 1 0 1 3140 0.00031847133758 0.0
2014-07-07T07:00:00 0 0 0 0 0 3247 0.0 0.0
2014-07-07T06:00:00 0 0 0 0 0 3432 0.0 0.0
2014-07-07T05:00:00 0 0 0 0 0 3654 0.0 0.0
2014-07-26T04:00:00 0 0 0 0 0 6741 0.0 0.0
2014-07-26T03:00:00 0 0 0 0 0 7106 0.0 0.0
2014-07-26T02:00:00 0 0 0 0 0 7444 0.0 0.0
2014-07-26T01:00:00 0.657607409628 0.342392590372 3 1 4 7623 0.000393545848091 0.000131181949364
2014-07-26T00:00:00 0.678672850522 0.321327149478 4 1 5 7513 0.000532410488487 0.000133102622122
2014-07-25T23:00:00 0.665625320872 0.334374679128 5 1 6 6977 0.000716640389852 0.00014332807797
2014-07-28T01:00:00 0.70491540899 0.29508459101 3 0 3 8705 0.000344629523262 0.0
2014-07-28T00:00:00 0.70491540899 0.29508459101 3 0 3 8663 0.000346300357844 0.0
2014-07-27T23:00:00 0.729712927555 0.270287072445 5 0 5 8276 0.00060415659739 0.0
2014-07-27T22:00:00 0.729712927555 0.270287072445 5 0 5 7933 0.000630278583134 0.0
2014-07-27T21:00:00 0.741062476535 0.258937523465 4 0 4 7647 0.000523080946777 0.0
2014-07-27T20:00:00 0.762337021948 0.237662978052 3 0 3 7452 0.000402576489533 0.0
2014-07-30T08:00:00 0 0 0 0 0 4152 0.0 0.0
2014-07-30T07:00:00 0 0 0 0 0 4558 0.0 0.0
2014-07-30T06:00:00 0 0 0 0 0 5043 0.0 0.0
2014-07-30T05:00:00 0 0 0 0 0 5575 0.0 0.0
2014-07-30T04:00:00 0 0 0 0 0 6092 0.0 0.0
2014-07-30T03:00:00 0 0 0 0 0 6681 0.0 0.0
2014-08-02T09:00:00 0.742954455075 0.257045544925 1 0 1 2695 0.000371057513915 0.0
2014-08-02T08:00:00 0 0 0 0 0 2679 0.0 0.0
2014-08-02T07:00:00 0 0 0 0 0 2755 0.0 0.0
2014-08-02T06:00:00 0 0 0 0 0 2848 0.0 0.0
2014-08-02T05:00:00 0 0 0 0 0 3014 0.0 0.0
2014-08-21T01:00:00 0.659090423015 0.340909576985 8 1 9 26892 0.000297486241261 3.71857801577e-05
2014-08-21T00:00:00 0.645487328339 0.354512671661 7 1 8 25946 0.000269791104602 3.85415863717e-05
2014-08-20T23:00:00 0.709050731611 0.290949268389 7 0 7 23754 0.000294687210575 0.0
2014-08-20T22:00:00 0.732934467394 0.267065532606 8 0 8 21086 0.000379398653135 0.0
2014-08-20T21:00:00 0.763485742163 0.236514257837 10 0 10 19137 0.000522547943774 0.0
2014-08-20T20:00:00 0.763485742163 0.236514257837 10 0 10 17310 0.000577700751011 0.0
2014-08-30T03:00:00 0.822088168704 0.177911831296 5 0 5 15049 0.0003322479899 0.0
2014-08-30T02:00:00 0.863419612342 0.136580387658 6 0 6 15788 0.000380035469977 0.0
2014-08-30T01:00:00 0.897824738194 0.102175261806 4 0 4 16401 0.000243887567831 0.0
2014-08-30T00:00:00 0.83398479618 0.16601520382 6 0 6 16344 0.000367107195301 0.0
2014-08-29T23:00:00 0.813575163207 0.186424836793 8 0 8 15552 0.000514403292181 0.0
2014-08-29T22:00:00 0.800327858894 0.199672141106 8 0 8 14489 0.000552143005038 0.0
2014-09-01T09:00:00 0.710707251331 0.289292748669 15 0 15 9685 0.00154878678369 0.0
2014-09-01T08:00:00 0.733079624875 0.266920375125 8 0 8 10692 0.000748222970445 0.0
2014-09-01T07:00:00 0.743608515857 0.256391484143 2 0 2 11552 0.000173130193906 0.0
2014-09-01T06:00:00 0.715922317812 0.284077682188 2 0 2 12692 0.000157579577687 0.0
2014-09-01T05:00:00 0.715742815524 0.284257184476 4 0 4 13911 0.000287542232765 0.0
2014-09-01T04:00:00 0.655685277288 0.344314722712 6 1 7 14946 0.00040144520273 6.69075337883e-05
2014-09-05T19:00:00 0.739618042267 0.260381957733 26 1 27 9498 0.00273741840387 0.000105285323226
2014-09-05T18:00:00 0.735097394801 0.264902605199 33 2 35 8977 0.00367606104489 0.000222791578478
2014-09-05T17:00:00 0.735769843145 0.264230156855 29 2 31 8319 0.00348599591297 0.000240413511239
2014-09-05T16:00:00 0.750420382002 0.249579617998 27 1 28 7698 0.00350740452065 0.000129903871135
2014-09-05T15:00:00 0.733555130499 0.266444869501 24 1 25 7058 0.00340039671295 0.000141683196373
2014-09-20T17:00:00 0.751177334699 0.248822665301 3 0 3 7059 0.000424989375266 0.0
2014-09-20T16:00:00 0.754969676941 0.245030323058 4 0 4 6433 0.00062179387533 0.0
2014-09-20T15:00:00 0.705087619729 0.29491238027 2 0 2 5790 0.000345423143351 0.0
2014-09-20T14:00:00 0.705087619729 0.29491238027 2 0 2 5170 0.000386847195358 0.0
2014-09-25T10:00:00 0.816337338697 0.183662661303 2 0 2 3623 0.000552028705493 0.0
2014-09-25T09:00:00 0.835634719741 0.164365280259 1 0 1 3962 0.0002523977789 0.0
2014-09-25T08:00:00 0.835634719741 0.164365280259 1 0 1 4183 0.000239062873536 0.0
2014-09-25T07:00:00 0 0 0 0 0 4375 0.0 0.0
2014-09-25T06:00:00 0 0 0 0 0 4624 0.0 0.0
2014-09-25T05:00:00 0 0 0 0 0 4862 0.0 0.0
2014-10-03T14:00:00 0.718605625165 0.281394374835 17 3 20 7820 0.00217391304348 0.000383631713555
2014-10-03T13:00:00 0.738538000552 0.261461999448 17 2 19 7201 0.00236078322455 0.000277739202888
2014-10-03T12:00:00 0.758861181542 0.241138818458 13 1 14 7191 0.00180781532471 0.000139062717285
2014-10-03T11:00:00 0.742868336554 0.257131663446 8 1 9 7806 0.00102485267743 0.000128106584678
2014-10-03T10:00:00 0.795127760404 0.204872239596 6 0 6 8654 0.000693321007627 0.0
2014-10-03T09:00:00 0.760749729081 0.239250270918 2 0 2 9365 0.000213561131874 0.0
2014-10-07T13:00:00 0.757081065452 0.242918934548 5 1 6 8047 0.000621349571269 0.000124269914254
2014-10-07T12:00:00 0.782768019191 0.217231980809 6 1 7 8228 0.000729217306757 0.000121536217793
2014-10-07T11:00:00 0.762204866785 0.237795133215 5 1 6 9157 0.000546030359288 0.000109206071858
2014-10-07T10:00:00 0.825920430143 0.174079569857 4 0 4 10426 0.000383656244005 0.0
2014-10-17T17:00:00 0.76803358414 0.23196641586 5 0 5 7176 0.000696767001115 0.0
2014-10-17T16:00:00 0.76803358414 0.23196641586 5 0 5 6542 0.000764292265362 0.0
2014-10-17T15:00:00 0.753586366338 0.246413633662 3 0 3 5963 0.000503102465202 0.0
2014-10-17T14:00:00 0.812082948279 0.187917051721 3 0 3 5447 0.000550761887277 0.0
2014-10-17T13:00:00 0.75530912007 0.24469087993 5 0 5 4889 0.00102270402945 0.0
2014-10-17T12:00:00 0.709913964682 0.290086035318 4 0 4 4565 0.000876232201533 0.0
2014-10-18T11:00:00 0.718905123988 0.281094876012 5 0 5 6167 0.000810766985568 0.0
2014-10-18T10:00:00 0.771777545936 0.228222454064 3 0 3 6846 0.000438212094654 0.0
2014-10-18T09:00:00 0.936889741622 0.0631102583782 1 0 1 7335 0.00013633265167 0.0
2014-10-18T08:00:00 0 0 0 0 0 7536 0.0 0.0
2014-10-18T07:00:00 0.708245251736 0.291754748264 3 0 3 7805 0.000384368994234 0.0
2014-10-18T06:00:00 0.708245251736 0.291754748264 3 0 3 8141 0.000368505097654 0.0
2014-10-29T15:00:00 0 0 0 0 0 0 0 0
2014-10-29T14:00:00 0 0 0 0 0 0 0 0
2014-10-29T13:00:00 0 0 0 0 0 0 0 0
2014-10-29T12:00:00 0 0 0 0 0 0 0 0
2014-10-29T11:00:00 0 0 0 0 0 0 0 0
2014-10-29T10:00:00 0 0 0 0 0 0 0 0
