2013-06-13T01:00:00Z 152 75 -1 30 20 1.984125 68
2013-06-13T00:00:00Z 157 69 82 38 12 1.103375 62
2013-06-12T23:00:00Z 165 66 82 39 13 0.977250 72
2013-06-12T22:00:00Z 173 67 62 34 13 0.980875 83
2013-06-12T21:00:00Z 181 68 59 34 14 0.960375 88
2013-06-12T20:00:00Z 187 67 51 34 16 0.997250 94
2013-06-12T19:00:00Z 192 69 49 34 17 1.003000 99
2013-06-12T18:00:00Z 198 80 49 36 16 1.062000 102
2013-06-12T17:00:00Z 201 97 136 35 18 1.137625 104
2013-06-12T16:00:00Z 202 111 144 37 19 1.197500 109
2013-06-12T15:00:00Z 203 114 86 41 21 1.171125 110
2013-06-12T14:00:00Z 203 115 85 42 22 1.176375 106
2013-11-08T21:00:00Z 150 70 62 39 14 0.670500 91
2013-11-08T20:00:00Z 156 67 67 45 15 0.723667 87
2013-11-08T19:00:00Z 165 52 61 48 15 0.695167 88
2013-11-08T18:00:00Z 173 40 48 38 15 0.605000 101
2013-11-08T17:00:00Z 178 40 49 34 16 0.579167 113
2013-11-08T16:00:00Z 183 39 54 27 15 0.523167 127
2013-11-08T15:00:00Z 188 46 56 27 16 0.525833 135
2013-11-08T14:00:00Z 192 46 47 32 28 0.921667 143
2013-11-08T13:00:00Z 198 57 46 28 28 0.538167 142
2013-11-08T12:00:00Z 206 73 61 27 21 0.663333 140
2013-11-08T11:00:00Z 215 108 43 46 46 1.713500 139
2013-11-08T10:00:00Z 224 150 121 63 35 1.407333 101
2013-11-17T11:00:00Z 151 72 172 46 46 0.854000 56
2013-11-17T10:00:00Z 154 97 210 53 59 1.063833 43
2013-11-17T09:00:00Z 155 107 264 60 66 1.240667 26
2013-11-17T08:00:00Z 156 104 265 60 61 1.221167 18
2013-11-17T07:00:00Z 157 105 269 62 55 1.185667 14
2013-11-17T06:00:00Z 157 103 272 63 58 1.159333 14
2013-11-17T05:00:00Z 159 104 288 60 58 1.095667 16
2013-11-17T04:00:00Z 160 107 314 61 57 1.109833 18
2013-11-17T03:00:00Z 162 111 332 61 61 1.150000 19
2013-11-17T02:00:00Z 165 107 325 61 63 1.123167 22
2013-11-17T01:00:00Z 169 99 302 62 72 1.520500 22
2013-11-17T00:00:00Z 174 98 247 73 65 1.200000 26
2013-11-21T13:00:00Z 174 -1 -1 -1 -1 -1.000000 -1
2013-11-21T12:00:00Z 164 76 111 54 41 0.705833 115
2013-11-21T11:00:00Z 167 84 113 55 42 0.767667 111
2013-11-21T10:00:00Z 172 96 122 81 45 0.935333 70
2013-11-21T09:00:00Z 174 103 133 106 43 1.157167 32
2013-11-21T08:00:00Z 175 108 142 118 40 1.389500 18
2013-11-21T07:00:00Z 175 -1 -1 -1 -1 -1.000000 -1
2013-11-21T06:00:00Z 175 148 151 114 45 1.146667 14
2013-11-21T05:00:00Z 172 156 160 103 44 1.146800 14
2013-11-21T04:00:00Z 170 156 171 103 40 1.125600 14
2013-11-21T03:00:00Z 168 150 164 112 38 1.146200 10
2013-11-21T02:00:00Z 166 156 176 124 36 1.306600 10
2013-12-04T13:00:00Z 151 72 98 43 43 1.393833 95
2013-12-04T12:00:00Z 154 78 115 50 40 0.796833 92
2013-12-04T11:00:00Z 159 78 150 59 47 2.789167 70
2013-12-04T10:00:00Z 163 111 103 87 56 1.453000 33
2013-12-04T09:00:00Z 167 149 146 106 34 1.842833 11
2013-12-04T08:00:00Z 168 146 163 105 30 2.026000 9
2013-12-04T07:00:00Z 169 128 133 103 31 1.618833 9
2013-12-04T06:00:00Z 171 131 115 100 32 1.195500 12
2013-12-04T05:00:00Z 172 136 133 102 34 1.181500 12
2013-12-04T04:00:00Z 173 135 143 108 33 1.191500 8
2013-12-04T03:00:00Z 174 136 162 118 30 1.973833 6
2013-12-04T02:00:00Z 175 138 159 118 29 1.475500 7
2013-12-08T07:00:00Z 153 129 105 68 21 1.475333 12
2013-12-08T06:00:00Z 155 123 101 65 22 1.255500 22
2013-12-08T05:00:00Z 158 107 9 53 22 1.004167 40
2013-12-08T04:00:00Z 163 100 14 49 21 0.911167 49
2013-12-08T03:00:00Z 171 96 44 51 21 1.648000 52
2013-12-08T02:00:00Z 178 95 59 51 21 0.960167 55
2013-12-08T01:00:00Z 185 95 54 65 23 1.052500 49
2013-12-08T00:00:00Z 192 101 61 78 24 1.112833 39
2013-12-07T23:00:00Z 198 109 82 90 26 1.158000 35
2013-12-07T22:00:00Z 204 120 69 94 29 1.203500 33
2013-12-07T21:00:00Z 210 129 104 97 32 1.265667 29
2013-12-07T20:00:00Z 218 136 110 100 32 1.364833 33
2013-12-10T11:00:00Z 159 68 80 53 59 1.041167 40
2013-12-10T10:00:00Z 171 92 116 57 64 1.204000 29
2013-12-10T09:00:00Z 180 93 118 65 76 1.497500 17
2013-12-10T08:00:00Z 188 81 101 67 76 1.575167 12
2013-12-10T07:00:00Z 188 -1 -1 -1 -1 -1.000000 -1
2013-12-10T06:00:00Z 209 64 72 63 63 1.003167 12
2013-12-10T05:00:00Z 214 57 66 60 56 0.923167 14
2013-12-10T04:00:00Z 216 46 61 55 51 0.847667 19
2013-12-10T03:00:00Z 218 44 57 47 42 1.448000 26
2013-12-10T02:00:00Z 220 50 60 42 40 0.771667 29
2013-12-10T01:00:00Z 222 65 76 46 41 0.878167 29
2013-12-10T00:00:00Z 222 98 105 50 43 1.028000 29
2013-12-25T17:00:00Z 152 97 114 86 53 1.228333 16
2013-12-25T16:00:00Z 153 93 107 72 45 1.298600 28
2013-12-25T15:00:00Z 154 88 103 55 47 1.828200 39
2013-12-25T14:00:00Z 156 87 98 49 48 1.111200 43
2013-12-25T13:00:00Z 157 86 93 49 44 1.145400 44
2013-12-25T12:00:00Z 160 89 107 51 43 1.084400 40
2013-12-25T11:00:00Z 161 83 96 48 40 2.046333 34
2013-12-25T10:00:00Z 164 90 109 50 39 0.972000 29
2013-12-25T09:00:00Z 167 103 119 68 43 1.182000 13
2013-12-25T08:00:00Z 169 104 110 72 33 1.388833 9
2013-12-25T07:00:00Z 172 98 102 68 31 1.212500 8
2013-12-25T06:00:00Z 173 107 128 66 33 1.158167 9
2013-12-31T11:00:00Z 151 124 148 96 61 1.173875 29
2013-12-31T10:00:00Z 153 123 152 104 80 1.465125 15
2013-12-31T09:00:00Z 154 152 195 102 96 1.578500 12
2013-12-31T08:00:00Z 154 143 185 101 96 1.627625 10
2013-12-31T07:00:00Z 155 133 161 98 91 1.363750 9
2013-12-31T06:00:00Z 156 122 151 96 83 1.187375 10
2013-12-31T05:00:00Z 157 121 145 97 85 1.121000 14
2013-12-31T04:00:00Z 158 123 146 98 75 1.159000 9
2013-12-31T03:00:00Z 159 124 148 98 67 1.179500 9
2013-12-31T02:00:00Z 160 118 145 97 56 1.619250 12
2013-12-31T01:00:00Z 162 121 147 92 65 1.719750 14
2013-12-31T00:00:00Z 165 126 154 101 53 1.351250 12
2014-01-04T07:00:00Z 175 140 154 54 21 1.430571 14
2014-01-04T06:00:00Z 222 189 190 59 29 1.301500 16
2014-01-04T05:00:00Z 217 204 242 84 53 1.467125 13
2014-01-04T04:00:00Z 288 261 254 104 70 1.630250 10
2014-01-04T03:00:00Z 296 270 288 118 91 2.077125 9
2014-01-04T02:00:00Z 229 215 245 122 84 2.465500 9
2014-01-04T01:00:00Z 211 194 173 105 58 2.239500 11
2014-01-04T00:00:00Z 220 204 141 107 55 1.733875 14
2014-01-03T23:00:00Z 244 235 220 109 67 1.744500 14
2014-01-03T22:00:00Z 282 250 290 125 75 2.000375 10
2014-01-03T21:00:00Z 251 217 275 143 74 2.050750 10
2014-01-03T20:00:00Z 227 189 242 139 64 1.739500 13
2014-01-13T02:00:00Z 202 165 168 32 38 1.558875 43
2014-01-13T01:00:00Z 243 210 216 35 53 2.773375 46
2014-01-13T00:00:00Z 244 210 227 43 56 1.510750 47
2014-01-12T23:00:00Z 226 191 213 60 54 1.603857 37
2014-01-12T22:00:00Z 200 166 174 67 52 1.431286 53
2014-01-12T21:00:00Z 198 162 171 55 40 1.290286 62
2014-01-12T20:00:00Z 188 152 172 61 38 1.112125 62
2014-01-12T19:00:00Z 160 128 153 63 33 1.053625 61
2014-01-20T20:00:00Z 180 150 215 67 35 1.318429 30
2014-01-20T19:00:00Z 239 206 309 77 44 1.537143 29
2014-01-20T18:00:00Z 238 195 320 82 64 1.669250 27
2014-01-20T17:00:00Z 170 147 274 66 60 1.544429 40
2014-01-20T16:00:00Z 191 167 283 62 60 1.424286 45
2014-01-20T15:00:00Z 275 242 332 69 83 1.720571 49
2014-01-20T14:00:00Z 290 257 321 76 95 2.110286 47
2014-01-20T13:00:00Z 293 264 318 79 104 2.393143 41
2014-01-20T12:00:00Z 308 280 328 81 114 2.519714 34
2014-01-20T11:00:00Z 308 -1 -1 -1 -1 -1.000000 -1
2014-01-20T10:00:00Z 295 266 330 76 104 3.244429 16
2014-01-20T09:00:00Z 253 225 307 81 86 2.697500 12
2014-01-31T11:00:00Z 161 130 74 27 19 0.896875 92
2014-01-31T10:00:00Z 181 147 79 29 17 0.959000 84
2014-01-31T09:00:00Z 181 -1 -1 -1 -1 -1.000000 -1
2014-01-31T08:00:00Z 192 157 73 25 17 1.199429 87
2014-01-31T07:00:00Z 186 152 73 22 16 1.173143 95
2014-01-31T06:00:00Z 196 162 87 19 16 1.160571 102
2014-01-31T05:00:00Z 218 184 165 19 16 1.164375 96
2014-01-31T04:00:00Z 238 205 208 20 17 1.377750 84
2014-01-31T03:00:00Z 250 217 235 23 19 1.681714 72
2014-01-31T02:00:00Z 287 260 270 24 21 2.232714 71
2014-01-31T01:00:00Z 323 295 356 27 41 3.420857 69
2014-01-31T00:00:00Z 270 238 275 30 25 2.137429 66
2014-02-02T17:00:00Z 163 143 200 36 10 1.314714 35
2014-02-02T16:00:00Z 180 165 137 36 10 1.409857 31
2014-02-02T15:00:00Z 202 190 235 36 10 1.440857 29
2014-02-02T14:00:00Z 237 230 313 40 10 1.679857 23
2014-02-02T13:00:00Z 262 261 312 47 11 1.991857 17
2014-02-02T12:00:00Z 268 269 326 47 11 2.622667 12
2014-02-02T11:00:00Z 297 270 320 43 10 2.327857 11
2014-02-02T10:00:00Z 276 246 319 38 11 2.452714 10
2014-02-02T09:00:00Z 270 239 296 37 11 2.532000 9
2014-02-02T08:00:00Z 276 242 307 36 11 2.355571 9
2014-02-02T07:00:00Z 276 -1 -1 -1 -1 -1.000000 -1
2014-02-02T06:00:00Z 278 242 306 36 11 2.280429 8
2014-03-10T23:00:00Z 164 127 174 52 22 0.934714 81
2014-03-10T22:00:00Z 183 143 167 56 23 1.042143 83
2014-03-10T21:00:00Z 195 154 181 63 25 1.109143 83
2014-03-10T20:00:00Z 199 158 182 74 29 1.082143 84
2014-03-10T19:00:00Z 191 151 172 79 33 1.029000 92
2014-03-10T18:00:00Z 196 157 161 70 36 0.952857 114
2014-03-10T17:00:00Z 199 161 172 62 39 0.939857 131
2014-03-10T16:00:00Z 200 162 183 61 42 0.947286 131
2014-03-10T15:00:00Z 193 156 182 65 47 0.983000 120
2014-03-10T14:00:00Z 196 159 177 76 54 0.993500 103
2014-03-10T13:00:00Z 206 167 185 86 60 1.058875 90
2014-03-10T12:00:00Z 202 162 175 88 61 1.109875 73
2014-03-19T06:00:00Z 155 75 260 31 11 0.619000 78
2014-03-19T05:00:00Z 153 84 255 37 14 0.657714 69
2014-03-19T04:00:00Z 153 87 255 26 11 0.703857 87
2014-03-19T03:00:00Z 163 79 276 24 10 0.687286 90
2014-03-19T02:00:00Z 174 73 298 26 11 0.623857 84
2014-03-19T01:00:00Z 183 77 315 29 26 0.610857 98
2014-03-19T00:00:00Z 192 89 328 33 12 0.706143 83
2014-03-18T23:00:00Z 185 111 316 38 14 0.851429 86
2014-03-18T22:00:00Z 179 130 280 48 20 1.049714 91
2014-03-18T21:00:00Z 180 137 256 56 24 1.152286 95
2014-03-18T20:00:00Z 190 147 230 63 23 1.133714 95
2014-03-18T19:00:00Z 193 150 216 74 23 1.127857 89
2014-04-18T04:00:00Z 154 117 -1 50 23 1.093125 37
2014-04-18T03:00:00Z 187 141 148 61 28 1.219375 31
2014-04-18T02:00:00Z 208 159 163 82 42 1.540125 13
2014-04-18T01:00:00Z 208 158 163 91 49 1.846250 9
2014-04-18T00:00:00Z 207 157 165 93 44 1.915250 9
2014-04-17T23:00:00Z 208 159 175 95 42 1.988375 10
2014-04-17T22:00:00Z 213 163 175 98 42 2.127750 11
2014-04-17T21:00:00Z 220 170 188 103 41 2.263125 10
2014-04-17T20:00:00Z 230 180 196 107 38 2.404375 9
2014-04-17T19:00:00Z 249 199 214 110 38 2.407250 9
2014-04-17T18:00:00Z 259 209 208 110 39 2.261875 12
2014-04-17T17:00:00Z 252 202 198 111 39 2.082625 15
2014-05-22T04:00:00Z 153 117 123 24 14 0.816889 109
2014-05-22T03:00:00Z 156 119 119 25 14 0.860444 114
2014-05-22T02:00:00Z 171 126 129 29 15 0.845778 154
2014-05-22T01:00:00Z 177 134 141 29 18 0.859889 122
2014-05-22T00:00:00Z 182 138 151 32 17 0.939125 132
2014-05-21T23:00:00Z 171 129 156 39 15 0.964889 127
2014-05-21T22:00:00Z 165 125 147 44 15 0.980444 124
2014-05-21T21:00:00Z 163 124 154 50 15 1.050889 117
2014-05-21T20:00:00Z 183 138 167 50 20 1.054111 155
2014-05-21T19:00:00Z 188 142 174 51 23 1.088111 173
2014-05-21T18:00:00Z 187 142 187 49 28 1.156778 194
2014-05-21T17:00:00Z 187 142 177 39 31 1.192778 212
2014-06-28T20:00:00Z 157 119 161 52 18 0.982222 95
2014-06-28T19:00:00Z 156 119 124 55 21 1.007111 102
2014-06-28T18:00:00Z 156 -1 -1 -1 -1 -1.000000 -1
2014-06-28T17:00:00Z 171 129 149 42 21 0.968667 140
2014-06-28T16:00:00Z 205 157 213 42 19 1.047889 161
2014-06-28T15:00:00Z 205 -1 -1 -1 -1 -1.000000 -1
2014-06-28T14:00:00Z 214 164 206 54 22 1.282667 181
2014-06-28T13:00:00Z 198 150 187 57 25 1.308333 153
2014-06-28T12:00:00Z 173 131 171 64 30 1.345667 118
2014-11-07T01:00:00Z 169 128 147 42 28 1.237889 101
2014-11-07T00:00:00Z 182 137 157 49 20 1.227000 98
2014-11-06T23:00:00Z 184 139 160 52 19 1.223667 101
2014-11-06T22:00:00Z 177 136 155 50 18 1.212000 111
2014-11-06T21:00:00Z 177 -1 -1 -1 -1 -1.000000 -1
2014-11-06T20:00:00Z 200 151 206 64 22 1.312625 107
2014-11-06T19:00:00Z 196 148 207 96 26 1.353750 85
2014-11-06T18:00:00Z 189 142 184 79 28 1.225250 114
2014-11-06T17:00:00Z 185 139 175 55 27 1.099500 149
2014-11-06T16:00:00Z 185 140 172 44 27 1.055625 165
2014-11-06T15:00:00Z 187 141 171 42 29 1.001750 165
2014-11-06T14:00:00Z 193 146 176 44 33 1.076375 159
2014-11-12T15:00:00Z 153 117 115 46 29 0.970000 95
2014-11-12T14:00:00Z 198 152 197 48 34 1.248125 87
2014-11-12T13:00:00Z 198 -1 -1 -1 -1 -1.000000 -1
2014-11-12T12:00:00Z 252 200 228 57 46 1.449125 74
2014-11-12T11:00:00Z 274 236 273 77 59 1.945375 47
2014-11-12T10:00:00Z 264 225 263 80 66 2.543250 30
2014-11-12T09:00:00Z 256 206 248 77 60 2.357286 20
2014-11-12T08:00:00Z 248 198 231 80 48 2.262571 14
2014-11-12T07:00:00Z 242 192 217 77 42 2.075000 13
2014-11-12T06:00:00Z 240 190 215 74 44 2.040714 15
2014-11-12T05:00:00Z 238 188 210 70 47 2.018000 19
2014-11-12T04:00:00Z 236 186 210 69 45 1.903429 24
2014-11-17T13:00:00Z 154 117 123 32 28 1.107222 103
2014-11-17T12:00:00Z 181 137 142 37 34 0.978000 90
2014-11-17T11:00:00Z 235 185 207 49 42 1.276500 67
2014-11-17T10:00:00Z 261 211 250 59 46 1.582500 41
2014-11-17T09:00:00Z 237 187 239 65 46 1.563333 29
2014-11-17T08:00:00Z 242 192 218 72 49 1.547778 23
2014-11-17T07:00:00Z 249 199 222 68 53 1.671778 30
2014-11-17T06:00:00Z 224 175 204 55 46 1.674667 48
2014-11-17T05:00:00Z 184 138 146 51 34 1.247000 52
2014-11-17T04:00:00Z 163 123 115 54 28 0.997444 46
