2013-12-01T11:00:00Z 174 246 276 97 115 2.336167 24
2013-12-01T12:00:00Z 183 246 259 93 100 1.995000 41
2013-12-01T13:00:00Z 190 220 223 82 88 1.671500 63
2013-12-01T14:00:00Z 196 196 217 77 81 1.497000 79
2013-12-01T15:00:00Z 201 195 221 84 80 1.525000 80
2013-12-01T16:00:00Z 206 209 237 101 81 1.680000 69
2013-12-01T17:00:00Z 212 229 262 125 85 1.913833 45
2013-12-01T18:00:00Z 218 250 281 148 80 2.117500 22
2013-12-01T19:00:00Z 225 267 318 152 80 2.216167 15
2013-12-01T20:00:00Z 231 286 324 150 82 2.528167 12
2013-12-01T21:00:00Z 231 -1 -1 -1 -1 -1.000000 -1
2013-12-01T22:00:00Z 243 296 324 144 84 2.815000 11
2013-12-01T23:00:00Z 248 297 324 139 83 2.847000 10
2013-12-02T00:00:00Z 253 297 312 134 86 2.721167 10
2013-12-02T01:00:00Z 258 294 313 130 85 2.637667 10
2013-12-02T02:00:00Z 262 297 316 114 80 2.578500 10
2013-12-02T03:00:00Z 266 300 310 117 78 3.170333 10
2013-12-02T04:00:00Z 269 294 301 114 71 2.622000 10
2013-12-02T05:00:00Z 273 292 317 107 65 2.704833 10
2013-12-02T06:00:00Z 277 296 313 103 60 2.729167 10
2013-12-02T07:00:00Z 282 290 306 104 63 2.925000 10
2013-12-02T08:00:00Z 286 295 317 112 73 3.321833 10
2013-12-02T09:00:00Z 290 296 330 118 107 3.173500 11
2013-12-02T10:00:00Z 293 283 327 122 163 2.637500 14
2013-12-02T11:00:00Z 293 264 289 126 166 2.333667 19
2013-12-02T12:00:00Z 294 254 265 122 145 2.006333 29
2013-12-02T13:00:00Z 294 214 220 110 127 1.736500 42
2013-12-02T14:00:00Z 293 188 212 103 112 1.577833 53
2013-12-02T15:00:00Z 292 167 177 91 96 2.628000 59
2013-12-02T16:00:00Z 290 158 203 115 88 1.424500 51
2013-12-02T17:00:00Z 288 164 217 141 84 1.676167 25
2013-12-02T18:00:00Z 286 188 263 153 91 2.315500 13
2013-12-02T19:00:00Z 285 235 309 151 97 2.471000 12
2013-12-02T20:00:00Z 284 262 314 147 91 2.499000 11
2013-12-02T21:00:00Z 283 264 308 138 83 2.336833 11
2013-12-02T22:00:00Z 282 253 261 129 74 2.182500 11
2013-12-02T23:00:00Z 279 227 220 122 66 1.977333 11
2013-12-03T00:00:00Z 275 198 182 118 59 1.780000 11
2013-12-03T01:00:00Z 271 180 174 95 85 2.089333 13
2013-12-03T02:00:00Z 267 174 168 98 55 2.534167 22
2013-12-03T03:00:00Z 261 164 145 88 52 1.391167 26
2013-12-03T04:00:00Z 256 153 141 93 54 1.303667 19
2013-12-03T05:00:00Z 251 154 151 92 54 1.348833 17
2013-12-06T09:00:00Z 372 457 461 122 91 3.312667 12
2013-12-06T10:00:00Z 380 494 515 119 88 3.180167 13
2013-12-06T11:00:00Z 390 545 574 131 86 3.524000 16
2013-12-06T12:00:00Z 399 585 590 151 109 3.963167 20
2013-12-06T13:00:00Z 409 604 623 147 98 3.735833 22
2013-12-06T14:00:00Z 417 544 615 140 96 3.918000 25
2013-12-06T15:00:00Z 425 547 534 130 85 3.838000 26
2013-12-06T16:00:00Z 431 531 489 125 81 3.457000 24
2013-12-06T17:00:00Z 436 480 436 131 73 3.200833 17
2013-12-06T18:00:00Z 439 461 428 127 66 3.083667 16
2013-12-06T19:00:00Z 441 433 412 123 55 2.821833 12
2013-12-06T20:00:00Z 442 368 391 103 44 2.331000 14
2013-12-06T21:00:00Z 440 311 433 98 39 2.056000 12
2013-12-06T22:00:00Z 437 279 385 97 35 1.994333 12
2013-12-06T23:00:00Z 432 263 444 98 35 2.058333 11
2013-12-07T00:00:00Z 427 263 403 97 33 2.072000 11
2013-12-07T01:00:00Z 421 252 363 76 50 2.204500 10
2013-12-07T02:00:00Z 415 258 338 93 28 3.814833 67
2013-12-09T08:00:00Z 181 374 321 79 48 2.988833 27
2013-12-09T09:00:00Z 188 266 238 60 40 2.117667 45
2013-12-29T13:00:00Z 170 155 173 70 91 1.548667 32
2013-12-29T14:00:00Z 172 126 145 62 80 1.300667 44
2013-12-29T15:00:00Z 172 -1 -1 -1 -1 -1.000000 -1
2013-12-29T16:00:00Z 174 105 133 76 81 1.319833 33
2013-12-29T17:00:00Z 175 116 142 89 83 1.375286 20
2013-12-29T18:00:00Z 175 120 149 102 79 1.671857 10
2013-12-29T19:00:00Z 176 137 177 107 78 2.122143 9
2013-12-29T20:00:00Z 177 158 184 107 80 2.499571 10
2013-12-29T21:00:00Z 179 173 224 106 80 2.313000 9
2014-01-30T02:00:00Z 171 140 127 49 23 1.850333 15
2014-01-30T03:00:00Z 180 148 129 49 25 1.274286 12
2014-01-30T04:00:00Z 180 149 115 49 26 1.386429 9
2014-01-30T05:00:00Z 180 150 127 49 30 1.536714 10
2014-01-30T06:00:00Z 198 166 140 46 32 1.617857 14
2014-01-30T07:00:00Z 203 171 135 51 31 1.646000 11
2014-01-30T08:00:00Z 207 175 148 52 28 1.690714 10
2014-01-30T09:00:00Z 211 182 147 51 26 1.711857 12
