2014-10-06T10:00:00Z 2014-10-06T12:00:00Z 60.040000 60.040000 0.450000 60.040000 60.040000 1.080000 263.000000 1 1 1
2014-10-05T19:00:00Z 2014-10-05T21:00:00Z 59.940000 59.940000 0.510000 59.940000 59.940000 4.350000 6.000000 1 1 0
2014-09-29T17:00:00Z 2014-09-29T19:00:00Z 65.820000 65.820000 0.410000 65.820000 65.820000 5.790000 62.000000 1 1 1
2014-09-29T15:00:00Z 2014-09-29T17:00:00Z 71.580000 71.580000 0.340000 71.580000 71.580000 8.430000 70.000000 1 1 1
2014-09-28T07:00:00Z 2014-09-28T09:00:00Z 59.150000 59.150000 0.750000 59.150000 59.150000 2.130000 88.000000 1 2 1
2014-09-28T05:00:00Z 2014-09-28T07:00:00Z 57.100000 57.100000 0.760000 57.100000 57.100000 1.080000 121.000000 1 1 1
2014-09-27T19:00:00Z 2014-09-27T21:00:00Z 62.720000 62.720000 0.660000 62.720000 62.720000 4.040000 166.000000 1 2 1
2014-09-27T17:00:00Z 2014-09-27T19:00:00Z 70.690000 70.690000 0.490000 70.690000 70.690000 3.830000 171.000000 1 1 1
2014-09-27T15:00:00Z 2014-09-27T17:00:00Z 75.310000 75.310000 0.380000 75.310000 75.310000 1.860000 174.000000 1 1 1
2014-09-27T13:00:00Z 2014-09-27T15:00:00Z 75.430000 75.430000 0.370000 75.430000 75.430000 1.430000 138.000000 1 1 1
2014-09-27T11:00:00Z 2014-09-27T13:00:00Z 71.800000 71.800000 0.430000 71.800000 71.800000 3.140000 45.000000 1 1 1
2014-09-27T10:00:00Z 2014-09-27T12:00:00Z 68.870000 68.870000 0.500000 68.870000 68.870000 3.910000 30.000000 1 1 1
2014-09-27T09:00:00Z 2014-09-27T11:00:00Z 65.400000 65.400000 0.550000 65.400000 65.400000 5.130000 24.000000 1 1 1
2014-09-27T04:00:00Z 2014-09-27T06:00:00Z 54.600000 54.600000 0.790000 54.600000 54.600000 6.620000 351.000000 1 1 1
2014-09-24T18:00:00Z 2014-09-24T20:00:00Z 68.810000 68.810000 0.740000 68.810000 68.810000 6.460000 176.000000 1 2 1
2014-09-24T17:00:00Z 2014-09-24T19:00:00Z 71.340000 71.340000 0.660000 71.340000 71.340000 5.680000 164.000000 1 2 1
2014-09-24T16:00:00Z 2014-09-24T18:00:00Z 74.140000 74.140000 0.580000 74.140000 74.140000 5.310000 148.000000 1 1 1
2014-09-24T15:00:00Z 2014-09-24T17:00:00Z 75.020000 75.020000 0.570000 75.020000 75.020000 4.460000 149.000000 1 1 1
2014-09-24T14:00:00Z 2014-09-24T16:00:00Z 74.990000 74.990000 0.560000 74.990000 74.990000 2.120000 123.000000 1 1 1
2014-09-24T13:00:00Z 2014-09-24T15:00:00Z 75.070000 75.070000 0.570000 75.070000 75.070000 2.330000 103.000000 1 1 1
2014-09-24T12:00:00Z 2014-09-24T14:00:00Z 73.550000 73.550000 0.630000 73.550000 73.550000 2.130000 81.000000 1 1 1
2014-09-17T08:00:00Z 2014-09-17T10:00:00Z 62.870000 62.870000 0.630000 62.870000 62.870000 3.920000 223.000000 1 3 1
2014-09-16T11:00:00Z 2014-09-16T13:00:00Z 67.920000 67.920000 0.470000 67.920000 67.920000 1.780000 97.000000 1 1 1
2014-09-16T02:00:00Z 2014-09-16T04:00:00Z 54.610000 54.610000 0.810000 54.610000 54.610000 1.910000 53.000000 1 1 1
2014-09-15T17:00:00Z 2014-09-15T19:00:00Z 79.960000 79.960000 0.190000 79.960000 79.960000 6.250000 207.000000 1 1 1
2014-09-15T14:00:00Z 2014-09-15T16:00:00Z 82.690000 82.690000 0.150000 82.690000 82.690000 7.600000 206.000000 1 1 1
2014-09-15T08:00:00Z 2014-09-15T10:00:00Z 66.300000 66.300000 0.470000 66.300000 66.300000 6.660000 349.000000 1 1 1
2014-09-15T05:00:00Z 2014-09-15T07:00:00Z 51.710000 51.710000 0.800000 51.710000 51.710000 6.220000 350.000000 1 1 1
2014-09-14T20:00:00Z 2014-09-14T22:00:00Z 68.750000 68.750000 0.450000 68.750000 68.750000 6.150000 59.000000 1 2 1
2014-09-14T17:00:00Z 2014-09-14T19:00:00Z 71.200000 71.200000 0.450000 71.200000 71.200000 1.460000 54.000000 1 1 1
2014-09-10T17:00:00Z 2014-09-10T19:00:00Z 80.570000 80.570000 0.430000 80.570000 80.570000 8.890000 150.000000 1 2 1
2014-09-08T20:00:00Z 2014-09-08T22:00:00Z 69.800000 69.800000 0.530000 69.800000 69.800000 1.930000 214.000000 1 1 1
2014-09-08T14:00:00Z 2014-09-08T16:00:00Z 83.330000 83.330000 0.220000 83.330000 83.330000 3.000000 66.000000 1 1 1
2014-09-08T02:00:00Z 2014-09-08T04:00:00Z 63.020000 63.020000 0.680000 63.020000 63.020000 6.450000 349.000000 1 1 1
2014-09-04T17:00:00Z 2014-09-04T19:00:00Z 89.570000 89.570000 0.360000 89.570000 89.570000 8.140000 208.000000 1 1 0
2014-09-03T08:00:00Z 2014-09-03T10:00:00Z 70.710000 70.710000 0.690000 70.710000 70.710000 6.800000 1.000000 1 1 0
2014-09-02T20:00:00Z 2014-09-02T22:00:00Z 69.200000 69.200000 0.760000 69.200000 69.200000 8.410000 29.000000 1 1 0
2014-09-02T17:00:00Z 2014-09-02T19:00:00Z 67.650000 67.650000 0.870000 67.650000 67.650000 6.280000 20.000000 1 1 0
2014-09-02T14:00:00Z 2014-09-02T16:00:00Z 71.150000 71.150000 0.870000 71.150000 71.150000 3.990000 37.000000 1 1 0
2014-09-02T08:00:00Z 2014-09-02T10:00:00Z 67.540000 67.540000 0.990000 67.540000 67.540000 2.150000 32.000000 1 1 0
2014-09-02T05:00:00Z 2014-09-02T07:00:00Z 65.800000 65.800000 0.990000 65.800000 65.800000 3.810000 19.000000 1 1 0
2014-09-02T02:00:00Z 2014-09-02T04:00:00Z 67.800000 67.800000 0.990000 67.800000 67.800000 1.250000 44.000000 1 1 0
2014-08-27T08:00:00Z 2014-08-27T10:00:00Z 77.660000 77.660000 0.450000 77.660000 77.660000 3.490000 7.000000 1 2 1
2014-08-26T20:00:00Z 2014-08-26T22:00:00Z 84.780000 84.780000 0.270000 84.780000 84.780000 6.210000 200.000000 1 2 1
2014-08-26T11:00:00Z 2014-08-26T13:00:00Z 88.880000 88.880000 0.250000 88.880000 88.880000 2.380000 294.000000 1 1 1
2014-08-26T05:00:00Z 2014-08-26T07:00:00Z 60.830000 60.830000 0.800000 60.830000 60.830000 6.150000 349.000000 1 1 1
2014-08-25T17:00:00Z 2014-08-25T19:00:00Z 87.430000 87.430000 0.250000 87.430000 87.430000 2.950000 118.000000 1 1 1
2014-08-25T14:00:00Z 2014-08-25T16:00:00Z 89.120000 89.120000 0.230000 89.120000 89.120000 2.470000 344.000000 1 1 1
2014-08-25T05:00:00Z 2014-08-25T07:00:00Z 63.510000 63.510000 0.890000 63.510000 63.510000 6.260000 350.000000 1 1 1
2014-08-25T02:00:00Z 2014-08-25T04:00:00Z 69.250000 69.250000 0.790000 69.250000 69.250000 2.310000 22.000000 1 1 1
2014-08-24T20:00:00Z 2014-08-24T22:00:00Z 78.440000 78.440000 0.640000 78.440000 78.440000 5.870000 118.000000 1 2 1
2014-08-24T17:00:00Z 2014-08-24T19:00:00Z 85.310000 85.310000 0.380000 85.310000 85.310000 2.920000 116.000000 1 1 1
2014-08-24T14:00:00Z 2014-08-24T16:00:00Z 87.070000 87.070000 0.340000 87.070000 87.070000 2.330000 342.000000 1 1 1
2014-08-24T11:00:00Z 2014-08-24T13:00:00Z 86.470000 86.470000 0.350000 86.470000 86.470000 4.450000 350.000000 1 1 1
2014-08-24T05:00:00Z 2014-08-24T07:00:00Z 71.260000 71.260000 0.850000 71.260000 71.260000 1.370000 225.000000 1 1 1
2014-08-22T08:00:00Z 2014-08-22T10:00:00Z 76.560000 76.560000 0.690000 76.560000 76.560000 1.520000 46.000000 1 1 1
2014-08-22T05:00:00Z 2014-08-22T07:00:00Z 66.260000 66.260000 0.910000 66.260000 66.260000 3.520000 340.000000 1 1 1
2014-08-22T02:00:00Z 2014-08-22T04:00:00Z 72.070000 72.070000 0.760000 72.070000 72.070000 3.610000 9.000000 1 1 1
2014-08-21T23:00:00Z 2014-08-22T01:00:00Z 77.140000 77.140000 0.620000 77.140000 77.140000 8.540000 290.000000 1 1 1
2014-08-18T08:00:00Z 2014-08-18T10:00:00Z 75.600000 75.600000 0.650000 75.600000 75.600000 3.450000 41.000000 1 2 1
2014-08-18T05:00:00Z 2014-08-18T07:00:00Z 67.380000 67.380000 0.850000 67.380000 67.380000 3.580000 357.000000 1 1 1
2014-08-17T17:00:00Z 2014-08-17T19:00:00Z 84.930000 84.930000 0.450000 84.930000 84.930000 3.790000 189.000000 1 1 1
2014-08-17T05:00:00Z 2014-08-17T07:00:00Z 71.250000 71.250000 0.740000 71.250000 71.250000 1.820000 133.000000 1 2 1
2014-08-15T20:00:00Z 2014-08-15T22:00:00Z 72.760000 72.760000 0.770000 72.760000 72.760000 3.470000 206.000000 1 1 1
2014-08-15T17:00:00Z 2014-08-15T19:00:00Z 76.570000 76.570000 0.610000 76.570000 76.570000 16.200000 201.000000 1 1 1
2014-08-15T14:00:00Z 2014-08-15T16:00:00Z 89.450000 89.450000 0.310000 89.450000 89.450000 3.400000 212.000000 1 2 1
2014-08-15T05:00:00Z 2014-08-15T07:00:00Z 63.790000 63.790000 0.950000 63.790000 63.790000 1.480000 19.000000 1 1 1
2014-08-15T02:00:00Z 2014-08-15T04:00:00Z 65.800000 65.800000 0.910000 65.800000 65.800000 3.430000 40.000000 1 1 1
2014-08-14T20:00:00Z 2014-08-14T22:00:00Z 79.820000 79.820000 0.570000 79.820000 79.820000 6.380000 219.000000 1 1 1
2014-08-14T17:00:00Z 2014-08-14T19:00:00Z 83.560000 83.560000 0.480000 83.560000 83.560000 9.500000 206.000000 1 2 1
2014-08-14T08:00:00Z 2014-08-14T10:00:00Z 70.920000 70.920000 0.770000 70.920000 70.920000 6.610000 339.000000 1 2 1
2014-08-14T02:00:00Z 2014-08-14T04:00:00Z 63.520000 63.520000 0.900000 63.520000 63.520000 2.130000 14.000000 1 1 1
2014-08-13T20:00:00Z 2014-08-13T22:00:00Z 67.760000 67.760000 0.860000 67.760000 67.760000 1.750000 71.000000 1 1 1
2014-08-13T17:00:00Z 2014-08-13T19:00:00Z 71.860000 71.860000 0.750000 71.860000 71.860000 3.800000 15.000000 1 1 1
2014-08-13T08:00:00Z 2014-08-13T10:00:00Z 67.650000 67.650000 0.870000 67.650000 67.650000 6.090000 75.000000 1 2 1
2014-08-13T05:00:00Z 2014-08-13T07:00:00Z 67.630000 67.630000 0.870000 67.630000 67.630000 2.020000 91.000000 1 1 1
2014-08-12T08:00:00Z 2014-08-12T10:00:00Z 80.790000 80.790000 0.380000 80.790000 80.790000 6.290000 18.000000 1 1 1
2014-08-11T20:00:00Z 2014-08-11T22:00:00Z 81.620000 81.620000 0.400000 81.620000 81.620000 1.820000 222.000000 1 1 1
2014-08-11T17:00:00Z 2014-08-11T19:00:00Z 92.170000 92.170000 0.250000 92.170000 92.170000 2.610000 227.000000 1 1 1
2014-08-11T14:00:00Z 2014-08-11T16:00:00Z 92.370000 92.370000 0.240000 92.370000 92.370000 3.720000 31.000000 1 1 1
2014-08-11T08:00:00Z 2014-08-11T10:00:00Z 80.920000 80.920000 0.480000 80.920000 80.920000 9.820000 9.000000 1 1 1
2014-08-11T05:00:00Z 2014-08-11T07:00:00Z 67.800000 67.800000 0.830000 67.800000 67.800000 3.690000 358.000000 1 1 1
2014-08-10T08:00:00Z 2014-08-10T10:00:00Z 74.480000 74.480000 0.740000 74.480000 74.480000 1.460000 65.000000 1 1 1
2014-08-10T02:00:00Z 2014-08-10T04:00:00Z 69.670000 69.670000 0.810000 69.670000 69.670000 4.080000 295.000000 1 1 1
2014-08-09T23:00:00Z 2014-08-10T01:00:00Z 70.320000 70.320000 0.870000 70.320000 70.320000 6.690000 320.000000 1 1 1
2014-08-06T20:00:00Z 2014-08-06T22:00:00Z 80.440000 80.440000 0.590000 80.440000 80.440000 6.050000 149.000000 1 2 1
2014-08-06T17:00:00Z 2014-08-06T19:00:00Z 89.170000 89.170000 0.280000 89.170000 89.170000 3.870000 142.000000 1 1 1
2014-08-06T15:00:00Z 2014-08-06T17:00:00Z 90.530000 90.530000 0.260000 90.530000 90.530000 9.130000 102.000000 1 1 1
2014-08-06T12:00:00Z 2014-08-06T14:00:00Z 87.230000 87.230000 0.360000 87.230000 87.230000 6.090000 46.000000 1 1 1
2014-08-06T10:00:00Z 2014-08-06T12:00:00Z 83.370000 83.370000 0.500000 83.370000 83.370000 5.880000 18.000000 1 1 1
2014-08-05T20:00:00Z 2014-08-05T22:00:00Z 80.480000 80.480000 0.650000 80.480000 80.480000 1.860000 228.000000 1 1 0
2014-08-05T11:00:00Z 2014-08-05T13:00:00Z 82.990000 82.990000 0.530000 82.990000 82.990000 1.850000 353.000000 1 1 0
2014-08-05T08:00:00Z 2014-08-05T10:00:00Z 72.160000 72.160000 0.800000 72.160000 72.160000 6.440000 348.000000 1 1 0
2014-08-05T05:00:00Z 2014-08-05T07:00:00Z 65.620000 65.620000 0.900000 65.620000 65.620000 3.670000 358.000000 1 1 0
2014-08-04T20:00:00Z 2014-08-04T22:00:00Z 71.530000 71.530000 0.770000 71.530000 71.530000 3.860000 15.000000 1 1 0
2014-08-04T17:00:00Z 2014-08-04T19:00:00Z 71.620000 71.620000 0.770000 71.620000 71.620000 8.160000 12.000000 1 1 0
2014-08-04T14:00:00Z 2014-08-04T16:00:00Z 69.720000 69.720000 0.870000 69.720000 69.720000 10.570000 12.000000 1 1 0
2014-08-04T11:00:00Z 2014-08-04T13:00:00Z 71.820000 71.820000 0.830000 71.820000 71.820000 16.140000 19.000000 1 1 0
2014-08-04T08:00:00Z 2014-08-04T10:00:00Z 79.970000 79.970000 0.640000 79.970000 79.970000 11.600000 28.000000 1 1 0
2014-07-23T14:00:00Z 2014-07-23T16:00:00Z 88.840000 88.840000 0.340000 88.840000 88.840000 6.830000 223.000000 1 1 1
2014-07-23T08:00:00Z 2014-07-23T10:00:00Z 78.210000 78.210000 0.610000 78.210000 78.210000 4.340000 271.000000 1 1 1
2014-07-22T20:00:00Z 2014-07-22T22:00:00Z 81.030000 81.030000 0.490000 81.030000 81.030000 5.910000 336.000000 1 1 1
2014-07-22T17:00:00Z 2014-07-22T19:00:00Z 82.970000 82.970000 0.480000 82.970000 82.970000 9.930000 328.000000 1 1 1
2014-07-22T14:00:00Z 2014-07-22T16:00:00Z 82.900000 82.900000 0.500000 82.900000 82.900000 10.000000 299.000000 1 1 1
2014-07-22T08:00:00Z 2014-07-22T10:00:00Z 80.860000 80.860000 0.530000 80.860000 80.860000 1.910000 315.000000 1 1 1
2014-07-22T02:00:00Z 2014-07-22T04:00:00Z 80.260000 80.260000 0.530000 80.260000 80.260000 3.520000 10.000000 1 1 1
2014-07-21T20:00:00Z 2014-07-21T22:00:00Z 87.000000 87.000000 0.420000 87.000000 87.000000 6.180000 37.000000 1 1 1
2014-07-21T17:00:00Z 2014-07-21T19:00:00Z 93.440000 93.440000 0.370000 93.440000 93.440000 2.670000 347.000000 1 1 1
2014-07-21T11:00:00Z 2014-07-21T13:00:00Z 89.010000 89.010000 0.500000 89.010000 89.010000 8.630000 339.000000 1 1 1
2014-07-21T08:00:00Z 2014-07-21T10:00:00Z 78.870000 78.870000 0.750000 78.870000 78.870000 9.300000 345.000000 1 1 1
2014-07-14T11:00:00Z 2014-07-14T13:00:00Z 92.780000 92.780000 0.320000 92.780000 92.780000 3.810000 179.000000 1 1 1
2014-07-13T14:00:00Z 2014-07-13T16:00:00Z 96.280000 96.280000 0.250000 96.280000 96.280000 3.680000 59.000000 1 1 1
2014-07-13T04:00:00Z 2014-07-13T06:00:00Z 73.720000 73.720000 0.540000 73.720000 73.720000 1.370000 62.000000 1 1 1
2014-07-13T02:00:00Z 2014-07-13T04:00:00Z 76.750000 76.750000 0.480000 76.750000 76.750000 1.660000 135.000000 1 1 1
2014-07-13T01:00:00Z 2014-07-13T03:00:00Z 78.720000 78.720000 0.450000 78.720000 78.720000 2.380000 151.000000 1 1 1
2014-07-12T23:00:00Z 2014-07-13T01:00:00Z 82.780000 82.780000 0.380000 82.780000 82.780000 3.920000 164.000000 1 1 1
2014-07-12T22:00:00Z 2014-07-13T00:00:00Z 84.570000 84.570000 0.350000 84.570000 84.570000 4.580000 167.000000 1 2 1
2014-07-12T21:00:00Z 2014-07-12T23:00:00Z 86.000000 86.000000 0.330000 86.000000 86.000000 5.120000 168.000000 1 1 1
2014-07-12T20:00:00Z 2014-07-12T22:00:00Z 86.920000 86.920000 0.310000 86.920000 86.920000 5.480000 169.000000 1 1 1
2014-07-12T17:00:00Z 2014-07-12T19:00:00Z 92.110000 92.110000 0.260000 92.110000 92.110000 6.030000 157.000000 1 1 1
2014-07-12T11:00:00Z 2014-07-12T13:00:00Z 89.240000 89.240000 0.310000 89.240000 89.240000 7.890000 37.000000 1 1 1
2014-07-12T08:00:00Z 2014-07-12T10:00:00Z 80.280000 80.280000 0.410000 80.280000 80.280000 8.410000 38.000000 1 1 1
2014-07-12T05:00:00Z 2014-07-12T07:00:00Z 74.280000 74.280000 0.500000 74.280000 74.280000 6.010000 30.000000 1 1 1
2014-07-12T02:00:00Z 2014-07-12T04:00:00Z 78.110000 78.110000 0.460000 78.110000 78.110000 6.350000 30.000000 1 1 1
2014-07-11T20:00:00Z 2014-07-11T22:00:00Z 81.030000 81.030000 0.520000 81.030000 81.030000 1.750000 55.000000 1 1 1
2014-07-11T17:00:00Z 2014-07-11T19:00:00Z 90.830000 90.830000 0.300000 90.830000 90.830000 2.740000 161.000000 1 1 1
2014-07-11T14:00:00Z 2014-07-11T16:00:00Z 94.360000 94.360000 0.260000 94.360000 94.360000 8.410000 15.000000 1 1 1
2014-07-10T17:00:00Z 2014-07-10T19:00:00Z 96.260000 96.260000 0.250000 96.260000 96.260000 9.820000 195.000000 1 1 1
2014-07-10T11:00:00Z 2014-07-10T13:00:00Z 95.620000 95.620000 0.250000 95.620000 95.620000 2.700000 310.000000 1 1 1
2014-07-09T17:00:00Z 2014-07-09T19:00:00Z 85.700000 85.700000 0.360000 85.700000 85.700000 2.640000 165.000000 1 2 1
2014-07-09T08:00:00Z 2014-07-09T10:00:00Z 78.490000 78.490000 0.510000 78.490000 78.490000 6.330000 8.000000 1 1 1
2014-07-09T05:00:00Z 2014-07-09T07:00:00Z 71.790000 71.790000 0.720000 71.790000 71.790000 4.030000 340.000000 1 1 1
2014-07-08T17:00:00Z 2014-07-08T19:00:00Z 87.620000 87.620000 0.430000 87.620000 87.620000 4.540000 350.000000 1 1 1
2014-07-02T11:00:00Z 2014-07-02T13:00:00Z 75.050000 75.050000 0.780000 75.050000 75.050000 4.380000 161.000000 1 2 0
2014-06-29T08:00:00Z 2014-06-29T10:00:00Z 81.430000 81.430000 0.500000 81.430000 81.430000 6.240000 42.000000 1 2 1
2014-06-29T05:00:00Z 2014-06-29T07:00:00Z 71.440000 71.440000 0.690000 71.440000 71.440000 3.570000 359.000000 1 1 1
2014-06-28T08:00:00Z 2014-06-28T10:00:00Z 82.820000 82.820000 0.380000 82.820000 82.820000 8.050000 7.000000 1 1 1
2014-06-28T05:00:00Z 2014-06-28T07:00:00Z 67.630000 67.630000 0.670000 67.630000 67.630000 5.960000 347.000000 1 1 1
2014-06-28T02:00:00Z 2014-06-28T04:00:00Z 71.290000 71.290000 0.560000 71.290000 71.290000 3.540000 10.000000 1 1 1
2014-06-27T17:00:00Z 2014-06-27T19:00:00Z 90.440000 90.440000 0.250000 90.440000 90.440000 3.660000 77.000000 1 1 1
2014-06-27T14:00:00Z 2014-06-27T16:00:00Z 92.160000 92.160000 0.230000 92.160000 92.160000 6.990000 357.000000 1 1 1
2014-06-27T05:00:00Z 2014-06-27T07:00:00Z 69.300000 69.300000 0.740000 69.300000 69.300000 1.780000 318.000000 1 1 1
2014-06-23T11:00:00Z 2014-06-23T13:00:00Z 83.260000 83.260000 0.440000 83.260000 83.260000 3.500000 220.000000 1 1 1
2014-06-23T05:00:00Z 2014-06-23T07:00:00Z 63.430000 63.430000 0.900000 63.430000 63.430000 3.590000 5.000000 1 1 1
2014-06-23T02:00:00Z 2014-06-23T04:00:00Z 63.670000 63.670000 0.900000 63.670000 63.670000 3.620000 359.000000 1 1 1
2014-06-22T23:00:00Z 2014-06-23T01:00:00Z 68.000000 68.000000 0.780000 68.000000 68.000000 9.000000 340.000000 1 2 1
2014-06-22T20:00:00Z 2014-06-22T22:00:00Z 71.470000 71.470000 0.690000 71.470000 71.470000 1.900000 56.000000 1 2 1
2014-06-22T05:00:00Z 2014-06-22T07:00:00Z 65.260000 65.260000 0.900000 65.260000 65.260000 3.690000 352.000000 1 1 1
2014-06-22T02:00:00Z 2014-06-22T04:00:00Z 63.780000 63.780000 0.900000 63.780000 63.780000 1.460000 5.000000 1 1 1
2014-06-21T23:00:00Z 2014-06-22T01:00:00Z 66.140000 66.140000 0.900000 66.140000 66.140000 3.720000 19.000000 1 1 1
2014-06-21T20:00:00Z 2014-06-21T22:00:00Z 65.940000 65.940000 0.830000 65.940000 65.940000 5.640000 3.000000 1 1 1
2014-06-20T17:00:00Z 2014-06-20T19:00:00Z 80.190000 80.190000 0.550000 80.190000 80.190000 3.780000 182.000000 1 1 1
2014-06-20T14:00:00Z 2014-06-20T16:00:00Z 81.000000 81.000000 0.510000 81.000000 81.000000 2.600000 110.000000 1 1 1
2014-06-20T11:00:00Z 2014-06-20T13:00:00Z 76.370000 76.370000 0.620000 76.370000 76.370000 3.820000 42.000000 1 1 1
2014-06-17T05:00:00Z 2014-06-17T07:00:00Z 66.350000 66.350000 0.920000 66.350000 66.350000 2.050000 111.000000 1 1 1
2014-06-14T11:00:00Z 2014-06-14T13:00:00Z 83.790000 83.790000 0.480000 83.790000 83.790000 1.740000 359.000000 1 2 1
2014-06-14T05:00:00Z 2014-06-14T07:00:00Z 63.930000 63.930000 0.960000 63.930000 63.930000 6.450000 1.000000 1 1 1
2014-06-14T02:00:00Z 2014-06-14T04:00:00Z 65.980000 65.980000 0.890000 65.980000 65.980000 1.800000 41.000000 1 1 1
2014-06-12T17:00:00Z 2014-06-12T19:00:00Z 90.290000 90.290000 0.300000 90.290000 90.290000 7.070000 116.000000 1 1 1
2014-06-12T14:00:00Z 2014-06-12T16:00:00Z 94.080000 94.080000 0.260000 94.080000 94.080000 5.770000 62.000000 1 1 1
2014-06-11T17:00:00Z 2014-06-11T19:00:00Z 85.230000 85.230000 0.340000 85.230000 85.230000 1.580000 27.000000 1 1 1
2014-06-09T20:00:00Z 2014-06-09T22:00:00Z 71.640000 71.640000 0.560000 71.640000 71.640000 6.020000 45.000000 1 1 1
2014-06-09T17:00:00Z 2014-06-09T19:00:00Z 78.730000 78.730000 0.440000 78.730000 78.730000 6.080000 267.000000 1 1 1
2014-06-08T08:00:00Z 2014-06-08T10:00:00Z 71.410000 71.410000 0.560000 71.410000 71.410000 3.220000 19.000000 1 1 1
2014-06-07T17:00:00Z 2014-06-07T19:00:00Z 81.570000 81.570000 0.310000 81.570000 81.570000 6.840000 13.000000 1 1 1
2014-06-07T11:00:00Z 2014-06-07T13:00:00Z 79.940000 79.940000 0.350000 79.940000 79.940000 11.370000 337.000000 1 1 1
2014-06-07T02:00:00Z 2014-06-07T04:00:00Z 62.430000 62.430000 0.730000 62.430000 62.430000 6.660000 346.000000 1 1 1
2014-06-06T17:00:00Z 2014-06-06T19:00:00Z 64.130000 64.130000 0.880000 64.130000 64.130000 8.940000 0.000000 1 1 1
2014-05-26T14:00:00Z 2014-05-26T16:00:00Z 92.670000 92.670000 0.140000 92.670000 92.670000 16.340000 209.000000 1 1 1
2014-05-26T11:00:00Z 2014-05-26T13:00:00Z 89.510000 89.510000 0.150000 89.510000 89.510000 14.840000 228.000000 1 1 1
2014-05-25T20:00:00Z 2014-05-25T22:00:00Z 76.160000 76.160000 0.220000 76.160000 76.160000 6.760000 262.000000 1 1 1
2014-05-25T17:00:00Z 2014-05-25T19:00:00Z 81.170000 81.170000 0.180000 81.170000 81.170000 19.680000 321.000000 1 1 1
2014-05-20T20:00:00Z 2014-05-20T22:00:00Z 76.340000 76.340000 0.490000 76.340000 76.340000 9.660000 129.000000 1 4 1
2014-05-20T17:00:00Z 2014-05-20T19:00:00Z 88.680000 88.680000 0.220000 88.680000 88.680000 7.870000 196.000000 1 1 1
2014-05-20T14:00:00Z 2014-05-20T16:00:00Z 89.330000 89.330000 0.220000 89.330000 89.330000 2.120000 2.000000 1 1 1
2014-05-20T11:00:00Z 2014-05-20T13:00:00Z 81.510000 81.510000 0.290000 81.510000 81.510000 5.990000 38.000000 1 1 1
2014-05-16T20:00:00Z 2014-05-16T22:00:00Z 74.030000 74.030000 0.320000 74.030000 74.030000 6.650000 149.000000 1 2 1
2014-05-16T14:00:00Z 2014-05-16T16:00:00Z 85.150000 85.150000 0.170000 85.150000 85.150000 2.190000 6.000000 1 2 1
2014-05-14T20:00:00Z 2014-05-14T22:00:00Z 65.500000 65.500000 0.240000 65.500000 65.500000 7.750000 202.000000 1 1 1
2014-05-14T17:00:00Z 2014-05-14T19:00:00Z 71.710000 71.710000 0.180000 71.710000 71.710000 3.230000 297.000000 1 1 1
2014-05-14T14:00:00Z 2014-05-14T16:00:00Z 72.260000 72.260000 0.200000 72.260000 72.260000 16.280000 319.000000 1 1 1
2014-05-14T11:00:00Z 2014-05-14T13:00:00Z 69.080000 69.080000 0.250000 69.080000 69.080000 15.740000 328.000000 1 1 1
2014-05-14T08:00:00Z 2014-05-14T10:00:00Z 66.740000 66.740000 0.240000 66.740000 66.740000 25.040000 320.000000 1 1 1
2014-05-13T20:00:00Z 2014-05-13T22:00:00Z 77.610000 77.610000 0.180000 77.610000 77.610000 9.910000 270.000000 1 1 1
2014-05-13T17:00:00Z 2014-05-13T19:00:00Z 84.950000 84.950000 0.130000 84.950000 84.950000 22.930000 312.000000 1 1 1
2014-05-12T17:00:00Z 2014-05-12T19:00:00Z 83.690000 83.690000 0.260000 83.690000 83.690000 10.340000 216.000000 1 2 1
2014-05-12T14:00:00Z 2014-05-12T16:00:00Z 85.200000 85.200000 0.210000 85.200000 85.200000 16.550000 222.000000 1 1 1
2014-05-12T04:00:00Z 2014-05-12T06:00:00Z 50.310000 50.310000 0.910000 50.310000 50.310000 0.150000 123.000000 1 2 1
2014-05-12T02:00:00Z 2014-05-12T04:00:00Z 52.070000 52.070000 0.910000 52.070000 52.070000 2.350000 256.000000 1 1 1
2014-05-11T20:00:00Z 2014-05-11T22:00:00Z 54.580000 54.580000 0.830000 54.580000 54.580000 6.290000 198.000000 1 1 1
2014-05-11T17:00:00Z 2014-05-11T19:00:00Z 56.320000 56.320000 0.740000 56.320000 56.320000 8.650000 317.000000 1 1 1
2014-05-11T14:00:00Z 2014-05-11T16:00:00Z 54.380000 54.380000 0.840000 54.380000 54.380000 10.440000 330.000000 1 1 1
2014-05-11T11:00:00Z 2014-05-11T13:00:00Z 53.390000 53.390000 0.870000 53.390000 53.390000 10.340000 358.000000 1 1 1
2014-05-10T23:00:00Z 2014-05-11T01:00:00Z 55.000000 55.000000 0.730000 55.000000 55.000000 2.100000 140.000000 1 1 1
2014-05-07T23:00:00Z 2014-05-08T01:00:00Z 56.930000 56.930000 0.720000 56.930000 56.930000 1.940000 102.000000 1 2 1
2014-05-07T14:00:00Z 2014-05-07T16:00:00Z 79.510000 79.510000 0.120000 79.510000 79.510000 20.450000 348.000000 1 1 1
2014-05-05T17:00:00Z 2014-05-05T19:00:00Z 67.600000 67.600000 0.150000 67.600000 67.600000 9.490000 184.000000 1 1 0
2014-05-05T11:00:00Z 2014-05-05T13:00:00Z 62.400000 62.400000 0.160000 62.400000 62.400000 3.980000 17.000000 1 1 0
2014-05-05T05:00:00Z 2014-05-05T07:00:00Z 41.200000 41.200000 0.550000 41.200000 41.200000 6.470000 5.000000 1 1 0
2014-05-04T20:00:00Z 2014-05-04T22:00:00Z 57.920000 57.920000 0.180000 57.920000 57.920000 8.790000 329.000000 1 1 0
2014-05-04T17:00:00Z 2014-05-04T19:00:00Z 62.180000 62.180000 0.130000 62.180000 62.180000 17.760000 325.000000 1 1 0
2014-05-04T14:00:00Z 2014-05-04T16:00:00Z 63.100000 63.100000 0.120000 63.100000 63.100000 29.850000 321.000000 1 1 0
2014-05-04T11:00:00Z 2014-05-04T13:00:00Z 62.650000 62.650000 0.110000 62.650000 62.650000 28.560000 330.000000 1 1 0
2014-05-03T20:00:00Z 2014-05-03T22:00:00Z 60.200000 60.200000 0.210000 60.200000 60.200000 26.340000 304.000000 1 1 0
2014-05-03T17:00:00Z 2014-05-03T19:00:00Z 70.600000 70.600000 0.140000 70.600000 70.600000 27.690000 302.000000 1 2 0
2014-05-02T20:00:00Z 2014-05-02T22:00:00Z 57.090000 57.090000 0.460000 57.090000 57.090000 3.650000 25.000000 1 1 0
2014-05-02T17:00:00Z 2014-05-02T19:00:00Z 63.440000 63.440000 0.360000 63.440000 63.440000 32.400000 279.000000 1 1 0
2014-05-02T08:00:00Z 2014-05-02T10:00:00Z 57.830000 57.830000 0.250000 57.830000 57.830000 24.180000 320.000000 1 1 0
2014-04-28T14:00:00Z 2014-04-28T16:00:00Z 78.250000 78.250000 0.200000 78.250000 78.250000 6.130000 255.000000 1 1 1
2014-04-27T17:00:00Z 2014-04-27T19:00:00Z 71.630000 71.630000 0.300000 71.630000 71.630000 7.480000 139.000000 1 2 1
2014-04-27T14:00:00Z 2014-04-27T16:00:00Z 74.300000 74.300000 0.220000 74.300000 74.300000 4.580000 107.000000 1 2 1
2014-04-26T17:00:00Z 2014-04-26T19:00:00Z 65.580000 65.580000 0.510000 65.580000 65.580000 5.980000 141.000000 1 2 1
2014-04-26T14:00:00Z 2014-04-26T16:00:00Z 70.320000 70.320000 0.280000 70.320000 70.320000 2.500000 93.000000 1 1 1
2014-04-26T02:00:00Z 2014-04-26T04:00:00Z 51.760000 51.760000 0.850000 51.760000 51.760000 6.890000 4.000000 1 1 1
2014-04-21T14:00:00Z 2014-04-21T16:00:00Z 76.340000 76.340000 0.160000 76.340000 76.340000 7.980000 16.000000 1 2 1
2014-04-20T14:00:00Z 2014-04-20T16:00:00Z 69.540000 69.540000 0.210000 69.540000 69.540000 8.000000 141.000000 1 1 1
2014-04-16T14:00:00Z 2014-04-16T16:00:00Z 70.000000 70.000000 0.140000 70.000000 70.000000 4.170000 73.000000 1 2 1
2014-04-15T20:00:00Z 2014-04-15T22:00:00Z 58.910000 58.910000 0.290000 58.910000 58.910000 2.250000 174.000000 1 1 1
2014-04-03T08:00:00Z 2014-04-03T10:00:00Z 57.560000 57.560000 0.120000 57.560000 57.560000 17.100000 310.000000 1 1 0
2014-03-30T20:00:00Z 2014-03-30T22:00:00Z 70.690000 70.690000 0.130000 70.690000 70.690000 6.570000 185.000000 1 2 1
2014-03-30T17:00:00Z 2014-03-30T19:00:00Z 74.420000 74.420000 0.100000 74.420000 74.420000 3.370000 133.000000 1 1 1
2014-03-30T14:00:00Z 2014-03-30T16:00:00Z 78.110000 78.110000 0.090000 78.110000 78.110000 3.990000 322.000000 1 1 1
2014-03-29T17:00:00Z 2014-03-29T19:00:00Z 71.100000 71.100000 0.200000 71.100000 71.100000 1.060000 70.000000 1 1 1
2014-03-29T14:00:00Z 2014-03-29T16:00:00Z 71.860000 71.860000 0.210000 71.860000 71.860000 3.840000 272.000000 1 1 1
2014-03-29T11:00:00Z 2014-03-29T13:00:00Z 66.790000 66.790000 0.290000 66.790000 66.790000 6.280000 18.000000 1 1 1
2014-03-29T02:00:00Z 2014-03-29T04:00:00Z 48.050000 48.050000 0.820000 48.050000 48.050000 3.780000 345.000000 1 1 1
2014-03-21T17:00:00Z 2014-03-21T19:00:00Z 67.690000 67.690000 0.080000 67.690000 67.690000 11.960000 214.000000 1 1 1
2014-03-21T14:00:00Z 2014-03-21T16:00:00Z 71.090000 71.090000 0.060000 71.090000 71.090000 9.670000 204.000000 1 1 1
2014-03-21T08:00:00Z 2014-03-21T10:00:00Z 52.270000 52.270000 0.180000 52.270000 52.270000 1.830000 261.000000 1 1 1
2014-03-21T05:00:00Z 2014-03-21T07:00:00Z 42.040000 42.040000 0.300000 42.040000 42.040000 1.800000 45.000000 1 1 1
2014-03-21T02:00:00Z 2014-03-21T04:00:00Z 50.070000 50.070000 0.160000 50.070000 50.070000 6.410000 310.000000 1 1 1
2014-03-20T23:00:00Z 2014-03-21T01:00:00Z 53.710000 53.710000 0.120000 53.710000 53.710000 6.800000 319.000000 1 1 1
2014-03-19T23:00:00Z 2014-03-20T01:00:00Z 47.820000 47.820000 0.530000 47.820000 47.820000 9.240000 331.000000 1 1 1
2014-03-19T20:00:00Z 2014-03-19T22:00:00Z 47.130000 47.130000 0.360000 47.130000 47.130000 10.330000 347.000000 1 1 1
2014-03-18T11:00:00Z 2014-03-18T13:00:00Z 58.060000 58.060000 0.220000 58.060000 58.060000 10.070000 180.000000 1 2 1
2014-03-18T08:00:00Z 2014-03-18T10:00:00Z 54.730000 54.730000 0.200000 54.730000 54.730000 7.380000 23.000000 1 1 1
2014-03-18T05:00:00Z 2014-03-18T07:00:00Z 48.540000 48.540000 0.240000 48.540000 48.540000 5.890000 44.000000 1 1 1
2014-03-17T20:00:00Z 2014-03-17T22:00:00Z 60.280000 60.280000 0.170000 60.280000 60.280000 12.840000 320.000000 1 1 1
2014-03-17T17:00:00Z 2014-03-17T19:00:00Z 65.190000 65.190000 0.130000 65.190000 65.190000 23.790000 320.000000 1 1 1
2014-03-14T02:00:00Z 2014-03-14T04:00:00Z 44.960000 44.960000 0.110000 44.960000 44.960000 12.360000 291.000000 1 1 1
2014-03-13T23:00:00Z 2014-03-14T01:00:00Z 49.930000 49.930000 0.070000 49.930000 49.930000 17.470000 319.000000 1 1 1
2014-03-13T14:00:00Z 2014-03-13T16:00:00Z 53.340000 53.340000 0.080000 53.340000 53.340000 3.530000 209.000000 1 1 1
2014-03-11T23:00:00Z 2014-03-12T01:00:00Z 46.000000 46.000000 0.270000 46.000000 46.000000 12.620000 12.000000 1 1 1
2014-03-07T14:00:00Z 2014-03-07T16:00:00Z 45.350000 45.350000 0.070000 45.350000 45.350000 2.010000 351.000000 1 1 1
2014-03-07T11:00:00Z 2014-03-07T13:00:00Z 42.010000 42.010000 0.100000 42.010000 42.010000 7.820000 47.000000 1 1 1
2014-03-04T17:00:00Z 2014-03-04T19:00:00Z 44.130000 44.130000 0.070000 44.130000 44.130000 15.420000 348.000000 1 1 0
2014-03-04T14:00:00Z 2014-03-04T16:00:00Z 47.160000 47.160000 0.070000 47.160000 47.160000 13.280000 318.000000 1 1 0
2014-03-04T08:00:00Z 2014-03-04T10:00:00Z 39.250000 39.250000 0.260000 39.250000 39.250000 6.710000 309.000000 1 1 0
2014-03-01T17:00:00Z 2014-03-01T19:00:00Z 50.990000 50.990000 0.070000 50.990000 50.990000 11.690000 290.000000 1 2 0
2014-03-01T11:00:00Z 2014-03-01T13:00:00Z 48.800000 48.800000 0.090000 48.800000 48.800000 12.440000 320.000000 1 1 0
2014-02-27T20:00:00Z 2014-02-27T22:00:00Z 35.340000 35.340000 0.230000 35.340000 35.340000 1.730000 166.000000 1 2 1
2014-02-27T08:00:00Z 2014-02-27T10:00:00Z 37.690000 37.690000 0.230000 37.690000 37.690000 9.290000 354.000000 1 1 1
2014-02-27T02:00:00Z 2014-02-27T04:00:00Z 38.420000 38.420000 0.300000 38.420000 38.420000 13.070000 320.000000 1 1 1
2014-02-26T23:00:00Z 2014-02-27T01:00:00Z 43.000000 43.000000 0.610000 43.000000 43.000000 12.920000 330.000000 1 1 1
2014-02-19T20:00:00Z 2014-02-19T22:00:00Z 27.790000 27.790000 0.480000 27.790000 27.790000 6.420000 168.000000 1 3 1
2014-02-19T17:00:00Z 2014-02-19T19:00:00Z 38.130000 38.130000 0.480000 38.130000 38.130000 6.280000 154.000000 1 1 1
2014-02-19T14:00:00Z 2014-02-19T16:00:00Z 40.100000 40.100000 0.380000 40.100000 40.100000 1.590000 66.000000 1 1 1
2014-02-12T14:00:00Z 2014-02-12T16:00:00Z 38.260000 38.260000 0.160000 38.260000 38.260000 5.840000 91.000000 1 3 1
2014-02-10T14:00:00Z 2014-02-10T16:00:00Z 27.690000 27.690000 0.230000 27.690000 27.690000 6.460000 151.000000 1 1 1
2014-02-10T11:00:00Z 2014-02-10T13:00:00Z 25.940000 25.940000 0.250000 25.940000 25.940000 1.720000 60.000000 1 1 1
2014-02-10T08:00:00Z 2014-02-10T10:00:00Z 17.260000 17.260000 0.420000 17.260000 17.260000 6.190000 9.000000 1 1 1
2014-02-09T20:00:00Z 2014-02-09T22:00:00Z 23.600000 23.600000 0.300000 23.600000 23.600000 10.220000 292.000000 1 1 1
2014-02-09T08:00:00Z 2014-02-09T10:00:00Z 16.840000 16.840000 0.320000 16.840000 16.840000 6.630000 12.000000 1 1 1
2014-02-08T20:00:00Z 2014-02-08T22:00:00Z 22.090000 22.090000 0.340000 22.090000 22.090000 14.490000 356.000000 1 1 1
2014-02-08T11:00:00Z 2014-02-08T13:00:00Z 30.770000 30.770000 0.530000 30.770000 30.770000 7.260000 359.000000 1 1 1
2014-02-04T14:00:00Z 2014-02-04T16:00:00Z 31.470000 31.470000 0.050000 31.470000 31.470000 8.440000 271.000000 1 1 0
2014-02-04T11:00:00Z 2014-02-04T13:00:00Z 30.800000 30.800000 0.070000 30.800000 30.800000 10.260000 338.000000 1 1 0
2014-02-03T08:00:00Z 2014-02-03T10:00:00Z 26.770000 26.770000 0.090000 26.770000 26.770000 18.850000 329.000000 1 1 0
2014-02-02T20:00:00Z 2014-02-02T22:00:00Z 34.930000 34.930000 0.100000 34.930000 34.930000 8.170000 40.000000 1 1 0
2014-02-02T17:00:00Z 2014-02-02T19:00:00Z 40.210000 40.210000 0.090000 40.210000 40.210000 12.820000 338.000000 1 1 0
2014-02-02T14:00:00Z 2014-02-02T16:00:00Z 48.550000 48.550000 0.100000 48.550000 48.550000 22.760000 330.000000 1 1 0
2014-02-02T11:00:00Z 2014-02-02T13:00:00Z 48.000000 48.000000 0.160000 48.000000 48.000000 23.190000 329.000000 1 1 0
2014-01-30T17:00:00Z 2014-01-30T19:00:00Z 38.580000 38.580000 0.150000 38.580000 38.580000 6.700000 173.000000 1 4 1
2014-01-30T14:00:00Z 2014-01-30T16:00:00Z 45.320000 45.320000 0.090000 45.320000 45.320000 6.430000 141.000000 1 1 1
2014-01-30T08:00:00Z 2014-01-30T10:00:00Z 34.460000 34.460000 0.200000 34.460000 34.460000 3.140000 342.000000 1 1 1
2014-01-28T08:00:00Z 2014-01-28T10:00:00Z 25.650000 25.650000 0.620000 25.650000 25.650000 1.550000 281.000000 1 1 1
2014-01-28T02:00:00Z 2014-01-28T04:00:00Z 21.410000 21.410000 0.340000 21.410000 21.410000 7.290000 12.000000 1 1 1
2014-01-27T23:00:00Z 2014-01-28T01:00:00Z 34.070000 34.070000 0.120000 34.070000 34.070000 9.000000 20.000000 1 1 1
2014-01-27T17:00:00Z 2014-01-27T19:00:00Z 38.910000 38.910000 0.300000 38.910000 38.910000 2.110000 326.000000 1 1 1
2014-01-26T11:00:00Z 2014-01-26T13:00:00Z 32.780000 32.780000 0.420000 32.780000 32.780000 9.900000 218.000000 1 2 1
2014-01-26T08:00:00Z 2014-01-26T10:00:00Z 23.340000 23.340000 0.630000 23.340000 23.340000 3.290000 139.000000 1 1 1
2014-01-25T08:00:00Z 2014-01-25T10:00:00Z 35.300000 35.300000 0.220000 35.300000 35.300000 8.250000 340.000000 1 1 1
2014-01-25T05:00:00Z 2014-01-25T07:00:00Z 29.710000 29.710000 0.330000 29.710000 29.710000 4.050000 343.000000 1 1 1
2014-01-20T14:00:00Z 2014-01-20T16:00:00Z 35.950000 35.950000 0.130000 35.950000 35.950000 27.440000 320.000000 1 1 1
2014-01-20T08:00:00Z 2014-01-20T10:00:00Z 28.680000 28.680000 0.230000 28.680000 28.680000 24.730000 329.000000 1 1 1
2014-01-19T23:00:00Z 2014-01-20T01:00:00Z 32.070000 32.070000 0.190000 32.070000 32.070000 11.580000 303.000000 1 1 1
2014-01-18T11:00:00Z 2014-01-18T13:00:00Z 37.590000 37.590000 0.200000 37.590000 37.590000 3.460000 24.000000 1 3 1
2014-01-12T02:00:00Z 2014-01-12T04:00:00Z 24.390000 24.390000 0.220000 24.390000 24.390000 10.450000 346.000000 1 1 1
2014-01-09T05:00:00Z 2014-01-09T07:00:00Z 19.460000 19.460000 0.250000 19.460000 19.460000 8.090000 319.000000 1 1 1
2014-01-09T02:00:00Z 2014-01-09T04:00:00Z 10.320000 10.320000 0.420000 10.320000 10.320000 8.400000 347.000000 1 1 1
2014-01-08T23:00:00Z 2014-01-09T01:00:00Z 19.070000 19.070000 0.290000 19.070000 19.070000 1.790000 292.000000 1 1 1
2014-01-08T20:00:00Z 2014-01-08T22:00:00Z 23.990000 23.990000 0.200000 23.990000 23.990000 8.390000 338.000000 1 1 1
2014-01-08T17:00:00Z 2014-01-08T19:00:00Z 28.990000 28.990000 0.140000 28.990000 28.990000 10.290000 312.000000 1 1 1
2014-01-08T14:00:00Z 2014-01-08T16:00:00Z 31.080000 31.080000 0.130000 31.080000 31.080000 15.060000 338.000000 1 1 1
2014-01-08T11:00:00Z 2014-01-08T13:00:00Z 30.650000 30.650000 0.210000 30.650000 30.650000 7.160000 336.000000 1 1 1
2014-01-08T08:00:00Z 2014-01-08T10:00:00Z 21.880000 21.880000 0.310000 21.880000 21.880000 8.390000 17.000000 1 1 1
2014-01-08T05:00:00Z 2014-01-08T07:00:00Z 22.270000 22.270000 0.340000 22.270000 22.270000 3.720000 18.000000 1 1 1
2014-01-08T02:00:00Z 2014-01-08T04:00:00Z 24.150000 24.150000 0.320000 24.150000 24.150000 9.930000 358.000000 1 1 1
2014-01-07T20:00:00Z 2014-01-07T22:00:00Z 29.510000 29.510000 0.260000 29.510000 29.510000 6.480000 355.000000 1 1 1
2014-01-07T17:00:00Z 2014-01-07T19:00:00Z 37.990000 37.990000 0.220000 37.990000 37.990000 6.470000 12.000000 1 1 1
2014-01-05T17:00:00Z 2014-01-05T19:00:00Z 35.680000 35.680000 0.300000 35.680000 35.680000 4.250000 145.000000 1 2 0
2014-01-03T17:00:00Z 2014-01-03T19:00:00Z 38.440000 38.440000 0.430000 38.440000 38.440000 1.500000 96.000000 1 2 0
2014-01-01T14:00:00Z 2014-01-01T16:00:00Z 51.150000 51.150000 0.130000 51.150000 51.150000 16.720000 301.000000 1 1 0
2014-01-01T11:00:00Z 2014-01-01T13:00:00Z 48.720000 48.720000 0.250000 48.720000 48.720000 18.320000 291.000000 1 1 0
2013-12-31T23:00:00Z 2014-01-01T01:00:00Z 44.460000 44.460000 0.130000 44.460000 44.460000 12.560000 280.000000 1 2 1
2013-12-31T20:00:00Z 2013-12-31T22:00:00Z 43.220000 43.220000 0.140000 43.220000 43.220000 8.460000 299.000000 1 1 1
2013-12-31T17:00:00Z 2013-12-31T19:00:00Z 44.880000 44.880000 0.150000 44.880000 44.880000 18.360000 290.000000 1 1 1
2013-12-31T14:00:00Z 2013-12-31T16:00:00Z 47.240000 47.240000 0.130000 47.240000 47.240000 23.980000 300.000000 1 1 1
2013-12-27T14:00:00Z 2013-12-27T16:00:00Z 33.410000 33.410000 0.140000 33.410000 33.410000 8.920000 317.000000 1 1 1
