2014-09-28T20:00:00Z 2014-09-28T22:00:00Z 63.560000 63.560000 0.820000 63.560000 63.560000 3.830000 170.000000 2 3 1
2014-09-28T18:00:00Z 2014-09-28T20:00:00Z 67.620000 67.620000 0.720000 67.620000 67.620000 3.900000 162.000000 2 2 1
2014-09-28T16:00:00Z 2014-09-28T18:00:00Z 71.220000 71.220000 0.640000 71.220000 71.220000 4.200000 159.000000 2 2 1
2014-09-28T10:00:00Z 2014-09-28T12:00:00Z 67.410000 67.410000 0.660000 67.410000 67.410000 2.290000 100.000000 2 2 1
2014-09-28T09:00:00Z 2014-09-28T11:00:00Z 65.060000 65.060000 0.680000 65.060000 65.060000 1.470000 122.000000 2 2 1
2014-09-28T04:00:00Z 2014-09-28T06:00:00Z 56.940000 56.940000 0.750000 56.940000 56.940000 1.060000 118.000000 2 1 1
2014-09-28T03:00:00Z 2014-09-28T05:00:00Z 57.040000 57.040000 0.760000 57.040000 57.040000 0.890000 152.000000 2 1 1
2014-09-28T02:00:00Z 2014-09-28T04:00:00Z 57.130000 57.130000 0.780000 57.130000 57.130000 1.230000 116.000000 2 2 1
2014-09-28T00:00:00Z 2014-09-28T02:00:00Z 58.480000 58.480000 0.740000 58.480000 58.480000 2.250000 161.000000 2 2 1
2014-09-27T21:00:00Z 2014-09-27T23:00:00Z 60.460000 60.460000 0.670000 60.460000 60.460000 2.720000 153.000000 2 2 1
2014-09-27T02:00:00Z 2014-09-27T04:00:00Z 57.200000 57.200000 0.790000 57.200000 57.200000 4.920000 347.000000 2 1 1
2014-09-26T03:00:00Z 2014-09-26T05:00:00Z 59.260000 59.260000 0.930000 59.260000 59.260000 2.560000 168.000000 2 3 1
2014-09-26T02:00:00Z 2014-09-26T04:00:00Z 59.610000 59.610000 0.910000 59.610000 59.610000 5.560000 173.000000 2 3 1
2014-09-25T06:00:00Z 2014-09-25T08:00:00Z 57.510000 57.510000 0.960000 57.510000 57.510000 0.370000 99.000000 2 3 1
2014-09-25T04:00:00Z 2014-09-25T06:00:00Z 55.130000 55.130000 0.960000 55.130000 55.130000 0.760000 165.000000 2 2 1
2014-09-24T22:00:00Z 2014-09-25T00:00:00Z 60.910000 60.910000 0.920000 60.910000 60.910000 3.480000 183.000000 2 3 1
2014-09-24T20:00:00Z 2014-09-24T22:00:00Z 63.700000 63.700000 0.840000 63.700000 63.700000 5.240000 178.000000 2 2 1
2014-09-22T05:00:00Z 2014-09-22T07:00:00Z 67.190000 67.190000 0.800000 67.190000 67.190000 3.580000 91.000000 2 2 1
2014-09-21T11:00:00Z 2014-09-21T13:00:00Z 72.630000 72.630000 0.550000 72.630000 72.630000 4.070000 73.000000 2 2 1
2014-09-21T08:00:00Z 2014-09-21T10:00:00Z 66.600000 66.600000 0.650000 66.600000 66.600000 3.560000 134.000000 2 2 1
2014-09-19T20:00:00Z 2014-09-19T22:00:00Z 65.790000 65.790000 0.880000 65.790000 65.790000 2.330000 172.000000 2 3 1
2014-09-19T17:00:00Z 2014-09-19T19:00:00Z 72.720000 72.720000 0.620000 72.720000 72.720000 6.870000 196.000000 2 2 1
2014-09-19T08:00:00Z 2014-09-19T10:00:00Z 62.350000 62.350000 0.800000 62.350000 62.350000 3.800000 182.000000 2 3 1
2014-09-19T02:00:00Z 2014-09-19T04:00:00Z 55.260000 55.260000 0.880000 55.260000 55.260000 1.670000 63.000000 2 2 1
2014-09-18T20:00:00Z 2014-09-18T22:00:00Z 64.260000 64.260000 0.620000 64.260000 64.260000 1.940000 174.000000 2 2 1
2014-09-18T17:00:00Z 2014-09-18T19:00:00Z 78.480000 78.480000 0.300000 78.480000 78.480000 6.960000 159.000000 2 2 1
2014-09-17T20:00:00Z 2014-09-17T22:00:00Z 65.510000 65.510000 0.650000 65.510000 65.510000 6.510000 222.000000 2 2 1
2014-09-17T17:00:00Z 2014-09-17T19:00:00Z 69.900000 69.900000 0.560000 69.900000 69.900000 6.400000 153.000000 2 1 1
2014-09-16T17:00:00Z 2014-09-16T19:00:00Z 67.880000 67.880000 0.610000 67.880000 67.880000 1.780000 90.000000 2 2 1
2014-09-16T08:00:00Z 2014-09-16T10:00:00Z 64.650000 64.650000 0.500000 64.650000 64.650000 5.810000 359.000000 2 1 1
2014-09-13T02:00:00Z 2014-09-13T04:00:00Z 65.600000 65.600000 0.910000 65.600000 65.600000 1.760000 84.000000 2 2 1
2014-09-12T20:00:00Z 2014-09-12T22:00:00Z 69.530000 69.530000 0.770000 69.530000 69.530000 3.670000 164.000000 2 2 1
2014-09-12T14:00:00Z 2014-09-12T16:00:00Z 75.950000 75.950000 0.610000 75.950000 75.950000 3.510000 181.000000 2 2 1
2014-09-12T11:00:00Z 2014-09-12T13:00:00Z 71.260000 71.260000 0.750000 71.260000 71.260000 1.910000 41.000000 2 2 1
2014-09-12T08:00:00Z 2014-09-12T10:00:00Z 67.260000 67.260000 0.860000 67.260000 67.260000 1.440000 114.000000 2 2 1
2014-09-12T05:00:00Z 2014-09-12T07:00:00Z 65.500000 65.500000 0.990000 65.500000 65.500000 2.020000 260.000000 2 2 1
2014-09-11T02:00:00Z 2014-09-11T04:00:00Z 65.890000 65.890000 0.780000 65.890000 65.890000 1.950000 89.000000 2 3 1
2014-09-10T20:00:00Z 2014-09-10T22:00:00Z 74.410000 74.410000 0.620000 74.410000 74.410000 3.800000 123.000000 2 2 1
2014-09-10T14:00:00Z 2014-09-10T16:00:00Z 81.790000 81.790000 0.400000 81.790000 81.790000 8.550000 193.000000 2 1 1
2014-09-10T02:00:00Z 2014-09-10T04:00:00Z 62.750000 62.750000 0.920000 62.750000 62.750000 1.740000 83.000000 2 2 1
2014-09-09T23:00:00Z 2014-09-10T01:00:00Z 69.930000 69.930000 0.600000 69.930000 69.930000 3.910000 151.000000 2 2 1
2014-09-09T20:00:00Z 2014-09-09T22:00:00Z 72.680000 72.680000 0.640000 72.680000 72.680000 3.600000 95.000000 2 2 1
2014-09-05T05:00:00Z 2014-09-05T07:00:00Z 63.520000 63.520000 0.890000 63.520000 63.520000 1.870000 77.000000 2 2 0
2014-09-04T08:00:00Z 2014-09-04T10:00:00Z 71.920000 71.920000 0.620000 71.920000 71.920000 3.210000 356.000000 2 2 0
2014-09-01T02:00:00Z 2014-09-01T04:00:00Z 69.500000 69.500000 0.990000 69.500000 69.500000 1.610000 133.000000 2 2 0
2014-08-31T11:00:00Z 2014-08-31T13:00:00Z 74.440000 74.440000 0.790000 74.440000 74.440000 3.520000 70.000000 2 3 1
2014-08-29T20:00:00Z 2014-08-29T22:00:00Z 71.800000 71.800000 0.860000 71.800000 71.800000 1.550000 176.000000 2 2 1
2014-08-29T14:00:00Z 2014-08-29T16:00:00Z 78.590000 78.590000 0.650000 78.590000 78.590000 2.410000 165.000000 2 2 1
2014-08-28T17:00:00Z 2014-08-28T19:00:00Z 78.470000 78.470000 0.640000 78.470000 78.470000 2.650000 283.000000 2 3 1
2014-08-27T20:00:00Z 2014-08-27T22:00:00Z 75.610000 75.610000 0.630000 75.610000 75.610000 2.200000 145.000000 2 3 1
2014-08-27T17:00:00Z 2014-08-27T19:00:00Z 89.420000 89.420000 0.310000 89.420000 89.420000 8.230000 203.000000 2 2 1
2014-08-27T05:00:00Z 2014-08-27T07:00:00Z 62.680000 62.680000 0.800000 62.680000 62.680000 3.430000 39.000000 2 2 1
2014-08-27T02:00:00Z 2014-08-27T04:00:00Z 65.770000 65.770000 0.760000 65.770000 65.770000 0.800000 320.000000 2 1 1
2014-08-26T23:00:00Z 2014-08-27T01:00:00Z 72.040000 72.040000 0.560000 72.040000 72.040000 1.860000 94.000000 2 2 1
2014-08-26T17:00:00Z 2014-08-26T19:00:00Z 92.400000 92.400000 0.180000 92.400000 92.400000 3.430000 212.000000 2 1 1
2014-08-26T02:00:00Z 2014-08-26T04:00:00Z 63.840000 63.840000 0.820000 63.840000 63.840000 3.540000 201.000000 2 1 1
2014-08-23T23:00:00Z 2014-08-24T01:00:00Z 73.000000 73.000000 0.790000 73.000000 73.000000 10.650000 230.000000 2 1 1
2014-08-23T08:00:00Z 2014-08-23T10:00:00Z 77.980000 77.980000 0.750000 77.980000 77.980000 2.860000 20.000000 2 4 1
2014-08-19T17:00:00Z 2014-08-19T19:00:00Z 87.920000 87.920000 0.430000 87.920000 87.920000 8.400000 217.000000 2 2 1
2014-08-19T14:00:00Z 2014-08-19T16:00:00Z 90.500000 90.500000 0.390000 90.500000 90.500000 9.960000 179.000000 2 2 1
2014-08-18T20:00:00Z 2014-08-18T22:00:00Z 76.820000 76.820000 0.640000 76.820000 76.820000 4.000000 153.000000 2 2 1
2014-08-18T14:00:00Z 2014-08-18T16:00:00Z 85.600000 85.600000 0.490000 85.600000 85.600000 6.620000 178.000000 2 3 1
2014-08-17T23:00:00Z 2014-08-18T01:00:00Z 73.140000 73.140000 0.790000 73.140000 73.140000 2.020000 153.000000 2 2 1
2014-08-17T20:00:00Z 2014-08-17T22:00:00Z 76.140000 76.140000 0.690000 76.140000 76.140000 3.280000 81.000000 2 2 1
2014-08-17T08:00:00Z 2014-08-17T10:00:00Z 75.810000 75.810000 0.640000 75.810000 75.810000 4.110000 25.000000 2 2 1
2014-08-16T08:00:00Z 2014-08-16T10:00:00Z 78.090000 78.090000 0.600000 78.090000 78.090000 3.540000 11.000000 2 1 1
2014-08-16T02:00:00Z 2014-08-16T04:00:00Z 69.540000 69.540000 0.860000 69.540000 69.540000 1.720000 11.000000 2 2 1
2014-08-15T23:00:00Z 2014-08-16T01:00:00Z 73.290000 73.290000 0.780000 73.290000 73.290000 6.720000 101.000000 2 2 1
2014-08-14T14:00:00Z 2014-08-14T16:00:00Z 85.720000 85.720000 0.440000 85.720000 85.720000 7.880000 163.000000 2 1 1
2014-08-12T20:00:00Z 2014-08-12T22:00:00Z 78.380000 78.380000 0.610000 78.380000 78.380000 1.630000 106.000000 2 1 1
2014-08-12T17:00:00Z 2014-08-12T19:00:00Z 86.870000 86.870000 0.350000 86.870000 86.870000 4.120000 151.000000 2 2 1
2014-08-11T02:00:00Z 2014-08-11T04:00:00Z 71.780000 71.780000 0.800000 71.780000 71.780000 6.180000 9.000000 2 1 1
2014-08-10T23:00:00Z 2014-08-11T01:00:00Z 75.220000 75.220000 0.730000 75.220000 75.220000 2.000000 40.000000 2 2 1
2014-08-10T20:00:00Z 2014-08-10T22:00:00Z 79.220000 79.220000 0.660000 79.220000 79.220000 2.820000 82.000000 2 2 1
2014-08-10T14:00:00Z 2014-08-10T16:00:00Z 90.450000 90.450000 0.370000 90.450000 90.450000 3.920000 233.000000 2 2 1
2014-08-09T20:00:00Z 2014-08-09T22:00:00Z 79.920000 79.920000 0.570000 79.920000 79.920000 6.810000 147.000000 2 1 1
2014-08-09T17:00:00Z 2014-08-09T19:00:00Z 85.560000 85.560000 0.440000 85.560000 85.560000 10.570000 158.000000 2 2 1
2014-08-08T05:00:00Z 2014-08-08T07:00:00Z 69.340000 69.340000 0.810000 69.340000 69.340000 1.670000 82.000000 2 3 1
2014-08-07T20:00:00Z 2014-08-07T22:00:00Z 80.550000 80.550000 0.540000 80.550000 80.550000 6.470000 159.000000 2 3 1
2014-08-07T17:00:00Z 2014-08-07T19:00:00Z 87.580000 87.580000 0.400000 87.580000 87.580000 8.530000 194.000000 2 2 1
2014-08-07T15:00:00Z 2014-08-07T17:00:00Z 89.060000 89.060000 0.360000 89.060000 89.060000 9.700000 157.000000 2 2 1
2014-08-07T14:00:00Z 2014-08-07T16:00:00Z 87.730000 87.730000 0.380000 87.730000 87.730000 7.720000 151.000000 2 2 1
2014-08-07T13:00:00Z 2014-08-07T15:00:00Z 86.090000 86.090000 0.410000 86.090000 86.090000 5.400000 140.000000 2 2 1
2014-08-07T11:00:00Z 2014-08-07T13:00:00Z 82.430000 82.430000 0.470000 82.430000 82.430000 3.060000 59.000000 2 2 1
2014-08-07T09:00:00Z 2014-08-07T11:00:00Z 79.230000 79.230000 0.520000 79.230000 79.230000 6.590000 15.000000 2 2 1
2014-08-07T08:00:00Z 2014-08-07T10:00:00Z 78.170000 78.170000 0.540000 78.170000 78.170000 7.970000 10.000000 2 3 1
2014-08-07T02:00:00Z 2014-08-07T04:00:00Z 71.210000 71.210000 0.810000 71.210000 71.210000 2.120000 42.000000 2 3 1
2014-08-06T08:00:00Z 2014-08-06T10:00:00Z 80.410000 80.410000 0.610000 80.410000 80.410000 6.540000 0.000000 2 1 1
2014-08-06T05:00:00Z 2014-08-06T07:00:00Z 71.230000 71.230000 0.810000 71.230000 71.230000 7.970000 0.000000 2 2 1
2014-08-05T17:00:00Z 2014-08-05T19:00:00Z 85.550000 85.550000 0.480000 85.550000 85.550000 7.260000 172.000000 2 1 0
2014-08-04T05:00:00Z 2014-08-04T07:00:00Z 78.380000 78.380000 0.870000 78.380000 78.380000 3.680000 16.000000 2 2 0
2014-08-04T02:00:00Z 2014-08-04T04:00:00Z 78.940000 78.940000 0.860000 78.940000 78.940000 0.130000 233.000000 2 2 0
2014-08-03T23:00:00Z 2014-08-04T01:00:00Z 79.110000 79.110000 0.880000 79.110000 79.110000 2.050000 72.000000 2 2 0
2014-08-03T20:00:00Z 2014-08-03T22:00:00Z 81.340000 81.340000 0.810000 81.340000 81.340000 3.670000 71.000000 2 3 0
2014-07-26T20:00:00Z 2014-07-26T22:00:00Z 87.250000 87.250000 0.430000 87.250000 87.250000 6.360000 163.000000 2 2 1
2014-07-25T23:00:00Z 2014-07-26T01:00:00Z 79.000000 79.000000 0.540000 79.000000 79.000000 3.760000 155.000000 2 2 1
2014-07-25T20:00:00Z 2014-07-25T22:00:00Z 81.830000 81.830000 0.470000 81.830000 81.830000 6.270000 170.000000 2 2 1
2014-07-25T14:00:00Z 2014-07-25T16:00:00Z 92.180000 92.180000 0.370000 92.180000 92.180000 8.100000 89.000000 2 2 1
2014-07-25T11:00:00Z 2014-07-25T13:00:00Z 88.720000 88.720000 0.440000 88.720000 88.720000 6.340000 67.000000 2 2 1
2014-07-24T20:00:00Z 2014-07-24T22:00:00Z 78.800000 78.800000 0.600000 78.800000 78.800000 4.110000 153.000000 2 2 1
2014-07-24T17:00:00Z 2014-07-24T19:00:00Z 85.310000 85.310000 0.560000 85.310000 85.310000 6.750000 109.000000 2 3 1
2014-07-23T20:00:00Z 2014-07-23T22:00:00Z 83.240000 83.240000 0.560000 83.240000 83.240000 6.500000 220.000000 2 2 1
2014-07-23T17:00:00Z 2014-07-23T19:00:00Z 88.990000 88.990000 0.350000 88.990000 88.990000 6.870000 204.000000 2 1 1
2014-07-23T11:00:00Z 2014-07-23T13:00:00Z 85.000000 85.000000 0.450000 85.000000 85.000000 6.490000 228.000000 2 2 1
2014-07-22T11:00:00Z 2014-07-22T13:00:00Z 82.930000 82.930000 0.490000 82.930000 82.930000 3.540000 9.000000 2 1 1
2014-07-21T05:00:00Z 2014-07-21T07:00:00Z 84.530000 84.530000 0.720000 84.530000 84.530000 8.470000 279.000000 2 1 1
2014-07-21T02:00:00Z 2014-07-21T04:00:00Z 85.460000 85.460000 0.710000 85.460000 85.460000 8.500000 175.000000 2 2 1
2014-07-20T23:00:00Z 2014-07-21T01:00:00Z 90.040000 90.040000 0.620000 90.040000 90.040000 7.070000 190.000000 2 2 1
2014-07-20T20:00:00Z 2014-07-20T22:00:00Z 90.230000 90.230000 0.580000 90.230000 90.230000 8.820000 189.000000 2 2 1
2014-07-20T08:00:00Z 2014-07-20T10:00:00Z 85.470000 85.470000 0.660000 85.470000 85.470000 6.950000 181.000000 2 2 1
2014-07-20T05:00:00Z 2014-07-20T07:00:00Z 80.400000 80.400000 0.780000 80.400000 80.400000 4.050000 167.000000 2 2 1
2014-07-20T02:00:00Z 2014-07-20T04:00:00Z 83.400000 83.400000 0.750000 83.400000 83.400000 6.650000 154.000000 2 2 1
2014-07-19T23:00:00Z 2014-07-20T01:00:00Z 87.860000 87.860000 0.660000 87.860000 87.860000 6.940000 161.000000 2 2 1
2014-07-19T20:00:00Z 2014-07-19T22:00:00Z 89.470000 89.470000 0.620000 89.470000 89.470000 7.030000 150.000000 2 2 1
2014-07-19T14:00:00Z 2014-07-19T16:00:00Z 96.500000 96.500000 0.470000 96.500000 96.500000 10.520000 157.000000 2 2 1
2014-07-15T14:00:00Z 2014-07-15T16:00:00Z 87.680000 87.680000 0.440000 87.680000 87.680000 10.030000 150.000000 2 2 1
2014-07-14T20:00:00Z 2014-07-14T22:00:00Z 85.030000 85.030000 0.460000 85.030000 85.030000 4.310000 146.000000 2 1 1
2014-07-14T17:00:00Z 2014-07-14T19:00:00Z 95.310000 95.310000 0.320000 95.310000 95.310000 6.440000 184.000000 2 2 1
2014-07-13T00:00:00Z 2014-07-13T02:00:00Z 80.780000 80.780000 0.420000 80.780000 80.780000 3.160000 160.000000 2 1 1
2014-07-11T05:00:00Z 2014-07-11T07:00:00Z 71.250000 71.250000 0.760000 71.250000 71.250000 7.860000 347.000000 2 2 1
2014-07-11T02:00:00Z 2014-07-11T04:00:00Z 71.620000 71.620000 0.750000 71.620000 71.620000 1.220000 22.000000 2 2 1
2014-07-09T20:00:00Z 2014-07-09T22:00:00Z 85.060000 85.060000 0.380000 85.060000 85.060000 3.660000 226.000000 2 2 1
2014-07-05T14:00:00Z 2014-07-05T16:00:00Z 87.600000 87.600000 0.590000 87.600000 87.600000 6.940000 157.000000 2 2 0
2014-07-02T14:00:00Z 2014-07-02T16:00:00Z 77.310000 77.310000 0.770000 77.310000 77.310000 1.120000 275.000000 2 2 0
2014-07-02T08:00:00Z 2014-07-02T10:00:00Z 71.670000 71.670000 0.880000 71.670000 71.670000 2.360000 104.000000 2 2 0
2014-07-02T05:00:00Z 2014-07-02T07:00:00Z 69.780000 69.780000 0.930000 69.780000 69.780000 1.850000 121.000000 2 2 0
2014-07-02T02:00:00Z 2014-07-02T04:00:00Z 69.840000 69.840000 0.930000 69.840000 69.840000 1.940000 66.000000 2 2 0
2014-07-01T05:00:00Z 2014-07-01T07:00:00Z 74.910000 74.910000 0.680000 74.910000 74.910000 3.700000 86.000000 2 3 0
2014-06-30T02:00:00Z 2014-06-30T04:00:00Z 74.490000 74.490000 0.730000 74.490000 74.490000 3.460000 77.000000 2 2 1
2014-06-27T23:00:00Z 2014-06-28T01:00:00Z 75.220000 75.220000 0.500000 75.220000 75.220000 6.750000 339.000000 2 1 1
2014-06-24T17:00:00Z 2014-06-24T19:00:00Z 85.730000 85.730000 0.430000 85.730000 85.730000 9.260000 158.000000 2 2 1
2014-06-24T11:00:00Z 2014-06-24T13:00:00Z 85.740000 85.740000 0.420000 85.740000 85.740000 8.330000 195.000000 2 2 1
2014-06-24T08:00:00Z 2014-06-24T10:00:00Z 78.270000 78.270000 0.590000 78.270000 78.270000 3.450000 288.000000 2 2 1
2014-06-24T02:00:00Z 2014-06-24T04:00:00Z 69.700000 69.700000 0.790000 69.700000 69.700000 1.410000 88.000000 2 2 1
2014-06-23T23:00:00Z 2014-06-24T01:00:00Z 73.140000 73.140000 0.710000 73.140000 73.140000 1.910000 114.000000 2 2 1
2014-06-23T20:00:00Z 2014-06-23T22:00:00Z 80.520000 80.520000 0.450000 80.520000 80.520000 3.780000 150.000000 2 1 1
2014-06-22T17:00:00Z 2014-06-22T19:00:00Z 78.180000 78.180000 0.520000 78.180000 78.180000 11.570000 24.000000 2 1 1
2014-06-22T11:00:00Z 2014-06-22T13:00:00Z 78.480000 78.480000 0.580000 78.480000 78.480000 3.680000 199.000000 2 2 1
2014-06-21T17:00:00Z 2014-06-21T19:00:00Z 79.290000 79.290000 0.540000 79.290000 79.290000 3.420000 164.000000 2 2 1
2014-06-21T05:00:00Z 2014-06-21T07:00:00Z 67.390000 67.390000 0.880000 67.390000 67.390000 2.040000 105.000000 2 2 1
2014-06-21T02:00:00Z 2014-06-21T04:00:00Z 67.680000 67.680000 0.870000 67.680000 67.680000 1.850000 109.000000 2 2 1
2014-06-20T20:00:00Z 2014-06-20T22:00:00Z 72.650000 72.650000 0.700000 72.650000 72.650000 4.280000 118.000000 2 3 1
2014-06-18T08:00:00Z 2014-06-18T10:00:00Z 72.540000 72.540000 0.730000 72.540000 72.540000 6.860000 348.000000 2 2 1
2014-06-17T23:00:00Z 2014-06-18T01:00:00Z 66.140000 66.140000 0.930000 66.140000 66.140000 6.680000 330.000000 2 2 1
2014-06-17T11:00:00Z 2014-06-17T13:00:00Z 73.880000 73.880000 0.760000 73.880000 73.880000 3.900000 136.000000 2 4 1
2014-06-14T20:00:00Z 2014-06-14T22:00:00Z 80.820000 80.820000 0.630000 80.820000 80.820000 2.440000 130.000000 2 2 1
2014-06-14T14:00:00Z 2014-06-14T16:00:00Z 88.110000 88.110000 0.390000 88.110000 88.110000 3.070000 112.000000 2 2 1
2014-06-13T11:00:00Z 2014-06-13T13:00:00Z 87.230000 87.230000 0.420000 87.230000 87.230000 6.190000 160.000000 2 2 1
2014-06-11T23:00:00Z 2014-06-12T01:00:00Z 75.000000 75.000000 0.540000 75.000000 75.000000 2.040000 223.000000 2 2 1
2014-06-10T17:00:00Z 2014-06-10T19:00:00Z 72.650000 72.650000 0.660000 72.650000 72.650000 8.070000 268.000000 2 3 1
2014-06-10T08:00:00Z 2014-06-10T10:00:00Z 67.790000 67.790000 0.780000 67.790000 67.790000 2.060000 66.000000 2 3 1
2014-06-09T11:00:00Z 2014-06-09T13:00:00Z 80.240000 80.240000 0.420000 80.240000 80.240000 2.840000 71.000000 2 2 1
2014-06-08T11:00:00Z 2014-06-08T13:00:00Z 81.490000 81.490000 0.400000 81.490000 81.490000 3.210000 20.000000 2 2 1
2014-06-05T20:00:00Z 2014-06-05T22:00:00Z 85.110000 85.110000 0.420000 85.110000 85.110000 6.360000 218.000000 2 2 0
2014-06-05T17:00:00Z 2014-06-05T19:00:00Z 92.260000 92.260000 0.290000 92.260000 92.260000 3.940000 217.000000 2 2 0
2014-06-05T05:00:00Z 2014-06-05T07:00:00Z 67.420000 67.420000 0.840000 67.420000 67.420000 3.620000 74.000000 2 3 0
2014-06-04T20:00:00Z 2014-06-04T22:00:00Z 80.590000 80.590000 0.460000 80.590000 80.590000 3.720000 179.000000 2 2 0
2014-06-04T11:00:00Z 2014-06-04T13:00:00Z 85.340000 85.340000 0.370000 85.340000 85.340000 4.220000 191.000000 2 2 0
2014-05-24T14:00:00Z 2014-05-24T16:00:00Z 68.010000 68.010000 0.920000 68.010000 68.010000 1.720000 91.000000 2 3 1
2014-05-24T11:00:00Z 2014-05-24T13:00:00Z 67.750000 67.750000 0.870000 67.750000 67.750000 4.030000 135.000000 2 2 1
2014-05-24T08:00:00Z 2014-05-24T10:00:00Z 65.630000 65.630000 0.930000 65.630000 65.630000 3.720000 117.000000 2 2 1
2014-05-23T23:00:00Z 2014-05-24T01:00:00Z 81.000000 81.000000 0.470000 81.000000 81.000000 9.040000 142.000000 2 3 1
2014-05-23T20:00:00Z 2014-05-23T22:00:00Z 79.170000 79.170000 0.510000 79.170000 79.170000 2.890000 139.000000 2 2 1
2014-05-23T17:00:00Z 2014-05-23T19:00:00Z 89.400000 89.400000 0.270000 89.400000 89.400000 8.850000 209.000000 2 2 1
2014-05-22T23:00:00Z 2014-05-23T01:00:00Z 76.930000 76.930000 0.480000 76.930000 76.930000 4.100000 151.000000 2 2 1
2014-05-22T20:00:00Z 2014-05-22T22:00:00Z 81.910000 81.910000 0.340000 81.910000 81.910000 4.410000 177.000000 2 2 1
2014-05-22T17:00:00Z 2014-05-22T19:00:00Z 90.860000 90.860000 0.220000 90.860000 90.860000 15.530000 188.000000 2 2 1
2014-05-22T14:00:00Z 2014-05-22T16:00:00Z 94.710000 94.710000 0.180000 94.710000 94.710000 15.180000 216.000000 2 2 1
2014-05-18T11:00:00Z 2014-05-18T13:00:00Z 80.290000 80.290000 0.330000 80.290000 80.290000 1.470000 46.000000 2 3 1
2014-05-18T08:00:00Z 2014-05-18T10:00:00Z 70.770000 70.770000 0.460000 70.770000 70.770000 1.570000 43.000000 2 2 1
2014-05-18T05:00:00Z 2014-05-18T07:00:00Z 56.640000 56.640000 0.690000 56.640000 56.640000 1.890000 73.000000 2 2 1
2014-05-17T20:00:00Z 2014-05-17T22:00:00Z 71.490000 71.490000 0.390000 71.490000 71.490000 3.830000 134.000000 2 2 1
2014-05-17T17:00:00Z 2014-05-17T19:00:00Z 79.360000 79.360000 0.270000 79.360000 79.360000 9.760000 175.000000 2 2 1
2014-05-17T14:00:00Z 2014-05-17T16:00:00Z 81.340000 81.340000 0.230000 81.340000 81.340000 12.500000 186.000000 2 2 1
2014-05-17T08:00:00Z 2014-05-17T10:00:00Z 69.140000 69.140000 0.390000 69.140000 69.140000 3.350000 355.000000 2 3 1
2014-05-17T05:00:00Z 2014-05-17T07:00:00Z 56.700000 56.700000 0.660000 56.700000 56.700000 2.000000 6.000000 2 2 1
2014-05-16T17:00:00Z 2014-05-16T19:00:00Z 82.950000 82.950000 0.180000 82.950000 82.950000 6.350000 125.000000 2 1 1
2014-05-16T11:00:00Z 2014-05-16T13:00:00Z 81.030000 81.030000 0.200000 81.030000 81.030000 7.980000 39.000000 2 1 1
2014-05-15T20:00:00Z 2014-05-15T22:00:00Z 76.150000 76.150000 0.280000 76.150000 76.150000 6.090000 94.000000 2 3 1
2014-05-15T11:00:00Z 2014-05-15T13:00:00Z 78.450000 78.450000 0.200000 78.450000 78.450000 2.440000 143.000000 2 2 1
2014-05-12T20:00:00Z 2014-05-12T22:00:00Z 76.630000 76.630000 0.400000 76.630000 76.630000 10.310000 212.000000 2 2 1
2014-05-12T03:00:00Z 2014-05-12T05:00:00Z 51.300000 51.300000 0.910000 51.300000 51.300000 1.540000 261.000000 2 1 1
2014-05-11T08:00:00Z 2014-05-11T10:00:00Z 51.620000 51.620000 0.930000 51.620000 51.620000 6.380000 33.000000 2 1 1
2014-05-10T20:00:00Z 2014-05-10T22:00:00Z 63.250000 63.250000 0.380000 63.250000 63.250000 7.130000 137.000000 2 2 1
2014-05-10T17:00:00Z 2014-05-10T19:00:00Z 67.370000 67.370000 0.430000 67.370000 67.370000 7.550000 8.000000 2 2 1
2014-05-10T14:00:00Z 2014-05-10T16:00:00Z 67.500000 67.500000 0.440000 67.500000 67.500000 6.800000 85.000000 2 2 1
2014-05-10T11:00:00Z 2014-05-10T13:00:00Z 63.610000 63.610000 0.500000 63.610000 63.610000 8.670000 92.000000 2 2 1
2014-05-10T08:00:00Z 2014-05-10T10:00:00Z 62.250000 62.250000 0.540000 62.250000 62.250000 8.240000 74.000000 2 2 1
2014-05-10T05:00:00Z 2014-05-10T07:00:00Z 56.500000 56.500000 0.610000 56.500000 56.500000 1.990000 46.000000 2 2 1
2014-05-09T20:00:00Z 2014-05-09T22:00:00Z 63.310000 63.310000 0.410000 63.310000 63.310000 9.230000 92.000000 2 2 1
2014-05-09T05:00:00Z 2014-05-09T07:00:00Z 60.640000 60.640000 0.490000 60.640000 60.640000 2.860000 97.000000 2 3 1
2014-05-08T20:00:00Z 2014-05-08T22:00:00Z 65.440000 65.440000 0.410000 65.440000 65.440000 10.750000 137.000000 2 2 1
2014-05-08T17:00:00Z 2014-05-08T19:00:00Z 71.360000 71.360000 0.330000 71.360000 71.360000 8.830000 173.000000 2 2 1
2014-05-08T14:00:00Z 2014-05-08T16:00:00Z 72.540000 72.540000 0.310000 72.540000 72.540000 10.610000 176.000000 2 2 1
2014-05-07T11:00:00Z 2014-05-07T13:00:00Z 73.440000 73.440000 0.210000 73.440000 73.440000 12.750000 356.000000 2 2 1
2014-05-06T08:00:00Z 2014-05-06T10:00:00Z 58.170000 58.170000 0.390000 58.170000 58.170000 2.670000 354.000000 2 2 1
2014-05-06T02:00:00Z 2014-05-06T04:00:00Z 49.850000 49.850000 0.520000 49.850000 49.850000 3.590000 92.000000 2 2 1
2014-05-05T02:00:00Z 2014-05-05T04:00:00Z 43.380000 43.380000 0.500000 43.380000 43.380000 3.680000 352.000000 2 1 0
2014-05-03T08:00:00Z 2014-05-03T10:00:00Z 60.480000 60.480000 0.470000 60.480000 60.480000 4.210000 243.000000 2 1 0
2014-05-01T23:00:00Z 2014-05-02T01:00:00Z 58.930000 58.930000 0.430000 58.930000 58.930000 19.890000 331.000000 2 1 0
2014-05-01T20:00:00Z 2014-05-01T22:00:00Z 63.390000 63.390000 0.440000 63.390000 63.390000 23.350000 301.000000 2 1 0
2014-04-29T02:00:00Z 2014-04-29T04:00:00Z 56.460000 56.460000 0.540000 56.460000 56.460000 3.520000 90.000000 2 3 1
2014-04-28T23:00:00Z 2014-04-29T01:00:00Z 57.070000 57.070000 0.660000 57.070000 57.070000 1.920000 92.000000 2 2 1
2014-04-28T20:00:00Z 2014-04-28T22:00:00Z 69.200000 69.200000 0.320000 69.200000 69.200000 4.000000 186.000000 2 2 1
2014-04-28T17:00:00Z 2014-04-28T19:00:00Z 76.330000 76.330000 0.220000 76.330000 76.330000 6.470000 194.000000 2 2 1
2014-04-28T05:00:00Z 2014-04-28T07:00:00Z 49.820000 49.820000 0.840000 49.820000 49.820000 3.670000 359.000000 2 2 1
2014-04-28T02:00:00Z 2014-04-28T04:00:00Z 53.670000 53.670000 0.720000 53.670000 53.670000 1.850000 66.000000 2 2 1
2014-04-27T20:00:00Z 2014-04-27T22:00:00Z 65.290000 65.290000 0.400000 65.290000 65.290000 6.340000 193.000000 2 3 1
2014-04-27T08:00:00Z 2014-04-27T10:00:00Z 62.560000 62.560000 0.460000 62.560000 62.560000 9.660000 10.000000 2 2 1
2014-04-27T05:00:00Z 2014-04-27T07:00:00Z 47.670000 47.670000 0.910000 47.670000 47.670000 6.250000 351.000000 2 2 1
2014-04-27T02:00:00Z 2014-04-27T04:00:00Z 51.350000 51.350000 0.840000 51.350000 51.350000 1.920000 68.000000 2 2 1
2014-04-26T23:00:00Z 2014-04-27T01:00:00Z 54.960000 54.960000 0.830000 54.960000 54.960000 0.140000 350.000000 2 2 1
2014-04-26T20:00:00Z 2014-04-26T22:00:00Z 58.860000 58.860000 0.650000 58.860000 58.860000 6.160000 146.000000 2 2 1
2014-04-25T23:00:00Z 2014-04-26T01:00:00Z 55.290000 55.290000 0.890000 55.290000 55.290000 12.230000 339.000000 2 1 1
2014-04-23T23:00:00Z 2014-04-24T01:00:00Z 64.000000 64.000000 0.600000 64.000000 64.000000 6.880000 132.000000 2 2 1
2014-04-22T23:00:00Z 2014-04-23T01:00:00Z 68.000000 68.000000 0.450000 68.000000 68.000000 8.980000 192.000000 2 3 1
2014-04-22T20:00:00Z 2014-04-22T22:00:00Z 72.350000 72.350000 0.340000 72.350000 72.350000 10.390000 217.000000 2 1 1
2014-04-22T17:00:00Z 2014-04-22T19:00:00Z 78.550000 78.550000 0.210000 78.550000 78.550000 14.170000 222.000000 2 2 1
2014-04-22T14:00:00Z 2014-04-22T16:00:00Z 80.340000 80.340000 0.160000 80.340000 80.340000 10.310000 240.000000 2 2 1
2014-04-22T11:00:00Z 2014-04-22T13:00:00Z 75.990000 75.990000 0.210000 75.990000 75.990000 6.750000 200.000000 2 2 1
2014-04-22T05:00:00Z 2014-04-22T07:00:00Z 46.030000 46.030000 0.630000 46.030000 46.030000 3.520000 337.000000 2 2 1
2014-04-21T23:00:00Z 2014-04-22T01:00:00Z 55.320000 55.320000 0.550000 55.320000 55.320000 2.240000 226.000000 2 3 1
2014-04-21T20:00:00Z 2014-04-21T22:00:00Z 68.850000 68.850000 0.250000 68.850000 68.850000 6.080000 249.000000 2 2 1
2014-04-21T17:00:00Z 2014-04-21T19:00:00Z 74.330000 74.330000 0.180000 74.330000 74.330000 9.770000 232.000000 2 2 1
2014-04-21T11:00:00Z 2014-04-21T13:00:00Z 72.340000 72.340000 0.160000 72.340000 72.340000 3.560000 29.000000 2 1 1
2014-04-21T08:00:00Z 2014-04-21T10:00:00Z 61.750000 61.750000 0.360000 61.750000 61.750000 3.640000 36.000000 2 2 1
2014-04-20T20:00:00Z 2014-04-20T22:00:00Z 64.990000 64.990000 0.370000 64.990000 64.990000 9.440000 212.000000 2 3 1
2014-04-20T17:00:00Z 2014-04-20T19:00:00Z 69.630000 69.630000 0.250000 69.630000 69.630000 11.830000 225.000000 2 2 1
2014-04-20T11:00:00Z 2014-04-20T13:00:00Z 65.450000 65.450000 0.280000 65.450000 65.450000 7.340000 293.000000 2 1 1
2014-04-19T20:00:00Z 2014-04-19T22:00:00Z 51.950000 51.950000 0.620000 51.950000 51.950000 3.810000 166.000000 2 2 1
2014-04-19T17:00:00Z 2014-04-19T19:00:00Z 56.660000 56.660000 0.490000 56.660000 56.660000 7.380000 198.000000 2 2 1
2014-04-19T14:00:00Z 2014-04-19T16:00:00Z 56.710000 56.710000 0.460000 56.710000 56.710000 8.330000 195.000000 2 2 1
2014-04-19T11:00:00Z 2014-04-19T13:00:00Z 58.370000 58.370000 0.360000 58.370000 58.370000 6.740000 214.000000 2 2 1
2014-04-19T05:00:00Z 2014-04-19T07:00:00Z 53.680000 53.680000 0.570000 53.680000 53.680000 0.590000 142.000000 2 2 1
2014-04-16T23:00:00Z 2014-04-17T01:00:00Z 60.750000 60.750000 0.340000 60.750000 60.750000 2.020000 113.000000 2 3 1
2014-04-16T20:00:00Z 2014-04-16T22:00:00Z 60.780000 60.780000 0.280000 60.780000 60.780000 2.410000 108.000000 2 2 1
2014-04-16T08:00:00Z 2014-04-16T10:00:00Z 60.140000 60.140000 0.370000 60.140000 60.140000 2.020000 82.000000 2 2 1
2014-04-16T05:00:00Z 2014-04-16T07:00:00Z 54.610000 54.610000 0.460000 54.610000 54.610000 0.220000 55.000000 2 2 1
2014-04-14T23:00:00Z 2014-04-15T01:00:00Z 66.070000 66.070000 0.480000 66.070000 66.070000 4.070000 185.000000 2 4 1
2014-04-02T14:00:00Z 2014-04-02T16:00:00Z 72.300000 72.300000 0.230000 72.300000 72.300000 8.700000 87.000000 2 3 0
2014-04-01T20:00:00Z 2014-04-01T22:00:00Z 69.070000 69.070000 0.230000 69.070000 69.070000 6.580000 179.000000 2 3 0
2014-04-01T17:00:00Z 2014-04-01T19:00:00Z 72.700000 72.700000 0.180000 72.700000 72.700000 9.980000 182.000000 2 2 0
2014-03-31T17:00:00Z 2014-03-31T19:00:00Z 68.630000 68.630000 0.280000 68.630000 68.630000 11.370000 305.000000 2 2 1
2014-03-30T23:00:00Z 2014-03-31T01:00:00Z 63.750000 63.750000 0.240000 63.750000 63.750000 6.890000 160.000000 2 2 1
2014-03-30T08:00:00Z 2014-03-30T10:00:00Z 61.220000 61.220000 0.300000 61.220000 61.220000 7.920000 8.000000 2 2 1
2014-03-30T05:00:00Z 2014-03-30T07:00:00Z 45.070000 45.070000 0.620000 45.070000 45.070000 3.440000 349.000000 2 1 1
2014-03-30T02:00:00Z 2014-03-30T04:00:00Z 47.910000 47.910000 0.590000 47.910000 47.910000 5.980000 7.000000 2 2 1
2014-03-29T23:00:00Z 2014-03-30T01:00:00Z 58.860000 58.860000 0.370000 58.860000 58.860000 3.950000 162.000000 2 2 1
2014-03-29T20:00:00Z 2014-03-29T22:00:00Z 64.850000 64.850000 0.270000 64.850000 64.850000 8.280000 192.000000 2 2 1
2014-03-28T17:00:00Z 2014-03-28T19:00:00Z 67.330000 67.330000 0.410000 67.330000 67.330000 6.770000 150.000000 2 4 1
2014-03-28T14:00:00Z 2014-03-28T16:00:00Z 71.700000 71.700000 0.310000 71.700000 71.700000 3.440000 28.000000 2 2 1
2014-03-22T11:00:00Z 2014-03-22T13:00:00Z 68.720000 68.720000 0.230000 68.720000 68.720000 11.770000 15.000000 2 1 1
2014-03-22T05:00:00Z 2014-03-22T07:00:00Z 37.600000 37.600000 0.450000 37.600000 37.600000 3.270000 344.000000 2 3 1
2014-03-22T02:00:00Z 2014-03-22T04:00:00Z 43.090000 43.090000 0.370000 43.090000 43.090000 3.160000 6.000000 2 2 1
2014-03-21T23:00:00Z 2014-03-22T01:00:00Z 60.860000 60.860000 0.140000 60.860000 60.860000 7.060000 202.000000 2 2 1
2014-03-21T20:00:00Z 2014-03-21T22:00:00Z 55.070000 55.070000 0.160000 55.070000 55.070000 5.990000 171.000000 2 2 1
2014-03-19T17:00:00Z 2014-03-19T19:00:00Z 53.030000 53.030000 0.340000 53.030000 53.030000 3.370000 52.000000 2 2 1
2014-03-19T14:00:00Z 2014-03-19T16:00:00Z 53.740000 53.740000 0.350000 53.740000 53.740000 7.330000 346.000000 2 2 1
2014-03-19T11:00:00Z 2014-03-19T13:00:00Z 47.590000 47.590000 0.330000 47.590000 47.590000 6.710000 289.000000 2 2 1
2014-03-19T08:00:00Z 2014-03-19T10:00:00Z 44.210000 44.210000 0.360000 44.210000 44.210000 1.710000 258.000000 2 2 1
2014-03-18T20:00:00Z 2014-03-18T22:00:00Z 47.720000 47.720000 0.290000 47.720000 47.720000 6.670000 178.000000 2 2 1
2014-03-18T17:00:00Z 2014-03-18T19:00:00Z 53.360000 53.360000 0.260000 53.360000 53.360000 15.000000 186.000000 2 2 1
2014-03-18T14:00:00Z 2014-03-18T16:00:00Z 56.530000 56.530000 0.230000 56.530000 56.530000 12.510000 157.000000 2 2 1
2014-03-17T14:00:00Z 2014-03-17T16:00:00Z 68.800000 68.800000 0.130000 68.800000 68.800000 19.230000 286.000000 2 1 1
2014-03-16T11:00:00Z 2014-03-16T13:00:00Z 60.050000 60.050000 0.150000 60.050000 60.050000 7.040000 80.000000 2 3 1
2014-03-15T08:00:00Z 2014-03-15T10:00:00Z 44.330000 44.330000 0.250000 44.330000 44.330000 3.040000 7.000000 2 3 1
2014-03-13T20:00:00Z 2014-03-13T22:00:00Z 49.090000 49.090000 0.180000 49.090000 49.090000 7.560000 199.000000 2 1 1
2014-03-10T08:00:00Z 2014-03-10T10:00:00Z 30.960000 30.960000 0.600000 30.960000 30.960000 1.820000 68.000000 2 2 1
2014-03-10T05:00:00Z 2014-03-10T07:00:00Z 24.890000 24.890000 0.700000 24.890000 24.890000 2.130000 3.000000 2 2 1
2014-03-10T02:00:00Z 2014-03-10T04:00:00Z 29.730000 29.730000 0.620000 29.730000 29.730000 6.280000 131.000000 2 2 1
2014-03-07T23:00:00Z 2014-03-08T01:00:00Z 36.000000 36.000000 0.290000 36.000000 36.000000 2.050000 142.000000 2 3 1
2014-03-07T20:00:00Z 2014-03-07T22:00:00Z 38.270000 38.270000 0.160000 38.270000 38.270000 3.760000 183.000000 2 2 1
2014-03-07T17:00:00Z 2014-03-07T19:00:00Z 44.330000 44.330000 0.090000 44.330000 44.330000 6.790000 141.000000 2 2 1
2014-03-01T20:00:00Z 2014-03-01T22:00:00Z 44.560000 44.560000 0.160000 44.560000 44.560000 7.840000 209.000000 2 3 0
2014-02-28T08:00:00Z 2014-02-28T10:00:00Z 30.910000 30.910000 0.680000 30.910000 30.910000 1.800000 91.000000 2 3 1
2014-02-27T23:00:00Z 2014-02-28T01:00:00Z 30.140000 30.140000 0.450000 30.140000 30.140000 1.960000 240.000000 2 2 1
2014-02-18T14:00:00Z 2014-02-18T16:00:00Z 35.470000 35.470000 0.340000 35.470000 35.470000 8.520000 194.000000 2 3 1
2014-02-18T11:00:00Z 2014-02-18T13:00:00Z 33.280000 33.280000 0.380000 33.280000 33.280000 8.110000 213.000000 2 2 1
2014-02-17T17:00:00Z 2014-02-17T19:00:00Z 35.570000 35.570000 0.340000 35.570000 35.570000 6.940000 164.000000 2 2 1
2014-02-17T14:00:00Z 2014-02-17T16:00:00Z 40.300000 40.300000 0.180000 40.300000 40.300000 3.890000 183.000000 2 3 1
2014-02-17T11:00:00Z 2014-02-17T13:00:00Z 38.140000 38.140000 0.220000 38.140000 38.140000 7.070000 135.000000 2 3 1
2014-02-17T05:00:00Z 2014-02-17T07:00:00Z 26.860000 26.860000 0.550000 26.860000 26.860000 3.790000 24.000000 2 2 1
2014-02-12T11:00:00Z 2014-02-12T13:00:00Z 34.790000 34.790000 0.170000 34.790000 34.790000 3.360000 41.000000 2 1 1
2014-02-11T05:00:00Z 2014-02-11T07:00:00Z 9.150000 9.150000 0.640000 9.150000 9.150000 1.610000 351.000000 2 3 1
2014-02-11T02:00:00Z 2014-02-11T04:00:00Z 11.890000 11.890000 0.660000 11.890000 11.890000 1.530000 72.000000 2 3 1
2014-02-10T20:00:00Z 2014-02-10T22:00:00Z 24.090000 24.090000 0.470000 24.090000 24.090000 3.850000 196.000000 2 2 1
2014-02-10T17:00:00Z 2014-02-10T19:00:00Z 26.680000 26.680000 0.290000 26.680000 26.680000 6.520000 196.000000 2 2 1
2014-02-07T02:00:00Z 2014-02-07T04:00:00Z 27.640000 27.640000 0.660000 27.640000 27.640000 6.260000 137.000000 2 3 1
2014-02-05T08:00:00Z 2014-02-05T10:00:00Z 17.370000 17.370000 0.350000 17.370000 17.370000 1.790000 57.000000 2 2 0
2014-01-29T05:00:00Z 2014-01-29T07:00:00Z 18.360000 18.360000 0.750000 18.360000 18.360000 1.570000 6.000000 2 2 1
2014-01-28T17:00:00Z 2014-01-28T19:00:00Z 36.490000 36.490000 0.320000 36.490000 36.490000 8.750000 177.000000 2 2 1
2014-01-26T14:00:00Z 2014-01-26T16:00:00Z 36.470000 36.470000 0.340000 36.470000 36.470000 10.430000 177.000000 2 2 1
2014-01-26T02:00:00Z 2014-01-26T04:00:00Z 23.890000 23.890000 0.660000 23.890000 23.890000 1.880000 147.000000 2 1 1
2014-01-25T02:00:00Z 2014-01-25T04:00:00Z 32.920000 32.920000 0.210000 32.920000 32.920000 1.610000 191.000000 2 2 1
2014-01-24T20:00:00Z 2014-01-24T22:00:00Z 40.310000 40.310000 0.130000 40.310000 40.310000 6.780000 29.000000 2 2 1
2014-01-24T17:00:00Z 2014-01-24T19:00:00Z 46.730000 46.730000 0.100000 46.730000 46.730000 8.120000 19.000000 2 2 1
2014-01-21T17:00:00Z 2014-01-21T19:00:00Z 35.360000 35.360000 0.130000 35.360000 35.360000 6.380000 224.000000 2 2 1
2014-01-21T14:00:00Z 2014-01-21T16:00:00Z 38.120000 38.120000 0.120000 38.120000 38.120000 6.480000 205.000000 2 2 1
2014-01-19T20:00:00Z 2014-01-19T22:00:00Z 35.590000 35.590000 0.190000 35.590000 35.590000 18.770000 300.000000 2 1 1
2014-01-18T08:00:00Z 2014-01-18T10:00:00Z 25.640000 25.640000 0.420000 25.640000 25.640000 7.680000 350.000000 2 2 1
2014-01-18T05:00:00Z 2014-01-18T07:00:00Z 19.200000 19.200000 0.510000 19.200000 19.200000 3.300000 28.000000 2 1 1
2014-01-15T14:00:00Z 2014-01-15T16:00:00Z 40.220000 40.220000 0.160000 40.220000 40.220000 1.520000 108.000000 2 2 1
2014-01-15T11:00:00Z 2014-01-15T13:00:00Z 32.790000 32.790000 0.230000 32.790000 32.790000 3.070000 16.000000 2 2 1
2014-01-13T14:00:00Z 2014-01-13T16:00:00Z 36.410000 36.410000 0.150000 36.410000 36.410000 1.540000 163.000000 2 2 1
2014-01-13T05:00:00Z 2014-01-13T07:00:00Z 12.180000 12.180000 0.540000 12.180000 12.180000 0.410000 198.000000 2 2 1
2014-01-12T23:00:00Z 2014-01-13T01:00:00Z 18.320000 18.320000 0.380000 18.320000 18.320000 1.680000 41.000000 2 2 1
2014-01-12T20:00:00Z 2014-01-12T22:00:00Z 22.780000 22.780000 0.260000 22.780000 22.780000 0.500000 191.000000 2 2 1
2014-01-11T11:00:00Z 2014-01-11T13:00:00Z 30.970000 30.970000 0.200000 30.970000 30.970000 2.180000 180.000000 2 3 1
2014-01-10T14:00:00Z 2014-01-10T16:00:00Z 36.420000 36.420000 0.110000 36.420000 36.420000 3.900000 232.000000 2 2 1
2014-01-10T11:00:00Z 2014-01-10T13:00:00Z 27.350000 27.350000 0.220000 27.350000 27.350000 3.010000 21.000000 2 2 1
2014-01-09T23:00:00Z 2014-01-10T01:00:00Z 16.320000 16.320000 0.360000 16.320000 16.320000 1.860000 30.000000 2 2 1
2014-01-09T20:00:00Z 2014-01-09T22:00:00Z 25.670000 25.670000 0.220000 25.670000 25.670000 6.020000 180.000000 2 2 1
2014-01-05T20:00:00Z 2014-01-05T22:00:00Z 31.280000 31.280000 0.410000 31.280000 31.280000 8.010000 130.000000 2 3 0
2014-01-04T08:00:00Z 2014-01-04T10:00:00Z 25.900000 25.900000 0.710000 25.900000 25.900000 1.730000 87.000000 2 3 0
2014-01-04T05:00:00Z 2014-01-04T07:00:00Z 22.570000 22.570000 0.740000 22.570000 22.570000 0.490000 144.000000 2 2 0
2014-01-03T20:00:00Z 2014-01-03T22:00:00Z 28.030000 28.030000 0.430000 28.030000 28.030000 1.640000 42.000000 2 3 0
2014-01-03T11:00:00Z 2014-01-03T13:00:00Z 43.720000 43.720000 0.190000 43.720000 43.720000 3.970000 353.000000 2 1 0
2014-01-03T08:00:00Z 2014-01-03T10:00:00Z 31.190000 31.190000 0.410000 31.190000 31.190000 6.200000 358.000000 2 2 0
2014-01-03T05:00:00Z 2014-01-03T07:00:00Z 33.230000 33.230000 0.370000 33.230000 33.230000 4.240000 346.000000 2 2 0
2014-01-01T08:00:00Z 2014-01-01T10:00:00Z 41.080000 41.080000 0.190000 41.080000 41.080000 12.290000 292.000000 2 2 0
2013-12-31T11:00:00Z 2013-12-31T13:00:00Z 44.920000 44.920000 0.150000 44.920000 44.920000 23.520000 320.000000 2 1 1
2013-12-31T08:00:00Z 2013-12-31T10:00:00Z 40.820000 40.820000 0.190000 40.820000 40.820000 18.320000 300.000000 2 2 1
2013-12-30T08:00:00Z 2013-12-30T10:00:00Z 34.670000 34.670000 0.170000 34.670000 34.670000 14.730000 298.000000 2 3 1
2013-12-30T05:00:00Z 2013-12-30T07:00:00Z 33.970000 33.970000 0.160000 33.970000 33.970000 8.200000 299.000000 2 2 1
2013-12-30T02:00:00Z 2013-12-30T04:00:00Z 35.030000 35.030000 0.170000 35.030000 35.030000 14.120000 279.000000 2 2 1
2013-12-29T14:00:00Z 2013-12-29T16:00:00Z 44.100000 44.100000 0.090000 44.100000 44.100000 11.550000 208.000000 2 2 1
2013-12-29T05:00:00Z 2013-12-29T07:00:00Z 27.840000 27.840000 0.200000 27.840000 27.840000 9.820000 320.000000 2 2 1
2013-12-27T11:00:00Z 2013-12-27T13:00:00Z 29.450000 29.450000 0.210000 29.450000 29.450000 14.990000 301.000000 2 1 1
