2013-06-02T15:00:00Z -79 75 36 61 -4
2013-06-02T16:00:00Z -86 57 79 66 -11
2013-06-02T17:00:00Z -72 49 101 76 -22
2013-06-02T18:00:00Z -80 53 37 95 -35
2013-06-02T19:00:00Z -83 50 -17 99 -99
2013-06-02T20:00:00Z -36 -3 -36 102 -90
2013-06-02T21:00:00Z -36 -28 -8 106 -44
2013-06-02T22:00:00Z -28 -30 -16 118 -16
2013-06-02T23:00:00Z -16 -38 -18 53 -2
2013-06-03T00:00:00Z -9 -28 -15 44 -6
2013-06-03T01:00:00Z 15 44 -28 46 12
2013-06-03T02:00:00Z 15 56 -51 30 36
2013-06-03T03:00:00Z 13 54 -72 27 36
2013-06-03T04:00:00Z 33 79 0 8 51
2013-06-03T05:00:00Z 45 28 77 14 47
2013-06-03T06:00:00Z 23 52 92 21 47
2013-06-03T07:00:00Z 23 66 126 24 35
2013-06-03T08:00:00Z 39 50 122 -7 52
2013-06-03T09:00:00Z 44 44 95 38 59
2013-06-03T10:00:00Z 34 27 84 -2 46
2013-06-03T11:00:00Z 29 -4 67 -87 46
2013-06-03T12:00:00Z -1 8 28 -107 42
2013-06-03T13:00:00Z -29 -26 36 -129 44
2013-06-03T14:00:00Z -78 -68 56 -129 18
2013-06-03T15:00:00Z -111 -67 15 -136 38
2013-06-03T16:00:00Z -125 -116 21 -140 40
2013-06-03T17:00:00Z -129 -97 -42 -147 50
2013-06-03T18:00:00Z -136 -70 -32 -152 12
2013-06-03T19:00:00Z -132 -83 -5 -152 15
2013-06-03T20:00:00Z -110 -70 -32 -107 15
2013-06-03T21:00:00Z -73 -50 -32 -40 -1
2013-06-03T22:00:00Z -32 -39 6 -5 -32
2013-06-03T23:00:00Z 0 5 21 17 -11
2013-06-04T00:00:00Z 38 14 14 20 14
2013-06-04T01:00:00Z 64 33 37 14 -17
2013-06-04T02:00:00Z 82 107 47 12 -20
2013-06-04T03:00:00Z 103 129 59 12 -34
2013-06-04T04:00:00Z 135 185 61 14 -35
2013-06-04T05:00:00Z 149 189 29 18 -68
2013-06-04T06:00:00Z 118 150 81 14 -84
2013-06-04T07:00:00Z 62 178 110 7 -78
2013-06-04T08:00:00Z 45 131 96 -3 -57
2013-06-04T09:00:00Z 17 22 72 -13 -80
2013-06-04T10:00:00Z -7 64 48 -15 -101
2013-06-04T11:00:00Z -29 15 59 -2 -83
2013-06-04T12:00:00Z -41 -54 63 0 -81
2013-06-04T13:00:00Z -70 -55 10 5 -53
2013-06-04T14:00:00Z -105 -172 18 10 -25
2013-06-04T15:00:00Z -120 -198 16 14 1
2013-06-04T16:00:00Z -111 -170 -42 18 22
2013-06-04T17:00:00Z -84 -196 -98 7 6
2013-06-04T18:00:00Z -65 -186 -160 16 11
2013-06-05T21:00:00Z 17 66 69 24 1
2013-06-05T22:00:00Z 29 48 84 44 -4
2013-06-05T23:00:00Z 19 34 74 38 7
2013-06-06T00:00:00Z 2 36 41 41 14
2013-06-06T01:00:00Z 6 22 32 40 12
2013-06-06T02:00:00Z 17 31 16 46 4
2013-06-06T03:00:00Z 9 52 9 30 10
2013-06-06T04:00:00Z -10 42 -9 8 6
2013-06-06T05:00:00Z -14 38 0 8 -2
2013-06-06T06:00:00Z -8 -9 18 7 -4
2013-06-06T07:00:00Z -11 6 29 -4 -4
2013-06-06T08:00:00Z -40 16 12 9 -6
2013-06-06T09:00:00Z -55 17 21 21 -19
2013-06-06T10:00:00Z -46 21 27 25 -22
2013-06-06T11:00:00Z -31 36 34 14 -18
2013-06-06T12:00:00Z -10 26 58 4 -17
2013-06-06T13:00:00Z 10 9 64 9 -23
2013-06-06T14:00:00Z 26 -8 90 10 -15
2013-06-06T15:00:00Z 42 -8 94 3 -7
2013-06-06T16:00:00Z 58 2 59 0 -5
2013-06-06T17:00:00Z 82 -4 73 -3 -3
2013-06-06T18:00:00Z 121 -3 65 -20 10
2013-06-06T19:00:00Z 132 -11 63 -22 15
2013-06-06T20:00:00Z 147 -21 48 -8 30
2013-06-06T21:00:00Z 123 -27 22 15 31
2013-06-06T22:00:00Z 72 -11 9 11 42
2013-06-06T23:00:00Z 40 -1 -41 31 34
2013-06-07T00:00:00Z 34 24 -62 44 35
2013-06-07T01:00:00Z 14 7 -57 42 22
2013-06-07T02:00:00Z -20 11 -55 35 13
2013-06-07T03:00:00Z -58 3 -76 44 14
2013-06-07T04:00:00Z -124 12 -68 40 8
2013-06-07T05:00:00Z -140 20 -48 26 -3
2013-06-07T06:00:00Z -147 40 -45 17 -13
2013-06-07T07:00:00Z -140 34 -40 -7 -7
2013-06-07T08:00:00Z -105 14 -23 1 -21
2013-06-07T09:00:00Z -102 6 23 -43 -19
2013-06-07T10:00:00Z -109 -27 47 -63 -26
2013-06-07T11:00:00Z -94 -79 62 -57 -18
2013-06-07T12:00:00Z -47 -140 65 -58 -15
2013-06-07T13:00:00Z -34 -131 65 -58 -16
2013-06-07T14:00:00Z 2 -141 44 -56 -13
2013-06-07T15:00:00Z 25 -138 -110 -47 -6
2013-06-07T16:00:00Z 30 -146 -179 -53 -1
2013-06-07T17:00:00Z 31 -167 -173 -46 -5
2013-06-07T18:00:00Z 22 -167 -165 -56 6
2013-06-07T19:00:00Z 29 -143 -176 -27 12
2013-06-07T20:00:00Z 22 -72 -159 -11 19
2013-06-07T21:00:00Z 19 6 -188 -6 24
2013-06-07T22:00:00Z -1 94 -179 7 33
2013-06-07T23:00:00Z -1 88 -200 7 35
2013-06-08T00:00:00Z 1 88 -185 6 59
2013-06-08T01:00:00Z -22 91 -34 15 46
2013-06-08T02:00:00Z -24 80 39 10 43
2013-06-08T03:00:00Z -21 95 43 17 37
2013-06-08T04:00:00Z -6 94 40 23 24
2013-06-08T05:00:00Z 9 90 60 17 21
2013-06-08T06:00:00Z 22 29 48 8 27
2013-06-08T07:00:00Z 27 10 68 12 25
2013-06-08T08:00:00Z 24 -20 55 7 15
2013-06-08T09:00:00Z 34 -7 86 19 -7
2013-06-08T10:00:00Z 36 8 98 -3 -58
2013-06-08T11:00:00Z 52 22 102 -16 -44
2013-06-08T12:00:00Z 44 34 135 6 -42
2013-06-08T13:00:00Z 38 40 133 -20 -47
2013-06-08T14:00:00Z 22 -4 110 165 -39
2013-06-08T15:00:00Z -1 -13 104 171 -33
2013-06-08T16:00:00Z 6 16 111 186 -42
2013-06-08T17:00:00Z 2 29 120 166 -47
2013-06-08T18:00:00Z -4 36 130 10 -42
2013-06-08T19:00:00Z -6 16 117 15 -21
2013-06-08T20:00:00Z 4 9 98 46 3
2013-06-08T21:00:00Z 13 -6 73 48 -5
2013-06-08T22:00:00Z 10 1 14 37 -7
2013-06-08T23:00:00Z -16 5 -3 65 1
2013-06-09T00:00:00Z -34 43 -8 -122 7
2013-06-09T01:00:00Z -37 57 -23 -117 11
2013-06-09T02:00:00Z -55 41 -35 -134 16
2013-06-09T03:00:00Z -63 26 -77 -128 22
2013-06-15T18:00:00Z 152 21 -48 -2 23
2013-06-15T19:00:00Z 137 8 -52 14 47
2013-06-15T20:00:00Z 122 24 -50 7 45
2013-06-15T21:00:00Z 40 36 -20 39 55
2013-06-15T22:00:00Z -10 29 3 44 49
2013-06-15T23:00:00Z -20 46 -11 52 50
2013-06-16T00:00:00Z -22 60 -19 54 26
2013-06-16T01:00:00Z -36 44 3 52 10
2013-06-16T02:00:00Z -45 58 47 52 12
2013-06-16T03:00:00Z -75 71 71 45 18
2013-06-16T04:00:00Z -109 71 70 43 -5
2013-06-16T05:00:00Z -105 48 87 33 -8
2013-06-16T06:00:00Z -93 48 69 11 -7
2013-06-16T07:00:00Z -15 56 89 5 -39
2013-06-16T08:00:00Z 44 76 75 4 -36
2013-06-16T09:00:00Z 53 81 104 -5 -35
2013-06-16T10:00:00Z 55 145 96 -13 -20
2013-06-16T11:00:00Z 86 203 82 -40 -19
2013-06-16T12:00:00Z 116 143 72 -23 -24
2013-06-16T13:00:00Z 117 117 64 -11 -32
2013-06-16T14:00:00Z 125 119 41 -16 -28
2013-06-16T15:00:00Z 91 68 -9 -24 -32
2013-06-16T16:00:00Z 35 35 -43 -2 -18
2013-06-16T17:00:00Z 37 -6 -94 2 0
2013-06-16T18:00:00Z 33 -43 -109 -2 11
2013-06-16T19:00:00Z 28 -67 -17 0 10
2013-06-16T20:00:00Z 23 -126 80 -19 17
2013-06-16T21:00:00Z -6 -187 91 -71 17
2013-06-16T22:00:00Z -20 -128 108 -89 31
2013-06-16T23:00:00Z -26 -107 114 -101 9
2013-06-17T00:00:00Z -51 -117 163 -89 8
2013-06-26T02:00:00Z -8 -170 -110 -73 3
2013-06-26T03:00:00Z -34 -190 -62 -74 10
2013-06-26T04:00:00Z -78 -178 -25 -76 22
2013-06-26T05:00:00Z -80 -188 -37 -79 3
2013-06-26T21:00:00Z 20 66 6 -18 78
2013-06-26T22:00:00Z 57 0 -9 -9 77
2013-06-26T23:00:00Z 104 -14 19 17 70
2013-06-27T00:00:00Z 112 -14 25 -13 68
2013-06-27T01:00:00Z -20 -17 26 -10 86
2013-06-27T02:00:00Z -1 -1 -1 -1 -1
2013-06-27T03:00:00Z -1 -1 -1 -1 -1
2013-06-28T06:00:00Z 25 62 117 5 -83
2013-06-28T07:00:00Z 6 33 94 -4 -88
2013-06-28T08:00:00Z -14 50 86 -5 -62
2013-06-28T09:00:00Z 9 92 102 -15 -65
2013-06-28T10:00:00Z 23 127 107 -8 -59
2013-06-28T11:00:00Z 10 128 89 4 -33
2013-06-28T12:00:00Z 15 133 53 29 -7
2013-06-28T13:00:00Z 12 93 -4 42 22
2013-06-28T14:00:00Z 44 83 -16 58 36
2013-06-28T15:00:00Z 45 87 -46 66 18
2013-06-28T16:00:00Z 19 92 -82 88 15
2013-06-28T17:00:00Z 17 103 -106 97 24
2013-06-28T18:00:00Z 26 25 -122 89 10
2013-06-28T19:00:00Z 5 -8 -143 109 20
2013-06-28T20:00:00Z 14 -42 -172 118 21
2013-06-28T21:00:00Z 30 -19 -171 120 21
2013-06-28T22:00:00Z 31 -2 -176 55 34
2013-06-28T23:00:00Z 21 39 -147 5 3
2013-06-29T00:00:00Z 48 16 -120 -23 2
2013-06-29T01:00:00Z -198 -106 -73 -28 13
2013-06-29T02:00:00Z -199 -200 86 -46 17
2013-06-29T03:00:00Z -194 -192 36 -54 -26
2013-06-29T04:00:00Z -188 -128 16 -48 -26
2013-06-29T05:00:00Z -143 -137 37 -67 -42
2013-06-29T06:00:00Z -162 -126 30 -79 -46
2013-06-29T07:00:00Z -171 -159 10 -87 -52
2013-06-29T08:00:00Z -173 -190 3 -41 -63
2013-06-29T09:00:00Z -174 -218 0 -28 -50
2013-06-30T02:00:00Z 93 109 -18 92 2
2013-06-30T03:00:00Z 73 102 25 57 -15
2013-07-18T15:00:00Z 46 -62 25 -26 -1
2013-07-18T16:00:00Z 29 -79 -4 -35 -5
2013-07-18T17:00:00Z 17 -89 -26 -21 0
2013-07-18T18:00:00Z -1 -51 -11 1 -8
2013-07-18T19:00:00Z -11 6 -10 -2 -9
2013-07-18T20:00:00Z -38 -21 1 -10 -18
2013-07-18T21:00:00Z -33 4 -3 -8 -18
2013-07-18T22:00:00Z -1 -1 -1 -1 -1
2013-07-18T23:00:00Z -118 95 -11 6 6
2013-07-19T00:00:00Z -110 17 -10 32 16
2013-07-19T01:00:00Z -88 12 -19 11 4
2013-07-19T02:00:00Z -67 -1 0 16 9
2013-07-19T03:00:00Z -55 0 17 2 9
2013-07-19T04:00:00Z -30 -14 29 2 17
2013-07-19T05:00:00Z -49 -45 33 -4 7
2013-07-19T06:00:00Z -44 -24 19 -6 1
2013-07-19T07:00:00Z -17 -42 25 -1 2
2013-07-19T08:00:00Z -8 -48 29 9 5
2013-07-19T09:00:00Z 23 -80 31 -4 -14
2013-07-19T10:00:00Z 44 -19 30 -5 -24
2013-07-19T11:00:00Z 20 23 44 15 -9
2013-07-19T12:00:00Z 17 43 59 25 -13
2013-07-19T13:00:00Z -8 41 49 29 -3
2013-07-19T14:00:00Z -21 35 25 22 -5
2013-07-19T15:00:00Z -14 42 14 16 -3
2013-07-19T16:00:00Z -2 23 22 6 2
2013-07-19T17:00:00Z -5 21 10 -39 -1
2013-07-19T18:00:00Z -23 8 8 -39 1
2013-07-19T19:00:00Z -5 31 6 -61 6
2013-07-19T20:00:00Z -16 44 12 -79 8
2013-07-19T21:00:00Z 13 34 12 -72 11
2013-07-19T22:00:00Z 24 42 -7 -70 33
2013-07-19T23:00:00Z 41 50 15 -69 63
2013-08-15T22:00:00Z 174 148 -81 43 7
2013-08-15T23:00:00Z 168 112 -91 45 10
2013-08-16T22:00:00Z 33 -110 20 54 -29
2013-08-16T23:00:00Z -50 -73 -48 42 -37
2013-09-12T16:00:00Z 54 -3 56 -14 -58
2013-09-12T17:00:00Z 55 21 90 -8 -74
2013-09-12T18:00:00Z 41 -34 54 20 -92
2013-09-12T19:00:00Z 31 -28 -12 38 -79
2013-09-12T20:00:00Z -1 -1 -1 -1 -1
2013-09-12T21:00:00Z 25 -13 1 102 -49
2013-09-12T22:00:00Z 34 6 27 34 6
2013-09-12T23:00:00Z 43 4 57 37 27
2013-09-27T18:00:00Z 53 85 70 25 -27
2013-09-27T19:00:00Z 47 76 64 59 -34
2013-09-27T20:00:00Z 19 65 20 101 -35
2013-09-27T21:00:00Z -45 100 -13 103 -47
2013-09-27T22:00:00Z -80 65 -12 111 -65
2013-09-27T23:00:00Z -1 -1 -1 -1 -1
2013-09-28T00:00:00Z -84 36 -13 117 20
2013-09-28T01:00:00Z -44 32 -18 95 33
2013-09-28T02:00:00Z -2 -1 -31 104 38
2013-09-28T03:00:00Z 5 -17 -35 90 20
2013-09-28T04:00:00Z -19 -33 -8 86 6
2013-09-28T05:00:00Z -22 -3 -31 58 -1
2013-09-28T06:00:00Z -20 18 6 6 -12
2013-09-28T07:00:00Z -1 7 54 4 -11
2013-09-28T08:00:00Z 18 57 66 3 5
2013-09-28T09:00:00Z -1 -1 -1 -1 -1
2013-09-28T10:00:00Z 24 45 54 0 -30
2013-09-28T11:00:00Z 8 3 78 18 -53
2013-09-28T12:00:00Z -19 2 99 8 -48
2013-09-28T13:00:00Z -26 11 106 21 -45
2013-09-28T14:00:00Z -27 -6 81 28 -22
2013-09-28T15:00:00Z -32 -42 50 38 -8
2013-09-28T16:00:00Z -37 -51 54 53 -16
2013-09-28T17:00:00Z -33 -24 28 25 -69
2013-09-28T18:00:00Z -20 -16 23 -14 -91
2013-09-28T19:00:00Z 6 11 30 -28 -81
2013-09-28T20:00:00Z 31 47 42 -22 -80
2013-09-28T21:00:00Z 55 78 47 -20 -49
2013-09-28T22:00:00Z 80 82 37 -28 -51
2013-09-28T23:00:00Z 76 73 48 -47 -48
2013-09-29T00:00:00Z 69 89 65 -52 -66
2013-09-29T01:00:00Z 58 103 88 -69 -58
2013-09-29T02:00:00Z 36 95 88 -57 -64
2013-09-29T03:00:00Z 23 67 101 -31 -2
2013-09-29T04:00:00Z -1 48 100 7 10
2013-09-29T05:00:00Z -32 41 100 15 28
2013-09-29T06:00:00Z -69 20 65 30 19
2013-09-29T07:00:00Z -105 7 4 -3 20
2013-09-29T08:00:00Z -125 -13 -10 3 21
2013-09-29T09:00:00Z -124 -28 -21 9 19
2013-09-29T10:00:00Z -105 -45 -39 15 12
2013-09-29T11:00:00Z -82 -58 -59 13 -5
2013-09-29T12:00:00Z -47 -81 -94 -14 6
2013-09-29T13:00:00Z -27 -108 -103 -59 0
2013-09-29T14:00:00Z -25 -109 -117 -91 -5
2013-09-29T15:00:00Z -26 -128 -129 -105 -24
2013-09-29T16:00:00Z -17 -128 -76 -123 -3
2013-09-29T17:00:00Z 28 -124 -6 -90 1
2013-09-29T18:00:00Z 51 -101 -4 -104 5
2013-09-29T19:00:00Z 51 -74 -17 -100 -7
2013-09-29T20:00:00Z 43 -66 0 -96 10
2013-09-29T21:00:00Z 40 -50 37 -84 24
2013-09-29T22:00:00Z 31 -33 54 -67 33
2013-09-29T23:00:00Z 28 -7 28 -21 34
2013-09-30T00:00:00Z 35 -7 34 -1 35
2013-09-30T01:00:00Z 45 -1 31 11 30
2013-09-30T02:00:00Z 38 14 -3 11 29
2013-09-30T03:00:00Z -6 25 -42 7 50
2013-09-30T04:00:00Z -52 17 -62 14 19
2013-10-04T22:00:00Z 265 350 -107 117 14
2013-10-04T23:00:00Z 249 317 -68 28 -5
2013-10-05T00:00:00Z 223 297 -109 91 -44
2013-10-05T01:00:00Z 137 215 -56 80 -31
2013-10-05T02:00:00Z -13 117 -27 62 1
2013-10-05T18:00:00Z -55 -30 97 -58 -70
2013-10-05T19:00:00Z -55 4 86 -43 -72
2013-10-05T20:00:00Z -36 7 117 -32 -75
2013-10-05T21:00:00Z -25 38 159 -20 -58
2013-10-05T22:00:00Z 13 26 120 -19 -21
2013-10-05T23:00:00Z -1 -1 -1 -1 -1
2013-10-06T00:00:00Z -1 -1 -1 -1 -1
2013-10-06T01:00:00Z -1 -1 -1 -1 -1
2013-10-06T02:00:00Z -1 -1 -1 -1 -1
2013-10-06T03:00:00Z -1 -1 -1 -1 -1
2013-10-06T04:00:00Z -5 27 -67 35 30
2013-10-06T05:00:00Z -12 -1 -52 22 25
2013-10-06T06:00:00Z -44 21 -112 -5 39
2013-10-06T07:00:00Z -80 -27 -183 3 24
2013-10-06T08:00:00Z -117 -37 -134 -4 -1
2013-10-06T09:00:00Z -144 -32 -115 -4 -15
2013-10-06T10:00:00Z -142 -73 -111 14 -41
2013-10-06T11:00:00Z -135 -92 -161 26 -73
2013-10-06T12:00:00Z -126 -134 -209 27 -78
2013-10-06T13:00:00Z -91 -161 -177 23 -94
2013-10-06T14:00:00Z -89 -155 -169 -29 -89
2013-10-06T15:00:00Z -87 -157 -218 -89 -89
2013-10-06T16:00:00Z -56 -173 -202 -98 -92
2013-10-06T17:00:00Z 3 -155 -205 -109 -91
2013-10-06T18:00:00Z 39 -131 -217 -110 -84
2013-10-06T19:00:00Z 75 -89 -206 -106 -62
2013-10-06T20:00:00Z 98 -53 -176 -112 -27
2013-10-06T21:00:00Z 110 -22 -92 -118 -16
2013-10-06T22:00:00Z 104 22 1 -109 20
2013-10-06T23:00:00Z 81 46 23 -109 37
2013-10-07T00:00:00Z 59 27 31 -65 43
2013-10-07T01:00:00Z 27 42 99 -9 42
2013-10-07T02:00:00Z 19 47 144 21 28
2013-10-07T03:00:00Z 19 48 178 21 20
2013-10-07T04:00:00Z 21 33 159 25 24
2013-10-07T05:00:00Z 18 0 134 27 24
2013-10-07T06:00:00Z -5 -26 128 18 19
2013-10-07T07:00:00Z -23 -23 112 11 14
2013-10-09T20:00:00Z 39 133 59 28 37
2013-10-09T21:00:00Z 40 129 69 29 38
2013-10-09T22:00:00Z 41 120 79 28 40
2013-10-09T23:00:00Z 42 112 89 29 44
2013-10-10T00:00:00Z 45 105 91 28 47
2013-10-10T01:00:00Z 48 98 94 29 50
2013-10-10T02:00:00Z 49 72 94 29 50
2013-10-10T03:00:00Z 49 44 93 27 50
2013-10-10T04:00:00Z 50 32 93 27 46
2013-10-10T05:00:00Z 49 20 90 26 43
2013-10-10T06:00:00Z 47 8 85 26 40
2013-10-10T07:00:00Z 45 2 78 26 38
2013-10-27T15:00:00Z 39 30 68 6 -5
2013-10-27T16:00:00Z -1 -1 -1 -1 -1
2013-10-27T17:00:00Z 62 41 71 23 -21
2013-10-27T18:00:00Z 54 46 106 47 -60
2013-10-27T19:00:00Z 52 55 93 38 -53
2013-10-27T20:00:00Z 75 68 101 75 -28
2013-10-27T21:00:00Z -1 -1 -1 -1 -1
2013-10-27T22:00:00Z 120 69 93 86 15
2013-10-27T23:00:00Z 138 83 105 84 32
2013-10-28T00:00:00Z 149 91 101 80 22
2013-10-28T01:00:00Z 151 76 104 52 20
2013-10-28T02:00:00Z 143 57 89 55 26
2013-10-28T03:00:00Z 120 37 46 51 15
2013-10-28T04:00:00Z 98 34 -8 32 37
2013-10-28T05:00:00Z 75 -2 -25 18 31
2013-10-28T06:00:00Z 11 -30 -38 -18 17
2013-10-28T07:00:00Z -1 -1 -1 -1 -1
2013-10-28T08:00:00Z -40 -42 -75 -19 21
2013-10-28T09:00:00Z -73 -65 -60 7 31
2013-10-28T10:00:00Z -85 -52 -72 5 49
2013-10-28T11:00:00Z -97 -48 -62 15 52
2013-10-28T12:00:00Z -93 -38 -40 8 54
2013-10-28T13:00:00Z -80 -26 4 6 40
2013-10-28T14:00:00Z -45 -17 42 -14 36
2013-10-28T15:00:00Z -1 -1 -1 -1 -1
2013-10-28T16:00:00Z -4 31 77 39 15
2013-10-28T17:00:00Z -1 -1 -1 -1 -1
2013-10-28T18:00:00Z 49 52 119 26 -13
2013-10-28T19:00:00Z 76 71 112 10 -58
2013-10-28T20:00:00Z 63 60 120 1 -103
2013-10-28T21:00:00Z 66 57 110 -3 -115
2013-10-28T22:00:00Z 59 65 96 -16 -117
2013-10-28T23:00:00Z 32 82 50 -17 -94
2013-10-29T00:00:00Z 2 65 43 -11 -110
2013-10-29T01:00:00Z -1 -1 -1 -1 -1
2013-10-29T02:00:00Z -13 63 24 -71 -113
2013-10-29T03:00:00Z -1 -1 -1 -1 -1
2013-10-29T04:00:00Z -64 9 -23 -78 -103
2013-10-29T05:00:00Z -124 -17 -45 -94 -78
2013-10-29T06:00:00Z -235 -32 -51 -91 -47
2013-10-29T07:00:00Z -237 -43 -76 -81 -38
2013-10-31T13:00:00Z -41 -69 55 -8 -23
2013-10-31T14:00:00Z -2 -59 45 -13 -30
2013-10-31T15:00:00Z -26 -32 28 -25 -28
2013-10-31T16:00:00Z -31 -44 69 -27 -16
2013-10-31T17:00:00Z -1 -1 -1 -1 -1
2013-10-31T18:00:00Z -68 -25 48 3 -41
2013-10-31T19:00:00Z -61 7 38 6 -40
2013-10-31T20:00:00Z -48 71 50 20 -6
2013-10-31T21:00:00Z -9 46 42 39 27
2013-10-31T22:00:00Z 5 75 39 38 52
2013-10-31T23:00:00Z 47 64 30 24 55
2013-11-01T00:00:00Z 13 82 46 34 43
2013-11-01T01:00:00Z 35 79 63 31 18
2013-11-01T02:00:00Z 40 78 35 47 -4
2013-11-01T03:00:00Z 65 79 65 27 2
2013-11-01T04:00:00Z 76 38 58 -4 -20
2013-11-01T05:00:00Z 68 6 42 -9 -37
2013-11-01T06:00:00Z 29 -20 26 -18 -72
2013-11-01T07:00:00Z 19 20 -4 -35 -92
2013-11-01T08:00:00Z 22 -27 -11 -26 -99
2013-11-01T09:00:00Z 47 -24 -23 -12 -91
2013-11-01T10:00:00Z 45 -42 -51 -7 -72
2013-11-01T11:00:00Z 62 -46 -53 -7 -44
2013-11-01T12:00:00Z 67 -55 -60 -20 -16
2013-11-01T13:00:00Z 69 -44 -75 -5 -13
2013-11-01T14:00:00Z 57 -25 -85 2 12
2013-11-01T15:00:00Z 17 -15 -77 -9 9
2013-11-01T16:00:00Z -9 2 -104 -10 10
2013-11-01T17:00:00Z -14 8 -64 3 13
2013-11-01T18:00:00Z -35 19 -59 11 21
2013-11-01T19:00:00Z -57 27 -47 25 39
2013-11-01T20:00:00Z -53 11 -29 48 59
2013-11-01T21:00:00Z -83 25 -34 70 67
2013-11-01T22:00:00Z -105 22 6 80 65
2013-11-01T23:00:00Z -107 13 20 75 81
2013-11-02T00:00:00Z -84 4 19 66 72
2013-11-02T01:00:00Z -62 -16 20 73 81
2013-11-02T02:00:00Z -23 -31 40 64 82
2013-11-02T03:00:00Z -6 -10 32 57 97
2013-11-02T04:00:00Z 3 -4 27 50 63
2013-11-02T05:00:00Z 0 -19 28 27 39
2013-11-02T06:00:00Z -11 59 23 -2 13
2013-11-02T07:00:00Z -6 45 25 -12 15
2013-11-02T08:00:00Z 12 44 -4 -21 33
2013-11-02T09:00:00Z 38 79 -44 27 37
2013-11-02T10:00:00Z 39 111 -28 14 28
2013-11-02T11:00:00Z 70 127 -24 -3 32
2013-11-02T12:00:00Z 76 160 10 3 -12
2013-11-02T13:00:00Z 73 52 2 -7 -42
2013-11-02T14:00:00Z 65 38 -14 -11 12
2013-11-02T15:00:00Z 79 26 5 -13 19
2013-11-02T16:00:00Z 110 -38 39 -27 36
2013-11-02T17:00:00Z 169 -39 5 -40 30
2013-11-02T18:00:00Z 195 -15 13 -29 22
2013-11-02T19:00:00Z 161 -44 49 -48 19
2013-11-02T20:00:00Z 125 -50 25 -11 39
2013-11-02T21:00:00Z 77 14 23 2 42
2013-11-02T22:00:00Z 49 -66 -22 -4 80
2013-11-02T23:00:00Z 15 17 -15 4 100
2013-11-03T00:00:00Z 2 17 15 13 59
2013-11-03T01:00:00Z 30 19 1 22 89
2013-11-03T02:00:00Z -27 -5 -30 28 75
2013-11-03T03:00:00Z -104 -22 -28 21 72
2013-11-03T04:00:00Z -148 -71 -47 10 56
2013-11-03T05:00:00Z -179 -87 -69 -31 35
2013-11-03T06:00:00Z -206 -146 -64 -37 13
2013-11-03T07:00:00Z -192 -231 -91 -32 -2
2013-11-08T21:00:00Z -1 88 138 70 -49
2013-11-08T22:00:00Z -1 65 135 86 -13
2013-11-08T23:00:00Z -1 77 119 77 25
2013-11-09T00:00:00Z -1 83 126 86 27
2013-11-09T01:00:00Z -1 72 99 61 19
2013-11-09T02:00:00Z -1 46 53 65 13
2013-11-09T03:00:00Z -1 62 36 45 18
2013-11-09T04:00:00Z -1 68 6 20 19
2013-11-09T05:00:00Z -1 46 -16 1 19
2013-11-09T06:00:00Z -1 -9 -48 -15 18
2013-11-09T07:00:00Z -1 -39 -71 -21 17
2013-11-09T08:00:00Z -1 -1 -1 -1 -1
2013-11-09T09:00:00Z -1 -37 -50 10 29
2013-11-22T19:00:00Z -31 -20 56 0 132
2013-11-22T20:00:00Z -13 18 28 20 141
2013-11-22T21:00:00Z 11 52 39 25 131
2013-11-22T22:00:00Z 57 106 61 45 149
2013-11-22T23:00:00Z -1 -1 -1 -1 -1
2013-11-23T00:00:00Z 98 244 117 65 199
2013-11-23T01:00:00Z 80 228 97 63 213
2013-11-23T02:00:00Z 59 250 83 45 156
2013-11-23T03:00:00Z 64 221 96 44 133
2013-11-23T04:00:00Z 50 181 79 26 70
2013-11-23T05:00:00Z 52 169 31 10 56
2013-11-23T06:00:00Z 48 119 18 -20 26
2013-11-23T07:00:00Z 37 100 44 -14 26
2013-11-23T08:00:00Z 60 37 40 -25 30
2013-11-23T09:00:00Z 75 -69 26 1 14
2013-11-23T10:00:00Z 139 -78 19 -25 6
2013-11-23T11:00:00Z 124 -174 16 -22 1
2013-11-23T12:00:00Z 143 -161 -43 -2 7
2013-11-23T13:00:00Z 98 -110 -124 1 6
2013-11-23T14:00:00Z -39 -105 -190 2 30
2013-11-23T15:00:00Z -128 -131 -140 -24 41
2013-11-23T16:00:00Z -176 -104 -67 -12 91
2013-11-23T17:00:00Z -142 -53 -8 -8 157
2013-11-23T18:00:00Z -139 48 1 3 167
2013-11-23T19:00:00Z -111 135 82 17 162
2013-11-23T20:00:00Z -130 180 22 29 150
2013-11-23T21:00:00Z -79 250 31 26 129
2013-11-23T22:00:00Z -72 253 136 28 120
2013-11-23T23:00:00Z -9 224 270 7 101
2013-11-24T00:00:00Z 140 180 380 17 65
2013-11-24T01:00:00Z 173 147 296 25 38
2013-11-24T02:00:00Z 153 106 175 25 -23
2013-11-24T03:00:00Z 94 86 39 8 -86
2013-11-24T04:00:00Z 99 5 29 -13 -140
2013-11-24T05:00:00Z 20 -111 -68 -33 -177
2013-11-24T06:00:00Z -120 -191 -51 -38 -205
2013-11-24T07:00:00Z -197 -120 -168 -28 -213
2013-12-06T22:00:00Z 217 137 100 35 -46
2013-12-06T23:00:00Z 222 148 155 45 -25
2013-12-07T00:00:00Z 179 184 168 34 -51
2013-12-07T01:00:00Z 168 204 165 18 -62
2013-12-07T02:00:00Z 149 199 101 23 -51
2013-12-07T03:00:00Z 148 181 76 22 -72
2013-12-07T04:00:00Z 150 158 146 10 -51
2013-12-07T05:00:00Z 116 158 0 -15 -7
2013-12-07T06:00:00Z 114 109 11 -12 30
2013-12-07T07:00:00Z 93 67 -20 -6 23
2013-12-07T08:00:00Z 37 -19 -13 -15 53
2013-12-07T09:00:00Z 33 -16 17 -16 46
2013-12-07T10:00:00Z 105 -97 42 -2 40
2013-12-07T11:00:00Z 164 -205 -97 5 26
2013-12-07T12:00:00Z 201 -217 -152 -19 25
2013-12-07T13:00:00Z 176 -173 -123 -23 18
2013-12-07T14:00:00Z 149 -148 -38 -24 24
2013-12-07T15:00:00Z 96 -143 71 -10 5
2013-12-07T16:00:00Z 59 -75 98 -3 16
2013-12-07T17:00:00Z 95 50 152 -2 21
2013-12-07T18:00:00Z 94 127 320 23 -4
2013-12-07T19:00:00Z 44 106 165 39 18
2013-12-07T20:00:00Z -1 141 47 34 42
2013-12-07T21:00:00Z -90 140 84 37 51
2013-12-07T22:00:00Z -103 108 41 62 49
2013-12-07T23:00:00Z -89 37 30 57 47
2013-12-08T00:00:00Z -69 37 -38 62 63
2013-12-08T01:00:00Z 2 9 -79 62 26
2013-12-08T02:00:00Z 19 -30 -96 44 33
2013-12-08T03:00:00Z -9 -119 -108 41 34
2013-12-08T04:00:00Z -100 -142 -319 19 33
2013-12-08T05:00:00Z -179 -119 -203 -4 13
2013-12-08T06:00:00Z -250 -99 -138 -10 -4
2013-12-08T07:00:00Z -221 -11 -53 -12 5
2013-12-08T08:00:00Z -213 52 31 -29 22
2013-12-08T09:00:00Z -132 95 22 -35 40
2013-12-08T10:00:00Z -81 76 -54 -23 30
2013-12-08T11:00:00Z -16 47 -16 -33 101
2013-12-08T12:00:00Z 32 26 -8 -26 101
2013-12-08T13:00:00Z 14 23 19 -16 114
2013-12-08T14:00:00Z 165 16 69 1 98
2013-12-08T15:00:00Z 235 -37 66 66 92
2013-12-08T16:00:00Z 250 -34 90 81 98
2013-12-08T17:00:00Z 261 -28 82 98 90
2013-12-08T18:00:00Z 221 -24 91 63 82
2013-12-08T19:00:00Z 112 9 104 -3 93
2013-12-08T20:00:00Z -1 -1 -1 -1 -1
2013-12-22T19:00:00Z -69 -182 25 38 48
2013-12-22T20:00:00Z -118 -163 14 10 67
2013-12-22T21:00:00Z -156 -112 35 33 94
2013-12-22T22:00:00Z -192 -18 72 57 133
2013-12-22T23:00:00Z -202 52 93 65 127
2013-12-23T00:00:00Z -118 77 117 45 136
2013-12-23T01:00:00Z -45 139 108 46 124
2013-12-23T02:00:00Z 12 243 128 37 122
2013-12-23T03:00:00Z 48 273 97 20 112
2013-12-23T04:00:00Z 42 252 77 8 83
2013-12-23T05:00:00Z 66 242 81 -28 44
2013-12-23T06:00:00Z 68 316 92 -42 11
2013-12-23T07:00:00Z 100 325 134 -19 -29
2013-12-23T08:00:00Z 126 260 113 -17 -24
2013-12-23T09:00:00Z 111 158 85 0 -14
2013-12-23T10:00:00Z 90 75 100 10 13
2013-12-23T11:00:00Z 33 -11 60 2 29
2013-12-23T12:00:00Z -20 -126 29 -23 -36
2013-12-23T13:00:00Z -60 -109 145 -32 -105
2013-12-23T14:00:00Z -1 -1 -1 -1 -1
2013-12-23T15:00:00Z -283 -127 37 -57 -111
2013-12-23T16:00:00Z -250 -290 46 -46 -88
2013-12-23T17:00:00Z -169 -391 19 -58 -90
2013-12-23T18:00:00Z -178 -375 -8 -39 -106
2013-12-23T19:00:00Z -139 -299 -64 -16 -91
2013-12-23T20:00:00Z -132 -206 -78 -16 -69
2013-12-23T21:00:00Z -73 -132 3 -6 -72
2013-12-23T22:00:00Z -16 -12 46 10 -25
2013-12-23T23:00:00Z 24 -18 -10 23 55
2013-12-24T00:00:00Z -1 -1 -1 -1 -1
2013-12-24T01:00:00Z 263 42 81 54 22
2013-12-24T02:00:00Z 275 143 -27 56 2
2013-12-24T03:00:00Z 167 200 -106 51 1
2013-12-24T04:00:00Z 149 181 -134 33 -5
2013-12-24T17:00:00Z -26 -9 58 10 -47
2013-12-24T18:00:00Z 31 64 87 0 -48
2013-12-24T19:00:00Z 87 144 107 55 -52
2013-12-24T20:00:00Z 45 158 84 31 -46
2013-12-24T21:00:00Z -1 -1 -1 -1 -1
2013-12-24T22:00:00Z 41 187 0 77 53
2013-12-24T23:00:00Z 145 138 -8 58 100
2013-12-25T00:00:00Z 205 135 24 82 103
2013-12-25T01:00:00Z -1 -1 -1 -1 -1
2013-12-25T02:00:00Z -1 -1 -1 -1 -1
2013-12-25T03:00:00Z 230 184 -4 49 130
2013-12-25T04:00:00Z 187 188 -7 36 120
2013-12-25T05:00:00Z 158 120 9 -8 123
2013-12-25T06:00:00Z 99 224 25 -12 122
2013-12-25T07:00:00Z -1 -1 -1 -1 -1
2013-12-25T08:00:00Z 73 57 60 -9 97
2013-12-25T09:00:00Z 60 -97 134 27 71
2013-12-25T10:00:00Z 51 -117 101 14 103
2013-12-25T11:00:00Z 45 -112 119 31 101
2013-12-25T12:00:00Z -19 -204 166 9 96
2013-12-25T13:00:00Z -57 -219 177 -11 123
2013-12-25T14:00:00Z -99 -203 227 15 133
2013-12-25T15:00:00Z -119 -184 210 15 144
2013-12-25T16:00:00Z -146 -252 299 26 134
2013-12-25T17:00:00Z -150 -163 287 20 134
2013-12-25T18:00:00Z -1 -1 -1 -1 -1
2014-01-02T14:00:00Z -1 -1 -1 -1 -1
2014-01-02T15:00:00Z -1 -1 -1 -1 -1
2014-01-04T12:00:00Z 47 122 22 -7 8
2014-01-04T13:00:00Z 32 108 51 -8 -17
2014-01-04T14:00:00Z 41 117 60 -19 -18
2014-01-04T15:00:00Z -1 -1 -1 -1 -1
2014-01-04T16:00:00Z 43 92 110 -1 -16
2014-01-04T17:00:00Z 58 64 144 0 -19
2014-01-04T18:00:00Z 40 45 119 11 -34
2014-01-04T19:00:00Z 34 37 93 49 -46
2014-01-05T23:00:00Z -1 -1 -1 -1 -1
2014-01-06T00:00:00Z 101 0 120 30 30
2014-01-06T01:00:00Z 109 2 136 40 31
2014-01-06T02:00:00Z -1 -1 -1 -1 -1
2014-01-06T03:00:00Z 122 66 137 50 10
2014-01-06T04:00:00Z 116 60 103 41 17
2014-01-06T05:00:00Z 88 1 87 3 -6
2014-01-06T06:00:00Z 63 -35 80 -7 -12
2014-01-06T07:00:00Z 8 -91 69 -14 -9
2014-01-06T08:00:00Z 11 -41 27 -13 23
2014-01-06T09:00:00Z 25 -71 17 -13 32
2014-01-06T10:00:00Z 34 -8 1 0 26
2014-01-06T11:00:00Z 35 9 22 10 3
2014-01-06T12:00:00Z 19 52 14 10 9
2014-01-06T13:00:00Z -1 -1 -1 -1 -1
2014-01-15T23:00:00Z 92 137 222 39 136
2014-01-16T00:00:00Z 79 93 169 46 213
2014-01-16T01:00:00Z 75 83 103 55 267
2014-01-16T02:00:00Z 55 83 70 66 240
2014-01-16T03:00:00Z 42 57 37 49 239
2014-01-16T04:00:00Z -1 -1 -1 -1 -1
2014-01-16T05:00:00Z -74 81 -6 27 199
2014-01-16T06:00:00Z -47 47 26 -17 203
2014-01-16T07:00:00Z -71 38 115 -7 98
2014-01-16T08:00:00Z -85 32 53 -4 59
2014-01-16T09:00:00Z -29 23 -47 -11 2
2014-01-16T10:00:00Z 5 -3 -91 6 -101
2014-01-16T11:00:00Z 19 -60 -166 -4 -166
2014-01-16T12:00:00Z 26 -82 -208 -33 -180
2014-01-16T13:00:00Z -14 -132 -133 -24 -150
2014-01-16T14:00:00Z -1 -1 -1 -1 -1
2014-01-16T15:00:00Z -32 -144 -145 -4 -154
2014-01-16T16:00:00Z -43 -125 -188 32 -140
2014-01-16T17:00:00Z -15 -125 -214 26 -101
2014-01-16T18:00:00Z 8 -54 -235 46 -134
2014-01-16T19:00:00Z 18 -8 -103 57 -144
2014-01-19T08:00:00Z 2 -41 -169 5 4
2014-01-19T09:00:00Z -10 -67 -114 0 9
2014-01-19T10:00:00Z 13 -114 -157 3 16
2014-01-19T11:00:00Z 1 -174 -167 -2 9
2014-01-22T17:00:00Z 38 -7 -3 -7 39
2014-01-22T18:00:00Z 52 14 22 12 38
2014-01-22T19:00:00Z 74 27 44 27 50
2014-01-22T20:00:00Z 114 134 29 4 28
2014-01-22T21:00:00Z 176 154 -24 26 44
2014-01-22T22:00:00Z 131 172 57 32 35
2014-01-22T23:00:00Z 162 230 133 35 16
2014-01-23T00:00:00Z 113 284 106 40 25
2014-01-23T01:00:00Z 107 311 100 33 29
2014-01-23T02:00:00Z 123 262 90 46 31
2014-01-23T03:00:00Z 114 217 86 31 15
2014-01-23T04:00:00Z 93 152 64 20 9
2014-01-23T05:00:00Z 55 122 31 -5 1
2014-01-23T06:00:00Z 24 -30 15 13 19
2014-01-23T07:00:00Z -48 -92 42 -5 6
2014-01-23T08:00:00Z -72 -109 -13 3 -26
2014-01-23T09:00:00Z -92 -144 -98 9 -11
2014-01-23T10:00:00Z -26 -202 -76 8 -6
2014-01-23T11:00:00Z 22 -236 -91 8 -10
2014-01-23T12:00:00Z 10 -181 -37 -3 0
2014-01-23T13:00:00Z 51 -192 -32 5 -2
2014-01-23T14:00:00Z 50 -160 -39 3 21
2014-01-23T15:00:00Z 40 -115 10 7 24
2014-01-23T16:00:00Z -13 -19 37 29 2
2014-01-23T17:00:00Z -37 38 61 34 -26
2014-01-23T18:00:00Z -15 30 81 43 -2
2014-01-23T19:00:00Z 39 25 147 52 1
2014-01-23T20:00:00Z 13 73 160 70 -8
2014-01-23T21:00:00Z -2 65 209 86 -4
2014-01-23T22:00:00Z 49 42 169 88 -4
2014-01-23T23:00:00Z 10 76 156 119 7
2014-01-24T00:00:00Z 21 86 149 99 -14
2014-01-24T01:00:00Z 55 78 103 98 8
2014-01-24T02:00:00Z 118 29 69 61 9
2014-01-24T03:00:00Z 126 16 39 48 48
2014-01-29T13:00:00Z -1 -1 -1 -1 -1
2014-01-29T14:00:00Z 128 -25 52 -7 36
2014-01-29T15:00:00Z 147 -29 80 -5 12
2014-01-29T16:00:00Z 196 -55 52 9 12
2014-01-30T20:00:00Z 92 47 -6 34 -17
2014-01-30T21:00:00Z 104 165 51 62 17
2014-02-01T04:00:00Z 10 39 8 53 -28
2014-02-01T05:00:00Z 11 25 27 8 -32
2014-02-01T06:00:00Z -4 16 40 9 -34
2014-02-01T07:00:00Z -1 -1 -1 -1 -1
2014-02-01T08:00:00Z -9 -13 47 2 -16
2014-02-01T09:00:00Z 4 -39 59 14 -15
2014-02-01T10:00:00Z -1 -1 -1 -1 -1
2014-02-01T11:00:00Z -1 -1 -1 -1 -1
2014-02-01T12:00:00Z -1 -1 -1 -1 -1
2014-02-01T13:00:00Z -1 -1 -1 -1 -1
2014-02-01T14:00:00Z -19 -25 19 23 21
2014-02-01T15:00:00Z -73 -20 5 25 18
2014-02-01T16:00:00Z -81 -24 -10 38 20
2014-02-01T17:00:00Z -1 -1 -1 -1 -1
2014-02-01T18:00:00Z -79 -11 -45 28 35
2014-02-01T19:00:00Z -78 14 -43 15 36
2014-02-01T20:00:00Z -67 -5 -25 22 24
2014-02-01T21:00:00Z -65 -29 -33 15 30
2014-02-01T22:00:00Z -79 -28 -33 29 11
2014-02-01T23:00:00Z -41 -9 -1 25 7
2014-02-05T22:00:00Z 88 75 14 64 -35
2014-02-05T23:00:00Z 53 87 12 65 10
2014-02-06T00:00:00Z 37 88 -11 71 13
2014-02-06T01:00:00Z 43 82 -14 64 17
2014-02-06T02:00:00Z 37 99 -34 56 17
2014-02-06T03:00:00Z 33 133 -24 58 19
2014-02-11T18:00:00Z -72 -8 125 -5 35
2014-02-11T19:00:00Z -73 -23 110 -14 21
2014-02-11T20:00:00Z -94 -8 90 4 0
2014-02-11T21:00:00Z -118 -17 40 37 32
2014-02-12T18:00:00Z -76 3 75 -56 -37
2014-02-12T19:00:00Z -72 30 21 -44 -24
2014-02-12T20:00:00Z -31 66 31 -38 -19
2014-02-12T21:00:00Z 5 75 24 12 -14
2014-02-12T22:00:00Z 17 79 9 26 -6
2014-02-12T23:00:00Z 26 72 30 36 -4
2014-02-13T00:00:00Z 2 109 35 41 2
2014-02-13T01:00:00Z 10 119 50 55 4
2014-02-13T02:00:00Z 50 132 56 42 9
2014-02-13T03:00:00Z 46 115 69 43 24
2014-02-13T04:00:00Z 37 95 68 39 9
2014-02-13T05:00:00Z 20 82 110 28 -14
2014-02-13T06:00:00Z -11 97 67 2 -26
2014-02-13T07:00:00Z -56 139 103 -7 -20
2014-02-13T08:00:00Z -76 47 129 -1 -13
2014-02-13T09:00:00Z -83 -4 92 7 -9
2014-02-13T10:00:00Z -46 -40 107 10 -25
2014-02-13T11:00:00Z -35 -58 87 -23 -53
2014-02-13T12:00:00Z -45 -67 77 -7 -43
2014-02-13T13:00:00Z -25 -72 -48 -7 -27
2014-02-13T14:00:00Z 10 -72 -122 6 -12
2014-02-13T15:00:00Z 15 -84 -237 52 -5
2014-02-13T16:00:00Z 36 -111 -252 77 -6
2014-02-13T17:00:00Z 40 -160 -286 77 -14
2014-02-13T18:00:00Z 25 -50 -303 89 -20
2014-02-13T19:00:00Z 13 -10 -262 89 -15
2014-02-13T20:00:00Z 66 4 -290 102 6
2014-02-13T21:00:00Z 72 13 -280 141 19
2014-02-13T22:00:00Z 45 22 -274 136 20
2014-02-13T23:00:00Z -53 32 -120 131 31
2014-02-14T00:00:00Z -79 43 -22 110 27
2014-02-14T01:00:00Z -70 49 89 79 37
2014-02-14T02:00:00Z -75 76 206 52 46
2014-02-14T03:00:00Z -66 98 244 48 38
2014-02-14T04:00:00Z -40 80 257 43 44
2014-02-14T05:00:00Z -40 79 239 20 29
2014-02-14T06:00:00Z -97 76 222 -8 14
2014-02-14T07:00:00Z -100 105 198 -13 4
2014-02-14T08:00:00Z -74 102 190 -8 7
2014-02-14T09:00:00Z 67 70 165 24 2
2014-02-14T10:00:00Z 126 63 117 33 -1
2014-02-14T11:00:00Z 178 -20 158 30 -18
2014-02-14T12:00:00Z 151 6 79 36 -25
2014-02-14T13:00:00Z 172 -31 3 8 7
2014-02-14T14:00:00Z 163 -61 -67 0 8
2014-02-14T15:00:00Z 177 -36 -95 11 8
2014-02-14T16:00:00Z 173 -2 -92 25 38
2014-02-14T17:00:00Z 168 -13 -133 0 57
2014-02-14T18:00:00Z 196 -51 -161 -6 76
2014-02-14T19:00:00Z 172 23 -145 6 98
2014-02-14T20:00:00Z 206 96 -115 43 134
2014-02-14T21:00:00Z 229 183 -139 111 183
2014-02-14T22:00:00Z 308 127 -105 84 208
2014-02-14T23:00:00Z 442 131 -63 112 176
2014-02-15T00:00:00Z 279 171 -6 103 143
2014-02-15T01:00:00Z 313 112 42 97 135
2014-02-15T02:00:00Z 240 30 66 82 110
2014-02-15T03:00:00Z 28 8 128 101 87
2014-02-15T04:00:00Z 167 98 170 95 66
2014-02-15T05:00:00Z 143 109 166 41 42
2014-02-15T06:00:00Z 34 2 135 -24 -3
2014-02-15T07:00:00Z -33 -81 91 -89 -40
2014-02-15T08:00:00Z -17 -75 78 -62 -55
2014-02-15T09:00:00Z -174 -59 88 -65 -23
2014-02-15T10:00:00Z 6 -112 103 -44 31
2014-02-15T11:00:00Z -77 -107 132 -39 76
2014-02-15T12:00:00Z -42 79 126 -33 65
2014-02-15T13:00:00Z 174 48 149 -68 36
2014-02-15T14:00:00Z 1 -26 136 -57 -5
2014-02-15T15:00:00Z 8 -99 136 -24 -34
2014-02-15T16:00:00Z -6 -50 90 6 -59
2014-02-15T17:00:00Z -73 53 77 -3 -64
2014-02-15T18:00:00Z -168 56 116 8 -58
2014-02-15T19:00:00Z -155 44 141 31 -86
2014-02-15T20:00:00Z -160 72 123 37 -94
2014-02-15T21:00:00Z -93 99 62 42 -106
2014-02-15T22:00:00Z -58 -43 63 48 -103
2014-02-15T23:00:00Z -58 -10 99 84 -57
2014-02-16T00:00:00Z -34 9 129 64 -9
2014-02-16T01:00:00Z -40 23 140 44 7
2014-02-16T02:00:00Z 5 10 190 44 52
2014-02-16T03:00:00Z 66 8 217 33 51
2014-02-16T04:00:00Z 78 0 183 18 32
2014-02-16T05:00:00Z 42 4 112 -12 6
2014-02-16T06:00:00Z 25 -30 96 -40 -14
2014-02-16T07:00:00Z -12 -26 65 -44 -45
2014-02-16T08:00:00Z -29 -50 23 -44 -65
2014-02-16T09:00:00Z -34 -59 -51 -45 -92
2014-02-16T10:00:00Z -54 -76 -91 -17 -126
2014-02-16T11:00:00Z -52 -75 -168 -42 -152
2014-02-16T12:00:00Z -80 -88 -192 -90 -174
2014-02-16T13:00:00Z -134 -99 -229 -161 -183
2014-02-16T14:00:00Z -157 -114 -248 -206 -169
2014-02-16T15:00:00Z -173 -133 -230 -219 -148
2014-02-16T16:00:00Z -207 -172 -274 -207 -150
2014-02-16T17:00:00Z -254 -147 -262 -210 -138
2014-02-16T18:00:00Z -260 -164 -213 -207 -95
2014-02-19T22:00:00Z 14 42 28 -13 4
2014-02-19T23:00:00Z -1 -1 -1 -1 -1
2014-02-20T00:00:00Z 50 145 65 16 34
2014-02-20T01:00:00Z 56 163 75 30 29
2014-02-20T02:00:00Z 57 172 63 34 33
2014-02-20T03:00:00Z 33 184 64 45 37
2014-02-20T04:00:00Z 15 176 74 38 28
2014-02-20T05:00:00Z 6 191 78 37 32
2014-02-20T06:00:00Z 4 -1 73 4 43
2014-02-21T13:00:00Z -1 -1 -1 -1 -1
2014-02-21T14:00:00Z -1 -1 -1 -1 -1
2014-02-21T15:00:00Z -1 -1 -1 -1 -1
2014-02-21T16:00:00Z -1 -1 -1 -1 -1
2014-02-21T17:00:00Z -1 -1 -1 -1 -1
2014-02-21T18:00:00Z -1 -1 -1 -1 -1
2014-02-21T19:00:00Z 19 -24 47 50 -79
2014-02-21T20:00:00Z -1 -1 -1 -1 -1
2014-02-21T21:00:00Z -1 -1 -1 -1 -1
2014-02-21T22:00:00Z -1 -1 -1 -1 -1
2014-02-21T23:00:00Z -1 -1 1 -1 -1
2014-02-22T00:00:00Z 88 -23 -1 16 39
2014-02-22T01:00:00Z 106 -15 21 28 38
2014-02-22T02:00:00Z 115 16 27 35 39
2014-02-22T03:00:00Z 109 48 21 15 14
2014-02-22T04:00:00Z 101 60 -1 1 28
2014-02-22T05:00:00Z 133 33 4 -18 41
2014-02-22T19:00:00Z -92 47 8 3 68
2014-02-22T20:00:00Z -130 53 24 4 21
2014-02-22T21:00:00Z -156 58 14 -18 2
2014-02-22T22:00:00Z -143 79 56 -18 15
2014-02-22T23:00:00Z -144 101 64 -23 9
2014-02-23T00:00:00Z -121 86 39 -14 5
2014-02-23T01:00:00Z -109 61 35 2 -25
2014-02-23T02:00:00Z -1 -1 -1 -1 -1
2014-02-23T03:00:00Z -1 -1 -1 -1 -1
2014-02-23T04:00:00Z -1 -1 -1 -1 -1
2014-02-23T05:00:00Z -72 -51 22 -15 -59
2014-02-23T06:00:00Z -46 -89 -6 -23 -35
2014-02-23T07:00:00Z -41 -109 1 7 -25
2014-02-23T08:00:00Z -59 -133 9 -12 -45
2014-02-23T09:00:00Z -48 -155 -1 4 -33
2014-02-23T10:00:00Z -31 -143 -32 12 -43
2014-02-23T11:00:00Z -22 -146 -53 11 -25
2014-02-23T12:00:00Z -14 -169 -66 17 -16
2014-02-23T13:00:00Z -4 -110 -59 0 -20
2014-02-23T14:00:00Z 5 -98 -54 29 -40
2014-02-23T15:00:00Z -8 -72 -39 33 -31
2014-02-23T16:00:00Z -2 -47 -22 36 -10
2014-02-23T17:00:00Z -2 -17 -23 23 -19
2014-02-23T18:00:00Z -3 -14 -60 45 -15
2014-02-23T19:00:00Z -2 8 -72 38 -19
2014-02-23T20:00:00Z 0 14 -45 29 -16
2014-02-23T21:00:00Z 17 23 -29 39 -20
2014-02-23T22:00:00Z 51 41 -8 53 -10
2014-02-23T23:00:00Z 67 14 -29 60 -7
2014-02-24T00:00:00Z 70 32 -43 45 17
2014-02-24T01:00:00Z 129 20 -52 42 17
2014-02-24T02:00:00Z 153 12 -65 44 -4
2014-02-24T03:00:00Z 166 -2 -71 38 19
2014-02-24T04:00:00Z 177 -4 -57 32 37
2014-02-24T05:00:00Z 169 -18 -50 25 27
2014-02-24T06:00:00Z 163 -12 -48 9 32
2014-02-24T07:00:00Z 152 -8 -46 7 26
2014-02-24T08:00:00Z 72 -9 -44 2 14
2014-02-24T09:00:00Z 20 -1 -14 -1 27
2014-02-24T10:00:00Z -23 2 -24 16 15
2014-02-24T23:00:00Z 27 152 80 -19 65
2014-02-25T00:00:00Z 73 112 86 -21 123
2014-02-25T01:00:00Z 85 175 88 -8 108
2014-02-25T02:00:00Z 116 145 88 6 133
2014-03-03T07:00:00Z -1 -1 -1 -1 -1
2014-03-03T08:00:00Z -1 -1 -1 -1 -1
2014-03-03T09:00:00Z -1 -1 -1 -1 -1
2014-03-03T10:00:00Z -1 -1 -1 -1 -1
2014-03-03T11:00:00Z -1 -1 -1 -1 -1
2014-03-03T12:00:00Z -1 -1 -1 -1 -1
2014-03-03T13:00:00Z -1 -1 -1 -1 -1
2014-03-03T14:00:00Z -1 -1 -1 -1 -1
2014-03-03T15:00:00Z -1 -1 -1 -1 -1
2014-03-03T16:00:00Z -1 -1 -1 -1 -1
2014-03-03T17:00:00Z 38 67 117 83 5
2014-03-03T18:00:00Z 46 102 146 104 26
2014-03-10T19:00:00Z 54 87 50 -8 -56
2014-03-10T20:00:00Z 64 84 68 17 -24
2014-03-10T21:00:00Z 101 105 92 42 8
2014-03-10T22:00:00Z 116 88 121 56 22
2014-03-10T23:00:00Z 123 57 115 50 30
2014-03-11T00:00:00Z 111 74 94 55 45
2014-03-11T01:00:00Z 104 89 87 52 61
2014-03-11T02:00:00Z 91 101 75 40 42
2014-03-11T03:00:00Z 88 77 56 44 53
2014-03-11T04:00:00Z 84 63 42 39 67
2014-03-11T05:00:00Z 91 44 37 25 81
2014-03-11T06:00:00Z 76 73 24 13 105
2014-03-11T07:00:00Z 55 57 4 6 119
2014-03-11T08:00:00Z 53 79 12 20 133
2014-03-11T09:00:00Z 70 84 7 39 136
2014-03-15T20:00:00Z 62 77 -30 9 -40
2014-03-16T16:00:00Z 8 -23 17 -15 36
2014-03-16T17:00:00Z 23 -21 -17 -16 29
2014-03-16T18:00:00Z 45 -19 -10 3 19
2014-03-16T19:00:00Z 49 33 20 5 24
2014-03-16T20:00:00Z 60 49 45 21 32
2014-03-16T21:00:00Z 51 61 79 39 46
2014-03-16T22:00:00Z 42 66 82 55 38
2014-03-16T23:00:00Z 37 78 86 61 26
2014-03-17T00:00:00Z 13 77 99 73 33
2014-03-17T01:00:00Z -13 63 77 85 36
2014-03-17T02:00:00Z -22 60 67 60 40
2014-03-17T03:00:00Z -28 58 54 46 45
2014-03-17T04:00:00Z -38 46 60 39 57
2014-03-17T05:00:00Z -32 36 51 41 45
2014-03-23T15:00:00Z 26 12 -30 4 -2
2014-03-23T16:00:00Z 29 26 12 6 -15
2014-03-23T17:00:00Z 32 -13 10 13 -24
2014-03-23T18:00:00Z 3 -27 10 22 3
2014-03-23T19:00:00Z -29 -11 -3 45 -8
2014-03-23T20:00:00Z 19 4 0 45 32
2014-03-23T21:00:00Z 34 18 -6 93 39
2014-03-23T22:00:00Z -1 -1 -1 -1 -1
2014-03-23T23:00:00Z -1 -1 -1 -1 -1
2014-03-24T00:00:00Z -1 -1 -1 -1 -1
2014-03-24T01:00:00Z 77 47 -23 76 56
2014-03-24T02:00:00Z 66 29 -23 85 42
2014-03-24T03:00:00Z 68 63 -23 78 63
2014-03-24T04:00:00Z 78 65 -1 53 38
2014-03-24T05:00:00Z 103 44 31 30 36
2014-03-24T06:00:00Z 30 21 37 39 14
2014-03-24T07:00:00Z 11 29 49 16 27
2014-03-24T08:00:00Z 38 28 50 9 29
2014-03-24T09:00:00Z 35 19 66 16 20
2014-03-24T23:00:00Z 53 -11 -80 35 1
2014-03-25T00:00:00Z 98 -2 -46 57 25
2014-03-25T01:00:00Z 90 -15 -4 73 -1
2014-03-25T02:00:00Z 55 -36 16 103 -5
2014-03-25T03:00:00Z 34 -14 12 111 34
2014-03-25T04:00:00Z 13 -11 19 105 36
2014-03-25T05:00:00Z -11 -32 42 94 41
2014-03-25T06:00:00Z -1 -1 -1 -1 -1
2014-03-25T07:00:00Z -1 -1 -1 -1 -1
2014-03-25T08:00:00Z -1 -1 -1 -1 -1
2014-03-25T09:00:00Z -1 83 74 -18 46
2014-03-25T10:00:00Z 21 82 63 -21 49
2014-03-25T11:00:00Z 37 91 66 -22 79
2014-03-25T12:00:00Z 77 116 52 -23 74
2014-03-25T13:00:00Z -1 -1 -1 -1 -1
2014-03-25T14:00:00Z 22 53 60 -40 40
2014-03-25T15:00:00Z -1 -1 -1 -1 -1
2014-03-25T16:00:00Z -45 -23 42 -118 -2
2014-03-25T17:00:00Z -87 -63 36 -114 -5
2014-03-25T18:00:00Z -97 -74 31 -89 -25
2014-03-25T19:00:00Z -102 -78 -1 -49 -26
2014-03-25T20:00:00Z -116 -102 3 -43 -50
2014-03-25T21:00:00Z -109 -94 -5 -10 -80
2014-03-25T22:00:00Z -110 -103 9 -9 -109
2014-03-25T23:00:00Z -1 -1 -1 -1 -1
2014-03-26T00:00:00Z 2 -36 -5 48 -118
2014-03-26T01:00:00Z -1 -1 -1 -1 -1
2014-03-26T02:00:00Z 107 71 10 124 -110
2014-03-26T03:00:00Z 119 58 13 131 -92
2014-03-26T04:00:00Z 165 43 22 113 -107
2014-03-26T05:00:00Z 170 27 46 85 -104
2014-03-26T06:00:00Z 141 68 47 72 -113
2014-03-26T07:00:00Z 96 66 47 39 -91
2014-03-26T08:00:00Z 92 58 34 49 -54
2014-03-26T09:00:00Z 124 50 45 16 -20
2014-03-26T10:00:00Z 101 67 41 -8 -14
2014-03-26T11:00:00Z 81 52 55 -14 -21
2014-03-26T12:00:00Z 63 51 69 -9 -8
2014-03-26T13:00:00Z 28 57 77 -12 -18
2014-03-26T14:00:00Z -1 -1 -1 -1 -1
2014-03-26T15:00:00Z -92 34 59 -48 6
2014-03-26T16:00:00Z -81 22 70 -55 76
2014-03-26T17:00:00Z -66 29 43 -49 97
2014-03-26T18:00:00Z -38 30 20 -80 105
2014-03-26T19:00:00Z -65 52 -57 -38 109
2014-03-26T20:00:00Z -24 64 -80 19 146
2014-03-26T21:00:00Z -31 94 -88 73 185
2014-03-26T22:00:00Z -35 0 -88 64 191
2014-03-26T23:00:00Z 14 -52 -106 54 228
2014-03-27T00:00:00Z -1 -1 -1 -1 -1
2014-03-27T01:00:00Z -3 -23 -104 89 227
2014-03-27T02:00:00Z -24 -38 -108 109 162
2014-03-27T03:00:00Z -15 -57 -71 90 114
2014-03-27T04:00:00Z -41 -39 -42 82 42
2014-03-27T20:00:00Z -136 54 40 90 -37
2014-03-27T21:00:00Z -1 -1 -1 -1 -1
2014-03-27T22:00:00Z -134 -11 14 97 93
2014-03-27T23:00:00Z -112 -72 1 89 103
2014-03-28T00:00:00Z -23 -108 -31 61 130
2014-03-28T01:00:00Z -1 -1 -1 -1 -1
2014-04-13T12:00:00Z -1 -1 -1 -1 -1
2014-04-13T13:00:00Z -1 -1 -1 -1 -1
2014-04-13T14:00:00Z -1 -1 -1 -1 -1
2014-04-13T15:00:00Z -1 -1 -1 -1 -1
2014-04-13T16:00:00Z -1 -1 -1 -1 -1
2014-04-13T17:00:00Z -1 -1 -1 -1 -1
2014-04-13T18:00:00Z -1 -1 -1 -1 -1
2014-04-13T19:00:00Z -1 -1 -1 -1 -1
2014-04-13T20:00:00Z -1 -1 -1 -1 -1
2014-04-13T21:00:00Z -1 -1 -1 -1 -1
2014-04-13T22:00:00Z -24 60 -97 30 -6
2014-04-13T23:00:00Z 38 72 -94 30 -5
2014-04-14T00:00:00Z 53 55 -64 57 -2
2014-04-14T01:00:00Z 71 34 -45 31 4
2014-04-14T02:00:00Z 77 -15 -87 41 35
2014-04-14T03:00:00Z 82 -32 -67 47 47
2014-04-14T04:00:00Z 89 -64 -22 42 45
2014-04-14T05:00:00Z 96 -44 -26 30 70
2014-04-14T06:00:00Z 63 -44 -36 21 80
2014-04-14T07:00:00Z 61 -46 12 17 94
2014-04-14T08:00:00Z 38 -28 45 7 100
2014-04-14T09:00:00Z 29 -29 67 12 91
2014-04-14T10:00:00Z 17 -33 82 -11 94
2014-04-14T11:00:00Z -3 2 101 7 97
2014-04-14T12:00:00Z -21 -3 82 27 65
2014-04-14T13:00:00Z -28 8 63 69 26
2014-04-17T23:00:00Z 9 60 -1 -9 38
2014-04-18T00:00:00Z 6 67 -1 12 18
2014-04-18T01:00:00Z 14 58 -1 49 27
2014-04-18T02:00:00Z 15 39 -1 60 40
2014-04-18T03:00:00Z 8 51 -1 60 47
2014-04-18T04:00:00Z -9 49 -1 62 46
2014-04-18T05:00:00Z -9 48 -1 60 25
2014-04-23T08:00:00Z 69 71 50 20 30
2014-04-23T09:00:00Z 68 55 77 12 39
2014-05-01T03:00:00Z 51 32 54 54 23
2014-05-01T04:00:00Z 47 44 67 52 23
2014-05-01T05:00:00Z 52 37 68 16 26
2014-05-01T06:00:00Z 65 41 63 11 36
2014-05-01T07:00:00Z 72 34 62 12 37
2014-05-15T14:00:00Z 17 -19 -8 -17 -8
2014-05-19T12:00:00Z -1 -1 -1 -1 -1
2014-05-19T13:00:00Z 44 8 -30 -11 22
2014-05-19T14:00:00Z 36 -4 -49 -2 16
2014-05-19T15:00:00Z 0 -3 -73 -11 18
2014-05-19T16:00:00Z 35 -22 -73 -3 14
2014-05-19T17:00:00Z 44 -62 -51 -19 21
2014-05-19T18:00:00Z 20 -60 -37 -17 11
2014-05-19T19:00:00Z 35 -51 -46 -1 14
2014-05-19T20:00:00Z 22 -28 -26 27 17
2014-05-21T15:00:00Z 1 -35 -59 -15 -3
2014-05-21T16:00:00Z -1 -1 -1 -1 -1
2014-05-21T17:00:00Z 24 -81 -20 -14 15
2014-05-21T18:00:00Z 5 -106 -37 -11 8
2014-05-21T19:00:00Z 4 -86 -63 -1 16
2014-05-21T20:00:00Z 0 -63 -81 -13 3
2014-05-21T21:00:00Z -10 27 -77 -14 -2
2014-05-21T22:00:00Z -1 -1 -1 -1 -1
2014-05-21T23:00:00Z -1 164 -64 14 13
2014-05-22T00:00:00Z 36 139 -57 31 12
2014-05-22T01:00:00Z 68 183 -35 41 29
2014-05-22T02:00:00Z -1 -1 -1 -1 -1
2014-05-22T03:00:00Z 72 133 -44 58 15
2014-05-22T04:00:00Z 83 115 -17 69 16
2014-05-31T11:00:00Z 43 -54 74 -15 -9
2014-05-31T12:00:00Z 17 -27 58 -22 -4
2014-05-31T13:00:00Z 51 8 66 -18 -6
2014-06-16T13:00:00Z 9 22 29 14 38
2014-06-16T14:00:00Z 19 6 1 1 52
2014-06-16T15:00:00Z 1 -13 -1 -2 84
2014-06-16T16:00:00Z -12 -40 -42 41 104
2014-06-16T17:00:00Z -34 -39 -40 50 97
2014-07-04T09:00:00Z -1 -1 -1 -1 -1
2014-07-04T10:00:00Z -1 -1 -1 -1 -1
2014-07-04T11:00:00Z -1 -1 -1 -1 -1
2014-07-04T12:00:00Z -1 -1 -1 -1 -1
2014-07-04T13:00:00Z -1 -1 -1 -1 -1
2014-07-04T14:00:00Z -1 -1 -1 -1 -1
2014-07-04T15:00:00Z -1 -1 -1 -1 -1
2014-07-04T16:00:00Z -1 -1 -1 -1 -1
2014-07-04T17:00:00Z -1 -1 -1 -1 -1
2014-07-04T18:00:00Z -1 -1 -1 -1 -1
2014-07-04T19:00:00Z -197 -92 17 -91 6
2014-07-04T20:00:00Z -191 -132 8 -65 13
2014-07-04T21:00:00Z -211 -142 8 -31 22
2014-07-04T22:00:00Z -148 -136 -16 19 23
2014-07-04T23:00:00Z -117 -128 -1 58 -1
2014-07-05T00:00:00Z -1 -1 -33 -1 1
2014-07-05T01:00:00Z -115 -140 -15 97 13
2014-07-06T00:00:00Z 57 83 102 56 -7
2014-07-06T01:00:00Z 62 96 137 46 -23
2014-07-07T10:00:00Z -2 65 111 31 24
2014-07-07T11:00:00Z 11 45 84 1 18
2014-07-07T12:00:00Z 54 -1 70 -44 12
2014-07-07T13:00:00Z 71 -38 33 -28 4
2014-07-07T14:00:00Z 93 -43 -29 -29 0
2014-07-07T15:00:00Z 102 -69 -64 -59 -4
2014-07-07T16:00:00Z 112 -72 -92 -48 -9
2014-07-07T17:00:00Z 142 -99 -131 -40 -12
2014-07-07T18:00:00Z 141 -91 -148 -42 -11
2014-07-07T19:00:00Z 136 -64 -171 -11 -8
2014-07-07T20:00:00Z 121 -62 -154 -11 -2
2014-07-07T21:00:00Z 113 -37 -144 11 -1
2014-07-07T22:00:00Z 65 3 -101 51 -4
2014-07-07T23:00:00Z -7 20 -99 42 4
2014-07-08T00:00:00Z -38 32 -55 40 6
2014-07-17T09:00:00Z -1 -1 -1 -1 -1
2014-07-17T10:00:00Z -1 -1 -1 -1 -1
2014-07-17T11:00:00Z -1 -1 -1 -1 -1
2014-07-17T12:00:00Z -1 -1 -1 -1 -1
2014-07-17T13:00:00Z -1 -1 -1 -1 -1
2014-07-17T14:00:00Z -1 -1 -1 -1 -1
2014-07-17T15:00:00Z -1 -1 -1 -1 -1
2014-07-17T16:00:00Z -1 -1 -1 -1 -1
2014-07-17T17:00:00Z -1 -1 -1 -1 -1
2014-07-17T18:00:00Z -1 -1 -1 -1 -1
2014-07-17T19:00:00Z 2 53 59 32 24
2014-07-17T20:00:00Z 1 46 21 72 3
2014-07-17T21:00:00Z -19 47 -18 71 28
2014-07-17T22:00:00Z -18 65 -51 54 26
2014-07-17T23:00:00Z -31 78 -98 70 22
2014-07-18T00:00:00Z -45 42 -106 65 38
2014-07-18T01:00:00Z -38 31 -100 48 12
2014-07-18T02:00:00Z -35 67 -67 39 19
2014-07-18T03:00:00Z -32 60 -74 50 4
2014-07-18T04:00:00Z -31 71 -62 49 -23
2014-07-18T05:00:00Z -2 81 13 32 -37
2014-07-18T06:00:00Z 6 109 65 -16 -17
2014-07-18T07:00:00Z 16 76 93 10 -17
2014-07-18T08:00:00Z 2 57 108 13 -25
2014-07-18T09:00:00Z 5 19 150 20 -4
2014-07-18T10:00:00Z 26 6 175 33 -31
2014-07-18T11:00:00Z 54 -58 168 23 -3
2014-07-18T12:00:00Z 56 -71 119 26 -10
2014-07-18T13:00:00Z 45 -83 86 13 5
2014-07-18T14:00:00Z 23 -74 29 -3 21
2014-07-28T02:00:00Z -9 36 23 44 -2
2014-07-28T03:00:00Z -2 26 47 44 15
2014-07-30T09:00:00Z 5 9 25 -113 -9
2014-07-30T10:00:00Z 24 35 13 -89 0
2014-07-30T11:00:00Z -24 44 -32 -101 16
2014-07-30T12:00:00Z -7 48 -44 -55 4
2014-07-30T13:00:00Z -11 74 -60 -17 3
2014-07-30T14:00:00Z -28 85 -71 18 0
2014-07-30T15:00:00Z 2 60 -28 46 -2
2014-07-30T16:00:00Z 2 39 -26 56 -10
2014-07-30T17:00:00Z -28 27 -31 58 -8
2014-07-30T18:00:00Z -28 12 2 53 -8
2014-07-30T19:00:00Z -20 8 1 46 -8
2014-07-30T20:00:00Z 0 29 19 26 -4
2014-07-30T21:00:00Z 64 11 59 42 -12
2014-07-30T22:00:00Z 100 17 48 1 -3
2014-07-30T23:00:00Z 107 -2 38 -3 7
2014-07-31T00:00:00Z 101 -26 51 -17 17
2014-07-31T01:00:00Z 28 -3 51 4 13
2014-07-31T02:00:00Z -17 42 29 4 14
2014-07-31T03:00:00Z -14 55 46 2 20
2014-07-31T04:00:00Z -6 56 24 2 17
2014-07-31T17:00:00Z -1 -1 -1 -1 -1
2014-07-31T18:00:00Z 8 -88 -65 -25 -38
2014-07-31T19:00:00Z -5 -90 -55 -16 -21
2014-07-31T20:00:00Z -6 -36 -33 -8 -18
2014-07-31T21:00:00Z -20 -18 1 -8 -12
2014-07-31T22:00:00Z -22 17 31 -10 -8
2014-07-31T23:00:00Z -21 37 22 -12 -12
2014-08-01T00:00:00Z -26 -1 19 27 -5
2014-08-01T01:00:00Z -1 -1 -1 -1 -1
2014-08-01T02:00:00Z -1 -1 -1 -1 -1
2014-08-01T03:00:00Z -1 -1 -1 -1 -1
2014-08-01T04:00:00Z -44 41 65 35 3
2014-08-01T05:00:00Z -48 36 62 46 2
2014-08-01T06:00:00Z -62 33 67 19 3
2014-08-01T07:00:00Z -57 52 73 25 9
2014-08-01T08:00:00Z -20 56 49 15 15
2014-08-01T09:00:00Z 10 36 41 25 16
2014-08-01T10:00:00Z 30 -1 38 13 11
2014-08-01T11:00:00Z 43 -9 8 -14 20
2014-08-01T12:00:00Z 50 -8 -23 13 9
2014-08-01T13:00:00Z 48 -19 -44 -10 7
2014-08-01T14:00:00Z 44 -17 -39 -24 5
2014-08-01T15:00:00Z 42 -14 -50 -45 8
2014-08-01T16:00:00Z -1 -1 -1 -1 -1
2014-08-01T17:00:00Z 29 -89 -84 -40 -7
2014-08-01T18:00:00Z 6 -118 -86 -49 -15
2014-08-02T10:00:00Z 2 -23 -3 10 4
2014-08-02T11:00:00Z 3 -33 -17 -7 1
2014-08-02T12:00:00Z 17 -68 -33 -9 1
2014-08-02T13:00:00Z 31 -75 -42 -28 2
2014-08-02T14:00:00Z 48 -88 -29 -23 5
2014-08-02T15:00:00Z 57 -73 -41 -19 6
2014-08-02T16:00:00Z 59 -76 -46 -35 -1
2014-08-02T17:00:00Z 61 -66 -40 -36 0
2014-08-02T18:00:00Z 60 -59 -26 -43 4
2014-08-02T19:00:00Z 52 -13 -10 -40 8
2014-08-02T20:00:00Z 46 -16 -22 -17 5
2014-08-02T21:00:00Z 47 10 -25 -10 12
2014-08-02T22:00:00Z 42 38 -9 -10 16
2014-08-02T23:00:00Z 37 71 7 14 19
2014-08-03T00:00:00Z 25 72 23 20 24
2014-08-21T02:00:00Z 44 35 33 -33 82
2014-08-21T03:00:00Z 51 64 44 -26 80
2014-08-21T04:00:00Z 60 57 64 -38 68
2014-08-21T05:00:00Z -1 -1 -1 -1 -1
2014-08-21T06:00:00Z 72 71 73 -42 65
2014-08-21T07:00:00Z 64 86 72 -33 74
2014-08-21T08:00:00Z 27 69 57 -2 69
2014-08-21T09:00:00Z 25 43 41 3 37
2014-08-21T10:00:00Z 20 64 2 -6 4
2014-08-21T11:00:00Z 5 40 -6 12 -18
2014-08-30T04:00:00Z 41 45 -29 12 23
2014-08-30T05:00:00Z 43 12 3 9 7
2014-08-30T06:00:00Z 32 12 21 14 11
2014-08-30T07:00:00Z 43 7 18 20 5
2014-08-30T08:00:00Z 31 -10 29 12 3
2014-08-30T09:00:00Z 16 4 28 17 3
2014-08-30T10:00:00Z 0 11 26 17 -1
2014-08-30T11:00:00Z 14 30 31 -2 -4
2014-08-30T12:00:00Z 20 44 37 -8 1
2014-08-30T13:00:00Z 9 38 46 -1 -10
2014-09-05T20:00:00Z 11 -48 -7 34 15
2014-09-05T21:00:00Z 22 -38 4 32 13
2014-09-05T22:00:00Z -1 -1 -1 -1 -1
2014-09-05T23:00:00Z 29 21 5 50 14
2014-09-06T00:00:00Z 45 6 3 28 16
2014-09-06T01:00:00Z 54 6 -49 20 12
2014-09-06T02:00:00Z 42 23 -55 33 14
2014-09-06T03:00:00Z 46 57 -29 21 11
2014-09-06T04:00:00Z 18 78 6 16 9
2014-09-06T05:00:00Z -5 89 17 12 4
2014-09-06T06:00:00Z -13 70 43 8 5
2014-09-06T07:00:00Z -20 82 46 -3 2
2014-09-06T08:00:00Z -18 61 54 -1 6
2014-09-06T09:00:00Z -5 49 58 -3 3
2014-09-06T10:00:00Z 5 45 64 15 3
2014-09-06T11:00:00Z 9 46 73 19 6
2014-09-06T12:00:00Z -3 28 73 2 8
2014-09-06T13:00:00Z -12 -13 52 7 12
2014-09-06T14:00:00Z -10 -64 5 12 11
2014-09-06T15:00:00Z -4 -69 -10 -16 11
2014-09-06T16:00:00Z 3 -68 -17 -18 4
2014-09-06T17:00:00Z 12 -90 -37 -11 10
2014-09-06T18:00:00Z 17 -104 -49 -4 8
2014-09-06T19:00:00Z 4 -84 -42 -8 10
2014-09-06T20:00:00Z -7 -64 -51 -10 11
2014-09-06T21:00:00Z -10 -56 -45 -2 8
2014-09-06T22:00:00Z 9 -33 -55 11 8
2014-09-06T23:00:00Z 11 -2 -43 10 8
2014-09-07T00:00:00Z 12 43 -16 -3 16
2014-09-07T01:00:00Z 26 42 7 25 11
2014-09-07T02:00:00Z 37 48 22 28 20
2014-09-07T03:00:00Z 30 56 31 18 19
2014-09-07T04:00:00Z 47 53 43 15 22
2014-09-07T05:00:00Z 50 55 40 -8 24
2014-09-07T06:00:00Z 42 51 37 9 40
2014-09-07T07:00:00Z 33 47 34 6 26
2014-09-07T08:00:00Z 15 42 39 -4 9
2014-09-07T09:00:00Z 24 40 38 -4 32
2014-09-07T10:00:00Z 16 11 44 49 23
2014-09-07T11:00:00Z 11 23 32 18 23
2014-09-07T12:00:00Z 3 17 25 3 26
2014-09-20T18:00:00Z 17 -13 -8 -30 -110
2014-09-20T19:00:00Z 12 -30 12 -28 -110
2014-09-25T11:00:00Z 3 31 45 -5 -27
2014-09-25T12:00:00Z 10 30 14 3 -28
2014-09-25T13:00:00Z 25 -15 25 14 -29
2014-09-26T13:00:00Z 74 11 34 0 -24
2014-10-07T14:00:00Z -1 -1 -1 -1 -1
2014-10-07T15:00:00Z 47 87 116 10 46
2014-10-07T16:00:00Z 65 65 161 5 32
2014-10-07T17:00:00Z 61 72 144 7 71
2014-10-07T18:00:00Z 83 58 112 13 67
2014-10-07T19:00:00Z 106 61 76 22 80
2014-10-07T20:00:00Z 132 70 94 48 89
2014-10-07T21:00:00Z 133 84 138 77 76
2014-10-07T22:00:00Z 144 139 165 60 57
2014-10-07T23:00:00Z 155 146 143 53 -10
2014-10-08T00:00:00Z -1 -1 -1 -1 -1
2014-10-08T01:00:00Z 148 141 72 52 38
2014-10-08T02:00:00Z 148 173 14 47 21
2014-10-08T03:00:00Z 142 170 -42 62 24
2014-10-08T04:00:00Z 141 139 -48 61 64
2014-10-08T05:00:00Z 101 111 -51 43 -30
2014-10-08T06:00:00Z 62 85 -68 12 -14
2014-10-08T07:00:00Z 33 69 -101 -16 -15
2014-10-08T08:00:00Z 35 1 -111 8 -23
2014-10-08T09:00:00Z 39 -27 -71 14 -20
2014-10-08T10:00:00Z 10 -21 -6 8 -23
2014-10-08T11:00:00Z -1 -1 -1 -1 -1
2014-10-08T12:00:00Z -5 -69 34 18 -10
2014-10-08T13:00:00Z -11 -62 41 5 27
2014-10-08T14:00:00Z -32 -13 35 5 -52
2014-10-08T15:00:00Z -53 46 71 40 7
2014-10-08T16:00:00Z -105 22 109 55 -34
2014-10-08T17:00:00Z -119 -28 135 87 1
2014-10-08T18:00:00Z -122 9 151 99 45
2014-10-08T19:00:00Z -126 38 123 116 1
2014-10-08T20:00:00Z -58 92 79 94 6
2014-10-08T21:00:00Z -1 -1 -1 -1 -1
2014-10-08T22:00:00Z -28 156 86 110 21
2014-10-08T23:00:00Z -15 158 110 89 -14
2014-10-09T00:00:00Z -20 138 126 70 95
2014-10-09T01:00:00Z 9 106 92 63 61
2014-10-09T02:00:00Z 47 122 79 57 78
2014-10-09T03:00:00Z 71 151 65 1 31
2014-10-09T04:00:00Z 45 151 36 -11 -35
2014-10-09T05:00:00Z 23 115 35 -27 2
2014-10-09T06:00:00Z 1 45 13 -3 -7
2014-10-09T07:00:00Z -27 -33 -1 -11 -6
2014-10-09T08:00:00Z -49 -50 -13 -26 42
2014-10-09T09:00:00Z -56 -93 -40 -9 -47
2014-10-09T10:00:00Z -26 -122 -40 15 -101
2014-10-09T11:00:00Z -9 -104 -25 22 3
2014-10-09T12:00:00Z 37 -57 -28 6 11
2014-10-09T13:00:00Z 45 -46 -52 48 5
2014-10-09T14:00:00Z 41 -82 -34 61 10
2014-10-09T15:00:00Z 6 -137 -4 74 5
2014-10-09T16:00:00Z -1 -1 -1 -1 -1
2014-10-09T17:00:00Z -17 -120 28 71 10
2014-10-09T18:00:00Z -47 -113 48 61 -39
2014-10-09T19:00:00Z -4 -74 74 77 60
2014-10-10T08:00:00Z -30 -36 -106 -58 -126
2014-10-10T09:00:00Z -32 -47 -85 -58 -153
2014-10-10T10:00:00Z -11 -31 -10 -35 -135
2014-10-10T11:00:00Z -11 -43 -48 -12 -117
2014-10-10T12:00:00Z -1 -51 -54 -16 -62
2014-10-10T13:00:00Z -34 -65 -38 -3 -97
2014-10-10T14:00:00Z -1 -1 -1 -1 -1
2014-10-10T15:00:00Z -84 -93 -50 -15 -16
2014-10-10T16:00:00Z -75 -124 -126 -14 -7
2014-10-10T17:00:00Z -64 -150 -153 -2 -1
2014-10-10T18:00:00Z -36 -160 -158 16 16
2014-10-10T19:00:00Z -30 -137 -154 34 26
2014-10-10T20:00:00Z -54 -99 -144 24 15
2014-10-10T21:00:00Z -43 -67 -124 8 36
2014-10-10T22:00:00Z -23 -24 -110 7 0
2014-10-10T23:00:00Z 16 27 -105 27 59
2014-10-11T00:00:00Z -1 -1 -1 -1 -1
2014-10-11T01:00:00Z 65 -32 -58 23 53
2014-10-11T02:00:00Z 25 23 22 -1 49
2014-10-11T03:00:00Z 19 65 59 -23 42
2014-10-11T04:00:00Z -20 64 76 -52 26
2014-10-11T05:00:00Z -55 56 83 -91 15
2014-10-11T06:00:00Z -89 30 65 -96 36
2014-10-11T07:00:00Z -120 -22 44 -117 22
2014-10-11T08:00:00Z -142 -86 23 -112 8
2014-10-17T18:00:00Z -12 -41 -30 -7 47
2014-10-18T12:00:00Z -19 -41 37 -21 -7
2014-10-18T13:00:00Z -1 -1 -1 -1 -1
2014-10-18T14:00:00Z -6 -46 52 -20 47
2014-10-18T15:00:00Z 16 -44 74 -13 44
2014-10-18T16:00:00Z -1 -1 -1 -1 45
2014-10-18T17:00:00Z 69 103 46 -11 68
2014-10-18T18:00:00Z 138 106 44 9 53
2014-10-18T19:00:00Z 187 133 27 27 42
2014-10-18T20:00:00Z 100 187 42 41 74
2014-10-18T21:00:00Z 22 206 46 19 67
2014-10-18T22:00:00Z -8 244 20 43 47
2014-10-18T23:00:00Z -1 -1 -1 -1 -1
2014-10-19T00:00:00Z 1 226 51 36 14
2014-10-19T01:00:00Z 27 214 51 45 -1
2014-10-19T02:00:00Z 24 177 79 30 -14
2014-10-19T03:00:00Z 9 118 80 53 -23
2014-10-19T04:00:00Z -91 112 63 22 -16
2014-10-19T05:00:00Z -120 84 56 16 -17
2014-10-19T06:00:00Z -40 24 20 22 -54
2014-10-19T07:00:00Z 25 -29 26 31 -85
2014-10-19T08:00:00Z 50 -20 46 23 -78
2014-10-19T09:00:00Z 18 -45 43 11 -89
2014-10-19T10:00:00Z -21 -169 29 51 -112
2014-10-19T11:00:00Z -80 -203 23 18 -120
2014-10-19T12:00:00Z -119 -172 34 57 -105
2014-10-19T13:00:00Z -109 -146 63 48 -109
2014-10-19T14:00:00Z -91 -160 92 56 -93
2014-10-19T15:00:00Z -124 -148 106 51 -75
2014-10-19T16:00:00Z -143 -180 106 42 -61
2014-10-19T17:00:00Z -141 -125 87 78 -19
2014-10-19T18:00:00Z -126 -188 48 93 -16
2014-10-19T19:00:00Z -118 -190 24 76 -20
2014-10-19T20:00:00Z -70 -50 2 24 19
2014-10-19T21:00:00Z -44 3 -19 66 23
2014-10-19T22:00:00Z -33 -5 -46 45 15
2014-10-19T23:00:00Z -1 -1 -1 -1 -1
2014-10-20T00:00:00Z 2 -18 -108 13 8
2014-10-20T01:00:00Z 33 -34 -99 8 -1
2014-10-23T13:00:00Z 10 -1 87 16 44
2014-10-23T14:00:00Z -1 -9 -1 -1 -1
2014-10-23T15:00:00Z 36 18 88 26 79
2014-10-23T16:00:00Z 53 35 106 20 68
2014-10-23T17:00:00Z 103 67 132 19 77
2014-10-23T18:00:00Z 119 84 163 12 68
2014-10-23T19:00:00Z 132 159 139 16 67
2014-10-23T20:00:00Z 163 210 134 38 56
2014-10-23T21:00:00Z 159 225 -1 51 -1
2014-10-23T22:00:00Z -1 -1 -1 -1 -1
2014-10-23T23:00:00Z -1 -1 -1 -1 -1
2014-10-24T00:00:00Z -1 192 -1 -1 -1
2014-10-24T01:00:00Z 129 156 88 1 37
2014-10-24T02:00:00Z 120 130 55 13 24
2014-10-24T03:00:00Z 65 106 9 14 -5
2014-10-24T04:00:00Z 47 61 -36 9 35
2014-10-24T05:00:00Z 18 -27 -49 0 41
2014-10-24T06:00:00Z -28 -107 -72 15 26
2014-10-24T07:00:00Z -32 -115 -1 -19 -1
2014-10-24T08:00:00Z -55 -123 -93 5 24
2014-10-24T09:00:00Z -1 -1 -1 -1 -1
2014-10-24T10:00:00Z -65 -139 -13 11 16
2014-10-24T11:00:00Z -63 -120 31 26 -26
2014-10-24T12:00:00Z -40 -65 61 31 -21
2014-10-24T13:00:00Z -3 -20 133 18 -12
2014-10-24T14:00:00Z 13 8 154 14 -39
2014-10-24T15:00:00Z 23 47 168 12 -40
2014-10-24T16:00:00Z 42 103 157 20 -36
2014-10-24T17:00:00Z 49 129 -1 32 -1
2014-10-24T18:00:00Z 83 152 42 18 -49
2014-10-24T19:00:00Z 111 174 25 24 -28
2014-10-24T20:00:00Z 115 191 -36 53 -4
2014-10-24T21:00:00Z 102 196 -51 33 21
2014-10-24T22:00:00Z -1 -1 -43 -1 12
2014-10-24T23:00:00Z 25 108 -1 14 -1
2014-10-25T00:00:00Z 0 93 -114 20 28
2014-10-25T01:00:00Z -5 59 -128 21 36
2014-10-25T02:00:00Z -13 22 -107 -8 44
2014-10-25T03:00:00Z -26 -18 -89 -13 55
2014-10-25T04:00:00Z -44 -58 -37 -20 31
2014-10-25T05:00:00Z -56 -85 -73 -12 25
2014-10-25T06:00:00Z -65 -98 -80 -51 36
2014-10-25T07:00:00Z -82 -116 -99 -33 23
2014-10-25T08:00:00Z -1 -1 -119 -1 20
2014-10-25T09:00:00Z -73 -124 -1 0 -1
2014-10-25T10:00:00Z -34 -99 -45 -1 -18
2014-10-25T11:00:00Z 40 -34 -1 -5 -27
2014-10-25T12:00:00Z 93 -1 26 31 -38
2014-10-25T13:00:00Z -1 0 -1 -1 -1
2014-10-25T14:00:00Z 138 43 82 51 -28
2014-10-25T15:00:00Z -1 -1 -1 -1 -1
2014-10-25T16:00:00Z -1 -1 -1 -1 -1
2014-10-25T17:00:00Z 148 82 31 11 -22
2014-10-25T18:00:00Z 109 92 6 48 -13
2014-10-29T16:00:00Z -1 -1 -1 -1 -1
2014-10-29T17:00:00Z 18 -26 30 -8 -26
2014-10-29T18:00:00Z 13 -5 27 -13 -35
2014-10-29T19:00:00Z 21 17 28 5 -24
2014-10-29T20:00:00Z 28 54 19 19 -14
2014-10-29T21:00:00Z 11 72 25 35 40
2014-10-29T22:00:00Z -1 -1 -1 -1 -1
2014-10-29T23:00:00Z 59 104 22 34 81
2014-10-30T00:00:00Z -1 -1 -1 -1 -1
2014-10-30T01:00:00Z 76 52 14 29 54
2014-10-30T02:00:00Z 76 42 12 17 80
2014-10-30T03:00:00Z 69 50 9 24 107
2014-10-30T04:00:00Z 57 36 12 14 103
2014-10-30T05:00:00Z 37 28 3 2 97
2014-10-30T06:00:00Z 10 11 -7 -9 51
2014-10-30T07:00:00Z 1 2 -5 1 11
2014-10-30T08:00:00Z 12 -13 -13 -13 -7
2014-10-30T09:00:00Z 29 19 -4 1 19
2014-10-30T10:00:00Z -1 -1 -1 -1 -1
2014-10-30T11:00:00Z 26 92 0 26 23
2014-10-30T12:00:00Z -1 -1 -1 -1 -1
2014-10-30T13:00:00Z 40 78 11 46 -59
2014-10-30T14:00:00Z 33 34 28 35 -88
2014-10-30T15:00:00Z -1 -1 -1 -1 -1
2014-10-30T16:00:00Z 29 3 47 24 -71
2014-10-31T05:00:00Z -37 -5 7 -37 144
2014-10-31T06:00:00Z -51 -6 3 -52 144
2014-10-31T07:00:00Z -36 -11 7 -60 130
2014-10-31T08:00:00Z -48 -6 -1 -38 -1
2014-10-31T09:00:00Z -111 8 13 -49 107
2014-10-31T10:00:00Z -131 4 20 -38 98
2014-10-31T11:00:00Z -95 -15 27 -34 106
2014-10-31T12:00:00Z -53 -11 0 -35 11
2014-10-31T13:00:00Z -1 -1 -1 -1 -1
2014-10-31T14:00:00Z -53 -4 -1 -9 -1
2014-10-31T15:00:00Z -43 -24 -13 5 -45
