2014-01-04T11:00:00Z 49 106 58 8 -1
2014-01-04T10:00:00Z 33 62 76 22 -1
2014-01-04T09:00:00Z 35 3 13 6 -1
2014-01-04T08:00:00Z 32 3 52 -6 -1
2014-01-04T07:00:00Z 12 24 56 -6 -1
2014-01-04T06:00:00Z 19 41 37 11 12
2014-01-06T11:00:00Z 53 -7 77 13 1
2014-01-06T10:00:00Z 42 -50 73 20 24
2014-01-06T09:00:00Z 43 -81 45 5 -9
2014-01-06T08:00:00Z 19 -77 31 6 -14
2014-01-06T07:00:00Z 13 -90 137 4 -21
2014-01-06T06:00:00Z 85 -74 145 7 -28
2014-01-14T21:00:00Z -8 116 57 -26 78
2014-01-14T20:00:00Z 30 74 65 -33 55
2014-01-14T19:00:00Z -16 41 49 -40 22
2014-01-14T18:00:00Z -42 -2 38 -44 19
2014-01-14T17:00:00Z -62 -33 -45 -46 24
2014-01-22T16:00:00Z 22 20 -11 14 48
2014-01-22T15:00:00Z 73 64 57 2 18
2014-01-22T14:00:00Z 100 37 59 0 27
2014-01-22T13:00:00Z 32 30 89 5 23
2014-01-22T12:00:00Z 69 -6 80 9 31
2014-01-22T11:00:00Z 107 -16 154 39 22
2014-01-29T11:00:00Z 55 27 32 20 62
2014-01-29T10:00:00Z 35 76 52 16 44
2014-01-29T09:00:00Z 13 94 85 11 37
2014-01-29T08:00:00Z 21 117 131 16 35
2014-01-29T07:00:00Z -1 -1 -1 -1 -1
2014-01-29T06:00:00Z 0 88 223 26 20
2014-01-30T18:00:00Z -57 -70 -76 -18 -147
2014-01-30T17:00:00Z -121 -56 -69 -85 -151
2014-01-30T16:00:00Z -153 -83 -65 -101 -144
2014-01-30T15:00:00Z -168 -130 -58 -96 -155
2014-01-30T14:00:00Z -210 -98 -57 -119 -167
2014-01-30T13:00:00Z -246 -52 -46 -130 -158
2014-01-31T16:00:00Z -96 -45 -126 -219 10
2014-01-31T15:00:00Z -187 -102 -92 -276 29
2014-01-31T14:00:00Z -97 -164 -56 -345 51
2014-01-31T13:00:00Z -22 -161 -61 -692 1
2014-01-31T12:00:00Z -227 -78 -120 -527 -227
2014-01-31T11:00:00Z 13 -63 -74 -105 -46
2014-02-05T22:00:00Z 102 40 28 47 -41
2014-02-05T21:00:00Z 21 28 18 44 -67
2014-02-05T20:00:00Z -2 11 19 8 -60
2014-02-05T19:00:00Z -20 12 26 3 -57
2014-02-05T18:00:00Z 11 42 18 4 -26
2014-02-05T17:00:00Z -1 -1 -1 -1 -1
2014-02-11T14:00:00Z 38 -1 135 13 58
2014-02-11T13:00:00Z 190 -1 171 15 53
2014-02-11T12:00:00Z 270 -1 135 -1 68
2014-02-11T11:00:00Z 108 -1 130 -13 -1
2014-02-11T10:00:00Z 131 -1 14 11 53
2014-02-11T09:00:00Z 112 -1 17 7 13
2014-02-12T16:00:00Z -51 -80 87 -53 -46
2014-02-12T15:00:00Z -55 -35 10 -56 -36
2014-02-12T14:00:00Z -31 11 -40 -56 -56
2014-02-12T13:00:00Z 19 16 13 -64 -43
2014-02-12T12:00:00Z -14 10 60 -47 -25
2014-02-12T11:00:00Z 55 -27 36 -3 -19
2014-02-19T22:00:00Z 14 17 42 -59 27
2014-02-19T21:00:00Z 7 -10 29 -99 -6
2014-02-19T20:00:00Z 11 -1 -21 -113 13
2014-02-19T19:00:00Z 2 -18 -53 -94 10
2014-02-19T18:00:00Z -3 -24 -62 -86 13
2014-02-19T17:00:00Z 12 -39 -33 -85 5
2014-03-01T22:00:00Z 24 -67 -62 -43 19
2014-03-01T21:00:00Z -55 -152 -55 -66 19
2014-03-01T20:00:00Z -118 -148 -69 -76 -1
2014-03-01T19:00:00Z -136 -154 -60 -73 -1
2014-03-01T18:00:00Z -1 -1 -1 -1 -1
2014-03-01T17:00:00Z -1 -1 -1 -1 -1
2014-03-16T16:00:00Z 10 14 15 12 37
2014-03-16T15:00:00Z -1 -67 -8 -5 22
2014-03-16T14:00:00Z -34 -101 -16 -14 14
2014-03-16T13:00:00Z -50 -49 -18 -17 4
2014-03-16T12:00:00Z -70 -53 7 -16 4
2014-03-16T11:00:00Z -87 -70 14 -18 -2
2014-03-27T20:00:00Z -143 44 16 60 -90
2014-03-27T19:00:00Z -132 36 78 48 -132
2014-03-27T18:00:00Z -176 71 154 45 -128
2014-03-27T17:00:00Z -129 47 122 30 -151
2014-03-28T18:00:00Z -49 -66 -102 -111 -39
2014-03-28T17:00:00Z -60 -54 -114 -101 -62
2014-03-28T16:00:00Z -107 -61 -73 -104 -74
2014-03-28T15:00:00Z -1 -1 -1 -1 -1
2014-03-28T14:00:00Z -152 16 -38 -84 -137
2014-03-28T13:00:00Z -117 24 -63 -70 -152
2014-03-31T02:00:00Z 109 99 129 15 25
2014-03-31T01:00:00Z 108 121 53 4 48
2014-03-31T00:00:00Z 113 93 7 2 91
2014-03-30T23:00:00Z -1 -1 -1 -1 -1
2014-03-30T22:00:00Z 48 26 2 -4 -6
2014-03-30T21:00:00Z -23 -54 -29 6 -21
2014-04-17T21:00:00Z 7 27 26 10 17
2014-04-17T20:00:00Z 11 60 31 -5 -14
2014-04-17T19:00:00Z 5 69 44 -5 -25
2014-04-17T18:00:00Z 27 29 45 -12 -45
2014-04-17T17:00:00Z -5 12 41 -18 -41
2014-04-17T16:00:00Z -15 32 26 -12 -32
2014-04-23T07:00:00Z 95 84 73 25 -1
2014-04-23T06:00:00Z 103 53 107 35 23
2014-04-23T05:00:00Z 108 18 83 40 -10
2014-04-23T04:00:00Z 52 28 105 34 -13
2014-04-23T03:00:00Z 43 35 53 23 -1
2014-04-23T02:00:00Z 32 1 74 30 -17
2014-05-01T02:00:00Z -1 -1 -1 -1 -1
2014-05-01T01:00:00Z -1 -1 -1 -1 -1
2014-05-01T00:00:00Z -1 -1 -1 -1 -1
2014-04-30T23:00:00Z -1 -1 -1 -1 -1
2014-04-30T22:00:00Z -1 -1 -1 -1 -1
2014-04-30T21:00:00Z -28 -27 -8 13 -16
2014-05-15T13:00:00Z 24 25 -17 -11 -1
2014-05-15T12:00:00Z 27 3 -35 -6 -1
2014-05-15T11:00:00Z 35 -39 -36 6 -1
2014-05-15T10:00:00Z 41 -38 -25 4 -1
2014-05-15T09:00:00Z 39 -6 -25 -1 -1
2014-05-15T08:00:00Z 57 23 -17 2 13
2014-05-18T17:00:00Z 18 49 42 13 13
2014-05-18T16:00:00Z 18 46 29 11 21
2014-05-18T15:00:00Z -18 30 67 19 5
2014-05-18T14:00:00Z 13 25 30 11 -17
2014-05-18T13:00:00Z 39 -20 38 8 -10
2014-05-18T12:00:00Z -1 -1 -1 -1 -1
2014-05-21T14:00:00Z 12 43 -77 -1 -15
2014-05-21T13:00:00Z 16 16 -105 9 -12
2014-05-21T12:00:00Z -1 -1 -1 -1 -1
2014-05-21T11:00:00Z 14 43 -85 6 -22
2014-05-21T10:00:00Z 10 88 -68 6 -34
2014-05-21T09:00:00Z 16 80 -21 1 -7
2014-05-25T04:00:00Z 2 -1 7 6 -5
2014-05-25T03:00:00Z 11 -1 -11 -1 -2
2014-05-25T02:00:00Z -8 -1 18 -11 1
2014-05-25T01:00:00Z -7 -1 20 -22 1
2014-05-25T00:00:00Z -10 -1 8 -28 6
2014-05-24T23:00:00Z -2 -1 25 -24 3
2014-06-16T21:00:00Z -57 -39 -102 95 51
2014-06-16T20:00:00Z -41 -57 -86 114 98
2014-06-16T19:00:00Z -52 -35 -87 109 73
2014-06-16T18:00:00Z -27 -60 -1 76 96
2014-06-16T17:00:00Z -47 -55 -30 44 95
2014-07-28T01:00:00Z -16 9 -4 18 -11
2014-07-28T00:00:00Z -35 -11 -39 45 -9
2014-07-27T23:00:00Z -29 -25 -51 26 -7
2014-07-27T22:00:00Z -33 -36 -61 27 -1
2014-07-27T21:00:00Z -33 -64 -19 4 6
2014-07-27T20:00:00Z -49 -1 -29 -1 12
2014-07-30T08:00:00Z 16 11 56 -127 -17
2014-07-30T07:00:00Z 55 -51 71 -116 -23
2014-07-30T06:00:00Z 31 -51 96 -102 -25
2014-07-30T05:00:00Z 22 -37 50 -81 -28
2014-07-30T04:00:00Z -20 -53 45 13 -28
2014-07-30T03:00:00Z -44 -40 31 1 -22
2014-08-20T03:00:00Z 12 15 70 28 30
2014-08-20T02:00:00Z 8 -17 54 25 33
2014-08-20T01:00:00Z 7 12 52 18 31
2014-08-20T00:00:00Z 3 5 23 13 46
2014-08-19T23:00:00Z -2 2 7 4 54
2014-08-19T22:00:00Z -4 -18 -4 24 47
2014-08-21T01:00:00Z 29 -3 8 -48 76
2014-08-21T00:00:00Z 27 -1 18 -36 61
2014-08-20T23:00:00Z 44 -50 -9 -32 20
2014-08-20T22:00:00Z 13 -33 -23 -24 -3
2014-08-20T21:00:00Z 1 -54 -70 25 -15
2014-08-20T20:00:00Z -30 -48 -26 31 -18
2014-08-30T02:00:00Z 9 16 -30 -24 14
2014-08-30T01:00:00Z -1 -1 -1 -1 -1
2014-08-30T00:00:00Z 21 -7 34 -5 17
2014-08-29T23:00:00Z 28 -2 44 -5 14
2014-08-29T22:00:00Z 47 17 37 -6 5
2014-08-29T21:00:00Z -1 -1 -1 -1 -1
2014-09-01T09:00:00Z 19 26 31 0 -1
2014-09-01T08:00:00Z 20 35 14 12 -1
2014-09-01T07:00:00Z 4 11 16 -8 -1
2014-09-01T06:00:00Z 33 35 39 9 -1
2014-09-01T05:00:00Z 28 37 31 23 -1
2014-09-01T04:00:00Z 49 45 17 37 -1
2014-09-05T20:00:00Z 11 -66 14 -1 15
2014-09-05T19:00:00Z 0 -42 31 -1 9
2014-09-05T18:00:00Z 12 -38 49 -1 -1
2014-09-05T17:00:00Z 23 -32 83 -1 -1
2014-09-05T16:00:00Z 36 -24 58 -1 -1
2014-09-05T15:00:00Z 29 18 40 -1 1
2014-09-25T08:00:00Z -21 -5 67 -5 -12
2014-09-25T07:00:00Z -1 16 77 -18 -3
2014-09-25T06:00:00Z -1 -1 -1 -1 -1
2014-09-25T05:00:00Z 4 23 27 10 9
2014-09-25T04:00:00Z 11 11 47 4 16
2014-09-25T03:00:00Z 15 47 12 4 23
2014-10-07T13:00:00Z 49 101 73 15 49
2014-10-07T12:00:00Z 37 57 21 7 39
2014-10-07T11:00:00Z 73 69 38 -14 6
2014-10-07T10:00:00Z 65 88 86 5 9
2014-10-17T14:00:00Z 21 -47 -7 19 27
2014-10-17T13:00:00Z 28 -13 68 19 45
2014-10-17T12:00:00Z 39 11 2 9 47
2014-10-17T11:00:00Z 44 18 -9 5 45
2014-10-17T10:00:00Z 54 17 21 18 40
2014-10-17T09:00:00Z 50 42 14 20 28
2014-10-18T08:00:00Z -12 4 -40 -3 -65
2014-10-18T07:00:00Z 44 8 -24 7 -35
2014-10-18T06:00:00Z -1 -1 -1 -1 -19
2014-10-18T05:00:00Z 89 85 -23 11 -3
2014-10-29T15:00:00Z -1 -1 -1 -1 -1
2014-10-29T14:00:00Z -1 -1 -1 -1 -1
2014-10-29T13:00:00Z -1 -1 -1 -1 -1
2014-10-29T12:00:00Z -1 -1 -1 -1 -1
2014-10-29T11:00:00Z -1 -1 -1 -1 -1
2014-10-29T10:00:00Z -1 -1 -1 -1 -1
