2013-06-11T22:00:00Z 98 188 46 50 82
2013-06-11T21:00:00Z 97 175 49 58 78
2013-06-11T20:00:00Z 90 170 56 56 77
2013-06-11T19:00:00Z 89 171 59 70 71
2013-06-11T18:00:00Z 96 140 63 74 75
2013-06-11T17:00:00Z 114 101 61 65 78
2013-06-11T16:00:00Z 172 94 63 61 102
2013-06-11T15:00:00Z 180 103 60 55 110
2013-06-11T14:00:00Z 151 111 96 50 86
2013-06-11T13:00:00Z 180 116 126 50 77
2013-06-11T12:00:00Z 176 144 113 66 84
2013-06-11T11:00:00Z 139 99 72 103 74
2013-11-20T21:00:00Z 186 174 225 191 105
2013-11-20T20:00:00Z 169 191 180 176 130
2013-11-20T19:00:00Z 143 182 209 154 122
2013-11-20T18:00:00Z 113 131 181 123 111
2013-11-20T17:00:00Z 111 106 84 108 114
2013-11-20T16:00:00Z 126 96 39 112 119
2013-11-20T15:00:00Z 145 92 40 117 119
2013-11-20T14:00:00Z 159 104 63 119 124
2013-11-20T13:00:00Z 170 164 61 138 139
2013-11-20T12:00:00Z 208 187 91 156 158
2013-11-20T11:00:00Z 236 208 153 175 160
2013-11-20T10:00:00Z 208 222 170 191 169
2013-11-26T05:00:00Z 77 107 65 101 115
2013-11-26T04:00:00Z 80 98 66 109 113
2013-11-26T03:00:00Z 83 92 68 117 105
2013-11-26T02:00:00Z 73 91 73 120 100
2013-11-26T01:00:00Z 75 90 78 108 94
2013-11-26T00:00:00Z 77 93 78 105 78
2013-11-25T23:00:00Z 73 93 80 107 86
2013-11-25T22:00:00Z 69 85 80 112 103
2013-11-25T21:00:00Z 72 88 83 83 104
2013-11-25T20:00:00Z 71 62 73 88 92
2013-11-25T19:00:00Z 66 76 60 77 80
2013-11-25T18:00:00Z 63 71 54 69 73
2013-12-01T05:00:00Z 136 195 127 121 260
2013-12-01T04:00:00Z 138 184 119 132 255
2013-12-01T03:00:00Z 133 184 110 135 272
2013-12-01T02:00:00Z 154 147 103 132 261
2013-12-01T01:00:00Z 164 115 89 125 325
2013-12-01T00:00:00Z 162 108 93 124 389
2013-11-30T23:00:00Z 152 97 105 117 332
2013-11-30T22:00:00Z 127 93 92 116 288
2013-11-30T21:00:00Z 106 94 90 102 246
2013-11-30T20:00:00Z 92 95 89 108 166
2013-11-30T19:00:00Z 64 88 109 96 113
2013-11-30T18:00:00Z 53 84 88 74 82
2013-12-04T23:00:00Z 330 264 285 332 422
2013-12-04T22:00:00Z 357 259 287 333 -1
2013-12-04T21:00:00Z 334 246 271 310 -1
2013-12-04T20:00:00Z 246 208 258 286 -1
2013-12-04T19:00:00Z 155 183 270 254 339
2013-12-04T18:00:00Z 95 143 261 182 225
2013-12-04T17:00:00Z 90 115 235 148 153
2013-12-04T16:00:00Z 88 102 220 142 165
2013-12-04T15:00:00Z 98 98 254 162 247
2013-12-04T14:00:00Z 119 109 313 124 329
2013-12-08T17:00:00Z 278 181 420 377 257
2013-12-08T16:00:00Z 268 175 430 350 254
2013-12-08T15:00:00Z 258 188 442 322 233
2013-12-08T14:00:00Z 254 218 494 304 208
2013-12-08T13:00:00Z 259 241 513 299 193
2013-12-08T12:00:00Z 275 227 531 286 176
2013-12-08T11:00:00Z 261 176 348 277 154
2013-12-08T10:00:00Z 225 105 489 252 129
2013-12-08T09:00:00Z 194 98 432 226 111
2013-12-08T08:00:00Z 188 110 377 214 110
2013-12-26T06:00:00Z 339 318 257 285 318
2013-12-26T05:00:00Z 301 327 249 310 307
2013-12-26T04:00:00Z 279 336 234 319 313
2013-12-26T03:00:00Z 270 338 239 322 312
2013-12-26T02:00:00Z 271 344 237 293 311
2013-12-26T01:00:00Z 260 340 238 305 355
2013-12-26T00:00:00Z 246 341 208 308 344
2013-12-25T23:00:00Z 235 333 207 302 329
2013-12-25T22:00:00Z 209 319 223 300 318
2013-12-25T21:00:00Z 214 298 231 287 -1
2013-12-25T20:00:00Z 212 273 230 274 319
2013-12-25T19:00:00Z 195 248 217 266 280
2013-12-29T07:00:00Z 145 165 124 158 163
2013-12-29T06:00:00Z 140 162 123 159 180
2013-12-29T05:00:00Z 131 150 121 155 168
2013-12-29T04:00:00Z 121 144 126 149 163
2013-12-29T03:00:00Z 100 134 120 145 166
2013-12-29T02:00:00Z 94 126 112 130 161
2013-12-29T01:00:00Z 118 134 102 135 155
2013-12-29T00:00:00Z 116 123 93 129 149
2013-12-28T23:00:00Z 113 119 89 132 147
2013-12-28T22:00:00Z 109 117 92 128 138
2013-12-28T21:00:00Z 102 110 100 123 139
2013-12-28T20:00:00Z 93 103 106 104 130
2013-12-31T21:00:00Z 86 146 73 119 166
2013-12-31T20:00:00Z 88 136 75 107 152
2013-12-31T19:00:00Z 68 115 63 109 124
2013-12-31T18:00:00Z 47 100 51 99 103
2013-12-31T17:00:00Z 47 92 33 87 97
2013-12-31T16:00:00Z 57 89 30 75 90
2013-12-31T15:00:00Z 60 81 38 77 83
2013-12-31T14:00:00Z 60 92 44 82 108
2013-12-31T13:00:00Z 67 122 49 89 122
2013-12-31T12:00:00Z 79 151 67 90 126
2014-01-19T18:00:00Z 137 146 174 204 211
2014-01-19T17:00:00Z 146 128 181 197 176
2014-01-19T16:00:00Z 151 127 237 184 171
2014-01-19T15:00:00Z -1 -1 -1 -1 -1
2014-01-19T14:00:00Z 178 105 293 203 181
2014-01-19T13:00:00Z 187 101 285 217 192
2014-01-19T12:00:00Z 183 114 310 241 226
2014-01-19T11:00:00Z 192 138 331 251 239
2014-01-19T10:00:00Z 197 142 293 271 235
2014-01-29T23:00:00Z 123 137 117 125 115
2014-01-29T22:00:00Z 124 131 110 127 116
2014-01-29T21:00:00Z 117 125 107 123 120
2014-01-29T20:00:00Z 114 112 107 118 129
2014-01-29T19:00:00Z 107 95 101 107 123
2014-01-29T18:00:00Z 99 79 93 101 86
2014-01-29T17:00:00Z 85 76 90 93 56
2014-01-29T16:00:00Z 76 70 96 89 61
2014-01-29T15:00:00Z 69 64 105 80 64
2014-01-29T14:00:00Z 64 66 109 73 49
2014-01-29T13:00:00Z -1 -1 -1 -1 -1
2014-01-29T12:00:00Z 57 59 90 68 47
2014-02-01T21:00:00Z 133 194 107 177 121
2014-02-01T20:00:00Z 125 174 102 160 155
2014-02-01T19:00:00Z 102 146 85 148 188
2014-02-01T18:00:00Z 89 117 73 140 181
2014-02-01T17:00:00Z 79 106 64 123 187
2014-02-01T16:00:00Z 69 91 57 94 191
2014-02-01T15:00:00Z 65 83 57 85 178
2014-02-01T14:00:00Z 67 75 58 86 160
2014-02-01T13:00:00Z 66 66 75 88 140
2014-02-01T12:00:00Z 63 61 102 85 123
2014-02-01T11:00:00Z 67 61 133 80 111
2014-02-01T10:00:00Z 64 58 167 74 105
2014-02-19T21:00:00Z 97 89 69 93 96
2014-02-19T20:00:00Z 99 80 72 88 111
2014-02-19T19:00:00Z 94 76 69 84 94
2014-02-19T18:00:00Z 95 74 70 82 77
2014-02-19T17:00:00Z 100 70 67 90 72
2014-02-19T16:00:00Z 114 62 67 87 75
2014-02-19T15:00:00Z 129 47 72 90 64
2014-02-19T14:00:00Z 126 43 86 95 59
2014-02-19T13:00:00Z -1 -1 -1 -1 -1
2014-02-19T12:00:00Z 99 61 108 109 66
2014-02-19T11:00:00Z 91 71 108 103 81
2014-02-19T10:00:00Z 73 71 103 103 101
2014-04-17T08:00:00Z 115 110 116 101 79
2014-04-17T07:00:00Z 111 117 106 121 72
2014-04-17T06:00:00Z 116 117 95 123 73
2014-04-17T05:00:00Z 112 118 88 124 64
2014-04-17T04:00:00Z 117 115 82 121 63
2014-04-17T03:00:00Z 115 111 81 113 64
2014-04-17T02:00:00Z 111 104 78 113 47
2014-04-17T01:00:00Z 108 101 76 113 39
2014-04-17T00:00:00Z 102 97 78 108 43
2014-04-16T23:00:00Z 92 95 76 109 40
2014-04-16T22:00:00Z 91 96 71 96 43
2014-04-16T21:00:00Z 87 93 64 90 38
2014-05-21T10:00:00Z 145 140 163 152 118
2014-05-21T09:00:00Z 115 125 187 163 124
2014-05-21T08:00:00Z 93 103 170 180 117
2014-05-21T07:00:00Z 89 93 130 172 110
2014-05-21T06:00:00Z 87 88 125 161 99
2014-05-21T05:00:00Z 89 69 117 140 92
2014-05-21T04:00:00Z 94 64 116 154 92
2014-05-21T03:00:00Z 99 59 110 139 67
2014-05-21T02:00:00Z 107 49 118 134 51
2014-05-21T01:00:00Z 126 35 112 142 34
2014-05-21T00:00:00Z 136 39 104 150 31
2014-05-20T23:00:00Z 160 34 94 141 28
2014-07-10T17:00:00Z 96 56 75 69 31
2014-07-10T16:00:00Z 78 55 75 57 34
2014-07-10T15:00:00Z 78 55 68 66 35
2014-07-10T14:00:00Z 76 62 67 66 37
2014-07-10T13:00:00Z 76 59 68 65 44
2014-07-10T12:00:00Z 74 54 82 66 56
2014-07-10T11:00:00Z 74 53 89 63 77
2014-07-10T10:00:00Z 85 78 82 68 93
2014-07-10T09:00:00Z 91 91 77 76 109
2014-07-10T08:00:00Z 97 96 77 85 97
2014-07-10T07:00:00Z 87 84 66 86 61
2014-07-10T06:00:00Z 84 83 60 77 52
2014-11-06T04:00:00Z -1 -1 100 -1 112
2014-11-06T03:00:00Z 126 183 99 115 107
2014-11-06T02:00:00Z 143 200 90 120 100
2014-11-06T01:00:00Z 180 171 94 117 95
2014-11-06T00:00:00Z 143 84 111 105 78
2014-11-05T23:00:00Z -1 66 111 -1 63
2014-11-05T22:00:00Z 100 69 114 95 57
2014-11-05T21:00:00Z 97 67 95 117 62
2014-11-05T20:00:00Z 96 71 125 121 58
2014-11-05T19:00:00Z 82 71 139 103 52
2014-11-05T18:00:00Z 79 62 141 71 62
2014-11-05T17:00:00Z 80 57 129 58 61
2014-11-11T22:00:00Z 111 197 117 149 159
2014-11-11T21:00:00Z 109 188 109 143 166
2014-11-11T20:00:00Z 100 173 99 139 163
2014-11-11T19:00:00Z 93 164 97 131 144
2014-11-11T18:00:00Z 87 146 93 113 125
2014-11-11T17:00:00Z 89 138 90 101 105
2014-11-11T16:00:00Z 85 133 86 101 89
2014-11-11T15:00:00Z 83 118 82 99 77
2014-11-11T14:00:00Z 75 95 99 95 104
2014-11-11T13:00:00Z 67 81 94 93 113
2014-11-11T12:00:00Z 60 81 86 81 129
2014-11-11T11:00:00Z 69 69 89 87 158
