2013-06-11T11:00:00Z 85 28 46 74 55 33 6 14
2013-06-11T12:00:00Z 76 30 32 73 56 31 4 12
2013-06-11T13:00:00Z 78 29 29 71 54 31 6 14
2013-06-11T14:00:00Z 66 22 22 50 49 29 5 14
2013-06-11T15:00:00Z 61 16 20 34 39 20 5 13
2013-06-11T16:00:00Z 57 12 19 34 31 15 4 17
2013-06-11T17:00:00Z 71 13 26 32 27 11 4 13
2013-06-11T18:00:00Z 91 16 26 31 23 12 5 11
2013-06-11T19:00:00Z 95 19 27 41 27 17 7 9
2013-06-11T20:00:00Z 48 54 31 39 33 28 11 11
2013-06-11T21:00:00Z 42 10 39 49 39 31 11 9
2013-06-11T22:00:00Z 48 14 43 84 40 37 17 11
2013-06-11T23:00:00Z 40 21 42 80 46 41 24 13
2013-06-12T00:00:00Z 22 16 54 81 30 27 28 23
2013-06-12T01:00:00Z 17 15 78 87 28 26 27 25
2013-06-12T02:00:00Z 18 16 96 62 25 32 27 18
2013-06-12T03:00:00Z 22 15 104 49 24 46 30 15
2013-06-12T04:00:00Z 20 36 91 47 28 35 31 16
2013-06-12T05:00:00Z 20 26 74 46 27 40 25 20
2013-06-12T06:00:00Z 24 29 101 55 29 49 24 25
2013-06-12T07:00:00Z 37 27 108 55 29 89 24 23
2013-06-12T08:00:00Z 40 25 83 55 28 115 23 19
2013-06-12T09:00:00Z 43 27 64 51 35 98 16 20
2013-06-12T10:00:00Z 45 33 63 46 33 60 23 20
2013-06-12T11:00:00Z 50 40 68 54 34 69 29 20
2013-08-19T00:00:00Z 41 27 31 48 57 26 40 30
2013-08-19T01:00:00Z 35 27 34 55 50 36 29 33
2013-08-19T02:00:00Z 28 33 29 70 47 41 26 32
2013-08-19T03:00:00Z 36 27 31 65 53 57 28 23
2013-08-19T04:00:00Z 40 28 39 68 56 65 26 24
2013-08-19T05:00:00Z 44 25 43 83 61 65 21 18
2013-08-19T06:00:00Z 54 26 48 48 77 92 27 20
2013-08-19T07:00:00Z 58 27 48 47 84 127 27 28
2013-08-19T08:00:00Z 50 22 43 49 95 165 52 27
2013-08-19T09:00:00Z 43 23 41 65 84 174 20 21
2013-08-19T10:00:00Z 46 19 42 56 71 155 17 19
2013-08-19T11:00:00Z 41 16 44 27 67 153 13 17
2013-08-19T14:00:00Z 31 12 25 21 61 59 4 9
2013-08-19T15:00:00Z 24 10 23 21 61 60 4 8
2013-08-19T16:00:00Z 19 8 20 26 58 52 5 10
2013-08-19T17:00:00Z 19 7 22 35 56 60 7 10
2013-08-19T18:00:00Z 19 9 27 38 53 65 8 8
2013-08-19T19:00:00Z 19 11 30 44 57 65 11 12
2013-08-19T20:00:00Z 28 19 46 51 65 84 20 14
2013-08-19T21:00:00Z 43 28 41 53 67 97 30 14
2013-08-19T22:00:00Z 53 44 42 66 70 103 59 21
2013-08-19T23:00:00Z -1 -1 -1 -1 -1 -1 -1 -1
2013-08-30T00:00:00Z 11 6 12 19 23 24 8 10
2013-08-30T01:00:00Z 10 10 11 28 22 16 9 8
2013-08-30T02:00:00Z 11 12 10 25 20 20 7 9
2013-08-30T03:00:00Z 13 14 9 21 17 26 9 9
2013-08-30T04:00:00Z 11 12 12 24 16 29 10 9
2013-08-30T05:00:00Z 9 15 12 20 18 25 11 11
2013-08-30T06:00:00Z 9 12 14 22 14 26 11 9
2013-08-30T07:00:00Z 11 18 21 25 14 24 13 13
2013-08-30T08:00:00Z 15 18 23 25 14 24 60 10
2013-08-30T09:00:00Z 10 16 17 23 16 29 8 9
2013-08-30T10:00:00Z 8 14 14 12 14 27 8 9
2013-08-30T11:00:00Z 4 8 15 8 12 19 6 7
2013-08-30T12:00:00Z 5 9 10 5 11 13 5 6
2013-08-30T13:00:00Z -1 -1 -1 -1 -1 -1 -1 -1
2013-08-30T14:00:00Z 5 5 9 3 13 11 4 8
2013-08-30T15:00:00Z 6 4 10 4 13 14 3 9
2013-08-30T16:00:00Z 5 4 9 4 14 13 4 7
2013-08-30T17:00:00Z 5 4 10 4 14 10 5 9
2013-08-30T18:00:00Z 6 6 17 5 13 8 5 23
2013-08-30T19:00:00Z 9 8 22 11 14 9 7 7
2013-08-30T20:00:00Z 16 13 27 18 19 14 25 14
2013-08-30T21:00:00Z 29 18 28 29 34 21 17 15
2013-08-30T22:00:00Z 32 28 34 40 36 27 27 29
2013-08-30T23:00:00Z 32 29 33 35 36 28 28 37
2013-08-31T00:00:00Z 24 30 39 42 39 20 27 37
2013-08-31T01:00:00Z 22 26 47 43 44 16 27 41
2013-08-31T02:00:00Z 28 23 44 47 53 19 18 31
2013-08-31T03:00:00Z 35 24 37 41 66 33 19 27
2013-08-31T04:00:00Z 36 18 40 49 67 35 15 25
2013-08-31T05:00:00Z 40 19 40 65 67 34 16 20
2013-08-31T06:00:00Z 38 14 41 75 66 34 20 20
2013-08-31T07:00:00Z 37 16 44 61 64 40 20 31
2013-08-31T08:00:00Z 40 17 38 60 60 54 45 21
2013-08-31T09:00:00Z -1 -1 -1 -1 -1 -1 -1 -1
2013-08-31T10:00:00Z 27 9 41 37 36 59 10 12
2013-08-31T11:00:00Z -1 -1 -1 -1 -1 -1 -1 -1
2013-08-31T12:00:00Z 15 5 28 15 25 40 6 8
2013-08-31T13:00:00Z 12 8 18 12 22 32 5 8
2013-08-31T14:00:00Z 9 6 11 11 21 24 5 8
2013-08-31T15:00:00Z 7 5 11 8 22 15 51 6
2013-08-31T16:00:00Z 8 3 10 12 21 12 8 10
2013-08-31T17:00:00Z -1 -1 -1 -1 -1 -1 -1 -1
2013-08-31T18:00:00Z 14 7 17 15 22 10 6 9
2013-08-31T19:00:00Z 16 12 17 20 29 28 7 8
2013-08-31T20:00:00Z 31 14 20 26 39 57 31 6
2013-08-31T21:00:00Z 32 26 28 31 49 58 34 8
2013-08-31T22:00:00Z 39 25 37 39 54 39 52 8
2013-08-31T23:00:00Z 38 33 42 41 50 33 49 6
2013-09-01T00:00:00Z 36 27 43 47 46 37 33 3
2013-09-01T01:00:00Z 49 17 44 63 29 31 30 4
2013-09-01T02:00:00Z 58 14 47 67 20 30 29 10
2013-09-01T03:00:00Z 63 16 68 76 16 27 28 13
2013-09-01T04:00:00Z 60 14 49 104 19 35 23 16
2013-09-01T05:00:00Z 60 13 46 104 25 87 25 17
2013-09-01T06:00:00Z 51 15 49 124 40 122 17 17
2013-09-01T07:00:00Z 37 22 49 129 51 103 15 18
2013-09-01T08:00:00Z 43 28 53 125 66 107 18 21
2013-09-01T09:00:00Z 54 23 54 83 70 137 17 26
2013-09-01T10:00:00Z 53 16 51 42 63 192 12 24
2013-09-01T11:00:00Z 48 21 48 35 57 117 10 18
2013-09-01T12:00:00Z -1 -1 -1 -1 -1 -1 -1 -1
2013-09-01T13:00:00Z 52 13 55 52 60 93 8 9
2013-09-01T14:00:00Z 50 7 51 54 54 91 11 7
2013-09-01T15:00:00Z 50 8 51 61 55 96 12 7
2013-09-01T16:00:00Z 47 5 43 59 53 78 9 7
2013-09-01T17:00:00Z 47 5 47 49 54 63 13 9
2013-09-01T18:00:00Z 43 5 49 52 58 81 12 11
2013-09-01T19:00:00Z -1 -1 -1 -1 -1 -1 -1 -1
2013-09-01T20:00:00Z 61 16 64 71 55 99 17 12
2013-09-01T21:00:00Z 76 15 72 74 67 84 27 13
2013-09-01T22:00:00Z 77 21 71 71 75 94 33 20
2013-09-01T23:00:00Z 70 21 69 68 73 112 33 34
2013-09-06T00:00:00Z 53 18 67 53 68 58 23 26
2013-09-06T01:00:00Z 51 19 65 60 69 66 31 31
2013-09-06T02:00:00Z 53 18 79 83 68 56 19 34
2013-09-06T03:00:00Z 50 18 81 81 70 54 17 32
2013-09-06T04:00:00Z 50 16 78 90 72 67 18 27
2013-09-06T05:00:00Z 61 19 72 91 73 61 13 23
2013-09-06T06:00:00Z 62 12 68 92 75 59 18 22
2013-09-06T07:00:00Z 60 14 75 97 79 73 17 24
2013-09-06T08:00:00Z 54 16 91 113 87 87 22 29
2013-09-06T09:00:00Z 50 16 108 113 89 129 18 23
2013-09-06T10:00:00Z 57 13 113 103 93 114 12 27
2013-09-06T11:00:00Z 75 15 113 107 89 100 9 27
2013-09-06T12:00:00Z 80 13 105 82 78 106 8 22
2013-09-06T13:00:00Z 89 14 124 72 74 137 4 21
2013-09-06T14:00:00Z 82 17 136 79 59 140 3 18
2013-09-06T15:00:00Z 71 15 140 79 53 70 3 12
2013-09-06T16:00:00Z 63 16 148 88 56 81 3 12
2013-09-06T17:00:00Z 72 19 151 95 59 90 3 12
2013-09-06T18:00:00Z 77 18 154 107 60 83 5 13
2013-09-06T19:00:00Z 69 13 157 125 60 68 7 25
2013-09-06T20:00:00Z 61 23 173 133 64 78 13 37
2013-09-06T21:00:00Z -1 -1 -1 -1 -1 -1 -1 -1
2013-09-06T22:00:00Z 95 24 203 155 64 101 27 70
2013-09-06T23:00:00Z 100 22 179 155 61 101 25 72
2013-10-15T00:00:00Z 43 21 37 46 34 49 13 11
2013-10-15T01:00:00Z 44 19 47 51 39 76 13 11
2013-10-15T02:00:00Z 43 19 41 46 42 69 20 17
2013-10-15T03:00:00Z 42 20 47 49 45 50 19 19
2013-10-15T04:00:00Z 45 22 47 48 47 42 18 18
2013-10-15T05:00:00Z 36 23 49 39 50 49 26 15
2013-10-15T06:00:00Z 28 22 59 35 55 59 29 18
2013-10-15T07:00:00Z 20 23 66 39 66 70 20 27
2013-10-15T08:00:00Z 14 27 61 45 66 84 20 26
2013-10-15T09:00:00Z 16 28 73 51 46 111 20 23
2013-10-15T10:00:00Z 13 25 64 34 31 74 16 21
2013-10-15T11:00:00Z 6 17 69 22 17 49 11 10
2013-10-15T12:00:00Z 6 13 57 20 15 38 7 11
2013-10-15T13:00:00Z 6 8 74 17 16 21 5 15
2013-10-15T14:00:00Z 8 6 87 14 16 17 4 17
2013-10-15T15:00:00Z 9 7 72 17 17 16 6 12
2013-10-15T16:00:00Z 9 8 88 20 17 15 8 17
2013-10-15T17:00:00Z 9 6 105 19 17 15 12 12
2013-11-26T18:00:00Z 14 9 102 91 21 20 26 23
2013-11-26T19:00:00Z 14 15 97 76 21 31 32 32
2013-11-26T20:00:00Z 24 25 63 43 19 58 35 34
2013-11-26T21:00:00Z 19 24 44 30 17 68 39 41
2013-11-26T22:00:00Z 17 -1 34 23 13 41 30 50
2013-11-26T23:00:00Z 17 22 37 20 14 25 29 37
2013-11-27T00:00:00Z 17 16 42 22 11 19 32 22
2013-11-27T01:00:00Z 14 10 33 24 7 18 19 16
2013-11-27T02:00:00Z 10 11 30 29 9 21 20 13
2013-11-27T03:00:00Z 13 11 26 28 8 18 18 16
2013-11-27T04:00:00Z 9 8 20 20 8 16 20 15
2013-11-27T05:00:00Z 9 10 20 21 7 11 22 12
2013-11-27T06:00:00Z 8 10 24 26 8 11 17 10
2013-11-27T07:00:00Z 9 13 21 28 8 17 19 8
2013-11-27T08:00:00Z 10 19 22 21 11 18 27 10
2013-11-27T09:00:00Z 9 21 28 20 12 19 22 9
2013-11-27T10:00:00Z 7 19 33 17 10 17 19 15
2013-11-27T11:00:00Z 9 15 24 13 10 14 18 19
2013-11-27T12:00:00Z 8 14 16 21 13 10 17 13
2013-11-27T13:00:00Z 10 13 13 21 11 9 15 13
2013-11-27T14:00:00Z 9 9 9 10 11 8 11 11
2013-11-27T15:00:00Z 12 9 13 11 92 9 10 14
2013-11-27T16:00:00Z 8 7 13 10 13 12 8 14
2013-11-27T17:00:00Z 12 11 18 17 132 13 9 18
2013-11-27T18:00:00Z 15 29 19 24 89 14 49 18
2013-11-27T19:00:00Z 17 14 25 32 15 22 30 20
2013-11-27T20:00:00Z 14 14 55 37 60 26 24 24
2013-11-27T21:00:00Z 16 14 63 39 69 27 29 26
2013-11-27T22:00:00Z 17 8 76 47 23 24 25 17
2013-11-27T23:00:00Z 14 10 66 46 91 20 28 14
2013-12-29T00:00:00Z 86 56 107 65 79 51 55 46
2013-12-29T01:00:00Z 101 54 110 86 80 63 71 49
2013-12-29T02:00:00Z 109 57 60 63 88 78 57 54
2013-12-29T03:00:00Z 128 45 51 58 100 86 46 66
2013-12-29T04:00:00Z 130 44 40 48 106 83 53 66
2013-12-29T05:00:00Z 122 38 39 37 111 91 42 41
2013-12-29T06:00:00Z 136 37 36 39 113 105 41 44
2013-12-29T07:00:00Z 136 45 34 49 126 110 44 42
2013-12-29T08:00:00Z 135 45 32 48 127 113 68 44
2013-12-29T09:00:00Z 143 63 29 49 133 109 62 46
2013-12-29T10:00:00Z 128 60 29 67 138 100 64 47
2013-12-29T11:00:00Z 127 58 26 60 139 105 65 48
2013-12-29T12:00:00Z 120 54 19 57 133 83 42 49
2013-12-29T13:00:00Z 106 56 17 44 124 66 27 49
2013-12-29T14:00:00Z 68 41 17 34 93 45 17 44
2013-12-29T15:00:00Z -1 -1 -1 -1 -1 -1 -1 -1
2013-12-29T16:00:00Z 58 23 14 27 52 31 12 44
2013-12-29T17:00:00Z 62 19 20 24 53 48 31 42
2013-12-29T18:00:00Z 74 25 36 34 54 92 32 50
2013-12-29T19:00:00Z 89 47 50 73 65 119 56 55
2013-12-29T20:00:00Z 109 65 56 98 86 125 49 67
2013-12-29T21:00:00Z 187 71 54 125 94 132 72 74
2013-12-29T22:00:00Z 184 63 56 145 98 132 62 95
2013-12-29T23:00:00Z 143 82 63 134 99 134 78 99
2014-02-09T17:00:00Z 14 10 32 17 12 17 6 13
2014-02-09T18:00:00Z 14 11 32 23 11 16 11 16
2014-02-09T19:00:00Z 14 16 31 35 13 24 13 17
2014-02-09T20:00:00Z 22 26 29 51 16 33 21 20
2014-02-09T21:00:00Z 33 24 29 67 20 40 29 21
2014-02-09T22:00:00Z 38 21 30 71 26 50 33 23
2014-02-09T23:00:00Z 48 22 32 87 37 64 34 21
2014-06-03T11:00:00Z 28 23 51 22 65 70 7 24
2014-06-03T12:00:00Z 33 17 36 20 61 61 9 27
2014-06-03T13:00:00Z 41 17 32 18 62 53 6 39
2014-06-03T14:00:00Z 45 19 28 17 46 59 8 37
2014-06-03T15:00:00Z 48 22 22 19 42 57 8 30
2014-06-03T16:00:00Z 40 20 22 20 37 49 12 35
2014-06-03T17:00:00Z 39 21 23 20 30 37 14 36
2014-06-03T18:00:00Z 37 22 24 23 31 37 13 32
2014-06-03T19:00:00Z 42 29 38 26 34 47 17 32
2014-06-03T20:00:00Z 49 35 39 34 37 53 21 33
2014-06-03T21:00:00Z 60 25 57 42 39 59 17 32
2014-06-03T22:00:00Z 64 34 53 70 47 56 18 42
2014-06-03T23:00:00Z 48 36 47 70 56 64 15 37
2014-06-08T22:00:00Z 12 25 54 30 17 15 14 67
2014-06-08T23:00:00Z 15 30 43 26 25 28 14 64
2014-06-09T00:00:00Z 19 28 45 27 29 53 18 48
2014-06-09T01:00:00Z 30 23 43 37 33 71 19 42
2014-06-09T02:00:00Z 26 22 41 42 30 74 11 37
2014-06-09T03:00:00Z 28 25 41 48 32 58 8 31
2014-06-09T04:00:00Z 39 25 42 69 34 52 9 35
2014-06-09T05:00:00Z 34 27 47 58 40 46 9 37
2014-06-09T06:00:00Z 34 23 49 62 37 64 6 41
2014-06-09T07:00:00Z 46 24 50 56 44 86 8 44
2014-06-09T08:00:00Z 52 18 46 51 46 113 6 43
2014-06-09T09:00:00Z 47 19 47 37 64 111 8 38
2014-06-09T10:00:00Z 51 13 48 39 55 95 8 41
2014-06-09T11:00:00Z 54 22 39 29 53 66 7 28
2014-06-09T12:00:00Z 56 15 25 26 64 70 6 25
2014-06-09T13:00:00Z 63 13 16 32 62 60 6 19
2014-06-09T14:00:00Z 62 13 13 27 64 62 12 15
2014-06-09T15:00:00Z -1 -1 -1 -1 -1 -1 -1 -1
2014-07-12T00:00:00Z 77 18 71 69 74 213 12 11
2014-07-12T01:00:00Z 73 19 70 68 74 195 13 11
2014-07-12T02:00:00Z 69 17 69 65 77 213 16 20
2014-07-12T03:00:00Z 76 16 45 76 84 237 15 21
2014-07-12T04:00:00Z 68 15 39 80 95 252 28 17
2014-07-12T05:00:00Z 60 15 39 64 128 232 12 21
2014-07-12T06:00:00Z 97 19 46 44 154 204 13 21
2014-07-12T07:00:00Z 118 18 39 28 155 169 8 17
2014-07-12T08:00:00Z 54 18 32 20 165 140 11 18
2014-07-12T09:00:00Z 5 13 30 20 141 149 8 14
2014-07-12T10:00:00Z 9 12 27 17 154 97 6 11
2014-07-12T11:00:00Z 11 11 23 9 130 39 5 7
2014-07-12T12:00:00Z 8 8 21 5 102 29 5 9
2014-07-12T13:00:00Z 6 9 21 5 70 29 6 6
2014-07-12T17:00:00Z -1 -1 -1 -1 -1 -1 -1 -1
2014-07-12T18:00:00Z 10 10 14 12 46 70 5 8
2014-07-12T19:00:00Z 9 11 15 12 61 67 5 12
2014-07-12T20:00:00Z 8 9 17 21 67 68 11 11
2014-07-12T21:00:00Z 17 9 22 25 71 97 15 10
2014-07-12T22:00:00Z 28 17 28 23 79 108 15 14
2014-07-12T23:00:00Z 37 21 36 36 83 95 18 21
2014-07-23T21:00:00Z 34 21 22 28 21 42 18 29
2014-07-23T22:00:00Z 34 17 30 51 23 42 16 30
2014-07-23T23:00:00Z 45 15 34 38 26 42 23 29
2014-07-24T00:00:00Z 49 12 38 51 29 42 22 34
2014-07-24T01:00:00Z 48 16 44 66 32 40 26 31
2014-07-24T02:00:00Z 46 19 51 52 33 38 35 31
2014-07-24T03:00:00Z 40 18 56 51 35 34 22 35
2014-07-24T14:00:00Z 32 16 17 51 79 87 13 21
2014-07-24T15:00:00Z 31 17 21 50 82 71 16 15
2014-07-24T16:00:00Z 35 16 13 40 61 87 23 17
2014-07-24T17:00:00Z 30 17 10 45 54 81 21 20
2014-07-24T18:00:00Z 28 16 10 38 62 67 23 21
2014-07-24T19:00:00Z 31 18 11 41 73 88 17 29
2014-07-24T20:00:00Z 32 18 14 50 69 105 14 29
2014-07-24T21:00:00Z 48 27 18 76 56 97 16 31
2014-07-24T22:00:00Z 76 31 24 85 44 95 17 31
2014-07-24T23:00:00Z 91 35 29 128 36 90 18 29
2014-08-06T11:00:00Z 24 11 12 40 66 66 12 14
2014-08-06T12:00:00Z 18 10 11 36 60 43 9 12
2014-08-06T13:00:00Z 14 9 10 34 46 36 6 20
2014-08-06T14:00:00Z 11 9 12 23 40 30 6 20
2014-08-06T15:00:00Z 8 9 13 22 40 33 7 30
2014-08-06T16:00:00Z 6 7 13 25 40 41 5 25
2014-08-06T17:00:00Z 9 7 15 16 48 29 7 21
2014-08-06T18:00:00Z 27 7 21 19 51 23 8 19
2014-08-06T19:00:00Z 44 12 15 18 40 24 9 19
2014-08-06T20:00:00Z 57 12 14 19 40 31 17 21
2014-08-06T21:00:00Z 69 16 12 21 40 40 17 23
2014-08-06T22:00:00Z 89 26 14 23 46 46 23 25
2014-08-06T23:00:00Z 81 23 13 25 55 46 21 25
2014-08-07T00:00:00Z 79 22 12 26 57 43 21 26
2014-08-07T01:00:00Z 86 21 15 29 57 50 12 26
2014-08-07T02:00:00Z 96 23 14 36 58 67 11 23
2014-08-07T03:00:00Z 90 23 16 41 72 91 13 20
2014-08-07T04:00:00Z 79 31 15 46 76 97 13 19
2014-08-07T05:00:00Z 80 29 15 43 64 78 19 17
2014-08-11T00:00:00Z 101 26 103 136 70 66 8 50
2014-08-11T01:00:00Z 101 22 103 146 72 80 5 27
2014-08-11T02:00:00Z 110 23 96 169 73 84 9 27
2014-08-11T03:00:00Z 109 20 141 162 79 80 11 49
2014-08-11T04:00:00Z 92 23 165 180 80 86 11 37
2014-08-11T05:00:00Z 86 26 160 162 94 80 10 22
2014-08-11T06:00:00Z 64 22 131 100 110 74 14 32
2014-08-11T07:00:00Z 44 25 102 95 122 72 13 36
2014-08-11T08:00:00Z 33 26 78 35 112 62 11 45
2014-08-11T09:00:00Z 18 29 59 26 79 47 6 21
2014-08-11T10:00:00Z 12 19 38 18 45 27 5 18
2014-08-11T14:00:00Z 6 11 12 11 10 12 15 13
2014-08-11T15:00:00Z 6 11 10 6 10 11 4 9
2014-08-11T16:00:00Z 7 9 9 10 10 10 4 9
2014-08-11T17:00:00Z 10 9 16 10 8 10 5 13
2014-08-11T18:00:00Z 8 11 19 15 10 10 7 18
2014-08-11T19:00:00Z 7 12 23 19 12 11 9 12
2014-08-11T20:00:00Z 11 16 23 20 16 10 10 18
2014-08-11T21:00:00Z 20 30 26 44 23 18 17 21
2014-08-11T22:00:00Z 33 36 27 36 32 30 26 21
2014-08-11T23:00:00Z 37 33 27 42 35 35 27 25
2014-08-12T00:00:00Z 36 33 33 52 42 39 23 28
2014-08-12T01:00:00Z 44 33 35 51 54 29 17 30
2014-08-12T08:00:00Z 41 22 59 37 100 121 11 10
2014-08-12T09:00:00Z 32 22 47 24 93 116 9 12
2014-08-12T10:00:00Z 24 21 45 22 69 45 10 15
2014-08-12T11:00:00Z 31 14 50 25 51 29 13 15
2014-08-12T12:00:00Z 43 9 48 29 41 21 9 13
2014-08-12T13:00:00Z 40 8 50 28 35 20 6 16
2014-08-12T14:00:00Z 41 8 37 22 34 16 8 16
2014-08-12T15:00:00Z 39 5 27 16 33 11 7 13
2014-08-12T16:00:00Z 39 5 24 24 33 19 5 14
2014-08-12T17:00:00Z 33 5 17 34 29 20 9 13
2014-08-12T18:00:00Z 35 7 21 35 29 19 15 22
2014-08-12T19:00:00Z 37 12 29 29 29 25 13 17
2014-08-12T20:00:00Z 47 13 30 32 29 24 20 18
2014-08-12T21:00:00Z 47 19 40 29 27 17 19 25
2014-08-12T22:00:00Z 45 17 44 30 27 29 22 30
2014-08-12T23:00:00Z 41 22 48 43 23 40 15 28
2014-08-13T09:00:00Z 26 17 44 28 18 24 16 21
2014-08-13T10:00:00Z 25 20 47 24 16 27 14 22
2014-08-13T11:00:00Z 28 18 42 23 16 23 12 23
2014-08-13T12:00:00Z 33 16 33 23 19 26 13 16
2014-08-13T13:00:00Z 30 16 29 21 19 27 21 18
2014-08-13T14:00:00Z 33 10 32 17 21 26 18 14
2014-08-13T15:00:00Z 32 11 32 17 23 25 9 12
2014-08-13T16:00:00Z 11 12 31 16 27 24 9 10
2014-08-13T17:00:00Z 11 13 35 16 30 31 11 12
2014-08-13T18:00:00Z 11 11 42 28 28 31 11 11
2014-08-13T19:00:00Z 13 15 27 37 31 31 9 12
2014-08-13T20:00:00Z 17 13 31 33 30 35 18 13
2014-08-13T21:00:00Z 22 17 26 35 30 31 15 21
2014-08-13T22:00:00Z 27 25 26 41 29 39 19 22
2014-08-13T23:00:00Z 26 20 25 52 34 33 33 25
2014-08-14T00:00:00Z 30 19 27 55 39 36 14 26
2014-08-14T01:00:00Z 30 20 33 58 44 32 19 19
2014-08-14T02:00:00Z 27 22 34 71 47 35 18 19
2014-08-14T03:00:00Z 32 25 41 74 47 34 18 23
2014-08-14T04:00:00Z 34 20 50 68 46 39 18 23
2014-08-14T05:00:00Z 28 24 46 76 48 40 14 21
2014-08-14T06:00:00Z 35 22 44 74 48 50 13 21
2014-08-14T07:00:00Z 33 23 45 61 48 46 15 21
2014-08-14T08:00:00Z 29 20 42 58 53 47 16 22
2014-08-14T09:00:00Z 34 23 38 61 53 43 12 18
2014-08-14T10:00:00Z 33 21 35 64 45 40 10 21
2014-08-14T11:00:00Z 30 30 31 44 39 36 9 19
2014-08-14T12:00:00Z 20 26 28 53 34 30 7 22
2014-08-14T13:00:00Z 25 32 26 36 29 28 6 21
2014-08-14T14:00:00Z 17 32 21 28 29 25 6 18
2014-08-14T15:00:00Z 22 37 22 22 26 24 8 21
2014-08-14T16:00:00Z 17 31 26 21 24 19 12 17
2014-08-14T17:00:00Z 15 24 26 20 24 15 12 15
2014-08-14T18:00:00Z 19 17 26 20 24 17 22 19
2014-08-14T19:00:00Z 19 19 26 37 26 23 17 21
2014-08-14T20:00:00Z 24 15 30 49 29 31 22 25
2014-08-14T21:00:00Z 40 27 35 48 32 42 17 32
2014-08-14T22:00:00Z 45 30 36 59 38 71 13 50
2014-08-14T23:00:00Z 47 38 39 50 40 65 13 60
2014-08-15T00:00:00Z 64 33 34 28 40 79 16 86
2014-08-15T01:00:00Z 57 29 26 21 46 66 14 94
2014-08-15T02:00:00Z 49 37 23 22 48 73 18 98
2014-08-15T03:00:00Z 34 22 23 20 55 106 19 81
2014-08-15T04:00:00Z 29 19 25 24 68 104 17 85
2014-08-15T05:00:00Z 38 16 30 28 70 104 19 85
2014-08-15T06:00:00Z 42 18 34 30 74 101 18 78
2014-08-15T07:00:00Z 63 23 33 32 71 91 13 73
2014-08-15T08:00:00Z 69 21 44 31 70 81 14 72
2014-08-15T09:00:00Z 49 22 35 28 62 63 14 75
2014-08-15T10:00:00Z 29 21 26 20 46 55 10 55
2014-08-24T15:00:00Z 13 11 11 16 28 27 13 19
2014-08-24T16:00:00Z 8 11 10 57 28 22 8 16
2014-08-24T17:00:00Z 12 13 12 18 23 20 5 17
2014-08-24T18:00:00Z 6 16 17 20 23 17 7 15
2014-08-24T19:00:00Z 16 20 20 21 27 23 6 16
2014-08-24T20:00:00Z 30 16 25 30 32 28 6 15
2014-08-24T21:00:00Z 34 15 33 36 38 39 11 20
2014-08-24T22:00:00Z 39 13 36 41 42 35 13 20
2014-08-24T23:00:00Z 44 9 39 42 44 29 13 21
2014-08-25T00:00:00Z 50 11 41 58 39 33 18 13
2014-08-25T01:00:00Z 8 13 46 56 27 35 13 13
2014-08-25T02:00:00Z 7 16 45 49 20 29 15 12
2014-08-26T12:00:00Z 28 16 38 57 60 42 10 18
2014-08-26T13:00:00Z 23 14 51 18 43 34 8 16
2014-08-26T14:00:00Z 22 14 53 13 28 36 7 17
2014-08-26T17:00:00Z 12 10 39 36 14 15 7 16
2014-08-26T18:00:00Z 16 8 38 39 15 23 8 20
2014-08-26T19:00:00Z 15 15 58 41 17 33 8 26
2014-08-26T20:00:00Z 26 24 111 57 27 44 11 35
2014-08-26T21:00:00Z 38 28 119 70 38 55 26 48
2014-08-26T22:00:00Z 45 31 115 82 45 63 41 56
2014-08-26T23:00:00Z 40 26 110 81 53 61 28 50
2014-08-27T00:00:00Z 45 21 102 82 56 61 23 55
2014-08-27T01:00:00Z 47 18 90 80 65 52 20 48
2014-08-27T02:00:00Z 56 27 98 77 78 60 19 40
2014-08-27T03:00:00Z 55 24 121 78 91 85 14 39
2014-08-27T04:00:00Z 57 27 121 96 98 84 12 40
2014-08-27T05:00:00Z 55 21 122 93 109 84 14 40
2014-08-27T06:00:00Z 59 20 115 98 120 76 17 38
2014-08-27T07:00:00Z 64 24 114 80 132 93 17 40
2014-08-27T08:00:00Z 68 24 109 78 148 100 17 43
2014-08-27T09:00:00Z 77 18 110 72 160 111 13 38
2014-08-27T10:00:00Z 80 16 100 87 139 74 10 27
2014-08-27T17:00:00Z 54 13 82 61 47 20 12 38
2014-08-27T18:00:00Z 65 11 79 67 44 13 18 39
2014-08-27T19:00:00Z 67 11 85 53 42 20 15 37
2014-08-27T20:00:00Z 79 17 93 70 42 34 23 40
2014-08-27T21:00:00Z 86 24 84 74 47 50 34 58
2014-08-27T22:00:00Z 77 30 71 89 52 65 44 37
2014-08-27T23:00:00Z 82 30 74 85 60 73 49 46
2014-08-28T00:00:00Z 103 28 84 71 48 81 48 49
2014-08-28T01:00:00Z 107 31 88 72 22 93 51 47
2014-08-28T02:00:00Z 106 28 94 93 43 119 48 51
2014-08-28T03:00:00Z 103 26 77 96 82 135 56 57
2014-08-28T04:00:00Z 128 29 -1 90 94 -1 -1 -1
2014-08-28T05:00:00Z -1 -1 68 -1 106 145 57 61
2014-09-08T16:00:00Z 2 5 9 6 16 7 8 7
2014-09-08T17:00:00Z 2 4 11 11 19 11 4 6
2014-09-08T18:00:00Z 3 4 11 18 19 13 5 7
2014-09-08T19:00:00Z 9 8 14 19 17 17 5 8
2014-09-08T20:00:00Z 17 16 20 20 15 21 8 7
2014-09-08T21:00:00Z 24 24 24 30 14 32 15 10
2014-09-08T22:00:00Z 20 19 24 41 13 25 17 9
2014-09-08T23:00:00Z 33 26 26 52 14 29 14 13
2014-09-09T00:00:00Z 36 20 28 46 15 36 14 11
2014-09-09T01:00:00Z 42 15 42 44 17 26 12 14
2014-09-09T02:00:00Z 43 12 40 46 18 25 11 16
2014-09-09T03:00:00Z 62 10 47 48 21 23 12 18
2014-09-09T04:00:00Z 55 18 47 60 26 23 10 17
2014-09-09T05:00:00Z 64 15 56 65 31 23 11 15
2014-09-09T06:00:00Z 64 11 46 63 33 34 12 18
2014-09-09T07:00:00Z 67 10 42 79 38 38 13 19
2014-09-09T08:00:00Z 65 13 39 98 35 40 13 19
2014-09-09T09:00:00Z 70 16 40 80 33 50 11 16
2014-09-09T10:00:00Z 70 11 39 46 26 54 8 11
2014-09-09T11:00:00Z -1 -1 -1 -1 -1 -1 -1 -1
2014-09-09T12:00:00Z 46 9 45 29 26 38 5 11
2014-09-02T12:00:00Z -1 -1 -1 -1 -1 -1 -1 -1
2014-09-02T13:00:00Z 28 14 35 40 26 33 8 17
2014-09-02T14:00:00Z 25 14 31 41 28 25 8 19
2014-09-02T15:00:00Z 23 10 29 43 27 22 10 31
2014-09-02T16:00:00Z 25 8 30 31 27 20 13 13
2014-09-02T17:00:00Z 28 12 31 30 26 17 14 22
2014-09-02T18:00:00Z 31 14 23 33 26 15 17 11
2014-09-02T19:00:00Z 27 16 21 30 27 14 11 19
2014-09-02T20:00:00Z 27 19 19 31 29 12 14 28
2014-09-02T21:00:00Z 22 21 18 30 26 12 22 9
2014-09-02T22:00:00Z 24 17 15 27 24 11 29 10
2014-09-02T23:00:00Z 31 19 17 28 18 11 28 9
2014-09-03T00:00:00Z 23 19 17 24 13 11 19 9
2014-09-03T01:00:00Z 19 22 17 26 13 6 19 6
2014-09-03T02:00:00Z 8 18 17 31 11 6 13 7
2014-09-03T03:00:00Z 8 19 18 31 11 7 16 9
2014-09-03T04:00:00Z 7 18 18 30 13 9 15 8
2014-09-03T05:00:00Z 9 26 17 34 16 9 15 9
2014-09-03T06:00:00Z 10 19 19 30 18 11 18 11
2014-09-03T07:00:00Z 7 23 21 29 20 13 13 7
2014-09-03T08:00:00Z 8 21 22 35 22 14 9 6
2014-09-03T09:00:00Z 10 23 22 30 22 17 8 7
2014-09-03T10:00:00Z 13 19 19 22 17 12 10 9
2014-09-03T13:00:00Z 14 22 7 7 10 6 8 6
2014-09-03T14:00:00Z 8 19 7 9 11 6 7 6
2014-09-03T15:00:00Z 7 13 6 6 9 6 6 4
2014-09-03T16:00:00Z 11 12 7 13 10 5 6 7
2014-09-03T17:00:00Z 9 11 6 8 10 7 5 8
2014-09-03T18:00:00Z 13 8 5 9 11 8 5 11
2014-09-03T19:00:00Z 10 10 8 11 13 8 8 10
2014-09-03T20:00:00Z 11 16 15 13 19 7 28 12
2014-09-03T21:00:00Z 13 21 17 20 24 9 20 15
2014-09-03T22:00:00Z 16 27 18 24 24 10 18 16
2014-09-03T23:00:00Z 15 25 16 28 25 13 26 17
2014-09-12T06:00:00Z 55 64 17 32 59 114 33 32
2014-09-12T07:00:00Z 64 60 15 28 52 141 33 30
2014-09-12T08:00:00Z 46 62 16 31 40 170 31 33
2014-09-12T09:00:00Z 26 58 17 35 31 170 19 31
2014-09-12T10:00:00Z 21 54 15 28 24 161 15 31
2014-09-12T11:00:00Z 26 57 17 22 23 167 14 30
2014-09-12T12:00:00Z 27 53 19 20 24 160 11 27
2014-09-12T13:00:00Z 29 66 24 19 28 150 11 27
2014-09-12T14:00:00Z 32 56 25 13 32 131 8 29
2014-09-12T15:00:00Z 27 61 25 13 33 105 9 33
2014-09-12T16:00:00Z -1 -1 -1 -1 -1 -1 -1 -1
2014-09-12T17:00:00Z 34 62 29 21 31 98 20 47
2014-09-12T18:00:00Z 30 68 32 23 33 97 33 50
2014-09-12T19:00:00Z 32 63 37 32 41 94 12 50
2014-09-12T20:00:00Z 38 74 35 34 42 89 14 51
2014-09-12T21:00:00Z 45 83 35 42 48 87 17 59
2014-09-12T22:00:00Z 49 80 38 49 53 93 16 64
2014-09-12T23:00:00Z 51 74 36 42 59 99 14 53
2014-09-13T00:00:00Z 55 78 37 52 59 94 16 71
2014-09-13T01:00:00Z 51 73 39 63 61 118 16 59
2014-09-13T02:00:00Z 51 64 39 63 59 105 16 61
2014-09-13T03:00:00Z 53 59 37 56 56 125 23 60
2014-09-13T04:00:00Z 51 47 40 58 57 120 24 63
2014-09-13T05:00:00Z 50 50 40 55 60 122 26 61
2014-09-13T06:00:00Z 50 58 44 60 62 144 19 61
2014-09-13T07:00:00Z 60 50 47 74 65 159 35 52
2014-09-13T08:00:00Z 64 53 48 88 64 137 23 55
2014-09-13T09:00:00Z 60 54 50 74 67 156 25 44
2014-09-13T10:00:00Z 59 73 52 54 70 155 22 33
2014-09-14T08:00:00Z 119 54 73 165 111 107 14 71
2014-09-14T09:00:00Z 128 44 72 157 114 122 20 72
2014-09-14T10:00:00Z 123 24 66 153 114 134 12 84
2014-09-14T11:00:00Z 83 15 75 134 121 143 10 82
2014-09-14T12:00:00Z 22 16 70 112 122 103 10 46
2014-09-14T13:00:00Z 11 13 96 101 111 61 9 35
2014-09-14T14:00:00Z 14 9 101 59 77 50 7 31
2014-09-14T15:00:00Z 7 11 90 48 44 40 8 28
2014-09-14T16:00:00Z 10 7 32 38 35 31 7 22
2014-09-14T17:00:00Z 12 7 37 24 33 35 12 16
2014-09-14T18:00:00Z 13 8 42 19 29 37 13 16
2014-09-14T19:00:00Z 20 14 43 24 29 46 13 14
2014-09-14T20:00:00Z 28 19 40 24 32 46 21 17
2014-09-14T21:00:00Z 27 23 39 28 35 48 17 23
2014-09-14T22:00:00Z 27 32 37 52 37 42 17 27
2014-09-14T23:00:00Z 23 37 35 61 42 39 26 29
2014-09-15T00:00:00Z 23 24 31 57 47 33 24 22
2014-09-15T01:00:00Z 22 27 32 61 47 34 15 21
2014-09-15T02:00:00Z 23 26 36 50 47 35 16 22
2014-09-15T03:00:00Z 25 24 38 49 50 39 11 27
2014-09-15T04:00:00Z 32 25 38 47 48 40 13 32
2014-09-15T05:00:00Z 29 25 38 47 48 35 14 33
2014-09-15T06:00:00Z 34 24 37 53 52 33 12 32
2014-09-15T07:00:00Z 47 23 32 52 55 37 11 32
2014-09-15T08:00:00Z 43 26 32 51 56 38 17 33
2014-09-15T09:00:00Z 23 22 32 38 50 48 12 33
2014-09-15T10:00:00Z 18 16 35 31 39 45 9 22
2014-09-15T11:00:00Z 15 16 36 25 33 39 7 11
2014-09-15T12:00:00Z 10 17 35 25 30 28 5 8
2014-09-15T13:00:00Z 7 9 27 20 24 20 5 7
2014-09-15T14:00:00Z 5 8 24 14 24 12 6 5
2014-09-15T15:00:00Z 8 7 19 10 17 13 6 6
2014-09-15T16:00:00Z 9 6 17 11 13 9 10 6
2014-09-15T17:00:00Z 9 6 16 16 13 11 6 6
2014-09-15T18:00:00Z 9 7 19 14 15 14 5 9
2014-09-15T19:00:00Z 12 10 23 20 18 18 8 13
2014-09-15T20:00:00Z 24 24 28 28 26 24 12 20
2014-09-15T21:00:00Z 20 31 31 35 32 28 15 26
2014-09-15T22:00:00Z 18 27 37 40 36 24 17 32
2014-09-15T23:00:00Z 25 28 38 37 43 23 12 29
2014-09-16T00:00:00Z 25 25 40 44 52 27 14 31
2014-09-16T01:00:00Z 33 31 40 45 57 28 9 30
2014-09-16T02:00:00Z 33 22 43 43 62 34 9 23
2014-09-16T03:00:00Z 34 18 40 61 70 39 7 28
2014-09-16T04:00:00Z 43 18 34 53 68 38 11 27
2014-09-16T05:00:00Z 55 22 33 52 76 40 10 21
2014-09-16T06:00:00Z 57 22 32 69 83 42 12 17
2014-09-16T07:00:00Z 70 20 29 80 88 52 10 20
2014-09-16T08:00:00Z 71 16 28 75 94 75 12 17
2014-09-16T09:00:00Z 83 20 32 73 116 85 13 15
2014-09-16T10:00:00Z 70 17 32 40 116 118 10 13
2014-09-16T11:00:00Z 64 13 39 30 104 122 8 14
2014-09-16T12:00:00Z 59 9 53 24 82 106 6 12
2014-09-16T13:00:00Z 46 9 44 35 57 99 15 14
2014-09-16T14:00:00Z 42 10 50 35 50 92 17 17
2014-09-16T15:00:00Z 42 14 55 42 47 64 18 18
2014-09-16T16:00:00Z 47 16 42 75 42 38 14 21
2014-09-16T17:00:00Z 48 19 38 75 44 44 16 24
2014-09-16T18:00:00Z 51 16 31 86 44 46 14 25
2014-09-16T19:00:00Z 65 24 23 72 50 59 16 28
2014-09-16T20:00:00Z 61 32 20 58 64 49 19 31
2014-09-16T21:00:00Z 70 32 19 45 64 47 22 41
2014-09-16T22:00:00Z 78 26 18 39 55 46 20 49
2014-09-16T23:00:00Z 72 28 16 32 47 51 23 46
2014-09-17T00:00:00Z 46 29 16 34 45 64 25 59
2014-09-17T01:00:00Z 30 23 16 27 41 57 22 61
2014-09-17T02:00:00Z 30 20 14 26 35 50 24 60
2014-09-17T03:00:00Z 25 27 15 16 31 53 18 50
2014-09-17T04:00:00Z 18 27 16 17 29 55 15 48
2014-09-17T05:00:00Z 19 24 15 28 26 44 13 52
2014-09-17T06:00:00Z 13 27 16 24 26 34 8 69
2014-09-17T07:00:00Z 20 30 18 24 25 35 11 68
2014-09-17T08:00:00Z 17 31 21 30 29 30 13 66
2014-09-17T09:00:00Z 24 32 19 32 32 30 13 63
2014-09-17T10:00:00Z 25 26 21 24 35 25 10 50
2014-09-17T11:00:00Z 27 32 24 20 36 21 7 36
2014-09-17T12:00:00Z 31 41 25 22 36 21 6 30
2014-09-17T13:00:00Z 32 47 26 29 35 17 8 28
2014-09-17T14:00:00Z 20 54 22 34 33 19 8 19
2014-10-12T16:00:00Z 3 8 13 24 14 17 9 7
2014-10-12T19:00:00Z 19 13 13 27 23 23 7 8
2014-10-12T20:00:00Z 22 17 13 35 32 34 14 8
2014-10-12T21:00:00Z 18 16 17 39 35 52 24 7
2014-10-12T22:00:00Z 27 17 21 42 34 52 18 8
2014-10-12T23:00:00Z 20 14 22 40 26 54 12 9
2014-10-13T00:00:00Z 17 14 24 40 22 50 11 10
2014-10-13T01:00:00Z 12 14 26 47 20 36 8 9
2014-10-13T02:00:00Z 7 24 25 45 20 32 11 10
2014-10-13T03:00:00Z 5 21 26 43 27 33 14 15
2014-10-13T04:00:00Z 6 23 27 31 29 28 16 12
2014-10-13T05:00:00Z 7 25 26 26 23 24 12 8
2014-10-13T06:00:00Z 6 28 26 33 18 15 10 8
2014-10-13T07:00:00Z 6 26 23 26 17 15 12 13
2014-10-13T08:00:00Z 10 28 22 22 17 15 10 10
2014-10-13T09:00:00Z 9 27 20 18 21 18 11 7
2014-10-13T10:00:00Z 9 22 21 20 20 21 10 11
2014-10-13T11:00:00Z 9 15 12 18 17 16 7 9
2014-10-13T12:00:00Z 7 12 11 14 13 16 6 7
2014-10-13T13:00:00Z 11 9 10 11 15 14 6 12
2014-10-13T14:00:00Z 6 5 10 10 18 13 5 16
2014-10-13T15:00:00Z 11 5 11 13 21 11 4 12
2014-10-13T16:00:00Z 9 5 14 19 22 12 5 13
2014-10-13T17:00:00Z 8 9 16 22 23 18 9 10
2014-10-13T18:00:00Z 10 8 20 22 23 21 8 10
2014-10-13T19:00:00Z 22 29 24 31 28 56 14 8
2014-10-13T20:00:00Z 37 46 27 44 41 106 19 13
2014-10-13T21:00:00Z 55 49 31 40 49 111 22 35
2014-10-13T22:00:00Z 46 43 36 48 58 95 18 51
2014-10-13T23:00:00Z 51 37 41 74 66 77 16 35
2014-10-14T00:00:00Z 48 39 45 97 65 62 13 34
2014-10-14T01:00:00Z 48 36 46 90 65 64 11 27
2014-10-14T02:00:00Z 61 36 52 101 68 73 14 27
2014-10-14T03:00:00Z 71 35 49 86 73 64 13 27
2014-10-14T04:00:00Z 81 36 48 84 74 56 9 31
2014-10-14T05:00:00Z 87 35 46 84 82 74 10 30
2014-10-14T06:00:00Z 91 31 45 103 94 70 13 28
2014-10-14T07:00:00Z 97 42 49 116 113 97 10 25
2014-10-14T08:00:00Z 105 49 50 108 125 100 9 26
2014-10-14T09:00:00Z 106 48 57 123 129 101 11 37
2014-10-14T10:00:00Z 91 35 70 112 124 86 11 40
2014-10-14T11:00:00Z 89 28 75 105 114 85 11 32
2014-10-14T12:00:00Z 90 39 63 78 106 88 10 27
2014-10-14T13:00:00Z 63 35 58 49 89 79 11 28
2014-10-14T14:00:00Z 41 30 57 38 66 46 10 31
2014-10-14T15:00:00Z 45 34 52 34 58 37 10 42
2014-10-14T16:00:00Z 55 27 48 49 65 41 10 45
2014-10-14T17:00:00Z 57 24 42 57 50 56 9 37
2014-10-14T18:00:00Z 50 20 43 77 56 47 12 31
2014-10-14T19:00:00Z 51 27 55 79 59 68 15 41
2014-10-14T20:00:00Z 69 34 63 93 75 99 27 60
2014-10-14T21:00:00Z 83 43 79 95 86 96 30 82
2014-10-14T22:00:00Z 91 47 83 124 91 91 33 77
2014-10-14T23:00:00Z 96 46 82 157 84 88 33 73
2014-11-02T00:00:00Z 22 15 24 23 -1 34 15 13
2014-11-02T01:00:00Z 14 10 22 23 38 37 13 16
2014-11-02T02:00:00Z 14 9 22 24 20 40 12 14
2014-11-02T03:00:00Z 10 11 23 19 13 42 10 13
2014-11-02T04:00:00Z 7 7 24 16 13 23 14 8
2014-11-02T05:00:00Z 8 11 23 15 13 23 14 11
2014-11-02T06:00:00Z 5 17 23 16 11 17 13 15
2014-11-02T07:00:00Z 5 18 22 21 10 21 17 17
2014-11-02T08:00:00Z 5 13 21 27 10 21 21 20
2014-11-02T09:00:00Z 8 12 21 46 12 24 20 15
2014-11-02T10:00:00Z 10 13 -1 30 -1 -1 13 -1
2014-11-02T11:00:00Z 9 9 14 14 11 20 9 16
2014-11-02T12:00:00Z 8 9 -1 8 11 -1 8 -1
2014-11-02T13:00:00Z 8 12 10 8 -1 12 9 9
2014-11-02T14:00:00Z 8 8 7 11 11 11 12 11
2014-11-02T15:00:00Z 7 9 9 9 11 15 9 12
2014-11-02T16:00:00Z 5 12 7 8 11 15 7 8
2014-11-02T17:00:00Z 6 9 7 11 -1 14 9 11
2014-11-02T18:00:00Z 8 8 12 13 14 17 9 19
2014-11-02T19:00:00Z 17 17 19 20 19 27 7 18
2014-11-02T20:00:00Z 20 20 27 30 35 44 10 26
2014-11-02T21:00:00Z 29 22 33 37 44 46 15 23
2014-11-02T22:00:00Z 31 24 41 104 -1 51 19 22
2014-11-02T23:00:00Z 42 26 45 62 50 55 25 19
