2013-06-02T15:00:00Z 119 101 179 139 121 43 19 56
2013-06-02T16:00:00Z 117 110 228 143 125 47 21 40
2013-06-02T17:00:00Z 120 118 241 154 120 52 33 40
2013-06-02T18:00:00Z 117 132 171 170 111 56 27 37
2013-06-02T19:00:00Z 122 130 117 209 112 62 6 34
2013-06-02T20:00:00Z 153 129 107 179 120 81 12 38
2013-06-02T21:00:00Z 157 132 125 151 119 102 17 42
2013-06-02T22:00:00Z 144 167 124 158 125 119 46 41
2013-06-02T23:00:00Z 142 120 140 168 135 113 22 53
2013-06-03T00:00:00Z 137 117 143 163 136 110 96 61
2013-06-03T01:00:00Z 134 147 151 183 127 128 104 68
2013-06-03T02:00:00Z 132 140 177 199 118 147 124 76
2013-06-03T03:00:00Z 133 145 169 208 109 145 37 76
2013-06-03T04:00:00Z 150 140 171 249 105 153 13 88
2013-06-03T05:00:00Z 167 144 194 237 105 228 23 81
2013-06-03T06:00:00Z 176 150 199 231 113 268 18 85
2013-06-03T07:00:00Z 180 156 251 217 128 264 16 77
2013-06-03T08:00:00Z 183 160 246 208 146 258 17 93
2013-06-03T09:00:00Z 186 158 235 212 154 304 18 112
2013-06-03T10:00:00Z 171 115 227 190 161 300 13 107
2013-06-03T11:00:00Z 163 60 218 179 169 251 10 114
2013-06-03T12:00:00Z 131 33 205 207 171 224 10 118
2013-06-03T13:00:00Z 104 16 205 182 157 184 10 120
2013-06-03T14:00:00Z 72 11 227 181 111 138 6 106
2013-06-03T15:00:00Z 56 8 209 170 83 88 6 119
2013-06-03T16:00:00Z 51 10 220 115 82 84 5 125
2013-06-03T17:00:00Z 51 9 209 120 74 81 7 127
2013-06-03T18:00:00Z 47 8 214 138 75 83 7 105
2013-06-03T19:00:00Z 54 6 230 129 98 126 8 127
2013-06-03T20:00:00Z 61 8 195 120 112 123 10 122
2013-06-03T21:00:00Z 90 20 186 129 135 144 69 113
2013-06-03T22:00:00Z 99 28 211 168 144 153 125 86
2013-06-03T23:00:00Z 104 33 226 187 157 140 89 109
2013-06-04T00:00:00Z 110 31 241 195 158 224 77 120
2013-06-04T01:00:00Z 120 22 246 203 164 245 66 102
2013-06-04T02:00:00Z 133 22 267 222 170 172 63 105
2013-06-04T03:00:00Z 154 21 268 249 162 172 78 93
2013-06-04T04:00:00Z 182 22 275 323 144 164 76 70
2013-06-04T05:00:00Z 203 24 259 318 130 134 69 59
2013-06-04T06:00:00Z 179 22 276 270 117 122 46 38
2013-06-05T21:00:00Z 120 76 181 172 79 71 60 33
2013-06-05T22:00:00Z 139 87 201 161 81 67 53 29
2013-06-05T23:00:00Z 144 78 194 157 85 75 63 42
2013-06-06T00:00:00Z 127 72 198 159 85 69 76 40
2013-06-06T01:00:00Z 125 74 208 158 81 54 70 36
2013-06-06T02:00:00Z 129 88 190 169 86 62 58 34
2013-06-06T03:00:00Z 130 78 194 176 90 73 59 38
2013-06-06T04:00:00Z 126 80 170 174 91 104 65 34
2013-06-06T05:00:00Z 120 82 170 182 92 114 68 31
2013-06-06T06:00:00Z 115 86 198 170 92 75 71 30
2013-06-06T07:00:00Z 109 72 210 178 99 82 84 29
2013-06-06T08:00:00Z 99 96 213 177 108 66 83 23
2013-06-06T09:00:00Z 89 99 215 174 119 83 69 23
2013-06-06T10:00:00Z 81 97 225 180 130 92 191 18
2013-06-06T11:00:00Z 94 88 242 194 138 127 314 18
2013-06-06T12:00:00Z 119 92 248 195 141 140 321 17
2013-06-06T13:00:00Z 140 87 258 185 145 142 301 15
2013-06-06T14:00:00Z 152 90 260 166 137 156 48 19
2013-06-06T15:00:00Z 162 85 264 174 138 183 43 24
2013-06-06T16:00:00Z 173 86 257 172 145 200 161 25
2013-06-06T17:00:00Z 191 69 283 174 141 224 161 26
2013-06-06T18:00:00Z 220 76 278 174 121 217 167 33
2013-06-06T19:00:00Z 221 77 278 163 98 187 165 38
2013-06-06T20:00:00Z 228 89 273 159 73 146 182 48
2013-06-06T21:00:00Z 217 103 264 167 55 125 71 49
2013-06-06T22:00:00Z 191 103 257 184 46 117 56 59
2013-06-06T23:00:00Z 180 118 217 184 44 107 90 49
2013-06-07T00:00:00Z 186 134 198 190 40 92 313 54
2013-06-07T01:00:00Z 176 127 207 181 38 91 315 46
2013-06-07T02:00:00Z 153 121 202 183 32 84 311 38
2013-06-07T03:00:00Z 133 113 207 177 32 83 312 40
2013-06-07T04:00:00Z 96 116 210 186 35 83 302 41
2013-06-07T05:00:00Z 81 103 230 183 38 73 307 35
2013-06-07T06:00:00Z 81 106 228 199 42 66 299 35
2013-06-07T07:00:00Z 77 96 224 201 46 64 282 42
2013-06-07T08:00:00Z 86 104 234 198 49 72 287 38
2013-06-07T09:00:00Z 78 75 240 190 54 70 291 30
2013-06-07T10:00:00Z 77 71 245 163 59 64 291 28
2013-06-07T11:00:00Z 82 70 269 102 68 59 257 28
2013-06-07T12:00:00Z 106 63 267 43 62 55 43 23
2013-06-07T13:00:00Z 99 55 272 46 60 55 61 24
2013-06-07T14:00:00Z 98 60 254 45 70 62 31 28
2013-06-07T15:00:00Z 106 56 120 45 76 67 26 29
2013-06-07T16:00:00Z 111 53 49 53 79 69 27 34
2013-06-07T17:00:00Z 108 50 51 34 73 64 21 37
2013-06-07T18:00:00Z 108 48 69 31 63 56 45 44
2013-06-07T19:00:00Z 107 48 64 47 54 58 19 42
2013-06-07T20:00:00Z 99 60 86 91 51 49 32 47
2013-06-07T21:00:00Z 101 64 81 108 53 52 25 52
2013-06-07T22:00:00Z 105 70 88 137 53 85 22 56
2013-06-07T23:00:00Z 98 62 72 134 54 106 31 59
2013-06-08T00:00:00Z 99 66 69 133 54 117 37 87
2013-06-08T01:00:00Z 84 71 86 136 58 123 37 75
2013-06-08T02:00:00Z 87 63 88 133 61 112 50 77
2013-06-08T03:00:00Z 87 67 94 129 57 128 91 74
2013-06-08T04:00:00Z 102 71 109 125 57 129 41 68
2013-06-08T05:00:00Z 116 65 124 137 61 106 47 63
2013-06-08T06:00:00Z 121 68 134 120 63 116 48 74
2013-06-08T07:00:00Z 128 76 149 118 65 110 53 77
2013-06-08T08:00:00Z 129 77 143 117 65 92 67 71
2013-06-08T09:00:00Z 132 81 158 127 70 97 67 52
2013-06-08T10:00:00Z 135 63 167 141 83 99 64 29
2013-06-08T11:00:00Z 136 55 188 158 93 118 62 31
2013-06-08T12:00:00Z 131 69 223 167 91 99 61 35
2013-06-08T13:00:00Z 125 47 227 169 101 105 61 27
2013-06-15T18:00:00Z 240 72 100 166 120 102 82 72
2013-06-15T19:00:00Z 240 87 104 171 112 126 86 82
2013-06-15T20:00:00Z 234 88 112 165 99 145 86 74
2013-06-15T21:00:00Z 164 92 120 182 85 132 84 86
2013-06-15T22:00:00Z 119 99 151 193 78 112 84 73
2013-06-15T23:00:00Z 120 109 142 218 86 107 84 75
2013-06-16T00:00:00Z 123 115 147 218 108 98 93 62
2013-06-16T01:00:00Z 116 126 151 218 118 99 97 61
2013-06-16T02:00:00Z 112 123 164 228 122 116 107 65
2013-06-16T03:00:00Z 120 119 178 233 129 117 140 76
2013-06-16T04:00:00Z 131 115 170 237 137 124 113 67
2013-06-16T05:00:00Z 135 120 191 219 148 159 126 74
2013-06-16T06:00:00Z 141 99 181 213 161 153 134 67
2013-06-16T07:00:00Z 149 97 209 238 162 148 146 47
2013-06-26T02:00:00Z 145 34 31 36 61 58 52 29
2013-06-26T03:00:00Z 146 37 39 36 64 89 39 34
2013-06-26T04:00:00Z 134 36 51 44 66 81 42 44
2013-06-26T05:00:00Z 116 42 51 63 70 92 45 30
2013-06-26T06:00:00Z 91 40 63 70 75 83 31 31
2013-06-26T07:00:00Z 99 37 57 69 89 78 41 31
2013-06-26T08:00:00Z 107 38 54 80 90 76 22 22
2013-06-28T06:00:00Z 208 23 177 177 146 130 22 28
2013-06-28T07:00:00Z 216 22 161 155 150 107 21 33
2013-06-28T08:00:00Z 216 24 164 184 164 119 24 36
2013-06-28T09:00:00Z 227 23 179 211 179 127 20 36
2013-06-28T10:00:00Z 218 26 211 251 182 151 25 36
2013-06-28T11:00:00Z 202 32 207 240 154 204 56 43
2013-06-28T12:00:00Z 208 57 208 247 117 238 103 45
2013-06-28T13:00:00Z 224 70 182 228 130 298 88 61
2013-06-28T14:00:00Z 230 88 158 256 151 278 90 59
2013-06-28T15:00:00Z 236 93 122 258 155 206 83 44
2013-06-28T16:00:00Z 227 111 95 269 145 159 84 43
2013-06-28T17:00:00Z 233 119 55 258 142 148 116 57
2013-06-28T18:00:00Z 242 113 42 209 160 168 148 46
2013-06-28T19:00:00Z 232 132 36 203 165 185 27 56
2013-06-28T20:00:00Z 232 144 39 209 171 199 27 57
2013-06-28T21:00:00Z 232 152 36 221 160 222 32 64
2013-06-28T22:00:00Z 239 112 32 245 157 246 33 79
2013-06-28T23:00:00Z 245 75 35 267 144 203 48 64
2013-06-29T00:00:00Z 278 65 38 272 145 144 61 61
2013-06-29T01:00:00Z 38 65 49 152 141 135 71 57
2013-06-29T02:00:00Z 28 65 181 69 73 83 49 60
2013-06-29T03:00:00Z 39 65 91 66 44 57 64 31
2013-06-29T04:00:00Z 54 65 58 81 50 51 51 20
2013-06-29T05:00:00Z 89 65 73 66 57 84 55 14
2013-06-29T06:00:00Z 70 65 69 83 52 58 63 11
2013-06-29T07:00:00Z 61 65 46 62 55 48 58 12
2013-06-29T08:00:00Z 66 71 35 55 51 38 59 16
2013-06-29T09:00:00Z 71 47 35 49 54 29 57 14
2013-06-29T10:00:00Z 79 51 46 54 67 32 48 15
2013-06-29T11:00:00Z 92 52 68 62 77 35 39 18
2013-06-29T12:00:00Z 101 49 62 57 91 48 41 25
2013-06-29T13:00:00Z 86 55 57 51 92 70 29 43
2013-06-29T14:00:00Z 86 56 68 65 87 113 27 54
2013-06-29T15:00:00Z 93 60 103 75 85 128 24 64
2013-06-29T16:00:00Z 106 64 103 76 106 125 23 55
2013-06-29T17:00:00Z 111 75 68 78 121 109 18 63
2013-06-29T18:00:00Z 119 85 41 82 122 89 23 62
2013-06-29T19:00:00Z 127 87 42 93 112 115 28 70
2013-07-18T15:00:00Z 169 61 88 51 120 91 62 40
2013-07-18T16:00:00Z 151 49 72 51 117 96 54 36
2013-07-18T17:00:00Z 152 59 53 50 119 93 59 37
2013-07-18T18:00:00Z 136 63 57 72 120 78 61 31
2013-07-18T19:00:00Z 148 71 59 98 127 90 82 32
2013-07-18T20:00:00Z 134 69 66 86 110 88 82 33
2013-07-18T21:00:00Z 114 74 65 113 103 93 87 38
2013-07-18T22:00:00Z 105 77 70 123 112 93 106 41
2013-07-18T23:00:00Z 87 82 71 148 125 99 96 51
2013-07-19T00:00:00Z 70 96 74 88 129 83 113 60
2013-07-19T01:00:00Z 81 72 69 63 128 84 114 44
2013-07-19T02:00:00Z 84 65 72 50 130 88 104 45
2013-07-19T03:00:00Z 97 61 70 50 130 89 126 46
2013-07-19T04:00:00Z 106 65 86 58 115 101 124 48
2013-07-19T05:00:00Z 99 67 92 53 97 80 123 39
2013-07-19T06:00:00Z 90 63 85 62 91 78 54 34
2013-07-19T07:00:00Z 97 73 90 71 84 92 42 40
2013-07-19T08:00:00Z 97 86 99 75 79 91 32 46
2013-07-19T09:00:00Z 110 78 102 68 81 91 22 37
2013-08-15T22:00:00Z 225 94 73 204 123 140 99 131
2013-08-15T23:00:00Z 226 105 78 186 113 164 98 141
2013-08-16T00:00:00Z 209 105 89 192 115 187 98 126
2013-08-16T01:00:00Z 162 103 98 203 110 160 105 118
2013-08-16T02:00:00Z 127 106 121 173 109 114 120 106
2013-08-16T03:00:00Z 36 103 152 132 114 101 121 90
2013-08-16T04:00:00Z 46 85 157 105 110 114 131 87
2013-08-16T05:00:00Z 79 28 152 108 114 119 117 85
2013-08-16T06:00:00Z 92 23 146 120 111 132 125 70
2013-08-16T07:00:00Z 106 20 150 119 109 136 134 32
2013-08-16T08:00:00Z 104 20 144 141 99 166 142 31
2013-08-16T09:00:00Z 100 26 153 187 91 160 144 42
2013-09-27T18:00:00Z 227 60 207 248 123 127 22 112
2013-09-27T19:00:00Z 234 91 232 236 123 133 30 113
2013-09-27T20:00:00Z 235 131 192 229 132 147 36 121
2013-09-27T21:00:00Z 207 133 159 242 142 144 53 122
2013-09-27T22:00:00Z 183 140 153 198 136 143 48 119
2013-09-27T23:00:00Z -1 -1 -1 -1 -1 -1 -1 -1
2013-09-28T00:00:00Z 177 148 165 173 122 123 42 133
2013-09-28T01:00:00Z 192 136 173 184 120 139 42 121
2013-09-28T02:00:00Z 205 148 178 192 126 134 39 120
2013-09-28T03:00:00Z 209 146 184 195 132 136 37 121
2013-09-28T04:00:00Z 208 146 199 215 129 143 33 118
2013-09-28T05:00:00Z 212 149 201 233 125 150 35 112
2013-09-28T06:00:00Z 215 137 198 247 126 138 34 109
2013-09-28T07:00:00Z 206 137 213 249 123 131 34 111
2013-09-28T08:00:00Z 201 143 219 255 109 133 38 124
2013-09-28T09:00:00Z 194 150 216 243 95 126 44 114
2013-09-28T10:00:00Z 201 148 219 218 83 89 48 103
2013-09-28T11:00:00Z 200 154 251 187 74 53 111 68
2013-09-28T12:00:00Z 186 156 277 194 67 39 180 72
2013-09-28T13:00:00Z 183 167 290 206 59 35 174 76
2013-09-28T14:00:00Z 181 174 280 209 47 40 148 96
2013-09-28T15:00:00Z 180 187 251 191 50 43 101 104
2013-09-28T16:00:00Z 178 190 252 196 60 59 84 93
2013-09-28T17:00:00Z 173 162 241 225 80 84 96 42
2013-09-28T18:00:00Z 181 129 242 239 95 97 124 33
2013-09-28T19:00:00Z 200 122 246 254 96 119 148 33
2013-09-28T20:00:00Z 232 126 261 265 91 112 190 23
2013-09-28T21:00:00Z 255 134 298 265 79 93 200 19
2013-09-28T22:00:00Z 266 128 314 276 70 81 197 21
2013-09-28T23:00:00Z 259 120 338 279 76 73 187 28
2013-09-29T00:00:00Z 250 122 345 298 67 72 199 30
2013-09-29T01:00:00Z 238 118 339 294 75 94 199 46
2013-09-29T02:00:00Z 214 133 340 291 74 104 182 29
2013-09-29T03:00:00Z 196 131 342 292 80 120 126 40
2013-09-29T04:00:00Z 180 136 342 287 95 138 74 43
2013-09-29T05:00:00Z 168 137 346 295 108 203 59 61
2013-09-29T06:00:00Z 163 156 326 285 112 194 50 42
2013-09-29T07:00:00Z 150 131 302 272 122 206 40 39
2013-09-29T08:00:00Z 141 131 304 263 126 190 34 42
2013-09-29T09:00:00Z 135 129 317 251 135 180 34 47
2013-09-29T10:00:00Z 145 137 306 253 151 157 52 42
2013-09-29T11:00:00Z 156 131 280 236 166 102 113 41
2013-09-29T12:00:00Z 167 119 246 210 148 48 153 35
2013-09-29T13:00:00Z 169 72 239 184 144 49 130 40
2013-09-29T14:00:00Z 155 45 225 178 151 56 118 38
2013-10-04T22:00:00Z 410 198 210 488 141 169 89 148
2013-10-04T23:00:00Z 405 199 225 489 139 172 81 151
2013-10-05T00:00:00Z 402 207 244 494 134 184 108 143
2013-10-05T01:00:00Z 380 198 290 491 122 183 51 118
2013-10-05T02:00:00Z 287 188 317 497 111 157 73 119
2013-10-05T03:00:00Z 235 188 322 467 105 121 69 121
2013-10-05T04:00:00Z 232 184 327 415 107 116 87 120
2013-10-05T05:00:00Z 250 182 325 345 113 111 46 140
2013-10-05T06:00:00Z 253 178 337 316 117 129 49 156
2013-10-05T07:00:00Z 247 180 349 302 120 148 46 169
2013-10-05T08:00:00Z 248 191 370 299 124 194 48 160
2013-10-05T09:00:00Z 250 191 375 289 123 238 58 167
2013-10-05T10:00:00Z 235 200 375 276 113 221 48 159
2013-10-05T11:00:00Z 209 189 375 274 114 176 131 151
2013-10-05T12:00:00Z 180 189 382 285 116 156 179 132
2013-10-05T18:00:00Z 193 133 467 269 109 146 136 90
2013-10-05T19:00:00Z 195 148 461 293 104 150 131 95
2013-10-05T20:00:00Z 199 168 492 283 102 144 113 84
2013-10-05T21:00:00Z 184 169 534 312 101 147 111 93
2013-10-05T22:00:00Z 193 170 502 311 102 158 111 111
2013-10-05T23:00:00Z 203 167 488 292 111 192 121 109
2013-10-06T00:00:00Z 200 168 476 314 94 194 127 109
2013-10-06T01:00:00Z 193 166 460 302 92 172 147 134
2013-10-06T02:00:00Z 197 166 442 299 88 159 151 127
2013-10-06T03:00:00Z 184 166 409 296 80 122 154 132
2013-10-06T04:00:00Z 188 168 400 296 75 116 141 120
2013-10-06T05:00:00Z 183 170 409 292 66 96 160 120
2013-10-06T06:00:00Z 155 163 380 304 60 104 167 123
2013-10-06T07:00:00Z 104 172 351 285 52 106 128 117
2013-10-06T08:00:00Z 76 166 368 274 50 148 120 110
2013-10-06T09:00:00Z 59 163 373 260 54 211 135 94
2013-10-06T10:00:00Z 58 182 365 241 66 196 115 68
2013-10-06T11:00:00Z 58 192 299 210 82 164 118 61
2013-10-06T12:00:00Z 71 193 233 165 91 155 88 49
2013-10-06T13:00:00Z 93 189 232 135 91 126 94 38
2013-10-06T14:00:00Z 99 139 231 141 84 123 87 31
2013-10-06T15:00:00Z 96 81 191 135 68 95 87 31
2013-10-06T16:00:00Z 99 65 178 131 59 55 105 31
2013-10-06T17:00:00Z 107 63 146 130 57 46 103 26
2013-10-06T18:00:00Z 115 56 151 143 54 54 117 26
2013-10-06T19:00:00Z 134 57 167 171 61 69 125 32
2013-10-06T20:00:00Z 156 70 189 188 72 100 134 41
2013-10-27T15:00:00Z 207 65 231 224 178 140 49 140
2013-10-27T16:00:00Z 217 72 233 238 180 160 49 126
2013-10-27T17:00:00Z 231 75 261 243 184 178 59 133
2013-10-27T18:00:00Z 240 101 297 249 190 165 86 111
2013-10-27T19:00:00Z 258 116 303 266 211 179 120 120
2013-10-27T20:00:00Z 299 136 315 277 218 199 132 146
2013-10-27T21:00:00Z -1 -1 -1 -1 -1 -1 -1 -1
2013-10-27T22:00:00Z 327 139 335 283 229 236 165 162
2013-10-27T23:00:00Z 339 132 330 302 211 257 121 165
2013-10-28T00:00:00Z 351 130 340 307 202 274 122 160
2013-10-28T01:00:00Z 358 117 335 300 196 296 78 160
2013-10-28T02:00:00Z 360 127 322 295 202 320 66 152
2013-10-28T03:00:00Z 351 126 307 280 202 339 64 148
2013-10-28T04:00:00Z 338 133 289 283 204 346 63 148
2013-10-28T05:00:00Z 333 134 278 264 209 334 61 151
2013-10-28T06:00:00Z 310 118 277 247 211 333 56 163
2013-10-28T07:00:00Z 301 113 273 244 211 327 61 172
2013-10-28T08:00:00Z 287 120 260 241 206 335 65 183
2013-10-28T09:00:00Z 266 139 270 237 215 341 61 196
2013-10-28T10:00:00Z 266 135 268 255 221 315 48 209
2013-10-28T11:00:00Z 261 132 273 252 223 289 38 212
2013-10-28T12:00:00Z 267 135 282 257 226 263 26 206
2013-10-28T13:00:00Z 271 132 311 254 219 233 23 188
2013-10-28T14:00:00Z 293 119 331 266 230 233 14 184
2013-10-28T15:00:00Z -1 -1 -1 -1 -1 -1 -1 -1
2013-10-28T16:00:00Z 306 157 354 278 165 246 12 178
2013-10-28T17:00:00Z -1 -1 -1 -1 -1 -1 -1 -1
2013-10-28T18:00:00Z 336 146 379 293 166 234 18 170
2013-10-31T13:00:00Z 130 47 231 155 122 153 46 101
2013-10-31T14:00:00Z 172 36 226 155 106 128 60 96
2013-10-31T15:00:00Z 147 33 225 167 93 121 96 100
2013-10-31T16:00:00Z 138 30 238 175 86 113 114 100
2013-10-31T17:00:00Z 117 36 213 168 88 106 118 84
2013-10-31T18:00:00Z 112 57 224 186 93 112 138 94
2013-10-31T19:00:00Z 129 69 226 207 105 149 155 112
2013-10-31T20:00:00Z 160 76 249 231 117 170 193 146
2013-10-31T21:00:00Z 166 85 253 196 128 158 172 160
2013-10-31T22:00:00Z 175 83 257 235 124 211 142 170
2013-10-31T23:00:00Z 177 71 261 219 122 225 127 156
2013-11-01T00:00:00Z 185 70 272 237 109 210 85 139
2013-11-01T01:00:00Z 182 64 288 246 121 217 86 118
2013-11-01T02:00:00Z 178 77 273 253 124 241 63 96
2013-11-01T03:00:00Z 182 63 278 247 134 259 63 86
2013-11-01T04:00:00Z 188 53 282 224 150 264 60 74
2013-11-01T05:00:00Z 197 60 268 213 168 284 58 75
2013-11-01T06:00:00Z 189 58 275 211 166 303 51 74
2013-11-01T07:00:00Z 185 50 249 216 170 311 56 68
2013-11-01T08:00:00Z 197 57 246 208 183 327 75 71
2013-11-01T09:00:00Z 224 59 238 195 216 340 85 65
2013-11-01T10:00:00Z 230 63 221 195 210 356 81 67
2013-11-01T11:00:00Z 244 57 235 200 195 342 71 74
2013-11-01T12:00:00Z 245 57 213 198 156 248 97 80
2013-11-01T13:00:00Z 251 58 203 203 144 187 99 73
2013-11-01T14:00:00Z 245 55 197 199 115 167 124 86
2013-11-01T15:00:00Z 214 51 191 198 100 152 151 84
2013-11-01T16:00:00Z 180 48 171 213 98 165 171 84
2013-11-01T17:00:00Z 171 53 185 224 100 175 179 81
2013-11-01T18:00:00Z 162 68 187 227 98 197 176 92
2013-11-01T19:00:00Z 167 84 191 222 108 191 178 104
2013-11-01T20:00:00Z 177 111 192 206 123 211 209 126
2013-11-01T21:00:00Z 161 127 201 225 138 230 201 141
2013-11-01T22:00:00Z 140 137 219 220 157 224 203 145
2013-11-01T23:00:00Z 144 133 223 216 172 206 210 154
2013-11-02T00:00:00Z 161 121 216 203 183 179 222 158
2013-11-02T01:00:00Z 152 124 211 182 188 166 206 165
2013-11-02T02:00:00Z 157 112 211 182 198 168 191 166
2013-11-02T03:00:00Z 165 110 217 214 209 174 200 178
2013-11-02T04:00:00Z 165 118 214 223 221 170 185 155
2013-11-02T05:00:00Z 167 111 219 203 231 181 194 143
2013-11-02T06:00:00Z 166 109 215 265 230 182 189 139
2013-11-02T07:00:00Z 155 115 226 270 232 195 175 156
2013-11-02T08:00:00Z 152 116 215 264 230 201 176 178
2013-11-02T09:00:00Z 182 160 179 295 226 216 174 191
2013-11-02T10:00:00Z 200 135 188 314 213 239 176 186
2013-11-02T11:00:00Z 222 121 187 309 205 243 167 197
2013-11-02T12:00:00Z 233 115 221 342 199 213 278 154
2013-11-02T13:00:00Z 238 103 219 266 198 213 109 136
2013-11-02T14:00:00Z 230 107 200 261 197 220 71 167
2013-11-02T15:00:00Z 246 98 224 229 200 222 63 162
2013-11-02T16:00:00Z 276 82 254 227 193 222 52 175
2013-11-02T17:00:00Z 324 75 231 231 207 225 49 186
2013-11-02T18:00:00Z 347 87 228 249 214 248 68 200
2013-11-02T19:00:00Z 343 112 228 251 219 280 71 210
2013-11-02T20:00:00Z 325 124 213 264 223 323 49 225
2013-11-22T19:00:00Z 294 58 314 342 208 279 154 227
2013-11-22T20:00:00Z 315 81 328 381 219 292 140 247
2013-11-22T21:00:00Z 320 74 340 384 235 294 109 237
2013-11-22T22:00:00Z 314 87 363 386 247 298 85 233
2013-11-22T23:00:00Z 323 69 378 446 258 302 62 254
2013-11-23T00:00:00Z 315 88 400 462 269 309 70 270
2013-11-23T01:00:00Z 301 83 393 466 282 295 57 288
2013-11-23T02:00:00Z 312 67 401 479 294 319 54 284
2013-11-23T03:00:00Z 337 72 384 483 305 327 50 294
2013-11-23T04:00:00Z 336 68 371 489 302 332 50 280
2013-11-23T05:00:00Z 346 68 345 511 297 343 57 283
2013-11-23T06:00:00Z 363 61 346 500 289 340 64 273
2013-11-23T07:00:00Z 357 60 384 484 283 355 65 263
2013-11-23T08:00:00Z 374 62 403 423 276 364 75 263
2013-11-23T09:00:00Z 398 70 404 377 280 395 61 268
2013-11-23T10:00:00Z 454 63 419 384 288 431 63 276
2013-11-23T11:00:00Z 425 61 409 292 308 461 56 289
2013-11-23T12:00:00Z 455 65 358 318 339 486 35 291
2013-11-23T13:00:00Z 435 73 260 373 356 508 23 300
2013-11-23T14:00:00Z 297 70 181 384 359 491 23 310
2013-11-23T15:00:00Z 218 44 205 380 335 447 26 324
2013-11-23T16:00:00Z 187 49 279 396 295 434 22 364
2013-11-23T17:00:00Z 215 52 376 431 306 449 26 420
2013-11-23T18:00:00Z 235 65 404 471 327 488 33 430
2013-11-23T19:00:00Z 287 87 486 512 344 441 53 430
2013-11-23T20:00:00Z 324 92 441 564 364 545 95 426
2013-12-06T22:00:00Z 320 65 294 372 135 187 84 60
2013-12-06T23:00:00Z 344 71 331 376 138 194 69 56
2013-12-07T00:00:00Z 308 62 336 413 145 201 61 58
2013-12-07T01:00:00Z 303 54 357 449 151 195 59 62
2013-12-07T02:00:00Z 296 58 356 460 153 189 49 73
2013-12-07T03:00:00Z 320 61 356 463 157 233 50 68
2013-12-07T04:00:00Z 330 58 357 452 161 246 35 77
2013-12-07T05:00:00Z 314 49 305 474 169 232 39 90
2013-12-07T06:00:00Z 338 52 303 450 177 206 34 87
2013-12-07T07:00:00Z 354 55 264 410 186 175 41 83
2013-12-07T08:00:00Z 357 50 281 353 199 188 45 113
2013-12-07T09:00:00Z 377 55 348 360 226 227 46 102
2013-12-07T10:00:00Z 413 60 378 316 264 234 54 98
2013-12-07T11:00:00Z 467 59 260 244 286 206 52 88
2013-12-07T12:00:00Z 497 39 204 243 289 215 52 98
2013-12-07T13:00:00Z 496 38 233 290 319 224 41 86
2013-12-07T14:00:00Z 479 34 319 304 322 246 39 101
2013-12-07T15:00:00Z 410 39 376 331 310 247 42 95
2013-12-07T16:00:00Z 397 49 401 375 296 268 60 103
2013-12-07T17:00:00Z 449 53 416 460 286 292 79 104
2013-12-07T18:00:00Z 451 73 601 480 292 298 117 109
2013-12-07T19:00:00Z 421 94 513 466 309 300 162 120
2013-12-07T20:00:00Z 412 94 425 457 312 285 163 140
2013-12-07T21:00:00Z 377 96 344 384 298 231 155 139
2013-12-07T22:00:00Z 394 101 245 351 287 213 108 147
2013-12-07T23:00:00Z 407 95 263 327 290 223 108 133
2013-12-08T00:00:00Z 410 96 281 341 278 236 85 164
2013-12-08T01:00:00Z 412 101 297 340 276 245 72 121
2013-12-08T02:00:00Z 416 93 305 345 285 250 73 136
2013-12-08T03:00:00Z 440 94 308 341 248 257 54 138
2013-12-08T04:00:00Z 351 92 282 338 232 287 60 142
2013-12-08T05:00:00Z 242 90 310 347 214 310 58 133
2013-12-08T06:00:00Z 162 84 287 358 204 326 28 136
2013-12-08T07:00:00Z 156 84 291 373 195 337 20 144
2013-12-22T19:00:00Z 278 109 454 222 136 267 140 115
2013-12-22T20:00:00Z 256 109 450 225 151 273 106 134
2013-12-22T21:00:00Z 244 103 472 247 155 299 102 179
2013-12-22T22:00:00Z 242 99 499 313 163 292 60 186
2013-12-22T23:00:00Z 257 98 532 366 183 317 53 177
2013-12-23T00:00:00Z 276 81 527 396 192 322 53 182
2013-12-23T01:00:00Z 288 78 536 423 189 308 79 169
2013-12-23T02:00:00Z 285 80 529 452 195 315 47 164
2013-12-23T03:00:00Z 294 80 517 472 207 302 44 162
2013-12-23T04:00:00Z 314 88 549 459 218 301 44 158
2013-12-23T05:00:00Z 344 81 535 464 231 302 46 159
2013-12-23T06:00:00Z 324 67 542 541 240 336 39 145
2013-12-23T07:00:00Z 344 84 606 572 256 375 43 150
2013-12-23T08:00:00Z 368 82 612 573 268 394 42 162
2013-12-23T09:00:00Z 368 98 617 524 293 446 50 163
2013-12-23T10:00:00Z 366 91 627 471 327 470 49 195
2013-12-23T11:00:00Z 321 80 596 412 358 559 54 198
2013-12-23T12:00:00Z 265 57 558 326 349 594 40 128
2013-12-23T13:00:00Z 234 48 662 363 294 578 33 57
2013-12-23T14:00:00Z -1 -1 -1 -1 -1 -1 -1 -1
2013-12-23T15:00:00Z 61 24 572 337 183 179 25 48
2013-12-23T16:00:00Z 74 21 588 251 184 139 25 57
2013-12-23T17:00:00Z 175 26 625 181 218 153 35 60
2013-12-23T18:00:00Z 190 43 604 198 264 148 43 56
2013-12-23T19:00:00Z 229 82 553 225 329 182 71 72
2013-12-23T20:00:00Z 234 75 549 265 377 171 67 126
2013-12-23T21:00:00Z 248 74 599 280 365 139 65 126
2013-12-23T22:00:00Z 249 67 604 314 330 122 78 103
2013-12-23T23:00:00Z 258 71 652 345 322 133 71 112
2013-12-24T00:00:00Z 292 74 656 376 330 137 59 93
2013-12-24T01:00:00Z 324 78 653 379 320 143 58 70
2013-12-24T02:00:00Z 349 77 561 394 287 163 47 59
2013-12-24T03:00:00Z 342 77 519 381 255 179 44 61
2013-12-24T04:00:00Z 339 76 470 379 263 144 47 51
2013-12-24T05:00:00Z 337 74 441 368 247 132 32 44
2013-12-24T06:00:00Z 299 72 415 363 232 108 31 55
2013-12-24T07:00:00Z 267 72 429 332 219 115 42 68
2013-12-24T08:00:00Z 255 80 432 309 204 135 49 76
2013-12-24T09:00:00Z 230 81 445 280 193 184 45 79
2013-12-24T10:00:00Z 346 101 468 272 190 183 54 78
2013-12-24T11:00:00Z 417 73 505 276 174 138 46 68
2013-12-24T12:00:00Z 410 65 526 247 143 123 43 50
2013-12-24T13:00:00Z 321 70 547 306 92 122 90 35
2013-12-24T14:00:00Z 243 59 497 335 80 126 60 32
2013-12-24T17:00:00Z 241 82 487 323 92 95 116 21
2013-12-24T18:00:00Z 286 80 519 373 96 106 131 28
2013-12-24T19:00:00Z 317 136 552 424 111 128 160 27
2013-12-24T20:00:00Z 391 132 552 430 123 122 140 32
2013-12-24T21:00:00Z -1 -1 -1 -1 -1 -1 -1 -1
2013-12-24T22:00:00Z 451 142 526 434 137 96 143 103
2013-12-24T23:00:00Z 466 128 539 444 150 108 124 135
2013-12-25T00:00:00Z 448 141 521 470 158 116 97 135
2013-12-25T01:00:00Z 471 127 524 495 159 122 96 144
2013-12-25T02:00:00Z 500 128 458 477 166 118 79 167
2013-12-25T03:00:00Z 471 131 483 507 197 115 78 151
2013-12-25T04:00:00Z 473 116 512 561 228 116 79 148
2013-12-25T05:00:00Z 475 128 561 544 241 117 67 150
2013-12-25T06:00:00Z 490 120 577 654 214 127 85 154
2014-01-15T18:00:00Z -1 -1 -1 -1 -1 -1 -1 -1
2014-01-15T19:00:00Z 475 55 582 478 278 379 97 114
2014-01-15T20:00:00Z 440 82 550 492 278 442 86 102
2014-01-15T23:00:00Z 429 84 602 508 260 403 70 231
2014-01-16T00:00:00Z 426 84 593 525 251 380 73 275
2014-01-16T01:00:00Z 433 89 605 562 254 369 68 325
2014-01-16T02:00:00Z 426 94 661 583 255 320 64 323
2014-01-16T03:00:00Z 435 82 616 595 268 293 47 303
2014-01-16T04:00:00Z 394 87 599 586 272 288 54 299
2014-01-16T05:00:00Z 401 82 576 559 270 233 69 313
2014-01-16T06:00:00Z 393 65 576 539 262 248 60 305
2014-01-16T07:00:00Z 365 68 569 539 229 357 69 246
2014-01-16T08:00:00Z 362 74 604 526 206 373 64 248
2014-01-16T09:00:00Z 400 73 555 531 205 379 61 233
2014-01-16T10:00:00Z 431 90 502 522 209 392 48 174
2014-01-16T11:00:00Z 452 85 439 502 215 421 41 159
2014-01-16T12:00:00Z 452 61 453 501 222 442 35 143
2014-01-16T13:00:00Z 421 58 483 463 236 408 24 153
2014-01-16T14:00:00Z -1 -1 -1 -1 -1 -1 -1 -1
2014-01-16T15:00:00Z 369 78 431 415 254 365 15 159
2014-01-16T16:00:00Z 350 97 388 414 263 323 12 165
2014-01-16T17:00:00Z 350 94 355 414 268 330 13 145
2014-01-16T18:00:00Z 370 120 369 472 275 483 24 114
2014-01-16T19:00:00Z 418 130 452 523 287 377 30 89
2014-01-16T20:00:00Z 420 150 584 577 212 326 51 69
2014-01-16T21:00:00Z 343 130 622 551 177 259 81 68
2014-01-16T22:00:00Z 292 107 571 565 167 190 68 73
2014-01-16T23:00:00Z 242 95 512 557 144 149 60 71
2014-01-17T00:00:00Z 221 79 450 529 114 122 49 73
2014-01-17T01:00:00Z 225 78 481 487 75 114 53 79
2014-01-17T02:00:00Z 187 87 547 544 55 106 47 62
2014-01-22T17:00:00Z 147 35 188 198 119 152 56 125
2014-01-22T18:00:00Z 158 56 204 227 128 175 97 121
2014-01-22T19:00:00Z 191 73 237 229 129 193 104 126
2014-01-22T20:00:00Z 221 55 253 312 149 198 111 123
2014-01-22T21:00:00Z 295 75 223 322 163 187 131 131
2014-01-22T22:00:00Z 312 72 279 348 165 202 106 134
2014-01-22T23:00:00Z 326 73 337 390 156 212 75 123
2014-01-23T00:00:00Z 303 72 315 430 142 205 66 137
2014-01-23T01:00:00Z 286 71 308 469 146 210 65 142
2014-01-23T02:00:00Z 274 84 287 437 140 240 66 147
2014-01-23T03:00:00Z 261 66 274 415 127 238 54 140
2014-01-23T04:00:00Z 251 76 268 379 123 232 56 130
2014-01-23T05:00:00Z 246 68 268 351 114 223 54 127
2014-01-23T06:00:00Z 245 68 268 282 114 215 46 142
2014-01-23T07:00:00Z 247 70 265 230 110 216 47 137
2014-01-23T08:00:00Z 240 75 266 239 107 219 52 108
2014-01-23T09:00:00Z 234 82 239 246 107 223 59 112
2014-01-23T10:00:00Z 277 80 239 228 104 225 80 131
2014-01-23T11:00:00Z 308 79 217 233 108 208 72 132
2014-01-23T12:00:00Z 284 81 250 256 106 184 84 147
2014-01-23T13:00:00Z 312 71 242 223 105 134 116 138
2014-01-23T14:00:00Z 301 79 229 219 107 117 110 151
2014-01-31T17:00:00Z 141 65 127 88 135 133 199 64
2014-01-31T18:00:00Z 140 61 140 122 138 132 215 65
2014-01-31T19:00:00Z 142 108 132 134 137 141 195 70
2014-01-31T20:00:00Z 147 97 131 136 140 143 194 69
2014-01-31T21:00:00Z 153 116 145 149 127 146 216 60
2014-01-31T22:00:00Z 159 117 143 155 115 126 216 50
2014-01-31T23:00:00Z 148 117 134 170 97 108 186 51
2014-02-01T04:00:00Z 150 114 148 161 74 83 165 37
2014-02-01T05:00:00Z 153 116 159 159 71 70 168 38
2014-02-01T06:00:00Z 143 106 171 152 63 73 175 35
2014-02-01T07:00:00Z -1 -1 -1 -1 -1 -1 -1 -1
2014-02-01T08:00:00Z 150 119 190 142 39 69 162 34
2014-02-01T09:00:00Z 152 131 193 131 35 64 160 36
2014-02-01T10:00:00Z 151 125 187 131 33 75 163 43
2014-02-12T18:00:00Z 131 19 338 246 150 133 15 76
2014-02-12T19:00:00Z 138 27 317 265 157 176 33 94
2014-02-12T20:00:00Z 163 46 334 277 149 168 69 99
2014-02-12T21:00:00Z 205 63 332 282 135 160 49 101
2014-02-12T22:00:00Z 230 54 323 290 126 145 59 95
2014-02-12T23:00:00Z 247 55 337 298 124 148 57 91
2014-02-13T00:00:00Z 214 56 355 334 124 141 53 99
2014-02-13T01:00:00Z 204 66 378 341 128 162 43 118
2014-02-13T02:00:00Z 211 53 388 351 124 142 40 105
2014-02-13T03:00:00Z 187 55 384 348 118 141 37 92
2014-02-13T04:00:00Z 168 58 406 341 108 135 32 85
2014-02-13T05:00:00Z 158 55 427 347 103 147 33 80
2014-02-13T06:00:00Z 152 48 401 374 104 141 33 73
2014-02-13T07:00:00Z 149 56 435 421 119 132 33 81
2014-02-13T08:00:00Z 154 53 452 337 137 125 42 82
2014-02-13T09:00:00Z 164 62 429 294 142 126 53 82
2014-02-13T10:00:00Z 168 66 462 294 132 136 58 74
2014-02-13T11:00:00Z 169 43 465 283 123 136 59 65
2014-02-13T12:00:00Z 166 46 465 284 120 121 99 62
2014-02-13T13:00:00Z 162 48 336 276 110 104 135 65
2014-02-13T14:00:00Z 178 64 284 269 81 99 134 73
2014-02-13T15:00:00Z 173 107 190 263 69 108 152 75
2014-02-13T16:00:00Z 188 125 149 263 65 113 162 67
2014-02-13T17:00:00Z 189 133 149 261 67 113 164 67
2014-02-13T18:00:00Z 179 142 149 287 65 102 190 62
2014-02-13T19:00:00Z 177 151 167 284 63 89 206 67
2014-02-13T20:00:00Z 234 168 172 298 62 88 236 80
2014-02-13T21:00:00Z 241 184 185 296 61 97 261 84
2014-02-13T22:00:00Z 211 182 191 306 63 101 251 82
2014-02-13T23:00:00Z 109 179 216 308 61 112 248 96
2014-02-14T00:00:00Z 99 174 262 312 59 105 250 100
2014-02-14T01:00:00Z 103 186 279 312 56 96 254 112
2014-02-14T02:00:00Z 113 177 355 339 58 106 260 113
2014-02-14T03:00:00Z 123 181 393 359 66 109 239 105
2014-02-14T04:00:00Z 139 185 406 367 77 105 242 106
2014-02-14T05:00:00Z 137 171 406 363 82 126 241 96
2014-02-14T06:00:00Z 137 160 394 374 91 118 242 94
2014-02-14T07:00:00Z 141 171 383 401 96 129 242 88
2014-02-14T08:00:00Z 137 174 381 408 101 141 258 89
2014-02-14T09:00:00Z 176 203 381 378 115 164 269 98
2014-02-14T10:00:00Z 225 207 379 375 141 191 301 99
2014-02-14T11:00:00Z 281 216 437 292 177 184 326 94
2014-02-14T12:00:00Z 264 213 434 345 198 175 328 88
2014-02-14T13:00:00Z 295 189 396 328 207 190 318 112
2014-02-14T14:00:00Z 302 185 339 306 217 171 251 114
2014-02-14T15:00:00Z 314 182 311 327 221 182 154 104
2014-02-14T16:00:00Z 310 185 302 372 222 203 141 132
2014-02-14T17:00:00Z 309 171 250 388 218 247 125 145
2014-02-14T18:00:00Z 333 168 220 357 215 275 127 165
2014-02-14T19:00:00Z 348 209 236 401 239 276 141 196
2014-02-14T20:00:00Z 431 250 264 471 282 323 216 233
2014-02-14T21:00:00Z 510 327 298 475 424 358 297 277
2014-02-14T22:00:00Z 572 297 329 472 430 347 326 296
2014-02-14T23:00:00Z 737 301 333 459 300 323 186 288
2014-02-15T00:00:00Z 581 288 333 477 252 292 114 257
2014-02-15T01:00:00Z 627 279 353 439 228 265 89 239
2014-02-15T02:00:00Z 550 267 368 402 222 268 75 242
2014-02-15T03:00:00Z 337 272 378 396 217 288 73 232
2014-02-15T04:00:00Z 500 263 390 455 208 267 66 231
2014-02-15T05:00:00Z 491 250 402 510 198 270 68 238
2014-02-15T06:00:00Z 465 226 399 473 185 263 64 230
2014-02-15T07:00:00Z 477 238 389 394 174 257 70 237
2014-02-15T08:00:00Z 555 235 407 397 168 241 85 241
2014-02-15T09:00:00Z 563 236 421 400 170 249 86 265
2014-02-15T10:00:00Z 587 244 436 365 175 285 69 288
2014-02-15T11:00:00Z 550 240 485 332 180 292 65 315
2014-02-15T12:00:00Z 508 234 494 481 186 286 64 307
2014-02-15T13:00:00Z 511 204 527 444 191 275 67 268
2014-02-15T14:00:00Z 501 206 526 429 186 266 80 226
2014-02-15T15:00:00Z 499 226 538 411 179 244 89 204
2014-02-15T16:00:00Z 459 232 489 423 177 238 71 171
2014-02-15T17:00:00Z 404 235 466 447 173 230 54 173
2014-02-15T18:00:00Z 387 243 523 453 171 202 67 183
2014-02-15T19:00:00Z 408 267 562 444 172 186 85 179
2014-02-15T20:00:00Z 427 281 559 437 188 199 120 194
2014-02-15T21:00:00Z 457 282 547 431 210 225 85 209
2014-02-15T22:00:00Z 450 282 557 438 247 244 51 204
2014-02-15T23:00:00Z 453 288 626 434 252 273 32 211
2014-02-16T00:00:00Z 467 270 655 438 254 304 31 217
2014-02-16T01:00:00Z 459 270 678 434 256 303 30 211
2014-02-16T02:00:00Z 464 276 679 433 264 324 29 223
2014-02-16T03:00:00Z 470 268 683 455 269 336 32 224
2014-02-16T04:00:00Z 465 261 706 453 267 355 33 215
2014-02-16T05:00:00Z 450 255 674 448 260 344 29 185
2014-02-16T06:00:00Z 452 241 655 407 247 296 29 180
2014-03-23T08:00:00Z 150 53 114 118 169 289 38 117
2014-03-23T09:00:00Z 165 52 102 116 184 306 35 137
2014-03-23T10:00:00Z 171 45 105 130 196 269 37 102
2014-03-23T11:00:00Z 180 32 104 129 199 199 43 89
2014-03-23T15:00:00Z 148 50 115 122 159 145 51 94
2014-03-23T16:00:00Z 168 50 131 130 152 153 51 111
2014-03-23T17:00:00Z 172 54 135 100 167 136 55 100
2014-03-23T18:00:00Z 153 75 124 91 171 155 71 120
2014-03-23T19:00:00Z 136 97 99 105 171 164 93 129
2014-03-23T20:00:00Z 190 90 105 134 171 165 102 134
2014-03-23T21:00:00Z 214 125 98 147 173 148 102 128
2014-03-23T22:00:00Z 217 142 90 140 173 193 96 151
2014-03-23T23:00:00Z 216 141 80 142 172 194 102 152
2014-03-24T00:00:00Z 214 130 90 175 169 207 104 154
2014-03-24T01:00:00Z 225 126 92 169 171 206 108 150
2014-03-24T02:00:00Z 234 135 108 159 175 215 94 153
2014-03-24T03:00:00Z 240 132 112 163 174 225 109 163
2014-03-24T04:00:00Z 231 128 123 156 171 227 124 158
2014-03-24T05:00:00Z 239 127 130 149 180 232 119 165
2014-03-24T06:00:00Z 220 129 142 155 179 232 127 148
2014-03-24T07:00:00Z 225 141 147 176 182 247 122 155
2014-03-24T08:00:00Z 255 151 140 168 179 258 112 180
2014-03-24T09:00:00Z 251 157 146 161 185 265 100 172
2014-03-24T10:00:00Z 245 142 154 165 162 253 92 176
2014-03-24T11:00:00Z 184 140 158 189 132 222 91 173
2014-03-24T12:00:00Z 176 133 160 175 118 185 94 158
2014-03-24T13:00:00Z 173 113 174 181 101 118 96 158
2014-03-24T14:00:00Z 141 94 150 175 90 79 91 149
2014-03-24T15:00:00Z 147 70 114 175 79 76 63 149
2014-03-24T16:00:00Z 147 44 106 186 89 76 50 155
2014-03-24T17:00:00Z 144 39 106 166 83 76 38 124
2014-03-24T18:00:00Z 150 52 112 164 87 105 32 126
2014-03-24T19:00:00Z 174 67 95 181 84 117 27 134
2014-03-24T23:00:00Z 226 148 94 170 122 156 45 159
2014-03-25T00:00:00Z 239 151 104 173 136 144 39 174
2014-03-25T01:00:00Z 237 143 110 160 142 134 33 148
2014-03-25T02:00:00Z 202 147 122 150 148 139 27 150
2014-03-25T03:00:00Z 178 150 118 152 151 155 24 158
2014-03-25T04:00:00Z 163 157 131 153 152 147 20 162
2014-03-25T05:00:00Z 163 161 137 149 160 163 21 175
2014-03-25T06:00:00Z 162 157 137 156 165 187 18 196
2014-03-25T07:00:00Z 199 152 148 200 178 202 15 185
2014-03-25T08:00:00Z 208 142 150 230 197 259 27 200
2014-03-25T09:00:00Z 225 130 168 253 210 288 20 205
2014-03-25T10:00:00Z 260 130 167 255 213 277 21 223
2014-03-25T11:00:00Z 274 121 176 251 205 225 24 227
2014-03-25T12:00:00Z 279 124 174 266 193 206 26 224
2014-03-25T13:00:00Z -1 -1 -1 -1 -1 -1 -1 -1
2014-03-25T14:00:00Z 185 117 191 206 163 128 29 202
2014-03-25T15:00:00Z -1 -1 -1 -1 -1 -1 -1 -1
2014-03-25T16:00:00Z 117 39 179 133 159 149 18 194
2014-03-25T17:00:00Z 112 38 184 137 153 157 17 180
2014-03-25T18:00:00Z 111 53 181 156 153 164 13 175
2014-03-25T19:00:00Z 123 81 167 175 163 202 17 179
2014-03-25T20:00:00Z 144 87 170 153 175 192 38 173
2014-03-25T21:00:00Z 165 111 171 157 205 217 66 147
2014-03-25T22:00:00Z 169 115 183 163 210 251 41 115
2014-03-25T23:00:00Z 178 150 181 179 208 253 32 95
2014-03-26T00:00:00Z 187 165 186 170 203 235 43 84
2014-03-26T01:00:00Z 213 155 191 195 209 204 39 90
2014-03-26T02:00:00Z 224 163 189 204 217 212 36 84
2014-03-26T03:00:00Z 231 169 197 195 224 238 35 88
2014-03-26T04:00:00Z 276 166 203 199 228 229 24 68
2014-03-26T05:00:00Z 293 166 213 202 230 223 20 75
2014-03-26T06:00:00Z 285 159 217 221 236 225 21 60
2014-03-26T07:00:00Z 261 150 218 223 242 225 29 56
2014-03-26T08:00:00Z 261 164 217 221 249 239 26 61
2014-03-26T09:00:00Z 302 166 226 229 255 243 27 75
2014-03-26T10:00:00Z 288 157 227 237 252 262 25 70
2014-03-26T11:00:00Z 294 141 246 247 236 268 23 69
2014-03-26T12:00:00Z 287 154 258 255 205 281 26 76
2014-03-26T13:00:00Z 259 157 274 252 192 269 35 70
2014-03-26T14:00:00Z -1 -1 -1 -1 -1 -1 -1 -1
2014-03-26T15:00:00Z 201 118 272 236 151 210 23 81
2014-03-26T16:00:00Z 204 104 287 243 147 246 15 136
2014-03-26T17:00:00Z 195 101 261 252 140 235 11 153
2014-03-26T18:00:00Z 223 84 237 251 148 255 9 166
2014-03-26T19:00:00Z 237 128 169 281 157 269 19 184
2014-03-26T20:00:00Z 264 176 147 301 175 272 16 216
2014-03-26T21:00:00Z 263 214 158 341 193 278 22 254
2014-03-26T22:00:00Z 252 218 170 255 199 306 26 267
2014-03-26T23:00:00Z 273 211 168 200 197 322 29 298
2014-03-27T00:00:00Z 235 212 164 180 184 332 15 296
2014-03-27T01:00:00Z 198 207 168 213 175 315 10 308
2014-03-27T02:00:00Z 180 213 179 205 180 307 12 298
2014-03-27T03:00:00Z 180 191 190 195 182 367 14 267
2014-03-27T04:00:00Z 182 166 195 212 184 376 9 208
2014-03-27T05:00:00Z 183 153 201 193 189 377 19 183
2014-03-27T06:00:00Z 202 106 210 214 195 404 15 153
2014-03-27T07:00:00Z 215 109 209 288 195 444 9 154
2014-03-27T08:00:00Z 235 96 213 309 193 361 16 138
2014-03-27T09:00:00Z 241 87 232 255 200 213 14 137
2014-03-27T10:00:00Z 253 59 261 261 193 136 14 126
2014-03-27T11:00:00Z -1 -1 -1 -1 -1 -1 -1 -1
2014-03-27T12:00:00Z 274 32 289 272 161 65 116 61
2014-03-27T13:00:00Z 260 43 293 251 152 46 87 48
2014-10-29T16:00:00Z 105 70 163 110 123 143 27 78
2014-10-29T17:00:00Z 109 64 165 108 122 170 54 57
2014-10-29T18:00:00Z 117 77 161 115 124 162 33 58
2014-10-29T19:00:00Z 146 92 174 125 137 174 56 66
2014-10-29T20:00:00Z 169 109 184 150 151 175 60 94
2014-10-29T21:00:00Z 180 113 184 175 156 181 35 129
2014-10-29T22:00:00Z 170 119 186 202 151 202 34 140
2014-10-29T23:00:00Z 171 108 182 200 145 199 45 144
2014-10-30T00:00:00Z -1 -1 -1 -1 -1 -1 -1 -1
2014-10-30T01:00:00Z 183 96 175 155 144 169 49 138
2014-10-30T02:00:00Z 181 87 175 152 148 164 47 158
2014-10-30T03:00:00Z 178 88 174 158 153 178 44 164
2014-10-30T04:00:00Z 174 91 173 151 152 166 40 161
2014-10-30T05:00:00Z 183 94 177 153 150 182 35 163
2014-10-30T06:00:00Z 179 100 177 161 151 190 33 145
2014-10-30T07:00:00Z 181 114 179 177 154 228 44 140
2014-10-30T08:00:00Z 182 106 173 189 157 254 45 133
2014-10-30T09:00:00Z 200 109 178 219 165 244 50 163
2014-10-30T10:00:00Z 210 124 180 237 185 251 31 173
2014-10-30T11:00:00Z 209 122 175 247 196 282 41 161
2014-10-30T12:00:00Z -1 -1 -1 -1 -1 -1 -1 -1
2014-10-30T13:00:00Z 218 134 185 236 182 260 54 105
2014-10-30T14:00:00Z 207 126 201 185 159 193 34 73
2014-10-30T15:00:00Z -1 -1 -1 -1 -1 -1 -1 -1
2014-10-30T16:00:00Z 208 124 224 164 138 171 58 74
2014-10-30T17:00:00Z 231 124 233 165 122 184 56 67
2014-10-30T18:00:00Z 264 120 237 188 108 183 77 71
2014-10-30T19:00:00Z 283 132 231 203 114 207 83 61
2014-10-30T20:00:00Z 298 133 239 194 113 253 54 43
2014-10-30T21:00:00Z 293 148 239 195 116 253 46 34
2014-10-30T22:00:00Z 265 134 242 196 108 279 49 29
2014-10-30T23:00:00Z 254 142 240 184 103 228 66 29
2014-10-31T00:00:00Z 242 137 234 181 105 193 51 34
2014-10-31T01:00:00Z 234 129 228 186 111 162 53 33
2014-10-31T02:00:00Z 230 128 232 199 117 132 60 121
2014-10-31T05:00:00Z 246 95 238 198 122 94 51 205
2014-10-23T18:00:00Z 236 124 324 222 234 222 36 144
2014-10-23T19:00:00Z 247 133 327 283 234 212 41 141
2014-10-23T20:00:00Z 274 130 335 326 235 210 76 142
2014-10-23T21:00:00Z 276 156 342 331 244 221 38 132
2014-10-23T22:00:00Z 269 143 351 329 250 220 38 155
2014-10-23T23:00:00Z -1 -1 -1 -1 -1 -1 -1 -1
2014-10-24T00:00:00Z 267 128 337 332 245 227 41 132
2014-10-24T01:00:00Z 285 126 327 320 228 217 49 165
2014-10-24T02:00:00Z 296 123 320 305 221 222 21 166
2014-10-24T03:00:00Z 288 141 300 298 216 235 19 160
2014-10-24T04:00:00Z 283 133 288 283 210 227 22 179
2014-10-24T05:00:00Z 265 133 278 256 197 231 50 182
2014-10-24T06:00:00Z 246 145 263 219 189 229 22 168
2014-10-24T07:00:00Z 244 137 -1 216 181 -1 70 -1
2014-10-24T08:00:00Z 214 148 258 206 173 235 17 179
2014-10-24T09:00:00Z 193 146 274 196 175 215 19 173
2014-10-24T10:00:00Z 202 139 324 193 184 178 21 148
2014-10-24T11:00:00Z 222 152 358 200 202 163 30 139
2014-10-24T12:00:00Z 256 154 381 240 224 167 22 145
2014-10-24T13:00:00Z 285 159 433 278 247 164 17 148
2014-10-24T14:00:00Z 296 147 442 291 259 186 26 140
2014-10-24T15:00:00Z 288 145 446 303 264 205 17 142
2014-10-24T16:00:00Z 288 165 420 322 280 206 15 132
2014-10-24T17:00:00Z 293 169 385 345 285 208 12 137
2014-10-24T18:00:00Z 297 166 300 358 286 225 17 130
2014-10-24T19:00:00Z 304 170 299 370 290 255 31 145
2014-10-24T20:00:00Z 317 192 288 384 294 235 35 144
2014-10-24T21:00:00Z 324 185 307 396 296 234 30 160
2014-10-24T22:00:00Z -1 -1 338 -1 -1 236 -1 157
2014-10-24T23:00:00Z 310 173 -1 386 274 -1 20 -1
2014-10-25T00:00:00Z 296 167 328 384 253 226 24 168
2014-10-25T01:00:00Z 283 166 318 362 235 209 16 178
2014-10-25T02:00:00Z 275 157 313 344 210 212 17 176
2014-10-25T03:00:00Z 267 156 296 327 192 206 13 192
2014-10-25T04:00:00Z 253 146 263 300 165 197 11 161
2014-10-25T05:00:00Z 248 158 226 285 151 197 25 170
2014-10-25T06:00:00Z 252 141 208 286 149 175 14 180
2014-10-07T16:00:00Z 182 36 241 208 146 79 16 109
2014-10-07T17:00:00Z 184 38 279 215 150 85 19 103
2014-10-07T18:00:00Z 203 44 274 219 148 91 24 103
2014-10-07T19:00:00Z 230 55 269 226 152 86 34 119
2014-10-07T20:00:00Z 269 82 282 250 159 98 42 132
2014-10-07T21:00:00Z 283 105 309 281 168 101 43 126
2014-10-07T22:00:00Z 282 86 325 324 165 108 40 133
2014-10-07T23:00:00Z 295 79 299 344 172 120 35 130
2014-10-08T00:00:00Z 300 92 284 340 182 114 32 131
2014-10-08T01:00:00Z 311 93 270 354 194 112 27 128
2014-10-08T02:00:00Z 330 83 255 381 203 112 22 130
2014-10-08T03:00:00Z 326 100 237 385 202 117 18 127
2014-10-08T04:00:00Z 344 105 226 358 204 112 18 167
2014-10-08T05:00:00Z 331 98 218 337 207 116 16 89
2014-10-08T06:00:00Z 331 94 214 335 200 118 14 118
2014-10-08T07:00:00Z 316 89 208 350 204 135 21 111
2014-10-08T08:00:00Z 317 94 214 325 200 133 23 110
2014-10-08T09:00:00Z 334 93 228 317 201 152 23 110
2014-10-08T10:00:00Z 310 100 278 319 197 140 20 108
2014-10-08T11:00:00Z -1 -1 -1 -1 -1 -1 -1 -1
2014-10-08T12:00:00Z 325 101 289 312 163 145 45 120
2014-10-08T13:00:00Z 315 105 278 323 152 126 58 154
2014-10-08T14:00:00Z 312 110 261 345 134 118 59 115
2014-10-08T15:00:00Z 278 138 289 383 124 146 54 96
2014-10-08T16:00:00Z 226 149 323 357 113 132 46 84
2014-10-08T17:00:00Z 197 176 343 322 105 127 44 112
2014-10-08T18:00:00Z 195 193 365 334 107 118 45 155
2014-10-08T19:00:00Z 208 209 351 355 111 141 74 111
2014-10-08T20:00:00Z 252 194 357 411 121 150 67 114
2014-10-08T21:00:00Z 272 196 369 456 135 172 77 123
2014-10-08T22:00:00Z 297 211 375 468 141 181 114 141
2014-10-08T23:00:00Z 300 194 388 481 147 178 56 140
2014-10-09T00:00:00Z 292 180 387 483 153 170 44 210
2014-10-09T01:00:00Z 287 201 381 489 156 144 36 157
2014-10-09T02:00:00Z 273 206 402 479 162 131 36 162
2014-10-09T03:00:00Z 268 177 408 473 169 133 50 143
2014-10-09T04:00:00Z 240 182 401 485 175 119 51 120
2014-10-09T05:00:00Z 231 182 386 470 181 126 51 113
2014-10-09T06:00:00Z 253 191 370 456 183 133 50 107
2014-10-09T07:00:00Z 245 185 368 423 190 145 51 117
2014-10-09T08:00:00Z 248 185 362 418 197 150 52 183
2014-10-09T09:00:00Z 244 185 348 388 207 163 57 93
2014-10-09T10:00:00Z 266 195 347 361 216 190 56 109
2014-10-09T11:00:00Z 278 223 356 385 219 178 73 160
2014-10-09T12:00:00Z 310 212 374 422 192 198 98 173
2014-10-09T13:00:00Z 313 225 356 427 157 211 101 148
2014-10-09T14:00:00Z 281 243 367 403 138 177 76 130
2014-10-09T15:00:00Z 237 256 382 333 133 174 72 118
2014-10-09T16:00:00Z -1 -1 -1 -1 -1 -1 -1 -1
2014-10-09T17:00:00Z 228 256 396 303 146 180 74 127
2014-10-09T18:00:00Z 201 246 410 305 153 189 82 144
2014-10-09T19:00:00Z 240 262 422 314 156 246 77 153
2014-10-09T20:00:00Z 280 267 442 347 170 249 92 154
2014-10-09T21:00:00Z 284 266 447 375 183 261 99 181
2014-10-09T22:00:00Z 307 254 423 404 188 259 91 186
2014-10-09T23:00:00Z 313 250 392 403 194 264 90 221
2014-10-10T00:00:00Z 316 243 321 378 194 265 81 206
2014-10-10T01:00:00Z 311 234 361 388 196 255 71 186
2014-10-10T02:00:00Z 288 236 361 396 197 277 69 173
2014-10-10T03:00:00Z 291 213 354 393 196 281 67 152
2014-10-10T04:00:00Z 298 209 341 386 196 293 55 118
2014-10-10T05:00:00Z 298 211 334 380 199 301 63 80
2014-10-10T08:00:00Z 277 196 317 368 210 243 62 60
2014-10-10T09:00:00Z 281 192 307 356 218 207 64 68
2014-10-10T10:00:00Z 305 208 311 347 220 196 69 71
2014-10-10T11:00:00Z 300 222 313 345 208 200 63 69
2014-10-10T12:00:00Z 287 220 307 345 192 185 68 111
2014-10-10T13:00:00Z 257 210 316 328 183 182 51 55
2014-10-10T14:00:00Z -1 -1 -1 -1 -1 -1 -1 -1
2014-10-10T15:00:00Z 214 196 284 287 139 197 45 64
2014-10-10T16:00:00Z 217 201 214 245 147 196 44 66
2014-10-10T17:00:00Z 224 209 178 209 142 168 49 67
2014-10-10T18:00:00Z 241 212 159 208 149 171 56 76
2014-10-10T19:00:00Z 251 226 153 219 161 189 61 94
2014-10-10T20:00:00Z 251 232 167 248 168 200 64 86
2014-10-10T21:00:00Z 257 230 189 278 168 199 69 105
2014-10-10T22:00:00Z 264 227 197 321 156 217 54 111
