2013-06-04T07:00:00Z 152 27 296 307 95 106 60 35
2013-06-04T08:00:00Z 144 25 307 299 85 107 82 29
2013-06-04T09:00:00Z 121 20 298 209 75 103 80 29
2013-06-04T10:00:00Z 103 16 289 259 72 59 116 19
2013-06-04T11:00:00Z 91 20 305 218 75 53 96 19
2013-06-04T12:00:00Z 92 22 330 168 68 54 117 24
2013-06-04T13:00:00Z 84 26 278 194 69 51 127 40
2013-06-04T14:00:00Z 77 32 293 151 75 64 105 45
2013-06-04T15:00:00Z 83 38 275 120 77 59 80 60
2013-06-04T16:00:00Z 68 40 234 100 78 64 101 60
2013-06-04T17:00:00Z 68 34 198 111 77 73 132 41
2013-06-04T18:00:00Z 79 41 147 113 70 87 95 40
2013-06-04T19:00:00Z 76 50 120 110 62 91 104 36
2013-06-04T20:00:00Z 71 57 117 93 68 66 68 45
2013-06-04T21:00:00Z 71 52 118 97 76 60 85 37
2013-06-04T22:00:00Z 67 57 118 118 69 63 69 37
2013-06-04T23:00:00Z 56 50 101 105 60 79 100 39
2013-06-05T00:00:00Z 57 41 88 102 59 88 125 34
2013-06-05T01:00:00Z 64 43 111 109 64 88 85 38
2013-06-05T02:00:00Z 61 46 107 113 74 90 59 36
2013-06-05T03:00:00Z 58 48 94 116 78 75 26 41
2013-06-05T04:00:00Z 61 53 106 123 92 96 25 44
2013-06-05T05:00:00Z 63 60 102 110 84 88 35 42
2013-06-05T06:00:00Z 75 42 108 106 73 97 40 32
2013-06-08T14:00:00Z 124 236 219 121 110 81 52 29
2013-06-08T15:00:00Z 115 236 228 124 111 71 48 30
2013-06-08T16:00:00Z 127 254 245 136 111 61 48 32
2013-06-08T17:00:00Z 130 242 269 147 105 60 45 30
2013-06-08T18:00:00Z 125 87 273 153 89 54 51 29
2013-06-08T19:00:00Z 126 96 275 143 71 207 60 31
2013-06-08T20:00:00Z 139 109 265 150 70 63 63 32
2013-06-08T21:00:00Z 149 103 261 152 62 57 51 26
2013-06-08T22:00:00Z 141 106 237 168 58 71 38 28
2013-06-08T23:00:00Z 109 112 224 174 57 69 25 28
2013-06-09T00:00:00Z 90 114 211 164 58 103 14 36
2013-06-09T01:00:00Z 78 119 205 181 61 81 11 41
2013-06-09T02:00:00Z 72 120 210 177 61 114 19 48
2013-06-09T03:00:00Z 67 114 192 173 65 164 24 52
2013-06-09T04:00:00Z 74 107 190 167 68 153 13 57
2013-06-09T05:00:00Z 75 123 189 170 73 144 15 52
2013-06-09T06:00:00Z 74 104 172 170 79 141 15 59
2013-06-09T07:00:00Z 89 57 137 162 83 182 15 60
2013-06-09T08:00:00Z 99 26 132 159 90 175 14 65
2013-06-09T09:00:00Z 110 19 140 155 97 140 13 68
2013-06-09T10:00:00Z 107 16 160 148 108 129 13 61
2013-06-09T11:00:00Z 24 16 172 18 112 97 12 52
2013-06-09T12:00:00Z 14 18 119 16 87 96 12 49
2013-06-09T13:00:00Z 10 12 22 94 44 118 11 45
2013-06-16T08:00:00Z 163 103 226 269 166 133 146 37
2013-06-16T09:00:00Z 173 104 246 299 166 100 167 40
2013-06-16T10:00:00Z 178 102 243 363 193 106 167 42
2013-06-16T11:00:00Z 202 86 233 421 224 108 168 42
2013-06-16T12:00:00Z 228 100 236 371 265 105 174 41
2013-06-16T13:00:00Z 237 108 242 350 273 120 160 44
2013-06-16T14:00:00Z 256 99 211 356 262 135 158 39
2013-06-16T15:00:00Z 226 96 182 287 247 144 143 42
2013-06-16T16:00:00Z 176 97 138 248 217 159 151 49
2013-06-16T17:00:00Z 186 99 115 232 209 184 155 47
2013-06-16T18:00:00Z 196 101 117 226 205 205 157 48
2013-06-16T19:00:00Z 201 104 229 232 196 208 149 50
2013-06-16T20:00:00Z 201 83 323 237 187 207 105 59
2013-06-16T21:00:00Z 196 15 324 234 190 201 55 59
2013-06-16T22:00:00Z 208 11 344 243 197 203 26 72
2013-06-16T23:00:00Z 211 7 356 243 178 207 21 53
2013-06-17T00:00:00Z 205 10 374 239 170 207 17 47
2013-06-17T01:00:00Z 202 9 374 238 159 202 16 49
2013-06-17T02:00:00Z 196 7 352 240 157 191 18 43
2013-06-17T03:00:00Z 186 9 325 239 175 167 28 46
2013-06-17T04:00:00Z 144 9 299 222 169 181 34 48
2013-06-17T05:00:00Z 98 11 274 205 186 209 20 43
2013-06-17T06:00:00Z 62 12 265 157 202 162 17 32
2013-06-17T07:00:00Z 51 14 271 132 198 122 11 32
2013-06-17T08:00:00Z 40 26 269 104 165 114 12 25
2013-06-17T09:00:00Z 33 22 242 70 142 98 10 22
2013-06-17T10:00:00Z 55 15 239 68 125 103 9 21
2013-07-19T10:00:00Z 114 91 104 69 80 105 12 36
2013-07-19T11:00:00Z 101 87 113 86 77 102 8 35
2013-07-19T12:00:00Z 101 90 131 93 77 101 28 32
2013-07-19T13:00:00Z 89 90 119 91 91 116 4 43
2013-07-19T14:00:00Z 85 87 111 93 90 134 3 43
2013-07-19T15:00:00Z 85 83 106 95 100 119 3 36
2013-07-19T16:00:00Z 88 69 107 85 98 110 6 36
2013-07-19T17:00:00Z 92 34 100 92 104 93 7 39
2013-07-19T18:00:00Z 74 47 107 83 114 95 5 47
2013-07-19T19:00:00Z 105 17 108 99 115 106 7 43
2013-07-19T20:00:00Z 98 12 116 113 117 114 10 44
2013-07-19T21:00:00Z 114 15 125 120 123 114 14 46
2013-07-19T22:00:00Z 125 20 124 135 129 131 44 65
2013-07-19T23:00:00Z 130 21 134 141 130 147 29 106
2013-07-20T00:00:00Z 133 19 136 152 131 154 27 119
2013-07-20T01:00:00Z 126 15 121 166 133 162 25 64
2013-07-20T02:00:00Z 128 17 135 163 137 177 21 50
2013-07-20T03:00:00Z 144 20 135 168 146 186 18 46
2013-07-20T04:00:00Z 153 18 170 155 149 148 15 38
2013-07-20T05:00:00Z 150 18 160 165 140 75 15 31
2013-07-20T06:00:00Z 152 16 168 183 154 88 11 13
2013-07-20T07:00:00Z 161 14 165 187 165 79 16 18
2013-07-20T08:00:00Z 176 14 171 196 175 88 19 19
2013-07-20T09:00:00Z 179 14 154 170 171 87 18 17
2013-07-20T10:00:00Z 188 14 152 105 129 45 11 11
2013-08-16T10:00:00Z 105 27 165 205 84 143 114 48
2013-08-16T11:00:00Z 136 33 118 234 82 128 49 66
2013-08-16T12:00:00Z 162 34 95 165 80 106 47 79
2013-08-16T13:00:00Z 164 34 84 124 77 91 33 92
2013-08-16T14:00:00Z 172 44 104 109 80 94 24 96
2013-08-16T15:00:00Z 181 57 92 107 84 98 22 93
2013-08-16T16:00:00Z 181 73 106 117 84 108 24 101
2013-08-16T17:00:00Z 192 66 106 115 81 109 21 121
2013-08-16T18:00:00Z 212 79 118 111 81 83 24 133
2013-08-16T22:00:00Z 195 88 115 55 75 194 47 50
2013-08-16T23:00:00Z 114 76 36 51 86 214 39 55
2013-08-17T00:00:00Z 67 78 42 51 97 211 41 67
2013-08-17T01:00:00Z 67 65 49 48 136 219 25 91
2013-08-17T02:00:00Z 66 63 55 53 151 224 14 90
2013-08-17T03:00:00Z 68 37 59 49 158 223 16 72
2013-08-17T04:00:00Z 73 39 67 58 146 225 23 88
2013-08-17T05:00:00Z 93 40 56 58 150 223 35 78
2013-08-17T06:00:00Z 109 34 41 71 136 211 52 89
2013-08-17T07:00:00Z 111 47 35 67 98 197 65 95
2013-08-17T08:00:00Z 68 48 40 73 96 195 70 108
2013-08-17T09:00:00Z 42 35 38 61 63 210 40 100
2013-08-17T10:00:00Z -1 -1 -1 -1 -1 -1 -1 -1
2013-08-17T11:00:00Z 24 24 22 36 40 115 15 63
2013-08-17T12:00:00Z 30 18 18 31 38 61 15 52
2013-09-12T16:00:00Z 183 46 223 121 142 102 46 46
2013-09-12T17:00:00Z 178 54 247 127 144 87 72 48
2013-09-12T18:00:00Z 174 82 219 105 157 57 79 45
2013-09-12T19:00:00Z 176 94 145 110 177 74 107 52
2013-09-12T20:00:00Z -1 -1 -1 -1 -1 -1 -1 -1
2013-09-12T21:00:00Z 205 174 166 126 185 105 120 72
2013-09-12T22:00:00Z 221 93 180 134 182 119 61 90
2013-09-12T23:00:00Z 221 103 197 129 184 172 25 98
2013-09-13T00:00:00Z 205 52 207 97 181 171 37 94
2013-09-13T01:00:00Z 109 27 223 25 176 200 33 102
2013-09-13T02:00:00Z 24 17 206 27 119 221 40 73
2013-09-13T03:00:00Z 32 16 186 39 46 191 50 86
2013-09-13T04:00:00Z 28 18 186 37 40 188 49 119
2013-09-13T05:00:00Z 26 23 174 41 43 181 47 155
2013-09-13T06:00:00Z 26 19 206 47 45 115 45 54
2013-09-13T07:00:00Z 30 17 235 53 54 105 48 48
2013-09-13T08:00:00Z 33 15 255 81 63 103 48 52
2013-09-13T09:00:00Z 36 17 236 91 91 100 45 56
2013-09-13T10:00:00Z 65 19 193 103 101 90 27 82
2013-09-13T11:00:00Z 101 22 201 122 95 91 31 123
2013-09-13T12:00:00Z 127 22 237 109 98 92 25 98
2013-09-13T13:00:00Z 133 22 209 144 107 67 28 95
2013-10-06T21:00:00Z 168 74 207 188 70 103 146 45
2013-10-06T22:00:00Z 175 84 234 187 62 87 162 69
2013-10-06T23:00:00Z 174 80 255 181 58 83 162 75
2013-10-07T00:00:00Z 158 74 262 168 51 84 150 74
2013-10-07T01:00:00Z 123 72 290 177 43 96 143 73
2013-10-07T02:00:00Z 118 86 322 178 46 115 139 59
2013-10-07T03:00:00Z 126 84 324 178 43 123 146 46
2013-10-07T04:00:00Z 136 81 310 176 49 131 66 50
2013-10-07T05:00:00Z 152 84 301 171 57 151 12 56
2013-10-07T06:00:00Z 151 88 317 162 67 173 8 60
2013-10-07T07:00:00Z 145 85 319 165 73 215 8 59
2013-10-07T08:00:00Z 139 85 322 165 77 235 9 68
2013-10-07T09:00:00Z 142 93 340 168 83 226 9 75
2013-10-07T10:00:00Z 150 98 339 174 87 202 9 86
2013-10-07T11:00:00Z 132 64 297 182 89 171 6 91
2013-10-07T12:00:00Z 76 25 272 167 89 135 4 73
2013-10-07T13:00:00Z 46 18 234 131 88 62 6 63
2013-10-07T14:00:00Z 32 16 241 101 85 54 6 53
2013-10-07T15:00:00Z 19 13 253 87 82 60 11 45
2013-10-07T16:00:00Z 14 13 224 70 68 76 9 37
2013-10-07T17:00:00Z 11 13 257 49 70 99 8 27
2013-10-09T20:00:00Z 98 79 252 283 88 82 61 74
2013-10-09T21:00:00Z 102 82 264 288 95 89 61 80
2013-10-09T22:00:00Z 107 84 277 290 102 97 62 84
2013-10-09T23:00:00Z 111 87 290 292 109 105 63 90
2013-10-10T00:00:00Z 117 89 299 295 116 113 62 95
2013-10-10T01:00:00Z 123 92 308 298 123 122 64 100
2013-10-10T02:00:00Z 128 95 315 300 129 129 66 102
2013-10-10T03:00:00Z 133 97 321 299 136 136 69 106
2013-10-10T04:00:00Z 139 100 327 296 144 144 69 108
2013-10-10T05:00:00Z 142 102 332 294 150 149 69 111
2013-10-10T06:00:00Z 145 105 337 291 156 155 70 114
2013-10-10T07:00:00Z 147 108 342 290 162 160 69 118
2013-10-10T08:00:00Z 148 110 343 288 169 165 68 122
2013-10-10T09:00:00Z 149 112 339 286 176 170 67 127
2013-10-10T10:00:00Z 152 114 333 281 183 174 66 132
2013-10-10T11:00:00Z 153 116 326 271 190 181 65 137
2013-10-10T12:00:00Z 151 114 318 258 192 190 62 142
2013-10-10T13:00:00Z 157 111 308 246 190 198 59 148
2013-10-10T14:00:00Z 153 108 296 235 174 200 55 155
2013-10-10T15:00:00Z 149 105 283 224 172 199 52 161
2013-10-10T16:00:00Z 144 102 270 212 167 197 48 167
2013-10-10T17:00:00Z 138 98 259 202 160 194 44 170
2013-10-10T18:00:00Z 18 10 46 17 21 16 33 68
2013-10-17T20:00:00Z 178 85 242 271 123 143 80 109
2013-10-17T21:00:00Z 190 75 252 264 118 168 91 94
2013-10-17T22:00:00Z 162 88 275 252 114 173 80 121
2013-10-17T23:00:00Z -1 -1 -1 -1 -1 -1 -1 -1
2013-10-18T00:00:00Z 141 80 317 259 119 147 88 111
2013-10-18T01:00:00Z -1 -1 -1 -1 -1 -1 -1 -1
2013-10-18T02:00:00Z -1 -1 -1 -1 -1 -1 -1 -1
2013-10-18T03:00:00Z -1 -1 -1 -1 -1 -1 -1 -1
2013-10-19T09:00:00Z 60 39 304 244 206 292 20 181
2013-10-19T10:00:00Z 18 30 270 219 163 262 15 210
2013-10-19T11:00:00Z 16 21 120 200 120 262 13 242
2013-10-19T12:00:00Z 11 16 36 150 83 276 13 212
2013-10-19T13:00:00Z 11 12 24 117 63 258 13 212
2013-10-19T14:00:00Z 9 8 22 81 51 132 11 208
2013-10-19T15:00:00Z 9 8 14 55 43 123 27 205
2013-10-19T16:00:00Z 10 9 18 42 30 120 7 230
2013-10-19T17:00:00Z 9 8 19 37 27 109 11 209
2013-10-19T18:00:00Z 11 12 19 41 33 114 16 165
2013-10-19T19:00:00Z 15 14 19 45 47 127 19 156
2013-10-28T19:00:00Z 342 149 382 308 166 230 20 138
2013-10-28T20:00:00Z 329 136 388 315 173 245 22 106
2013-10-28T21:00:00Z 327 129 383 309 173 288 34 97
2013-10-28T22:00:00Z 326 119 378 322 174 273 28 89
2013-10-28T23:00:00Z 303 115 361 336 183 257 26 94
2013-10-29T00:00:00Z 295 108 374 331 189 207 25 74
2013-10-29T01:00:00Z 285 88 380 351 194 170 21 66
2013-10-29T02:00:00Z 293 86 378 341 197 147 27 65
2013-10-29T03:00:00Z 282 63 370 325 198 123 26 69
2013-10-29T04:00:00Z 272 68 356 302 200 95 25 67
2013-10-29T05:00:00Z 218 55 337 291 201 85 21 60
2013-10-29T06:00:00Z 94 45 337 283 198 85 39 59
2013-10-29T07:00:00Z 90 48 307 266 197 95 27 59
2013-10-29T08:00:00Z 47 55 269 251 196 114 24 60
2013-10-29T09:00:00Z 28 45 277 233 194 127 49 59
2013-10-29T10:00:00Z 22 34 264 165 151 94 18 57
2013-10-29T11:00:00Z 19 43 265 88 99 56 12 52
2013-10-29T12:00:00Z 12 122 210 39 57 43 11 17
2013-10-29T13:00:00Z 14 95 171 21 39 42 10 20
2013-10-29T14:00:00Z 10 8 158 16 32 46 7 26
2013-10-29T15:00:00Z 10 8 153 23 28 58 6 30
2013-10-29T16:00:00Z 8 10 130 38 28 52 5 34
2013-10-29T17:00:00Z 8 13 119 36 27 56 15 32
2013-11-02T21:00:00Z 299 123 210 323 221 350 44 239
2013-11-02T22:00:00Z 282 111 199 276 219 328 30 234
2013-11-02T23:00:00Z 253 107 204 283 209 283 25 236
2013-11-03T00:00:00Z 232 120 215 278 194 266 18 226
2013-11-03T01:00:00Z 276 120 225 248 185 266 19 251
2013-11-03T02:00:00Z 249 110 224 222 188 278 20 250
2013-11-03T03:00:00Z 220 96 203 209 197 267 20 258
2013-11-03T04:00:00Z 199 97 181 178 197 252 17 256
2013-11-03T05:00:00Z 164 81 159 164 200 258 15 245
2013-11-03T06:00:00Z 119 87 149 118 194 272 16 238
2013-11-03T07:00:00Z 107 91 119 92 174 286 19 237
2013-11-03T08:00:00Z 95 94 115 58 151 274 17 229
2013-11-03T09:00:00Z 73 77 94 65 130 259 23 231
2013-11-03T10:00:00Z 47 66 80 53 93 255 23 191
2013-11-03T11:00:00Z 29 24 45 27 61 193 16 162
2013-11-03T12:00:00Z 19 9 28 20 29 99 15 47
2013-11-03T13:00:00Z 14 7 17 15 18 42 16 18
2013-11-03T14:00:00Z 10 8 13 9 20 24 15 15
2013-11-03T15:00:00Z 8 6 9 10 18 26 16 12
2013-11-03T16:00:00Z 8 8 11 13 18 17 9 12
2013-11-03T17:00:00Z 6 10 11 21 17 17 6 20
2013-11-03T18:00:00Z 11 11 15 79 21 19 17 18
2013-11-08T21:00:00Z -1 106 245 208 141 92 127 51
2013-11-08T22:00:00Z -1 116 250 194 148 102 238 56
2013-11-08T23:00:00Z -1 111 241 196 152 92 129 66
2013-11-09T00:00:00Z -1 120 260 206 162 115 104 66
2013-11-09T01:00:00Z -1 100 244 215 169 146 84 66
2013-11-09T02:00:00Z -1 107 218 202 169 138 74 52
2013-11-09T03:00:00Z -1 88 215 220 172 151 73 54
2013-11-09T04:00:00Z -1 107 198 236 175 192 68 58
2013-11-09T05:00:00Z -1 92 185 220 179 169 64 62
2013-11-09T06:00:00Z -1 87 175 182 184 180 65 67
2013-11-09T07:00:00Z -1 85 174 169 187 211 61 68
2013-11-09T08:00:00Z -1 -1 -1 -1 -1 -1 -1 -1
2013-11-09T09:00:00Z -1 121 191 159 192 282 50 95
2013-11-09T10:00:00Z -1 129 176 171 193 306 45 89
2013-11-09T11:00:00Z -1 119 186 189 186 337 21 96
2013-11-09T12:00:00Z -1 117 163 182 182 349 18 81
2013-11-09T13:00:00Z -1 108 160 199 177 332 13 62
2013-11-09T14:00:00Z -1 105 132 204 179 267 13 54
2013-11-09T15:00:00Z -1 72 109 186 185 246 10 39
2013-11-09T16:00:00Z -1 44 114 192 192 230 11 38
2013-11-09T17:00:00Z 65 22 115 205 186 222 15 35
2013-11-09T18:00:00Z 69 19 116 208 182 240 21 32
2013-11-09T19:00:00Z 64 18 120 216 178 141 24 31
2013-11-09T20:00:00Z 55 14 139 228 134 80 25 33
2013-11-09T21:00:00Z 28 12 177 223 68 70 24 26
2013-11-13T18:00:00Z 155 85 321 266 95 158 78 53
2013-11-13T19:00:00Z 170 -1 335 280 103 143 135 59
2013-11-13T20:00:00Z 202 77 371 310 120 131 66 94
2013-11-13T21:00:00Z 263 -1 358 323 139 128 41 114
2013-11-13T22:00:00Z 287 -1 364 326 150 138 36 145
2013-11-13T23:00:00Z 287 -1 387 337 156 138 35 137
2013-11-14T00:00:00Z 310 -1 398 324 162 143 29 140
2013-11-14T01:00:00Z 300 -1 376 304 164 136 31 140
2013-11-14T02:00:00Z 290 -1 319 286 166 142 28 153
2013-11-14T08:00:00Z 200 -1 82 322 125 219 43 185
2013-11-14T09:00:00Z 56 -1 80 277 100 189 47 200
2013-11-14T10:00:00Z 31 -1 76 209 99 154 32 169
2013-11-14T11:00:00Z 20 71 73 81 100 107 23 117
2013-11-14T12:00:00Z 22 8 42 26 60 34 20 65
2013-11-14T13:00:00Z 14 4 36 16 33 17 22 44
2013-11-14T14:00:00Z 14 4 48 15 32 12 21 27
2013-11-14T15:00:00Z -1 4 49 16 40 8 21 24
2013-11-14T16:00:00Z 35 4 44 38 59 9 21 20
2013-11-14T17:00:00Z 84 10 44 57 78 16 17 18
2013-11-23T21:00:00Z 346 87 440 542 359 555 95 418
2013-11-23T22:00:00Z 383 93 494 571 375 545 79 411
2013-11-23T23:00:00Z 426 80 530 597 397 541 67 401
2013-11-24T00:00:00Z 437 87 561 564 404 447 58 375
2013-11-24T01:00:00Z 391 69 501 527 410 442 66 362
2013-11-24T02:00:00Z 340 74 454 502 409 417 57 341
2013-11-24T03:00:00Z 309 60 415 517 402 423 56 334
2013-11-24T04:00:00Z 334 52 433 476 389 436 46 290
2013-11-24T05:00:00Z 307 54 418 401 379 464 45 253
2013-11-24T06:00:00Z 204 54 390 373 362 485 60 221
2013-11-24T07:00:00Z 149 59 272 422 278 510 58 205
2013-11-24T08:00:00Z 107 62 45 460 224 495 47 204
2013-11-24T09:00:00Z 78 58 51 460 169 625 58 188
2013-11-24T10:00:00Z 41 67 42 444 146 547 75 196
2013-11-24T11:00:00Z 36 74 48 429 136 362 70 219
2013-11-24T12:00:00Z 41 55 34 354 105 240 72 146
2013-11-24T13:00:00Z 44 61 41 173 61 109 60 139
2013-11-24T14:00:00Z 37 63 53 117 37 30 42 128
2013-11-24T15:00:00Z 35 50 315 99 37 25 41 102
2013-11-24T16:00:00Z 49 48 53 115 40 27 37 13
2013-11-24T17:00:00Z 53 40 43 182 47 31 37 20
2013-11-24T18:00:00Z 64 35 63 179 61 46 40 27
2013-11-24T19:00:00Z 107 42 67 141 75 68 37 35
2013-12-08T08:00:00Z 181 72 276 403 187 359 21 169
2013-12-08T09:00:00Z 275 60 285 422 184 371 20 173
2013-12-08T10:00:00Z 329 73 227 417 185 378 31 194
2013-12-08T11:00:00Z 396 68 281 387 194 385 32 222
2013-12-08T12:00:00Z 448 67 297 371 214 348 20 237
2013-12-08T13:00:00Z 454 78 327 364 249 343 21 252
2013-12-08T14:00:00Z 516 93 351 354 271 324 15 240
2013-12-08T15:00:00Z 477 156 376 310 284 347 14 225
2013-12-08T16:00:00Z 412 165 377 324 287 346 17 234
2013-12-08T17:00:00Z 417 182 373 345 289 346 19 234
2013-12-08T18:00:00Z 402 135 367 379 285 412 18 251
2013-12-08T19:00:00Z 387 57 389 431 299 400 19 266
2013-12-08T20:00:00Z -1 -1 -1 -1 -1 -1 -1 -1
2013-12-08T21:00:00Z -1 -1 -1 -1 -1 -1 -1 -1
2013-12-08T22:00:00Z -1 -1 -1 -1 -1 -1 -1 -1
2013-12-08T23:00:00Z 14 17 193 39 22 373 14 151
2013-12-09T00:00:00Z 8 15 81 39 17 108 18 57
2013-12-09T01:00:00Z 13 15 42 29 13 25 21 54
2013-12-09T02:00:00Z 10 20 31 16 13 19 19 40
2013-12-09T03:00:00Z 12 16 24 22 14 23 16 25
2013-12-09T04:00:00Z 10 16 21 24 11 21 16 20
2013-12-09T05:00:00Z 7 13 18 24 12 22 13 18
2013-12-09T06:00:00Z 8 15 18 23 13 25 10 18
2013-12-25T07:00:00Z 497 119 580 626 194 150 103 169
2013-12-25T08:00:00Z 524 133 586 491 205 182 115 200
2013-12-25T09:00:00Z 526 155 673 347 211 223 134 206
2013-12-25T10:00:00Z 499 155 622 353 248 251 127 238
2013-12-25T11:00:00Z 516 158 643 383 309 307 92 245
2013-12-25T12:00:00Z 481 137 624 273 407 339 41 263
2013-12-25T13:00:00Z 414 120 660 288 496 455 23 274
2013-12-25T14:00:00Z 374 131 739 358 529 456 14 281
2013-12-25T15:00:00Z 356 143 771 360 545 462 10 294
2013-12-25T16:00:00Z 344 146 876 402 557 479 11 288
2013-12-25T17:00:00Z 347 139 867 463 545 503 16 303
2013-12-25T18:00:00Z -1 -1 -1 -1 -1 -1 -1 -1
2013-12-25T19:00:00Z 371 29 817 504 589 515 26 297
2013-12-25T20:00:00Z 101 19 861 563 617 532 27 303
2013-12-25T21:00:00Z 34 16 850 621 407 457 31 287
2013-12-25T22:00:00Z 28 20 624 276 129 247 31 212
2013-12-25T23:00:00Z 19 20 372 51 31 90 27 137
2013-12-26T00:00:00Z 18 15 92 28 19 49 26 80
2013-12-26T01:00:00Z 11 14 46 22 16 37 24 41
2013-12-26T02:00:00Z 9 11 28 20 13 34 20 17
2013-12-26T03:00:00Z 13 10 25 26 12 32 21 18
2013-12-26T04:00:00Z 11 11 24 19 12 32 20 24
2014-01-04T12:00:00Z 129 51 140 269 55 131 60 61
2014-01-04T13:00:00Z 107 44 165 255 53 68 39 40
2014-01-04T14:00:00Z 111 34 178 237 46 45 58 46
2014-01-04T15:00:00Z -1 -1 -1 -1 -1 -1 -1 -1
2014-01-04T16:00:00Z 111 43 214 248 54 21 46 40
2014-01-04T17:00:00Z 112 46 264 234 64 26 49 33
2014-01-04T18:00:00Z 119 59 240 227 72 32 72 36
2014-01-04T19:00:00Z 136 103 236 228 78 47 120 31
2014-01-04T20:00:00Z 143 117 299 210 74 57 122 28
2014-01-04T21:00:00Z 141 110 315 202 77 69 62 36
2014-01-04T22:00:00Z 138 113 312 217 79 77 60 40
2014-01-04T23:00:00Z 165 91 296 213 87 84 55 54
2014-01-05T00:00:00Z 199 113 276 200 86 98 41 61
2014-01-05T01:00:00Z 219 90 255 208 96 114 38 50
2014-01-05T02:00:00Z 196 108 242 220 108 147 42 43
2014-01-05T03:00:00Z 187 96 223 196 119 177 38 42
2014-01-05T04:00:00Z 185 96 225 200 95 143 62 49
2014-01-05T05:00:00Z 212 106 229 190 86 148 41 46
2014-01-05T06:00:00Z 191 74 210 184 90 157 51 52
2014-01-06T01:00:00Z 134 77 279 127 81 158 45 102
2014-01-06T02:00:00Z 142 71 305 115 83 152 49 104
2014-01-06T03:00:00Z 144 70 311 140 84 186 52 100
2014-01-06T04:00:00Z 142 68 292 148 86 179 53 117
2014-01-06T05:00:00Z 134 60 282 119 87 190 53 107
2014-01-06T06:00:00Z 132 65 290 117 90 175 43 107
2014-01-06T07:00:00Z 135 63 291 117 96 189 45 117
2014-01-06T08:00:00Z 143 63 263 122 106 205 58 142
2014-01-06T09:00:00Z 154 64 254 118 125 209 48 151
2014-01-06T10:00:00Z 165 79 268 137 135 204 68 140
2014-01-06T11:00:00Z 169 87 301 136 145 189 55 105
2014-01-06T12:00:00Z 161 81 319 167 140 175 69 113
2014-01-06T13:00:00Z -1 -1 -1 -1 -1 -1 -1 -1
2014-01-06T14:00:00Z 95 83 306 183 100 149 155 90
2014-01-06T15:00:00Z 89 88 362 152 97 146 186 77
2014-01-06T16:00:00Z 88 82 369 162 99 123 199 74
2014-01-06T17:00:00Z 97 91 412 179 102 97 221 79
2014-01-06T18:00:00Z 123 81 426 192 113 105 236 108
2014-01-06T19:00:00Z 157 99 383 190 120 120 280 126
2014-01-06T20:00:00Z 181 124 376 207 116 138 277 133
2014-01-06T21:00:00Z 182 132 391 211 118 141 317 130
2014-01-06T22:00:00Z 187 138 382 214 120 158 289 117
2014-01-06T23:00:00Z 191 127 359 219 119 147 280 120
2014-01-07T09:00:00Z 180 131 329 183 118 172 49 157
2014-01-07T10:00:00Z 196 147 303 185 129 170 41 144
2014-01-17T03:00:00Z 111 79 606 432 44 112 37 72
2014-01-17T04:00:00Z 71 72 578 329 42 133 51 63
2014-01-17T05:00:00Z 64 69 555 292 43 153 30 59
2014-01-17T06:00:00Z 66 73 544 289 46 166 26 54
2014-01-17T07:00:00Z 61 85 544 279 46 157 28 72
2014-01-17T08:00:00Z 62 80 532 302 47 167 29 72
2014-01-17T09:00:00Z 66 71 403 302 54 100 26 76
2014-01-17T10:00:00Z 67 76 352 319 59 81 21 97
2014-01-17T11:00:00Z 88 72 381 231 61 106 21 89
2014-01-17T12:00:00Z 86 77 394 213 65 120 14 66
2014-01-17T13:00:00Z 108 51 391 196 76 143 14 50
2014-01-17T14:00:00Z -1 -1 -1 -1 -1 -1 -1 -1
2014-01-17T15:00:00Z 173 65 445 202 124 145 12 49
2014-01-17T16:00:00Z -1 -1 -1 -1 -1 -1 -1 -1
2014-01-17T17:00:00Z 161 18 524 236 134 120 7 62
2014-01-17T18:00:00Z 188 16 476 263 135 148 16 58
2014-01-17T19:00:00Z 238 18 468 316 151 160 22 73
2014-01-17T20:00:00Z 282 21 450 325 163 173 25 112
2014-01-17T21:00:00Z 279 22 491 323 175 193 24 149
2014-01-17T22:00:00Z 281 24 526 325 194 205 29 148
2014-01-17T23:00:00Z 283 26 537 349 212 231 33 128
2014-01-18T00:00:00Z 286 30 536 375 231 262 47 130
2014-01-19T08:00:00Z 133 66 385 412 136 109 80 48
2014-01-19T09:00:00Z 117 48 417 376 144 128 81 57
2014-01-19T10:00:00Z 141 57 353 329 157 146 85 63
2014-01-19T11:00:00Z 144 50 309 267 167 181 84 62
2014-01-19T12:00:00Z 159 64 380 216 183 202 81 68
2014-01-19T13:00:00Z 183 56 429 184 206 221 45 100
2014-01-19T14:00:00Z 199 69 422 172 229 220 32 98
2014-01-19T15:00:00Z -1 -1 -1 -1 -1 -1 -1 -1
2014-01-19T16:00:00Z 252 93 412 227 270 238 27 102
2014-01-19T17:00:00Z 188 63 299 247 277 254 30 119
2014-01-19T18:00:00Z 255 73 367 265 279 260 32 138
2014-01-19T19:00:00Z 282 47 308 306 291 269 35 163
2014-01-19T20:00:00Z 275 22 88 328 297 290 30 194
2014-01-19T21:00:00Z 269 17 26 225 306 291 29 209
2014-01-23T15:00:00Z 286 75 278 236 111 129 135 151
2014-01-23T16:00:00Z 232 97 305 263 111 131 131 144
2014-01-23T17:00:00Z 210 104 326 268 109 143 104 111
2014-01-23T18:00:00Z 225 118 347 269 125 156 133 106
2014-01-23T19:00:00Z 273 134 386 271 124 175 157 113
2014-01-23T20:00:00Z 290 150 399 301 138 228 180 123
2014-01-23T21:00:00Z 306 165 426 298 147 249 214 128
2014-01-23T22:00:00Z 333 169 419 298 154 244 170 143
2014-01-23T23:00:00Z 322 190 398 299 179 240 151 145
2014-01-24T00:00:00Z 322 178 378 305 185 290 95 137
2014-01-24T01:00:00Z 341 173 381 314 180 310 77 159
2014-01-24T02:00:00Z 350 158 374 292 193 291 53 153
2014-01-24T03:00:00Z 336 152 365 284 199 305 69 159
2014-01-24T04:00:00Z 332 153 352 294 200 310 57 154
2014-01-24T05:00:00Z 320 166 340 278 188 316 54 158
2014-01-24T06:00:00Z 324 151 342 267 188 331 50 150
2014-01-24T07:00:00Z 317 162 330 249 194 310 49 158
2014-01-24T08:00:00Z 314 160 328 237 202 272 39 169
2014-01-24T09:00:00Z 283 158 329 225 220 258 32 168
2014-01-24T10:00:00Z 280 163 345 245 227 233 27 167
2014-01-24T11:00:00Z 252 164 329 234 230 241 27 186
2014-01-24T12:00:00Z 256 175 300 217 219 263 19 177
2014-01-24T13:00:00Z 253 170 280 225 214 271 16 174
2014-02-01T11:00:00Z 154 141 197 145 31 79 159 50
2014-02-01T12:00:00Z 167 130 204 139 31 91 148 59
2014-02-01T13:00:00Z 146 132 182 128 33 108 152 67
2014-02-01T14:00:00Z 131 137 167 136 38 112 186 58
2014-02-01T15:00:00Z 80 141 164 139 44 112 182 56
2014-02-01T16:00:00Z 62 144 161 128 47 132 185 55
2014-02-01T17:00:00Z 60 144 146 116 53 149 199 56
2014-02-01T18:00:00Z 71 147 145 131 59 161 207 69
2014-02-01T19:00:00Z 74 146 150 145 65 156 239 72
2014-02-01T20:00:00Z 84 147 162 126 71 176 246 67
2014-02-01T21:00:00Z 89 156 164 116 76 169 253 80
2014-02-01T22:00:00Z 88 159 171 111 75 129 269 70
2014-02-01T23:00:00Z 105 157 181 119 80 100 227 74
2014-02-02T00:00:00Z 99 145 200 131 64 94 214 86
2014-02-02T01:00:00Z 88 115 199 138 63 88 203 106
2014-02-02T02:00:00Z 74 134 205 151 57 88 179 120
2014-02-02T03:00:00Z 71 132 211 171 56 88 175 124
2014-02-02T04:00:00Z 82 125 182 189 53 96 169 107
2014-02-02T05:00:00Z 96 141 170 189 53 82 106 97
2014-02-02T06:00:00Z 130 116 169 193 66 83 56 104
2014-02-02T07:00:00Z -1 -1 -1 -1 -1 -1 -1 -1
2014-02-02T08:00:00Z 173 114 189 197 108 112 56 107
2014-02-02T09:00:00Z 173 122 192 212 130 148 53 106
2014-03-28T18:00:00Z 158 41 125 91 212 190 7 89
2014-03-28T19:00:00Z 144 40 121 84 219 207 13 94
2014-03-28T20:00:00Z 180 56 126 90 207 199 18 75
2014-03-28T21:00:00Z 206 64 136 108 203 215 21 64
2014-03-28T22:00:00Z 200 49 160 115 178 215 24 68
2014-03-28T23:00:00Z 188 40 177 125 163 209 21 86
2014-03-29T00:00:00Z 192 39 181 140 162 218 20 92
2014-03-29T01:00:00Z 187 44 191 143 154 222 23 94
2014-10-31T06:00:00Z 247 81 242 188 113 122 48 187
2014-10-31T07:00:00Z 257 88 246 184 92 231 45 164
2014-10-31T08:00:00Z 217 96 -1 190 95 -1 46 -1
2014-10-31T09:00:00Z 143 93 253 192 136 248 58 136
2014-10-31T10:00:00Z 111 99 254 185 163 236 31 132
2014-10-31T11:00:00Z 139 95 255 171 167 221 43 139
2014-10-31T12:00:00Z 177 93 232 188 164 228 33 132
2014-10-31T13:00:00Z 190 99 217 199 160 226 30 134
2014-10-31T14:00:00Z 193 93 -1 200 157 -1 27 -1
2014-10-31T15:00:00Z 203 100 225 174 154 195 36 160
2014-10-31T16:00:00Z -1 -1 -1 -1 -1 -1 -1 -1
2014-10-31T17:00:00Z 204 117 208 152 154 169 45 182
2014-10-31T18:00:00Z 212 106 216 178 155 172 96 213
2014-10-31T19:00:00Z 224 113 215 197 162 192 84 240
2014-10-31T20:00:00Z 235 126 220 225 -1 193 21 244
2014-10-31T21:00:00Z 252 128 225 226 174 212 20 266
2014-10-31T22:00:00Z 243 128 245 304 181 224 17 268
2014-10-31T23:00:00Z 245 122 245 295 192 210 18 239
2014-11-01T00:00:00Z -1 115 245 -1 189 -1 10 281
2014-11-01T01:00:00Z 253 109 248 254 196 205 17 222
2014-11-01T04:00:00Z 255 71 236 258 216 200 14 232
2014-11-01T05:00:00Z 244 56 -1 259 -1 -1 10 -1
2014-10-25T07:00:00Z 242 152 208 280 149 148 23 183
2014-10-25T08:00:00Z 236 152 219 272 154 140 14 177
2014-10-25T09:00:00Z 237 173 237 262 160 151 16 151
2014-10-25T10:00:00Z 262 166 283 285 171 144 7 150
2014-10-25T11:00:00Z 323 161 -1 328 195 -1 9 151
2014-10-25T12:00:00Z 368 188 339 -1 -1 198 11 138
2014-10-25T13:00:00Z -1 -1 -1 327 223 -1 -1 -1
2014-10-25T14:00:00Z 391 197 345 343 246 247 8 133
2014-10-25T15:00:00Z -1 -1 -1 -1 -1 -1 -1 -1
2014-10-25T16:00:00Z -1 -1 -1 -1 -1 -1 -1 -1
2014-10-25T17:00:00Z 390 163 239 362 276 270 13 161
2014-10-25T18:00:00Z 345 200 225 364 293 267 28 164
2014-10-25T19:00:00Z 324 207 237 343 279 246 27 185
2014-10-25T20:00:00Z 300 212 244 319 265 233 37 186
2014-10-25T21:00:00Z 285 202 251 255 245 235 49 196
2014-10-25T22:00:00Z 257 206 264 254 227 213 23 195
2014-10-25T23:00:00Z 225 200 228 245 206 215 21 213
2014-10-26T00:00:00Z 173 181 225 204 186 228 14 210
2014-10-26T01:00:00Z 138 188 212 185 166 230 17 217
2014-10-26T02:00:00Z 111 172 193 185 156 234 20 212
2014-10-26T03:00:00Z 112 153 182 199 171 262 17 217
2014-10-26T04:00:00Z 153 115 170 144 196 261 14 196
2014-10-26T05:00:00Z 191 69 173 143 228 273 16 160
2014-10-19T21:00:00Z 158 180 190 164 151 139 57 82
2014-10-19T22:00:00Z 144 182 186 177 153 120 61 61
2014-10-19T23:00:00Z -1 -1 -1 -1 148 -1 -1 -1
2014-10-20T00:00:00Z 147 160 157 182 -1 136 38 52
2014-10-20T01:00:00Z 155 158 162 177 153 145 34 52
2014-10-20T02:00:00Z 160 148 180 190 152 150 32 52
2014-10-20T03:00:00Z 168 144 177 186 153 164 30 72
2014-10-20T04:00:00Z 163 157 185 193 149 165 25 79
2014-10-20T05:00:00Z 152 153 220 194 146 162 25 96
2014-10-20T06:00:00Z 140 163 216 196 144 165 24 95
2014-10-20T07:00:00Z 131 167 222 200 141 172 25 82
2014-10-20T08:00:00Z 127 172 223 201 142 172 25 90
2014-10-20T09:00:00Z 134 174 223 216 152 173 25 91
2014-10-20T10:00:00Z 150 183 226 204 164 195 20 101
2014-10-20T11:00:00Z 160 163 242 233 164 198 14 72
2014-10-20T16:00:00Z 244 29 265 248 181 105 11 25
2014-10-20T20:00:00Z 224 29 206 264 36 44 29 18
2014-10-20T21:00:00Z 136 30 78 245 35 42 31 16
2014-10-20T22:00:00Z 71 31 228 236 28 38 39 14
2014-10-20T23:00:00Z 55 26 231 243 21 42 44 14
2014-10-10T23:00:00Z 273 237 211 355 132 196 60 114
2014-10-11T00:00:00Z 284 212 224 322 107 174 64 115
2014-10-11T01:00:00Z 279 219 226 255 94 169 61 117
2014-10-11T02:00:00Z 242 200 236 268 90 184 61 115
2014-10-11T03:00:00Z 243 186 237 274 86 194 60 109
2014-10-11T04:00:00Z 221 160 235 272 81 161 63 102
2014-10-11T05:00:00Z 196 135 236 275 85 143 66 109
2014-10-11T06:00:00Z 162 136 232 278 79 137 66 122
2014-10-11T07:00:00Z 137 113 233 256 69 145 71 127
2014-10-11T08:00:00Z 122 115 220 235 63 141 66 119
2014-10-11T09:00:00Z 123 132 223 218 63 157 69 134
2014-10-11T10:00:00Z 149 133 249 226 73 162 78 152
2014-10-11T11:00:00Z 169 148 252 235 92 210 59 165
2014-10-11T12:00:00Z 150 188 246 214 107 159 25 180
2014-10-11T13:00:00Z 142 199 242 212 126 145 16 125
2014-10-11T14:00:00Z 135 213 237 207 126 140 12 106
2014-10-11T15:00:00Z 136 180 238 205 123 122 13 135
2014-10-11T16:00:00Z -1 -1 -1 -1 -1 -1 -1 -1
2014-10-11T17:00:00Z 159 124 212 212 119 114 14 121
2014-10-11T18:00:00Z 177 73 242 211 127 138 13 107
