2013-06-13T01:00:00Z 293.810000 1012.000000 77.000000 2.000000 130.000000 -1.000000 0.000000
2013-06-13T00:00:00Z 293.920000 1012.000000 77.000000 2.000000 140.000000 -1.000000 0.000000
2013-06-12T23:00:00Z 293.920000 1013.000000 77.000000 2.000000 150.000000 -1.000000 0.000000
2013-06-12T22:00:00Z 294.030000 1012.000000 77.000000 2.000000 150.000000 -1.000000 92.000000
2013-06-12T21:00:00Z 294.560000 1012.000000 73.000000 4.000000 110.000000 -1.000000 40.000000
2013-06-12T20:00:00Z 294.560000 1012.000000 73.000000 4.000000 110.000000 -1.000000 40.000000
2013-06-12T19:00:00Z 294.770000 1011.000000 73.000000 4.000000 120.000000 -1.000000 75.000000
2013-06-12T18:00:00Z 295.930000 1010.000000 69.000000 4.000000 130.000000 -1.000000 40.000000
2013-06-12T17:00:00Z 296.080000 1012.000000 80.000000 2.570000 82.000000 -1.000000 92.000000
2013-06-12T16:00:00Z 297.180000 1011.000000 69.000000 2.000000 200.000000 -1.000000 40.000000
2013-06-12T15:00:00Z 297.040000 1011.000000 69.000000 1.000000 0.000000 -1.000000 40.000000
2013-06-12T14:00:00Z 297.850000 1011.000000 69.000000 1.000000 0.000000 -1.000000 40.000000
2013-06-12T13:00:00Z 297.790000 1011.000000 69.000000 1.000000 0.000000 -1.000000 40.000000
2013-06-12T12:00:00Z 296.930000 1013.000000 82.000000 3.040000 340.005000 -1.000000 92.000000
2013-06-12T11:00:00Z 295.280000 1013.000000 92.000000 0.510000 90.000000 -1.000000 92.000000
2013-06-12T10:00:00Z 294.780000 1011.000000 78.000000 3.000000 340.000000 -1.000000 40.000000
2013-06-12T09:00:00Z 294.980000 1011.000000 83.000000 3.000000 340.000000 -1.000000 40.000000
2013-06-12T08:00:00Z 294.320000 1011.000000 88.000000 3.000000 330.000000 -1.000000 40.000000
2013-06-12T07:00:00Z 293.730000 1010.000000 88.000000 2.000000 300.000000 -1.000000 40.000000
2013-06-12T06:00:00Z 293.580000 1010.000000 88.000000 2.000000 310.000000 -1.000000 40.000000
2013-06-12T05:00:00Z 293.190000 1009.000000 88.000000 2.000000 280.000000 -1.000000 40.000000
2013-06-12T04:00:00Z 293.500000 1009.000000 88.000000 3.000000 310.000000 -1.000000 40.000000
2013-06-12T03:00:00Z 293.190000 1009.000000 85.000000 3.780000 304.501000 -1.000000 64.000000
2013-06-12T02:00:00Z 293.270000 1010.000000 85.000000 1.030000 45.000000 -1.000000 64.000000
2013-11-08T21:00:00Z 293.570000 1021.000000 35.000000 5.810000 146.000000 -1.000000 0.000000
2013-11-08T20:00:00Z 292.091000 1033.870000 87.000000 6.360000 156.000000 -1.000000 0.000000
2013-11-08T19:00:00Z 291.516000 1032.730000 80.000000 5.810000 146.000000 -1.000000 0.000000
2013-11-08T18:00:00Z 293.003000 1033.300000 81.000000 7.290000 150.002000 -1.000000 0.000000
2013-11-08T17:00:00Z 293.903000 1032.090000 66.000000 6.490000 147.002000 -1.000000 0.000000
2013-11-08T16:00:00Z 293.903000 1032.090000 66.000000 6.490000 147.002000 -1.000000 0.000000
2013-11-08T15:00:00Z 296.630000 1020.000000 34.000000 7.980000 150.504000 -1.000000 0.000000
2013-11-08T14:00:00Z 296.850000 1020.000000 33.000000 8.260000 147.002000 -1.000000 0.000000
2013-11-08T13:00:00Z 296.750000 1032.150000 54.000000 8.260000 147.002000 -1.000000 0.000000
2013-11-08T12:00:00Z 296.300000 1034.300000 59.000000 6.380000 130.501000 -1.000000 0.000000
2013-11-08T11:00:00Z 296.300000 1034.300000 59.000000 6.380000 130.501000 -1.000000 0.000000
2013-11-08T10:00:00Z 296.300000 1034.300000 59.000000 6.380000 130.501000 -1.000000 0.000000
2013-11-08T09:00:00Z 292.180000 1025.000000 36.000000 4.460000 121.002000 -1.000000 0.000000
2013-11-08T08:00:00Z 288.864000 1035.080000 90.000000 4.460000 121.002000 -1.000000 0.000000
2013-11-08T07:00:00Z 289.870000 1024.000000 36.000000 4.460000 121.002000 -1.000000 0.000000
2013-11-08T06:00:00Z 289.920000 1021.000000 82.000000 3.000000 120.000000 -1.000000 0.000000
2013-11-08T05:00:00Z 283.726000 1034.240000 90.000000 3.940000 119.500000 -1.000000 0.000000
2013-11-08T04:00:00Z 289.300000 1023.000000 36.000000 3.940000 127.000000 -1.000000 0.000000
2013-11-08T03:00:00Z 289.410000 1021.000000 81.000000 0.510000 132.000000 -1.000000 0.000000
2013-11-08T00:00:00Z 284.672000 1034.850000 91.000000 3.270000 137.500000 -1.000000 20.000000
2013-11-07T23:00:00Z 290.740000 1024.000000 91.000000 2.570000 135.000000 -1.000000 20.000000
2013-11-07T22:00:00Z 291.260000 1022.000000 91.000000 2.060000 45.000000 -1.000000 20.000000
2013-11-17T11:00:00Z 288.490000 1024.000000 33.000000 7.710000 316.000000 -1.000000 0.000000
2013-11-17T10:00:00Z 287.060000 1026.000000 37.000000 7.100000 315.500000 -1.000000 0.000000
2013-11-17T09:00:00Z 285.900000 1026.000000 37.000000 6.300000 313.500000 -1.000000 0.000000
2013-11-17T08:00:00Z 285.900000 1026.000000 37.000000 6.300000 313.500000 -1.000000 0.000000
2013-11-17T07:00:00Z 284.760000 1025.000000 38.000000 6.300000 313.500000 -1.000000 0.000000
2013-11-17T06:00:00Z 284.560000 1025.000000 37.000000 6.300000 313.500000 -1.000000 0.000000
2013-11-17T05:00:00Z 285.280000 1024.000000 38.000000 6.310000 316.501000 -1.000000 0.000000
2013-11-17T04:00:00Z 285.920000 1024.000000 38.000000 6.310000 316.501000 -1.000000 0.000000
2013-11-17T03:00:00Z 287.830000 1024.000000 37.000000 7.400000 318.000000 -1.000000 0.000000
2013-11-17T02:00:00Z 286.810000 1021.000000 47.000000 5.140000 293.000000 -1.000000 0.000000
2013-11-17T01:00:00Z 286.910000 1023.000000 37.000000 7.400000 318.000000 -1.000000 0.000000
2013-11-17T00:00:00Z 288.070000 1022.000000 61.000000 3.080000 315.000000 -1.000000 0.000000
2013-11-16T23:00:00Z 288.680000 1023.000000 37.000000 7.760000 308.500000 -1.000000 0.000000
2013-11-16T22:00:00Z 291.030000 1023.000000 36.000000 7.760000 308.500000 -1.000000 0.000000
2013-11-16T21:00:00Z 291.030000 1023.000000 36.000000 7.760000 308.500000 -1.000000 0.000000
2013-11-16T20:00:00Z 289.900000 1021.000000 36.000000 5.910000 283.001000 -1.000000 0.000000
2013-11-16T19:00:00Z 288.600000 1018.000000 48.000000 2.000000 240.000000 -1.000000 0.000000
2013-11-16T18:00:00Z 289.600000 1018.000000 42.000000 3.000000 260.000000 -1.000000 0.000000
2013-11-16T17:00:00Z 290.600000 1017.000000 39.000000 4.000000 250.000000 -1.000000 0.000000
2013-11-16T16:00:00Z 291.150000 1017.000000 36.000000 5.000000 260.000000 -1.000000 0.000000
2013-11-16T15:00:00Z 292.150000 1017.000000 32.000000 5.000000 260.000000 -1.000000 8.000000
2013-11-16T14:00:00Z 292.150000 1018.000000 32.000000 6.000000 270.000000 -1.000000 8.000000
2013-11-16T13:00:00Z 292.150000 1018.000000 32.000000 6.000000 270.000000 -1.000000 8.000000
2013-11-21T13:00:00Z 291.150000 1022.000000 39.000000 4.000000 150.000000 -1.000000 0.000000
2013-11-21T12:00:00Z 290.690000 1023.000000 42.000000 5.000000 140.000000 -1.000000 0.000000
2013-11-21T11:00:00Z 290.690000 1023.000000 42.000000 5.000000 140.000000 -1.000000 0.000000
2013-11-21T10:00:00Z 290.150000 1024.000000 36.000000 5.000000 120.000000 -1.000000 0.000000
2013-11-21T09:00:00Z 287.610000 1024.000000 51.000000 5.000000 120.000000 -1.000000 0.000000
2013-11-21T08:00:00Z 284.540000 1023.000000 54.000000 2.000000 80.000000 -1.000000 0.000000
2013-11-21T07:00:00Z 284.540000 1023.000000 54.000000 2.000000 80.000000 -1.000000 0.000000
2013-11-21T06:00:00Z 281.150000 1022.000000 87.000000 2.000000 100.000000 -1.000000 0.000000
2013-11-21T05:00:00Z 281.610000 1022.000000 76.000000 3.260000 95.000200 -1.000000 64.000000
2013-11-21T04:00:00Z 281.610000 1022.000000 76.000000 1.000000 20.000000 -1.000000 64.000000
2013-11-21T03:00:00Z 282.070000 1022.000000 71.000000 3.260000 95.000200 -1.000000 64.000000
2013-11-21T02:00:00Z 282.600000 1022.000000 71.000000 2.000000 100.000000 -1.000000 44.000000
2013-11-21T01:00:00Z 282.600000 1022.000000 71.000000 2.000000 100.000000 -1.000000 44.000000
2013-11-21T00:00:00Z 282.540000 1023.000000 66.000000 1.000000 0.000000 -1.000000 8.000000
2013-11-20T23:00:00Z 282.080000 1023.000000 71.000000 1.000000 0.000000 -1.000000 8.000000
2013-11-20T22:00:00Z 282.080000 1023.000000 71.000000 1.000000 0.000000 -1.000000 8.000000
2013-12-04T13:00:00Z 290.990000 1023.000000 35.000000 2.760000 100.500000 -1.000000 0.000000
2013-12-04T12:00:00Z 292.120000 1024.000000 35.000000 2.630000 85.500000 -1.000000 0.000000
2013-12-04T11:00:00Z 292.120000 1024.000000 35.000000 2.630000 85.500000 -1.000000 0.000000
2013-12-04T10:00:00Z 288.900000 1025.000000 38.000000 2.630000 85.500000 -1.000000 0.000000
2013-12-04T09:00:00Z 286.790000 1022.000000 82.000000 0.510000 115.000000 -1.000000 0.000000
2013-12-04T08:00:00Z 284.960000 1022.000000 85.000000 2.260000 80.000200 -1.000000 0.000000
2013-12-04T07:00:00Z 284.570000 1022.000000 85.000000 2.260000 80.000200 -1.000000 0.000000
2013-12-04T06:00:00Z 284.570000 1022.000000 85.000000 2.260000 80.000200 -1.000000 0.000000
2013-12-04T05:00:00Z 284.450000 1022.000000 40.000000 2.480000 74.000400 -1.000000 8.000000
2013-12-04T04:00:00Z 283.780000 1021.000000 85.000000 2.060000 45.000000 -1.000000 8.000000
2013-12-04T03:00:00Z 284.160000 1022.000000 40.000000 2.460000 99.000500 -1.000000 8.000000
2013-12-04T02:00:00Z 284.160000 1022.000000 40.000000 2.460000 99.000500 -1.000000 8.000000
2013-12-04T01:00:00Z 284.860000 1020.000000 86.000000 2.460000 99.000500 -1.000000 8.000000
2013-12-04T00:00:00Z 285.360000 1021.000000 90.000000 2.060000 45.000000 -1.000000 20.000000
2013-12-03T23:00:00Z 285.750000 1021.000000 90.000000 2.570000 135.000000 -1.000000 20.000000
2013-12-03T22:00:00Z 285.750000 1021.000000 90.000000 2.570000 135.000000 -1.000000 20.000000
2013-12-03T21:00:00Z 286.670000 1021.000000 39.000000 3.960000 123.001000 -1.000000 76.000000
2013-12-03T20:00:00Z 287.510000 1019.000000 70.000000 3.960000 123.001000 -1.000000 76.000000
2013-12-03T19:00:00Z 287.750000 1020.000000 79.000000 1.030000 135.000000 -1.000000 76.000000
2013-12-03T18:00:00Z 287.750000 1020.000000 79.000000 1.030000 135.000000 -1.000000 76.000000
2013-12-03T17:00:00Z 289.220000 1020.000000 38.000000 3.850000 141.500000 -1.000000 48.000000
2013-12-03T16:00:00Z 290.790000 1020.000000 37.000000 3.850000 141.500000 -1.000000 48.000000
2013-12-03T15:00:00Z 291.660000 1019.000000 37.000000 4.660000 155.502000 -1.000000 24.000000
2013-12-03T14:00:00Z 291.660000 1019.000000 37.000000 4.660000 155.502000 -1.000000 24.000000
2013-12-08T07:00:00Z 282.630000 1020.000000 93.000000 2.000000 140.000000 -1.000000 90.000000
2013-12-08T06:00:00Z 281.670000 1021.000000 85.000000 2.060000 135.000000 -1.000000 0.000000
2013-12-08T05:00:00Z 281.410000 1021.000000 85.000000 1.540000 135.000000 -1.000000 0.000000
2013-12-08T04:00:00Z 282.540000 1020.000000 85.000000 1.540000 135.000000 -1.000000 0.000000
2013-12-08T03:00:00Z 283.640000 1021.000000 86.000000 3.080000 45.000000 -1.000000 0.000000
2013-12-08T02:00:00Z 284.160000 1021.000000 86.000000 2.570000 135.000000 -1.000000 0.000000
2013-12-08T01:00:00Z 284.860000 1022.000000 86.000000 2.570000 45.000000 -1.000000 0.000000
2013-12-08T00:00:00Z 284.860000 1022.000000 86.000000 2.570000 45.000000 -1.000000 0.000000
2013-12-07T23:00:00Z 285.210000 1022.000000 87.000000 3.080000 135.000000 -1.000000 0.000000
2013-12-07T22:00:00Z 285.210000 1022.000000 87.000000 4.110000 135.000000 -1.000000 0.000000
2013-12-07T21:00:00Z 284.690000 1022.000000 87.000000 5.140000 0.000000 -1.000000 36.000000
2013-12-07T20:00:00Z 284.310000 1024.000000 87.000000 3.600000 135.000000 -1.000000 36.000000
2013-12-07T19:00:00Z 284.660000 1022.000000 87.000000 3.600000 45.000000 -1.000000 36.000000
2013-12-07T18:00:00Z 285.370000 1022.000000 60.000000 4.110000 45.000000 -1.000000 56.000000
2013-12-07T17:00:00Z 285.370000 1022.000000 60.000000 4.110000 45.000000 -1.000000 56.000000
2013-12-07T16:00:00Z 287.260000 1024.000000 60.000000 3.600000 135.000000 -1.000000 56.000000
2013-12-07T15:00:00Z 287.620000 1021.000000 53.000000 2.060000 45.000000 -1.000000 0.000000
2013-12-07T14:00:00Z 287.750000 1022.000000 53.000000 3.080000 135.000000 -1.000000 0.000000
2013-12-07T13:00:00Z 287.750000 1022.000000 53.000000 3.080000 135.000000 -1.000000 0.000000
2013-12-07T12:00:00Z 287.490000 1022.000000 68.000000 0.510000 263.000000 -1.000000 0.000000
2013-12-07T11:00:00Z 285.480000 1025.000000 65.000000 2.060000 81.500200 -1.000000 0.000000
2013-12-07T10:00:00Z 282.430000 1026.000000 65.000000 2.060000 81.500200 -1.000000 0.000000
2013-12-07T09:00:00Z 282.430000 1026.000000 65.000000 2.060000 81.500200 -1.000000 0.000000
2013-12-07T08:00:00Z 282.150000 1025.000000 82.000000 1.030000 315.000000 -1.000000 0.000000
2013-12-10T11:00:00Z 282.660000 1025.000000 64.000000 1.540000 0.000000 -1.000000 0.000000
2013-12-10T10:00:00Z 282.660000 1025.000000 64.000000 1.540000 0.000000 -1.000000 0.000000
2013-12-10T09:00:00Z 280.720000 1025.000000 89.000000 3.080000 135.000000 -1.000000 0.000000
2013-12-10T08:00:00Z 277.040000 1025.000000 89.000000 2.570000 315.000000 -1.000000 0.000000
2013-12-10T07:00:00Z 275.570000 1024.000000 89.000000 2.060000 45.000000 -1.000000 0.000000
2013-12-10T06:00:00Z 275.570000 1024.000000 89.000000 2.060000 45.000000 -1.000000 0.000000
2013-12-10T05:00:00Z 278.590000 1024.000000 91.000000 3.080000 338.000000 -1.000000 0.000000
2013-12-10T04:00:00Z 276.970000 1022.000000 91.000000 1.540000 315.000000 -1.000000 0.000000
2013-12-10T03:00:00Z 276.950000 1024.000000 84.000000 2.570000 0.000000 -1.000000 0.000000
2013-12-10T02:00:00Z 276.950000 1024.000000 84.000000 2.570000 0.000000 -1.000000 0.000000
2013-12-10T01:00:00Z 277.480000 1024.000000 84.000000 2.060000 292.000000 -1.000000 0.000000
2013-12-10T00:00:00Z 278.000000 1024.000000 71.000000 2.060000 45.000000 -1.000000 0.000000
2013-12-09T23:00:00Z 280.690000 1024.000000 71.000000 2.570000 0.000000 -1.000000 0.000000
2013-12-09T22:00:00Z 281.550000 1024.000000 71.000000 3.600000 0.000000 -1.000000 0.000000
2013-12-09T21:00:00Z 282.670000 1022.000000 66.000000 4.630000 338.000000 -1.000000 0.000000
2013-12-09T20:00:00Z 282.670000 1022.000000 66.000000 4.630000 338.000000 -1.000000 0.000000
2013-12-09T19:00:00Z 282.690000 1022.000000 66.000000 2.060000 0.000000 -1.000000 0.000000
2013-12-09T18:00:00Z 283.320000 1022.000000 73.000000 2.570000 315.000000 -1.000000 0.000000
2013-12-09T17:00:00Z 283.420000 1022.000000 40.000000 8.750000 319.500000 -1.000000 0.000000
2013-12-09T16:00:00Z 283.420000 1022.000000 40.000000 8.750000 319.500000 -1.000000 0.000000
2013-12-09T15:00:00Z 283.830000 1019.000000 70.000000 5.140000 315.000000 -1.000000 92.000000
2013-12-09T14:00:00Z 284.130000 1019.000000 70.000000 3.600000 248.000000 -1.000000 92.000000
2013-12-09T13:00:00Z 284.200000 1019.000000 70.000000 5.650000 0.000000 -1.000000 92.000000
2013-12-09T12:00:00Z 283.940000 1020.000000 67.000000 4.110000 315.000000 -1.000000 0.000000
2013-12-25T17:00:00Z 279.080000 1028.000000 84.000000 0.510000 45.000000 -1.000000 88.000000
2013-12-25T16:00:00Z 279.080000 1028.000000 84.000000 0.510000 45.000000 -1.000000 88.000000
2013-12-25T15:00:00Z 279.080000 1028.000000 84.000000 0.510000 45.000000 -1.000000 88.000000
2013-12-25T14:00:00Z 279.080000 1028.000000 84.000000 0.510000 45.000000 -1.000000 88.000000
2013-12-25T13:00:00Z 279.080000 1028.000000 84.000000 0.510000 45.000000 -1.000000 88.000000
2013-12-25T12:00:00Z 279.080000 1028.000000 84.000000 0.510000 45.000000 -1.000000 88.000000
2013-12-25T11:00:00Z 279.080000 1028.000000 84.000000 0.510000 45.000000 -1.000000 88.000000
2013-12-25T10:00:00Z 279.080000 1028.000000 84.000000 0.510000 45.000000 -1.000000 88.000000
2013-12-25T09:00:00Z 279.080000 1028.000000 84.000000 0.510000 45.000000 -1.000000 88.000000
2013-12-25T08:00:00Z 279.080000 1028.000000 84.000000 0.510000 45.000000 -1.000000 88.000000
2013-12-25T07:00:00Z 279.080000 1028.000000 84.000000 0.510000 45.000000 -1.000000 88.000000
2013-12-25T06:00:00Z 279.080000 1028.000000 84.000000 0.510000 45.000000 -1.000000 88.000000
2013-12-25T05:00:00Z 279.080000 1028.000000 84.000000 0.510000 45.000000 -1.000000 88.000000
2013-12-25T04:00:00Z 280.700000 1035.000000 64.000000 1.540000 327.000000 -1.000000 0.000000
2013-12-25T03:00:00Z 280.700000 1035.000000 64.000000 1.540000 327.000000 -1.000000 0.000000
2013-12-25T02:00:00Z 280.700000 1035.000000 64.000000 1.540000 327.000000 -1.000000 0.000000
2013-12-25T01:00:00Z 280.700000 1035.000000 64.000000 1.540000 327.000000 -1.000000 0.000000
2013-12-25T00:00:00Z 280.700000 1035.000000 64.000000 1.540000 327.000000 -1.000000 0.000000
2013-12-24T23:00:00Z 280.700000 1035.000000 64.000000 1.540000 327.000000 -1.000000 0.000000
2013-12-24T22:00:00Z 280.700000 1035.000000 64.000000 1.540000 327.000000 -1.000000 0.000000
2013-12-24T21:00:00Z 280.700000 1035.000000 64.000000 1.540000 327.000000 -1.000000 0.000000
2013-12-24T20:00:00Z 280.700000 1035.000000 64.000000 1.540000 327.000000 -1.000000 0.000000
2013-12-31T11:00:00Z 284.969000 1034.900000 44.000000 5.160000 259.500000 -1.000000 0.000000
2013-12-31T10:00:00Z 284.969000 1034.900000 44.000000 5.160000 259.500000 -1.000000 0.000000
2013-12-31T09:00:00Z 273.962000 1035.400000 87.000000 4.280000 257.501000 -1.000000 0.000000
2013-12-31T08:00:00Z 273.962000 1035.400000 87.000000 4.280000 257.501000 -1.000000 0.000000
2013-12-31T07:00:00Z 279.260000 1021.000000 35.000000 1.030000 218.000000 -1.000000 0.000000
2013-12-31T06:00:00Z 276.260000 1021.000000 35.000000 0.510000 286.000000 -1.000000 0.000000
2013-12-31T05:00:00Z 278.540000 1021.000000 36.000000 0.510000 274.000000 -1.000000 0.000000
2013-12-31T04:00:00Z 278.540000 1021.000000 36.000000 0.510000 274.000000 -1.000000 0.000000
2013-12-31T03:00:00Z 278.000000 1022.000000 36.000000 1.540000 329.000000 -1.000000 0.000000
2013-12-31T02:00:00Z 276.720000 1022.000000 29.000000 1.030000 278.000000 -1.000000 0.000000
2013-12-31T01:00:00Z 281.830000 1022.000000 28.000000 1.030000 236.000000 -1.000000 0.000000
2013-12-31T00:00:00Z 279.420000 1025.000000 42.000000 4.610000 263.000000 -1.000000 0.000000
2013-12-30T23:00:00Z 279.420000 1025.000000 42.000000 4.610000 263.000000 -1.000000 0.000000
2013-12-30T22:00:00Z 279.480000 1023.000000 41.000000 1.000000 220.000000 -1.000000 0.000000
2013-12-30T21:00:00Z 280.250000 1022.000000 32.000000 1.540000 257.000000 -1.000000 0.000000
2013-12-30T20:00:00Z 280.250000 1022.000000 32.000000 1.540000 257.000000 -1.000000 0.000000
2013-12-30T19:00:00Z 279.640000 1022.000000 33.000000 3.000000 230.000000 -1.000000 0.000000
2013-12-30T18:00:00Z 281.080000 1021.000000 28.000000 2.060000 305.000000 -1.000000 0.000000
2013-12-30T17:00:00Z 282.100000 1021.000000 27.000000 2.060000 265.000000 -1.000000 8.000000
2013-12-30T16:00:00Z 283.040000 1020.000000 24.000000 6.170000 303.000000 -1.000000 8.000000
2013-12-30T15:00:00Z 283.040000 1023.000000 24.000000 3.080000 236.000000 -1.000000 24.000000
2013-12-30T14:00:00Z 283.040000 1023.000000 24.000000 3.080000 236.000000 -1.000000 24.000000
2013-12-30T13:00:00Z 282.620000 1024.000000 27.000000 2.570000 230.000000 -1.000000 24.000000
2013-12-30T12:00:00Z 281.250000 1025.000000 29.000000 2.060000 238.000000 -1.000000 0.000000
2014-01-04T07:00:00Z 278.920000 1024.000000 90.000000 2.060000 338.000000 -1.000000 80.000000
2014-01-04T06:00:00Z 278.690000 1022.000000 89.000000 1.540000 45.000000 -1.000000 8.000000
2014-01-04T05:00:00Z 279.310000 1021.000000 89.000000 2.060000 315.000000 -1.000000 8.000000
2014-01-04T04:00:00Z 279.310000 1021.000000 89.000000 2.060000 315.000000 -1.000000 8.000000
2014-01-04T03:00:00Z 279.990000 1021.000000 81.000000 1.540000 45.000000 -1.000000 20.000000
2014-01-04T02:00:00Z 280.350000 1021.000000 81.000000 1.540000 135.000000 -1.000000 20.000000
2014-01-04T01:00:00Z 280.350000 1021.000000 81.000000 1.540000 135.000000 -1.000000 20.000000
2014-01-04T00:00:00Z 281.670000 1021.000000 83.000000 2.570000 45.000000 -1.000000 12.000000
2014-01-03T23:00:00Z 282.130000 1021.000000 83.000000 2.060000 315.000000 -1.000000 12.000000
2014-01-03T22:00:00Z 282.620000 1021.000000 83.000000 1.030000 338.000000 -1.000000 12.000000
2014-01-03T21:00:00Z 284.420000 1017.000000 45.000000 0.510000 5.000000 -1.000000 0.000000
2014-01-03T20:00:00Z 284.420000 1017.000000 45.000000 0.510000 5.000000 -1.000000 0.000000
2014-01-03T19:00:00Z 285.390000 1020.000000 41.000000 3.370000 345.502000 -1.000000 0.000000
2014-01-03T18:00:00Z 286.870000 1018.000000 40.000000 1.030000 315.000000 -1.000000 36.000000
2014-01-03T15:00:00Z 290.370000 1016.000000 38.000000 1.030000 292.000000 -1.000000 0.000000
2014-01-03T14:00:00Z 288.390000 1016.000000 45.000000 4.110000 0.000000 -1.000000 0.000000
2014-01-03T13:00:00Z 287.740000 1017.000000 66.000000 2.060000 315.000000 -1.000000 0.000000
2014-01-03T12:00:00Z 287.740000 1017.000000 66.000000 2.060000 315.000000 -1.000000 0.000000
2014-01-03T11:00:00Z 287.740000 1017.000000 66.000000 2.060000 315.000000 -1.000000 0.000000
2014-01-03T10:00:00Z 283.900000 1018.000000 90.000000 1.540000 338.000000 -1.000000 92.000000
2014-01-03T09:00:00Z 283.900000 1018.000000 90.000000 1.540000 338.000000 -1.000000 92.000000
2014-01-03T08:00:00Z 283.340000 1014.000000 79.000000 1.360000 246.000000 -1.000000 80.000000
2014-01-13T02:00:00Z 278.580000 1031.000000 77.000000 0.510000 353.000000 -1.000000 0.000000
2014-01-13T01:00:00Z 278.580000 1031.000000 77.000000 0.510000 353.000000 -1.000000 0.000000
2014-01-13T00:00:00Z 278.410000 1030.000000 77.000000 3.080000 58.000000 -1.000000 0.000000
2014-01-12T23:00:00Z 278.430000 1033.000000 75.000000 4.000000 350.000000 -1.000000 0.000000
2014-01-12T22:00:00Z 278.430000 1033.000000 75.000000 4.000000 350.000000 -1.000000 0.000000
2014-01-12T21:00:00Z 278.310000 1034.000000 92.000000 2.060000 180.000000 -1.000000 0.000000
2014-01-12T20:00:00Z 278.380000 1035.000000 88.000000 1.030000 45.000000 0.000000 0.000000
2014-01-12T19:00:00Z 278.690000 1034.000000 87.000000 1.540000 315.000000 -1.000000 0.000000
2014-01-20T20:00:00Z 278.250000 1029.000000 60.000000 2.060000 139.000000 -1.000000 0.000000
2014-01-20T19:00:00Z 278.830000 1032.000000 47.000000 1.030000 90.000000 -1.000000 0.000000
2014-01-20T18:00:00Z 280.150000 1030.000000 36.000000 2.060000 338.000000 -1.000000 0.000000
2014-01-20T17:00:00Z 281.620000 1029.000000 36.000000 1.540000 315.000000 -1.000000 0.000000
2014-01-20T16:00:00Z 281.620000 1029.000000 36.000000 1.540000 315.000000 -1.000000 0.000000
2014-01-20T15:00:00Z 283.300000 1029.000000 39.000000 3.080000 315.000000 -1.000000 0.000000
2014-01-20T14:00:00Z 283.750000 1028.000000 39.000000 2.060000 0.000000 -1.000000 0.000000
2014-01-20T13:00:00Z 283.930000 1028.000000 39.000000 2.570000 292.000000 -1.000000 0.000000
2014-01-20T12:00:00Z 283.930000 1028.000000 39.000000 2.570000 292.000000 -1.000000 0.000000
2014-01-20T11:00:00Z 282.650000 1030.000000 50.000000 1.540000 257.000000 -1.000000 0.000000
2014-01-20T10:00:00Z 280.170000 1030.000000 51.000000 3.080000 315.000000 -1.000000 0.000000
2014-01-20T09:00:00Z 280.170000 1030.000000 51.000000 3.080000 315.000000 -1.000000 0.000000
2014-01-20T08:00:00Z 277.590000 1028.000000 88.000000 3.080000 270.000000 -1.000000 8.000000
2014-01-20T07:00:00Z 277.750000 1028.000000 86.000000 4.110000 292.000000 -1.000000 12.000000
2014-01-20T06:00:00Z 277.060000 1028.000000 92.000000 3.600000 292.000000 -1.000000 0.000000
2014-01-20T05:00:00Z 277.490000 1024.000000 60.000000 2.570000 285.000000 -1.000000 0.000000
2014-01-20T04:00:00Z 277.580000 1023.000000 62.000000 2.570000 333.000000 -1.000000 0.000000
2014-01-20T03:00:00Z 277.580000 1023.000000 62.000000 2.570000 333.000000 -1.000000 0.000000
2014-01-20T02:00:00Z 277.720000 1028.000000 84.000000 5.650000 292.000000 -1.000000 36.000000
2014-01-20T01:00:00Z 277.700000 1025.000000 76.000000 1.030000 260.000000 -1.000000 24.000000
2014-01-20T00:00:00Z 278.210000 1025.000000 80.000000 1.000000 0.000000 -1.000000 0.000000
2014-01-19T23:00:00Z 278.210000 1025.000000 80.000000 1.000000 0.000000 -1.000000 0.000000
2014-01-19T22:00:00Z 278.230000 1024.000000 84.000000 0.510000 245.000000 -1.000000 0.000000
2014-01-19T21:00:00Z 278.940000 1028.000000 89.000000 2.060000 135.000000 -1.000000 8.000000
2014-01-31T11:00:00Z 287.530000 1024.000000 64.000000 5.650000 315.000000 -1.000000 0.000000
2014-01-31T10:00:00Z 287.530000 1024.000000 64.000000 5.650000 315.000000 -1.000000 0.000000
2014-01-31T09:00:00Z 285.810000 1022.000000 95.000000 2.060000 22.000000 -1.000000 0.000000
2014-01-31T08:00:00Z 284.790000 1024.000000 95.000000 4.110000 90.000000 -1.000000 0.000000
2014-01-31T07:00:00Z 284.440000 1021.000000 95.000000 3.600000 135.000000 -1.000000 0.000000
2014-01-31T06:00:00Z 284.440000 1021.000000 95.000000 3.600000 135.000000 -1.000000 0.000000
2014-01-31T05:00:00Z 283.360000 1021.000000 93.000000 2.570000 90.000000 -1.000000 0.000000
2014-01-31T04:00:00Z 283.020000 1022.000000 93.000000 3.600000 90.000000 -1.000000 0.000000
2014-01-31T03:00:00Z 282.400000 1024.000000 93.000000 2.060000 146.000000 -1.000000 0.000000
2014-01-31T02:00:00Z 282.400000 1024.000000 93.000000 2.060000 146.000000 -1.000000 0.000000
2014-01-31T01:00:00Z 282.440000 1024.000000 91.000000 3.080000 135.000000 -1.000000 0.000000
2014-01-31T00:00:00Z 282.220000 1024.000000 93.000000 2.570000 45.000000 -1.000000 0.000000
2014-01-30T23:00:00Z 281.850000 1022.000000 93.000000 3.600000 135.000000 -1.000000 0.000000
2014-01-30T22:00:00Z 281.960000 1022.000000 93.000000 3.080000 45.000000 -1.000000 0.000000
2014-01-30T21:00:00Z 282.060000 1021.000000 83.000000 2.570000 90.000000 0.000000 0.000000
2014-01-30T20:00:00Z 282.060000 1021.000000 83.000000 2.570000 90.000000 0.000000 0.000000
2014-01-30T19:00:00Z 284.020000 1021.000000 83.000000 2.570000 90.000000 0.000000 0.000000
2014-01-30T18:00:00Z 286.380000 1020.000000 50.000000 1.030000 45.000000 -1.000000 0.000000
2014-01-30T17:00:00Z 286.380000 1020.000000 50.000000 1.030000 45.000000 -1.000000 0.000000
2014-01-30T16:00:00Z 289.410000 1019.000000 51.000000 1.030000 292.000000 0.000000 0.000000
2014-01-30T15:00:00Z 290.700000 1018.000000 55.000000 1.540000 202.000000 0.000000 0.000000
2014-01-30T14:00:00Z 289.980000 1019.000000 55.000000 1.030000 292.000000 0.000000 0.000000
2014-01-30T13:00:00Z 289.980000 1019.000000 55.000000 1.030000 292.000000 0.000000 0.000000
2014-01-30T12:00:00Z 285.110000 1021.000000 69.000000 0.510000 270.000000 0.000000 0.000000
2014-02-02T17:00:00Z 283.830000 1010.000000 61.000000 2.060000 90.000000 -1.000000 48.000000
2014-02-02T16:00:00Z 287.590000 1010.000000 61.000000 2.060000 135.000000 -1.000000 48.000000
2014-02-02T15:00:00Z 286.510000 1012.000000 91.000000 2.500000 127.500000 -1.000000 0.000000
2014-02-02T14:00:00Z 285.600000 1011.000000 60.000000 2.060000 202.000000 -1.000000 0.000000
2014-02-02T13:00:00Z 289.820000 1011.000000 60.000000 2.060000 135.000000 -1.000000 0.000000
2014-02-02T12:00:00Z 285.800000 1013.000000 71.000000 1.030000 45.000000 -1.000000 0.000000
2014-02-02T11:00:00Z 286.480000 1015.000000 71.000000 0.510000 90.000000 -1.000000 0.000000
2014-02-02T10:00:00Z 284.500000 1015.000000 71.000000 2.000000 103.001000 -1.000000 0.000000
2014-02-02T09:00:00Z 284.220000 1015.000000 88.000000 1.350000 27.000200 -1.000000 12.000000
2014-02-02T08:00:00Z 284.280000 1012.000000 95.000000 1.350000 27.000200 -1.000000 12.000000
2014-02-02T07:00:00Z 284.170000 1014.000000 88.000000 1.350000 27.000200 -1.000000 12.000000
2014-02-02T06:00:00Z 284.240000 1015.000000 87.000000 1.230000 322.000000 -1.000000 0.000000
2014-02-02T05:00:00Z 283.890000 1015.000000 87.000000 0.510000 315.000000 -1.000000 0.000000
2014-02-02T04:00:00Z 285.370000 1014.000000 87.000000 1.230000 322.000000 -1.000000 0.000000
2014-02-02T03:00:00Z 285.560000 1016.000000 86.000000 1.250000 284.500000 -1.000000 0.000000
2014-02-02T02:00:00Z 286.770000 1016.000000 83.000000 1.250000 284.500000 -1.000000 0.000000
2014-02-02T01:00:00Z 288.380000 1014.000000 87.000000 1.210000 289.505000 -1.000000 0.000000
2014-02-02T00:00:00Z 289.510000 1014.000000 85.000000 1.030000 248.000000 -1.000000 0.000000
2014-02-01T23:00:00Z 292.000000 1015.000000 85.000000 3.600000 315.000000 -1.000000 0.000000
2014-02-01T22:00:00Z 292.000000 1015.000000 85.000000 3.600000 315.000000 -1.000000 0.000000
2014-03-10T23:00:00Z 280.610000 1028.000000 75.000000 4.000000 130.000000 -1.000000 0.000000
2014-03-10T22:00:00Z 281.070000 1028.000000 70.000000 5.000000 130.000000 -1.000000 0.000000
2014-03-10T21:00:00Z 281.610000 1028.000000 66.000000 4.000000 120.000000 -1.000000 0.000000
2014-03-10T20:00:00Z 281.610000 1028.000000 66.000000 4.000000 120.000000 -1.000000 0.000000
2014-03-10T19:00:00Z 282.540000 1027.000000 53.000000 4.000000 130.000000 -1.000000 0.000000
2014-03-10T18:00:00Z 283.540000 1026.000000 50.000000 4.000000 140.000000 -1.000000 24.000000
2014-03-10T17:00:00Z 283.540000 1026.000000 50.000000 4.000000 140.000000 -1.000000 24.000000
2014-03-10T16:00:00Z 285.550000 1026.000000 44.000000 4.000000 170.000000 -1.000000 24.000000
2014-03-10T15:00:00Z 285.550000 1026.000000 44.000000 4.000000 170.000000 -1.000000 24.000000
2014-03-10T14:00:00Z 286.070000 1028.000000 41.000000 3.000000 0.000000 -1.000000 40.000000
2014-03-10T13:00:00Z 286.070000 1028.000000 41.000000 3.000000 0.000000 -1.000000 40.000000
2014-03-10T12:00:00Z 286.070000 1028.000000 41.000000 3.000000 0.000000 -1.000000 40.000000
2014-03-10T11:00:00Z 285.070000 1029.000000 43.000000 2.000000 0.000000 -1.000000 0.000000
2014-03-10T10:00:00Z 284.620000 1029.000000 54.000000 2.000000 170.000000 -1.000000 0.000000
2014-03-10T09:00:00Z 282.610000 1029.000000 71.000000 3.770000 126.500000 -1.000000 0.000000
2014-03-10T08:00:00Z 282.610000 1029.000000 71.000000 3.770000 126.500000 -1.000000 0.000000
2014-03-10T07:00:00Z 277.690000 1028.000000 80.000000 2.370000 81.517900 -1.000000 0.000000
2014-03-10T06:00:00Z 277.690000 1028.000000 80.000000 2.370000 81.517900 -1.000000 0.000000
2014-03-10T05:00:00Z 277.690000 1028.000000 80.000000 2.370000 81.517900 -1.000000 0.000000
2014-03-10T04:00:00Z 278.080000 1028.000000 81.000000 1.000000 0.000000 -1.000000 0.000000
2014-03-10T03:00:00Z 278.080000 1028.000000 81.000000 1.000000 0.000000 -1.000000 0.000000
2014-03-10T02:00:00Z 277.610000 1028.000000 80.000000 1.000000 0.000000 -1.000000 0.000000
2014-03-10T01:00:00Z 278.620000 1028.000000 75.000000 1.000000 170.000000 -1.000000 0.000000
2014-03-10T00:00:00Z 278.620000 1028.000000 75.000000 1.000000 170.000000 -1.000000 0.000000
2014-03-19T06:00:00Z 284.090000 1012.000000 88.000000 2.060000 256.000000 1.500000 92.000000
2014-03-19T05:00:00Z 284.130000 1013.000000 89.000000 1.030000 251.000000 1.500000 92.000000
2014-03-19T04:00:00Z 284.130000 1013.000000 89.000000 1.030000 251.000000 1.500000 92.000000
2014-03-19T03:00:00Z 284.170000 1015.000000 89.000000 5.220000 73.503500 -1.000000 48.000000
2014-03-19T02:00:00Z 284.170000 1015.000000 89.000000 5.220000 73.503500 -1.000000 48.000000
2014-03-19T01:00:00Z 284.470000 1016.000000 66.000000 5.000000 70.000000 -1.000000 0.000000
2014-03-19T00:00:00Z 284.470000 1016.000000 66.000000 5.000000 70.000000 -1.000000 0.000000
2014-03-18T23:00:00Z 284.440000 1017.000000 84.000000 5.710000 65.001000 -1.000000 36.000000
2014-03-18T22:00:00Z 285.060000 1015.000000 85.000000 2.060000 283.000000 -1.000000 36.000000
2014-03-18T21:00:00Z 285.360000 1016.000000 83.000000 2.570000 96.000000 -1.000000 36.000000
2014-03-18T20:00:00Z 286.610000 1017.000000 66.000000 6.020000 63.501300 -1.000000 8.000000
2014-03-18T19:00:00Z 288.310000 1017.000000 66.000000 6.020000 63.501300 -1.000000 8.000000
2014-03-18T18:00:00Z 288.310000 1017.000000 66.000000 6.020000 63.501300 -1.000000 8.000000
2014-03-18T17:00:00Z 289.970000 1014.000000 71.000000 1.540000 300.000000 -1.000000 0.000000
2014-03-18T16:00:00Z 292.330000 1016.000000 40.000000 4.310000 64.500700 -1.000000 0.000000
2014-03-18T15:00:00Z 294.820000 1016.000000 40.000000 4.310000 64.500700 -1.000000 0.000000
2014-03-18T14:00:00Z 296.690000 1015.000000 44.000000 2.060000 340.003000 -1.000000 24.000000
2014-03-18T13:00:00Z 297.690000 1017.000000 44.000000 2.060000 340.003000 -1.000000 24.000000
2014-03-18T12:00:00Z 297.410000 1018.000000 50.000000 2.400000 272.007000 -1.000000 12.000000
2014-03-18T11:00:00Z 297.180000 1019.000000 50.000000 2.400000 272.007000 -1.000000 12.000000
2014-03-18T10:00:00Z 297.180000 1019.000000 50.000000 2.400000 272.007000 -1.000000 12.000000
2014-03-18T09:00:00Z 293.150000 1015.000000 63.000000 1.310000 246.002000 -1.000000 12.000000
2014-03-18T08:00:00Z 287.720000 1018.000000 75.000000 1.310000 246.002000 -1.000000 12.000000
2014-04-18T04:00:00Z 289.710000 1015.000000 97.000000 3.820000 9.001340 0.000000 8.000000
2014-04-18T03:00:00Z 289.840000 1014.000000 91.000000 2.060000 315.000000 0.000000 0.000000
2014-04-18T02:00:00Z 289.840000 1014.000000 91.000000 2.060000 315.000000 0.000000 0.000000
2014-04-18T01:00:00Z 290.380000 1015.000000 98.000000 2.060000 270.000000 0.000000 92.000000
2014-04-18T00:00:00Z 290.710000 1014.000000 98.000000 1.520000 67.000200 0.000000 8.000000
2014-04-17T23:00:00Z 290.710000 1014.000000 98.000000 1.520000 67.000200 0.000000 8.000000
2014-04-17T22:00:00Z 290.880000 1015.000000 96.000000 0.510000 45.000000 0.000000 92.000000
2014-04-17T21:00:00Z 290.890000 1014.000000 89.000000 1.030000 0.000000 0.000000 0.000000
2014-04-17T20:00:00Z 290.790000 1012.000000 89.000000 0.510000 0.000000 0.000000 0.000000
2014-04-17T19:00:00Z 291.750000 1011.000000 76.000000 1.540000 292.000000 0.000000 20.000000
2014-04-17T18:00:00Z 291.750000 1011.000000 76.000000 1.540000 292.000000 0.000000 20.000000
2014-04-17T17:00:00Z 292.270000 1010.000000 96.000000 1.030000 0.000000 1.000000 76.000000
2014-04-17T16:00:00Z 292.690000 1011.000000 98.000000 1.540000 225.000000 14.000000 92.000000
2014-04-17T15:00:00Z 293.680000 1010.000000 100.000000 4.110000 315.000000 9.500000 92.000000
2014-04-17T14:00:00Z 293.670000 1010.000000 100.000000 4.110000 270.000000 -1.000000 92.000000
2014-04-17T13:00:00Z 293.670000 1010.000000 100.000000 4.110000 270.000000 -1.000000 92.000000
2014-04-17T12:00:00Z 292.630000 1010.000000 76.000000 2.060000 90.000000 -1.000000 92.000000
2014-04-17T11:00:00Z 290.160000 1010.000000 76.000000 2.060000 90.000000 -1.000000 92.000000
2014-04-17T10:00:00Z 290.490000 1013.000000 85.000000 3.080000 315.000000 -1.000000 92.000000
2014-04-17T09:00:00Z 290.490000 1013.000000 85.000000 3.080000 315.000000 -1.000000 92.000000
2014-05-22T04:00:00Z 292.712000 1021.490000 82.000000 5.110000 156.500000 -1.000000 92.000000
2014-05-22T03:00:00Z 293.084000 1021.820000 78.000000 4.400000 132.508000 -1.000000 92.000000
2014-05-22T02:00:00Z 294.090000 1008.000000 68.000000 3.000000 120.000000 -1.000000 92.000000
2014-05-22T01:00:00Z 293.084000 1021.820000 78.000000 4.400000 132.508000 -1.000000 92.000000
2014-05-22T00:00:00Z 294.090000 1008.000000 68.000000 4.000000 150.000000 -1.000000 92.000000
2014-05-21T23:00:00Z 294.020000 1009.000000 60.000000 5.000000 140.000000 -1.000000 92.000000
2014-05-21T22:00:00Z 293.930000 1022.610000 72.000000 4.550000 134.504000 -1.000000 92.000000
2014-05-21T21:00:00Z 295.530000 1009.000000 57.000000 4.000000 140.000000 -1.000000 92.000000
2014-05-21T20:00:00Z 294.932000 1021.740000 58.000000 4.510000 131.505000 -1.000000 92.000000
2014-05-21T19:00:00Z 297.480000 1008.000000 53.000000 5.000000 140.000000 -1.000000 88.000000
2014-05-21T18:00:00Z 300.245000 1021.220000 42.000000 4.910000 133.008000 -1.000000 88.000000
2014-05-21T17:00:00Z 300.245000 1021.220000 42.000000 4.910000 133.008000 -1.000000 88.000000
2014-05-21T16:00:00Z 300.060000 1008.000000 42.000000 4.110000 45.000000 -1.000000 88.000000
2014-05-21T15:00:00Z 299.340000 1009.000000 49.000000 2.570000 270.000000 -1.000000 56.000000
2014-05-21T14:00:00Z 301.070000 1010.000000 49.000000 5.140000 45.000000 -1.000000 56.000000
2014-05-21T13:00:00Z 301.450000 1011.000000 49.000000 3.080000 180.000000 -1.000000 56.000000
2014-05-21T12:00:00Z 301.370000 1009.000000 42.000000 2.000000 0.000000 -1.000000 0.000000
2014-05-21T11:00:00Z 300.880000 1011.000000 61.000000 2.060000 180.000000 -1.000000 0.000000
2014-06-28T20:00:00Z 296.610000 1007.000000 83.000000 4.000000 190.000000 0.000000 92.000000
2014-06-28T19:00:00Z 298.060000 1006.000000 69.000000 4.000000 190.000000 0.500000 92.000000
2014-06-28T18:00:00Z 298.610000 1005.000000 74.000000 3.000000 190.000000 0.000000 92.000000
2014-06-28T17:00:00Z 299.090000 1005.000000 69.000000 4.000000 190.000000 0.000000 92.000000
2014-06-28T16:00:00Z 300.070000 1005.000000 65.000000 6.000000 190.000000 0.000000 92.000000
2014-06-28T15:00:00Z 300.560000 1006.000000 62.000000 5.000000 190.000000 0.000000 88.000000
2014-06-28T14:00:00Z 301.600000 1006.000000 62.000000 3.000000 230.000000 0.000000 88.000000
2014-06-28T13:00:00Z 301.600000 1006.000000 62.000000 3.000000 230.000000 0.000000 88.000000
2014-06-28T12:00:00Z 301.080000 1007.000000 58.000000 2.000000 190.000000 -1.000000 92.000000
2014-11-07T01:00:00Z 288.150000 1025.000000 87.000000 4.000000 360.000000 -1.000000 0.000000
2014-11-07T00:00:00Z 288.150000 1025.000000 87.000000 4.000000 360.000000 -1.000000 0.000000
2014-11-06T23:00:00Z 288.150000 1025.000000 87.000000 3.000000 360.000000 -1.000000 0.000000
2014-11-06T22:00:00Z 288.150000 1025.000000 87.000000 3.000000 360.000000 -1.000000 0.000000
2014-11-06T21:00:00Z 289.620000 1024.000000 77.000000 4.000000 20.000000 -1.000000 8.000000
2014-11-06T20:00:00Z 289.620000 1024.000000 77.000000 4.000000 20.000000 -1.000000 8.000000
2014-11-06T19:00:00Z 290.150000 1023.000000 67.000000 5.000000 10.000000 -1.000000 8.000000
2014-11-06T18:00:00Z 290.670000 1023.000000 59.000000 3.000000 360.000000 -1.000000 8.000000
2014-11-06T17:00:00Z 290.670000 1023.000000 59.000000 3.000000 360.000000 -1.000000 8.000000
2014-11-06T16:00:00Z 293.150000 1022.000000 49.000000 4.000000 360.000000 -1.000000 0.000000
2014-11-06T15:00:00Z 293.150000 1022.000000 49.000000 4.000000 360.000000 -1.000000 0.000000
2014-11-06T14:00:00Z 293.150000 1022.000000 49.000000 4.000000 360.000000 -1.000000 0.000000
2014-11-06T13:00:00Z 292.620000 1023.000000 52.000000 5.000000 360.000000 -1.000000 20.000000
2014-11-06T12:00:00Z 292.620000 1023.000000 52.000000 5.000000 360.000000 -1.000000 20.000000
2014-11-06T11:00:00Z 292.620000 1023.000000 52.000000 5.000000 360.000000 -1.000000 20.000000
2014-11-06T10:00:00Z 292.620000 1023.000000 52.000000 5.000000 360.000000 -1.000000 20.000000
2014-11-06T09:00:00Z 289.680000 1023.000000 72.000000 5.000000 320.000000 -1.000000 12.000000
2014-11-06T08:00:00Z 289.680000 1023.000000 72.000000 5.000000 320.000000 -1.000000 12.000000
2014-11-06T07:00:00Z 289.150000 1022.000000 72.000000 5.000000 320.000000 -1.000000 12.000000
2014-11-06T06:00:00Z 289.150000 1021.000000 77.000000 4.000000 320.000000 -1.000000 0.000000
2014-11-06T05:00:00Z 289.150000 1020.000000 77.000000 4.000000 320.000000 -1.000000 12.000000
2014-11-12T15:00:00Z 290.620000 1021.000000 45.000000 5.000000 330.000000 -1.000000 32.000000
2014-11-12T14:00:00Z 290.620000 1021.000000 45.000000 5.000000 330.000000 -1.000000 32.000000
2014-11-12T13:00:00Z 290.620000 1021.000000 55.000000 5.000000 10.000000 -1.000000 32.000000
2014-11-12T12:00:00Z 290.630000 1022.000000 55.000000 5.000000 360.000000 -1.000000 32.000000
2014-11-12T11:00:00Z 290.150000 1022.000000 63.000000 5.000000 330.000000 -1.000000 0.000000
2014-11-12T10:00:00Z 290.150000 1022.000000 63.000000 5.000000 330.000000 -1.000000 0.000000
2014-11-12T09:00:00Z 289.150000 1022.000000 72.000000 5.000000 340.000000 -1.000000 0.000000
2014-11-12T08:00:00Z 287.150000 1022.000000 82.000000 3.000000 310.000000 -1.000000 0.000000
2014-11-12T07:00:00Z 286.150000 1021.000000 87.000000 3.000000 290.000000 -1.000000 0.000000
2014-11-12T06:00:00Z 286.150000 1020.000000 87.000000 3.000000 290.000000 -1.000000 0.000000
2014-11-12T05:00:00Z 286.150000 1020.000000 87.000000 3.000000 290.000000 -1.000000 0.000000
2014-11-12T04:00:00Z 286.670000 1020.000000 87.000000 3.000000 290.000000 -1.000000 0.000000
2014-11-12T03:00:00Z 287.150000 1020.000000 82.000000 4.000000 290.000000 -1.000000 0.000000
2014-11-12T02:00:00Z 287.150000 1020.000000 82.000000 4.000000 290.000000 -1.000000 0.000000
2014-11-12T01:00:00Z 287.630000 1020.000000 77.000000 4.000000 290.000000 -1.000000 0.000000
2014-11-12T00:00:00Z 287.620000 1020.000000 72.000000 4.000000 290.000000 -1.000000 32.000000
2014-11-11T23:00:00Z 287.620000 1020.000000 72.000000 3.000000 310.000000 -1.000000 32.000000
2014-11-17T13:00:00Z 287.620000 1028.000000 47.000000 6.000000 10.000000 -1.000000 20.000000
2014-11-17T12:00:00Z 287.620000 1028.000000 47.000000 6.000000 10.000000 -1.000000 20.000000
2014-11-17T11:00:00Z 287.150000 1029.000000 58.000000 6.000000 350.000000 -1.000000 36.000000
2014-11-17T10:00:00Z 286.150000 1029.000000 66.000000 5.000000 350.000000 -1.000000 36.000000
2014-11-17T09:00:00Z 286.150000 1029.000000 66.000000 5.000000 350.000000 -1.000000 36.000000
2014-11-17T08:00:00Z 284.150000 1028.000000 62.000000 5.000000 350.000000 -1.000000 0.000000
2014-11-17T07:00:00Z 282.620000 1028.000000 71.000000 4.000000 350.000000 -1.000000 0.000000
2014-11-17T06:00:00Z 282.630000 1027.000000 76.000000 4.000000 350.000000 -1.000000 36.000000
2014-11-17T05:00:00Z 283.680000 1026.000000 87.000000 4.000000 340.000000 -1.000000 36.000000
2014-11-17T04:00:00Z 283.680000 1026.000000 87.000000 4.000000 340.000000 -1.000000 36.000000
2014-11-17T01:00:00Z 285.150000 1026.000000 87.000000 3.000000 330.000000 -1.000000 36.000000
2014-11-17T00:00:00Z 286.150000 1026.000000 87.000000 3.000000 330.000000 -1.000000 68.000000
2014-11-16T23:00:00Z 286.150000 1026.000000 87.000000 3.000000 330.000000 -1.000000 68.000000
