2013-06-01T04:00:00Z 119 67 168 147 110 165 17 52 133 98 67 -1 -1 -1 -1
2013-06-01T03:00:00Z 120 69 179 149 107 159 12 48 131 100 67 -1 -1 -1 -1
2013-06-01T02:00:00Z 111 60 170 120 96 149 15 46 108 100 63 -1 -1 -1 -1
2013-06-01T01:00:00Z 95 55 146 104 86 184 18 45 138 95 59 -1 -1 -1 -1
2013-06-01T00:00:00Z 96 53 144 87 79 312 13 47 111 94 50 -1 -1 -1 -1
2013-05-31T23:00:00Z 85 52 125 115 73 173 11 54 101 89 55 -1 -1 -1 -1
2013-06-02T14:00:00Z 146 73 158 191 121 51 17 67 129 130 120 -1 -1 -1 -1
2013-06-02T13:00:00Z 158 67 158 206 120 66 22 55 111 162 143 -1 -1 -1 -1
2013-06-02T12:00:00Z 172 49 140 188 112 84 29 57 107 150 154 -1 -1 -1 -1
2013-06-02T11:00:00Z 193 26 133 179 106 161 31 86 166 142 165 -1 -1 -1 -1
2013-06-02T10:00:00Z 189 27 143 182 104 188 30 128 215 117 176 -1 -1 -1 -1
2013-06-02T09:00:00Z 205 31 134 159 99 208 28 133 250 103 166 -1 -1 -1 -1
2013-06-05T20:00:00Z 123 79 180 179 69 58 40 34 174 155 108 -1 -1 -1 -1
2013-06-05T19:00:00Z 134 74 170 144 70 59 40 33 199 138 113 -1 -1 -1 -1
2013-06-05T18:00:00Z 136 72 179 132 82 70 43 28 151 138 114 -1 -1 -1 -1
2013-06-05T17:00:00Z 121 48 185 124 86 68 45 28 141 129 112 -1 -1 -1 -1
2013-06-05T16:00:00Z 112 42 174 138 82 71 42 30 151 145 104 -1 -1 -1 -1
2013-06-05T15:00:00Z 119 34 176 136 73 67 42 24 136 136 105 -1 -1 -1 -1
2013-06-14T16:00:00Z 127 79 76 75 102 102 53 37 76 76 38 -1 -1 -1 -1
2013-06-14T15:00:00Z 124 71 72 77 96 105 51 47 80 79 35 -1 -1 -1 -1
2013-06-14T14:00:00Z 134 71 96 97 104 120 38 53 85 103 37 -1 -1 -1 -1
2013-06-14T13:00:00Z 145 62 103 119 94 109 64 55 95 136 45 -1 -1 -1 -1
2013-06-14T12:00:00Z 143 64 146 153 108 100 48 56 125 149 55 -1 -1 -1 -1
2013-06-14T11:00:00Z 140 58 125 151 149 89 43 53 147 189 63 -1 -1 -1 -1
2013-06-15T17:00:00Z 195 74 107 162 127 102 76 58 115 89 106 -1 -1 -1 -1
2013-06-15T16:00:00Z 157 71 117 170 139 119 73 53 93 89 111 -1 -1 -1 -1
2013-06-15T15:00:00Z 152 74 148 174 151 168 84 51 88 87 109 -1 -1 -1 -1
2013-06-15T14:00:00Z 145 61 166 158 171 193 91 36 108 149 103 -1 -1 -1 -1
2013-06-15T13:00:00Z 140 57 153 172 194 171 77 25 139 180 96 -1 -1 -1 -1
2013-06-15T12:00:00Z 129 55 148 164 200 132 68 24 121 224 97 -1 -1 -1 -1
2013-06-26T01:00:00Z 149 33 25 72 66 33 35 34 28 25 37 -1 -1 -1 -1
2013-06-26T00:00:00Z 159 36 35 84 66 54 34 37 32 30 36 -1 -1 -1 -1
2013-06-25T23:00:00Z 135 36 32 88 52 63 40 41 33 22 36 -1 -1 -1 -1
2013-06-25T22:00:00Z 116 41 32 83 73 103 25 41 40 21 43 -1 -1 -1 -1
2013-06-25T21:00:00Z 145 89 29 85 135 84 32 44 57 19 55 -1 -1 -1 -1
2013-06-25T20:00:00Z 166 131 31 140 174 86 34 27 66 34 54 -1 -1 -1 -1
2013-06-28T05:00:00Z 191 27 168 171 147 133 39 26 149 114 57 -1 -1 -1 -1
2013-06-28T04:00:00Z 186 30 174 173 153 143 30 23 155 95 58 -1 -1 -1 -1
2013-06-28T03:00:00Z 212 28 186 135 147 177 33 39 200 97 62 -1 -1 -1 -1
2013-06-28T02:00:00Z 193 28 155 114 140 180 27 52 232 88 70 -1 -1 -1 -1
2013-06-28T01:00:00Z 192 28 118 112 137 208 43 76 221 75 74 -1 -1 -1 -1
2013-06-28T00:00:00Z 195 34 104 124 152 214 18 95 195 65 80 -1 -1 -1 -1
2013-06-30T01:00:00Z 205 149 65 177 66 68 73 64 46 82 52 -1 -1 -1 -1
2013-06-30T00:00:00Z 193 138 57 171 80 60 65 74 49 75 55 -1 -1 -1 -1
2013-06-29T23:00:00Z 173 111 57 156 78 73 44 79 43 66 60 -1 -1 -1 -1
2013-06-29T22:00:00Z 153 114 61 152 86 91 51 79 61 68 60 -1 -1 -1 -1
2013-06-29T21:00:00Z 142 102 51 137 91 102 37 87 39 60 60 -1 -1 -1 -1
2013-06-29T20:00:00Z 128 96 48 111 103 124 33 67 83 47 53 -1 -1 -1 -1
2013-07-18T14:00:00Z 180 64 84 71 112 113 63 44 116 90 56 -1 -1 -1 -1
2013-07-18T13:00:00Z 205 76 82 53 93 103 57 45 101 145 62 -1 -1 -1 -1
2013-07-18T12:00:00Z -1 -1 -1 -1 -1 -1 -1 -1 -1 -1 -1 -1 -1 -1 -1
2013-07-18T11:00:00Z 147 82 68 109 125 127 54 56 96 193 97 -1 -1 -1 -1
2013-07-18T10:00:00Z 172 79 65 107 136 116 48 51 93 159 111 -1 -1 -1 -1
2013-07-18T09:00:00Z 159 73 69 92 141 123 46 41 89 189 120 -1 -1 -1 -1
2013-08-15T21:00:00Z 201 83 84 193 121 124 100 133 108 71 76 -1 -1 -1 -1
2013-08-15T20:00:00Z 204 90 120 174 111 70 88 123 98 63 75 -1 -1 -1 -1
2013-08-15T19:00:00Z 190 87 175 165 92 58 86 126 99 63 65 -1 -1 -1 -1
2013-08-15T18:00:00Z 189 72 151 143 84 97 87 125 72 66 61 -1 -1 -1 -1
2013-08-15T17:00:00Z 179 61 163 144 72 86 76 120 105 56 57 -1 -1 -1 -1
2013-08-15T16:00:00Z 143 60 174 141 87 92 80 114 119 73 58 -1 -1 -1 -1
2013-09-12T15:00:00Z 168 48 194 117 143 92 46 56 164 163 131 -1 -1 -1 -1
2013-09-12T14:00:00Z 169 41 165 121 131 71 47 58 145 180 137 -1 -1 -1 -1
2013-09-12T13:00:00Z 178 66 140 125 121 99 45 71 144 185 140 -1 -1 -1 -1
2013-09-12T12:00:00Z 187 59 153 128 127 113 46 84 169 259 141 -1 -1 -1 -1
2013-09-12T11:00:00Z 180 72 165 139 144 144 56 121 171 225 144 -1 -1 -1 -1
2013-09-12T10:00:00Z 160 65 157 126 156 141 55 143 172 196 144 -1 -1 -1 -1
2013-09-19T22:00:00Z 111 53 218 143 129 165 17 135 163 189 90 -1 -1 -1 -1
2013-09-19T21:00:00Z 110 82 208 128 131 156 15 141 161 201 352 -1 -1 -1 -1
2013-09-19T20:00:00Z -1 -1 -1 -1 -1 -1 -1 -1 -1 -1 -1 -1 -1 -1 -1
2013-09-19T19:00:00Z 94 40 176 105 128 134 10 96 153 175 42 -1 -1 -1 -1
2013-09-19T18:00:00Z 97 43 136 109 123 122 10 81 169 178 38 -1 -1 -1 -1
2013-09-19T17:00:00Z -1 -1 -1 -1 -1 -1 -1 -1 -1 -1 -1 -1 -1 -1 -1
2013-09-27T17:00:00Z 204 56 219 212 128 133 19 101 111 96 77 -1 -1 -1 -1
2013-09-27T16:00:00Z 207 44 209 193 143 129 12 82 113 93 75 -1 -1 -1 -1
2013-09-27T15:00:00Z 236 41 191 152 161 127 14 88 111 111 76 -1 -1 -1 -1
2013-09-27T14:00:00Z 261 31 178 137 175 159 17 113 133 136 82 -1 -1 -1 -1
2013-09-27T13:00:00Z 263 34 152 150 185 180 19 164 167 198 79 -1 -1 -1 -1
2013-09-27T12:00:00Z 263 29 165 133 190 181 27 184 143 239 84 -1 -1 -1 -1
2013-10-04T21:00:00Z 408 206 205 480 138 121 83 137 147 133 67 49 153 162 114
2013-10-04T20:00:00Z 399 195 204 452 126 107 75 123 111 133 70 34 157 175 103
2013-10-04T19:00:00Z 374 169 195 432 110 105 43 88 122 112 70 26 142 151 109
2013-10-04T18:00:00Z 355 149 218 418 103 123 34 82 86 100 65 24 123 117 110
2013-10-04T17:00:00Z 336 132 283 411 100 139 33 103 87 88 69 26 124 134 107
2013-10-04T16:00:00Z 300 126 344 380 101 149 43 118 62 82 71 33 124 152 88
2013-10-09T19:00:00Z 93 76 242 274 82 75 61 68 104 171 122 133 153 120 77
2013-10-09T18:00:00Z 89 73 234 264 76 70 61 62 93 161 118 132 143 118 72
2013-10-09T17:00:00Z 84 70 228 255 67 68 59 56 82 153 115 132 134 115 65
2013-10-09T16:00:00Z 79 66 221 228 61 67 56 52 74 143 111 131 124 113 59
2013-10-09T15:00:00Z 75 63 214 200 57 67 54 50 65 131 107 130 116 110 53
2013-10-09T14:00:00Z 72 61 208 190 53 67 51 48 56 117 104 130 108 106 47
2013-10-27T14:00:00Z 202 50 239 216 174 158 51 138 159 125 119 -1 -1 -1 -1
2013-10-27T13:00:00Z 201 48 225 219 168 189 40 133 151 117 120 103 -1 -1 -1
2013-10-27T12:00:00Z 207 53 242 214 167 189 33 147 154 134 124 -1 -1 -1 -1
2013-10-27T11:00:00Z 222 49 225 201 173 198 38 159 166 133 117 -1 -1 -1 -1
2013-10-27T10:00:00Z 224 61 214 209 173 196 40 174 183 136 126 120 -1 -1 -1
2013-10-27T09:00:00Z 206 78 210 211 170 189 39 173 180 127 127 -1 -1 -1 -1
2013-10-31T12:00:00Z 170 45 218 160 131 170 41 118 82 144 182 -1 123 91 85
2013-10-31T11:00:00Z 175 46 211 150 139 167 36 133 96 141 175 -1 128 101 92
2013-10-31T10:00:00Z 208 56 199 160 147 172 44 152 98 112 164 -1 125 100 90
2013-10-31T09:00:00Z 190 63 188 200 147 172 47 152 105 95 121 -1 117 93 93
2013-10-31T08:00:00Z 180 54 176 211 140 150 42 135 87 104 108 -1 110 90 94
2013-10-31T07:00:00Z -1 -1 -1 -1 -1 -1 -1 -1 -1 -1 -1 -1 -1 -1 -1
2013-11-08T20:00:00Z -1 102 223 191 131 94 147 49 116 115 89 -1 141 81 40
2013-11-08T19:00:00Z -1 91 201 174 126 92 211 43 116 110 92 -1 136 78 49
2013-11-08T18:00:00Z -1 87 192 168 118 91 -1 39 100 110 83 -1 120 86 46
2013-11-08T17:00:00Z -1 43 179 158 121 60 -1 36 116 69 79 -1 111 88 39
2013-11-08T16:00:00Z -1 42 165 156 114 47 -1 39 89 71 74 -1 118 92 42
2013-11-08T15:00:00Z -1 39 145 143 102 48 134 47 115 81 71 -1 112 117 64
2013-11-13T17:00:00Z 117 64 330 263 100 148 92 49 94 75 105 -1 113 51 128
2013-11-13T16:00:00Z 20 52 265 227 108 117 88 47 90 80 93 -1 121 46 111
2013-11-13T15:00:00Z 174 48 216 220 122 109 84 68 88 88 78 -1 135 54 89
2013-11-13T14:00:00Z 194 42 221 205 133 114 82 74 106 90 86 -1 140 74 258
2013-11-13T13:00:00Z 204 37 209 195 134 138 71 59 103 104 91 -1 146 91 91
2013-11-13T12:00:00Z 196 48 193 201 128 162 75 39 94 125 104 -1 175 153 126
2013-11-22T18:00:00Z 286 42 292 308 196 268 108 210 229 214 143 60 292 232 265
2013-11-22T17:00:00Z 273 28 288 262 177 210 84 161 203 197 146 59 275 232 278
2013-11-22T16:00:00Z 253 22 318 229 157 197 47 128 177 193 136 71 280 240 309
2013-11-22T15:00:00Z 221 20 296 238 152 219 41 75 157 154 153 89 296 226 298
2013-11-22T14:00:00Z 217 23 283 218 172 247 28 71 133 161 168 88 323 252 359
2013-11-22T13:00:00Z -1 -1 -1 -1 -1 -1 -1 -1 -1 -1 -1 -1 -1 -1 -1
2013-12-06T21:00:00Z 261 61 284 343 135 147 107 60 -1 168 142 77 173 133 124
2013-12-06T20:00:00Z 224 64 292 341 129 133 121 57 -1 158 149 55 149 124 111
2013-12-06T19:00:00Z 198 64 305 316 121 139 78 97 -1 131 141 29 128 99 117
2013-12-06T18:00:00Z 180 48 211 294 112 146 24 128 -1 121 135 23 106 79 130
2013-12-06T17:00:00Z 172 39 280 282 107 133 18 140 -1 94 127 21 96 71 121
2013-12-06T16:00:00Z 147 35 255 261 102 110 17 124 -1 82 114 22 387 78 90
2013-12-22T18:00:00Z 272 80 472 207 127 269 48 75 116 177 118 127 119 201 87
2013-12-22T17:00:00Z 246 60 420 199 130 232 44 50 110 149 114 127 122 169 95
2013-12-22T16:00:00Z 273 43 401 209 140 208 41 42 106 145 105 130 123 147 92
2013-12-22T15:00:00Z 333 32 428 284 149 236 40 45 94 147 97 126 125 124 96
2013-12-22T14:00:00Z 394 36 410 319 159 272 44 46 100 129 96 139 152 119 88
2013-12-22T13:00:00Z 459 33 439 314 180 391 29 50 145 141 110 152 190 120 151
2014-01-04T11:00:00Z 121 69 179 264 55 142 53 80 65 100 84 87 119 94 88
2014-01-04T10:00:00Z 113 65 170 210 45 156 50 81 51 88 91 87 121 93 92
2014-01-04T09:00:00Z 102 54 143 191 40 151 50 77 45 72 74 79 99 73 63
2014-01-04T08:00:00Z 79 48 121 182 32 148 46 70 36 50 72 68 83 67 78
2014-01-04T07:00:00Z 54 46 120 170 35 146 43 52 38 55 62 63 81 54 116
2014-01-04T06:00:00Z 68 44 104 156 33 129 36 56 36 58 57 62 72 47 52
2014-01-05T22:00:00Z 132 76 236 163 87 146 77 119 64 119 257 72 114 143 92
2014-01-05T21:00:00Z 127 77 222 208 90 144 79 126 78 100 243 75 114 133 86
2014-01-05T20:00:00Z 69 72 210 152 93 138 65 119 88 94 263 57 103 139 78
2014-01-05T19:00:00Z 46 57 195 118 95 110 38 113 78 86 239 37 73 124 104
2014-01-05T18:00:00Z 26 27 189 88 64 81 25 100 53 78 223 30 53 105 113
2014-01-05T17:00:00Z 22 20 174 74 52 103 12 90 38 76 231 37 55 111 107
2014-01-11T15:00:00Z 325 49 386 227 369 329 42 183 253 412 128 58 220 216 163
2014-01-11T14:00:00Z 387 43 371 295 384 343 43 152 238 402 135 89 262 246 278
2014-01-11T13:00:00Z 436 39 365 337 372 298 36 118 234 347 133 113 301 308 361
2014-01-11T12:00:00Z 430 52 362 410 369 312 44 136 248 310 139 132 337 342 430
2014-01-11T11:00:00Z 446 68 383 411 368 336 47 147 271 252 159 114 343 335 435
2014-01-11T10:00:00Z 384 83 360 392 330 350 42 125 259 324 165 93 303 294 328
2014-01-17T17:00:00Z 161 18 524 236 134 120 7 62 137 240 128 8 145 90 80
2014-01-17T16:00:00Z -1 -1 -1 -1 -1 -1 -1 -1 -1 -1 -1 -1 -1 -1 -1
2014-01-17T15:00:00Z 173 65 445 202 124 145 12 49 116 166 199 9 137 98 83
2014-01-17T14:00:00Z -1 -1 -1 -1 -1 -1 -1 -1 -1 -1 -1 -1 -1 -1 -1
2014-01-17T13:00:00Z 108 51 391 196 76 143 14 50 76 183 421 13 151 109 109
2014-01-18T20:00:00Z 172 39 523 399 90 47 80 38 162 267 139 49 218 183 136
2014-01-18T19:00:00Z 209 28 425 351 93 48 43 30 135 188 125 48 201 167 147
2014-01-18T18:00:00Z 86 17 286 318 102 57 29 33 93 119 100 51 204 149 141
2014-01-18T17:00:00Z 58 9 236 376 126 46 19 31 82 133 96 56 220 145 144
2014-01-18T16:00:00Z 84 9 276 434 156 40 21 30 60 159 95 57 257 155 170
2014-01-18T15:00:00Z 123 12 160 404 190 19 24 37 92 278 104 58 278 211 185
2014-01-19T07:00:00Z 136 64 396 383 131 111 81 41 187 278 160 41 291 182 253
2014-01-19T06:00:00Z 116 48 349 387 130 86 66 46 192 253 157 63 258 183 275
2014-01-19T05:00:00Z 114 53 380 441 135 72 59 48 190 239 129 86 228 185 277
2014-01-19T04:00:00Z 129 51 390 455 139 71 48 42 199 239 126 101 206 182 273
2014-01-19T03:00:00Z 158 52 398 435 143 79 70 40 217 250 124 104 214 169 260
2014-01-22T16:00:00Z 151 38 197 175 131 149 25 116 86 100 72 53 84 75 72
2014-01-22T15:00:00Z 179 38 208 158 132 138 51 113 76 98 69 65 85 73 64
2014-01-22T14:00:00Z 190 32 209 146 131 129 60 112 72 89 64 76 83 76 66
2014-01-22T13:00:00Z 164 38 204 160 117 125 39 107 99 91 58 102 86 85 80
2014-01-22T12:00:00Z 181 40 222 176 105 119 41 99 90 99 55 122 92 103 79
2014-01-22T11:00:00Z 119 49 247 168 92 113 48 87 125 107 52 119 112 105 76
2014-01-27T08:00:00Z 117 94 282 311 67 100 107 87 59 65 35 139 45 75 44
2014-01-27T07:00:00Z 123 93 265 309 68 100 79 92 56 57 33 127 40 74 42
2014-01-27T06:00:00Z 117 79 270 281 70 104 90 78 57 59 31 131 47 79 41
2014-01-27T05:00:00Z 111 84 274 258 72 107 95 68 61 74 29 155 44 79 46
2014-01-27T04:00:00Z 106 96 284 269 74 97 99 62 68 72 33 166 51 72 48
2014-01-27T03:00:00Z 106 86 283 255 77 92 83 54 73 82 37 178 56 66 49
2014-01-29T12:00:00Z 147 90 241 159 74 115 110 89 54 77 80 111 74 65 41
2014-01-29T11:00:00Z 125 85 260 176 73 139 91 79 59 66 66 123 69 70 41
2014-01-29T10:00:00Z 91 97 283 267 81 129 117 71 67 60 52 117 62 75 37
2014-01-29T09:00:00Z 70 80 281 307 83 104 86 61 63 61 43 96 48 74 45
2014-01-29T08:00:00Z 69 84 288 308 90 84 81 60 66 58 31 83 59 71 50
2014-01-29T07:00:00Z 67 84 274 285 95 63 71 60 68 57 25 79 47 71 50
2014-01-30T19:00:00Z 117 47 133 183 29 52 67 30 90 96 255 42 80 108 31
2014-01-30T18:00:00Z 21 20 122 119 33 41 25 30 103 55 235 30 66 109 29
2014-01-30T17:00:00Z 11 15 113 93 59 48 15 31 100 55 233 25 55 66 53
2014-01-30T16:00:00Z 13 11 94 97 92 61 14 31 40 57 255 28 65 53 117
2014-01-30T15:00:00Z 12 6 92 74 78 53 14 31 24 45 295 36 67 65 104
2014-01-30T14:00:00Z 17 7 90 88 60 84 15 35 29 43 287 49 96 101 84
2014-01-31T16:00:00Z 120 52 136 85 128 126 207 60 246 238 408 128 359 228 209
2014-01-31T15:00:00Z 114 46 144 73 126 138 217 64 262 279 419 202 352 240 224
2014-01-31T14:00:00Z 135 60 164 86 124 141 231 84 314 175 437 297 427 256 203
2014-01-31T13:00:00Z 148 110 177 122 125 148 209 82 313 182 462 356 467 282 205
2014-01-31T12:00:00Z 158 147 185 180 123 126 177 77 360 232 484 364 410 291 207
2014-01-31T11:00:00Z 163 171 201 211 111 106 197 91 332 335 477 330 380 284 213
2014-02-05T21:00:00Z 88 90 102 137 35 45 124 19 46 112 91 47 59 37 24
2014-02-05T20:00:00Z 72 68 101 115 37 49 134 20 38 88 88 46 52 39 22
2014-02-05T19:00:00Z 59 56 106 93 37 69 125 21 36 95 74 39 49 32 24
2014-02-05T18:00:00Z 61 42 103 94 35 58 88 21 27 62 69 32 41 27 20
2014-02-05T17:00:00Z 54 35 113 78 36 58 51 20 31 55 66 32 48 27 23
2014-02-05T16:00:00Z 48 33 124 77 35 49 44 25 30 52 66 31 59 26 23
2014-02-11T17:00:00Z 119 38 206 123 57 98 44 93 59 83 72 72 100 63 73
2014-02-11T16:00:00Z 126 55 209 113 57 85 43 103 54 57 68 78 94 61 66
2014-02-11T15:00:00Z 101 43 187 117 60 80 52 84 59 58 65 78 89 64 -1
2014-02-11T14:00:00Z 125 39 -1 125 62 73 46 96 54 44 61 89 78 68 72
2014-02-11T13:00:00Z 246 40 184 151 65 111 42 93 53 47 64 99 67 71 86
2014-02-11T12:00:00Z 300 43 173 186 81 129 43 111 62 52 70 119 70 92 109
2014-02-12T17:00:00Z 141 12 315 233 144 140 15 68 163 172 197 51 165 118 92
2014-02-12T16:00:00Z 161 11 332 219 149 138 14 96 167 160 199 46 151 114 95
2014-02-12T15:00:00Z 194 11 328 222 164 157 13 114 141 144 184 55 149 115 93
2014-02-12T14:00:00Z 212 15 320 225 152 172 17 97 155 129 192 80 156 125 98
2014-02-12T13:00:00Z 221 19 307 226 164 186 19 95 205 140 219 102 158 137 111
2014-02-12T12:00:00Z 213 28 314 211 183 162 23 101 132 177 218 111 159 158 141
2014-02-19T21:00:00Z 135 44 170 105 61 102 69 74 130 169 113 20 131 88 71
2014-02-19T20:00:00Z 130 47 142 78 59 105 67 85 138 154 102 18 123 80 63
2014-02-19T19:00:00Z 117 21 128 59 60 134 45 88 95 161 107 18 122 72 56
2014-02-19T18:00:00Z 104 16 128 42 62 140 17 88 87 158 104 20 126 65 53
2014-02-19T17:00:00Z 90 15 133 39 64 145 11 83 77 127 107 23 123 57 54
2014-02-19T16:00:00Z 67 20 123 33 65 161 9 86 75 124 101 28 122 54 52
2014-03-10T18:00:00Z 134 84 211 143 154 124 153 34 185 233 93 51 114 78 139
2014-03-10T17:00:00Z 127 61 206 115 136 102 168 31 179 226 98 57 119 74 152
2014-03-10T16:00:00Z 114 70 182 83 118 108 186 30 197 206 106 64 114 84 177
2014-03-10T15:00:00Z 102 64 164 77 115 86 170 30 199 235 106 66 133 102 177
2014-03-10T14:00:00Z 86 64 161 90 103 78 151 32 176 213 105 76 221 123 185
2014-03-10T13:00:00Z 75 59 157 111 85 73 157 32 142 199 107 87 235 123 200
2014-03-16T15:00:00Z 119 34 160 109 143 105 42 55 115 142 58 42 111 61 108
2014-03-16T14:00:00Z 111 30 142 98 145 98 44 54 101 153 69 50 107 57 129
2014-03-16T13:00:00Z 100 30 145 113 141 82 40 58 94 153 77 57 115 61 126
2014-03-16T12:00:00Z 92 36 145 118 145 70 33 40 118 159 80 72 116 59 148
2014-03-16T11:00:00Z 91 46 141 104 139 64 32 32 141 168 76 77 107 72 175
2014-03-16T10:00:00Z 84 57 158 108 138 63 38 30 161 130 71 71 107 90 164
2014-03-28T18:00:00Z 158 41 125 91 212 190 7 89 127 118 119 22 214 138 114
2014-03-28T17:00:00Z 151 33 123 104 229 164 6 64 128 146 112 25 212 125 108
2014-03-28T16:00:00Z 123 36 138 107 212 148 6 57 142 194 114 26 235 121 97
2014-03-28T15:00:00Z -1 -1 -1 -1 -1 -1 -1 -1 -1 -1 -1 -1 -1 -1 -1
2014-03-28T14:00:00Z 77 47 154 136 195 164 5 53 -1 238 96 30 150 107 85
2014-03-28T13:00:00Z 90 55 164 151 191 178 6 41 -1 241 86 39 129 107 78
2014-04-17T22:00:00Z 108 49 -1 113 90 98 85 75 129 163 152 29 163 59 30
2014-04-17T21:00:00Z 91 51 -1 104 98 102 80 72 126 135 141 33 177 126 37
2014-04-17T20:00:00Z 77 57 -1 105 112 95 72 52 140 131 140 36 158 113 36
2014-04-17T19:00:00Z 76 39 -1 95 123 85 87 47 183 131 143 33 173 117 27
2014-04-17T18:00:00Z 81 35 -1 83 139 100 61 41 173 127 141 24 193 109 17
2014-04-17T17:00:00Z 77 31 -1 78 141 116 67 39 172 130 143 22 271 106 23
2014-04-23T07:00:00Z 116 61 140 129 147 157 30 64 127 66 61 65 -1 182 185
2014-04-23T06:00:00Z 102 53 140 125 147 122 29 80 142 92 67 61 -1 184 180
2014-04-23T05:00:00Z 95 49 135 121 139 116 25 76 150 97 71 53 -1 173 173
2014-04-23T04:00:00Z 75 50 137 103 126 103 27 68 152 121 70 52 -1 171 155
2014-04-23T03:00:00Z 63 46 132 97 112 87 26 74 113 125 80 49 -1 153 135
2014-04-23T02:00:00Z 58 47 122 85 102 82 25 80 107 129 98 50 -1 134 127
2014-05-01T02:00:00Z 103 84 176 103 71 128 46 87 87 121 98 79 162 123 86
2014-05-01T01:00:00Z 94 93 169 101 69 113 46 83 80 107 107 73 146 117 84
2014-05-01T00:00:00Z -1 81 -1 -1 -1 -1 -1 -1 -1 112 -1 -1 -1 111 80
2014-04-30T23:00:00Z 89 99 155 110 64 116 31 86 76 106 95 57 125 107 71
2014-04-30T22:00:00Z 85 79 149 106 65 109 26 72 90 91 90 41 126 -1 -1
2014-04-30T21:00:00Z 68 76 131 92 62 95 22 65 71 77 89 32 114 143 73
2014-05-07T00:00:00Z 108 79 102 99 104 129 40 35 47 55 51 36 194 54 69
2014-05-06T23:00:00Z 102 59 85 94 112 107 27 33 55 71 54 37 100 51 73
2014-05-06T22:00:00Z 113 61 76 97 105 127 24 26 46 64 60 42 96 45 64
2014-05-06T21:00:00Z 110 55 65 105 108 118 23 29 50 55 85 42 59 45 60
2014-05-06T20:00:00Z 101 52 62 95 97 121 20 25 44 74 54 44 71 45 62
2014-05-06T19:00:00Z 95 44 57 91 95 129 15 27 40 56 53 32 93 44 44
2014-05-15T13:00:00Z 45 10 34 49 71 33 89 20 63 41 51 46 94 57 59
2014-05-15T12:00:00Z 52 11 32 48 82 51 81 21 69 41 54 63 88 59 -1
2014-05-15T11:00:00Z 62 16 33 40 78 71 48 38 56 43 51 82 79 58 52
2014-05-15T10:00:00Z 57 20 38 42 80 78 22 66 35 50 42 91 71 43 64
2014-05-15T09:00:00Z 64 27 40 45 78 86 29 66 47 52 46 90 79 53 64
2014-05-15T08:00:00Z 73 35 45 60 72 81 32 47 37 48 44 85 70 46 78
2014-05-18T17:00:00Z 107 26 150 165 87 89 29 54 81 64 59 63 84 87 79
2014-05-18T16:00:00Z 92 23 183 144 81 60 22 57 83 80 60 69 89 87 85
2014-05-18T15:00:00Z 74 27 163 117 77 49 18 53 99 71 62 72 91 96 79
2014-05-18T14:00:00Z 71 29 135 111 67 45 23 42 94 64 62 72 110 91 71
2014-05-18T13:00:00Z 72 30 112 81 68 52 21 35 109 75 66 73 94 90 50
2014-05-18T12:00:00Z -1 -1 -1 -1 -1 -1 -1 -1 -1 -1 -1 -1 -1 -1 -1
2014-05-19T11:00:00Z 143 34 88 98 106 136 21 53 137 115 95 122 154 123 130
2014-05-19T10:00:00Z 122 35 127 131 105 133 20 44 154 121 100 128 158 130 124
2014-05-19T09:00:00Z 103 42 148 133 105 99 20 49 150 122 108 113 164 129 114
2014-05-19T08:00:00Z 94 46 138 135 108 80 22 43 153 105 104 90 172 118 107
2014-05-19T07:00:00Z 68 57 135 139 100 80 21 39 135 99 108 60 163 108 100
2014-05-19T06:00:00Z 77 44 127 124 96 84 23 36 85 118 107 41 140 108 93
2014-05-21T14:00:00Z 121 24 120 96 95 156 30 44 156 121 72 54 106 57 120
2014-05-21T13:00:00Z 127 33 121 83 123 157 25 44 175 114 77 59 107 73 137
2014-05-21T12:00:00Z -1 -1 -1 -1 -1 -1 -1 -1 -1 -1 -1 -1 -1 -1 -1
2014-05-21T11:00:00Z 136 34 129 109 164 161 21 55 228 144 86 79 93 161 163
2014-05-21T10:00:00Z 123 27 136 174 171 149 11 61 243 140 85 70 98 192 162
2014-05-21T09:00:00Z 114 17 161 162 173 157 11 57 266 174 80 58 113 240 155
2014-05-25T04:00:00Z 92 35 132 162 134 119 26 20 132 148 73 103 121 160 41
2014-05-25T03:00:00Z 89 41 141 153 126 116 19 19 137 140 73 94 137 112 43
2014-05-25T02:00:00Z 82 42 150 136 124 107 15 22 146 133 69 91 133 94 38
2014-05-25T01:00:00Z 70 36 157 126 125 114 16 18 164 133 68 69 140 90 43
2014-05-25T00:00:00Z 70 26 159 140 127 100 12 14 183 133 76 47 139 105 42
2014-05-24T23:00:00Z 75 24 159 135 121 91 8 28 151 129 74 27 150 101 41
2014-07-07T09:00:00Z 67 172 266 213 59 90 71 41 96 223 82 112 159 84 30
2014-07-07T08:00:00Z 55 177 250 230 50 93 65 38 101 219 77 113 158 82 33
2014-07-07T07:00:00Z 59 166 248 230 42 92 77 36 102 201 77 104 133 64 33
2014-07-07T06:00:00Z 70 146 233 227 34 81 73 36 66 212 82 95 111 56 33
2014-07-07T05:00:00Z 74 150 236 211 30 57 80 31 61 199 82 87 125 53 32
2014-07-26T04:00:00Z 102 43 140 118 83 119 32 45 56 88 72 45 83 60 56
2014-07-26T03:00:00Z 112 43 134 113 80 105 25 46 55 92 68 48 85 49 60
2014-07-26T02:00:00Z 137 42 121 109 85 92 19 42 60 87 63 48 74 41 57
2014-07-26T01:00:00Z 143 38 123 124 84 77 20 46 64 79 65 53 78 -1 41
2014-07-26T00:00:00Z 128 47 100 119 85 75 22 50 58 80 60 -1 77 36 35
2014-07-25T23:00:00Z 107 46 102 100 88 84 28 61 62 74 57 36 86 33 27
2014-07-28T01:00:00Z 90 100 109 114 120 116 24 85 112 101 84 54 144 -1 105
2014-07-28T00:00:00Z 82 93 96 114 116 108 27 93 111 99 77 43 145 88 104
2014-07-27T23:00:00Z 75 91 83 106 108 95 27 80 97 79 78 37 145 81 97
2014-07-27T22:00:00Z 74 92 78 96 99 112 18 77 89 68 66 29 143 75 88
2014-07-27T21:00:00Z 71 87 80 98 101 112 11 94 85 73 -1 28 142 70 100
2014-07-27T20:00:00Z 65 72 69 79 93 118 14 115 75 76 62 24 149 61 -1
2014-07-30T08:00:00Z 139 31 91 78 100 83 8 25 59 80 42 42 55 55 46
2014-07-30T07:00:00Z 149 27 111 68 95 86 8 23 54 53 30 37 68 50 -1
2014-07-30T06:00:00Z 123 28 109 63 90 83 14 27 58 46 28 38 39 50 47
2014-07-30T05:00:00Z 89 41 98 72 84 91 18 21 58 39 19 37 28 47 48
2014-07-30T04:00:00Z 66 96 127 62 78 88 13 21 58 34 18 33 27 46 47
2014-07-30T03:00:00Z 46 117 123 53 69 91 11 18 51 28 24 29 27 52 53
2014-08-02T09:00:00Z 44 113 159 135 56 65 26 22 59 185 31 95 115 27 17
2014-08-02T08:00:00Z 39 106 165 170 56 81 37 27 52 197 29 97 104 24 23
2014-08-02T07:00:00Z 35 101 168 168 47 81 36 27 45 165 29 95 99 28 21
2014-08-02T06:00:00Z 37 99 172 172 44 66 34 27 41 152 26 92 94 24 19
2014-08-02T05:00:00Z 41 95 167 171 42 54 37 23 37 149 25 94 81 22 21
2014-08-21T01:00:00Z 127 23 105 113 143 163 31 117 168 132 98 23 130 104 63
2014-08-21T00:00:00Z 116 35 99 97 127 179 34 117 173 135 100 29 129 88 64
2014-08-20T23:00:00Z 116 24 77 97 106 176 38 94 160 130 102 -1 126 -1 -1
2014-08-20T22:00:00Z 113 34 69 91 93 157 36 56 118 119 -1 39 125 120 56
2014-08-20T21:00:00Z 85 65 58 81 82 125 30 39 92 118 106 32 128 125 69
2014-08-20T20:00:00Z 70 71 57 81 74 118 26 56 87 97 103 26 113 102 76
2014-08-30T03:00:00Z 93 50 87 78 91 63 52 40 73 111 126 51 106 57 36
2014-08-30T02:00:00Z 96 57 80 79 94 52 53 32 61 111 126 47 99 65 36
2014-08-30T01:00:00Z 102 47 78 76 92 50 49 37 117 107 -1 -1 97 -1 -1
2014-08-30T00:00:00Z 102 49 80 74 88 51 53 37 96 91 113 37 98 78 49
2014-08-29T23:00:00Z 96 49 84 79 86 49 61 34 89 80 108 36 98 119 50
2014-08-29T22:00:00Z 88 42 75 81 84 48 56 34 84 88 103 35 95 123 53
2014-09-01T09:00:00Z 95 63 107 126 93 55 26 33 97 132 137 50 103 154 57
2014-09-01T08:00:00Z 86 66 107 126 86 59 27 32 87 121 132 49 96 84 54
2014-09-01T07:00:00Z 82 46 104 117 81 58 24 30 79 127 -1 -1 89 -1 -1
2014-09-01T06:00:00Z 81 54 105 131 77 54 23 26 72 127 139 44 96 68 47
2014-09-01T05:00:00Z 82 58 102 151 74 56 23 29 63 122 136 46 104 66 52
2014-09-01T04:00:00Z 86 48 101 136 71 54 22 24 63 125 141 51 85 63 45
2014-09-05T19:00:00Z 105 44 81 55 61 51 22 17 36 45 -1 -1 66 -1 -1
2014-09-05T18:00:00Z 98 38 89 63 61 65 18 12 32 34 65 23 74 77 74
2014-09-05T17:00:00Z 83 39 108 58 51 56 17 10 28 32 61 19 76 74 88
2014-09-05T16:00:00Z 88 34 124 83 48 59 15 10 29 31 56 19 78 61 102
2014-09-05T15:00:00Z 74 31 111 91 45 57 15 10 31 37 -1 -1 69 -1 -1
2014-09-20T17:00:00Z -1 -1 -1 -1 -1 -1 -1 -1 -1 -1 34 20 -1 74 67
2014-09-20T16:00:00Z 122 27 100 115 94 69 5 40 104 143 36 24 50 71 61
2014-09-20T15:00:00Z 133 45 102 111 88 68 11 46 101 155 -1 -1 54 -1 -1
2014-09-20T14:00:00Z 138 55 110 114 85 70 9 71 85 157 29 40 59 76 62
2014-09-25T10:00:00Z 46 24 144 121 71 65 10 22 27 76 129 30 57 27 23
2014-09-25T09:00:00Z 41 20 130 111 73 60 13 20 32 66 136 28 57 35 20
2014-09-25T08:00:00Z 56 24 125 84 65 56 14 30 33 43 134 23 52 41 22
2014-09-25T07:00:00Z 54 22 108 84 -1 55 15 33 35 36 -1 -1 49 -1 -1
2014-09-25T06:00:00Z -1 -1 -1 -1 54 -1 -1 -1 -1 -1 147 20 -1 40 21
2014-09-25T05:00:00Z 50 24 104 83 54 54 15 29 34 41 116 19 46 31 19
2014-10-03T14:00:00Z 154 22 100 146 53 42 21 22 27 36 41 7 47 -1 -1
2014-10-03T13:00:00Z 166 23 120 113 49 43 16 31 28 47 41 9 46 56 16
2014-10-03T12:00:00Z 169 23 162 107 48 45 14 22 32 57 53 -1 44 -1 -1
2014-10-03T11:00:00Z 153 31 182 95 59 54 13 21 41 98 67 22 61 57 23
2014-10-03T10:00:00Z -1 -1 -1 -1 68 -1 -1 -1 -1 -1 87 26 74 69 33
2014-10-03T09:00:00Z 87 32 147 125 84 80 11 22 57 134 72 24 91 64 45
2014-10-07T13:00:00Z 140 26 156 198 105 60 12 140 79 147 57 45 108 95 86
2014-10-07T12:00:00Z 138 26 160 185 106 54 11 76 66 147 55 42 101 111 -1
2014-10-07T11:00:00Z 150 28 171 197 112 46 13 50 66 164 58 44 111 162 116
2014-10-07T10:00:00Z 137 34 188 180 100 42 13 43 80 182 70 43 125 204 108
2014-10-17T17:00:00Z 96 36 45 71 134 104 6 84 63 65 119 10 100 99 98
2014-10-17T16:00:00Z 106 45 49 59 127 112 6 81 74 71 115 11 108 99 90
2014-10-17T15:00:00Z -1 -1 -1 -1 -1 -1 -1 -1 -1 -1 -1 -1 -1 -1 -1
2014-10-17T14:00:00Z 125 40 69 68 125 113 8 77 86 103 104 24 123 104 92
2014-10-17T13:00:00Z 133 43 91 85 123 114 9 78 102 137 124 27 130 92 92
2014-10-17T12:00:00Z 143 48 92 83 120 131 11 84 98 132 127 30 131 89 98
2014-10-18T11:00:00Z 223 60 71 140 191 271 8 127 209 158 146 38 183 190 -1
2014-10-18T10:00:00Z 201 47 79 140 190 312 8 113 225 158 141 40 226 198 191
2014-10-18T09:00:00Z 179 56 72 142 183 328 8 103 219 166 141 37 255 204 202
2014-10-18T08:00:00Z 189 60 66 142 178 314 13 100 199 162 129 32 244 213 201
2014-10-18T07:00:00Z 206 58 61 124 180 300 15 106 174 153 122 31 205 225 203
2014-10-18T06:00:00Z -1 -1 -1 -1 180 295 -1 120 -1 -1 -1 -1 175 -1 -1
2014-10-29T15:00:00Z 107 67 161 103 129 121 29 84 119 113 110 55 177 115 56
2014-10-29T14:00:00Z 110 57 157 96 135 138 40 83 122 106 127 60 160 121 62
2014-10-29T13:00:00Z 112 74 160 96 129 115 27 63 142 115 146 62 170 156 53
2014-10-29T12:00:00Z -1 -1 -1 -1 -1 -1 -1 -1 -1 -1 -1 -1 146 184 -1
2014-10-29T11:00:00Z 169 78 159 103 128 162 30 89 147 118 133 72 157 175 103
2014-10-29T10:00:00Z 141 90 165 96 115 112 64 108 166 125 134 71 196 139 120
