2014-07-08T03:00:00Z 2014-07-08T05:00:00Z 257.000000 280.000000 58.000000 18.000000 1.700000 53.000000 192.000000 280.000000 25.000000 5.000000 1.300000 126.000000 231.000000 280.000000 55.000000 22.000000 1.400000 41.000000 242.000000 280.000000 41.000000 4.000000 1.400000 50.000000 193.000000 280.000000 74.000000 4.000000 0.900000 28.000000 6 5 1
2014-07-08T02:00:00Z 2014-07-08T04:00:00Z 257.000000 292.000000 77.000000 20.000000 1.800000 48.000000 193.000000 292.000000 24.000000 5.000000 1.300000 131.000000 220.000000 292.000000 65.000000 77.000000 1.100000 34.000000 245.000000 292.000000 40.000000 6.000000 1.000000 59.000000 227.000000 292.000000 69.000000 5.000000 1.300000 51.000000 6 5 1
2014-07-08T01:00:00Z 2014-07-08T03:00:00Z 255.000000 254.500000 67.000000 21.000000 1.900000 67.000000 191.000000 254.500000 29.000000 12.000000 1.400000 144.000000 208.000000 255.000000 52.000000 4.000000 1.100000 56.000000 251.000000 254.000000 39.000000 4.000000 1.000000 69.000000 246.000000 254.500000 82.000000 2.000000 1.300000 58.000000 6 6 1
2014-07-08T00:00:00Z 2014-07-08T02:00:00Z 276.000000 259.500000 60.000000 21.000000 1.800000 82.000000 192.000000 259.500000 33.000000 14.000000 1.300000 158.000000 207.000000 273.000000 64.000000 5.000000 1.200000 51.000000 241.000000 246.000000 39.000000 4.000000 1.000000 81.000000 262.000000 259.500000 79.000000 2.000000 1.400000 66.000000 6 6 1
2014-07-07T23:00:00Z 2014-07-08T01:00:00Z 288.000000 247.500000 68.000000 19.000000 1.700000 81.000000 196.000000 247.500000 33.000000 13.000000 1.200000 170.000000 204.000000 252.000000 53.000000 5.000000 1.200000 77.000000 230.000000 243.000000 44.000000 3.000000 1.000000 73.000000 258.000000 247.500000 71.000000 2.000000 1.400000 80.000000 6 6 1
2014-07-07T22:00:00Z 2014-07-08T00:00:00Z 252.000000 261.500000 62.000000 14.000000 1.500000 98.000000 188.000000 261.500000 36.000000 10.000000 1.300000 182.000000 207.000000 264.000000 54.000000 4.000000 1.200000 88.000000 231.000000 259.000000 45.000000 4.000000 1.100000 83.000000 228.000000 261.500000 61.000000 2.000000 1.200000 101.000000 6 6 1
2014-05-22T11:00:00Z 2014-05-22T13:00:00Z 282.000000 322.000000 80.000000 44.000000 2.700000 152.000000 277.000000 333.000000 50.000000 56.000000 2.600000 176.000000 280.333333 397.000000 94.000000 500.000000 1.900000 107.000000 280.333333 351.500000 75.500000 160.500000 2.400000 146.250000 282.000000 354.000000 78.000000 42.000000 2.400000 150.000000 6 4 1
2014-05-22T09:00:00Z 2014-05-22T11:00:00Z 280.000000 364.000000 94.000000 35.000000 2.500000 49.000000 239.000000 320.000000 49.000000 48.000000 2.500000 91.000000 265.750000 351.000000 85.000000 500.000000 1.700000 46.000000 268.000000 358.000000 100.000000 37.000000 2.500000 52.000000 276.000000 392.000000 90.000000 30.000000 2.200000 40.000000 6 6 1
2014-05-22T08:00:00Z 2014-05-22T10:00:00Z 258.000000 358.000000 110.000000 30.000000 2.200000 13.000000 177.000000 234.000000 63.000000 24.000000 1.900000 57.000000 236.000000 349.000000 94.000000 500.000000 1.600000 17.000000 255.000000 328.000000 96.000000 27.000000 2.200000 29.000000 254.000000 370.000000 88.000000 26.000000 1.900000 16.000000 6 6 1
2014-04-14T21:00:00Z 2014-04-14T23:00:00Z 274.000000 303.000000 90.000000 40.000000 2.200000 97.000000 214.000000 266.000000 73.000000 21.000000 1.900000 100.000000 272.000000 336.000000 146.000000 21.000000 2.000000 50.000000 281.000000 302.000000 84.000000 30.000000 2.100000 77.000000 260.000000 325.000000 76.000000 28.000000 1.600000 87.000000 6 3 1
2014-04-14T15:00:00Z 2014-04-14T17:00:00Z 277.000000 287.666667 58.000000 42.000000 1.900000 214.000000 263.000000 312.000000 68.000000 45.000000 2.200000 243.000000 252.000000 287.666667 61.250000 42.750000 1.925000 215.500000 204.000000 262.000000 44.000000 44.000000 1.900000 213.000000 264.000000 289.000000 75.000000 40.000000 1.700000 192.000000 6 5 1
2014-04-14T14:00:00Z 2014-04-14T16:00:00Z 296.000000 287.000000 78.000000 43.000000 1.900000 190.000000 238.000000 271.000000 48.000000 47.000000 2.000000 225.000000 267.000000 287.000000 72.250000 46.000000 1.950000 191.250000 266.000000 290.000000 72.000000 47.000000 2.000000 186.000000 268.000000 300.000000 91.000000 47.000000 1.900000 164.000000 6 5 1
2014-04-14T13:00:00Z 2014-04-14T15:00:00Z 280.000000 300.000000 97.000000 49.000000 2.300000 150.000000 237.000000 272.000000 51.000000 50.000000 2.000000 174.000000 274.250000 306.500000 86.000000 52.500000 2.200000 149.500000 302.000000 332.000000 89.000000 55.000000 2.300000 156.000000 278.000000 322.000000 107.000000 56.000000 2.200000 118.000000 6 6 1
2014-04-14T10:00:00Z 2014-04-14T12:00:00Z 298.000000 321.000000 102.000000 57.000000 2.500000 34.000000 266.000000 301.000000 77.000000 36.000000 2.000000 66.000000 283.000000 318.000000 91.250000 51.250000 2.275000 44.750000 275.000000 322.000000 86.000000 59.000000 2.500000 50.000000 293.000000 328.000000 100.000000 53.000000 2.100000 29.000000 6 5 1
2014-03-31T14:00:00Z 2014-03-31T16:00:00Z 276.000000 298.000000 89.000000 68.000000 3.300000 93.000000 204.000000 237.000000 75.000000 62.000000 2.600000 79.000000 214.000000 263.000000 104.000000 47.000000 2.600000 87.000000 239.000000 269.000000 102.000000 68.000000 3.100000 84.000000 270.000000 319.000000 95.000000 74.000000 3.100000 91.000000 6 5 1
2014-03-31T13:00:00Z 2014-03-31T15:00:00Z 275.000000 346.000000 97.000000 72.000000 3.600000 69.000000 220.000000 296.000000 80.000000 68.000000 3.000000 68.000000 202.000000 252.000000 96.000000 51.000000 2.500000 79.000000 244.000000 298.000000 120.000000 68.000000 3.400000 59.000000 261.000000 315.000000 106.000000 76.000000 3.400000 60.000000 6 5 1
2014-03-27T12:00:00Z 2014-03-27T14:00:00Z 395.000000 459.000000 124.000000 65.000000 5.300000 5.000000 337.000000 365.000000 110.000000 87.000000 4.600000 13.000000 326.000000 345.000000 126.000000 25.000000 2.400000 8.000000 329.000000 448.000000 114.000000 40.000000 3.400000 2.000000 396.000000 477.000000 119.000000 65.000000 6.000000 2.000000 6 5 1
2014-03-27T10:00:00Z 2014-03-27T12:00:00Z 320.000000 378.000000 105.000000 35.000000 2.600000 5.000000 355.000000 394.000000 118.000000 48.000000 2.800000 7.000000 301.000000 330.000000 117.000000 22.000000 2.200000 8.000000 302.000000 475.000000 124.000000 34.000000 2.700000 2.000000 311.000000 381.000000 104.000000 42.000000 2.300000 2.000000 6 6 1
2014-03-27T08:00:00Z 2014-03-27T10:00:00Z 318.000000 365.000000 118.000000 28.000000 2.700000 4.000000 363.000000 387.000000 122.000000 25.000000 2.600000 4.000000 329.000000 361.000000 133.000000 17.000000 2.300000 5.000000 342.000000 477.000000 151.000000 27.000000 2.600000 2.000000 305.000000 375.000000 109.000000 28.000000 2.100000 2.000000 6 6 1
2014-03-27T07:00:00Z 2014-03-27T09:00:00Z 353.000000 399.000000 137.000000 28.000000 2.600000 4.000000 287.000000 316.000000 114.000000 20.000000 2.600000 8.000000 298.000000 334.000000 128.000000 17.000000 2.000000 12.000000 347.000000 418.000000 151.000000 28.000000 2.300000 2.000000 314.000000 346.000000 113.000000 26.000000 1.900000 2.000000 6 6 1
2014-03-27T06:00:00Z 2014-03-27T08:00:00Z 359.000000 380.000000 145.000000 31.000000 2.500000 4.000000 326.000000 345.250000 68.000000 16.000000 2.100000 48.000000 294.000000 323.000000 127.000000 17.000000 2.200000 15.000000 298.000000 359.000000 151.000000 27.000000 2.300000 2.000000 288.000000 319.000000 115.000000 24.000000 1.800000 2.000000 6 6 1
2014-03-27T05:00:00Z 2014-03-27T07:00:00Z 308.000000 379.000000 147.000000 33.000000 2.800000 4.000000 335.000000 358.250000 138.750000 17.000000 2.000000 50.000000 284.000000 317.000000 126.000000 17.000000 2.200000 11.000000 361.000000 388.000000 159.000000 23.000000 2.700000 2.000000 299.000000 349.000000 123.000000 25.000000 1.900000 2.000000 6 6 1
2014-03-27T04:00:00Z 2014-03-27T06:00:00Z 330.000000 396.000000 159.000000 35.000000 2.900000 4.000000 339.000000 374.250000 84.000000 19.000000 2.100000 36.000000 282.000000 303.000000 119.000000 19.000000 1.900000 13.000000 381.000000 432.000000 170.000000 27.000000 2.900000 2.000000 316.000000 366.000000 131.000000 28.000000 2.000000 2.000000 6 6 1
2014-03-27T03:00:00Z 2014-03-27T05:00:00Z 401.000000 438.000000 168.000000 38.000000 3.100000 5.000000 342.000000 397.000000 82.000000 29.000000 2.100000 60.000000 281.000000 303.000000 102.000000 24.000000 1.500000 27.000000 393.000000 450.000000 178.000000 30.000000 3.000000 2.000000 335.000000 397.000000 143.000000 29.000000 2.200000 2.000000 6 6 1
2014-03-27T02:00:00Z 2014-03-27T04:00:00Z 419.000000 458.000000 179.000000 41.000000 3.200000 5.000000 342.000000 406.500000 95.000000 29.000000 2.300000 45.000000 301.000000 326.000000 127.000000 25.000000 2.900000 13.000000 323.000000 404.000000 179.000000 33.000000 3.300000 2.000000 398.000000 438.000000 154.000000 29.000000 2.500000 2.000000 6 6 1
2014-03-27T01:00:00Z 2014-03-27T03:00:00Z 420.000000 447.000000 179.000000 45.000000 3.800000 7.000000 342.000000 425.000000 56.000000 34.000000 2.100000 89.000000 321.000000 354.000000 144.000000 24.000000 3.100000 13.000000 376.000000 431.000000 159.000000 28.000000 3.300000 2.000000 409.000000 468.000000 163.000000 38.000000 2.500000 2.000000 6 6 1
2014-03-27T00:00:00Z 2014-03-27T02:00:00Z 411.000000 442.000000 168.000000 52.000000 3.500000 7.000000 335.000000 453.250000 48.000000 30.000000 2.000000 98.000000 371.000000 442.000000 162.000000 24.000000 3.800000 12.000000 382.000000 443.000000 168.000000 33.000000 3.300000 2.000000 389.000000 486.000000 160.000000 35.000000 2.900000 2.000000 6 6 1
2014-03-26T23:00:00Z 2014-03-27T01:00:00Z 402.000000 426.000000 135.000000 66.000000 3.000000 39.000000 289.000000 311.000000 72.000000 30.000000 2.100000 84.000000 378.000000 470.000000 177.000000 28.000000 3.600000 10.000000 380.000000 450.000000 172.000000 39.000000 3.100000 2.000000 370.000000 428.000000 152.000000 33.000000 2.700000 2.000000 6 6 1
2014-03-26T22:00:00Z 2014-03-27T00:00:00Z 396.000000 418.000000 136.000000 70.000000 2.600000 47.000000 286.000000 314.000000 71.000000 39.000000 2.100000 101.000000 378.000000 474.000000 181.000000 33.000000 2.700000 8.000000 375.000000 462.000000 176.000000 44.000000 3.100000 2.000000 383.000000 478.000000 162.000000 41.000000 2.900000 2.000000 6 6 1
2014-03-26T21:00:00Z 2014-03-26T23:00:00Z 385.000000 416.000000 109.000000 72.000000 2.500000 78.000000 331.000000 458.750000 78.000000 41.000000 2.200000 106.000000 387.000000 468.000000 161.000000 39.000000 2.400000 31.000000 372.000000 480.000000 161.000000 45.000000 3.400000 10.000000 374.000000 471.000000 162.000000 47.000000 2.600000 2.000000 6 6 1
2014-03-26T20:00:00Z 2014-03-26T22:00:00Z 373.000000 408.000000 82.000000 82.000000 2.400000 112.000000 306.000000 350.000000 128.000000 40.000000 2.500000 78.000000 368.000000 434.000000 106.000000 44.000000 2.000000 87.000000 364.000000 515.000000 108.000000 55.000000 2.500000 60.000000 358.000000 417.000000 109.000000 60.000000 2.200000 58.000000 6 6 1
2014-03-26T19:00:00Z 2014-03-26T21:00:00Z 350.000000 376.000000 72.000000 87.000000 2.300000 139.000000 334.000000 362.000000 129.000000 43.000000 2.300000 104.000000 330.000000 409.000000 91.000000 53.000000 1.900000 130.000000 347.000000 513.000000 98.000000 73.000000 2.200000 103.000000 324.000000 381.000000 74.000000 74.000000 1.800000 127.000000 6 6 1
2014-03-26T18:00:00Z 2014-03-26T20:00:00Z 322.000000 372.000000 60.000000 86.000000 2.000000 163.000000 326.000000 347.000000 99.000000 47.000000 2.100000 144.000000 311.000000 375.000000 75.000000 70.000000 2.000000 173.000000 316.000000 484.000000 77.000000 88.000000 2.000000 147.000000 301.000000 349.000000 61.000000 85.000000 1.700000 171.000000 6 6 1
2014-03-26T17:00:00Z 2014-03-26T19:00:00Z 286.000000 302.000000 46.000000 85.000000 2.000000 188.000000 319.000000 343.000000 92.000000 46.000000 2.000000 157.000000 289.000000 345.000000 63.000000 72.000000 1.900000 194.000000 295.000000 428.000000 59.000000 97.000000 2.000000 176.000000 272.000000 310.000000 56.000000 80.000000 1.700000 177.000000 6 6 1
2014-03-26T16:00:00Z 2014-03-26T18:00:00Z 262.000000 279.000000 42.000000 75.000000 1.700000 188.000000 264.000000 328.000000 82.000000 48.000000 1.900000 170.000000 263.000000 310.000000 63.000000 69.000000 1.600000 194.000000 255.000000 358.000000 42.000000 93.000000 1.800000 194.000000 265.000000 302.000000 69.000000 68.000000 1.500000 175.000000 6 6 1
2014-03-26T15:00:00Z 2014-03-26T17:00:00Z 273.000000 311.000000 94.000000 65.000000 2.100000 161.000000 247.000000 295.000000 63.000000 50.000000 1.700000 173.000000 252.000000 293.000000 93.000000 60.000000 1.600000 173.000000 281.000000 327.000000 68.000000 81.000000 1.700000 177.000000 322.000000 346.000000 138.000000 54.000000 1.800000 120.000000 6 6 1
2014-03-26T13:00:00Z 2014-03-26T15:00:00Z 295.000000 347.000000 124.000000 58.000000 2.400000 76.000000 298.000000 345.000000 72.000000 57.000000 1.900000 113.000000 228.000000 286.000000 98.000000 66.000000 1.600000 126.000000 326.000000 395.000000 157.000000 76.000000 2.300000 68.000000 318.000000 338.000000 117.000000 70.000000 1.900000 69.000000 6 6 1
2014-03-26T11:00:00Z 2014-03-26T13:00:00Z 341.000000 389.000000 137.000000 57.000000 2.800000 24.000000 258.000000 319.000000 128.000000 47.000000 1.800000 39.000000 308.250000 280.000000 107.000000 61.000000 1.700000 56.000000 313.000000 344.750000 128.000000 74.000000 2.300000 33.000000 321.000000 391.000000 135.000000 70.000000 2.400000 15.000000 6 6 1
2014-03-26T10:00:00Z 2014-03-26T12:00:00Z 318.000000 382.000000 138.000000 47.000000 2.800000 12.000000 243.000000 304.000000 128.000000 53.000000 2.000000 24.000000 275.000000 312.000000 123.000000 40.000000 2.000000 25.000000 298.000000 343.250000 149.000000 55.000000 2.500000 9.000000 302.000000 375.000000 121.000000 59.000000 2.300000 10.000000 6 6 1
2014-03-26T09:00:00Z 2014-03-26T11:00:00Z 301.000000 375.000000 130.000000 37.000000 2.700000 9.000000 233.000000 286.000000 116.000000 50.000000 2.200000 16.000000 262.000000 364.000000 137.000000 27.000000 2.300000 10.000000 272.000000 343.000000 152.000000 42.000000 2.500000 4.000000 283.000000 347.000000 124.000000 48.000000 2.300000 2.000000 6 6 1
2014-03-26T08:00:00Z 2014-03-26T10:00:00Z 284.000000 364.000000 127.000000 30.000000 2.600000 7.000000 221.000000 309.000000 123.000000 36.000000 2.600000 3.000000 223.000000 275.000000 136.000000 23.000000 2.200000 11.000000 258.000000 347.000000 150.000000 34.000000 2.400000 3.000000 269.000000 346.000000 123.000000 33.000000 2.200000 2.000000 6 6 1
2014-03-26T07:00:00Z 2014-03-26T09:00:00Z 272.000000 366.000000 140.000000 28.000000 2.600000 6.000000 201.000000 227.000000 117.000000 23.000000 1.900000 4.000000 227.000000 274.000000 120.000000 20.000000 2.100000 22.000000 185.000000 217.000000 139.000000 19.000000 2.300000 2.000000 258.000000 312.000000 130.000000 27.000000 1.900000 2.000000 6 6 1
2014-03-26T06:00:00Z 2014-03-26T08:00:00Z 260.000000 322.000000 144.000000 30.000000 2.400000 5.000000 194.000000 217.000000 113.000000 21.000000 2.000000 3.000000 236.000000 277.000000 131.000000 20.000000 2.200000 8.000000 216.000000 280.000000 117.000000 17.000000 1.800000 2.000000 253.000000 317.000000 136.000000 26.000000 1.900000 2.000000 6 6 1
2014-03-25T05:00:00Z 2014-03-25T07:00:00Z 265.000000 291.000000 109.000000 44.000000 2.100000 21.000000 216.000000 255.000000 40.000000 39.000000 1.600000 67.000000 184.000000 209.000000 89.000000 30.000000 2.100000 29.000000 244.000000 265.000000 140.000000 47.000000 2.200000 3.000000 211.000000 255.000000 94.500000 25.000000 1.800000 2.000000 6 5 1
2014-03-25T04:00:00Z 2014-03-25T06:00:00Z 286.000000 342.000000 114.750000 48.000000 1.900000 8.000000 186.000000 196.000000 44.000000 38.000000 1.600000 64.000000 226.000000 242.000000 116.000000 27.000000 2.700000 9.000000 261.000000 290.000000 162.000000 45.000000 2.600000 2.000000 264.000000 286.000000 137.000000 27.000000 1.800000 2.000000 6 5 1
2014-03-25T03:00:00Z 2014-03-25T05:00:00Z 298.000000 346.000000 156.000000 47.000000 1.900000 6.000000 196.000000 214.000000 76.000000 38.000000 1.800000 42.000000 230.000000 255.000000 122.000000 26.000000 3.100000 8.000000 253.000000 308.000000 158.000000 33.000000 2.900000 2.000000 267.000000 317.000000 131.000000 26.000000 1.900000 2.000000 6 6 1
2014-03-25T02:00:00Z 2014-03-25T04:00:00Z 276.000000 342.000000 156.000000 45.000000 2.900000 5.000000 188.000000 234.000000 100.000000 38.000000 2.100000 24.000000 233.000000 260.000000 132.000000 27.000000 3.100000 8.000000 267.000000 345.000000 151.000000 30.000000 3.000000 2.000000 273.000000 358.000000 151.000000 37.000000 2.500000 2.000000 6 6 1
2014-03-25T01:00:00Z 2014-03-25T03:00:00Z 281.000000 348.000000 162.000000 49.000000 3.100000 8.000000 220.000000 344.000000 63.000000 38.000000 1.700000 62.000000 249.000000 307.000000 137.000000 27.000000 3.100000 9.000000 272.000000 355.000000 159.000000 33.000000 2.800000 2.000000 267.000000 366.000000 175.000000 51.000000 2.500000 2.000000 6 6 1
2014-03-25T00:00:00Z 2014-03-25T02:00:00Z 277.000000 328.000000 154.000000 61.000000 2.400000 11.000000 189.000000 228.000000 108.000000 39.000000 2.000000 26.000000 247.000000 322.000000 141.000000 33.000000 2.700000 8.000000 260.000000 343.000000 163.000000 37.000000 2.600000 2.000000 242.000000 290.000000 159.000000 45.000000 2.200000 2.000000 6 6 1
2014-03-24T23:00:00Z 2014-03-25T01:00:00Z 266.000000 328.000000 152.000000 64.000000 2.200000 16.000000 189.000000 210.000000 59.000000 43.000000 1.700000 78.000000 243.000000 338.000000 148.000000 34.000000 2.500000 8.000000 253.000000 350.000000 161.000000 40.000000 2.400000 2.000000 250.000000 397.000000 162.000000 46.000000 2.000000 2.000000 6 6 1
2014-03-24T13:00:00Z 2014-03-24T15:00:00Z 291.000000 312.000000 124.000000 64.000000 2.500000 61.000000 265.000000 285.000000 64.000000 72.000000 2.000000 120.000000 225.000000 237.000000 100.000000 71.000000 1.900000 114.000000 248.000000 320.000000 121.000000 77.000000 2.200000 82.000000 228.000000 257.000000 110.000000 64.000000 2.000000 84.000000 6 5 1
2014-03-24T11:00:00Z 2014-03-24T13:00:00Z 276.000000 294.000000 91.000000 75.000000 2.400000 49.000000 242.000000 284.000000 70.000000 67.000000 2.000000 72.000000 256.000000 278.000000 97.000000 84.000000 2.200000 59.000000 265.000000 330.000000 109.000000 85.000000 2.400000 49.000000 269.000000 298.000000 107.000000 75.000000 2.100000 31.000000 6 6 1
2014-03-24T10:00:00Z 2014-03-24T12:00:00Z 281.000000 299.000000 95.000000 69.000000 2.400000 31.000000 249.000000 294.000000 92.000000 54.000000 2.300000 24.000000 262.000000 276.000000 107.000000 68.000000 2.300000 28.000000 269.000000 348.000000 110.000000 78.000000 2.400000 24.000000 269.000000 285.000000 107.000000 68.000000 2.100000 18.000000 6 5 1
2014-03-24T09:00:00Z 2014-03-24T11:00:00Z 269.000000 293.000000 98.000000 58.000000 2.500000 14.000000 237.000000 251.000000 87.000000 54.000000 2.300000 12.000000 248.000000 290.000000 118.000000 46.000000 2.400000 12.000000 255.000000 348.000000 108.000000 61.000000 2.400000 11.000000 256.000000 268.000000 107.000000 65.000000 2.100000 5.000000 6 6 1
2014-03-24T07:00:00Z 2014-03-24T09:00:00Z 255.000000 276.000000 98.000000 43.000000 2.400000 6.000000 191.000000 205.000000 68.000000 34.000000 2.000000 18.000000 246.000000 281.000000 124.000000 23.000000 2.600000 4.000000 242.000000 322.000000 119.000000 37.000000 2.300000 2.000000 250.000000 280.000000 111.000000 31.000000 2.000000 2.000000 6 6 1
2014-03-24T06:00:00Z 2014-03-24T08:00:00Z 253.000000 255.000000 102.000000 44.000000 2.400000 5.000000 217.000000 230.000000 91.000000 30.000000 2.200000 5.000000 243.000000 281.000000 127.000000 22.000000 2.300000 3.000000 241.000000 294.000000 121.000000 36.000000 2.400000 2.000000 243.000000 287.000000 115.000000 35.000000 1.900000 2.000000 6 5 1
2014-03-24T04:00:00Z 2014-03-24T06:00:00Z 252.000000 263.000000 106.000000 47.000000 2.500000 5.000000 188.000000 199.000000 64.000000 35.000000 2.100000 19.000000 229.000000 284.000000 98.000000 24.000000 1.500000 7.000000 235.000000 309.000000 98.000000 36.000000 2.700000 2.000000 246.000000 274.000000 124.000000 37.000000 2.000000 2.000000 6 6 1
2014-03-11T11:00:00Z 2014-03-11T13:00:00Z 258.000000 287.000000 100.000000 180.000000 3.400000 46.000000 198.000000 213.000000 95.000000 93.000000 2.900000 20.000000 169.000000 204.000000 94.000000 115.000000 2.800000 26.000000 218.000000 254.250000 101.750000 139.250000 3.125000 23.750000 247.000000 313.000000 118.000000 169.000000 3.400000 3.000000 6 5 1
2014-03-04T01:00:00Z 2014-03-04T03:00:00Z 256.000000 302.000000 97.000000 127.000000 4.500000 26.000000 250.000000 287.000000 83.000000 87.000000 3.900000 3.000000 236.000000 273.000000 103.000000 80.000000 3.600000 7.000000 251.000000 365.000000 104.000000 120.000000 4.100000 5.000000 274.000000 329.000000 109.000000 134.000000 4.800000 2.000000 6 5 0
2014-03-03T16:00:00Z 2014-03-03T18:00:00Z 283.000000 295.000000 98.000000 114.000000 5.300000 31.000000 254.000000 259.000000 93.000000 103.000000 3.900000 5.000000 259.000000 269.000000 125.000000 114.000000 4.400000 12.000000 304.000000 404.000000 119.000000 131.000000 5.900000 7.000000 271.000000 308.000000 103.000000 118.000000 5.000000 2.000000 6 5 0
2014-03-03T15:00:00Z 2014-03-03T17:00:00Z 304.000000 323.000000 102.000000 121.000000 5.800000 33.000000 283.000000 329.000000 109.000000 101.000000 4.800000 6.000000 255.000000 274.000000 123.000000 124.000000 4.600000 13.000000 309.000000 397.000000 117.000000 134.000000 6.100000 7.000000 280.000000 321.000000 105.000000 127.000000 5.300000 2.000000 6 5 0
2014-03-03T14:00:00Z 2014-03-03T16:00:00Z 298.000000 314.000000 100.000000 124.000000 5.700000 36.000000 272.000000 304.000000 110.000000 122.000000 4.900000 5.000000 254.000000 280.000000 127.000000 145.000000 5.000000 14.000000 299.000000 389.000000 117.000000 140.000000 5.800000 10.000000 268.000000 307.000000 100.000000 133.000000 5.000000 2.000000 6 6 0
2014-03-03T13:00:00Z 2014-03-03T15:00:00Z 272.000000 306.000000 93.000000 141.000000 5.500000 36.000000 279.000000 309.000000 110.000000 126.000000 5.100000 4.000000 242.000000 261.000000 121.000000 164.000000 5.300000 14.000000 285.000000 365.000000 111.000000 166.000000 5.700000 13.000000 263.000000 292.000000 108.000000 136.000000 5.100000 2.000000 6 6 0
2014-03-03T12:00:00Z 2014-03-03T14:00:00Z 253.000000 272.000000 93.000000 154.000000 5.700000 32.000000 268.000000 296.000000 103.000000 123.000000 4.700000 6.000000 230.000000 242.000000 112.000000 151.000000 5.400000 12.000000 262.000000 347.000000 104.000000 191.000000 6.000000 10.000000 243.000000 271.000000 108.000000 144.000000 5.100000 2.000000 6 6 0
2014-02-26T11:00:00Z 2014-02-26T13:00:00Z 465.000000 513.000000 140.000000 131.000000 5.600000 35.000000 523.000000 513.000000 136.000000 116.000000 6.500000 8.000000 490.000000 513.000000 168.000000 130.000000 5.600000 13.000000 452.000000 513.000000 164.000000 146.000000 4.900000 10.000000 460.000000 513.000000 139.000000 136.000000 5.400000 2.000000 6 6 1
2014-02-26T09:00:00Z 2014-02-26T11:00:00Z 456.000000 467.000000 122.000000 110.000000 5.200000 31.000000 446.000000 467.000000 110.000000 86.000000 5.400000 8.000000 472.000000 467.000000 161.000000 58.000000 6.900000 13.000000 440.000000 489.000000 147.000000 128.000000 5.100000 8.000000 445.000000 445.000000 121.000000 113.000000 4.600000 2.000000 6 6 1
2014-02-26T08:00:00Z 2014-02-26T10:00:00Z 449.000000 456.500000 126.000000 105.000000 5.800000 31.000000 448.000000 456.500000 104.000000 70.000000 5.600000 7.000000 463.000000 456.500000 158.000000 47.000000 6.600000 12.000000 434.000000 487.000000 142.000000 119.000000 5.000000 7.000000 425.000000 426.000000 146.000000 66.000000 5.400000 2.000000 6 6 1
2014-02-25T10:00:00Z 2014-02-25T12:00:00Z 346.000000 369.750000 121.750000 108.000000 4.100000 26.000000 325.000000 377.000000 129.000000 115.000000 5.600000 9.000000 359.000000 378.000000 147.000000 109.000000 5.700000 14.000000 354.000000 398.000000 121.000000 122.000000 4.400000 9.000000 293.000000 326.000000 90.000000 91.000000 3.700000 1.000000 6 6 1
2014-02-25T09:00:00Z 2014-02-25T11:00:00Z 341.000000 368.333333 115.250000 98.000000 4.300000 25.000000 332.000000 368.333333 109.000000 96.000000 4.200000 7.000000 360.000000 386.000000 147.000000 99.000000 6.100000 15.000000 366.000000 412.000000 125.000000 117.000000 4.800000 8.000000 299.000000 307.000000 80.000000 85.000000 3.400000 1.000000 6 6 1
2014-02-25T08:00:00Z 2014-02-25T10:00:00Z 348.000000 361.000000 121.500000 98.000000 4.400000 24.000000 295.000000 300.000000 110.000000 85.000000 4.500000 7.000000 345.000000 378.000000 149.000000 133.000000 6.200000 16.000000 378.000000 416.000000 130.000000 108.000000 5.300000 8.000000 345.000000 350.000000 97.000000 81.000000 4.400000 1.000000 6 6 1
2014-02-25T07:00:00Z 2014-02-25T09:00:00Z 375.000000 398.666667 124.000000 105.000000 5.400000 26.000000 317.000000 398.666667 101.000000 71.000000 4.300000 5.000000 332.000000 350.000000 143.000000 88.000000 5.600000 13.000000 400.000000 446.000000 136.000000 102.000000 6.400000 10.000000 394.000000 400.000000 116.000000 82.000000 5.700000 1.000000 6 6 1
2014-02-25T06:00:00Z 2014-02-25T08:00:00Z 398.000000 394.666667 123.000000 107.000000 6.000000 32.000000 323.000000 394.666667 100.000000 63.000000 5.200000 5.000000 332.000000 335.000000 133.000000 72.000000 5.500000 12.000000 396.000000 434.000000 138.000000 106.000000 6.600000 10.000000 413.000000 415.000000 121.000000 73.000000 6.400000 1.000000 6 6 1
2014-02-25T05:00:00Z 2014-02-25T07:00:00Z 394.000000 369.500000 130.000000 107.000000 6.400000 34.000000 282.000000 288.000000 130.000000 53.000000 5.300000 7.000000 337.000000 340.000000 135.000000 72.000000 5.900000 13.000000 383.000000 432.000000 130.000000 102.000000 6.500000 8.000000 416.000000 418.000000 125.000000 68.000000 6.700000 1.000000 6 6 1
2014-02-25T04:00:00Z 2014-02-25T06:00:00Z 383.000000 395.666667 125.250000 106.000000 6.300000 34.000000 302.000000 395.666667 93.000000 55.000000 3.800000 5.000000 337.000000 344.000000 138.000000 68.000000 4.800000 13.000000 383.000000 415.000000 139.000000 88.000000 6.700000 13.250000 422.000000 428.000000 131.000000 71.000000 6.900000 1.000000 6 6 1
2014-02-25T03:00:00Z 2014-02-25T05:00:00Z 337.000000 341.000000 126.250000 99.000000 6.600000 33.000000 305.000000 377.250000 92.000000 54.000000 3.600000 6.000000 309.000000 328.000000 138.000000 67.000000 4.800000 8.000000 360.000000 398.000000 137.000000 107.000000 5.600000 6.000000 427.000000 442.000000 138.000000 86.000000 7.400000 1.000000 6 6 1
2014-02-25T02:00:00Z 2014-02-25T04:00:00Z 308.000000 323.000000 123.000000 92.000000 6.300000 29.000000 314.000000 382.666667 93.000000 62.000000 4.000000 6.000000 344.000000 382.666667 125.000000 59.000000 5.900000 7.000000 363.000000 396.000000 134.000000 77.000000 6.100000 6.000000 411.000000 429.000000 140.000000 95.000000 7.100000 1.000000 6 6 1
2014-02-25T01:00:00Z 2014-02-25T03:00:00Z 333.000000 381.333333 121.250000 79.000000 4.900000 24.000000 317.000000 381.333333 83.000000 60.000000 4.000000 8.000000 331.000000 332.000000 130.000000 70.000000 6.900000 12.000000 368.000000 415.000000 136.000000 79.000000 6.200000 6.000000 377.000000 397.000000 136.000000 94.000000 6.500000 1.000000 6 6 1
2014-02-25T00:00:00Z 2014-02-25T02:00:00Z 325.000000 351.500000 118.500000 88.000000 4.700000 24.000000 329.000000 351.500000 83.000000 66.000000 4.100000 10.000000 369.000000 351.500000 139.000000 73.000000 6.400000 12.000000 349.000000 394.000000 137.000000 80.000000 6.100000 6.000000 283.000000 309.000000 115.000000 55.000000 4.500000 1.000000 6 6 1
2014-02-24T23:00:00Z 2014-02-25T01:00:00Z 331.000000 393.000000 120.500000 88.000000 4.500000 25.000000 318.000000 393.000000 86.000000 64.000000 4.000000 10.000000 388.000000 393.000000 140.000000 75.000000 5.700000 13.000000 351.000000 393.000000 134.000000 90.000000 5.100000 6.000000 320.000000 393.000000 122.000000 69.000000 4.200000 1.000000 6 6 1
2014-02-24T18:00:00Z 2014-02-24T20:00:00Z 368.000000 414.000000 149.000000 109.000000 5.600000 28.000000 263.000000 291.000000 98.000000 101.000000 3.500000 32.000000 368.000000 394.000000 166.000000 101.000000 5.200000 13.000000 377.000000 473.000000 173.000000 126.000000 5.400000 6.000000 358.000000 434.000000 159.000000 115.000000 5.100000 1.000000 6 6 1
2014-02-22T10:00:00Z 2014-02-22T12:00:00Z 251.000000 283.000000 100.000000 121.000000 3.400000 27.000000 254.000000 298.000000 96.000000 106.000000 3.200000 7.000000 272.000000 305.250000 106.000000 84.000000 3.100000 12.000000 269.000000 309.000000 92.000000 111.000000 2.700000 13.000000 272.000000 331.000000 106.000000 118.000000 3.800000 1.000000 6 5 1
2014-02-22T04:00:00Z 2014-02-22T06:00:00Z 272.000000 311.333333 96.500000 108.000000 3.000000 24.000000 236.000000 263.000000 65.000000 73.000000 3.300000 12.000000 293.000000 311.333333 130.000000 59.000000 3.600000 9.000000 254.000000 315.000000 78.000000 109.000000 3.100000 11.500000 303.000000 356.000000 113.000000 106.000000 4.500000 1.000000 6 5 1
2014-02-22T03:00:00Z 2014-02-22T05:00:00Z 281.000000 328.000000 95.000000 96.000000 3.000000 25.000000 265.000000 328.000000 60.000000 70.000000 2.300000 16.000000 284.000000 328.000000 131.000000 54.000000 2.800000 6.000000 256.000000 306.000000 75.000000 92.000000 3.125000 1.000000 278.000000 350.000000 114.000000 102.000000 4.400000 1.000000 6 5 1
2014-02-22T02:00:00Z 2014-02-22T04:00:00Z 294.000000 313.000000 99.750000 96.000000 3.100000 26.000000 289.000000 313.000000 89.000000 72.000000 3.100000 3.000000 288.000000 313.000000 123.000000 53.000000 5.200000 7.000000 295.000000 331.000000 91.000000 75.250000 3.500000 1.000000 262.000000 295.000000 96.000000 80.000000 3.000000 1.000000 6 6 1
2014-02-22T01:00:00Z 2014-02-22T03:00:00Z 295.000000 320.750000 111.250000 94.000000 4.100000 28.000000 322.000000 332.000000 105.000000 88.000000 3.800000 3.000000 268.000000 300.000000 126.000000 59.000000 5.300000 10.000000 279.000000 333.000000 106.000000 67.000000 3.900000 1.000000 312.000000 318.000000 108.000000 103.000000 3.500000 1.000000 6 6 1
2014-02-21T23:00:00Z 2014-02-22T01:00:00Z 279.000000 290.750000 104.000000 70.000000 3.400000 24.000000 288.000000 288.000000 70.000000 69.000000 2.900000 20.000000 298.000000 300.000000 133.000000 61.000000 4.300000 10.000000 233.000000 281.000000 94.000000 84.000000 2.500000 1.000000 246.000000 294.000000 119.000000 60.000000 3.400000 1.000000 6 6 1
2014-02-21T16:00:00Z 2014-02-21T18:00:00Z 279.000000 299.000000 94.000000 89.000000 2.600000 40.000000 259.000000 294.000000 73.000000 75.000000 2.300000 47.000000 251.000000 299.000000 118.000000 106.000000 2.600000 34.000000 276.000000 320.000000 86.000000 99.000000 2.600000 15.000000 250.000000 283.000000 99.000000 86.000000 2.400000 18.000000 6 5 1
2014-02-16T21:00:00Z 2014-02-16T23:00:00Z 267.000000 314.000000 109.333333 71.000000 2.900000 29.000000 275.000000 314.000000 113.000000 104.000000 4.200000 7.000000 302.000000 314.000000 110.000000 82.000000 4.000000 20.000000 278.000000 314.000000 109.333333 82.000000 3.525000 14.250000 268.000000 314.000000 105.000000 71.000000 3.000000 1.000000 6 5 1
2014-02-16T19:00:00Z 2014-02-16T21:00:00Z 291.000000 306.000000 110.333333 98.000000 3.700000 45.000000 185.000000 306.000000 92.000000 85.000000 2.400000 32.000000 304.000000 306.000000 131.000000 81.000000 4.600000 24.000000 268.750000 306.000000 110.333333 94.000000 3.625000 29.000000 295.000000 306.000000 108.000000 112.000000 3.800000 15.000000 6 6 1
2014-02-16T18:00:00Z 2014-02-16T20:00:00Z 269.000000 226.000000 91.333333 104.000000 3.800000 61.000000 202.000000 226.000000 83.000000 86.000000 2.200000 49.000000 243.000000 226.000000 102.000000 78.000000 3.500000 53.000000 233.000000 226.000000 91.333333 87.250000 3.125000 48.750000 218.000000 226.000000 89.000000 81.000000 3.000000 32.000000 6 6 1
2014-02-16T09:00:00Z 2014-02-16T11:00:00Z 338.000000 352.000000 97.250000 89.000000 3.500000 31.000000 353.000000 352.000000 92.000000 112.000000 6.100000 9.000000 405.000000 352.000000 117.000000 78.000000 6.000000 14.000000 350.000000 352.000000 95.000000 98.000000 3.200000 1.000000 379.000000 352.000000 85.000000 106.000000 3.900000 2.000000 6 6 1
2014-02-16T07:00:00Z 2014-02-16T09:00:00Z 370.000000 390.000000 97.750000 100.000000 3.000000 34.000000 297.000000 390.000000 75.000000 74.000000 4.100000 15.000000 391.000000 390.000000 117.000000 55.000000 6.100000 11.000000 390.000000 390.000000 99.000000 106.000000 3.400000 1.000000 402.000000 390.000000 100.000000 102.000000 3.900000 1.000000 6 6 1
2014-02-16T06:00:00Z 2014-02-16T08:00:00Z 393.000000 409.000000 98.500000 105.000000 3.600000 28.000000 294.000000 409.000000 51.000000 87.000000 3.000000 34.000000 421.000000 409.000000 129.000000 54.000000 7.700000 13.000000 408.000000 409.000000 111.000000 115.000000 3.900000 1.000000 407.000000 409.000000 103.000000 106.000000 3.900000 1.000000 6 6 1
2014-02-16T05:00:00Z 2014-02-16T07:00:00Z 409.000000 450.000000 130.000000 115.000000 3.800000 29.000000 331.000000 450.000000 130.000000 86.000000 3.000000 32.000000 431.000000 450.000000 130.000000 56.000000 8.200000 13.000000 435.000000 450.000000 130.000000 112.000000 4.700000 1.000000 424.000000 450.000000 130.000000 52.000000 4.000000 1.000000 6 6 1
2014-02-16T04:00:00Z 2014-02-16T06:00:00Z 432.000000 446.000000 90.333333 123.000000 1.100000 15.000000 346.000000 446.000000 56.000000 82.000000 3.200000 15.000000 390.000000 446.000000 90.333333 67.000000 3.300000 15.000000 436.000000 446.000000 133.000000 118.000000 4.800000 15.000000 435.000000 446.000000 82.000000 56.000000 3.100000 15.000000 6 6 1
2014-02-16T03:00:00Z 2014-02-16T05:00:00Z 456.000000 464.000000 99.750000 120.000000 4.300000 12.000000 363.000000 464.000000 67.000000 92.000000 4.300000 18.000000 396.000000 464.000000 129.000000 74.000000 4.300000 6.000000 442.000000 464.000000 134.000000 120.000000 4.300000 1.000000 456.000000 464.000000 69.000000 60.000000 4.300000 1.000000 6 6 1
2014-02-16T02:00:00Z 2014-02-16T04:00:00Z 445.000000 477.000000 119.750000 71.000000 4.100000 24.000000 379.000000 477.000000 82.000000 71.000000 3.900000 13.000000 413.000000 477.000000 134.000000 71.000000 5.500000 6.000000 457.000000 477.000000 139.000000 71.000000 5.000000 1.000000 477.000000 477.000000 124.000000 71.000000 5.900000 1.000000 6 6 1
2014-02-16T01:00:00Z 2014-02-16T03:00:00Z 443.000000 493.000000 128.250000 107.000000 4.500000 34.000000 386.000000 493.000000 83.000000 96.000000 3.800000 13.000000 444.000000 493.000000 140.000000 78.000000 7.300000 11.000000 469.000000 493.000000 147.000000 111.000000 5.500000 1.000000 488.000000 493.000000 143.000000 128.000000 5.800000 1.000000 6 6 1
2014-02-16T00:00:00Z 2014-02-16T02:00:00Z 446.000000 526.500000 141.250000 89.000000 4.500000 35.000000 388.000000 526.500000 99.000000 101.000000 4.200000 9.000000 459.000000 526.500000 160.000000 96.000000 5.900000 11.000000 497.000000 552.000000 164.000000 137.000000 6.000000 1.000000 499.000000 501.000000 142.000000 136.000000 5.600000 1.000000 6 6 1
2014-02-15T23:00:00Z 2014-02-16T01:00:00Z 449.000000 514.500000 141.000000 88.000000 4.500000 34.000000 388.000000 514.500000 96.000000 107.000000 3.900000 13.000000 454.000000 514.500000 163.000000 92.000000 5.800000 11.000000 472.000000 519.000000 161.000000 109.000000 5.200000 1.000000 502.000000 510.000000 144.000000 130.000000 6.100000 1.000000 6 6 1
2014-02-15T22:00:00Z 2014-02-16T00:00:00Z 472.000000 502.000000 143.250000 94.000000 4.800000 36.000000 389.000000 502.000000 100.000000 112.000000 3.900000 9.000000 539.000000 502.000000 174.000000 97.000000 7.700000 13.000000 466.000000 512.000000 153.000000 88.000000 4.400000 1.000000 480.000000 492.000000 146.000000 104.000000 5.300000 1.000000 6 6 1
2014-02-15T21:00:00Z 2014-02-15T23:00:00Z 450.000000 501.000000 143.500000 86.000000 4.100000 35.000000 408.000000 501.000000 114.000000 115.000000 4.200000 3.000000 564.000000 501.000000 180.000000 100.000000 6.400000 14.000000 462.000000 501.000000 154.000000 87.000000 4.100000 1.000000 413.000000 501.000000 126.000000 50.000000 3.400000 1.000000 6 6 1
2014-02-15T20:00:00Z 2014-02-15T22:00:00Z 448.000000 489.000000 146.000000 77.000000 3.600000 37.000000 449.000000 489.000000 127.000000 119.000000 4.600000 4.000000 562.000000 489.000000 180.000000 109.000000 4.900000 13.000000 456.000000 489.000000 148.000000 79.000000 3.800000 1.000000 412.000000 489.000000 129.000000 58.000000 3.200000 1.000000 6 6 1
2014-02-15T19:00:00Z 2014-02-15T21:00:00Z 416.000000 465.000000 134.333333 76.000000 3.300000 47.000000 434.000000 434.000000 130.000000 114.000000 3.800000 4.000000 554.000000 465.000000 134.333333 119.000000 5.400000 15.000000 453.000000 496.000000 140.000000 92.000000 3.600000 9.000000 402.000000 465.000000 133.000000 69.000000 3.100000 1.000000 6 6 1
2014-02-15T18:00:00Z 2014-02-15T20:00:00Z 422.000000 479.500000 131.333333 91.000000 3.200000 53.000000 412.000000 418.000000 125.000000 138.000000 3.700000 10.000000 498.000000 479.500000 131.333333 110.000000 5.000000 13.000000 480.000000 541.000000 141.000000 119.000000 3.700000 12.000000 400.000000 479.500000 128.000000 93.000000 3.100000 5.000000 6 6 1
2014-02-15T17:00:00Z 2014-02-15T19:00:00Z 438.000000 577.000000 140.500000 120.000000 3.300000 60.000000 386.000000 577.000000 118.000000 158.000000 3.400000 22.000000 375.000000 577.000000 153.000000 135.000000 3.400000 26.000000 510.000000 577.000000 158.000000 153.000000 4.300000 6.000000 466.000000 577.000000 133.000000 127.000000 3.600000 10.000000 6 6 1
2014-02-15T16:00:00Z 2014-02-15T18:00:00Z 484.000000 552.000000 133.500000 135.000000 3.800000 54.000000 376.000000 552.000000 102.000000 161.000000 3.200000 36.000000 374.000000 552.000000 138.000000 164.000000 3.200000 36.000000 516.000000 597.000000 162.000000 150.000000 4.800000 8.000000 505.000000 507.000000 132.000000 145.000000 3.900000 14.000000 6 6 1
2014-02-15T15:00:00Z 2014-02-15T17:00:00Z 495.000000 471.500000 119.250000 141.000000 4.000000 54.000000 357.000000 471.500000 88.000000 150.000000 3.100000 43.000000 366.000000 471.500000 125.000000 163.000000 3.300000 44.000000 426.000000 488.000000 144.000000 155.000000 3.900000 16.000000 455.000000 455.000000 120.000000 135.000000 3.600000 17.000000 6 6 1
2014-02-15T14:00:00Z 2014-02-15T16:00:00Z 423.000000 422.000000 110.750000 141.000000 3.500000 59.000000 356.000000 422.000000 80.000000 159.000000 3.200000 45.000000 355.000000 422.000000 115.000000 163.000000 3.100000 47.000000 388.000000 422.000000 126.000000 157.000000 3.400000 22.000000 414.000000 422.000000 122.000000 136.000000 3.500000 13.000000 6 6 1
2014-02-15T13:00:00Z 2014-02-15T15:00:00Z 394.000000 353.000000 106.250000 138.000000 3.500000 50.000000 360.000000 353.000000 95.000000 133.000000 3.500000 26.000000 352.000000 353.000000 126.000000 132.000000 3.300000 28.000000 338.000000 353.000000 103.000000 152.000000 3.000000 26.000000 371.000000 353.000000 101.000000 129.000000 3.200000 17.000000 6 6 1
2014-02-15T12:00:00Z 2014-02-15T14:00:00Z 330.000000 358.000000 97.000000 153.000000 3.000000 51.000000 324.000000 358.000000 76.000000 134.000000 3.100000 30.000000 343.000000 358.000000 131.000000 117.000000 3.700000 17.000000 337.000000 358.000000 99.000000 142.000000 3.000000 18.000000 330.000000 358.000000 82.000000 123.000000 2.900000 20.000000 6 6 1
2014-02-15T11:00:00Z 2014-02-15T13:00:00Z 321.000000 388.000000 97.750000 153.000000 3.100000 39.000000 322.000000 388.000000 84.000000 88.000000 3.600000 12.000000 334.000000 388.000000 128.000000 94.000000 4.300000 13.000000 331.000000 388.000000 105.000000 132.000000 3.100000 7.000000 311.000000 388.000000 74.000000 118.000000 2.800000 17.000000 6 6 1
2014-02-15T10:00:00Z 2014-02-15T12:00:00Z 325.000000 479.000000 97.750000 125.000000 3.400000 32.000000 290.000000 479.000000 81.000000 94.000000 3.200000 10.000000 312.000000 479.000000 112.000000 72.000000 4.300000 12.000000 335.000000 479.000000 110.000000 124.000000 3.500000 1.000000 314.000000 479.000000 88.000000 116.000000 3.100000 4.000000 6 6 1
2014-02-15T09:00:00Z 2014-02-15T11:00:00Z 324.000000 332.000000 101.000000 116.000000 3.800000 29.000000 339.000000 332.000000 90.000000 88.000000 4.900000 4.000000 285.000000 332.000000 89.000000 55.000000 2.900000 14.000000 323.000000 345.000000 123.000000 94.000000 4.100000 1.000000 313.000000 319.000000 102.000000 83.000000 4.000000 1.000000 6 6 1
2014-02-15T04:00:00Z 2014-02-15T06:00:00Z 420.000000 503.000000 100.250000 134.000000 1.100000 10.000000 256.000000 503.000000 84.000000 57.000000 3.000000 10.000000 294.000000 503.000000 109.000000 42.000000 3.200000 10.000000 486.000000 503.000000 140.000000 133.000000 5.000000 10.000000 332.000000 503.000000 68.000000 40.000000 2.600000 10.000000 6 6 1
2014-02-15T03:00:00Z 2014-02-15T05:00:00Z 489.000000 475.500000 98.750000 147.000000 4.500000 15.000000 249.000000 475.500000 77.000000 54.000000 4.500000 12.000000 304.000000 475.500000 115.000000 46.000000 4.500000 8.000000 507.000000 530.000000 143.000000 132.000000 4.500000 1.000000 413.000000 421.000000 60.000000 52.000000 4.500000 1.000000 6 6 1
2014-02-15T02:00:00Z 2014-02-15T04:00:00Z 555.000000 570.500000 112.000000 49.000000 4.900000 35.000000 256.000000 570.500000 74.000000 49.000000 2.900000 13.000000 307.000000 570.500000 122.000000 49.000000 4.600000 8.000000 588.000000 654.000000 148.000000 49.000000 5.500000 1.000000 460.000000 487.000000 104.000000 49.000000 4.600000 1.000000 6 6 1
2014-02-15T01:00:00Z 2014-02-15T03:00:00Z 560.000000 564.000000 119.500000 150.000000 4.600000 47.000000 286.000000 633.666667 80.000000 66.000000 3.300000 11.000000 338.000000 633.666667 126.000000 56.000000 4.500000 8.000000 655.000000 783.000000 145.000000 142.000000 5.200000 1.000000 525.000000 554.000000 127.000000 153.000000 4.800000 1.000000 6 6 1
2014-02-15T00:00:00Z 2014-02-15T02:00:00Z 679.000000 726.000000 124.250000 173.000000 4.800000 57.000000 312.000000 633.750000 86.000000 72.000000 3.700000 11.000000 441.000000 447.000000 130.000000 86.000000 4.100000 9.000000 616.000000 708.000000 149.000000 140.000000 4.500000 1.000000 583.000000 654.000000 132.000000 157.000000 4.800000 1.000000 6 6 1
2014-02-14T23:00:00Z 2014-02-15T01:00:00Z 737.000000 652.000000 121.500000 200.000000 4.800000 59.000000 260.000000 652.000000 74.000000 74.000000 3.000000 22.000000 546.000000 561.000000 135.000000 89.000000 4.400000 10.000000 704.000000 835.000000 147.000000 157.000000 4.200000 1.000000 500.000000 560.000000 130.000000 133.000000 3.600000 1.000000 6 6 1
2014-02-14T22:00:00Z 2014-02-15T00:00:00Z 684.000000 759.000000 123.750000 112.750000 4.500000 59.000000 282.000000 702.500000 72.000000 74.000000 2.900000 23.000000 510.500000 777.000000 142.000000 122.000000 5.100000 11.000000 596.000000 730.000000 144.000000 129.000000 4.000000 1.000000 480.000000 544.000000 137.000000 126.000000 4.500000 1.000000 6 6 1
2014-02-14T21:00:00Z 2014-02-14T23:00:00Z 504.000000 563.000000 127.500000 105.500000 3.700000 49.000000 329.000000 342.000000 83.000000 93.000000 3.200000 19.000000 526.000000 602.000000 152.000000 139.000000 4.200000 10.000000 457.000000 539.000000 146.000000 112.000000 3.400000 1.000000 342.000000 385.000000 129.000000 78.000000 3.600000 1.000000 6 6 1
2014-02-14T20:00:00Z 2014-02-14T22:00:00Z 365.000000 395.750000 134.000000 117.000000 3.100000 45.000000 352.000000 372.000000 100.000000 105.000000 3.100000 18.000000 490.000000 491.000000 160.000000 98.000000 3.400000 8.000000 372.000000 410.000000 149.000000 97.000000 3.300000 1.000000 292.000000 310.000000 127.000000 52.000000 3.200000 1.000000 6 6 1
2014-02-14T19:00:00Z 2014-02-14T21:00:00Z 300.000000 321.500000 132.500000 93.000000 2.900000 42.000000 267.000000 321.500000 99.000000 91.000000 2.700000 28.000000 371.000000 321.500000 160.000000 83.000000 3.100000 11.000000 320.000000 338.000000 136.000000 86.000000 3.100000 9.000000 297.000000 305.000000 135.000000 69.000000 2.900000 1.000000 6 6 1
2014-02-14T18:00:00Z 2014-02-14T20:00:00Z 293.000000 280.500000 123.000000 86.000000 2.800000 39.000000 251.000000 251.000000 85.000000 98.000000 2.500000 48.000000 316.000000 280.500000 148.000000 66.000000 2.800000 21.000000 296.000000 280.500000 127.000000 88.000000 2.700000 19.000000 294.000000 310.000000 132.000000 72.000000 2.900000 1.000000 6 6 1
2014-02-14T17:00:00Z 2014-02-14T19:00:00Z 302.000000 273.000000 113.750000 85.000000 2.900000 51.000000 238.000000 273.000000 67.000000 95.000000 2.300000 72.000000 290.000000 273.000000 140.000000 70.000000 2.600000 30.000000 302.000000 273.000000 129.000000 95.000000 2.900000 22.000000 114.000000 273.000000 119.000000 79.000000 2.800000 6.000000 6 6 1
2014-01-31T03:00:00Z 2014-01-31T05:00:00Z 279.000000 322.000000 51.250000 72.000000 1.800000 24.000000 123.000000 173.000000 38.000000 42.000000 1.100000 19.000000 336.000000 391.000000 59.000000 58.000000 1.300000 9.000000 245.000000 338.000000 58.000000 68.000000 1.700000 4.000000 226.000000 275.000000 50.000000 61.000000 1.600000 2.000000 6 5 1
2014-01-31T02:00:00Z 2014-01-31T04:00:00Z 373.000000 461.000000 51.000000 96.000000 1.400000 35.000000 133.000000 190.000000 33.000000 42.000000 0.900000 24.000000 461.000000 559.000000 64.000000 77.000000 1.700000 8.000000 357.000000 516.000000 58.000000 95.000000 1.500000 3.000000 289.000000 359.000000 49.000000 68.000000 1.400000 1.000000 6 5 1
2014-01-31T01:00:00Z 2014-01-31T03:00:00Z 278.000000 423.000000 54.250000 109.000000 1.000000 40.000000 236.000000 328.000000 40.000000 55.000000 0.700000 16.000000 441.000000 608.000000 67.000000 90.000000 1.900000 9.000000 321.750000 885.000000 59.000000 166.000000 1.300000 4.000000 332.000000 414.000000 51.000000 83.000000 0.900000 1.000000 6 6 1
2014-01-24T03:00:00Z 2014-01-24T05:00:00Z 256.000000 266.000000 128.750000 161.000000 3.500000 3.000000 255.000000 279.666667 114.000000 99.000000 5.000000 8.000000 213.000000 279.666667 139.000000 126.000000 5.200000 16.000000 247.000000 280.000000 150.000000 154.000000 4.500000 1.000000 261.000000 293.000000 112.000000 121.000000 4.300000 1.000000 6 5 1
2014-01-24T02:00:00Z 2014-01-24T04:00:00Z 263.000000 278.000000 128.250000 160.000000 5.000000 4.000000 224.000000 289.000000 107.000000 94.000000 3.500000 6.000000 221.000000 289.000000 136.000000 129.000000 5.500000 16.000000 255.000000 304.000000 147.000000 151.000000 4.600000 1.000000 257.000000 285.000000 123.000000 144.000000 5.300000 1.000000 6 5 1
2014-01-24T01:00:00Z 2014-01-24T03:00:00Z 268.000000 295.000000 135.750000 158.000000 5.200000 6.000000 228.000000 317.333333 112.000000 113.000000 3.300000 5.000000 240.000000 317.333333 138.000000 128.000000 6.400000 18.000000 274.000000 351.000000 149.000000 159.000000 5.300000 1.000000 276.000000 306.000000 144.000000 182.000000 5.300000 1.000000 6 6 1
2014-01-24T00:00:00Z 2014-01-24T02:00:00Z 259.000000 295.000000 137.750000 137.000000 5.000000 6.000000 231.000000 326.666667 112.000000 123.000000 3.600000 4.000000 246.000000 326.666667 147.000000 137.000000 6.100000 18.000000 270.000000 355.000000 148.000000 144.000000 5.200000 1.000000 286.000000 330.000000 144.000000 197.000000 5.700000 1.000000 6 6 1
2014-01-23T23:00:00Z 2014-01-24T01:00:00Z 271.000000 306.000000 136.750000 131.000000 5.000000 6.000000 250.000000 251.000000 124.000000 137.000000 4.100000 4.000000 256.000000 260.000000 144.000000 115.000000 5.600000 18.000000 259.000000 341.000000 144.000000 123.000000 4.400000 1.000000 280.000000 323.000000 135.000000 168.000000 5.500000 1.000000 6 6 1
2014-01-23T22:00:00Z 2014-01-24T00:00:00Z 278.000000 316.000000 139.500000 131.000000 5.000000 6.000000 253.000000 324.250000 122.000000 137.000000 4.400000 5.000000 289.000000 296.000000 156.000000 141.000000 7.200000 21.000000 272.000000 356.000000 146.000000 116.000000 4.500000 1.000000 280.000000 329.000000 134.000000 137.000000 5.500000 1.000000 6 6 1
2014-01-23T21:00:00Z 2014-01-23T23:00:00Z 276.000000 315.000000 141.000000 110.000000 5.000000 7.000000 238.000000 347.000000 116.000000 130.000000 3.600000 6.000000 317.000000 342.000000 165.000000 136.000000 7.000000 22.000000 302.000000 416.000000 152.000000 102.000000 5.300000 1.000000 265.000000 315.000000 131.000000 133.000000 4.600000 1.000000 6 6 1
2014-01-23T20:00:00Z 2014-01-23T22:00:00Z 294.000000 315.000000 142.500000 87.000000 4.700000 8.000000 266.000000 279.000000 119.000000 143.000000 4.300000 9.000000 309.000000 352.000000 170.000000 147.000000 5.900000 21.000000 286.000000 391.000000 149.000000 100.000000 5.200000 1.000000 250.000000 311.000000 132.000000 104.000000 4.800000 1.000000 6 6 1
2014-01-23T19:00:00Z 2014-01-23T21:00:00Z 264.000000 313.000000 142.250000 106.000000 4.200000 6.000000 238.000000 263.000000 119.000000 146.000000 3.700000 7.000000 287.000000 326.000000 168.000000 145.000000 5.500000 19.000000 286.000000 406.000000 148.000000 140.000000 4.600000 1.000000 230.000000 287.000000 134.000000 117.000000 4.200000 1.000000 6 6 1
2014-01-23T18:00:00Z 2014-01-23T20:00:00Z 269.000000 329.000000 144.250000 134.000000 4.700000 6.000000 216.000000 224.000000 120.000000 148.000000 2.900000 6.000000 242.000000 280.000000 165.000000 145.000000 4.900000 17.000000 296.000000 269.000000 156.000000 142.000000 5.200000 1.000000 212.000000 243.000000 136.000000 138.000000 3.400000 1.000000 6 6 1
2014-01-23T06:00:00Z 2014-01-23T08:00:00Z 251.000000 266.000000 119.500000 118.000000 0.300000 1.000000 162.000000 256.666667 108.000000 80.000000 3.300000 5.000000 150.000000 256.666667 117.000000 70.000000 3.600000 14.000000 254.000000 302.000000 138.000000 117.000000 4.900000 4.000000 190.000000 202.000000 115.000000 115.000000 4.400000 1.000000 6 5 1
2014-01-23T05:00:00Z 2014-01-23T07:00:00Z 273.000000 286.000000 120.750000 128.000000 0.300000 1.000000 153.000000 279.333333 105.000000 78.000000 2.600000 2.000000 156.000000 279.333333 118.000000 75.000000 4.000000 15.000000 278.000000 324.000000 144.000000 132.000000 5.700000 5.000000 216.000000 228.000000 116.000000 118.000000 4.600000 1.000000 6 5 1
2014-01-23T04:00:00Z 2014-01-23T06:00:00Z 308.000000 328.000000 112.000000 132.000000 0.300000 1.000000 149.000000 312.333333 105.000000 76.000000 2.600000 4.000000 156.000000 312.333333 112.000000 66.000000 2.500000 15.000000 276.000000 340.000000 112.000000 131.000000 6.900000 1.000000 250.000000 269.000000 119.000000 128.000000 5.300000 1.000000 6 6 1
2014-01-23T03:00:00Z 2014-01-23T05:00:00Z 296.000000 320.000000 123.750000 126.000000 0.300000 1.000000 152.000000 318.000000 104.000000 78.000000 2.700000 4.000000 152.000000 318.000000 112.000000 53.000000 2.900000 7.000000 262.000000 328.000000 150.000000 109.000000 6.100000 1.000000 276.000000 306.000000 129.000000 130.000000 5.700000 1.000000 6 6 1
2014-01-23T02:00:00Z 2014-01-23T04:00:00Z 268.000000 296.000000 124.250000 123.000000 0.300000 1.000000 150.000000 316.000000 100.000000 77.000000 3.100000 5.000000 146.000000 316.000000 108.000000 56.000000 3.900000 9.000000 272.000000 334.000000 151.000000 131.000000 6.300000 1.000000 286.000000 318.000000 138.000000 134.000000 5.800000 1.000000 6 6 1
2014-01-18T00:00:00Z 2014-01-18T02:00:00Z 320.000000 24.000000 93.000000 52.000000 4.400000 8.000000 20.000000 24.000000 23.000000 18.000000 0.400000 43.000000 129.000000 24.000000 58.666667 34.666667 1.966667 19.000000 129.000000 24.000000 58.666667 34.666667 1.966667 19.000000 47.000000 24.000000 60.000000 34.000000 1.100000 6.000000 6 1 1
2014-01-17T23:00:00Z 2014-01-18T01:00:00Z 336.000000 346.000000 97.000000 59.000000 4.300000 8.000000 32.000000 38.000000 49.000000 27.000000 1.000000 19.000000 202.333333 223.000000 85.666667 44.666667 3.100000 9.333333 202.333333 223.000000 85.666667 44.666667 3.100000 9.333333 239.000000 285.000000 111.000000 48.000000 4.000000 1.000000 6 5 1
2014-01-17T22:00:00Z 2014-01-18T00:00:00Z 363.000000 380.000000 104.000000 64.000000 4.300000 8.000000 30.000000 32.000000 52.000000 29.000000 0.800000 15.000000 225.000000 255.666667 93.333333 46.000000 3.266667 8.000000 225.000000 255.666667 93.333333 46.000000 3.266667 8.000000 282.000000 355.000000 124.000000 45.000000 4.700000 1.000000 6 6 1
2014-01-17T21:00:00Z 2014-01-17T23:00:00Z 387.000000 420.000000 110.000000 66.000000 4.400000 9.000000 32.000000 38.000000 59.000000 29.000000 1.000000 9.000000 198.333333 233.666667 89.666667 45.666667 2.900000 7.333333 198.333333 233.666667 89.666667 45.666667 2.900000 7.333333 176.000000 243.000000 100.000000 42.000000 3.300000 4.000000 6 6 1
2014-01-17T19:00:00Z 2014-01-17T21:00:00Z 268.000000 282.000000 106.000000 59.000000 3.500000 9.000000 32.000000 42.000000 55.000000 37.000000 0.800000 19.000000 281.000000 341.000000 130.000000 46.000000 4.200000 17.000000 165.750000 199.500000 149.000000 69.000000 4.200000 1.000000 82.000000 133.000000 90.000000 39.000000 1.800000 2.000000 6 6 1
2014-01-17T01:00:00Z 2014-01-17T03:00:00Z 254.000000 265.000000 73.000000 115.000000 3.600000 5.000000 352.000000 265.000000 99.000000 103.000000 5.000000 5.000000 375.000000 265.000000 114.000000 67.000000 5.600000 13.000000 262.000000 265.000000 98.000000 107.000000 3.600000 1.000000 254.000000 265.000000 90.000000 126.000000 4.000000 1.000000 6 5 1
2014-01-17T00:00:00Z 2014-01-17T02:00:00Z 290.000000 349.666667 84.000000 127.000000 4.300000 6.000000 365.000000 349.666667 100.000000 112.000000 4.600000 4.000000 414.000000 417.000000 138.000000 86.000000 5.900000 13.000000 294.000000 345.000000 109.000000 101.000000 4.500000 1.000000 277.000000 287.000000 97.000000 121.000000 4.600000 1.000000 6 5 1
2014-01-16T23:00:00Z 2014-01-17T01:00:00Z 292.000000 358.250000 88.000000 114.000000 4.100000 5.000000 409.000000 422.000000 108.000000 113.000000 4.900000 4.000000 424.000000 437.000000 144.000000 82.000000 6.200000 15.000000 271.000000 313.000000 107.000000 90.000000 4.000000 1.000000 253.000000 261.000000 95.000000 107.000000 3.800000 1.000000 6 6 1
2014-01-16T22:00:00Z 2014-01-17T00:00:00Z 289.000000 397.000000 85.000000 102.000000 3.900000 5.000000 423.000000 446.000000 113.000000 112.000000 5.000000 4.000000 437.000000 441.000000 146.000000 87.000000 6.000000 16.000000 320.000000 406.000000 119.000000 99.000000 4.500000 1.000000 273.000000 295.000000 99.000000 111.000000 3.800000 1.000000 6 6 1
2014-01-16T21:00:00Z 2014-01-16T23:00:00Z 372.000000 388.000000 101.000000 125.000000 4.700000 6.000000 376.000000 402.000000 112.000000 116.000000 4.300000 5.000000 397.000000 412.000000 144.000000 91.000000 5.200000 13.000000 412.000000 573.000000 143.000000 129.000000 5.700000 1.000000 356.000000 426.000000 122.000000 128.000000 5.100000 1.000000 6 6 1
2014-01-16T20:00:00Z 2014-01-16T22:00:00Z 398.000000 402.000000 112.000000 132.000000 4.500000 7.000000 223.000000 240.000000 98.000000 118.000000 2.800000 8.000000 374.000000 392.000000 149.000000 96.000000 4.400000 13.000000 390.000000 530.000000 144.000000 137.000000 4.700000 1.000000 350.000000 401.000000 126.000000 122.000000 4.100000 1.000000 6 6 1
2014-01-16T19:00:00Z 2014-01-16T21:00:00Z 370.000000 423.666667 109.000000 112.000000 3.400000 7.000000 175.000000 423.666667 94.000000 97.000000 2.200000 8.000000 373.000000 404.000000 179.000000 119.000000 5.200000 17.000000 368.000000 509.000000 144.000000 128.000000 3.700000 1.000000 280.000000 358.000000 129.000000 122.000000 3.500000 1.000000 6 6 1
2014-01-16T18:00:00Z 2014-01-16T20:00:00Z 301.000000 325.000000 115.000000 124.000000 3.300000 9.000000 188.000000 190.000000 91.000000 97.000000 2.000000 13.000000 335.000000 361.000000 174.000000 108.000000 4.900000 16.000000 336.000000 482.000000 156.000000 143.000000 3.700000 1.000000 230.000000 261.000000 126.000000 132.000000 2.800000 1.000000 6 6 1
2014-01-16T17:00:00Z 2014-01-16T19:00:00Z 260.000000 304.750000 103.000000 126.000000 2.800000 20.000000 237.000000 264.000000 86.000000 123.000000 2.300000 26.000000 269.000000 339.000000 161.000000 105.000000 3.800000 17.000000 256.000000 335.000000 140.000000 126.000000 3.400000 2.000000 135.000000 281.000000 122.000000 154.000000 2.900000 7.000000 6 6 1
2014-01-16T13:00:00Z 2014-01-16T15:00:00Z 284.000000 39.000000 96.000000 116.000000 3.100000 25.000000 27.000000 39.000000 34.000000 35.000000 0.700000 39.000000 307.000000 39.000000 154.000000 153.000000 4.300000 20.000000 266.000000 39.000000 108.000000 122.000000 2.900000 16.000000 288.000000 39.000000 116.000000 125.000000 3.600000 10.000000 6 3 1
2014-01-16T11:00:00Z 2014-01-16T13:00:00Z 440.000000 451.000000 131.000000 158.000000 5.000000 12.000000 312.000000 339.000000 128.000000 144.000000 5.100000 14.000000 392.000000 392.000000 166.000000 156.000000 5.800000 18.000000 422.000000 518.000000 152.000000 160.000000 4.900000 1.000000 418.000000 425.000000 144.000000 188.000000 5.300000 1.000000 6 6 1
2014-01-16T10:00:00Z 2014-01-16T12:00:00Z 422.000000 437.000000 129.000000 155.000000 4.800000 10.000000 298.000000 454.000000 109.000000 134.000000 4.000000 13.000000 393.000000 397.000000 162.000000 122.000000 6.900000 18.000000 419.000000 540.000000 148.000000 138.000000 5.000000 1.000000 395.000000 442.000000 145.000000 161.000000 5.800000 1.000000 6 6 1
2014-01-16T09:00:00Z 2014-01-16T11:00:00Z 428.000000 440.000000 118.000000 124.000000 5.000000 8.000000 288.000000 463.000000 108.000000 132.000000 3.500000 8.000000 419.000000 431.000000 167.000000 101.000000 7.100000 19.000000 423.000000 551.000000 144.000000 122.000000 5.200000 1.000000 389.000000 430.000000 135.000000 135.000000 5.700000 1.000000 6 6 1
2014-01-16T07:00:00Z 2014-01-16T09:00:00Z 494.000000 500.000000 133.000000 117.000000 6.200000 10.000000 250.000000 495.250000 111.000000 138.000000 3.400000 8.000000 448.000000 468.000000 155.000000 84.000000 5.400000 14.000000 483.000000 587.000000 163.000000 140.000000 6.400000 1.000000 398.000000 426.000000 141.000000 160.000000 5.900000 1.000000 6 6 1
2014-01-16T05:00:00Z 2014-01-16T07:00:00Z 590.000000 598.000000 135.000000 99.000000 6.900000 11.000000 290.000000 311.000000 125.000000 154.000000 4.500000 8.000000 375.000000 399.000000 166.000000 139.000000 7.600000 23.000000 593.000000 757.000000 176.000000 109.000000 7.800000 4.000000 520.000000 586.000000 160.000000 120.000000 7.200000 1.000000 6 6 1
2014-01-16T04:00:00Z 2014-01-16T06:00:00Z 602.000000 622.000000 153.000000 106.000000 7.700000 13.000000 302.000000 311.000000 123.000000 157.000000 4.900000 8.000000 367.000000 558.500000 154.000000 137.000000 7.300000 20.000000 577.000000 704.000000 192.000000 154.000000 8.200000 4.000000 535.000000 597.000000 164.000000 127.000000 7.800000 1.000000 6 6 1
2014-01-16T03:00:00Z 2014-01-16T05:00:00Z 596.000000 612.000000 152.000000 124.000000 7.300000 13.000000 376.000000 392.000000 130.000000 161.000000 5.100000 8.000000 547.000000 557.000000 173.000000 130.000000 8.800000 25.000000 605.000000 543.250000 182.000000 126.000000 7.900000 3.000000 538.000000 612.000000 169.000000 132.000000 8.100000 1.000000 6 6 1
2014-01-16T02:00:00Z 2014-01-16T04:00:00Z 593.000000 597.250000 141.000000 129.000000 6.700000 12.000000 370.000000 397.000000 128.000000 157.000000 4.900000 10.000000 609.000000 633.000000 183.000000 125.000000 8.300000 27.000000 606.000000 749.000000 181.000000 132.000000 7.500000 3.000000 529.000000 610.000000 174.000000 130.000000 7.700000 1.000000 6 6 1
2014-01-16T01:00:00Z 2014-01-16T03:00:00Z 597.000000 598.000000 140.000000 141.000000 6.400000 12.000000 346.000000 374.000000 130.000000 192.000000 4.200000 10.000000 601.000000 638.000000 188.000000 143.000000 8.100000 28.000000 618.000000 743.000000 183.000000 146.000000 6.900000 4.000000 511.000000 640.000000 179.000000 147.000000 6.100000 1.000000 6 6 1
2014-01-16T00:00:00Z 2014-01-16T02:00:00Z 583.000000 585.000000 145.000000 154.000000 6.000000 13.000000 293.000000 328.000000 123.000000 168.000000 3.700000 8.000000 585.000000 629.000000 194.000000 182.000000 8.300000 29.000000 623.000000 524.000000 184.000000 165.000000 6.900000 5.000000 498.000000 554.000000 170.000000 128.000000 5.500000 1.000000 6 6 1
2014-01-15T23:00:00Z 2014-01-16T01:00:00Z 553.000000 576.000000 148.000000 149.000000 5.700000 12.000000 228.000000 285.000000 114.000000 155.000000 3.400000 9.000000 543.000000 583.000000 194.000000 170.000000 7.600000 26.000000 586.000000 498.000000 188.000000 158.000000 6.800000 4.000000 494.000000 548.000000 164.000000 144.000000 5.300000 1.000000 6 6 1
2014-01-11T19:00:00Z 2014-01-11T21:00:00Z 253.000000 217.000000 125.000000 130.000000 4.000000 9.000000 94.000000 134.000000 91.000000 85.000000 2.300000 6.000000 232.000000 284.000000 168.000000 96.000000 4.000000 19.000000 189.500000 217.000000 154.000000 141.000000 4.200000 1.000000 179.000000 233.000000 129.000000 112.000000 3.000000 1.000000 6 5 1
2013-12-25T13:00:00Z 2013-12-25T15:00:00Z 267.000000 316.333333 141.000000 114.000000 4.600000 19.000000 277.000000 316.333333 147.000000 142.000000 4.400000 9.000000 317.000000 336.000000 212.000000 150.000000 7.000000 13.000000 265.000000 289.000000 155.000000 145.000000 4.800000 4.000000 296.000000 324.000000 158.000000 131.000000 5.200000 4.000000 6 2 1
2013-12-25T12:00:00Z 2013-12-25T14:00:00Z 265.000000 268.000000 131.000000 117.000000 4.600000 17.000000 305.000000 309.000000 161.000000 165.000000 5.500000 7.000000 288.000000 303.000000 193.000000 156.000000 6.500000 12.000000 254.000000 291.000000 136.000000 160.000000 4.300000 5.000000 315.000000 374.000000 173.000000 144.000000 6.500000 1.000000 6 3 1
2013-12-25T05:00:00Z 2013-12-25T07:00:00Z 254.000000 264.000000 150.000000 128.000000 5.100000 10.000000 219.000000 285.000000 131.000000 82.000000 0.900000 4.000000 228.000000 285.000000 151.000000 77.000000 5.800000 10.000000 240.000000 297.000000 146.000000 124.000000 5.200000 1.000000 258.000000 294.000000 147.000000 129.000000 6.200000 2.000000 6 5 1
2013-12-25T04:00:00Z 2013-12-25T06:00:00Z 261.000000 286.500000 143.333333 138.000000 3.900000 12.000000 216.000000 286.500000 130.000000 82.000000 1.000000 4.000000 244.000000 286.500000 156.000000 90.000000 6.900000 11.000000 236.000000 275.000000 144.000000 142.000000 4.800000 1.000000 257.000000 298.000000 143.333333 56.000000 4.500000 1.000000 6 5 1
2013-12-25T03:00:00Z 2013-12-25T05:00:00Z 274.000000 289.000000 144.000000 164.000000 4.200000 8.000000 219.000000 222.000000 130.000000 82.000000 1.000000 4.000000 255.000000 271.000000 160.000000 93.000000 6.800000 12.000000 240.000000 285.000000 140.000000 148.000000 4.900000 1.000000 254.000000 288.000000 110.000000 100.000000 4.500000 1.000000 6 6 1
2013-12-25T02:00:00Z 2013-12-25T04:00:00Z 261.000000 262.000000 133.000000 158.000000 5.100000 8.000000 227.000000 299.333333 128.000000 85.000000 1.100000 4.000000 269.000000 299.333333 164.000000 97.000000 6.700000 13.000000 252.000000 306.000000 133.000000 138.000000 5.500000 1.000000 277.000000 330.000000 130.000000 129.000000 6.600000 1.000000 6 6 1
2013-12-24T22:00:00Z 2013-12-25T00:00:00Z 258.000000 263.000000 140.000000 152.000000 4.900000 9.000000 234.000000 238.000000 124.000000 103.000000 1.100000 5.000000 262.000000 293.000000 163.000000 107.000000 6.600000 13.000000 320.000000 419.000000 166.000000 148.000000 6.200000 1.000000 228.000000 273.000000 127.000000 127.500000 5.200000 1.000000 6 5 1
