2014-05-22T11:00:00Z 2014-05-22T13:00:00Z 291.000000 371.000000 113.000000 44.333333 2.400000 115.000000 282.000000 354.000000 78.000000 42.000000 2.400000 150.000000 276.000000 351.000000 101.000000 38.000000 2.600000 144.000000 277.000000 317.000000 62.000000 44.333333 2.400000 192.000000 263.000000 328.000000 79.000000 53.000000 2.800000 178.000000 6 5 1
2014-05-22T09:00:00Z 2014-05-22T11:00:00Z 256.000000 387.000000 110.000000 49.000000 2.100000 40.000000 276.000000 392.000000 90.000000 30.000000 2.200000 40.000000 250.000000 368.000000 124.000000 37.000000 2.700000 43.000000 275.000000 329.000000 84.000000 39.750000 2.500000 51.000000 263.000000 341.000000 85.000000 43.000000 2.600000 61.000000 6 6 1
2014-04-15T03:00:00Z 2014-04-15T05:00:00Z 308.000000 417.000000 136.000000 15.000000 1.800000 2.000000 55.000000 94.000000 65.000000 11.000000 0.500000 6.000000 47.000000 69.000000 53.000000 14.000000 0.900000 51.000000 38.000000 51.000000 46.000000 8.000000 0.500000 45.000000 41.000000 70.000000 64.000000 11.000000 0.800000 54.000000 6 5 1
2014-04-14T15:00:00Z 2014-04-14T17:00:00Z 264.000000 315.000000 89.000000 39.000000 1.900000 162.000000 264.000000 289.000000 75.000000 40.000000 1.700000 192.000000 232.000000 248.000000 70.000000 36.000000 1.800000 235.000000 254.000000 273.000000 41.000000 46.000000 1.700000 218.000000 216.000000 240.000000 54.000000 43.000000 1.900000 228.000000 6 5 1
2014-04-14T14:00:00Z 2014-04-14T16:00:00Z 307.000000 371.000000 119.000000 44.000000 2.200000 132.000000 268.000000 300.000000 91.000000 47.000000 1.900000 164.000000 251.000000 286.000000 106.000000 40.000000 2.000000 194.000000 231.000000 250.000000 58.000000 46.000000 1.800000 198.000000 235.000000 263.000000 75.000000 46.000000 1.900000 198.000000 6 5 1
2014-04-14T13:00:00Z 2014-04-14T15:00:00Z 269.000000 337.000000 102.000000 54.000000 2.300000 119.000000 278.000000 322.000000 107.000000 56.000000 2.200000 118.000000 246.000000 293.000000 121.000000 45.000000 2.300000 149.000000 260.000000 288.000000 84.000000 52.000000 2.000000 153.000000 286.000000 302.000000 92.000000 55.000000 2.200000 156.000000 6 6 1
2014-04-14T12:00:00Z 2014-04-14T14:00:00Z 268.000000 300.000000 92.000000 62.000000 2.200000 100.000000 286.000000 339.000000 116.000000 63.000000 2.300000 75.000000 228.000000 289.000000 106.000000 52.000000 2.300000 133.000000 262.000000 299.000000 102.000000 61.000000 2.400000 111.000000 294.000000 321.000000 96.000000 64.000000 2.400000 100.000000 6 6 1
2014-04-14T11:00:00Z 2014-04-14T13:00:00Z 269.000000 339.000000 100.000000 63.000000 2.200000 60.000000 263.000000 295.000000 81.000000 58.000000 2.300000 72.000000 171.000000 284.000000 101.000000 57.000000 2.200000 90.000000 248.000000 284.000000 112.000000 58.000000 2.500000 61.000000 283.000000 303.000000 91.000000 60.000000 2.300000 70.000000 6 6 1
2014-04-14T10:00:00Z 2014-04-14T12:00:00Z 320.000000 351.000000 124.000000 59.000000 2.200000 19.000000 293.000000 328.000000 100.000000 53.000000 2.100000 29.000000 280.000000 261.000000 82.000000 62.000000 2.100000 62.000000 235.000000 264.000000 106.000000 49.000000 2.400000 30.000000 272.000000 317.000000 96.000000 58.000000 2.300000 35.000000 6 6 1
2014-04-14T09:00:00Z 2014-04-14T11:00:00Z 300.000000 328.000000 110.000000 46.000000 2.100000 8.000000 276.000000 316.000000 104.000000 46.000000 2.100000 4.000000 266.000000 286.000000 112.000000 53.000000 2.300000 18.000000 220.000000 261.000000 104.000000 43.000000 2.400000 13.000000 233.000000 269.000000 79.000000 45.000000 2.000000 18.000000 6 6 1
2014-04-14T08:00:00Z 2014-04-14T10:00:00Z 291.000000 326.000000 114.000000 22.000000 2.100000 2.000000 238.000000 257.000000 88.000000 35.000000 1.800000 2.000000 212.000000 267.000000 107.000000 40.000000 2.200000 4.000000 191.000000 236.000000 90.000000 21.000000 2.300000 8.000000 237.000000 254.000000 81.000000 29.000000 1.900000 4.000000 6 6 1
2014-04-14T07:00:00Z 2014-04-14T09:00:00Z 272.000000 315.000000 114.000000 11.000000 2.100000 2.000000 203.000000 253.000000 88.000000 21.000000 1.800000 2.000000 251.000000 271.000000 112.000000 26.000000 2.300000 2.000000 187.000000 202.000000 64.000000 6.000000 2.300000 4.000000 196.000000 227.000000 80.000000 18.000000 1.800000 2.000000 6 6 1
2014-04-14T06:00:00Z 2014-04-14T08:00:00Z 273.000000 318.000000 118.000000 11.000000 2.100000 2.000000 243.000000 259.000000 92.000000 20.000000 2.000000 2.000000 254.000000 269.000000 122.000000 22.000000 2.300000 2.000000 225.000000 282.000000 66.000000 7.000000 2.400000 4.000000 248.750000 282.000000 99.500000 15.000000 2.200000 2.500000 6 6 1
2014-04-14T05:00:00Z 2014-04-14T07:00:00Z 279.000000 262.666667 127.000000 14.000000 2.200000 2.000000 253.000000 268.000000 98.000000 22.000000 2.100000 2.000000 208.000000 259.000000 130.000000 22.000000 2.300000 2.000000 244.000000 262.666667 83.000000 17.000000 2.600000 4.000000 229.000000 261.000000 96.000000 21.000000 2.200000 2.000000 6 6 1
2014-04-14T04:00:00Z 2014-04-14T06:00:00Z 267.000000 350.000000 144.000000 15.000000 2.000000 2.000000 253.000000 276.000000 111.000000 20.000000 2.100000 2.000000 197.000000 251.000000 130.000000 24.000000 2.400000 2.000000 218.000000 242.000000 103.000000 26.000000 2.500000 4.000000 222.000000 270.000000 106.000000 21.000000 2.400000 2.000000 6 6 1
2014-04-14T03:00:00Z 2014-04-14T05:00:00Z 264.000000 338.000000 156.000000 14.000000 2.000000 2.000000 244.000000 262.000000 114.000000 20.000000 2.300000 2.000000 231.000000 247.000000 140.000000 26.000000 2.500000 2.000000 209.000000 250.000000 109.000000 24.000000 2.200000 5.000000 213.000000 254.000000 112.000000 24.000000 2.300000 2.000000 6 6 1
2014-04-14T02:00:00Z 2014-04-14T04:00:00Z 252.000000 247.250000 159.000000 18.000000 2.200000 2.000000 231.000000 270.000000 121.000000 20.000000 2.400000 2.000000 217.000000 234.000000 146.000000 28.000000 2.400000 2.000000 229.000000 254.000000 119.000000 21.000000 2.500000 6.000000 208.000000 231.000000 98.000000 28.000000 2.300000 13.000000 6 6 1
2014-03-27T12:00:00Z 2014-03-27T14:00:00Z 376.000000 497.000000 154.000000 48.000000 3.700000 2.000000 396.000000 477.000000 119.000000 65.000000 6.000000 2.000000 365.000000 408.000000 139.000000 41.000000 4.200000 2.000000 291.000000 364.000000 117.000000 38.000000 4.200000 7.000000 357.000000 436.500000 144.000000 66.000000 6.000000 2.000000 6 6 1
2014-03-27T10:00:00Z 2014-03-27T12:00:00Z 336.000000 414.000000 148.000000 41.000000 2.400000 2.000000 311.000000 381.000000 104.000000 42.000000 2.300000 2.000000 307.000000 355.000000 136.000000 33.000000 2.600000 2.000000 269.000000 345.000000 120.000000 24.000000 2.700000 7.000000 375.000000 418.000000 131.000000 40.000000 2.700000 2.000000 6 6 1
2014-03-27T08:00:00Z 2014-03-27T10:00:00Z 347.000000 421.000000 151.000000 28.000000 2.300000 2.000000 305.000000 375.000000 109.000000 28.000000 2.100000 2.000000 315.000000 339.000000 141.000000 25.000000 2.400000 2.000000 270.000000 310.000000 110.000000 9.000000 2.500000 8.000000 343.000000 373.000000 134.000000 26.000000 2.700000 2.000000 6 6 1
2014-03-27T07:00:00Z 2014-03-27T09:00:00Z 356.000000 395.000000 158.000000 25.000000 2.300000 2.000000 314.000000 346.000000 113.000000 26.000000 1.900000 2.000000 280.000000 316.000000 139.000000 24.000000 2.100000 2.000000 295.000000 312.000000 118.000000 7.000000 2.600000 8.000000 351.000000 372.000000 145.000000 23.000000 2.700000 2.000000 6 6 1
2014-03-27T06:00:00Z 2014-03-27T08:00:00Z 360.000000 391.000000 169.000000 23.000000 2.400000 2.000000 288.000000 319.000000 115.000000 24.000000 1.800000 2.000000 293.000000 312.000000 134.000000 24.000000 2.000000 4.000000 350.000000 345.750000 112.000000 6.000000 2.600000 9.000000 310.000000 361.000000 161.000000 24.000000 2.700000 2.000000 6 6 1
2014-03-27T05:00:00Z 2014-03-27T07:00:00Z 370.000000 412.000000 171.000000 21.000000 2.600000 2.000000 299.000000 349.000000 123.000000 25.000000 1.900000 2.000000 306.000000 329.000000 143.000000 26.000000 2.100000 4.000000 357.000000 361.000000 112.000000 6.000000 2.700000 9.000000 317.000000 354.000000 166.000000 27.000000 2.600000 2.000000 6 6 1
2014-03-27T04:00:00Z 2014-03-27T06:00:00Z 364.000000 424.000000 176.000000 23.000000 2.500000 2.000000 316.000000 366.000000 131.000000 28.000000 2.000000 2.000000 321.000000 346.000000 158.000000 27.000000 2.200000 2.000000 371.000000 375.000000 115.000000 6.000000 2.800000 9.000000 332.000000 364.000000 177.000000 33.000000 2.700000 2.000000 6 6 1
2014-03-27T03:00:00Z 2014-03-27T05:00:00Z 363.000000 451.000000 179.000000 25.000000 2.400000 2.000000 335.000000 397.000000 143.000000 29.000000 2.200000 2.000000 342.000000 381.000000 174.000000 28.000000 2.500000 2.000000 369.000000 406.250000 130.000000 7.000000 3.000000 9.000000 374.000000 396.000000 191.000000 35.000000 3.100000 2.000000 6 6 1
2014-03-27T02:00:00Z 2014-03-27T04:00:00Z 378.000000 432.000000 187.000000 28.000000 2.500000 2.000000 398.000000 438.000000 154.000000 29.000000 2.500000 2.000000 344.000000 415.000000 191.000000 33.000000 2.700000 2.000000 377.000000 429.500000 117.000000 8.000000 3.300000 10.000000 375.000000 433.000000 210.000000 37.000000 3.700000 2.000000 6 6 1
2014-03-27T01:00:00Z 2014-03-27T03:00:00Z 392.000000 460.000000 198.000000 35.000000 2.600000 2.000000 409.000000 468.000000 163.000000 38.000000 2.500000 2.000000 388.000000 419.000000 200.000000 40.000000 2.800000 2.000000 386.000000 446.500000 132.000000 10.000000 3.300000 10.000000 378.000000 439.000000 198.000000 40.000000 3.700000 2.000000 6 6 1
2014-03-27T00:00:00Z 2014-03-27T02:00:00Z 374.000000 442.000000 191.000000 36.000000 2.800000 2.000000 389.000000 486.000000 160.000000 35.000000 2.900000 2.000000 330.000000 389.000000 192.000000 39.000000 3.100000 2.000000 338.000000 358.000000 150.000000 13.000000 3.300000 10.000000 357.000000 387.000000 204.000000 49.000000 3.400000 2.000000 6 6 1
2014-03-26T23:00:00Z 2014-03-27T01:00:00Z 365.000000 450.000000 197.000000 41.000000 2.900000 2.000000 370.000000 428.000000 152.000000 33.000000 2.700000 2.000000 384.000000 409.000000 183.000000 38.000000 3.600000 2.000000 329.000000 349.000000 147.000000 18.000000 3.000000 9.000000 348.000000 373.000000 190.000000 51.000000 3.000000 2.000000 6 6 1
2014-03-26T22:00:00Z 2014-03-27T00:00:00Z 368.000000 423.000000 201.000000 46.000000 2.600000 2.000000 383.000000 478.000000 162.000000 41.000000 2.900000 2.000000 324.000000 386.000000 131.000000 48.000000 2.200000 45.000000 320.000000 353.000000 160.000000 21.000000 2.700000 8.000000 347.000000 366.000000 158.000000 60.000000 2.600000 30.000000 6 6 1
2014-03-26T21:00:00Z 2014-03-26T23:00:00Z 378.000000 448.000000 201.000000 61.000000 2.500000 2.000000 374.000000 471.000000 162.000000 47.000000 2.600000 2.000000 368.000000 396.000000 109.000000 54.000000 2.100000 79.000000 314.000000 343.000000 141.000000 24.000000 2.500000 16.000000 403.000000 414.500000 141.000000 76.000000 2.400000 60.000000 6 6 1
2014-03-26T20:00:00Z 2014-03-26T22:00:00Z 360.000000 423.000000 185.000000 67.000000 2.200000 25.000000 358.000000 417.000000 109.000000 60.000000 2.200000 58.000000 344.000000 368.000000 100.000000 59.000000 2.000000 105.000000 306.000000 358.000000 121.000000 41.000000 2.300000 50.000000 331.000000 364.000000 100.000000 83.000000 2.300000 104.000000 6 6 1
2014-03-26T19:00:00Z 2014-03-26T21:00:00Z 339.000000 416.000000 163.000000 78.000000 2.100000 58.000000 324.000000 381.000000 74.000000 74.000000 1.800000 127.000000 333.000000 357.000000 94.000000 68.000000 2.000000 138.000000 346.000000 368.000000 64.000000 66.000000 2.100000 134.000000 305.000000 353.000000 86.000000 94.000000 2.200000 140.000000 6 6 1
2014-03-26T18:00:00Z 2014-03-26T20:00:00Z 319.000000 388.000000 129.000000 91.000000 2.100000 111.000000 301.000000 349.000000 61.000000 85.000000 1.700000 171.000000 308.000000 329.000000 74.000000 79.000000 1.900000 181.000000 326.000000 356.000000 57.000000 82.000000 1.900000 165.000000 264.000000 310.000000 74.000000 92.000000 2.000000 164.000000 6 6 1
2014-03-26T17:00:00Z 2014-03-26T19:00:00Z 295.000000 348.000000 113.000000 90.000000 2.000000 138.000000 272.000000 310.000000 56.000000 80.000000 1.700000 177.000000 283.000000 302.000000 60.000000 83.000000 1.900000 204.000000 294.000000 314.000000 42.000000 85.000000 1.800000 193.000000 239.000000 271.000000 64.000000 90.000000 1.900000 181.000000 6 6 1
2014-03-26T16:00:00Z 2014-03-26T18:00:00Z 269.000000 318.000000 118.000000 75.000000 1.700000 136.000000 265.000000 302.000000 69.000000 68.000000 1.500000 175.000000 223.000000 252.000000 57.000000 73.000000 1.600000 201.000000 266.000000 283.000000 36.000000 79.000000 1.600000 199.000000 278.000000 288.750000 57.000000 81.000000 1.700000 190.000000 6 6 1
2014-03-26T15:00:00Z 2014-03-26T17:00:00Z 309.000000 342.000000 169.000000 60.000000 1.800000 101.000000 322.000000 346.000000 138.000000 54.000000 1.800000 120.000000 290.000000 313.000000 129.000000 65.000000 1.800000 158.000000 284.000000 302.000000 63.000000 71.000000 1.600000 185.000000 322.000000 325.750000 120.000000 74.000000 1.900000 160.000000 6 6 1
2014-03-26T13:00:00Z 2014-03-26T15:00:00Z 304.000000 341.000000 135.000000 62.000000 1.900000 80.000000 318.000000 338.000000 117.000000 70.000000 1.900000 69.000000 265.000000 312.000000 119.000000 68.000000 1.900000 106.000000 298.000000 338.000000 130.000000 56.000000 2.100000 81.000000 311.000000 355.000000 138.000000 81.000000 2.300000 76.000000 6 6 1
2014-03-26T11:00:00Z 2014-03-26T13:00:00Z 282.000000 312.000000 141.000000 70.000000 1.900000 43.000000 321.000000 391.000000 135.000000 70.000000 2.400000 15.000000 291.000000 313.000000 137.000000 68.000000 2.200000 38.000000 341.000000 383.000000 164.000000 48.000000 2.600000 18.000000 374.000000 400.000000 152.000000 75.000000 2.800000 20.000000 6 6 1
2014-03-26T10:00:00Z 2014-03-26T12:00:00Z 290.000000 378.000000 162.000000 68.000000 2.200000 6.000000 302.000000 375.000000 121.000000 59.000000 2.300000 10.000000 296.000000 337.000000 148.000000 59.000000 2.400000 10.000000 319.000000 379.000000 164.000000 37.000000 2.600000 11.000000 347.000000 401.000000 147.000000 56.000000 2.900000 7.000000 6 6 1
2014-03-26T09:00:00Z 2014-03-26T11:00:00Z 279.000000 356.000000 154.000000 53.000000 2.200000 2.000000 283.000000 347.000000 124.000000 48.000000 2.300000 2.000000 276.000000 347.000000 148.000000 40.000000 2.400000 2.000000 292.000000 360.000000 151.000000 28.000000 2.600000 11.000000 328.000000 422.000000 146.000000 37.000000 3.000000 2.000000 6 6 1
2014-03-26T08:00:00Z 2014-03-26T10:00:00Z 265.000000 359.000000 153.000000 34.000000 2.100000 2.000000 269.000000 346.000000 123.000000 33.000000 2.200000 2.000000 253.000000 304.000000 150.000000 32.000000 2.300000 2.000000 266.000000 305.000000 136.000000 15.000000 2.400000 10.000000 288.000000 376.000000 147.000000 26.000000 2.700000 2.000000 6 6 1
2014-03-26T05:00:00Z 2014-03-26T07:00:00Z 256.000000 318.000000 137.500000 21.000000 2.000000 2.000000 250.000000 302.000000 142.000000 27.000000 1.900000 2.000000 239.000000 264.000000 167.000000 32.000000 1.900000 2.000000 204.000000 288.250000 83.000000 5.000000 2.000000 7.000000 227.000000 269.000000 158.000000 24.000000 2.400000 2.000000 6 5 1
2014-03-26T04:00:00Z 2014-03-26T06:00:00Z 251.000000 314.000000 184.000000 23.000000 1.900000 3.250000 247.000000 300.000000 151.000000 32.000000 1.800000 2.000000 235.000000 258.000000 168.000000 33.000000 1.800000 2.000000 202.000000 276.000000 93.000000 6.000000 1.700000 7.000000 213.000000 232.000000 149.000000 28.000000 2.100000 2.000000 6 5 1
2014-03-25T14:00:00Z 2014-03-25T16:00:00Z 257.000000 274.000000 121.000000 73.000000 1.700000 132.000000 188.000000 252.000000 84.000000 61.000000 1.600000 148.000000 183.000000 243.000000 95.000000 63.000000 1.700000 171.000000 195.000000 235.000000 68.000000 67.000000 1.400000 170.000000 206.000000 236.000000 87.000000 68.000000 1.600000 158.000000 6 5 1
2014-03-25T03:00:00Z 2014-03-25T05:00:00Z 258.000000 365.000000 153.000000 34.000000 2.200000 2.000000 267.000000 317.000000 131.000000 26.000000 1.900000 2.000000 265.000000 292.000000 166.000000 40.000000 2.375000 2.000000 221.000000 241.000000 135.000000 10.000000 2.500000 8.000000 281.000000 324.000000 172.000000 34.000000 2.900000 2.000000 6 5 1
2014-03-25T02:00:00Z 2014-03-25T04:00:00Z 256.000000 321.000000 155.000000 42.000000 2.200000 2.000000 273.000000 358.000000 151.000000 37.000000 2.500000 2.000000 263.000000 319.000000 174.000000 31.750000 2.000000 2.000000 221.000000 236.000000 122.000000 8.000000 2.700000 9.000000 284.000000 356.000000 178.000000 40.000000 2.800000 2.000000 6 5 1
2014-03-25T01:00:00Z 2014-03-25T03:00:00Z 255.000000 323.000000 169.000000 55.000000 2.200000 2.000000 267.000000 366.000000 175.000000 51.000000 2.500000 2.000000 243.000000 275.000000 172.000000 47.000000 1.800000 2.000000 218.000000 237.000000 125.000000 10.000000 2.800000 9.000000 292.000000 346.000000 188.000000 44.000000 2.800000 2.000000 6 6 1
2014-03-24T15:00:00Z 2014-03-24T17:00:00Z 252.000000 270.000000 132.000000 65.000000 2.000000 91.000000 245.000000 265.000000 129.000000 56.000000 1.900000 87.000000 193.000000 250.000000 123.000000 65.000000 1.600000 104.000000 236.000000 256.750000 80.000000 73.000000 1.700000 126.000000 229.000000 242.000000 111.000000 76.000000 1.900000 116.000000 6 5 1
2014-03-24T12:00:00Z 2014-03-24T14:00:00Z 276.000000 297.000000 114.000000 82.000000 2.300000 62.000000 279.000000 300.000000 117.000000 74.000000 2.200000 49.000000 221.000000 267.000000 117.000000 77.000000 2.000000 67.000000 252.000000 284.000000 126.000000 68.000000 2.400000 45.000000 250.000000 279.000000 116.000000 84.000000 2.300000 56.000000 6 5 1
2014-03-24T11:00:00Z 2014-03-24T13:00:00Z 267.000000 313.000000 119.000000 82.000000 2.300000 36.000000 269.000000 298.000000 107.000000 75.000000 2.100000 31.000000 216.000000 270.000000 105.000000 83.000000 2.100000 47.000000 249.000000 285.000000 121.000000 70.000000 2.400000 30.000000 283.000000 299.000000 116.000000 86.000000 2.300000 35.000000 6 5 1
2014-03-24T10:00:00Z 2014-03-24T12:00:00Z 263.000000 291.000000 117.000000 86.000000 2.300000 15.000000 269.000000 285.000000 107.000000 68.000000 2.100000 18.000000 220.000000 256.000000 102.000000 78.000000 2.400000 24.000000 237.000000 277.000000 117.000000 63.000000 2.500000 16.000000 240.000000 282.000000 111.000000 80.000000 2.300000 17.000000 6 6 1
2014-03-24T09:00:00Z 2014-03-24T11:00:00Z 265.000000 314.000000 120.000000 82.000000 2.400000 6.000000 256.000000 268.000000 107.000000 65.000000 2.100000 5.000000 260.000000 266.000000 106.000000 68.000000 2.400000 5.000000 213.000000 236.000000 107.000000 50.000000 2.400000 10.000000 270.000000 271.000000 101.000000 64.000000 2.200000 8.000000 6 6 1
2014-03-04T03:00:00Z 2014-03-04T05:00:00Z 270.000000 320.000000 157.000000 87.000000 5.100000 2.000000 261.000000 305.000000 86.000000 76.000000 3.600000 2.000000 251.000000 272.000000 107.000000 90.000000 3.866667 2.000000 215.000000 247.000000 86.000000 87.000000 3.866667 8.000000 204.000000 251.000000 80.000000 87.000000 2.900000 2.000000 6 4 0
2014-03-04T02:00:00Z 2014-03-04T04:00:00Z 270.000000 330.000000 162.000000 107.000000 4.900000 2.000000 265.000000 309.000000 88.000000 97.000000 4.300000 2.000000 256.000000 315.000000 108.000000 102.666667 4.100000 2.000000 242.000000 295.000000 96.000000 102.666667 3.500000 9.000000 225.000000 276.000000 88.000000 104.000000 3.400000 2.000000 6 5 0
2014-03-04T01:00:00Z 2014-03-04T03:00:00Z 262.000000 323.000000 163.000000 115.000000 4.900000 2.000000 274.000000 329.000000 109.000000 134.000000 4.800000 2.000000 240.000000 320.000000 108.000000 99.000000 4.100000 2.000000 229.000000 314.000000 98.000000 112.000000 3.600000 9.000000 245.000000 322.000000 101.000000 114.000000 4.100000 2.000000 6 6 0
2014-03-03T23:00:00Z 2014-03-04T01:00:00Z 251.000000 309.000000 159.000000 117.000000 5.400000 2.000000 247.000000 301.000000 101.000000 128.000000 4.500000 2.000000 236.000000 280.000000 110.000000 153.000000 4.600000 2.000000 213.000000 246.000000 100.000000 107.000000 3.900000 9.000000 219.000000 272.000000 102.000000 125.000000 3.900000 2.000000 6 6 0
2014-03-03T17:00:00Z 2014-03-03T19:00:00Z 287.000000 356.000000 175.000000 121.000000 5.400000 2.000000 239.000000 272.000000 100.000000 112.000000 4.600000 2.000000 276.000000 318.000000 117.000000 105.000000 5.300000 2.000000 245.000000 271.000000 108.000000 108.000000 4.400000 10.000000 229.000000 274.000000 100.000000 111.000000 4.300000 3.000000 6 5 0
2014-03-03T16:00:00Z 2014-03-03T18:00:00Z 261.000000 314.000000 177.000000 124.000000 4.800000 2.000000 271.000000 308.000000 103.000000 118.000000 5.000000 2.000000 301.000000 345.000000 123.000000 115.000000 5.800000 2.000000 292.000000 322.000000 118.000000 123.000000 5.500000 11.000000 272.000000 324.000000 106.000000 113.000000 4.900000 3.000000 6 6 0
2014-03-03T15:00:00Z 2014-03-03T17:00:00Z 277.000000 324.000000 180.000000 129.000000 4.900000 2.000000 280.000000 321.000000 105.000000 127.000000 5.300000 2.000000 297.000000 350.000000 121.000000 111.000000 5.600000 2.000000 296.000000 335.000000 119.000000 132.000000 5.900000 11.000000 294.000000 358.000000 112.000000 120.000000 5.400000 3.000000 6 6 0
2014-03-03T14:00:00Z 2014-03-03T16:00:00Z 266.000000 323.000000 179.000000 130.000000 5.100000 2.000000 268.000000 307.000000 100.000000 133.000000 5.000000 2.000000 286.000000 326.000000 120.000000 126.000000 5.500000 2.000000 292.000000 334.000000 118.000000 130.000000 5.700000 12.000000 288.000000 363.000000 109.000000 128.000000 5.500000 5.000000 6 6 0
2014-02-26T18:00:00Z 2014-02-26T20:00:00Z 339.000000 347.000000 153.000000 91.000000 3.700000 2.000000 187.000000 347.000000 60.000000 64.000000 1.800000 30.000000 290.000000 347.000000 93.000000 73.000000 2.800000 7.000000 284.000000 347.000000 96.000000 88.000000 2.700000 19.000000 252.000000 347.000000 79.000000 82.000000 2.200000 18.000000 6 3 1
2014-02-26T11:00:00Z 2014-02-26T13:00:00Z 532.000000 570.000000 247.000000 148.000000 7.600000 2.000000 460.000000 557.000000 139.000000 136.000000 5.400000 2.000000 435.000000 557.000000 131.000000 130.000000 4.700000 2.000000 456.000000 557.000000 170.000000 118.000000 5.100000 14.000000 523.000000 544.000000 168.000000 142.000000 6.200000 4.000000 6 6 1
2014-02-26T09:00:00Z 2014-02-26T11:00:00Z 496.000000 537.000000 223.000000 107.000000 9.600000 2.000000 445.000000 445.000000 121.000000 113.000000 4.600000 2.000000 428.000000 490.333333 123.000000 113.000000 4.800000 2.000000 404.000000 490.333333 143.000000 59.000000 5.500000 12.000000 473.000000 489.000000 146.000000 117.000000 6.400000 3.000000 6 6 1
2014-02-26T08:00:00Z 2014-02-26T10:00:00Z 482.000000 482.000000 211.000000 80.000000 9.300000 2.000000 425.000000 426.000000 146.000000 66.000000 5.400000 2.000000 438.000000 460.000000 132.000000 104.000000 5.300000 2.000000 373.000000 460.000000 123.000000 20.000000 5.100000 10.000000 456.000000 472.000000 147.000000 94.000000 6.500000 2.000000 6 6 1
2014-02-25T05:00:00Z 2014-02-25T07:00:00Z 371.000000 391.000000 183.000000 92.000000 6.500000 1.000000 416.000000 418.000000 125.000000 68.000000 6.700000 1.000000 402.000000 409.000000 136.000000 95.000000 6.800000 1.000000 310.000000 312.000000 143.500000 15.000000 5.700000 15.000000 442.000000 463.000000 130.000000 92.000000 7.500000 6.000000 6 6 1
2014-02-25T04:00:00Z 2014-02-25T06:00:00Z 375.000000 404.000000 189.000000 88.000000 7.100000 1.000000 422.000000 428.000000 131.000000 71.000000 6.900000 1.000000 390.000000 402.000000 138.000000 95.000000 7.100000 1.000000 312.000000 331.000000 118.000000 16.000000 6.800000 2.500000 444.000000 462.000000 136.000000 90.000000 8.000000 7.000000 6 6 1
2014-02-25T03:00:00Z 2014-02-25T05:00:00Z 371.000000 405.000000 191.000000 93.000000 6.900000 1.000000 427.000000 442.000000 138.000000 86.000000 7.400000 1.000000 378.000000 387.000000 136.000000 126.000000 6.400000 1.000000 294.000000 321.000000 112.000000 17.000000 7.025000 13.000000 428.000000 443.000000 140.000000 96.000000 7.400000 7.000000 6 6 1
2014-02-25T02:00:00Z 2014-02-25T04:00:00Z 352.000000 392.000000 195.000000 104.000000 6.400000 1.000000 411.000000 429.000000 140.000000 95.000000 7.100000 1.000000 359.000000 362.000000 131.000000 88.000000 5.600000 1.000000 309.000000 317.000000 122.000000 93.500000 5.400000 11.000000 414.000000 446.000000 138.000000 87.000000 7.500000 8.000000 6 6 1
2014-02-25T01:00:00Z 2014-02-25T03:00:00Z 340.000000 371.000000 194.000000 67.000000 6.200000 1.000000 377.000000 397.000000 136.000000 94.000000 6.500000 1.000000 359.000000 367.000000 128.000000 80.000000 5.200000 1.000000 281.000000 291.000000 105.000000 15.000000 4.500000 10.000000 354.000000 383.000000 142.000000 89.000000 6.300000 4.000000 6 6 1
2014-02-25T00:00:00Z 2014-02-25T02:00:00Z 376.000000 378.000000 202.000000 79.000000 6.200000 1.000000 283.000000 309.000000 115.000000 55.000000 4.500000 1.000000 357.000000 366.000000 124.000000 83.000000 4.700000 1.000000 309.000000 313.000000 111.000000 19.000000 4.800000 11.000000 325.000000 342.000000 129.000000 78.000000 5.200000 3.000000 6 6 1
2014-02-24T23:00:00Z 2014-02-25T01:00:00Z 372.000000 335.666667 204.000000 85.000000 5.400000 1.000000 320.000000 335.666667 122.000000 69.000000 4.200000 1.000000 351.000000 363.000000 125.000000 85.000000 4.700000 1.000000 307.000000 311.000000 106.000000 23.000000 4.900000 10.000000 322.000000 333.000000 133.000000 90.000000 4.400000 2.000000 6 6 1
2014-02-24T18:00:00Z 2014-02-24T20:00:00Z 390.000000 462.000000 263.000000 125.000000 5.900000 1.000000 358.000000 434.000000 159.000000 115.000000 5.100000 1.000000 391.000000 492.000000 186.000000 112.000000 5.900000 1.000000 355.000000 422.000000 158.000000 96.000000 5.000000 10.000000 388.000000 463.000000 174.000000 124.000000 5.300000 3.000000 6 6 1
2014-02-24T01:00:00Z 2014-02-24T03:00:00Z 274.000000 352.000000 198.000000 172.000000 5.800000 1.000000 228.000000 317.000000 110.000000 160.000000 4.800000 1.000000 219.000000 303.000000 118.000000 158.000000 5.200000 1.000000 186.000000 323.250000 94.000000 90.000000 3.600000 9.000000 248.000000 321.000000 105.000000 150.000000 5.100000 3.000000 6 5 1
2014-02-24T00:00:00Z 2014-02-24T02:00:00Z 270.000000 348.000000 195.000000 170.000000 5.500000 1.000000 221.000000 318.000000 109.000000 155.000000 4.900000 1.000000 208.000000 294.000000 118.000000 180.000000 5.100000 1.000000 184.000000 326.000000 88.000000 88.000000 3.300000 9.000000 244.000000 344.000000 107.000000 160.000000 5.400000 3.000000 6 5 1
2014-02-23T23:00:00Z 2014-02-24T01:00:00Z 258.000000 330.000000 192.000000 164.000000 5.200000 1.000000 219.000000 300.000000 107.000000 155.000000 4.700000 1.000000 205.000000 282.000000 112.000000 144.000000 4.900000 1.000000 197.000000 314.500000 92.000000 101.000000 3.800000 9.000000 269.000000 346.000000 108.000000 166.000000 5.500000 3.000000 6 6 1
2014-02-23T22:00:00Z 2014-02-24T00:00:00Z 257.000000 328.000000 191.000000 169.000000 5.100000 1.000000 220.000000 305.000000 105.000000 151.000000 4.700000 1.000000 210.000000 289.000000 108.000000 142.000000 4.800000 1.000000 205.000000 316.500000 95.000000 116.000000 3.900000 9.000000 269.000000 344.000000 106.000000 170.000000 5.400000 2.000000 6 6 1
2014-02-22T21:00:00Z 2014-02-22T23:00:00Z 266.000000 343.000000 199.000000 126.000000 4.200000 1.000000 212.000000 276.000000 106.000000 89.000000 3.000000 1.000000 238.000000 260.000000 99.000000 80.000000 3.000000 1.000000 226.000000 236.000000 96.000000 91.000000 2.800000 14.000000 254.000000 300.000000 99.000000 82.000000 3.200000 1.000000 6 5 1
2014-02-22T20:00:00Z 2014-02-22T22:00:00Z 251.000000 331.000000 204.000000 131.000000 4.800000 1.000000 207.000000 273.000000 110.000000 86.000000 3.300000 1.000000 213.000000 268.000000 113.000000 82.000000 3.400000 1.000000 211.000000 279.000000 111.000000 73.000000 3.400000 10.000000 227.000000 325.000000 113.000000 90.000000 3.900000 3.000000 6 5 1
2014-02-22T12:00:00Z 2014-02-22T14:00:00Z 309.000000 285.250000 165.000000 124.000000 3.500000 1.000000 244.000000 276.000000 90.000000 136.000000 2.900000 8.000000 247.000000 287.000000 96.000000 123.000000 3.100000 4.000000 230.000000 280.000000 95.000000 153.000000 3.600000 22.000000 264.000000 298.000000 82.000000 144.000000 3.500000 19.000000 6 6 1
2014-02-22T11:00:00Z 2014-02-22T13:00:00Z 275.000000 334.000000 167.000000 118.000000 3.900000 1.000000 282.000000 293.000000 97.000000 122.000000 3.100000 1.000000 243.000000 290.000000 99.000000 117.000000 3.400000 1.000000 255.000000 256.000000 93.000000 119.000000 2.700000 17.000000 230.000000 230.000000 64.000000 99.000000 2.200000 22.000000 6 6 1
2014-02-22T10:00:00Z 2014-02-22T12:00:00Z 273.000000 323.000000 165.000000 108.000000 4.200000 1.000000 272.000000 331.000000 106.000000 118.000000 3.800000 1.000000 240.000000 280.000000 96.000000 114.000000 3.100000 1.000000 237.000000 264.000000 101.000000 116.000000 2.900000 12.000000 248.000000 258.000000 82.000000 101.000000 2.400000 7.000000 6 6 1
2014-02-22T09:00:00Z 2014-02-22T11:00:00Z 274.000000 315.000000 163.000000 100.000000 4.500000 1.000000 264.000000 314.000000 104.000000 118.000000 3.500000 1.000000 241.000000 285.000000 98.000000 102.000000 3.100000 1.000000 237.000000 276.000000 103.000000 113.000000 3.000000 11.000000 240.000000 289.000000 94.000000 104.000000 2.900000 2.000000 6 6 1
2014-02-22T08:00:00Z 2014-02-22T10:00:00Z 303.000000 305.000000 166.000000 101.000000 4.600000 1.000000 274.000000 317.000000 111.000000 108.000000 3.900000 1.000000 237.000000 273.000000 99.000000 106.000000 2.900000 1.000000 228.000000 258.000000 100.000000 105.000000 2.700000 9.000000 234.000000 267.000000 90.000000 93.000000 2.700000 2.000000 6 6 1
2014-02-22T07:00:00Z 2014-02-22T09:00:00Z 322.000000 329.000000 175.000000 93.000000 5.900000 1.000000 275.000000 333.000000 116.000000 108.000000 4.300000 1.000000 232.000000 272.000000 101.000000 102.000000 2.900000 1.000000 212.000000 237.000000 88.000000 96.000000 2.500000 13.000000 218.000000 255.000000 88.000000 93.000000 2.600000 2.000000 6 6 1
2014-02-22T06:00:00Z 2014-02-22T08:00:00Z 310.000000 371.000000 184.000000 87.000000 6.600000 1.000000 271.000000 314.000000 108.000000 108.000000 3.900000 1.000000 229.000000 258.000000 99.000000 102.000000 2.800000 1.000000 237.000000 314.333333 71.000000 102.000000 2.200000 20.000000 235.000000 314.333333 70.000000 94.000000 2.100000 10.000000 6 6 1
2014-02-22T05:00:00Z 2014-02-22T07:00:00Z 300.000000 363.000000 187.000000 89.000000 5.500000 1.000000 291.000000 325.000000 105.000000 94.000000 3.800000 1.000000 274.000000 344.000000 101.000000 102.000000 3.000000 1.000000 261.000000 344.000000 119.500000 107.000000 2.500000 14.000000 242.000000 344.000000 85.000000 115.000000 2.200000 2.000000 6 6 1
2014-02-22T04:00:00Z 2014-02-22T06:00:00Z 295.000000 347.000000 186.000000 91.000000 4.100000 1.000000 303.000000 356.000000 113.000000 106.000000 4.500000 1.000000 261.000000 292.000000 107.000000 101.000000 3.300000 1.000000 277.000000 331.666667 99.000000 100.000000 2.900000 1.250000 256.000000 331.666667 86.000000 108.000000 2.400000 2.000000 6 6 1
2014-02-22T03:00:00Z 2014-02-22T05:00:00Z 291.000000 328.000000 183.000000 87.000000 3.800000 1.000000 278.000000 350.000000 114.000000 102.000000 4.400000 1.000000 312.000000 312.000000 112.000000 107.000000 4.000000 1.000000 273.000000 330.000000 104.000000 68.000000 3.800000 11.000000 292.000000 330.000000 100.000000 103.000000 3.000000 2.000000 6 6 1
2014-02-22T02:00:00Z 2014-02-22T04:00:00Z 301.000000 335.000000 183.000000 87.000000 4.300000 1.000000 262.000000 295.000000 96.000000 80.000000 3.000000 1.000000 301.000000 342.000000 123.000000 118.000000 5.000000 1.000000 267.000000 326.250000 116.000000 95.250000 3.200000 11.000000 293.000000 333.000000 121.000000 96.000000 4.200000 3.000000 6 6 1
2014-02-22T01:00:00Z 2014-02-22T03:00:00Z 336.000000 377.000000 186.000000 72.000000 4.500000 1.000000 312.000000 318.000000 108.000000 103.000000 3.500000 1.000000 277.000000 349.000000 133.000000 149.000000 5.100000 1.000000 218.000000 242.000000 112.000000 28.000000 3.200000 10.000000 278.000000 341.000000 128.000000 94.000000 4.500000 4.000000 6 6 1
2014-02-22T00:00:00Z 2014-02-22T02:00:00Z 328.000000 367.000000 190.000000 78.000000 4.200000 1.000000 264.000000 334.000000 122.000000 92.000000 4.100000 1.000000 251.000000 316.000000 134.000000 82.000000 4.400000 1.000000 246.000000 330.500000 104.000000 24.000000 2.800000 10.000000 253.000000 305.000000 123.000000 89.000000 4.100000 3.000000 6 6 1
2014-02-21T23:00:00Z 2014-02-22T01:00:00Z 273.000000 334.000000 192.000000 80.000000 3.800000 1.000000 246.000000 294.000000 119.000000 60.000000 3.400000 1.000000 248.000000 291.000000 133.000000 81.000000 3.700000 1.000000 249.000000 300.750000 109.000000 32.000000 3.000000 10.000000 237.000000 284.000000 118.000000 72.000000 3.600000 3.000000 6 6 1
2014-02-21T22:00:00Z 2014-02-22T00:00:00Z 274.000000 306.000000 191.000000 81.000000 4.000000 1.000000 244.000000 284.000000 119.000000 75.000000 3.000000 1.000000 247.000000 296.000000 135.000000 88.000000 3.600000 1.000000 259.000000 289.250000 115.000000 35.000000 3.100000 10.000000 240.000000 271.000000 116.000000 76.000000 2.900000 2.000000 6 6 1
2014-02-21T18:00:00Z 2014-02-21T20:00:00Z 276.000000 301.000000 200.000000 80.000000 2.800000 1.000000 236.000000 274.000000 107.000000 79.000000 2.300000 9.000000 245.000000 289.000000 128.000000 74.000000 2.800000 1.000000 249.000000 286.000000 125.000000 87.000000 2.800000 17.000000 235.000000 276.000000 102.000000 76.000000 2.400000 14.000000 6 6 1
2014-02-21T17:00:00Z 2014-02-21T19:00:00Z 270.000000 296.000000 195.000000 89.000000 2.800000 1.000000 245.000000 273.000000 113.000000 83.000000 2.400000 10.000000 240.000000 280.000000 120.000000 77.000000 2.600000 4.000000 240.000000 275.000000 117.000000 90.000000 2.600000 21.000000 242.000000 273.000000 92.000000 82.000000 2.200000 27.000000 6 6 1
2014-02-21T16:00:00Z 2014-02-21T18:00:00Z 264.000000 290.000000 185.000000 98.000000 2.700000 2.000000 250.000000 283.000000 99.000000 86.000000 2.400000 18.000000 234.000000 276.000000 110.000000 90.000000 2.600000 11.000000 228.000000 264.000000 108.000000 98.000000 2.500000 26.000000 241.000000 292.000000 96.000000 91.000000 2.400000 28.000000 6 6 1
2014-02-21T15:00:00Z 2014-02-21T17:00:00Z 262.000000 290.000000 176.000000 117.000000 2.700000 3.000000 242.000000 274.000000 92.000000 89.000000 2.300000 21.000000 221.000000 266.000000 106.000000 98.000000 2.600000 12.000000 262.000000 278.750000 100.000000 103.000000 2.300000 28.000000 246.000000 285.000000 88.000000 96.000000 2.300000 29.000000 6 6 1
2014-02-21T13:00:00Z 2014-02-21T15:00:00Z 292.000000 243.250000 158.000000 109.000000 2.800000 2.000000 220.000000 252.000000 86.000000 102.000000 2.400000 17.000000 193.000000 225.000000 97.000000 106.000000 2.500000 9.000000 198.000000 218.000000 98.000000 109.000000 2.300000 21.000000 251.000000 278.000000 86.000000 102.000000 2.400000 19.000000 6 6 1
2014-02-16T19:00:00Z 2014-02-16T21:00:00Z 313.000000 347.000000 171.000000 104.000000 4.200000 8.000000 295.000000 347.000000 108.000000 112.000000 3.800000 15.000000 305.000000 347.000000 111.000000 102.000000 4.200000 16.000000 298.500000 347.000000 123.000000 108.000000 3.950000 16.000000 281.000000 347.000000 102.000000 114.000000 3.600000 25.000000 6 6 1
2014-02-16T00:00:00Z 2014-02-16T02:00:00Z 468.000000 501.000000 174.000000 119.000000 5.200000 1.000000 499.000000 501.000000 142.000000 136.000000 5.600000 1.000000 485.000000 501.000000 146.000000 143.000000 6.200000 1.000000 426.000000 501.000000 130.000000 32.000000 4.800000 11.000000 457.000000 501.000000 128.000000 79.000000 5.600000 6.000000 6 6 1
2014-02-15T23:00:00Z 2014-02-16T01:00:00Z 484.000000 510.000000 182.000000 130.000000 5.700000 1.000000 502.000000 510.000000 144.000000 130.000000 6.100000 1.000000 488.000000 510.000000 150.000000 156.000000 6.000000 1.000000 413.000000 510.000000 118.000000 27.000000 3.900000 9.000000 435.000000 510.000000 126.000000 72.000000 4.800000 5.000000 6 6 1
2014-02-15T22:00:00Z 2014-02-16T00:00:00Z 493.000000 492.000000 186.000000 98.000000 6.300000 1.000000 480.000000 492.000000 146.000000 104.000000 5.300000 1.000000 499.000000 492.000000 153.000000 108.000000 5.100000 1.000000 417.000000 492.000000 118.000000 37.000000 4.100000 10.000000 411.000000 492.000000 126.000000 63.000000 4.300000 4.000000 6 6 1
2014-02-15T21:00:00Z 2014-02-15T23:00:00Z 531.000000 539.000000 200.000000 110.000000 6.000000 1.000000 413.000000 539.000000 126.000000 50.000000 3.400000 1.000000 451.000000 539.000000 138.000000 92.000000 3.900000 1.000000 405.000000 539.000000 121.000000 34.000000 3.900000 10.000000 400.000000 539.000000 125.000000 70.000000 3.200000 6.000000 6 6 1
2014-02-15T17:00:00Z 2014-02-15T19:00:00Z 466.000000 481.000000 197.000000 158.000000 4.000000 5.000000 466.000000 481.000000 133.000000 127.000000 3.600000 10.000000 479.000000 481.000000 139.000000 126.000000 3.900000 10.000000 459.000000 481.000000 116.000000 143.000000 3.500000 36.000000 396.000000 481.000000 91.000000 113.000000 2.900000 43.000000 6 6 1
2014-02-15T16:00:00Z 2014-02-15T18:00:00Z 419.000000 476.500000 188.000000 170.000000 3.700000 10.000000 505.000000 507.000000 132.000000 145.000000 3.900000 14.000000 438.000000 476.500000 130.000000 136.000000 3.700000 20.000000 501.000000 476.500000 124.000000 164.000000 3.800000 34.000000 440.000000 446.000000 100.000000 135.000000 3.300000 37.000000 6 6 1
2014-02-15T15:00:00Z 2014-02-15T17:00:00Z 396.000000 491.000000 166.000000 163.000000 3.400000 20.000000 455.000000 455.000000 120.000000 135.000000 3.600000 17.000000 395.000000 491.000000 112.000000 151.000000 3.400000 34.000000 492.000000 491.000000 144.000000 154.000000 4.300000 23.000000 491.000000 527.000000 120.000000 142.000000 4.000000 23.000000 6 6 1
2014-02-15T14:00:00Z 2014-02-15T16:00:00Z 379.000000 477.000000 150.000000 171.000000 3.300000 21.000000 414.000000 477.000000 122.000000 136.000000 3.500000 13.000000 413.500000 477.000000 126.250000 153.000000 3.500000 21.000000 407.000000 477.000000 126.000000 166.000000 3.500000 27.000000 454.000000 477.000000 107.000000 139.000000 3.700000 23.000000 6 6 1
2014-02-15T13:00:00Z 2014-02-15T15:00:00Z 369.000000 399.000000 146.000000 171.000000 3.500000 15.000000 371.000000 399.000000 101.000000 129.000000 3.200000 17.000000 340.000000 399.000000 94.000000 137.000000 3.100000 25.000000 375.000000 399.000000 110.000000 166.000000 3.200000 29.000000 396.000000 399.000000 90.000000 136.000000 3.300000 27.000000 6 6 1
2014-02-15T12:00:00Z 2014-02-15T14:00:00Z 359.000000 364.000000 137.000000 145.000000 3.500000 11.000000 330.000000 364.000000 82.000000 123.000000 2.900000 20.000000 330.000000 364.000000 94.000000 132.000000 3.200000 14.000000 332.000000 364.000000 95.000000 168.000000 2.900000 27.000000 357.000000 364.000000 102.000000 153.000000 3.500000 18.000000 6 6 1
2014-02-15T11:00:00Z 2014-02-15T13:00:00Z 351.000000 331.000000 138.000000 166.000000 3.600000 3.000000 311.000000 331.000000 74.000000 118.000000 2.800000 17.000000 319.000000 331.000000 98.000000 134.000000 3.300000 3.000000 331.000000 331.000000 102.000000 145.000000 3.100000 16.000000 325.000000 331.000000 97.000000 152.000000 3.400000 11.000000 6 6 1
2014-02-15T09:00:00Z 2014-02-15T11:00:00Z 335.000000 319.000000 128.000000 82.000000 5.300000 1.000000 313.000000 319.000000 102.000000 83.000000 4.000000 1.000000 306.000000 319.000000 105.000000 97.000000 4.100000 1.000000 319.000000 319.000000 110.000000 115.000000 3.600000 10.000000 304.000000 319.000000 95.000000 123.000000 3.500000 5.000000 6 6 1
2014-02-15T07:00:00Z 2014-02-15T09:00:00Z 337.000000 363.000000 124.000000 56.000000 6.800000 1.000000 302.000000 363.000000 104.000000 77.000000 3.600000 1.000000 311.000000 363.000000 106.000000 165.000000 3.800000 1.000000 307.000000 363.000000 104.000000 73.000000 3.700000 9.000000 358.000000 363.000000 103.000000 92.000000 5.000000 5.000000 6 6 1
2014-02-15T06:00:00Z 2014-02-15T08:00:00Z 322.000000 361.000000 122.000000 66.000000 5.000000 1.000000 306.000000 361.000000 102.000000 75.000000 4.000000 1.000000 309.000000 361.000000 108.000000 130.000000 4.000000 1.000000 314.000000 361.000000 105.000000 90.000000 3.700000 9.000000 357.000000 361.000000 113.000000 125.000000 4.300000 5.000000 6 6 1
2014-02-15T05:00:00Z 2014-02-15T07:00:00Z 316.000000 398.000000 106.000000 74.000000 4.700000 1.000000 327.000000 398.000000 106.000000 40.000000 3.800000 1.000000 318.000000 398.000000 106.000000 178.000000 3.900000 1.000000 394.000000 398.000000 106.000000 72.000000 4.100000 13.000000 392.000000 398.000000 106.000000 114.000000 4.200000 5.000000 6 6 1
2014-02-15T04:00:00Z 2014-02-15T06:00:00Z 356.000000 510.000000 136.000000 74.000000 5.200000 1.000000 332.000000 510.000000 68.000000 40.000000 2.600000 1.000000 365.000000 510.000000 111.000000 134.000000 4.200000 1.000000 463.000000 510.000000 116.000000 51.000000 4.600000 1.000000 479.000000 510.000000 120.000000 112.000000 5.400000 1.000000 6 6 1
2014-02-15T03:00:00Z 2014-02-15T05:00:00Z 413.000000 471.000000 136.000000 79.000000 5.900000 4.750000 413.000000 421.000000 60.000000 52.000000 5.150000 1.000000 410.000000 415.000000 121.000000 120.000000 4.400000 1.000000 490.000000 471.000000 119.000000 45.000000 5.150000 12.000000 526.000000 577.000000 124.000000 112.000000 5.150000 5.000000 6 6 1
2014-02-15T02:00:00Z 2014-02-15T04:00:00Z 433.000000 551.333333 137.000000 78.000000 4.450000 1.000000 460.000000 487.000000 104.000000 103.500000 4.600000 1.000000 387.000000 551.333333 120.000000 129.000000 4.000000 1.000000 518.000000 528.000000 126.000000 103.500000 4.200000 12.000000 581.000000 639.000000 128.000000 103.500000 5.000000 4.000000 6 6 1
2014-02-15T01:00:00Z 2014-02-15T03:00:00Z 486.000000 521.333333 147.000000 139.250000 6.300000 1.000000 525.000000 554.000000 127.000000 153.000000 4.800000 1.000000 444.000000 450.000000 122.000000 192.000000 4.300000 1.000000 540.000000 560.000000 124.000000 34.000000 4.200000 11.000000 498.750000 521.333333 136.000000 178.000000 6.000000 6.000000 6 6 1
2014-02-15T00:00:00Z 2014-02-15T02:00:00Z 523.000000 536.000000 153.000000 95.000000 5.600000 1.000000 583.000000 654.000000 132.000000 157.000000 4.800000 1.000000 548.000000 600.000000 128.000000 186.000000 4.900000 1.000000 488.000000 496.000000 110.000000 22.000000 3.800000 9.000000 535.500000 906.000000 137.000000 182.000000 5.900000 7.000000 6 6 1
2014-02-14T23:00:00Z 2014-02-15T01:00:00Z 534.000000 555.000000 167.000000 130.000000 4.900000 1.000000 500.000000 560.000000 130.000000 133.000000 3.600000 1.000000 512.000000 570.000000 135.000000 155.000000 4.700000 1.000000 434.000000 621.000000 107.000000 23.000000 3.300000 9.000000 670.000000 799.000000 131.000000 155.000000 4.300000 5.000000 6 6 1
2014-02-14T22:00:00Z 2014-02-15T00:00:00Z 526.000000 571.000000 170.000000 102.000000 4.800000 1.000000 480.000000 544.000000 137.000000 126.000000 4.500000 1.000000 538.000000 579.000000 136.000000 128.000000 3.900000 1.000000 428.000000 590.000000 109.000000 26.000000 3.300000 9.000000 570.000000 666.000000 124.000000 147.000000 3.500000 4.000000 6 6 1
2014-02-14T21:00:00Z 2014-02-14T23:00:00Z 425.000000 439.000000 180.000000 95.000000 4.300000 1.000000 342.000000 385.000000 129.000000 78.000000 3.600000 1.000000 456.000000 492.000000 136.000000 110.000000 3.800000 1.000000 374.000000 431.500000 117.000000 32.000000 3.200000 9.000000 371.000000 410.000000 119.000000 105.000000 2.900000 7.000000 6 6 1
2014-02-14T20:00:00Z 2014-02-14T22:00:00Z 367.000000 375.000000 188.000000 83.000000 4.000000 1.000000 292.000000 310.000000 127.000000 52.000000 3.200000 1.000000 356.000000 369.000000 140.000000 90.000000 3.400000 1.000000 286.000000 342.750000 92.000000 27.000000 2.600000 16.000000 310.000000 317.000000 109.000000 96.000000 2.700000 19.000000 6 6 1
2014-02-14T19:00:00Z 2014-02-14T21:00:00Z 322.000000 329.000000 189.000000 83.000000 3.800000 1.000000 297.000000 305.000000 135.000000 69.000000 2.900000 1.000000 301.000000 308.000000 138.000000 88.000000 2.900000 3.000000 268.000000 308.000000 88.000000 32.000000 2.400000 24.000000 282.000000 290.000000 99.000000 92.000000 2.600000 30.000000 6 6 1
2014-02-14T18:00:00Z 2014-02-14T20:00:00Z 300.000000 296.000000 187.000000 82.000000 3.100000 1.000000 294.000000 310.000000 132.000000 72.000000 2.900000 1.000000 293.000000 294.000000 135.000000 84.000000 3.000000 10.000000 270.000000 296.000000 99.000000 63.000000 2.300000 34.000000 276.000000 284.000000 114.000000 84.000000 2.500000 19.000000 6 6 1
2014-02-14T17:00:00Z 2014-02-14T19:00:00Z 295.000000 289.000000 182.000000 85.000000 3.000000 5.000000 114.000000 273.000000 119.000000 79.000000 2.800000 6.000000 286.000000 289.000000 130.000000 82.000000 3.000000 16.000000 293.000000 289.000000 109.000000 97.000000 2.500000 39.000000 292.000000 305.000000 105.000000 94.000000 2.600000 35.000000 6 6 1
2014-02-14T16:00:00Z 2014-02-14T18:00:00Z 292.000000 290.000000 170.000000 96.000000 2.900000 10.000000 281.500000 290.000000 106.000000 76.000000 2.400000 16.000000 266.000000 290.000000 118.000000 79.000000 2.700000 19.000000 292.000000 290.000000 108.000000 95.000000 2.800000 40.000000 276.000000 290.000000 95.000000 85.000000 2.600000 33.000000 6 6 1
2014-02-14T15:00:00Z 2014-02-14T17:00:00Z 287.000000 257.000000 161.000000 115.000000 3.000000 12.000000 262.500000 257.000000 100.000000 72.000000 2.400000 17.000000 263.000000 257.000000 103.000000 85.000000 2.500000 28.000000 254.000000 257.000000 107.000000 84.000000 2.600000 32.000000 246.000000 257.000000 87.000000 83.000000 2.400000 35.000000 6 6 1
2014-02-14T14:00:00Z 2014-02-14T16:00:00Z 277.000000 235.000000 144.000000 122.000000 3.000000 12.000000 215.000000 235.000000 83.000000 72.000000 2.200000 22.000000 250.000000 235.000000 96.000000 83.000000 2.600000 26.000000 251.000000 235.000000 101.000000 79.000000 2.600000 27.000000 232.000000 235.000000 78.000000 87.000000 2.300000 35.000000 6 6 1
2014-02-14T13:00:00Z 2014-02-14T15:00:00Z 261.000000 206.000000 129.000000 110.000000 3.100000 10.000000 203.000000 206.000000 74.000000 71.000000 2.100000 18.000000 231.000000 206.000000 90.000000 82.000000 2.600000 15.000000 235.000000 206.000000 90.000000 80.000000 2.400000 23.000000 202.000000 206.000000 71.000000 85.000000 2.200000 30.000000 6 6 1
2014-02-13T23:00:00Z 2014-02-14T01:00:00Z 252.000000 239.000000 139.000000 107.000000 4.500000 1.000000 247.000000 239.000000 100.000000 110.000000 4.200000 1.000000 230.000000 240.000000 101.000000 97.000000 4.100000 1.000000 218.000000 239.000000 103.000000 72.000000 3.600000 10.000000 215.000000 238.000000 100.000000 103.000000 3.600000 4.000000 6 5 1
2014-02-13T22:00:00Z 2014-02-14T00:00:00Z 279.000000 251.000000 139.000000 103.000000 4.600000 1.000000 222.000000 251.000000 96.000000 100.000000 3.600000 1.000000 259.000000 268.000000 104.000000 102.000000 4.600000 1.000000 240.000000 251.000000 114.000000 86.000000 4.100000 11.000000 216.000000 234.000000 99.000000 95.000000 3.400000 4.000000 6 5 1
2014-02-13T19:00:00Z 2014-02-13T21:00:00Z 251.000000 228.000000 137.000000 80.000000 4.300000 1.000000 219.000000 230.000000 98.000000 86.000000 3.600000 1.000000 234.000000 241.000000 102.000000 96.000000 4.200000 1.000000 222.000000 222.000000 117.000000 64.000000 3.800000 9.000000 204.000000 219.000000 107.000000 104.000000 3.200000 3.000000 6 5 1
2014-01-31T04:00:00Z 2014-01-31T06:00:00Z 255.000000 300.000000 51.000000 65.000000 1.600000 7.000000 151.000000 181.000000 54.000000 75.000000 1.900000 5.000000 222.000000 270.000000 53.000000 51.000000 1.900000 1.000000 136.000000 189.000000 46.000000 64.000000 1.800000 19.000000 193.000000 249.000000 51.000000 91.000000 2.200000 3.000000 6 4 1
2014-01-31T03:00:00Z 2014-01-31T05:00:00Z 349.000000 418.000000 80.000000 75.000000 1.400000 1.000000 226.000000 275.000000 50.000000 61.000000 1.600000 2.000000 292.000000 357.000000 48.000000 48.000000 1.600000 1.000000 198.000000 278.000000 46.000000 60.000000 1.700000 14.000000 240.000000 314.000000 43.000000 73.000000 2.000000 5.000000 6 5 1
2014-01-31T02:00:00Z 2014-01-31T04:00:00Z 254.000000 326.000000 76.000000 51.000000 1.000000 3.000000 289.000000 359.000000 49.000000 68.000000 1.400000 1.000000 240.000000 296.000000 37.000000 39.000000 1.000000 9.000000 262.000000 370.000000 47.000000 72.000000 1.500000 11.000000 361.000000 479.000000 41.000000 76.000000 1.700000 3.000000 6 6 1
2014-01-31T01:00:00Z 2014-01-31T03:00:00Z 377.000000 461.000000 85.000000 80.000000 1.200000 1.000000 332.000000 414.000000 51.000000 83.000000 0.900000 1.000000 292.000000 378.000000 45.000000 50.000000 0.900000 2.000000 345.000000 440.000000 50.000000 87.000000 0.900000 8.000000 426.000000 591.000000 42.000000 109.000000 1.100000 4.000000 6 6 1
2014-01-24T11:00:00Z 2014-01-24T13:00:00Z 252.000000 290.000000 150.000000 156.000000 5.900000 1.000000 188.000000 198.000000 93.000000 106.000000 3.000000 1.000000 183.000000 192.000000 102.000000 98.000000 3.200000 1.000000 181.000000 191.000000 104.000000 86.000000 3.000000 4.000000 178.000000 222.000000 92.000000 99.000000 3.000000 5.000000 6 5 1
2014-01-24T09:00:00Z 2014-01-24T11:00:00Z 254.000000 287.000000 150.000000 138.000000 6.900000 1.000000 206.000000 237.000000 107.000000 125.000000 3.300000 1.000000 236.000000 245.000000 119.000000 120.000000 4.400000 1.000000 197.000000 222.000000 104.000000 82.000000 3.300000 3.000000 195.000000 218.000000 101.000000 106.000000 2.900000 3.000000 6 6 1
2014-01-24T08:00:00Z 2014-01-24T10:00:00Z 259.000000 290.000000 146.000000 145.000000 7.100000 1.000000 223.000000 248.000000 116.000000 123.000000 3.400000 1.000000 218.000000 226.000000 112.000000 108.000000 3.700000 1.000000 189.000000 190.000000 98.000000 68.000000 3.100000 2.000000 196.000000 220.000000 99.000000 109.000000 2.700000 2.000000 6 5 1
2014-01-24T07:00:00Z 2014-01-24T09:00:00Z 271.000000 304.000000 150.000000 153.000000 7.500000 1.000000 221.000000 252.000000 118.000000 125.000000 3.600000 1.000000 234.000000 240.000000 111.000000 121.000000 3.400000 1.000000 196.000000 254.500000 95.000000 66.000000 3.100000 2.000000 195.000000 222.000000 99.000000 109.000000 2.700000 2.000000 6 6 1
2014-01-24T06:00:00Z 2014-01-24T08:00:00Z 262.000000 288.000000 150.000000 148.000000 7.000000 1.000000 215.000000 233.000000 110.000000 124.000000 3.500000 1.000000 228.000000 234.000000 113.000000 119.000000 3.700000 1.000000 199.000000 204.000000 103.000000 86.000000 3.000000 2.000000 204.000000 228.000000 99.000000 112.000000 3.000000 2.000000 6 6 1
2014-01-24T05:00:00Z 2014-01-24T07:00:00Z 276.000000 297.000000 155.000000 149.000000 6.400000 1.000000 235.000000 253.000000 115.000000 135.000000 4.200000 1.000000 243.000000 254.000000 122.000000 139.000000 4.300000 1.000000 208.000000 220.000000 108.000000 105.000000 3.300000 2.000000 223.000000 246.000000 106.000000 125.000000 3.400000 3.000000 6 6 1
2014-01-24T04:00:00Z 2014-01-24T06:00:00Z 273.000000 299.000000 160.000000 157.000000 6.700000 1.000000 261.000000 291.000000 136.000000 80.000000 4.100000 1.000000 247.000000 268.000000 136.000000 142.000000 4.000000 1.000000 224.000000 241.000000 136.000000 101.000000 3.800000 5.000000 230.000000 266.000000 112.000000 140.000000 3.600000 3.000000 6 6 1
2014-01-24T03:00:00Z 2014-01-24T05:00:00Z 260.000000 278.000000 158.000000 150.000000 5.600000 1.000000 261.000000 293.000000 112.000000 121.000000 4.300000 1.000000 250.000000 265.000000 138.000000 150.000000 4.300000 1.000000 229.000000 246.000000 126.000000 108.000000 4.100000 2.000000 264.000000 306.000000 125.000000 159.000000 4.600000 4.000000 6 6 1
2014-01-24T02:00:00Z 2014-01-24T04:00:00Z 281.000000 296.000000 157.000000 149.000000 6.500000 1.000000 257.000000 285.000000 123.000000 144.000000 5.300000 1.000000 257.000000 281.000000 138.000000 180.000000 4.700000 1.000000 244.000000 255.000000 127.000000 82.000000 4.900000 2.000000 270.000000 316.000000 129.000000 165.000000 5.000000 5.000000 6 6 1
2014-01-24T01:00:00Z 2014-01-24T03:00:00Z 279.000000 305.000000 159.000000 154.000000 6.300000 1.000000 276.000000 306.000000 144.000000 182.000000 5.300000 1.000000 259.000000 283.000000 136.000000 156.000000 4.700000 1.000000 238.000000 264.000000 129.000000 81.000000 4.900000 2.000000 262.000000 317.000000 120.000000 129.000000 4.700000 4.000000 6 6 1
2014-01-24T00:00:00Z 2014-01-24T02:00:00Z 287.000000 318.000000 166.000000 171.000000 6.600000 1.000000 286.000000 330.000000 144.000000 197.000000 5.700000 1.000000 281.000000 315.000000 141.000000 181.000000 5.400000 1.000000 240.000000 270.000000 126.000000 80.000000 4.600000 2.000000 262.000000 313.000000 122.000000 134.000000 4.500000 4.000000 6 6 1
2014-01-23T23:00:00Z 2014-01-24T01:00:00Z 318.000000 379.000000 169.000000 173.000000 7.400000 1.000000 280.000000 323.000000 135.000000 168.000000 5.500000 1.000000 286.000000 329.000000 139.000000 156.000000 5.500000 1.000000 251.000000 276.000000 130.000000 57.000000 4.700000 2.000000 272.000000 334.000000 127.000000 143.000000 4.900000 4.000000 6 6 1
2014-01-23T22:00:00Z 2014-01-24T00:00:00Z 303.000000 357.000000 168.000000 172.000000 6.700000 2.000000 280.000000 329.000000 134.000000 137.000000 5.500000 1.000000 278.000000 329.000000 137.000000 141.000000 5.100000 1.000000 246.000000 260.000000 123.000000 50.000000 4.300000 2.000000 289.000000 351.000000 131.000000 142.000000 5.300000 5.000000 6 6 1
2014-01-23T21:00:00Z 2014-01-23T23:00:00Z 271.000000 336.000000 172.000000 178.000000 5.900000 1.000000 265.000000 315.000000 131.000000 133.000000 4.600000 1.000000 270.000000 319.000000 142.000000 122.000000 5.400000 1.000000 242.000000 264.000000 118.000000 54.000000 3.800000 2.000000 281.000000 339.000000 127.000000 110.000000 5.000000 5.000000 6 6 1
2014-01-18T00:00:00Z 2014-01-18T02:00:00Z 376.000000 353.000000 126.000000 57.000000 4.900000 4.333333 47.000000 353.000000 60.000000 34.000000 1.100000 6.000000 338.000000 353.000000 111.000000 49.000000 4.500000 1.000000 252.500000 353.000000 98.500000 48.250000 3.425000 4.333333 249.000000 353.000000 97.000000 53.000000 3.200000 6.000000 6 5 1
2014-01-17T22:00:00Z 2014-01-18T00:00:00Z 397.000000 482.000000 130.000000 65.000000 4.400000 3.000000 282.000000 355.000000 124.000000 45.000000 4.700000 1.000000 372.000000 395.000000 120.000000 51.000000 4.200000 1.000000 348.000000 404.750000 122.500000 57.250000 4.350000 3.000000 341.000000 387.000000 116.000000 68.000000 4.100000 7.000000 6 6 1
2014-01-17T21:00:00Z 2014-01-17T23:00:00Z 411.000000 488.000000 137.000000 65.000000 4.400000 4.333333 176.000000 243.000000 100.000000 42.000000 3.300000 4.000000 385.000000 431.000000 128.000000 51.000000 4.300000 1.000000 331.000000 395.250000 122.250000 54.500000 4.075000 4.333333 352.000000 419.000000 124.000000 60.000000 4.300000 8.000000 6 6 1
2014-01-17T00:00:00Z 2014-01-17T02:00:00Z 294.000000 287.000000 110.000000 103.000000 4.000000 1.750000 277.000000 287.000000 97.000000 121.000000 4.600000 1.000000 299.000000 287.000000 97.000000 77.000000 4.300000 1.000000 275.000000 287.000000 94.000000 107.000000 4.300000 1.000000 305.000000 287.000000 90.000000 124.000000 4.600000 4.000000 6 6 1
2014-01-16T23:00:00Z 2014-01-17T01:00:00Z 294.000000 267.500000 111.000000 96.000000 3.600000 1.750000 253.000000 261.000000 95.000000 107.000000 3.800000 1.000000 281.000000 267.500000 96.000000 72.000000 3.800000 1.000000 270.000000 274.000000 101.000000 92.000000 4.200000 1.000000 289.000000 267.500000 94.000000 115.000000 4.300000 4.000000 6 6 1
2014-01-16T22:00:00Z 2014-01-17T00:00:00Z 378.000000 417.000000 128.000000 109.000000 4.500000 1.500000 273.000000 295.000000 99.000000 111.000000 3.800000 1.000000 317.000000 362.000000 105.000000 83.000000 4.000000 1.000000 333.000000 374.000000 111.000000 49.000000 5.000000 1.000000 278.000000 362.000000 91.000000 103.000000 3.700000 3.000000 6 6 1
2014-01-16T21:00:00Z 2014-01-16T23:00:00Z 427.000000 476.000000 140.000000 121.000000 4.700000 2.000000 356.000000 426.000000 122.000000 128.000000 5.100000 1.000000 399.000000 431.000000 123.000000 103.000000 5.100000 1.000000 374.000000 437.000000 123.000000 91.000000 5.600000 2.000000 376.000000 403.000000 110.000000 129.000000 4.800000 4.000000 6 6 1
2014-01-16T20:00:00Z 2014-01-16T22:00:00Z 389.000000 431.000000 145.000000 119.000000 3.900000 2.000000 350.000000 401.000000 126.000000 122.000000 4.100000 1.000000 383.000000 395.000000 125.000000 95.000000 4.200000 1.000000 376.000000 445.000000 129.000000 139.000000 4.900000 2.000000 400.000000 454.000000 123.000000 143.000000 5.000000 4.000000 6 6 1
2014-01-16T19:00:00Z 2014-01-16T21:00:00Z 352.000000 394.000000 148.000000 135.000000 3.800000 2.500000 280.000000 358.000000 129.000000 122.000000 3.500000 1.000000 350.000000 363.000000 135.000000 106.000000 3.600000 1.000000 346.000000 377.000000 122.000000 105.000000 3.500000 2.000000 361.000000 379.000000 112.000000 121.000000 3.300000 6.000000 6 6 1
2014-01-16T18:00:00Z 2014-01-16T20:00:00Z 261.000000 303.000000 135.000000 119.000000 3.300000 3.000000 230.000000 261.000000 126.000000 132.000000 2.800000 1.000000 204.000000 303.000000 138.000000 112.000000 3.200000 1.000000 326.000000 385.000000 133.000000 143.000000 3.600000 3.000000 300.000000 341.000000 120.000000 126.000000 3.000000 7.000000 6 6 1
2014-01-16T11:00:00Z 2014-01-16T13:00:00Z 373.000000 412.000000 152.000000 196.000000 5.500000 4.250000 418.000000 442.500000 144.000000 188.000000 5.300000 1.000000 422.000000 448.000000 144.000000 169.000000 5.500000 1.000000 382.000000 436.000000 138.000000 178.000000 4.300000 6.000000 438.000000 474.000000 148.000000 167.000000 5.100000 9.000000 6 6 1
2014-01-16T10:00:00Z 2014-01-16T12:00:00Z 362.000000 393.000000 148.000000 184.000000 5.100000 2.750000 395.000000 442.000000 145.000000 161.000000 5.800000 1.000000 404.000000 431.000000 148.000000 175.000000 5.600000 1.000000 385.000000 448.000000 139.000000 160.000000 4.400000 2.000000 449.000000 492.000000 133.000000 116.000000 5.700000 7.000000 6 6 1
2014-01-16T09:00:00Z 2014-01-16T11:00:00Z 349.000000 383.000000 140.000000 123.500000 6.300000 2.250000 389.000000 430.000000 135.000000 135.000000 5.700000 1.000000 417.000000 432.000000 137.000000 134.000000 5.200000 1.000000 384.000000 450.000000 134.000000 132.000000 4.500000 1.000000 441.000000 476.000000 120.000000 93.000000 5.300000 6.000000 6 6 1
2014-01-16T08:00:00Z 2014-01-16T10:00:00Z 403.000000 421.000000 141.000000 121.250000 6.700000 2.250000 383.000000 431.000000 137.000000 152.000000 5.800000 1.000000 416.000000 438.000000 137.000000 117.000000 5.600000 1.000000 403.000000 476.000000 138.000000 120.000000 5.200000 1.000000 444.000000 470.000000 124.000000 96.000000 5.300000 6.000000 6 6 1
2014-01-16T07:00:00Z 2014-01-16T09:00:00Z 444.000000 486.000000 144.000000 153.000000 6.500000 3.000000 398.000000 426.000000 141.000000 160.000000 5.900000 1.000000 455.000000 480.000000 149.000000 129.750000 6.500000 1.000000 459.000000 530.000000 151.000000 130.000000 6.000000 2.000000 546.000000 595.000000 133.000000 76.000000 6.900000 8.000000 6 6 1
2014-01-16T06:00:00Z 2014-01-16T08:00:00Z 478.000000 546.000000 152.000000 105.250000 6.800000 3.000000 475.000000 499.000000 150.000000 141.000000 6.600000 1.000000 547.000000 565.000000 157.000000 120.000000 7.000000 1.000000 486.000000 576.000000 142.000000 75.000000 6.100000 2.000000 566.000000 615.000000 135.000000 85.000000 6.900000 8.000000 6 6 1
2014-01-16T05:00:00Z 2014-01-16T07:00:00Z 442.000000 531.000000 149.000000 84.250000 8.000000 3.500000 520.000000 586.000000 160.000000 120.000000 7.200000 1.000000 577.000000 604.000000 160.000000 102.000000 7.300000 1.000000 508.000000 585.000000 128.000000 38.000000 6.600000 2.000000 595.000000 659.000000 135.000000 77.000000 7.700000 10.000000 6 6 1
2014-01-16T04:00:00Z 2014-01-16T06:00:00Z 367.000000 439.000000 156.000000 94.000000 8.100000 3.000000 535.000000 597.000000 164.000000 127.000000 7.800000 1.000000 443.000000 482.000000 163.000000 94.000000 7.600000 1.000000 528.000000 608.000000 141.000000 60.000000 7.000000 2.000000 607.000000 685.000000 156.000000 95.000000 7.800000 8.000000 6 6 1
2014-01-16T03:00:00Z 2014-01-16T05:00:00Z 268.000000 286.000000 128.000000 89.333333 6.700000 2.500000 538.000000 612.000000 169.000000 132.000000 8.100000 1.000000 496.000000 513.000000 166.000000 89.333333 7.500000 1.000000 526.000000 604.000000 146.000000 50.000000 7.300000 2.000000 580.000000 674.000000 144.000000 86.000000 7.300000 6.000000 6 6 1
2014-01-16T02:00:00Z 2014-01-16T04:00:00Z 498.000000 527.000000 155.000000 108.000000 8.100000 2.500000 529.000000 610.000000 174.000000 130.000000 7.700000 1.000000 594.000000 606.000000 172.000000 154.000000 6.900000 1.000000 534.000000 591.000000 148.000000 57.000000 6.700000 2.000000 580.000000 649.000000 149.000000 91.000000 7.400000 6.000000 6 6 1
2014-01-16T01:00:00Z 2014-01-16T03:00:00Z 589.000000 651.000000 168.000000 192.000000 7.200000 2.500000 511.000000 640.000000 179.000000 147.000000 6.100000 1.000000 595.000000 606.000000 173.000000 154.000000 6.400000 1.000000 539.000000 584.000000 153.000000 73.000000 6.700000 2.000000 561.000000 614.000000 159.000000 138.000000 7.000000 6.000000 6 6 1
2014-01-16T00:00:00Z 2014-01-16T02:00:00Z 587.000000 656.000000 172.000000 144.000000 7.000000 2.500000 498.000000 554.000000 170.000000 128.000000 5.500000 1.000000 602.000000 626.000000 178.000000 167.000000 6.500000 1.000000 522.000000 584.000000 169.000000 104.000000 6.700000 3.000000 534.000000 589.000000 167.000000 177.000000 5.800000 5.000000 6 6 1
2014-01-15T23:00:00Z 2014-01-16T01:00:00Z 568.000000 636.000000 172.000000 149.500000 6.600000 2.250000 494.000000 548.000000 164.000000 144.000000 5.300000 1.000000 558.000000 588.000000 175.000000 155.000000 6.000000 1.000000 507.000000 589.000000 168.000000 124.000000 6.500000 2.000000 519.000000 587.000000 165.000000 175.000000 5.600000 5.000000 6 6 1
2013-12-25T13:00:00Z 2013-12-25T15:00:00Z 347.000000 309.666667 157.000000 142.000000 5.000000 8.000000 296.000000 324.000000 158.000000 131.000000 5.200000 4.000000 275.000000 297.000000 167.000000 132.000000 5.200000 2.000000 294.500000 309.666667 158.000000 130.000000 4.900000 8.000000 260.000000 308.000000 150.000000 115.000000 4.200000 18.000000 6 5 1
2013-12-25T12:00:00Z 2013-12-25T14:00:00Z 405.000000 324.250000 189.000000 172.000000 6.600000 6.000000 315.000000 374.000000 173.000000 144.000000 6.500000 1.000000 290.000000 326.000000 167.000000 134.000000 5.800000 1.000000 251.000000 281.000000 159.000000 115.000000 4.500000 6.000000 257.000000 316.000000 152.000000 114.000000 4.700000 16.000000 6 4 1
2013-12-25T11:00:00Z 2013-12-25T13:00:00Z 418.000000 315.500000 191.000000 133.000000 8.500000 5.250000 321.000000 389.000000 172.000000 139.000000 7.300000 1.000000 275.000000 318.000000 152.000000 133.000000 5.800000 1.000000 235.000000 270.000000 153.000000 102.000000 4.700000 5.000000 241.000000 285.000000 141.000000 113.000000 4.500000 14.000000 6 6 1
2013-12-25T10:00:00Z 2013-12-25T12:00:00Z 369.000000 370.000000 168.000000 77.000000 8.200000 4.250000 261.000000 310.000000 150.000000 145.000000 6.200000 1.000000 255.000000 296.000000 144.000000 119.000000 5.900000 1.000000 208.000000 242.000000 136.000000 52.000000 4.700000 4.000000 226.000000 259.000000 137.000000 114.000000 4.300000 11.000000 6 6 1
2013-12-25T09:00:00Z 2013-12-25T11:00:00Z 356.000000 368.000000 155.000000 38.000000 7.900000 4.000000 258.000000 306.000000 151.000000 132.000000 6.400000 1.000000 229.000000 258.000000 132.000000 106.000000 5.300000 1.000000 191.000000 217.000000 118.000000 20.000000 4.500000 3.000000 220.000000 264.000000 138.000000 119.000000 4.600000 11.000000 6 6 1
2013-12-25T08:00:00Z 2013-12-25T10:00:00Z 357.000000 357.000000 150.000000 32.000000 8.100000 4.000000 235.000000 269.000000 145.000000 116.000000 5.700000 1.000000 235.000000 265.000000 133.000000 117.000000 5.400000 1.000000 209.000000 230.000000 126.000000 22.000000 4.900000 3.000000 214.000000 251.000000 130.000000 98.000000 4.900000 11.000000 6 6 1
2013-12-25T07:00:00Z 2013-12-25T09:00:00Z 333.000000 263.750000 136.000000 36.000000 7.700000 4.000000 248.000000 280.000000 144.000000 101.000000 5.900000 1.000000 246.000000 280.000000 147.000000 124.000000 5.600000 1.000000 216.000000 239.000000 137.000000 32.000000 5.000000 3.000000 227.000000 256.000000 127.000000 98.000000 4.800000 11.000000 6 6 1
2013-12-25T06:00:00Z 2013-12-25T08:00:00Z 325.000000 278.500000 137.000000 47.000000 7.400000 4.750000 265.000000 298.000000 150.000000 115.000000 6.300000 1.000000 236.000000 265.000000 150.000000 122.000000 5.300000 1.000000 220.000000 232.000000 141.000000 38.000000 4.900000 3.000000 271.000000 319.000000 143.000000 109.000000 6.400000 14.000000 6 6 1
2013-12-25T05:00:00Z 2013-12-25T07:00:00Z 307.000000 271.750000 139.000000 65.000000 6.100000 5.000000 258.000000 294.000000 147.000000 129.000000 6.200000 2.000000 243.000000 263.000000 147.000000 156.000000 5.000000 1.000000 227.000000 238.000000 132.000000 33.000000 4.900000 3.000000 259.000000 292.000000 148.000000 153.000000 5.700000 14.000000 6 6 1
2013-12-25T04:00:00Z 2013-12-25T06:00:00Z 326.000000 277.500000 146.000000 54.000000 6.300000 5.500000 257.000000 298.000000 145.500000 56.000000 4.500000 1.000000 246.000000 266.000000 145.500000 136.000000 5.000000 1.000000 234.000000 247.000000 145.500000 30.000000 5.100000 6.000000 254.000000 299.000000 145.000000 144.000000 5.700000 14.000000 6 6 1
2013-12-25T03:00:00Z 2013-12-25T05:00:00Z 349.000000 271.250000 141.000000 55.000000 6.800000 4.250000 254.000000 288.000000 110.000000 100.000000 4.500000 1.000000 244.000000 262.000000 138.000000 117.000000 4.900000 1.000000 229.000000 241.000000 130.000000 26.000000 5.000000 1.000000 255.000000 294.000000 140.000000 143.000000 5.400000 14.000000 6 6 1
2013-12-25T02:00:00Z 2013-12-25T04:00:00Z 348.000000 275.750000 145.000000 63.000000 6.700000 4.250000 277.000000 330.000000 130.000000 129.000000 6.600000 1.000000 247.000000 261.000000 134.000000 115.000000 5.000000 1.000000 215.000000 217.000000 116.000000 16.000000 4.600000 1.000000 254.000000 295.000000 136.000000 139.000000 5.300000 14.000000 6 6 1
2013-12-25T01:00:00Z 2013-12-25T03:00:00Z 330.000000 292.333333 143.000000 72.000000 6.300000 4.250000 266.000000 317.000000 146.000000 174.000000 6.200000 1.000000 254.000000 271.000000 133.000000 141.000000 5.200000 1.000000 203.000000 292.333333 115.000000 21.000000 4.300000 1.000000 255.000000 289.000000 132.000000 143.000000 5.000000 14.000000 6 6 1
2013-12-25T00:00:00Z 2013-12-25T02:00:00Z 333.000000 303.500000 144.000000 81.000000 5.700000 4.750000 295.000000 358.000000 140.000000 104.250000 6.900000 2.000000 282.000000 315.000000 136.000000 153.000000 6.100000 1.000000 227.000000 242.000000 129.000000 27.000000 5.000000 1.000000 254.000000 299.000000 130.000000 156.000000 4.800000 15.000000 6 6 1
2013-12-24T23:00:00Z 2013-12-25T01:00:00Z 343.000000 288.750000 141.000000 74.000000 6.100000 4.250000 260.000000 279.000000 124.000000 92.250000 5.700000 2.000000 278.000000 312.000000 140.000000 125.000000 6.200000 1.000000 258.000000 278.000000 137.000000 25.000000 6.000000 1.000000 239.000000 286.000000 128.000000 145.000000 4.600000 13.000000 6 6 1
2013-12-24T22:00:00Z 2013-12-25T00:00:00Z 327.000000 306.500000 134.000000 71.000000 5.500000 4.500000 228.000000 273.000000 127.000000 88.250000 5.200000 1.000000 285.000000 325.000000 153.000000 120.000000 6.000000 1.000000 275.000000 300.000000 148.000000 32.000000 6.400000 2.000000 263.000000 328.000000 140.000000 130.000000 5.500000 14.000000 6 6 1
