2013-06-04T07:00:00 28 7 9 2 3 4 17 1 3 0 6
2013-06-04T08:00:00 33 6 7 5 2 4 17 1 1 0 10
2013-06-04T09:00:00 50 11 14 5 3 8 26 1 5 0 15
2013-06-04T10:00:00 73 19 23 7 3 11 34 0 8 1 18
2013-06-04T11:00:00 100 26 30 9 3 15 49 3 12 2 21
2013-06-04T12:00:00 201 32 53 9 2 18 71 5 18 2 27
2013-06-04T13:00:00 239 40 72 13 3 22 79 12 25 2 34
2013-06-04T14:00:00 248 48 78 12 3 24 89 12 28 3 32
2013-06-04T15:00:00 238 48 74 15 3 18 87 12 25 4 32
2013-06-04T16:00:00 246 50 71 17 3 16 92 12 24 3 36
2013-06-04T17:00:00 248 51 67 17 4 12 83 10 21 3 43
2013-06-04T18:00:00 161 50 46 16 3 12 62 8 17 3 44
2013-06-04T19:00:00 128 47 28 15 3 10 53 1 12 3 43
2013-06-04T20:00:00 133 41 23 18 4 12 46 2 9 2 45
2013-06-04T21:00:00 144 43 28 15 4 13 49 2 10 1 45
2013-06-04T22:00:00 128 46 27 14 5 14 51 4 10 2 47
2013-06-04T23:00:00 125 52 28 13 4 14 51 4 14 1 42
2013-06-05T00:00:00 131 53 31 15 4 13 47 4 14 1 39
2013-06-05T01:00:00 129 55 36 13 5 11 48 5 14 1 34
2013-06-05T02:00:00 107 57 32 8 4 7 44 4 14 2 29
2013-06-05T03:00:00 89 52 23 7 3 6 33 4 13 2 22
2013-06-05T04:00:00 73 39 18 5 2 4 20 2 12 1 12
2013-06-05T05:00:00 49 25 13 4 2 5 14 1 7 1 7
2013-06-05T06:00:00 28 19 10 2 2 5 14 1 6 1 2
2013-06-08T14:00:00 157 35 49 11 3 10 70 8 20 1 58
2013-06-08T15:00:00 155 33 47 13 2 10 82 8 22 2 55
2013-06-08T16:00:00 148 31 41 17 3 9 83 8 21 3 52
2013-06-08T17:00:00 143 30 34 17 3 11 87 6 22 3 47
2013-06-08T18:00:00 160 26 39 17 4 13 88 4 28 2 50
2013-06-08T19:00:00 172 27 44 18 4 12 85 7 31 3 49
2013-06-08T20:00:00 183 43 50 19 3 11 89 8 34 3 42
2013-06-08T21:00:00 178 50 52 20 3 10 80 8 32 4 45
2013-06-08T22:00:00 171 59 49 17 2 14 76 7 32 5 42
2013-06-08T23:00:00 167 68 58 17 3 16 74 5 33 7 45
2013-06-09T00:00:00 144 74 55 17 2 18 68 7 27 7 42
2013-06-09T01:00:00 120 71 47 15 2 21 54 4 22 6 40
2013-06-09T02:00:00 99 52 41 11 2 22 42 2 20 6 37
2013-06-09T03:00:00 87 42 34 7 3 22 34 2 17 4 29
2013-06-09T04:00:00 69 34 32 6 3 17 23 2 14 2 26
2013-06-09T05:00:00 54 23 22 4 2 11 13 2 11 0 20
2013-06-09T06:00:00 36 16 13 2 2 7 7 0 8 0 15
2013-06-09T07:00:00 39 10 7 2 2 3 11 0 5 0 12
2013-06-09T08:00:00 43 12 7 1 1 3 20 1 3 0 15
2013-06-09T09:00:00 60 11 11 4 1 7 38 2 7 1 15
2013-06-09T10:00:00 89 15 15 5 1 7 45 2 12 1 16
2013-06-09T11:00:00 104 22 22 7 1 10 65 3 14 1 25
2013-06-09T12:00:00 137 27 28 11 3 12 87 3 19 1 35
2013-06-09T13:00:00 151 28 32 13 4 14 98 4 23 1 41
2013-06-16T08:00:00 36 10 4 7 0 0 22 0 6 2 4
2013-06-16T09:00:00 59 15 6 12 0 4 35 1 8 1 10
2013-06-16T10:00:00 96 22 14 17 1 15 60 4 11 2 23
2013-06-16T11:00:00 138 36 17 20 2 17 95 4 21 3 35
2013-06-16T12:00:00 185 45 23 24 4 19 136 5 22 4 44
2013-06-16T13:00:00 217 52 27 33 7 25 177 6 30 4 61
2013-06-16T14:00:00 257 57 32 37 7 29 206 8 31 7 74
2013-06-16T15:00:00 266 55 39 35 8 31 225 10 34 8 84
2013-06-16T16:00:00 260 53 33 33 9 24 220 7 35 7 76
2013-06-16T17:00:00 244 44 33 35 9 29 201 7 29 6 72
2013-06-16T18:00:00 223 43 30 32 9 33 166 7 28 5 71
2013-06-16T19:00:00 215 39 30 24 6 29 130 9 22 5 59
2013-06-16T20:00:00 193 46 27 20 6 29 102 7 20 2 49
2013-06-16T21:00:00 187 53 21 17 5 27 75 5 15 2 38
2013-06-16T22:00:00 168 58 26 14 5 30 58 5 15 2 41
2013-06-16T23:00:00 165 60 30 15 5 27 41 6 14 1 43
2013-06-17T00:00:00 163 59 34 15 4 23 36 7 16 1 42
2013-06-17T01:00:00 149 60 38 12 4 23 28 6 15 1 39
2013-06-17T02:00:00 130 54 37 9 4 20 20 7 13 1 35
2013-06-17T03:00:00 107 44 34 8 4 16 12 6 12 0 31
2013-06-17T04:00:00 94 35 26 7 2 9 9 6 8 0 23
2013-06-17T05:00:00 67 25 18 2 1 5 7 5 6 0 13
2013-06-17T06:00:00 43 16 12 2 0 3 4 3 4 0 8
2013-06-17T07:00:00 34 14 5 2 0 1 8 2 2 0 7
2013-06-17T08:00:00 43 11 3 2 0 3 13 1 2 0 8
2013-06-17T09:00:00 50 16 8 2 1 6 24 2 6 1 14
2013-06-17T10:00:00 71 18 12 4 2 6 33 3 12 1 17
2013-07-19T10:00:00 87 26 9 2 3 12 45 2 13 1 25
2013-07-19T11:00:00 113 35 10 3 3 12 68 2 16 1 33
2013-07-19T12:00:00 127 39 11 5 5 13 97 3 21 2 43
2013-07-19T13:00:00 151 47 11 7 7 13 122 4 27 3 46
2013-07-19T14:00:00 158 50 13 10 5 14 140 4 30 4 49
2013-07-19T15:00:00 176 43 11 12 6 11 146 3 29 3 48
2013-07-19T16:00:00 179 47 13 11 5 15 155 3 26 3 53
2013-07-19T17:00:00 182 46 16 13 5 16 149 3 26 3 56
2013-07-19T18:00:00 205 52 17 13 3 18 135 2 25 3 58
2013-07-19T19:00:00 211 51 20 22 2 19 121 2 25 2 62
2013-07-19T20:00:00 223 51 20 26 2 21 105 5 29 1 62
2013-07-19T21:00:00 211 50 22 29 1 22 105 6 29 1 64
2013-07-19T22:00:00 211 42 22 32 4 22 99 6 31 1 61
2013-07-19T23:00:00 221 46 26 36 5 25 92 7 35 1 63
2013-07-20T00:00:00 215 56 29 38 6 31 97 7 36 0 64
2013-07-20T01:00:00 207 59 27 29 5 27 90 7 34 2 60
2013-07-20T02:00:00 183 57 23 22 5 20 80 5 26 2 52
2013-07-20T03:00:00 163 56 22 17 6 19 60 4 23 2 42
2013-07-20T04:00:00 134 56 17 14 3 14 42 4 18 2 34
2013-07-20T05:00:00 94 46 11 7 3 10 32 2 11 2 22
2013-07-20T06:00:00 60 27 6 3 2 2 16 2 6 2 9
2013-07-20T07:00:00 39 19 8 1 2 3 12 1 5 0 8
2013-07-20T08:00:00 55 23 15 7 3 6 22 0 9 1 12
2013-07-20T09:00:00 99 25 16 12 3 9 44 0 11 1 28
2013-07-20T10:00:00 144 30 20 15 3 15 88 0 20 2 37
2013-08-16T10:00:00 135 8 10 2 1 3 29 0 21 0 31
2013-08-16T11:00:00 168 16 16 3 2 3 40 0 27 1 34
2013-08-16T12:00:00 199 21 18 6 2 6 50 0 29 1 40
2013-08-16T13:00:00 240 26 21 7 4 7 60 0 30 1 48
2013-08-16T14:00:00 264 30 21 8 4 9 75 0 30 1 54
2013-08-16T15:00:00 264 28 17 8 5 9 76 0 25 1 52
2013-08-16T16:00:00 245 31 21 10 5 11 85 0 29 1 56
2013-08-16T17:00:00 254 31 21 10 7 12 94 1 30 0 68
2013-08-16T18:00:00 261 28 22 11 8 8 97 1 35 0 66
2013-08-16T22:00:00 259 36 19 16 6 5 67 3 46 0 55
2013-08-16T23:00:00 257 41 16 16 4 6 58 2 43 2 54
2013-08-17T00:00:00 253 51 19 16 4 8 55 2 42 2 58
2013-08-17T01:00:00 237 50 20 15 4 9 50 2 43 2 53
2013-08-17T02:00:00 202 46 16 12 2 9 39 1 37 4 45
2013-08-17T03:00:00 163 43 14 10 2 9 35 1 28 4 42
2013-08-17T04:00:00 124 32 11 9 2 8 31 0 20 4 36
2013-08-17T05:00:00 89 20 8 9 1 7 20 0 15 2 22
2013-08-17T06:00:00 61 9 2 5 0 5 12 0 8 2 14
2013-08-17T07:00:00 49 7 3 2 0 2 13 0 3 2 11
2013-08-17T08:00:00 76 7 6 7 3 2 26 0 6 0 13
2013-08-17T09:00:00 111 12 11 10 3 4 37 0 7 0 20
2013-08-17T10:00:00 176 20 12 14 4 5 66 0 15 0 33
2013-08-17T11:00:00 227 26 16 19 4 7 113 3 23 0 48
2013-08-17T12:00:00 283 30 19 26 4 9 157 4 32 2 61
2013-09-12T16:00:00 168 19 22 7 1 10 55 3 22 2 35
2013-09-12T17:00:00 168 20 25 8 2 9 57 3 24 2 37
2013-09-12T18:00:00 153 22 31 6 3 8 54 2 24 3 38
2013-09-12T19:00:00 152 19 31 6 2 7 49 4 27 3 40
2013-09-12T20:00:00 151 21 32 6 12 9 43 4 26 4 43
2013-09-12T21:00:00 168 21 31 9 18 10 35 4 20 3 37
2013-09-12T22:00:00 166 25 31 9 21 10 31 3 20 3 36
2013-09-12T23:00:00 183 34 39 7 21 9 24 4 20 3 38
2013-09-13T00:00:00 186 35 38 7 22 9 23 4 23 2 39
2013-09-13T01:00:00 181 39 39 5 22 9 23 2 19 2 35
2013-09-13T02:00:00 155 36 37 5 12 6 17 2 19 1 30
2013-09-13T03:00:00 119 33 33 3 7 4 14 2 18 1 25
2013-09-13T04:00:00 98 25 27 1 4 1 11 2 14 0 22
2013-09-13T05:00:00 71 15 14 1 3 0 10 1 10 0 14
2013-09-13T06:00:00 52 9 6 1 2 0 5 0 5 0 7
2013-09-13T07:00:00 52 8 2 2 2 0 4 0 5 0 7
2013-09-13T08:00:00 70 8 1 3 3 0 8 0 5 0 12
2013-09-13T09:00:00 98 10 7 2 2 1 11 0 7 0 19
2013-09-13T10:00:00 129 11 13 2 3 3 20 1 8 0 28
2013-09-13T11:00:00 152 11 16 2 4 4 29 2 13 1 33
2013-09-13T12:00:00 173 14 20 5 3 4 42 2 14 1 44
2013-09-13T13:00:00 191 16 24 5 4 6 52 2 15 1 46
2013-10-06T21:00:00 268 50 8 30 7 13 123 1 39 2 106
2013-10-06T22:00:00 248 53 13 28 7 12 96 2 32 3 105
2013-10-06T23:00:00 232 52 17 29 7 11 73 2 33 4 102
2013-10-07T00:00:00 219 54 22 27 6 13 53 2 28 4 85
2013-10-07T01:00:00 194 49 24 21 6 10 41 1 21 4 75
2013-10-07T02:00:00 169 47 23 12 6 6 36 1 19 3 62
2013-10-07T03:00:00 142 36 23 8 6 5 25 1 17 2 48
2013-10-07T04:00:00 111 27 17 4 6 3 18 1 14 1 37
2013-10-07T05:00:00 76 19 12 2 4 2 11 1 7 0 20
2013-10-07T06:00:00 41 11 4 1 3 0 8 1 5 0 13
2013-10-07T07:00:00 32 7 2 1 2 0 7 1 6 0 9
2013-10-07T08:00:00 38 9 3 2 1 1 11 1 5 0 14
2013-10-07T09:00:00 60 13 7 3 1 1 11 2 7 0 21
2013-10-07T10:00:00 84 18 9 3 3 2 21 1 11 0 29
2013-10-07T11:00:00 134 26 10 8 5 2 35 1 18 2 33
2013-10-07T12:00:00 179 34 21 10 5 2 55 1 23 3 41
2013-10-07T13:00:00 209 43 23 16 5 4 73 1 22 3 54
2013-10-07T14:00:00 242 44 28 17 6 4 89 1 25 4 60
2013-10-07T15:00:00 261 44 26 20 7 7 105 0 27 5 63
2013-10-07T16:00:00 286 46 28 22 5 8 109 0 27 5 68
2013-10-07T17:00:00 269 41 32 17 4 10 108 0 21 3 84
2013-10-09T20:00:00 131 22 17 12 3 11 28 2 12 0 36
2013-10-09T21:00:00 130 23 12 13 4 10 26 2 14 0 36
2013-10-09T22:00:00 133 23 10 14 6 10 19 2 11 0 42
2013-10-09T23:00:00 143 26 18 13 6 7 19 2 14 1 39
2013-10-10T00:00:00 144 28 25 12 5 5 21 2 16 1 46
2013-10-10T01:00:00 142 26 26 12 7 4 18 1 16 1 41
2013-10-10T02:00:00 119 19 26 8 6 2 17 0 15 1 33
2013-10-10T03:00:00 99 15 26 7 5 2 14 0 12 1 29
2013-10-10T04:00:00 79 13 24 3 2 1 11 1 10 1 21
2013-10-10T05:00:00 49 8 14 3 2 1 6 1 6 0 16
2013-10-10T06:00:00 29 1 5 2 2 1 4 1 3 0 7
2013-10-10T07:00:00 19 2 6 0 0 1 5 1 4 0 4
2013-10-10T08:00:00 25 2 6 3 0 1 4 1 4 0 8
2013-10-10T09:00:00 37 6 11 4 0 1 5 1 10 0 10
2013-10-10T10:00:00 58 13 17 4 0 2 9 0 12 0 14
2013-10-10T11:00:00 81 16 22 4 0 2 15 1 15 0 18
2013-10-10T12:00:00 99 18 29 5 1 3 23 1 17 0 20
2013-10-10T13:00:00 119 24 35 5 1 2 31 1 19 0 27
2013-10-10T14:00:00 124 25 39 4 3 3 38 1 21 2 27
2013-10-10T15:00:00 137 26 36 5 5 4 44 2 16 2 27
2013-10-10T16:00:00 133 21 35 6 6 7 47 2 18 2 24
2013-10-10T17:00:00 132 21 36 9 6 8 53 1 16 3 27
2013-10-10T18:00:00 130 24 31 10 5 7 49 1 15 3 32
2013-10-17T20:00:00 171 21 22 9 5 6 38 1 27 2 32
2013-10-17T21:00:00 155 18 27 9 7 11 35 1 24 2 24
2013-10-17T22:00:00 145 21 32 8 3 13 29 0 19 2 27
2013-10-17T23:00:00 137 24 41 10 2 15 24 0 19 2 25
2013-10-18T00:00:00 136 26 46 7 2 14 23 0 18 2 27
2013-10-18T01:00:00 123 28 41 7 2 9 20 0 12 2 24
2013-10-18T02:00:00 104 22 37 4 2 9 18 0 12 1 21
2013-10-18T03:00:00 85 17 30 4 0 4 11 0 12 0 19
2013-10-19T09:00:00 76 13 11 8 0 1 23 0 7 1 15
2013-10-19T10:00:00 121 15 17 8 2 4 42 1 14 2 19
2013-10-19T11:00:00 174 14 23 9 2 5 71 1 26 2 27
2013-10-19T12:00:00 240 22 29 12 5 7 109 2 33 3 35
2013-10-19T13:00:00 293 26 34 14 5 9 157 2 44 4 51
2013-10-19T14:00:00 344 27 34 23 5 12 185 2 56 4 52
2013-10-19T15:00:00 379 23 31 22 6 19 222 2 67 4 57
2013-10-19T16:00:00 399 25 32 26 4 18 252 1 67 3 64
2013-10-19T17:00:00 392 28 33 27 5 20 271 2 64 3 64
2013-10-19T18:00:00 378 30 32 34 3 19 260 1 66 2 69
2013-10-19T19:00:00 350 28 30 37 6 17 227 1 59 1 62
2013-10-28T19:00:00 132 12 18 6 3 5 30 1 9 0 25
2013-10-28T20:00:00 134 15 20 6 2 6 27 1 11 1 31
2013-10-28T21:00:00 144 21 20 5 2 5 20 1 13 1 32
2013-10-28T22:00:00 143 23 22 5 3 2 15 1 14 1 30
2013-10-28T23:00:00 142 26 22 4 4 3 13 1 15 1 38
2013-10-29T00:00:00 135 28 24 5 3 3 13 1 16 2 37
2013-10-29T01:00:00 116 29 23 5 2 4 13 1 16 3 32
2013-10-29T02:00:00 97 28 20 4 2 3 9 1 13 2 25
2013-10-29T03:00:00 70 21 18 4 2 3 9 1 11 2 18
2013-10-29T04:00:00 52 16 13 5 1 2 6 1 9 2 15
2013-10-29T05:00:00 39 14 9 4 0 1 5 0 4 2 6
2013-10-29T06:00:00 20 8 4 3 0 1 3 0 1 1 3
2013-10-29T07:00:00 15 8 2 2 0 0 1 0 1 0 4
2013-10-29T08:00:00 28 6 1 2 0 1 2 0 5 0 6
2013-10-29T09:00:00 49 7 4 2 0 2 4 0 5 0 11
2013-10-29T10:00:00 73 8 7 1 0 3 5 0 10 2 13
2013-10-29T11:00:00 92 9 10 1 0 5 10 1 12 2 19
2013-10-29T12:00:00 121 16 15 3 0 6 16 2 14 3 22
2013-10-29T13:00:00 144 17 16 5 0 7 26 2 19 3 23
2013-10-29T14:00:00 155 20 21 5 1 7 34 2 18 3 26
2013-10-29T15:00:00 157 21 21 5 1 6 41 2 20 3 29
2013-10-29T16:00:00 148 24 24 6 1 6 48 3 19 1 28
2013-10-29T17:00:00 143 25 23 7 1 4 50 2 19 2 29
2013-11-02T21:00:00 218 31 20 16 9 8 74 0 28 1 43
2013-11-02T22:00:00 204 29 18 13 7 11 58 0 30 1 42
2013-11-02T23:00:00 202 27 22 12 7 10 39 1 30 1 42
2013-11-03T00:00:00 189 32 22 13 6 11 30 1 31 1 38
2013-11-03T01:00:00 175 34 24 9 3 10 28 1 21 1 38
2013-11-03T02:00:00 151 26 23 6 2 7 28 1 18 1 29
2013-11-03T03:00:00 126 27 22 7 1 6 20 1 18 0 26
2013-11-03T04:00:00 100 27 19 6 0 3 17 1 12 0 21
2013-11-03T05:00:00 70 22 15 4 0 4 10 0 7 0 14
2013-11-03T06:00:00 45 13 9 2 0 2 6 0 4 0 12
2013-11-03T07:00:00 38 10 6 2 1 1 7 0 4 0 11
2013-11-03T08:00:00 45 8 7 4 2 1 10 0 7 0 15
2013-11-03T09:00:00 75 10 6 3 4 2 19 0 13 0 19
2013-11-03T10:00:00 111 15 8 4 5 3 37 1 18 0 23
2013-11-03T11:00:00 155 16 14 8 6 3 60 1 24 0 29
2013-11-03T12:00:00 197 21 20 12 6 5 91 1 29 2 42
2013-11-03T13:00:00 242 25 27 15 5 7 123 1 31 3 48
2013-11-03T14:00:00 272 23 29 19 6 8 143 2 30 3 46
2013-11-03T15:00:00 288 22 33 21 7 8 166 2 31 3 50
2013-11-03T16:00:00 277 21 34 23 6 9 178 2 31 4 51
2013-11-03T17:00:00 268 25 30 25 8 9 184 3 25 5 55
2013-11-03T18:00:00 259 24 29 23 8 8 169 3 25 4 47
2013-11-08T21:00:00 142 27 16 9 5 7 25 2 18 4 27
2013-11-08T22:00:00 134 31 19 9 4 9 17 2 16 3 31
2013-11-08T23:00:00 134 34 20 9 4 9 18 2 17 3 36
2013-11-09T00:00:00 127 41 18 9 2 8 17 1 21 3 33
2013-11-09T01:00:00 115 45 17 10 2 8 18 0 20 3 32
2013-11-09T02:00:00 104 43 13 8 1 6 17 0 17 2 26
2013-11-09T03:00:00 83 39 10 7 0 4 15 0 15 1 21
2013-11-09T04:00:00 70 34 7 5 0 2 13 0 11 1 14
2013-11-09T05:00:00 50 26 6 3 0 1 7 0 8 0 8
2013-11-09T06:00:00 39 19 5 2 0 1 6 0 2 0 3
2013-11-09T07:00:00 29 12 3 1 0 0 6 0 3 0 1
2013-11-09T08:00:00 35 11 4 1 0 1 9 1 6 0 6
2013-11-09T09:00:00 63 13 8 1 1 1 14 1 7 0 14
2013-11-09T10:00:00 93 13 13 2 2 2 20 1 10 0 22
2013-11-09T11:00:00 117 23 19 4 3 3 47 1 14 1 32
2013-11-09T12:00:00 163 34 20 8 5 5 73 2 19 2 44
2013-11-09T13:00:00 198 40 26 12 7 7 99 3 25 2 59
2013-11-09T14:00:00 214 47 27 19 8 8 123 2 32 2 68
2013-11-09T15:00:00 224 46 24 20 8 10 130 2 39 2 64
2013-11-09T16:00:00 228 48 21 24 9 12 144 2 40 2 66
2013-11-09T17:00:00 242 42 15 24 8 14 136 2 43 1 65
2013-11-09T18:00:00 233 42 19 23 8 14 118 1 45 1 59
2013-11-09T19:00:00 224 42 16 23 7 13 99 0 40 1 55
2013-11-09T20:00:00 224 38 15 18 7 12 77 0 33 1 46
2013-11-09T21:00:00 210 38 14 16 6 11 69 1 26 2 50
2013-11-13T18:00:00 110 21 17 8 6 7 22 2 13 0 35
2013-11-13T19:00:00 116 28 20 6 6 5 13 3 14 0 38
2013-11-13T20:00:00 117 26 17 8 6 3 16 3 13 1 31
2013-11-13T21:00:00 113 30 15 7 5 3 16 3 13 1 28
2013-11-13T22:00:00 104 31 15 7 7 4 16 2 16 1 28
2013-11-13T23:00:00 108 34 19 9 5 4 19 2 20 1 22
2013-11-14T00:00:00 108 39 21 11 5 4 18 1 23 1 30
2013-11-14T01:00:00 93 33 22 10 5 5 22 0 21 1 25
2013-11-14T02:00:00 79 32 26 7 3 4 17 0 21 0 23
2013-11-14T08:00:00 21 10 5 1 0 1 6 2 5 0 7
2013-11-14T09:00:00 32 10 6 2 0 1 10 2 7 0 10
2013-11-14T10:00:00 47 14 7 2 1 1 14 2 12 1 23
2013-11-14T11:00:00 65 13 11 2 1 1 15 2 13 1 26
2013-11-14T12:00:00 83 17 16 2 2 1 23 4 16 1 34
2013-11-14T13:00:00 93 15 20 3 2 2 27 2 16 1 34
2013-11-14T14:00:00 101 20 25 3 3 1 28 3 20 1 34
2013-11-14T15:00:00 103 27 27 5 3 1 32 3 22 1 40
2013-11-14T16:00:00 107 29 28 5 2 4 32 3 22 0 30
2013-11-14T17:00:00 102 30 25 7 3 7 34 4 23 0 30
2013-11-23T21:00:00 188 30 14 18 8 15 28 0 39 4 55
2013-11-23T22:00:00 178 27 17 18 6 11 27 0 34 4 53
2013-11-23T23:00:00 167 33 14 19 3 13 24 0 38 5 52
2013-11-24T00:00:00 144 37 16 19 2 12 21 1 28 5 59
2013-11-24T01:00:00 136 37 17 20 2 14 20 1 24 3 59
2013-11-24T02:00:00 122 38 15 18 2 13 17 1 22 3 50
2013-11-24T03:00:00 105 35 16 14 1 9 11 1 22 2 31
2013-11-24T04:00:00 80 33 13 12 1 9 7 1 15 2 27
2013-11-24T05:00:00 53 22 12 8 1 5 4 1 7 1 21
2013-11-24T06:00:00 34 16 8 3 0 5 1 0 4 1 12
2013-11-24T07:00:00 26 11 4 1 0 0 3 0 5 1 8
2013-11-24T08:00:00 23 12 5 1 0 1 3 0 5 1 11
2013-11-24T09:00:00 42 16 7 1 0 2 7 0 7 1 14
2013-11-24T10:00:00 62 22 8 1 2 2 15 0 13 1 23
2013-11-24T11:00:00 88 27 12 2 3 3 22 0 16 1 23
2013-11-24T12:00:00 117 36 16 5 4 5 34 0 21 2 26
2013-11-24T13:00:00 153 40 18 8 7 6 43 0 22 2 30
2013-11-24T14:00:00 167 38 18 12 7 8 54 0 23 2 26
2013-11-24T15:00:00 165 35 17 14 8 7 61 0 22 1 31
2013-11-24T16:00:00 173 30 18 15 7 8 62 0 18 2 28
2013-11-24T17:00:00 169 30 17 17 8 7 63 0 20 3 36
2013-11-24T18:00:00 176 23 13 16 8 7 53 0 16 3 38
2013-11-24T19:00:00 160 19 12 13 5 6 47 0 16 3 34
2013-12-08T08:00:00 35 8 5 2 0 0 6 0 7 0 6
2013-12-08T09:00:00 52 14 6 0 0 1 8 0 12 1 15
2013-12-08T10:00:00 75 16 10 0 0 1 12 1 16 1 24
2013-12-08T11:00:00 105 20 14 2 0 2 19 1 21 3 28
2013-12-08T12:00:00 138 22 17 3 0 4 34 1 27 3 35
2013-12-08T13:00:00 165 27 18 3 1 6 46 1 31 3 36
2013-12-08T14:00:00 194 22 18 7 2 7 57 1 35 4 37
2013-12-08T15:00:00 201 20 22 10 2 6 64 1 31 3 35
2013-12-08T16:00:00 203 24 19 11 2 7 70 0 37 3 33
2013-12-08T17:00:00 196 30 16 12 3 10 78 0 36 2 33
2013-12-08T18:00:00 196 35 18 12 5 10 67 0 34 2 35
2013-12-08T19:00:00 190 34 19 15 4 10 57 0 30 2 39
2013-12-08T20:00:00 170 35 20 14 3 11 45 1 31 1 41
2013-12-08T21:00:00 160 35 19 13 3 11 35 3 32 1 35
2013-12-08T22:00:00 154 34 17 13 3 11 30 3 26 2 32
2013-12-08T23:00:00 151 31 25 11 2 7 18 3 23 2 34
2013-12-09T00:00:00 137 34 27 11 0 5 15 3 24 2 30
2013-12-09T01:00:00 125 33 29 8 1 3 13 3 23 2 28
2013-12-09T02:00:00 109 35 30 5 1 1 12 2 18 2 25
2013-12-09T03:00:00 96 33 26 3 1 1 13 0 14 2 25
2013-12-09T04:00:00 76 28 27 2 1 0 8 0 10 1 20
2013-12-09T05:00:00 55 21 18 1 1 0 5 0 9 0 13
2013-12-09T06:00:00 35 13 10 0 1 0 3 0 3 0 8
2013-12-25T07:00:00 22 4 7 0 0 1 0 1 2 0 10
2013-12-25T08:00:00 21 4 7 0 0 0 0 1 2 0 5
2013-12-25T09:00:00 37 6 11 0 0 1 3 0 6 1 6
2013-12-25T10:00:00 49 6 14 0 0 1 4 0 11 1 12
2013-12-25T11:00:00 64 12 18 0 0 2 10 0 15 1 13
2013-12-25T12:00:00 82 15 22 0 1 2 12 1 16 1 16
2013-12-25T13:00:00 89 18 22 3 1 3 17 1 18 1 21
2013-12-25T14:00:00 102 19 20 4 3 3 23 1 20 1 24
2013-12-25T15:00:00 94 19 21 5 3 2 22 2 18 0 23
2013-12-25T16:00:00 92 21 19 7 3 3 26 2 13 0 20
2013-12-25T17:00:00 93 18 14 8 3 3 24 2 13 0 24
2013-12-25T18:00:00 91 17 12 8 2 4 25 2 15 0 23
2013-12-25T19:00:00 107 19 16 7 3 5 21 2 14 0 19
2013-12-25T20:00:00 111 23 17 9 1 9 17 2 13 1 20
2013-12-25T21:00:00 118 25 15 11 1 11 21 1 14 1 23
2013-12-25T22:00:00 123 31 17 11 1 11 20 1 17 2 25
2013-12-25T23:00:00 129 33 26 12 2 12 17 2 18 2 26
2013-12-26T00:00:00 141 38 35 16 4 11 16 1 21 2 31
2013-12-26T01:00:00 121 35 37 14 3 10 17 1 24 2 30
2013-12-26T02:00:00 106 30 38 12 3 7 16 1 25 1 28
2013-12-26T03:00:00 90 27 35 9 3 6 11 1 23 1 24
2013-12-26T04:00:00 69 19 32 7 3 5 7 1 20 0 20
2014-01-04T12:00:00 99 16 11 6 3 4 38 2 20 2 28
2014-01-04T13:00:00 127 21 13 8 3 4 55 2 21 2 30
2014-01-04T14:00:00 143 18 14 12 4 4 69 3 21 2 39
2014-01-04T15:00:00 162 24 15 14 7 6 82 3 22 3 46
2014-01-04T16:00:00 169 26 20 14 6 6 95 3 23 2 43
2014-01-04T17:00:00 162 32 18 15 7 6 95 2 24 3 42
2014-01-04T18:00:00 156 34 19 18 7 6 98 1 23 3 43
2014-01-04T19:00:00 146 30 17 18 8 9 86 1 26 3 45
2014-01-04T20:00:00 144 36 17 16 6 8 77 0 28 3 41
2014-01-04T21:00:00 128 37 21 15 4 8 66 0 27 2 32
2014-01-04T22:00:00 129 40 18 15 4 8 50 0 26 2 32
2014-01-04T23:00:00 135 46 21 12 3 8 44 0 22 2 33
2014-01-05T00:00:00 144 43 22 9 3 6 39 0 23 2 33
2014-01-05T01:00:00 139 48 23 9 3 4 40 0 21 3 30
2014-01-05T02:00:00 123 43 23 7 3 6 37 0 19 3 24
2014-01-05T03:00:00 113 37 18 6 3 4 30 0 15 3 21
2014-01-05T04:00:00 95 28 15 4 2 4 24 0 14 3 19
2014-01-05T05:00:00 75 15 10 4 2 3 18 0 11 2 12
2014-01-05T06:00:00 44 10 6 6 2 3 11 0 6 1 8
2014-01-06T01:00:00 118 36 32 6 2 7 17 0 15 2 40
2014-01-06T02:00:00 107 32 31 5 2 4 15 0 16 2 34
2014-01-06T03:00:00 87 34 25 5 2 2 12 0 16 2 31
2014-01-06T04:00:00 70 30 20 4 2 2 9 0 10 2 26
2014-01-06T05:00:00 40 23 14 3 2 1 9 0 7 0 22
2014-01-06T06:00:00 26 17 8 2 2 1 5 0 4 0 16
2014-01-06T07:00:00 19 14 4 0 2 1 1 0 3 0 10
2014-01-06T08:00:00 27 19 0 1 0 1 2 0 1 0 11
2014-01-06T09:00:00 38 19 1 2 1 1 5 0 2 1 11
2014-01-06T10:00:00 48 22 4 2 1 2 8 0 3 1 12
2014-01-06T11:00:00 74 23 7 3 1 5 12 0 7 2 18
2014-01-06T12:00:00 94 26 9 4 1 5 20 0 11 2 23
2014-01-06T13:00:00 117 28 16 4 1 8 30 0 11 2 25
2014-01-06T14:00:00 132 28 22 3 1 9 38 0 13 2 30
2014-01-06T15:00:00 146 26 23 2 2 11 37 0 15 1 36
2014-01-06T16:00:00 155 29 29 3 3 12 42 0 18 2 41
2014-01-06T17:00:00 151 30 34 2 3 11 46 1 17 2 38
2014-01-06T18:00:00 154 38 38 2 3 13 41 1 15 2 37
2014-01-06T19:00:00 151 39 36 3 4 14 38 1 16 3 46
2014-01-06T20:00:00 155 40 41 5 5 16 33 2 17 5 49
2014-01-06T21:00:00 161 46 43 6 3 16 34 2 20 7 50
2014-01-06T22:00:00 167 52 41 6 2 16 34 2 18 8 53
2014-01-06T23:00:00 190 58 38 6 2 20 31 1 23 7 57
2014-01-07T09:00:00 53 15 11 3 3 7 6 1 7 0 12
2014-01-07T10:00:00 71 19 15 5 4 9 14 1 11 1 19
2014-01-17T03:00:00 96 17 9 7 3 4 15 0 11 4 19
2014-01-17T04:00:00 72 11 8 5 2 4 15 0 9 4 14
2014-01-17T05:00:00 46 1 6 3 0 3 10 0 7 0 10
2014-01-17T06:00:00 35 0 4 1 0 3 7 0 4 0 6
2014-01-17T07:00:00 27 3 2 1 0 2 2 0 4 0 3
2014-01-17T08:00:00 34 5 2 1 0 4 4 0 1 0 6
2014-01-17T09:00:00 55 13 3 0 2 5 6 0 5 0 10
2014-01-17T10:00:00 71 15 6 1 3 6 13 0 6 0 16
2014-01-17T11:00:00 97 20 8 2 3 6 17 0 10 0 23
2014-01-17T12:00:00 120 24 11 4 3 7 22 0 12 0 27
2014-01-17T13:00:00 139 25 16 4 3 9 28 0 14 1 32
2014-01-17T14:00:00 152 27 18 7 4 10 31 0 14 1 35
2014-01-17T15:00:00 163 21 17 9 3 11 38 0 13 1 33
2014-01-17T16:00:00 171 24 14 10 3 11 38 1 17 1 36
2014-01-17T17:00:00 167 24 13 10 3 12 40 1 15 2 33
2014-01-17T18:00:00 170 28 12 10 3 12 41 1 17 2 32
2014-01-17T19:00:00 167 28 8 13 3 10 39 1 20 1 33
2014-01-17T20:00:00 166 33 8 13 2 9 40 1 23 1 33
2014-01-17T21:00:00 160 37 9 15 3 8 38 1 24 2 38
2014-01-17T22:00:00 165 44 9 16 3 10 34 0 22 2 34
2014-01-17T23:00:00 176 49 7 16 3 8 31 0 23 2 35
2014-01-18T00:00:00 172 46 11 18 3 9 30 0 27 2 34
2014-01-19T08:00:00 40 5 5 0 0 6 5 0 5 1 3
2014-01-19T09:00:00 47 7 7 0 2 8 7 0 6 2 5
2014-01-19T10:00:00 77 10 8 1 2 6 11 1 10 2 10
2014-01-19T11:00:00 110 13 9 3 3 9 20 1 12 2 16
2014-01-19T12:00:00 124 19 9 5 3 16 32 1 16 2 21
2014-01-19T13:00:00 145 28 11 7 5 19 45 1 22 2 29
2014-01-19T14:00:00 165 30 11 9 6 19 49 1 24 1 36
2014-01-19T15:00:00 186 32 13 11 4 17 61 1 28 0 38
2014-01-19T16:00:00 195 30 12 11 5 18 69 0 26 1 38
2014-01-19T17:00:00 186 33 12 10 5 17 71 0 32 1 38
2014-01-19T18:00:00 183 32 13 9 5 11 66 0 30 2 43
2014-01-19T19:00:00 183 29 12 10 4 8 58 0 30 2 41
2014-01-19T20:00:00 174 34 11 10 4 12 53 0 28 2 40
2014-01-19T21:00:00 165 35 7 9 4 13 43 0 24 5 48
2014-01-23T15:00:00 143 29 6 15 3 11 44 0 29 4 51
2014-01-23T16:00:00 150 31 4 14 3 12 45 0 26 5 51
2014-01-23T17:00:00 151 33 3 9 5 10 37 0 25 4 47
2014-01-23T18:00:00 142 31 3 8 6 8 34 0 26 3 36
2014-01-23T19:00:00 134 30 3 6 6 8 33 0 20 4 40
2014-01-23T20:00:00 141 29 3 9 6 11 28 0 19 4 36
2014-01-23T21:00:00 134 33 4 8 6 12 21 0 19 3 39
2014-01-23T22:00:00 129 33 4 7 6 13 17 0 23 2 36
2014-01-23T23:00:00 132 40 4 9 5 16 16 0 22 4 33
2014-01-24T00:00:00 128 40 6 7 3 15 14 0 18 5 33
2014-01-24T01:00:00 124 37 6 6 3 13 10 0 17 4 25
2014-01-24T02:00:00 111 35 5 3 2 8 10 0 16 4 25
2014-01-24T03:00:00 94 28 3 3 1 8 7 0 14 4 17
2014-01-24T04:00:00 74 25 3 4 1 7 6 0 9 4 14
2014-01-24T05:00:00 49 14 3 1 0 3 5 0 7 2 12
2014-01-24T06:00:00 38 11 1 1 0 3 4 0 4 1 9
2014-01-24T07:00:00 23 9 0 1 0 2 5 0 3 1 6
2014-01-24T08:00:00 27 11 0 3 0 2 6 0 2 0 3
2014-01-24T09:00:00 46 12 3 3 1 1 7 0 3 0 7
2014-01-24T10:00:00 59 13 4 2 1 0 10 0 6 1 15
2014-01-24T11:00:00 78 19 4 4 1 2 16 0 8 1 18
2014-01-24T12:00:00 88 21 4 6 1 3 20 0 13 1 22
2014-01-24T13:00:00 98 22 4 6 1 3 22 0 19 1 28
2014-02-01T11:00:00 88 20 3 3 5 7 22 1 9 1 24
2014-02-01T12:00:00 124 26 5 5 6 6 39 1 16 1 34
2014-02-01T13:00:00 146 37 5 8 8 8 51 2 17 3 38
2014-02-01T14:00:00 168 38 5 8 9 9 66 3 23 3 44
2014-02-01T15:00:00 189 42 7 9 10 9 78 3 21 3 44
2014-02-01T16:00:00 195 46 7 12 10 10 85 2 20 3 51
2014-02-01T17:00:00 189 41 6 11 6 10 84 3 22 3 51
2014-02-01T18:00:00 174 43 4 12 7 12 76 3 18 4 53
2014-02-01T19:00:00 161 39 5 12 6 11 69 2 20 3 50
2014-02-01T20:00:00 146 41 4 18 8 9 60 1 18 3 46
2014-02-01T21:00:00 131 38 3 19 8 10 50 1 19 4 44
2014-02-01T22:00:00 126 38 2 17 10 9 49 1 19 4 40
2014-02-01T23:00:00 125 44 2 17 11 9 44 0 18 3 39
2014-02-02T00:00:00 118 44 5 16 10 10 36 0 19 3 35
2014-02-02T01:00:00 118 39 4 13 9 13 32 1 19 3 38
2014-02-02T02:00:00 115 35 5 7 6 14 27 1 17 4 34
2014-02-02T03:00:00 98 34 4 5 4 12 21 1 17 3 28
2014-02-02T04:00:00 78 27 5 4 2 11 13 1 14 3 21
2014-02-02T05:00:00 56 16 5 2 1 10 7 1 11 3 17
2014-02-02T06:00:00 38 8 2 0 0 7 6 1 8 2 9
2014-02-02T07:00:00 24 5 2 0 0 3 6 0 5 1 4
2014-02-02T08:00:00 23 8 1 0 1 3 3 0 3 0 5
2014-02-02T09:00:00 31 7 1 1 1 4 7 0 4 1 10
2014-03-28T18:00:00 123 20 18 11 9 10 41 3 17 0 38
2014-03-28T19:00:00 116 23 19 13 8 9 37 3 22 0 36
2014-03-28T20:00:00 124 26 20 12 6 6 36 3 22 0 35
2014-03-28T21:00:00 136 26 17 11 8 8 33 2 21 0 35
2014-03-28T22:00:00 149 24 16 13 6 11 29 1 25 0 46
2014-03-28T23:00:00 161 29 14 14 6 12 25 1 27 1 56
2014-03-29T00:00:00 161 38 22 14 5 12 25 0 27 3 55
2014-03-29T01:00:00 158 39 24 12 5 13 21 0 20 3 54
2014-10-31T06:00:00 48 17 17 3 1 5 10 2 4 0 12
2014-10-31T07:00:00 36 5 8 2 2 5 8 1 2 0 10
2014-10-31T08:00:00 41 8 10 1 1 4 10 1 1 0 13
2014-10-31T09:00:00 66 10 15 2 1 5 16 1 2 1 18
2014-10-31T10:00:00 81 17 21 2 1 6 18 2 4 1 21
2014-10-31T11:00:00 107 17 32 2 1 6 21 1 10 1 24
2014-10-31T12:00:00 123 21 39 3 1 6 36 1 15 1 28
2014-10-31T13:00:00 146 28 46 3 0 7 45 2 17 1 29
2014-10-31T14:00:00 162 29 48 6 0 8 53 2 18 2 30
2014-10-31T15:00:00 156 30 46 7 1 7 53 2 19 1 31
2014-10-31T16:00:00 154 28 43 7 2 5 60 1 23 1 35
2014-10-31T17:00:00 152 30 37 7 2 5 63 2 20 1 37
2014-10-31T18:00:00 171 30 34 6 3 6 57 2 17 1 35
2014-10-31T19:00:00 173 30 31 7 4 5 54 1 17 1 40
2014-10-31T20:00:00 188 34 35 7 4 7 47 1 17 0 43
2014-10-31T21:00:00 194 43 37 6 3 9 50 3 19 0 51
2014-10-31T22:00:00 213 52 40 6 2 11 48 5 20 1 56
2014-10-31T23:00:00 234 63 39 5 4 13 47 4 23 2 59
2014-11-01T00:00:00 233 67 44 8 7 13 45 4 27 2 71
2014-11-01T01:00:00 232 69 50 7 7 13 40 4 30 2 69
2014-11-01T04:00:00 170 38 36 4 9 5 19 1 20 1 39
2014-11-01T05:00:00 128 25 33 4 8 2 13 1 14 0 30
2014-10-25T07:00:00 50 14 9 5 1 2 6 0 3 0 8
2014-10-25T08:00:00 47 15 9 7 2 1 11 0 4 2 10
2014-10-25T09:00:00 66 23 18 6 4 2 19 0 8 3 12
2014-10-25T10:00:00 91 32 25 5 5 2 29 0 12 4 19
2014-10-25T11:00:00 127 35 32 9 5 6 51 0 20 5 30
2014-10-25T12:00:00 155 46 39 11 5 6 73 0 27 5 38
2014-10-25T13:00:00 184 49 43 15 6 8 92 0 27 6 50
2014-10-25T14:00:00 200 49 50 16 6 8 105 0 34 4 55
2014-10-25T15:00:00 208 46 49 17 6 9 129 0 35 3 57
2014-10-25T16:00:00 210 42 47 16 6 11 135 0 39 4 58
2014-10-25T17:00:00 218 46 44 14 7 8 146 0 35 4 61
2014-10-25T18:00:00 218 42 43 15 9 10 134 0 34 4 61
2014-10-25T19:00:00 212 44 47 14 8 9 118 0 35 3 60
2014-10-25T20:00:00 220 43 44 16 6 11 106 0 32 4 59
2014-10-25T21:00:00 212 44 45 18 4 11 82 0 29 4 67
2014-10-25T22:00:00 214 48 52 19 4 10 84 1 26 3 69
2014-10-25T23:00:00 213 54 53 17 6 10 67 2 33 4 66
2014-10-26T00:00:00 228 59 60 17 6 8 63 3 33 4 70
2014-10-26T01:00:00 223 53 57 21 6 8 61 5 33 4 66
2014-10-26T02:00:00 200 52 58 18 6 6 56 5 27 3 61
2014-10-26T03:00:00 175 51 52 16 6 5 49 6 29 3 48
2014-10-26T04:00:00 141 44 41 15 5 4 30 5 24 2 39
2014-10-26T05:00:00 102 29 35 14 3 4 16 4 13 0 29
2014-10-19T21:00:00 224 54 41 13 7 9 59 4 18 2 55
2014-10-19T22:00:00 245 54 50 14 6 8 49 2 23 2 55
2014-10-19T23:00:00 245 57 54 15 6 7 41 2 28 1 58
2014-10-20T00:00:00 230 51 60 14 7 6 38 1 30 0 54
2014-10-20T01:00:00 225 48 58 11 6 6 31 2 31 0 51
2014-10-20T02:00:00 187 39 58 11 4 4 28 2 30 0 49
2014-10-20T03:00:00 138 31 53 8 4 3 24 2 25 0 42
2014-10-20T04:00:00 92 25 41 5 2 2 19 2 18 0 35
2014-10-20T05:00:00 67 17 32 2 1 1 14 1 11 1 24
2014-10-20T06:00:00 42 12 22 1 0 0 7 1 6 1 18
2014-10-20T07:00:00 27 11 18 1 0 0 5 0 2 2 18
2014-10-20T08:00:00 43 20 15 1 3 0 7 1 4 2 23
2014-10-20T09:00:00 59 25 23 2 4 2 17 1 7 4 29
2014-10-20T10:00:00 75 32 34 3 4 2 27 1 14 4 37
2014-10-20T11:00:00 95 39 42 4 5 3 39 2 18 3 39
2014-10-20T16:00:00 130 28 43 9 4 7 53 2 17 0 30
2014-10-20T20:00:00 120 29 44 7 1 3 42 0 14 0 37
2014-10-20T21:00:00 123 35 43 8 0 3 44 0 17 0 36
2014-10-20T22:00:00 136 42 45 6 1 4 36 0 18 2 40
2014-10-20T23:00:00 151 43 46 6 1 5 36 2 23 3 44
2014-10-10T23:00:00 161 45 50 9 11 7 48 1 19 2 46
2014-10-11T00:00:00 169 53 52 8 10 7 48 1 20 2 49
2014-10-11T01:00:00 171 48 49 8 9 8 49 1 21 1 47
2014-10-11T02:00:00 161 45 52 7 8 8 46 1 19 1 43
2014-10-11T03:00:00 143 37 45 3 9 6 37 2 16 0 34
2014-10-11T04:00:00 115 28 39 2 6 6 22 2 10 0 30
2014-10-11T05:00:00 87 20 25 2 2 4 14 1 8 0 25
2014-10-11T06:00:00 60 8 18 1 1 3 9 1 5 0 20
2014-10-11T07:00:00 50 12 14 0 1 1 8 1 6 0 18
2014-10-11T08:00:00 53 15 14 2 1 2 12 1 11 1 28
2014-10-11T09:00:00 79 28 25 3 0 3 23 0 12 1 31
2014-10-11T10:00:00 113 39 38 4 1 5 37 1 13 1 36
2014-10-11T11:00:00 145 43 49 4 1 8 48 1 18 1 39
2014-10-11T12:00:00 166 54 55 6 1 11 56 1 22 2 39
2014-10-11T13:00:00 180 50 62 7 2 12 66 1 24 2 39
2014-10-11T14:00:00 190 47 62 8 2 10 67 1 28 2 29
2014-10-11T15:00:00 173 38 57 7 3 10 60 1 28 2 30
2014-10-11T16:00:00 168 30 47 7 2 10 57 0 32 3 33
2014-10-11T17:00:00 160 30 44 7 3 9 57 0 33 3 37
2014-10-11T18:00:00 149 24 45 7 4 6 57 3 33 2 38
