2014-07-09T20:00:00 0.420285799337 0.579714200663 1 2 3 5202 0.000192233756248 0.000384467512495
2014-07-10T08:00:00 0.291151954352 0.708848045648 1 15 16 6083 0.000164392569456 0.00246588854184
2014-07-11T08:00:00 0.237774044624 0.762225955376 0 6 6 6409 0.0 0.000936183491964
2014-07-13T08:00:00 0.303642328335 0.696357671665 0 2 2 9152 0.0 0.000218531468531
2014-07-19T08:00:00 0.341761799772 0.658238200228 0 1 1 5390 0.0 0.000185528756957
2014-07-21T08:00:00 0.0 0.0 0 0 0 5275 0.0 0.0
2014-07-26T20:00:00 0.146041694348 0.853958305652 0 1 1 6235 0.0 0.000160384923817
2014-08-03T20:00:00 0 0 0 0 0 4406 0.0 0.0
2014-08-05T08:00:00 0.320231208363 0.679768791637 0 3 3 2899 0.0 0.00103483959986
2014-08-07T08:00:00 0.0 0.0 0 0 0 4445 0.0 0.0
2014-08-09T20:00:00 0.300499427956 0.699500572044 0 3 3 9253 0.0 0.00032421917216
2014-08-12T20:00:00 0.527141510321 0.472858489679 1 1 2 15721 6.36091851663e-05 6.36091851663e-05
2014-08-14T08:00:00 0.341761799772 0.658238200228 0 1 1 7203 0.0 0.000138831042621
2014-08-16T08:00:00 0.257966347143 0.742033652857 0 5 5 8645 0.0 0.000578368999422
