2014-07-07T20:00:00 0.644759400519 0.355240599481 4 1 5 4153 0.000963159162052 0.000240789790513
2014-07-17T20:00:00 0.276059927145 0.723940072855 0 4 4 5656 0.0 0.000707213578501
2014-07-28T03:00:00 0.102455299788 0.897544700212 0 1 1 7986 0.0 0.000125219133484
2014-07-30T20:00:00 0 0 0 0 0 2104 0.0 0.0
2014-08-01T08:00:00 0 0 0 0 0 1986 0.0 0.0
2014-08-21T08:00:00 0.634773957637 0.365226042363 12 2 14 19069 0.000629293617914 0.000104882269652
2014-08-30T08:00:00 0.445864212082 0.554135787918 3 4 7 11005 0.000272603362108 0.000363471149478
2014-09-05T20:00:00 0.397682830407 0.602317169593 2 3 5 9858 0.000202880908906 0.00030432136336
2014-09-07T08:00:00 0.498572061421 0.501427938579 1 1 2 8253 0.000121168060099 0.000121168060099
2014-09-20T19:00:00 0.254096261968 0.745903738032 1 6 7 8234 0.00012144765606 0.000728685936361
